0.0 9.91
1.55 0.03
2.06 2.65
2.85 3.92
3.51 3.61
4.01 3.61
5.75 5.07
8.17 6.88
10.73 5.98
11.47 8.01
13.2 10.0
15.74 7.84
18.79 8.32
21.65 8.22
24.08 8.25
25.21 8.36
26.63 6.29
27.22 10.0
28.58 5.47
30.13 7.95
32.96 3.36
34.85 8.83
36.42 7.18
38.23 10.69
40.03 8.92
41.95 11.42
43.68 10.04
45.52 8.84
47.57 9.19
49.88 11.87
51.58 10.54
53.81 10.64
55.65 10.48
57.56 10.41
59.61 9.25
61.69 8.51
63.64 8.99
65.69 7.83
67.65 10.04
69.57 5.81
71.53 8.05
73.66 7.76
75.71 7.41
77.57 6.07
79.52 7.46
81.54 7.93
83.59 10.44
85.53 7.02
87.58 0.12
89.52 8.77
91.52 9.86
93.53 5.85
95.62 10.04
97.71 10.63
99.86 10.16
101.56 7.92
103.52 11.9
107.42 7.21
112.31 7.59
116.81 8.42
117.62 11.48
119.08 6.98
119.66 10.0
123.78 9.23
125.59 7.69
126.25 8.03
127.09 7.01
129.01 8.17
132.3 8.97
133.77 10.21
134.47 9.6
135.31 8.59
136.54 10.99
138.86 9.18
140.55 12.01
142.14 8.95
143.66 11.45
145.91 0.01
148.16 9.49
149.91 8.88
151.92 8.9
153.7 9.04
155.65 10.94
157.78 10.34
159.63 8.09
161.67 10.17
163.52 12.77
165.77 11.0
167.61 11.32
169.77 8.84
173.52 10.1
176.87 8.69
180.7 8.4
184.46 10.94
185.43 9.87
186.26 8.02
186.95 8.21
187.8 9.87
188.91 10.39
191.04 7.15
193.83 9.85
195.04 12.23
196.68 10.61
198.57 6.3
200.17 10.12
202.26 8.05
203.9 10.86
205.79 10.56
207.77 8.37
209.77 9.06
211.82 10.43
215.73 1.4
216.53 8.86
217.77 7.59
220.01 7.06
221.8 5.59
223.77 6.1
225.88 9.84
228.67 7.45
229.92 8.8
231.99 8.93
233.82 10.46
235.76 9.56
237.91 8.95
239.77 7.61
241.9 9.05
243.95 6.96
245.79 7.84
248.04 10.18
249.77 9.29
251.93 8.82
253.77 5.56
255.77 8.93
257.98 5.22
260.01 2.65
261.93 8.64
263.77 6.92
266.09 7.83
267.77 10.89
269.91 1.78
271.78 9.0
273.81 8.25
275.86 7.52
277.9 7.79
279.87 8.58
281.78 7.69
283.86 8.12
285.92 7.63
288.31 5.08
290.2 9.96
291.92 8.49
293.78 6.65
296.15 7.82
298.29 1.26
299.92 8.98
302.08 6.03
304.36 8.06
306.15 7.93
307.87 7.59
309.99 6.98
311.99 1.76
313.85 7.21
315.79 7.11
317.77 6.52
319.77 6.26
321.77 7.71
323.87 8.99
325.93 11.72
327.86 7.74
330.57 8.04
333.07 4.8
334.22 7.13
335.83 6.72
337.82 6.65
339.8 7.44
341.88 7.71
343.82 8.04
345.87 9.83
348.64 6.06
350.78 1.55
353.9 6.94
358.37 8.86
360.31 8.03
361.16 7.99
362.66 8.65
364.48 10.73
365.11 9.81
366.05 9.81
368.33 10.53
369.95 7.98
371.87 11.05
373.93 8.35
376.04 10.13
377.9 11.1
379.95 11.6
381.89 2.69
383.85 8.58
385.78 10.78
387.83 9.38
389.87 11.63
392.07 9.9
393.9 9.24
395.91 6.88
397.97 6.68
399.87 11.17
401.91 10.59
403.9 8.38
406.14 9.12
407.81 8.37
409.83 8.22
411.77 8.67
414.33 7.34
416.02 9.27
418.56 8.76
420.04 5.29
422.12 6.75
423.99 7.36
426.1 9.1
428.04 9.1
430.19 0.26
432.06 6.4
434.29 0.05
436.02 5.64
438.17 6.81
440.03 6.81
442.09 5.3
444.11 8.25
446.16 6.17
448.2 10.12
450.26 8.33
452.11 7.62
454.04 7.62
456.02 7.62
458.03 0.05
465.49 1.18
466.79 1.98
467.55 1.58
469.29 2.46
471.23 3.11
473.26 2.79
475.31 3.67
477.19 4.03
479.2 4.06
481.34 3.93
483.29 3.52
485.36 5.03
487.2 4.31
489.43 4.77
491.38 5.42
493.21 6.1
495.22 5.68
497.32 9.1
499.19 9.65
501.22 2.25
503.2 8.06
505.2 7.16
507.36 9.37
509.19 2.46
511.19 8.07
513.19 5.83
515.37 7.67
517.19 1.38
519.24 8.37
521.19 9.05
524.03 7.27
527.73 1.15
532.06 7.25
533.41 7.61
536.52 10.05
537.53 8.83
538.2 7.38
542.06 9.98
545.17 8.98
548.63 10.88
550.7 8.27
552.48 10.65
553.5 11.12
554.14 10.84
556.07 9.28
558.75 8.36
561.73 11.02
562.83 10.04
564.25 7.5
565.99 11.41
567.99 10.19
570.39 10.83
572.19 8.95
573.92 12.2
575.9 12.53
578.15 12.45
579.89 9.9
582.65 8.39
586.64 6.21
590.14 8.56
593.44 10.5
594.07 14.17
594.67 10.31
596.03 11.68
597.46 11.34
599.44 11.55
601.22 1.93
602.52 9.99
603.95 8.41
606.29 12.46
607.93 12.35
609.86 9.83
611.89 9.73
614.21 12.03
616.22 1.42
618.26 10.84
620.09 7.57
621.95 10.69
624.1 9.17
626.03 11.73
627.92 11.48
629.87 11.34
631.95 11.71
634.02 13.1
636.22 12.74
637.91 9.67
639.87 11.28
641.93 10.78
646.1 0.38
648.09 11.76
651.08 9.51
654.1 11.21
655.77 11.16
657.64 9.7
659.12 9.78
661.52 9.41
664.15 8.27
664.79 12.53
665.5 10.38
667.04 12.32
669.3 9.81
671.13 11.64
673.02 10.84
674.62 10.84
676.44 7.64
678.2 12.3
680.28 11.22
682.12 10.49
684.17 10.14
686.11 11.36
688.1 7.2
690.21 10.5
692.1 9.65
694.11 8.92
696.16 9.13
698.1 9.92
700.34 10.52
702.1 10.54
704.13 11.56
706.27 0.14
708.14 11.12
710.16 8.19
712.21 10.62
714.25 8.76
716.2 11.27
718.26 9.15
720.22 8.46
722.56 10.58
724.29 9.83
726.16 0.34
728.14 13.57
730.32 12.02
732.6 11.8
734.86 9.55
738.0 11.26
739.97 10.82
742.81 10.28
745.02 12.36
747.53 10.52
749.13 8.77
750.39 10.37
752.65 11.6
755.12 8.81
757.78 10.29
759.81 11.38
762.67 10.0
763.68 12.29
765.1 9.13
766.64 4.75
768.33 10.49
770.0 9.0
771.74 10.59
773.62 10.07
776.18 10.09
776.86 9.67
778.97 8.29
781.05 6.68
782.22 11.55
784.15 11.55
786.17 11.55
788.14 10.95
790.18 11.83
792.13 8.74
794.18 11.64
796.22 2.14
798.17 10.43
800.32 12.68
802.1 9.96
804.41 11.37
806.25 11.19
808.21 10.89
810.35 0.04
812.21 12.88
814.34 10.12
816.1 2.38
818.23 10.61
820.28 3.16
822.32 5.96
824.13 5.2
826.11 4.07
828.92 5.06
831.12 5.0
834.11 6.55
836.79 6.62
837.88 4.79
839.02 6.99
841.06 5.1
842.61 5.38
844.05 5.98
846.23 5.08
848.31 5.91
850.16 7.1
852.2 7.03
854.12 6.99
856.29 6.49
