0.0 56.41
1.17 20.62
3.2 20.37
5.19 33.53
7.17 28.56
9.17 36.7
11.16 15.03
13.16 25.89
15.16 46.18
17.16 40.34
19.19 28.86
21.17 47.48
23.17 47.95
25.17 28.29
27.19 47.53
29.17 45.41
31.19 52.31
33.16 54.41
35.16 60.83
37.17 71.41
39.16 53.42
41.17 0.77
43.16 68.65
45.17 60.3
47.17 52.2
49.41 51.35
51.16 53.85
53.17 42.25
55.16 58.47
57.42 58.47
59.16 63.18
61.16 68.53
63.24 70.88
65.41 65.25
67.41 42.73
69.41 42.73
71.42 42.73
73.42 0.23
75.41 54.11
77.42 67.14
79.42 82.19
81.44 76.45
83.44 80.41
85.42 80.41
87.26 80.41
89.42 70.67
91.44 70.67
93.41 49.9
95.41 38.87
97.41 86.57
99.42 86.57
101.42 48.99
103.41 55.96
105.42 55.96
107.45 81.17
109.41 66.54
111.24 80.35
113.41 80.35
115.41 65.85
117.44 52.56
119.41 72.01
121.42 0.22
123.44 0.45
125.41 38.89
127.41 70.95
129.44 68.52
131.44 73.46
133.41 52.55
135.41 69.94
137.44 55.73
139.42 70.72
141.41 72.5
143.44 45.05
145.42 66.75
147.41 70.79
149.41 45.88
151.42 57.42
153.41 57.42
155.41 57.42
157.41 57.42
159.41 14.74
161.42 86.81
163.42 68.84
165.41 18.41
167.42 89.75
169.42 69.06
171.41 69.06
173.42 69.06
175.44 69.06
177.41 69.06
179.41 80.3
181.42 33.04
183.41 85.89
185.42 58.49
187.42 0.36
189.41 56.46
191.42 89.32
193.42 24.9
195.41 65.01
197.41 78.97
199.44 47.05
201.42 96.34
203.42 84.13
205.45 16.65
207.41 85.34
209.41 81.24
211.42 81.24
213.41 0.2
215.42 54.51
217.41 95.39
219.41 0.19
221.42 61.97
223.41 61.97
225.41 61.97
227.42 61.97
229.41 61.97
231.41 61.97
233.42 61.97
235.44 61.97
237.42 61.97
239.41 61.97
241.42 61.97
243.41 88.52
245.41 88.52
247.42 88.34
249.44 89.94
251.42 18.42
253.41 81.58
255.42 81.03
257.7 31.49
259.69 10.3
261.67 73.08
263.67 73.08
265.69 73.08
267.67 73.08
269.48 85.06
271.67 55.52
273.67 92.68
275.66 67.73
277.69 87.74
279.66 59.12
281.69 51.97
283.67 94.45
285.66 77.87
287.67 88.85
289.66 69.83
291.67 69.83
293.48 75.09
295.69 0.32
297.66 80.21
299.67 87.46
301.67 93.32
303.68 33.93
305.7 13.07
307.66 103.67
309.66 76.32
311.69 76.32
313.67 82.81
315.67 0.8
317.66 12.55
319.67 25.89
321.7 16.52
323.66 30.63
325.69 21.69
327.7 24.74
329.66 31.92
331.67 29.2
333.66 29.2
335.67 20.57
337.69 26.92
339.69 28.72
341.67 27.84
343.66 20.85
345.69 33.64
347.66 37.36
349.69 21.27
351.68 35.34
353.67 33.24
355.69 31.42
357.69 14.89
359.66 44.08
361.69 33.33
363.69 35.03
365.67 26.39
367.67 42.69
369.69 35.89
371.67 41.58
373.66 41.32
375.69 31.56
377.69 55.73
379.66 13.49
381.66 53.29
383.67 43.96
385.69 54.67
387.69 54.66
389.67 59.49
391.68 59.49
393.66 59.49
395.69 59.49
397.66 42.17
399.69 37.49
401.67 58.64
403.67 59.86
405.69 54.31
407.67 78.54
409.66 68.45
411.67 94.64
413.67 50.15
415.7 78.32
417.67 78.32
419.66 49.0
421.67 58.41
423.66 58.41
425.66 64.14
427.66 75.41
429.69 55.88
431.67 55.88
433.67 14.71
435.7 58.65
437.67 65.18
439.69 60.6
441.69 60.6
443.66 60.6
445.66 42.04
447.66 58.38
449.67 58.38
451.68 58.38
453.67 55.69
455.92 56.84
457.66 53.7
459.92 79.98
461.76 39.74
463.93 57.81
465.92 40.57
467.93 40.57
469.91 57.22
471.91 66.18
473.91 1.36
475.91 66.21
477.92 64.97
479.91 57.94
481.92 77.42
483.91 52.57
485.74 77.39
487.94 41.77
489.92 51.57
491.92 48.72
493.91 60.33
495.91 58.07
497.93 51.42
499.92 67.33
501.91 67.33
503.94 67.33
505.91 51.65
507.92 82.45
509.92 63.0
511.91 54.19
513.92 54.19
515.94 79.09
517.92 79.09
519.92 79.09
521.92 79.09
523.92 57.81
525.91 76.28
527.92 68.28
529.94 65.03
531.92 77.07
533.91 52.81
535.92 43.79
537.91 68.64
539.91 75.0
541.93 47.17
543.92 17.45
545.91 62.41
547.92 74.58
549.94 74.58
551.92 49.06
553.91 49.06
555.93 42.5
557.92 42.5
559.93 48.3
561.92 71.38
563.91 16.58
565.94 50.59
567.94 55.08
569.91 65.27
571.94 77.38
573.92 53.56
575.91 53.37
577.92 63.88
579.91 35.29
581.91 67.6
583.91 65.01
585.92 57.06
587.94 62.69
589.94 54.07
591.92 74.76
593.91 69.5
595.91 69.5
597.91 69.5
599.92 74.66
601.94 61.75
603.91 77.12
605.92 65.6
607.92 66.22
609.94 52.99
611.91 76.55
613.92 0.82
615.94 22.05
617.92 75.99
619.92 97.56
621.94 82.36
623.92 60.36
625.91 93.35
627.94 87.49
629.91 69.35
631.91 96.8
633.92 71.94
635.94 71.94
637.91 83.78
639.91 1.9
642.19 10.03
643.92 7.37
645.92 15.21
648.19 27.15
649.91 18.42
652.17 26.48
654.16 34.3
656.16 47.42
658.16 47.53
659.91 19.48
662.16 65.1
664.17 65.1
666.18 65.1
667.99 39.44
670.17 39.44
672.16 63.82
674.16 71.33
676.17 64.38
678.16 63.55
680.17 76.56
682.16 86.27
684.17 78.73
686.17 82.02
688.16 75.43
690.16 96.01
691.99 13.92
694.16 52.36
696.19 79.49
698.19 81.21
700.17 88.71
702.16 94.67
704.17 38.83
706.17 0.19
708.19 82.01
710.19 24.8
712.17 86.2
714.17 36.59
715.99 77.93
718.17 11.58
720.16 71.57
722.19 71.57
724.16 41.14
726.19 73.44
728.19 92.19
730.19 86.05
732.17 79.22
734.16 77.45
736.17 78.37
738.16 89.13
740.16 18.41
742.17 67.68
744.16 71.45
746.17 85.72
748.19 9.04
750.17 79.67
752.16 75.92
754.16 69.19
756.17 15.95
758.19 47.94
760.16 47.94
762.19 47.94
764.16 47.94
766.16 73.06
768.16 68.41
770.16 81.83
772.16 71.5
774.16 77.85
776.16 22.8
778.16 74.48
780.16 74.48
782.17 74.48
784.17 74.48
786.16 75.15
788.16 75.15
790.19 75.15
792.16 75.15
794.16 75.15
796.17 1.02
798.16 69.65
800.17 46.48
802.19 76.44
804.19 76.44
806.17 76.44
808.19 76.44
810.16 76.44
812.17 81.27
814.16 71.66
816.17 61.07
818.17 82.1
820.17 82.1
822.19 82.1
824.16 82.1
826.19 55.97
828.16 60.86
830.19 60.86
832.16 62.45
834.16 62.45
836.17 88.38
838.16 41.57
840.16 45.87
842.17 58.01
844.16 58.01
846.16 4.48
848.16 52.63
850.41 52.63
852.17 52.63
854.16 55.21
856.42 43.2
858.41 88.22
860.26 69.59
862.45 69.59
864.43 69.59
866.42 69.59
868.42 41.36
870.41 54.05
872.42 87.4
874.41 74.52
876.41 59.47
878.42 61.55
880.44 6.15
882.42 67.59
884.23 78.36
886.44 3.39
888.44 56.55
890.44 56.55
892.41 56.81
894.42 56.81
896.44 56.81
898.42 56.81
900.42 56.81
902.42 56.81
904.41 56.81
906.44 56.81
908.25 58.63
910.44 58.63
912.41 58.63
914.41 70.14
916.42 70.14
918.41 70.14
920.42 70.14
922.41 70.14
924.44 71.35
926.44 53.81
928.42 72.74
930.42 72.74
932.41 52.31
934.41 57.2
936.42 72.09
938.41 71.39
940.42 53.09
942.45 65.62
944.41 34.92
946.44 44.44
948.42 44.44
950.44 44.44
952.41 71.23
954.41 74.38
956.42 62.57
958.44 53.61
960.41 53.61
962.42 53.61
964.42 58.04
966.41 58.04
968.41 39.1
970.41 43.75
972.42 39.77
974.41 44.72
976.42 40.12
978.41 40.91
980.42 40.91
982.44 58.52
984.44 58.52
986.42 58.52
988.41 74.66
990.41 74.66
992.42 43.33
994.41 45.91
996.41 61.07
998.42 61.07
1000.41 49.5
1002.42 60.48
1004.41 67.28
1006.44 56.3
1008.42 67.58
1010.41 0.24
1012.42 7.47
1014.41 7.48
1016.42 19.09
1018.41 11.28
1020.41 23.66
1022.42 29.54
1024.41 32.47
1026.44 47.05
1028.42 24.84
1030.43 25.35
1032.42 14.14
1034.41 60.1
1036.44 79.13
1038.41 76.9
1040.41 5.29
1042.41 90.58
1044.41 66.08
1046.42 80.64
1048.66 90.87
1050.67 53.68
1052.66 51.74
1054.66 0.15
1056.69 69.49
1058.67 68.89
1060.67 14.83
1062.66 83.72
1064.67 29.55
1066.51 53.32
1068.67 37.25
1070.67 24.95
1072.66 73.87
1074.66 31.5
1076.69 43.74
1078.69 1.71
1080.66 1.25
1082.66 88.6
1084.69 81.52
1086.66 78.53
1088.69 93.26
1090.69 74.7
1092.66 75.61
1094.67 6.8
1096.67 96.29
1098.66 86.34
1100.67 36.18
1102.69 88.06
1104.67 85.83
1106.69 84.9
1108.69 84.9
1110.67 14.99
1112.66 49.83
1114.66 49.83
1116.69 80.52
1118.66 91.78
1120.69 56.5
1122.67 75.4
1124.67 75.4
1126.69 75.4
1128.67 84.31
1130.67 84.31
1132.66 84.31
1134.66 84.31
1136.67 84.31
1138.66 63.41
1140.66 4.83
1142.69 58.41
1144.66 91.59
1146.67 71.09
1148.67 67.1
1150.69 67.1
1152.66 89.13
1154.66 89.13
1156.67 89.33
1158.67 99.37
1160.67 21.98
1162.67 84.53
1164.66 75.73
1166.67 75.73
1168.67 0.18
1170.69 62.87
1172.66 83.8
1174.66 78.27
1176.69 83.27
1178.66 45.2
1180.67 54.08
1182.66 48.62
1184.66 66.56
1186.69 65.64
1188.69 96.92
1190.66 96.92
1192.67 96.92
1194.67 91.93
1196.66 58.62
1198.67 32.48
1200.66 55.23
1202.67 1.4
1204.67 76.59
1206.67 90.31
1208.67 80.81
1210.67 38.33
1212.67 54.53
1214.66 54.53
1216.69 66.88
1218.67 66.88
1220.69 60.31
1222.66 60.31
1224.66 54.52
1226.67 61.67
1228.92 61.67
1230.66 61.67
1232.67 7.27
1234.66 74.76
1236.67 51.22
1238.66 80.14
1240.69 80.14
1242.94 57.4
1244.91 57.4
1246.67 57.4
1248.92 57.4
1250.91 56.2
1252.91 57.84
1254.91 79.02
1256.91 91.13
1258.76 39.33
1260.92 97.96
1262.91 59.14
1264.92 38.43
1266.94 56.62
1268.91 18.56
1270.92 79.97
1272.91 77.23
1274.91 81.59
1276.94 69.02
1278.92 75.19
1280.92 104.31
1282.73 56.87
1284.91 1.34
1286.92 25.62
1288.91 18.43
1290.92 75.05
1292.92 59.45
1294.92 66.01
1296.94 60.57
1298.91 78.27
1300.92 68.88
1302.92 75.33
1304.91 49.64
1306.76 78.92
1308.94 77.83
1310.92 81.59
1312.92 76.02
1314.92 73.11
1316.91 74.55
1318.92 57.03
1320.92 70.98
1322.91 60.45
1324.94 12.23
1326.94 60.02
1328.91 51.75
1330.92 67.39
1332.92 53.86
1334.91 76.6
1336.92 58.64
1338.96 68.84
1340.92 66.44
1342.94 75.68
1344.92 87.39
1346.92 71.33
1348.91 78.69
1350.92 51.32
1352.92 14.57
1354.92 70.35
1356.94 63.96
1358.92 88.39
1360.95 4.61
1362.94 83.5
1364.91 78.52
1366.92 57.36
1368.92 65.77
1370.91 56.54
1372.91 62.56
1374.92 66.78
1376.92 90.24
1378.91 70.71
1380.92 63.56
1382.91 78.11
1384.94 86.95
1386.94 66.69
1388.92 80.89
1390.92 86.38
1392.91 0.72
1394.92 75.4
1396.91 92.08
1398.92 76.78
1400.92 72.23
1402.91 70.21
1404.93 70.21
1406.92 60.47
1408.92 60.47
1410.95 83.6
1412.91 98.11
1414.92 76.99
1416.92 76.99
1418.92 58.87
1420.91 71.18
1422.91 90.12
1424.92 4.61
1426.92 49.39
1428.94 63.73
1431.19 69.22
1432.91 57.13
1434.92 55.34
1436.91 82.89
1439.17 80.75
1440.95 84.79
1443.16 37.76
1444.95 67.65
1446.94 84.41
1448.92 73.98
1451.18 54.75
1453.16 77.46
1455.16 87.59
1457.2 55.1
1459.17 55.1
1461.16 55.1
1463.19 38.21
1464.99 49.03
1467.17 49.03
1469.2 49.03
1471.16 68.1
1473.16 42.49
1475.16 62.74
1477.19 45.07
1479.17 66.72
1481.19 69.24
1483.19 69.24
1485.16 18.41
1487.19 39.64
1489.01 39.64
1491.17 65.21
1493.17 44.66
1495.16 44.66
1497.16 52.95
1499.16 36.26
1501.17 67.9
1503.16 49.31
1505.18 51.77
1507.17 59.81
1509.16 43.55
1511.16 33.16
1513.16 50.4
1515.16 61.72
1517.19 58.07
1519.19 48.46
1521.17 78.2
1523.19 39.66
1525.17 42.92
1527.17 43.59
1529.17 67.61
1531.17 53.63
1533.16 56.53
1535.16 84.95
1537.16 60.21
1539.17 75.64
1541.2 0.23
1543.2 42.9
1545.16 42.9
1547.17 67.63
1549.19 21.19
1551.17 66.82
1553.16 15.72
1555.17 61.29
1557.17 83.9
1559.19 73.68
1561.16 72.5
1563.16 97.18
1565.17 43.56
1567.19 18.5
1569.17 71.37
1571.18 62.13
1573.17 91.0
1575.16 53.84
1577.19 82.39
1579.2 63.26
1581.16 63.26
1583.19 51.17
1585.16 56.83
1587.17 83.87
1589.17 67.25
1591.17 54.35
1593.16 53.49
1595.16 93.45
1597.16 42.01
1599.16 65.59
1601.16 85.03
1603.17 74.91
1605.16 0.45
1607.17 48.3
1609.19 59.8
1611.16 76.48
1613.17 60.86
1615.17 74.7
1617.16 86.33
1619.19 56.8
1621.19 69.56
1623.17 60.73
1625.17 60.73
1627.17 60.73
1629.16 60.73
1631.19 60.73
1633.16 60.73
1635.16 60.73
1637.17 60.73
1639.17 75.29
1641.17 75.29
1643.42 89.3
1645.44 89.3
1647.41 89.3
1649.41 89.3
1651.42 89.3
1653.41 89.3
1655.42 40.62
1657.24 18.84
1659.44 21.35
1661.41 31.88
1663.42 14.73
1665.41 60.75
1667.41 60.75
1669.42 60.75
1671.42 60.75
1673.41 56.75
1675.42 59.51
1677.41 62.08
1679.41 45.55
1681.22 42.03
1683.43 42.03
1685.41 42.03
1687.42 42.03
1689.45 67.1
1691.42 46.93
1693.42 0.24
1695.41 43.37
1697.42 47.46
1699.42 27.82
1701.41 50.28
1703.41 92.65
1705.42 18.39
1707.45 46.86
1709.41 46.86
1711.41 52.98
1713.41 88.4
1715.41 14.71
1717.41 65.71
1719.42 9.11
1721.41 6.71
1723.42 60.44
1725.42 57.99
1727.41 90.6
1729.41 92.33
1731.41 73.29
1733.42 73.29
1735.42 73.29
1737.41 73.29
1739.42 73.29
1741.42 0.42
1743.41 21.45
1745.41 34.85
1747.42 37.82
1749.44 37.82
1751.41 37.82
1753.42 37.82
1755.41 40.46
1757.41 40.46
1759.44 40.46
1761.41 40.46
1763.44 52.39
1765.41 52.39
1767.42 55.64
1769.42 47.41
1771.44 45.4
1773.42 45.4
1775.44 45.4
1777.41 45.4
1779.41 30.3
1781.44 71.81
1783.41 18.71
1785.41 1.76
1787.44 18.39
1789.42 22.1
1791.42 30.07
1793.41 13.05
1795.42 63.08
1797.43 56.56
1799.41 66.94
1801.41 51.68
1803.41 44.25
1805.42 52.56
1807.42 56.97
1809.44 42.74
1811.44 14.34
1813.41 69.77
1815.41 49.91
1817.41 49.91
1819.42 49.91
1821.41 18.4
1823.42 34.84
1825.41 18.39
1827.44 38.02
1829.41 44.08
1831.42 44.08
1833.42 44.08
1835.67 44.08
1837.42 44.08
1839.51 57.32
1841.69 75.49
1843.69 20.7
1845.41 26.88
1847.69 79.72
1849.67 76.46
1851.67 62.39
1853.66 4.91
1855.67 43.46
1857.66 82.11
1859.66 75.89
1861.7 9.06
1863.68 32.28
1865.66 35.29
1867.67 47.29
1869.66 79.37
1871.66 79.48
1873.67 87.41
1875.66 78.98
1877.66 66.84
1879.69 56.5
1881.69 61.04
1883.67 57.68
1885.67 12.4
1887.49 42.24
1889.66 65.38
1891.69 77.93
1893.66 84.67
1895.66 69.54
1897.67 18.38
1899.69 28.32
1901.67 28.32
1903.67 37.38
1905.7 37.38
1907.67 37.38
1909.69 37.38
1911.69 42.71
1913.66 42.71
1915.69 42.71
1917.7 42.71
1919.67 42.71
1921.67 0.45
1923.69 44.58
1925.69 1.7
1927.69 37.14
1929.66 47.95
1931.67 67.2
1933.67 50.18
1935.67 18.3
1937.67 0.72
1939.66 24.55
1941.69 41.37
1943.69 50.57
1945.66 44.92
1947.69 52.35
1949.66 51.8
1951.67 16.42
1953.67 31.98
1955.67 57.58
1957.69 36.11
1959.66 51.09
1961.66 41.76
1963.7 28.96
1965.67 29.33
1967.67 15.61
1969.67 54.26
1971.66 44.85
1973.67 44.85
1975.66 34.97
1977.67 45.88
1979.66 54.18
1981.69 42.13
1983.67 27.12
1985.67 56.76
1987.69 71.53
1989.67 33.9
1991.67 40.55
1993.66 54.52
1995.66 54.62
1997.69 2.72
1999.66 62.39
2001.69 61.1
2003.67 41.2
2005.67 31.71
2007.69 50.51
2009.66 48.36
2011.68 61.82
2013.66 63.88
2015.66 46.76
2017.69 35.54
2019.69 39.65
2021.67 57.07
2023.93 53.94
2025.66 71.25
2027.69 51.34
2029.67 59.52
2031.67 43.62
2033.67 43.67
2035.66 43.15
2037.93 77.78
2039.67 77.39
2041.66 65.51
2043.92 3.32
2045.92 51.18
2047.93 47.68
2049.93 52.52
2051.93 61.73
2053.92 39.22
2055.74 52.29
2057.93 56.1
2059.93 63.95
2061.92 56.12
2063.92 56.12
2065.91 56.12
2067.92 56.12
2069.91 56.12
2071.93 56.12
2073.91 56.12
2075.91 56.12
2077.92 56.12
2079.73 56.12
2081.92 53.09
2083.91 33.31
2085.91 37.06
2087.93 43.69
2089.92 38.34
2091.92 63.1
2093.91 9.99
2095.91 15.1
2097.94 41.85
2099.91 60.84
2101.93 66.02
2103.92 38.14
2105.91 71.85
2107.92 71.95
2109.91 18.73
2111.93 2.29
2113.92 78.14
2115.91 90.83
2117.92 80.95
2119.92 37.82
2121.93 15.47
2123.91 14.73
2125.92 37.34
2127.91 67.25
2129.91 88.93
2131.93 85.35
2133.91 47.95
2135.93 28.93
2137.93 84.2
2139.94 99.31
2141.91 39.81
2143.93 45.28
2145.92 25.57
