0.0 315.72
1.24 300.19
3.25 225.41
5.24 33.5
7.25 275.81
9.25 119.99
11.24 67.7
13.25 151.79
15.24 30.48
17.25 137.79
19.24 35.2
21.24 278.97
23.25 1.96
25.25 42.95
27.25 139.43
29.25 69.88
31.25 130.51
33.25 178.55
35.25 0.81
37.25 235.96
39.25 133.11
41.25 93.84
43.24 56.66
45.24 94.25
47.24 294.75
49.25 68.31
51.24 317.03
53.24 75.15
55.24 129.11
57.25 117.57
59.25 38.76
61.25 129.78
63.24 74.68
65.24 175.1
67.24 123.07
69.25 31.28
71.25 50.89
73.25 75.34
75.24 267.12
77.25 68.65
79.25 233.71
81.24 232.36
83.24 22.8
85.24 216.18
87.25 127.03
89.25 169.53
91.24 31.34
93.25 146.38
95.24 281.87
97.24 37.21
99.24 208.94
101.25 109.58
103.24 261.13
105.24 91.76
107.25 2.01
109.25 282.29
111.25 75.94
113.24 237.99
115.24 30.65
117.25 121.74
119.25 151.65
121.25 71.99
123.25 240.32
125.24 74.03
127.24 264.82
129.24 191.41
131.24 72.76
133.25 153.42
135.24 59.58
137.25 134.26
139.24 29.86
141.24 138.85
143.24 230.69
145.24 33.04
147.25 227.85
149.25 36.62
151.25 142.12
153.25 243.18
155.25 38.29
157.24 290.4
159.24 75.41
161.25 136.49
163.24 62.33
165.24 252.48
167.24 242.56
169.25 129.94
171.24 279.39
173.25 30.4
175.24 171.0
177.25 102.39
179.25 58.6
181.25 171.22
183.24 31.94
185.24 316.63
187.24 67.31
189.25 235.78
191.25 335.88
193.25 30.82
195.24 228.11
197.25 122.43
199.25 250.55
201.25 229.95
203.25 114.78
205.24 229.22
207.24 66.84
209.25 146.24
211.24 61.06
213.25 282.35
215.24 147.34
217.25 0.98
219.24 104.42
221.25 60.79
223.25 160.24
225.24 317.86
227.25 57.47
229.25 207.64
231.25 51.98
233.25 83.25
235.5 78.62
237.5 145.74
239.5 328.86
241.5 34.68
243.5 127.5
245.49 61.0
247.5 255.06
249.5 0.38
251.5 233.17
253.5 200.35
255.49 0.98
257.5 48.0
259.5 35.48
261.5 109.81
263.5 56.97
265.49 75.1
267.49 167.18
269.5 33.33
271.5 157.6
273.5 119.48
275.49 268.55
277.5 251.46
279.5 130.77
281.5 230.38
283.49 57.97
285.49 297.8
287.49 284.87
289.5 41.21
