0.0 1.76
1.47 0.96
2.34 1.73
3.2 1.86
3.76 2.34
4.29 2.29
4.88 2.33
5.93 1.93
6.59 2.93
7.91 2.53
10.2 0.7
12.23 0.76
14.8 0.64
16.84 0.79
18.39 0.75
20.14 0.29
22.97 2.11
24.89 2.84
27.73 3.29
30.5 0.53
33.06 1.38
35.39 0.26
37.4 1.24
40.15 0.28
42.89 1.98
45.77 3.24
52.4 0.05
55.0 1.52
58.1 0.67
61.5 2.14
63.22 2.31
63.84 2.34
64.54 2.83
65.17 2.97
67.66 2.34
70.14 0.65
72.65 1.1
75.4 1.55
77.88 0.53
80.78 2.0
84.55 2.54
86.52 3.9
87.64 4.42
89.64 1.48
92.64 1.34
95.4 3.92
99.52 0.07
100.77 3.44
102.14 3.79
104.96 2.01
107.64 0.45
109.64 0.65
112.4 3.76
114.4 0.17
117.15 2.17
121.45 0.58
122.47 1.68
125.06 1.46
127.66 1.46
129.67 0.9
132.39 1.72
134.39 1.72
137.15 1.72
140.15 1.2
141.88 1.66
144.93 1.61
146.96 2.33
149.73 2.27
152.4 1.46
154.44 1.65
157.15 1.6
159.98 2.99
161.89 0.27
164.89 4.03
166.92 2.76
169.64 4.34
172.42 0.93
176.82 0.18
180.39 0.11
181.34 0.47
182.04 2.22
184.66 2.45
186.67 2.6
189.64 2.18
192.4 0.43
194.41 1.19
197.13 0.65
199.2 0.11
201.88 1.93
204.64 1.91
206.64 2.5
209.39 2.39
212.44 0.55
214.4 1.32
217.18 0.41
219.15 0.77
221.93 0.07
224.65 0.06
226.66 2.44
229.34 2.14
233.41 0.08
236.48 0.09
237.5 1.68
239.55 0.41
241.89 1.06
244.66 1.24
246.68 1.15
249.39 1.43
251.44 1.39
254.38 0.34
257.18 0.71
259.18 0.61
261.95 0.18
263.91 1.83
266.69 1.68
269.65 1.57
271.46 0.93
274.39 0.77
277.57 0.14
279.11 0.33
281.89 0.71
283.88 1.57
286.64 1.78
289.72 1.11
291.93 0.31
294.98 0.05
296.52 0.85
299.14 0.8
301.9 1.77
303.9 1.69
306.65 2.51
309.41 0.68
311.44 1.01
314.28 0.82
316.48 0.44
319.16 0.29
321.89 1.73
323.89 1.91
326.68 1.29
329.4 0.27
331.39 0.99
334.14 0.74
336.17 0.38
339.14 1.24
341.89 1.69
343.89 1.88
346.64 1.86
348.49 1.01
351.4 0.32
354.23 0.64
356.16 0.52
358.89 1.05
360.89 1.85
363.89 1.97
366.67 0.43
368.64 0.98
371.42 0.71
374.17 0.47
376.44 0.71
378.99 1.3
380.9 1.55
383.65 1.6
386.6 0.06
389.05 0.64
391.4 1.12
393.41 0.35
396.15 0.91
398.89 1.56
400.89 2.49
403.64 2.33
406.45 0.8
408.86 0.49
411.45 0.78
413.45 0.99
416.14 0.71
418.91 2.26
420.89 2.3
423.64 1.51
426.97 0.66
429.02 0.33
431.15 1.54
433.16 1.93
435.89 0.19
438.9 1.54
440.97 2.33
443.64 2.56
445.68 0.86
448.48 1.05
451.14 0.02
453.14 0.51
455.89 0.09
458.89 1.95
460.89 1.34
463.64 2.12
465.97 0.38
468.4 1.3
471.15 0.44
474.7 0.14
475.9 1.6
477.93 1.91
480.64 1.74
483.64 2.07
486.4 0.37
488.38 0.62
490.4 0.77
493.17 0.06
495.89 1.45
497.95 1.32
500.65 1.69
503.64 2.06
505.5 0.69
508.51 0.07
510.4 1.13
513.15 1.35
515.88 0.5
517.89 2.06
520.65 2.62
522.64 2.73
525.39 0.07
528.23 0.27
530.18 0.5
533.15 0.28
535.89 1.93
537.88 2.23
540.65 2.23
543.97 0.23
547.03 0.62
549.19 0.13
550.8 1.77
552.92 1.16
555.89 2.16
557.89 2.84
560.64 0.92
562.66 1.11
565.28 1.39
568.14 0.37
571.4 1.53
576.2 0.52
577.53 2.98
578.72 3.14
580.63 3.73
582.66 0.26
585.41 1.15
589.71 1.68
591.22 1.71
594.03 1.69
594.94 3.56
597.64 3.4
600.4 3.69
604.7 0.41
607.8 0.57
610.82 0.01
614.81 0.17
615.86 3.98
616.79 3.21
617.7 4.25
620.38 3.25
624.54 1.62
629.64 0.32
631.68 0.19
632.73 0.72
633.42 1.54
634.9 2.06
637.64 2.2
639.64 2.63
642.39 1.17
647.8 0.05
649.84 1.22
651.4 1.33
653.85 2.4
655.41 2.67
657.64 2.65
659.64 1.97
662.38 0.03
665.15 1.97
667.12 1.39
670.15 0.99
671.98 1.81
674.9 2.34
677.64 2.07
679.64 3.19
682.39 1.6
685.4 0.87
688.05 0.94
690.62 0.72
692.46 2.08
694.88 2.39
697.64 2.01
699.66 2.89
702.43 0.75
706.99 1.57
710.57 1.32
712.94 3.24
714.34 3.97
715.62 3.9
717.38 4.44
719.39 4.15
723.94 0.24
726.57 1.03
729.54 0.17
732.0 1.59
734.32 2.18
735.59 2.94
737.4 3.18
739.38 3.1
742.38 1.01
744.26 0.19
747.14 0.77
749.89 0.26
751.9 1.61
754.65 0.14
757.31 2.25
762.09 0.11
763.1 0.61
765.15 0.73
767.23 1.89
769.9 0.95
771.89 2.65
774.65 2.29
776.66 2.56
779.85 0.24
782.92 0.69
785.44 0.92
788.01 0.87
789.03 1.79
791.9 1.63
794.64 2.08
797.02 1.33
800.13 0.25
802.4 0.87
806.21 1.35
810.6 2.46
812.54 2.99
813.89 3.37
815.21 3.54
816.89 0.24
819.64 1.54
822.53 1.42
826.13 1.08
829.23 0.22
830.95 2.53
832.7 3.64
834.1 1.4
836.64 0.65
839.64 0.09
842.17 0.37
845.26 1.72
847.22 0.88
849.48 1.61
852.94 2.73
855.12 2.97
859.67 1.76
862.72 0.14
864.79 1.41
866.81 0.58
868.1 0.52
869.89 3.08
872.14 4.39
874.03 3.75
881.36 0.02
882.42 1.73
884.4 2.26
885.24 2.44
888.2 2.61
890.58 3.31
892.67 2.29
894.56 3.63
899.0 0.19
901.42 1.21
906.26 1.12
907.78 1.78
909.61 1.61
910.58 1.2
912.48 2.61
915.16 0.81
917.7 3.11
921.83 0.53
923.94 1.39
926.97 2.02
928.52 4.13
929.83 2.38
932.14 5.29
934.14 2.13
937.8 0.07
939.3 0.59
941.64 2.35
947.55 0.84
948.84 0.17
949.51 2.44
951.14 2.44
954.13 2.92
956.89 0.51
958.84 1.28
961.95 0.5
963.69 1.48
966.4 1.1
969.15 2.77
971.39 3.67
974.14 3.85
976.89 3.06
978.89 2.22
981.64 0.47
984.97 0.69
986.64 3.95
989.39 0.54
991.39 3.4
994.2 1.11
998.26 1.16
1000.82 1.4
1003.38 1.59
1005.3 0.69
1006.63 4.77
1009.39 5.19
1011.31 0.03
1016.62 0.87
1024.44 0.31
1025.77 2.67
1026.92 2.99
1027.96 3.33
1029.76 3.93
1032.34 0.08
1035.46 1.21
1039.49 0.12
1041.54 0.9
1043.07 1.19
1044.32 2.26
1046.0 3.39
1047.51 3.49
1048.92 5.79
1051.59 0.07
1054.7 1.22
1058.26 0.21
1062.88 1.78
1064.78 2.57
1065.68 2.65
1066.92 2.78
1069.47 1.38
1073.52 0.05
1076.13 0.41
1077.63 0.64
1079.17 1.93
1082.2 1.07
1083.46 2.14
1086.19 2.8
1088.14 3.2
1091.13 0.89
1094.5 1.91
1096.06 1.84
1099.6 0.3
1102.33 1.98
1103.89 2.5
1106.16 2.92
1108.16 3.33
1115.2 0.09
1116.76 0.8
1117.86 0.76
1120.91 1.25
1123.07 1.63
1125.27 1.96
1126.85 2.18
1128.9 1.48
1132.49 1.03
1134.54 1.31
1137.59 0.67
1138.59 1.82
1140.4 1.11
1143.18 1.99
1146.41 2.08
1150.89 1.26
1153.38 0.33
1154.44 0.25
