0.0 58.55
2.0 17.78
4.0 17.78
6.0 65.04
8.0 53.51
10.0 63.81
12.0 61.78
14.0 73.5
16.0 70.44
18.0 75.59
20.0 65.98
22.01 75.42
24.0 74.26
26.0 81.61
28.02 89.96
30.0 89.96
32.0 89.96
34.0 89.96
36.0 89.96
38.0 74.89
40.0 84.51
42.01 84.51
44.0 84.51
46.0 84.51
48.01 84.51
50.0 84.51
52.0 84.51
54.0 83.34
56.01 84.55
58.0 84.55
60.0 82.12
62.0 86.78
64.01 86.78
66.01 86.78
68.0 87.09
70.0 87.09
72.0 87.09
74.0 3.69
76.0 37.89
78.01 37.89
80.0 37.89
82.0 37.89
84.0 37.89
86.0 37.89
88.0 46.1
90.01 89.86
92.01 89.86
94.01 93.55
96.01 87.46
98.01 87.46
100.11 87.46
102.09 87.46
104.0 87.46
106.01 87.46
108.0 87.46
110.0 87.46
112.0 87.46
114.0 87.46
116.35 87.46
118.25 87.46
120.11 87.46
122.26 87.46
124.25 87.46
126.25 87.46
128.26 87.46
130.26 87.46
132.26 87.46
134.26 90.6
136.26 92.49
138.26 92.49
140.26 92.49
142.26 77.99
144.11 77.99
146.26 85.42
148.26 93.21
150.26 93.21
152.26 95.42
154.26 95.42
156.26 95.42
158.26 95.42
160.26 95.42
162.26 95.42
164.26 100.62
166.26 98.74
168.11 86.47
170.26 100.74
172.26 100.74
174.26 100.74
176.26 107.53
178.26 0.12
180.26 0.1
182.27 24.75
184.26 7.02
186.26 31.37
188.26 31.37
190.26 33.79
192.12 29.6
194.26 33.21
196.26 34.54
198.26 31.63
200.26 31.63
202.26 34.75
204.26 34.75
206.26 34.75
208.26 34.75
210.26 34.75
212.27 39.12
214.26 36.84
216.12 40.87
218.26 42.88
220.26 48.54
222.26 48.54
224.27 48.54
226.27 48.54
228.26 48.54
230.26 42.08
232.27 48.18
234.26 49.56
236.26 49.56
238.26 49.56
240.26 49.56
242.26 49.56
244.27 49.56
246.26 49.56
248.26 49.56
250.26 49.56
252.26 49.56
254.26 49.56
256.26 49.56
258.26 49.56
260.26 49.56
262.26 49.56
264.26 49.56
266.27 49.56
268.26 49.56
270.26 49.56
272.27 49.56
274.27 49.56
276.27 49.56
278.27 49.56
280.26 51.29
282.26 46.76
284.27 47.04
286.26 52.68
288.26 53.35
290.27 53.35
292.26 53.35
294.27 56.11
296.27 50.27
298.27 59.76
300.27 77.29
302.26 70.82
304.27 70.82
306.27 70.82
308.27 92.36
310.27 92.36
312.27 92.36
314.27 96.17
316.27 96.17
318.26 96.17
320.27 96.17
322.27 96.17
324.27 96.17
326.26 96.17
328.26 96.17
330.27 96.17
332.27 96.17
334.26 96.17
336.26 95.54
338.26 95.54
340.27 95.54
342.27 95.54
344.27 95.54
346.27 95.54
348.27 95.54
350.27 95.54
352.27 95.54
354.27 95.54
356.27 95.54
358.27 95.54
360.27 95.54
362.27 95.54
364.52 95.54
366.52 95.54
368.52 95.54
370.52 95.54
372.52 95.54
374.52 95.54
376.52 95.54
378.52 95.54
380.52 95.54
382.52 95.54
384.52 95.54
386.52 95.54
388.52 95.54
390.52 95.54
392.52 95.54
394.52 95.54
396.52 95.54
398.52 95.54
400.52 95.54
402.52 95.54
404.52 95.54
406.52 95.54
408.52 95.54
410.52 95.54
412.52 95.54
414.59 95.54
416.53 95.54
418.52 95.54
420.52 95.54
422.52 73.72
424.52 99.87
426.52 98.99
428.52 116.06
430.52 72.33
432.52 0.13
434.52 28.95
436.52 15.6
438.52 16.41
440.52 34.92
442.52 35.67
444.53 35.67
446.52 67.04
448.52 70.35
450.52 70.35
452.52 70.35
454.52 70.35
456.52 70.35
458.52 70.35
460.53 72.09
462.52 85.14
464.52 82.04
466.52 81.51
468.52 88.98
470.52 84.35
472.53 79.9
474.52 93.62
476.52 95.63
478.53 95.63
480.53 95.63
482.52 95.63
484.53 95.63
486.52 95.63
488.52 95.63
490.53 95.63
492.53 103.15
494.52 103.15
496.52 107.81
498.53 107.81
500.53 107.81
502.53 107.81
504.52 107.81
506.52 107.81
508.53 107.81
510.53 107.81
512.52 107.81
514.53 107.81
516.53 107.81
518.53 107.81
520.52 107.81
522.53 107.81
524.52 107.81
526.53 107.81
528.53 107.81
530.52 107.81
532.53 107.81
534.53 107.81
536.53 107.81
538.53 107.81
540.52 107.81
542.53 108.0
544.52 108.0
546.54 96.23
548.52 106.92
550.52 106.92
552.52 106.92
554.53 106.92
556.52 106.92
558.52 106.92
560.53 106.92
562.52 106.92
564.52 106.92
566.52 106.92
568.53 106.92
570.53 106.92
572.52 106.92
574.53 114.59
576.53 105.43
578.53 78.39
580.53 113.55
582.53 114.68
584.53 122.31
586.53 0.12
588.53 0.12
590.53 13.35
592.53 23.9
594.53 23.9
596.52 23.9
598.53 23.9
600.52 23.9
602.53 4.02
604.53 11.97
606.53 12.82
608.53 15.06
610.53 14.3
612.53 14.88
614.53 14.88
616.78 17.97
618.78 20.04
620.78 19.71
622.78 22.61
624.78 20.08
626.78 18.09
628.78 18.09
630.78 23.88
632.78 23.67
634.78 23.55
636.79 21.06
638.66 23.8
640.78 24.38
642.78 23.66
644.78 26.24
646.78 26.87
648.78 27.0
650.78 25.15
652.78 26.19
654.78 26.19
656.78 26.19
658.78 24.96
660.78 24.96
662.65 24.96
664.78 33.48
666.78 33.48
668.78 33.48
670.78 33.48
672.79 33.48
674.78 33.48
676.78 33.48
678.79 34.8
680.78 34.8
682.79 34.8
684.79 34.8
686.67 34.8
688.78 34.8
690.78 34.8
692.78 34.8
694.79 34.8
696.78 34.8
698.78 34.8
700.78 34.53
702.79 34.53
704.79 30.86
706.78 32.67
708.79 32.67
710.65 30.8
712.79 33.42
714.78 34.7
716.83 16.48
718.79 17.68
720.78 17.68
722.79 17.68
724.79 32.1
726.79 32.1
728.79 32.1
730.79 32.1
732.79 32.1
734.79 32.1
736.79 31.54
738.79 31.54
740.79 31.54
742.79 32.71
744.79 31.02
746.79 31.02
748.79 31.78
750.79 31.78
752.79 31.78
754.79 24.65
756.79 34.11
758.79 34.11
760.79 31.54
762.79 31.54
764.79 31.54
766.79 37.94
768.79 47.81
770.79 49.74
772.8 49.74
774.79 49.74
776.79 49.74
778.79 49.74
780.79 49.74
782.79 49.74
784.78 49.74
786.79 49.74
788.79 49.74
790.79 49.74
792.78 49.74
794.78 49.74
796.79 49.74
798.79 49.74
800.79 49.74
802.79 49.74
804.78 49.74
806.79 49.74
808.78 49.74
810.79 49.74
812.79 49.74
814.79 49.74
816.79 49.74
818.78 49.74
820.79 49.74
822.79 49.74
824.79 49.74
826.78 49.74
828.79 49.74
830.79 49.74
832.79 49.74
834.79 49.74
836.79 49.74
838.79 49.74
840.79 49.74
842.79 49.74
844.79 49.74
846.79 49.74
848.79 49.74
850.79 49.74
852.79 49.74
854.79 49.74
856.79 49.74
858.79 49.74
860.79 49.74
862.79 49.74
865.04 49.74
867.04 49.74
869.04 49.74
871.04 49.74
873.04 49.74
875.04 49.74
877.04 49.74
879.04 49.74
881.04 49.74
883.04 49.74
885.04 49.74
887.04 49.74
889.04 49.74
891.04 49.74
893.04 49.74
895.04 49.74
897.04 49.74
899.05 49.74
901.04 49.74
