0.0 34.78
0.72 245.68
2.72 26.04
4.72 182.31
6.72 232.98
8.72 151.37
10.72 319.81
12.72 21.68
14.72 363.73
16.72 43.26
18.72 116.83
20.72 233.95
22.72 40.64
24.72 298.84
26.72 41.52
28.72 302.9
30.73 380.36
32.72 267.5
34.72 344.93
36.72 30.14
38.72 392.21
40.72 31.39
42.72 357.3
44.72 415.18
46.72 41.37
48.97 464.6
50.97 31.77
52.98 391.69
54.75 42.38
56.97 431.81
58.97 369.64
60.97 31.82
62.97 344.36
64.97 40.93
66.97 291.24
68.97 388.94
70.97 273.53
72.97 348.94
74.97 41.3
76.97 343.36
78.97 42.29
80.97 314.23
82.97 351.39
84.97 33.69
86.97 356.55
88.98 33.8
90.97 358.46
92.97 348.31
94.97 223.59
96.97 199.24
98.97 31.6
100.97 221.76
102.98 25.27
104.98 253.01
106.97 313.78
108.97 30.8
110.97 298.82
112.97 31.57
114.97 223.76
116.97 240.3
118.97 42.38
120.97 196.18
122.98 32.29
124.97 230.24
126.97 31.44
128.97 97.7
130.97 182.58
132.97 30.28
134.98 96.42
136.98 43.2
138.97 263.04
140.97 252.21
142.97 231.66
144.97 264.65
146.97 32.52
148.97 173.65
150.97 33.31
152.97 220.81
154.97 275.91
156.97 30.1
158.97 260.35
160.97 31.76
162.98 168.44
164.97 246.54
166.97 245.3
168.97 289.53
170.97 42.6
172.97 309.89
174.97 30.16
176.97 132.65
178.97 262.78
180.97 41.12
182.97 243.68
184.97 42.38
186.97 281.53
188.97 209.52
190.97 30.89
192.97 279.46
194.97 42.37
196.98 163.46
198.97 31.28
200.98 181.55
202.97 256.74
204.97 31.93
206.97 219.75
208.97 31.54
210.97 205.28
212.98 140.38
214.97 32.17
216.97 202.11
218.97 33.19
220.97 130.14
222.97 30.63
224.97 197.65
226.97 257.64
228.98 39.87
230.97 168.05
232.97 25.82
234.98 164.83
236.97 164.83
238.97 31.63
240.97 168.15
242.97 31.15
244.97 157.64
246.97 42.68
248.97 104.62
250.97 186.22
252.97 31.12
254.97 92.22
256.97 42.53
258.97 180.94
260.97 20.24
262.97 229.44
264.97 288.28
266.97 34.42
268.97 291.67
270.97 42.55
272.97 321.59
274.98 330.62
276.97 250.63
278.97 247.21
280.97 31.52
282.97 326.46
284.97 260.86
286.97 308.7
288.97 284.92
290.98 32.1
292.97 397.11
294.97 33.42
296.97 341.99
299.22 283.65
300.97 31.55
303.22 355.34
305.22 31.79
307.23 368.22
309.23 348.67
311.22 38.37
313.22 326.09
315.23 30.88
317.22 298.58
319.22 25.9
321.22 332.35
323.22 334.01
325.22 42.43
327.22 419.74
329.22 30.97
331.22 213.38
333.22 297.28
335.22 259.05
337.23 376.67
339.22 30.84
341.22 421.85
343.22 31.86
345.22 440.69
347.23 280.71
349.22 357.16
351.22 363.42
353.23 30.61
355.22 384.77
357.22 369.79
359.22 434.22
361.22 353.76
363.22 31.09
365.22 293.12
367.22 32.78
369.23 303.13
371.22 298.9
373.22 30.67
375.22 358.43
377.22 32.99
379.22 257.73
381.22 321.82
383.22 252.49
385.22 280.08
387.22 42.47
389.22 292.84
391.22 42.0
393.22 336.69
395.22 356.58
397.22 42.43
399.22 401.99
401.22 31.59
403.22 270.76
405.22 409.5
407.22 397.27
409.22 409.95
411.22 41.21
413.22 292.28
415.22 33.85
417.22 357.24
419.22 391.9
421.22 31.79
423.22 381.36
425.22 33.75
427.22 359.18
429.22 315.04
431.22 317.1
433.22 392.54
435.22 30.71
437.22 450.84
439.22 29.99
441.22 279.67
443.22 343.91
445.22 30.38
447.22 194.91
449.22 26.62
451.22 343.68
453.22 320.29
455.22 348.5
457.22 300.02
459.22 32.37
461.22 409.22
463.22 30.81
465.22 250.71
467.22 294.23
469.22 42.29
471.22 230.28
473.23 31.72
475.22 197.29
477.23 365.55
479.22 368.32
481.22 368.38
483.22 31.54
485.22 372.01
487.22 31.31
489.23 395.09
491.22 400.29
493.22 30.72
495.22 388.94
497.22 33.36
499.22 331.2
501.22 312.83
503.22 357.83
505.22 313.1
507.22 31.62
509.22 426.62
511.23 25.75
513.22 308.45
515.22 328.74
517.22 31.31
519.22 447.5
521.22 31.9
523.22 222.14
525.22 303.91
527.22 417.56
529.23 429.09
531.22 34.14
533.22 305.61
535.22 32.28
537.22 363.39
539.22 339.1
541.22 39.41
543.48 419.93
545.47 30.68
547.47 310.31
549.26 31.26
551.47 168.94
553.47 221.26
555.48 36.39
557.47 117.49
559.47 25.97
561.47 173.74
563.47 115.54
565.47 32.73
567.47 197.38
569.48 30.34
571.47 123.94
573.26 32.12
575.47 151.89
577.47 111.73
579.47 25.43
581.47 142.1
583.47 25.79
585.47 90.29
587.47 151.89
589.47 31.06
591.47 136.66
593.47 31.71
595.47 113.0
597.48 30.68
599.47 157.22
601.47 123.82
603.47 25.54
605.47 145.03
607.47 25.45
609.47 112.12
611.47 140.71
613.47 102.71
615.47 112.32
617.47 28.47
619.47 51.23
621.47 25.31
623.47 179.65
625.48 193.37
627.48 31.66
629.47 46.56
631.48 49.29
633.47 44.87
635.47 54.29
637.47 66.8
639.48 69.25
641.47 118.05
643.47 126.94
645.47 42.29
647.47 116.41
649.47 146.11
651.47 27.26
653.47 64.21
655.47 32.04
657.47 131.92
659.47 139.71
661.47 139.17
663.47 128.8
665.48 31.69
667.47 123.49
669.48 27.23
671.47 163.99
673.47 184.08
675.48 18.36
677.48 210.99
679.47 27.29
681.47 258.7
683.48 172.69
685.47 217.62
687.48 199.3
689.48 19.0
691.48 163.73
693.48 31.91
695.48 258.39
697.47 278.66
699.47 41.49
701.47 188.63
703.47 26.37
705.47 185.86
707.47 194.27
709.48 24.72
711.47 203.05
713.47 30.62
715.47 145.6
717.48 30.04
719.48 138.04
721.47 94.3
723.47 33.55
725.48 199.51
727.47 25.54
729.47 251.58
731.48 216.39
733.48 255.68
735.47 230.28
737.47 32.34
739.47 227.19
741.48 27.52
743.48 276.2
745.48 160.91
747.48 25.44
749.48 342.7
751.47 32.65
753.48 298.0
755.48 335.71
757.47 307.71
759.48 362.03
761.48 31.86
763.48 404.95
765.48 32.21
767.48 343.59
769.47 315.75
771.48 28.72
773.47 345.69
775.47 31.13
777.48 338.16
779.48 351.85
781.48 321.41
783.48 358.77
785.48 21.55
787.48 427.88
789.47 25.61
791.48 150.16
793.48 0.91
795.47 32.01
797.73 308.69
799.47 31.8
801.72 372.91
803.5 32.71
805.73 315.77
807.72 166.35
809.73 32.29
811.72 189.46
813.72 31.93
815.72 103.36
817.72 116.75
819.72 30.2
821.72 132.29
823.72 26.38
825.72 2.15
827.51 85.38
829.72 172.18
831.72 167.55
833.72 28.28
835.72 179.13
837.73 37.51
839.72 165.38
841.72 189.36
843.72 234.88
845.73 216.8
847.72 31.67
