0.0 519.83
0.95 47.5
2.95 1729.87
4.95 9.98
6.96 1857.16
8.96 695.59
10.97 47.25
12.98 115.92
14.98 48.41
16.98 1771.82
18.98 1959.44
20.99 1787.98
22.99 1456.24
25.0 46.13
27.0 166.17
29.01 48.16
31.01 426.8
33.06 995.84
35.04 1.06
37.02 498.36
39.03 46.93
41.03 317.37
43.04 281.62
45.04 353.17
47.04 396.68
49.05 48.66
51.07 496.81
53.05 47.17
55.06 562.74
57.06 608.41
59.07 1.12
61.07 120.59
63.08 46.15
65.09 586.6
67.0 41.44
69.1 517.11
71.1 400.51
73.11 0.22
75.11 384.49
77.11 48.48
79.12 466.95
81.13 522.16
83.13 11.91
85.13 102.1
87.14 46.8
89.14 547.06
91.08 48.29
93.15 608.01
95.15 24.11
97.16 46.57
99.16 87.09
101.17 45.75
103.17 92.88
105.17 46.88
107.18 46.95
109.19 47.44
111.19 48.03
113.2 201.98
115.15 48.94
117.22 310.27
119.22 374.43
121.23 10.05
123.23 489.89
125.24 48.49
127.25 784.95
129.26 286.74
131.26 5.6
133.27 558.5
135.28 9.55
137.28 821.81
139.21 48.84
141.29 944.65
143.29 1077.24
145.05 29.85
147.05 1239.04
149.06 46.67
151.06 1400.02
153.07 1442.62
155.07 47.94
157.1 1794.84
159.09 8.97
161.09 1099.62
163.1 38.54
165.11 1626.92
167.11 1707.42
169.12 47.31
171.12 1731.66
173.13 45.3
175.14 1610.32
177.14 1163.76
179.14 15.68
181.14 253.81
183.15 42.93
185.15 1315.51
187.11 32.24
189.17 123.09
191.17 634.72
193.18 48.06
195.19 721.49
197.2 48.49
199.2 709.06
201.21 1108.38
203.21 0.87
205.22 1067.44
207.22 48.43
209.23 227.64
211.18 48.58
213.25 1014.83
215.25 371.49
217.26 43.2
219.27 395.07
221.27 0.22
223.28 361.59
225.28 368.68
227.29 20.64
229.29 443.49
231.13 44.44
233.13 210.44
235.38 48.77
237.38 617.27
239.39 417.52
241.15 48.59
243.15 101.96
245.15 48.18
247.17 275.78
249.15 129.36
251.16 1.1
253.16 378.3
255.18 9.95
257.18 661.23
259.18 48.75
262.09 956.44
263.2 845.76
265.2 48.56
267.21 857.24
269.21 48.94
271.22 818.61
273.22 758.9
275.22 15.59
277.23 165.98
279.24 35.32
281.24 816.05
283.25 48.06
285.25 852.15
287.26 799.7
289.26 48.91
291.27 900.41
293.27 45.73
295.27 899.75
297.27 844.5
299.28 11.53
301.29 186.75
303.29 48.48
305.3 914.11
307.3 37.49
309.31 473.26
311.31 948.83
313.32 43.72
315.32 952.29
317.32 38.25
319.33 2.36
321.33 797.98
323.34 985.87
325.34 933.42
327.34 48.66
329.35 1149.57
331.34 45.76
333.35 1125.59
335.36 1256.21
337.36 9.09
339.37 1336.95
341.37 48.34
343.38 209.61
345.38 879.78
347.39 1497.23
349.4 1555.25
351.4 48.54
353.41 1602.45
355.41 48.71
357.42 1772.33
359.42 1847.35
361.43 48.58
363.43 1250.68
365.45 7.48
367.44 1935.68
369.44 835.71
371.45 2044.24
373.45 754.22
375.45 43.26
377.46 1910.63
379.48 47.42
381.47 5.75
383.48 1423.16
385.49 37.26
387.48 383.11
389.49 40.49
391.5 1553.09
393.43 30.92
395.5 1595.18
397.5 1477.52
399.51 43.41
401.52 1343.39
403.52 44.47
405.52 588.32
407.53 704.04
409.54 48.61
411.54 815.85
413.54 48.7
415.3 993.07
417.49 48.32
419.31 279.76
421.31 91.05
423.32 48.32
425.57 285.14
427.33 48.69
429.33 16.56
431.34 329.9
433.35 47.79
435.35 539.15
437.36 48.62
439.36 545.7
441.36 249.55
443.37 250.55
445.37 203.92
447.38 47.7
449.38 476.79
451.39 48.47
453.39 366.56
455.4 404.25
457.4 42.49
459.41 396.58
461.41 48.58
463.41 444.54
465.42 513.5
467.42 491.23
469.42 517.76
471.43 48.52
473.43 541.05
475.44 35.6
477.44 608.77
479.45 584.37
481.45 48.77
483.45 129.96
485.46 48.27
487.46 399.11
489.4 48.77
491.47 231.08
493.48 472.66
495.48 46.48
497.49 547.51
499.5 46.14
501.5 667.3
503.51 602.41
505.51 9.52
507.51 24.51
509.52 49.1
511.52 966.97
513.46 46.37
515.53 1112.94
517.54 1236.73
519.55 45.2
521.56 847.64
523.57 46.49
525.57 1511.67
527.58 1543.89
529.58 38.79
531.59 321.87
533.59 47.73
535.6 0.34
537.53 9.13
539.61 1373.1
541.61 1401.37
543.61 46.64
545.62 1269.35
547.62 45.73
549.63 1228.67
551.63 22.04
553.63 17.23
555.64 1207.69
557.64 8.4
559.64 1289.76
561.6 46.99
563.65 1352.65
565.65 1413.35
567.65 45.41
569.66 1414.63
571.66 12.98
573.67 1309.4
575.68 238.04
577.68 48.43
579.68 63.81
581.69 17.89
583.69 253.38
585.64 48.23
587.71 353.0
589.72 402.27
591.48 9.09
593.73 663.19
595.48 48.39
597.49 951.69
599.5 1067.0
601.5 11.85
603.5 267.87
605.51 47.93
607.51 1446.91
609.51 28.65
611.52 399.02
613.52 1312.02
615.53 47.89
