0.0 16.38
3.09 23.76
4.09 28.38
6.11 27.33
8.13 29.97
10.15 27.61
12.16 28.1
14.19 28.1
16.2 33.3
18.22 33.72
20.23 33.72
22.25 33.72
24.26 33.72
26.28 35.03
28.29 36.45
30.3 38.42
32.31 37.89
34.34 26.86
36.35 41.6
38.37 42.71
40.37 46.79
42.38 44.45
44.38 45.6
46.38 45.6
48.4 45.6
50.4 45.6
52.41 45.6
55.46 50.47
56.46 53.75
58.48 54.89
60.49 47.68
62.49 56.14
64.49 55.5
66.52 55.36
68.53 57.27
70.53 33.68
72.56 33.68
74.59 59.01
76.58 59.07
78.6 62.3
80.63 61.56
82.63 63.37
84.64 63.37
86.65 63.37
88.67 63.37
90.69 63.37
92.71 63.37
94.71 63.37
96.73 63.37
98.74 63.37
100.76 63.37
102.77 63.37
104.78 63.37
106.79 63.37
108.79 63.37
110.79 63.37
112.81 63.37
114.82 63.37
116.85 63.37
118.85 63.37
120.86 63.37
122.87 63.37
124.88 63.37
126.91 63.37
128.92 64.28
130.94 64.28
132.97 64.28
134.99 64.28
137.02 64.28
139.04 64.17
141.05 64.17
142.15 64.17
145.08 64.17
147.1 64.17
149.1 64.17
151.12 64.17
152.22 64.17
154.16 64.17
156.17 64.17
158.18 64.17
160.2 64.17
162.2 64.17
164.2 64.17
166.22 60.59
168.24 60.59
170.25 60.59
172.26 60.59
174.26 60.59
176.28 60.59
178.3 60.59
180.31 60.59
182.33 60.59
184.35 60.59
186.37 60.59
188.39 60.59
190.41 60.59
192.43 60.59
194.45 60.59
196.45 60.59
198.47 60.59
200.49 58.08
202.5 61.03
204.5 60.33
206.52 67.39
208.53 67.39
210.54 67.39
212.56 62.78
214.58 79.14
216.6 74.51
218.62 80.09
220.64 72.25
222.66 72.25
224.66 72.25
226.67 72.25
228.69 72.25
230.7 72.25
232.71 72.25
234.73 72.25
236.76 72.25
238.77 80.03
240.8 81.22
242.82 81.22
244.84 80.61
246.85 79.06
248.87 86.9
250.89 92.19
252.9 92.19
254.91 92.19
256.93 92.19
258.94 92.19
260.95 92.19
262.98 92.19
265.0 92.19
267.02 90.87
269.04 100.05
271.05 100.05
273.06 100.05
275.07 100.05
277.08 100.05
279.1 100.05
281.1 100.05
283.12 100.05
285.14 100.05
287.17 100.05
289.19 100.05
291.22 100.05
293.24 100.05
295.25 100.05
296.35 100.05
299.28 100.05
300.37 100.05
302.3 100.05
304.33 100.05
306.34 100.05
308.36 100.05
310.36 100.05
312.39 100.05
314.4 100.05
316.42 100.05
318.44 100.05
320.49 100.05
