0.0 0.88
0.6 4.63
1.16 0.44
2.2 0.4
2.79 0.25
3.95 0.27
5.18 0.78
6.36 0.91
7.96 0.62
9.27 0.89
10.44 0.19
11.78 0.26
13.23 2.14
14.38 3.08
15.45 1.15
16.74 1.35
17.98 0.73
19.95 0.32
22.14 4.03
23.85 0.18
25.93 3.76
28.04 0.23
29.88 0.75
31.98 0.98
33.8 1.06
35.89 4.22
37.96 1.37
39.94 4.05
41.86 3.49
43.92 1.58
46.0 1.64
47.83 1.13
49.93 4.65
52.01 1.32
53.84 1.18
55.94 1.32
58.05 0.95
59.86 2.71
62.18 2.01
64.41 0.67
66.6 1.1
68.27 3.92
69.82 4.23
71.93 4.11
74.01 2.9
76.12 0.63
77.96 1.01
80.06 4.48
82.12 0.13
83.95 4.13
86.02 0.84
87.98 4.06
89.93 1.52
92.0 0.27
93.84 0.49
95.93 0.68
98.02 4.34
100.12 0.94
101.95 0.64
104.02 1.35
106.1 1.17
107.91 0.13
110.0 0.84
112.02 3.75
113.94 0.85
116.04 0.94
118.13 1.41
119.94 1.56
122.02 4.27
124.09 2.26
125.9 0.39
127.99 0.95
130.09 1.0
131.94 6.24
134.0 1.77
136.09 2.73
137.94 1.38
140.05 0.4
142.13 1.82
143.93 1.2
146.05 3.75
148.13 0.92
150.17 1.4
152.3 4.65
154.44 4.84
156.6 4.24
158.85 0.38
161.17 1.32
163.77 0.69
165.38 1.76
167.62 0.69
169.71 0.67
171.45 0.85
172.81 5.93
175.27 2.26
177.65 0.94
179.78 0.77
181.81 0.62
183.45 0.41
184.79 1.13
186.1 0.97
187.98 0.61
190.06 7.34
192.37 1.91
194.01 0.13
196.12 0.19
198.22 1.29
200.17 4.29
202.15 1.77
204.01 0.14
206.1 2.63
208.1 4.61
210.0 0.55
212.09 0.11
214.19 0.23
216.01 0.84
218.04 1.34
220.31 1.23
222.18 3.63
224.66 2.13
227.4 3.69
229.12 2.54
230.39 0.55
232.01 6.56
234.07 0.15
236.18 0.26
238.01 0.31
240.07 0.63
242.13 4.23
244.22 0.65
246.07 0.39
248.13 3.27
250.22 0.74
252.04 0.13
254.13 2.25
256.23 4.24
258.04 6.78
260.13 1.41
262.2 1.08
264.04 1.67
266.14 2.74
268.24 1.29
270.3 0.99
272.13 1.15
274.22 1.3
276.3 3.01
278.19 0.34
280.23 4.11
282.06 1.43
284.15 1.36
286.26 9.43
288.09 0.36
290.19 6.58
292.25 0.6
294.17 0.52
296.18 0.92
298.28 1.2
300.1 0.12
302.18 0.32
304.28 4.61
306.11 0.51
308.21 0.75
310.3 0.74
312.13 1.43
314.22 6.8
316.34 0.56
318.14 1.01
320.32 0.24
322.09 0.52
324.07 4.25
326.25 1.89
328.15 3.62
330.18 0.43
332.25 0.18
334.34 0.26
336.2 0.82
338.3 4.31
340.12 1.03
342.19 0.53
344.3 1.05
346.18 0.95
348.21 2.15
350.45 3.44
352.14 4.23
354.22 5.42
356.31 4.14
358.14 0.55
360.24 1.1
362.46 1.97
364.16 5.02
366.24 3.54
368.32 0.13
370.13 0.26
372.24 4.27
374.35 0.23
376.41 3.08
378.22 0.41
380.28 0.84
382.19 0.54
384.37 0.7
386.22 0.76
388.29 9.03
390.25 4.15
392.47 0.89
394.25 0.9
396.34 0.49
398.75 0.09
400.25 0.88
402.38 0.25
404.57 0.12
406.28 0.22
408.97 3.49
410.98 0.65
413.01 0.42
415.33 0.89
418.89 3.33
422.6 4.42
424.61 2.5
425.72 0.61
426.84 0.73
428.23 1.36
429.84 2.3
432.78 4.46
435.94 4.4
438.82 0.5
440.5 0.95
443.17 2.09
446.44 0.82
448.8 1.21
449.54 4.55
450.37 4.55
451.8 4.55
452.85 4.27
453.43 4.93
454.35 4.36
456.33 0.38
458.35 3.81
460.36 0.42
462.48 0.22
464.39 0.66
466.4 1.22
468.44 0.56
470.43 0.92
472.44 0.6
474.51 0.96
476.5 0.83
478.5 0.2
480.52 0.15
482.56 4.39
484.57 1.74
486.6 0.14
488.31 0.65
490.51 1.11
492.32 4.22
495.66 3.93
498.05 1.0
500.0 2.8
501.1 0.8
502.52 1.13
504.76 5.0
506.72 4.27
508.73 6.03
510.75 0.37
512.8 0.47
514.31 0.66
516.79 2.86
518.43 1.06
522.06 2.12
524.24 3.29
528.73 3.49
531.72 3.69
532.53 5.68
535.11 1.25
536.82 3.83
538.2 4.57
539.7 4.57
541.37 0.54
543.59 1.17
546.68 4.58
549.16 4.58
550.83 5.22
552.6 0.71
554.56 0.28
558.78 2.32
560.7 3.28
563.07 3.62
565.01 0.55
566.29 3.35
568.1 1.58
569.43 1.13
570.79 1.95
572.06 1.21
574.44 0.2
576.62 1.08
578.12 1.92
579.7 2.38
580.88 1.02
582.44 1.38
585.2 5.15
586.21 0.31
588.25 0.91
590.26 1.23
592.25 4.79
594.26 4.73
596.34 0.26
598.27 0.75
600.45 0.9
602.82 0.69
604.59 0.8
606.35 0.98
608.77 0.41
611.53 1.61
615.19 0.34
618.76 2.42
622.26 2.18
624.84 2.53
626.82 0.62
627.85 2.58
630.0 0.46
631.05 1.91
632.3 0.19
633.89 0.57
636.26 0.02
637.27 0.6
639.15 0.42
640.54 0.14
642.98 0.99
643.98 5.47
645.31 0.39
646.71 4.07
648.55 0.6
650.44 4.98
652.61 0.89
654.35 4.15
656.45 0.3
658.64 4.37
660.38 0.36
662.46 0.84
664.56 4.74
666.4 0.49
668.51 0.72
670.56 0.39
672.39 0.85
674.49 6.26
676.6 1.54
678.58 1.74
680.6 1.47
682.57 3.18
684.48 0.95
686.57 0.29
688.42 4.71
690.53 1.05
692.44 0.17
694.45 0.55
696.51 0.73
698.63 0.58
700.45 1.52
702.54 3.51
704.38 0.72
706.48 0.19
708.67 1.2
710.44 1.6
712.53 4.83
714.42 1.57
716.54 0.57
719.16 0.7
720.84 1.16
722.44 0.43
724.53 0.38
726.69 4.28
728.46 1.15
730.54 1.63
732.39 2.56
734.47 1.01
736.56 4.69
738.41 8.62
740.5 0.89
742.57 2.27
744.7 0.43
746.47 8.11
748.57 0.5
750.66 4.77
752.5 0.34
754.54 0.69
756.66 0.69
758.5 1.06
760.56 4.61
762.66 7.13
764.48 0.36
766.58 0.95
768.42 0.95
770.51 0.13
772.58 6.74
774.7 4.39
776.49 0.29
778.58 11.1
780.72 1.74
782.49 3.76
784.58 6.11
786.66 1.05
788.47 0.88
790.56 1.44
792.63 0.74
794.72 0.84
796.54 1.18
798.61 4.64
800.67 1.84
802.52 0.04
804.61 0.43
806.74 4.59
808.47 3.97
810.55 1.01
812.52 4.81
814.48 0.49
816.56 0.49
818.67 1.2
820.5 8.01
822.6 4.37
824.7 1.57
826.54 0.05
828.62 0.69
830.7 0.63
832.53 1.2
834.62 0.13
836.59 4.4
838.74 0.74
841.11 0.12
842.52 0.44
844.71 4.43
846.54 4.08
848.83 1.09
850.72 1.05
852.74 1.71
854.56 1.74
856.64 4.81
858.82 5.41
860.53 1.11
862.58 0.06
864.7 0.42
866.76 0.91
868.6 0.87
870.79 4.62
872.54 1.44
874.66 0.8
876.82 0.23
878.65 0.83
880.67 0.55
882.75 0.57
884.58 0.84
886.71 1.26
888.75 1.32
890.59 1.83
892.65 1.67
894.72 4.16
896.79 1.89
898.6 1.99
900.68 0.87
902.77 0.7
904.59 1.36
906.64 0.99
908.67 3.43
910.82 1.11
912.66 1.89
914.81 1.63
916.61 0.17
918.65 6.03
920.74 0.22
923.09 0.12
924.66 0.46
926.74 0.28
928.84 5.66
930.76 0.31
932.65 4.69
934.83 0.7
936.72 0.75
938.76 0.51
940.83 0.31
942.66 0.14
944.79 0.32
946.85 0.16
948.69 0.77
950.76 0.76
952.84 4.87
954.96 3.14
956.74 4.35
958.83 0.25
960.67 0.83
962.76 0.5
964.9 2.54
966.68 0.27
968.76 4.63
970.85 0.07
972.68 0.72
974.77 0.67
977.02 7.03
978.8 3.48
980.7 3.76
982.64 0.37
984.71 0.65
986.77 0.45
988.87 0.89
990.72 3.94
992.82 0.66
994.88 0.85
996.71 1.64
998.79 1.53
1000.86 7.89
1002.72 1.83
1004.73 2.43
1006.86 0.27
1008.69 0.34
1010.78 0.18
1012.87 1.15
1014.69 4.47
1016.77 5.14
1018.83 0.57
1020.68 0.49
1022.76 1.13
1024.88 4.71
1026.69 0.77
1028.74 4.19
1030.82 1.05
1032.96 0.28
1034.73 0.71
1036.82 6.84
1038.98 3.96
1040.72 0.6
1042.79 0.43
1045.0 0.11
1047.12 0.98
1048.86 1.17
1051.22 3.25
1053.12 4.42
1054.79 2.96
1056.95 4.79
1058.74 0.27
1060.83 0.33
1062.91 3.75
1064.72 0.41
1066.82 1.72
1068.91 0.5
1070.74 0.41
1072.81 6.49
1074.86 1.35
1076.97 3.76
1078.81 1.98
1080.88 5.82
1082.94 0.86
1084.79 6.07
1086.92 4.34
1088.98 0.65
1090.82 0.54
1092.91 0.73
1094.96 0.31
1096.78 0.98
1099.64 6.99
1103.12 2.39
1105.35 0.67
1107.22 0.31
1109.64 1.08
1111.94 1.65
1113.9 3.81
1115.73 3.77
1117.64 1.98
1119.33 0.43
1122.56 3.8
1125.22 6.67
1128.07 3.4
1129.29 2.03
1131.75 3.48
1133.64 0.41
1135.45 0.43
1137.02 1.16
1138.57 0.94
1140.22 6.51
1142.14 0.77
1144.47 4.76
1147.06 2.42
1148.44 0.39
1149.83 0.73
1151.08 2.53
1152.96 0.53
1154.77 0.95
1156.87 1.06
1158.95 1.31
1160.96 2.64
1163.51 4.54
1164.84 5.41
1166.8 0.58
1168.89 0.63
1170.96 0.66
1172.81 6.97
1174.87 0.07
1176.94 0.6
1178.75 0.24
1180.82 0.74
1182.94 2.46
1184.74 0.3
1186.85 4.82
1188.96 0.28
1190.97 0.32
1192.83 6.61
1194.88 0.95
1196.95 5.46
1198.78 4.22
1200.92 1.6
1202.99 1.73
1204.83 3.95
1206.92 4.11
1208.97 3.82
1211.08 4.66
1212.88 2.94
1214.95 4.88
1216.9 2.37
1219.54 2.68
1221.42 4.18
1223.45 6.26
1225.46 2.54
1228.08 0.69
1230.42 5.03
1232.0 3.6
1233.57 1.34
1235.16 1.03
1237.56 6.07
1239.57 0.45
1241.04 4.52
1243.65 0.73
1245.61 0.12
1247.62 0.23
1249.68 0.19
1250.97 2.77
1253.73 1.91
1255.32 1.22
1257.76 0.15
1258.97 3.09
1261.79 3.62
1263.28 2.66
1265.4 0.48
1267.97 0.14
1269.4 1.29
1270.83 0.42
1272.97 4.43
1275.31 5.39
1276.89 3.17
1279.07 3.08
1281.0 4.44
1282.94 3.64
1285.08 5.21
1287.0 1.52
1289.0 0.98
1291.04 0.06
1293.04 1.02
1295.07 2.42
1297.08 0.53
1299.35 0.73
1301.69 2.72
1304.26 4.33
1307.41 5.71
1310.2 4.46
1314.3 4.35
1316.46 5.37
1319.36 1.14
1321.61 2.12
1322.82 2.69
1324.3 1.67
1326.0 0.16
1328.4 0.79
1329.94 1.4
1330.88 0.32
1331.61 3.48
1335.16 1.69
1336.97 2.09
1337.89 2.55
1342.45 0.63
1344.27 2.17
1345.81 5.08
1347.36 0.22
1349.46 0.55
1350.86 1.35
1352.53 2.91
1354.0 3.53
1355.89 0.62
1357.23 0.57
1359.62 1.95
1361.42 4.14
1363.5 0.16
1365.26 0.78
1366.65 1.48
1369.38 1.87
1371.47 6.17
1376.83 3.22
1379.13 4.11
1381.43 0.25
1383.56 4.89
1385.39 0.13
1388.17 3.21
1390.83 5.15
1392.08 0.29
1394.92 0.07
1396.03 1.24
1398.65 3.08
1399.76 7.65
1401.47 6.35
1403.44 2.71
1404.46 0.35
1405.44 0.06
1406.34 2.11
1408.36 3.57
1410.37 3.59
1412.38 0.06
1414.39 4.36
1417.22 0.69
1422.42 0.54
1423.78 0.94
1425.46 0.29
1428.02 0.1
1429.95 0.92
1433.48 1.12
1434.15 1.71
1435.4 2.42
1436.15 3.4
1438.34 4.16
1442.75 0.68
1448.4 0.75
1449.8 0.39
1451.22 0.51
1452.95 2.27
1454.25 0.14
1456.83 0.38
1458.65 1.8
1459.46 3.45
1461.35 0.85
1462.73 0.51
1464.04 3.7
1465.18 3.33
1467.3 4.12
1468.42 2.42
1469.75 3.28
1472.37 2.06
1474.37 0.26
1475.98 0.66
1477.58 0.87
1479.54 2.82
1481.66 0.2
1483.29 4.07
1485.09 1.35
1486.94 1.81
1488.4 0.17
1490.39 3.53
1492.6 0.6
1494.45 0.71
1496.54 0.65
1498.36 6.37
1500.5 1.25
1502.48 0.14
1504.38 1.02
1506.48 0.39
1508.47 1.19
1510.75 0.23
1512.94 1.23
1514.71 0.88
1516.38 0.59
1518.49 0.86
1520.58 0.89
1522.41 4.04
1524.5 0.71
1526.62 1.4
1528.45 1.46
1530.55 0.37
1532.39 4.36
1534.46 0.79
1536.56 0.32
1538.39 0.25
1540.5 0.49
1542.6 0.53
1544.7 0.12
1546.55 3.61
1548.62 3.8
1550.5 2.59
1552.56 6.01
1554.38 0.16
1556.49 3.56
1558.57 0.26
1560.41 1.69
1562.47 0.96
1564.55 1.16
1566.41 0.35
1568.6 1.36
1570.62 3.51
1572.68 0.54
1574.5 0.37
1576.58 5.29
1578.73 0.31
1580.5 0.92
1582.58 6.54
1584.44 0.54
1586.48 0.27
1588.64 0.51
1590.6 0.67
1592.57 5.1
1594.55 3.48
1596.63 0.45
1598.46 0.55
1600.56 0.95
1602.65 1.39
1604.46 4.58
1606.54 0.49
1608.56 3.25
1610.46 0.15
1612.56 0.26
1614.63 2.09
1616.7 2.74
1618.51 4.3
1620.84 4.31
1622.46 0.09
1624.53 0.35
1626.61 7.65
1628.68 4.62
1630.5 0.16
1632.64 0.27
1634.65 0.45
1636.49 0.69
1638.6 0.87
1640.67 0.4
1642.48 4.6
1644.59 10.39
1646.66 0.4
1648.78 0.32
1650.55 1.31
1652.62 0.3
1654.7 0.44
1656.5 0.32
1658.6 0.8
1660.68 0.19
1662.51 0.8
1664.59 1.48
1666.69 4.73
1668.58 0.34
1670.61 0.55
1672.71 0.93
1674.61 1.07
1676.64 4.75
1678.73 0.59
1680.53 0.42
1682.65 0.6
1684.7 0.57
1686.53 0.6
1688.96 1.32
1691.01 4.51
1692.66 1.66
1694.63 2.9
1696.71 4.72
1698.54 0.07
1700.63 3.52
1702.71 0.41
1704.73 3.55
1706.65 0.88
1708.78 0.32
1710.57 0.4
1712.66 0.91
1714.76 4.47
1716.61 0.54
1718.68 0.55
1720.76 1.14
1722.61 1.02
1724.69 7.31
1726.8 0.3
1728.66 4.43
1730.73 1.56
1732.83 1.52
1734.6 1.11
1736.7 1.9
1738.79 0.63
1740.63 0.59
1742.67 0.2
1744.77 0.36
1746.6 0.17
1748.66 0.39
1750.77 1.33
1752.61 3.25
1754.68 1.52
1756.81 1.08
1758.84 1.02
1760.63 0.53
1762.71 3.05
1764.78 0.37
1766.84 0.76
1768.67 1.32
1770.75 1.8
1772.86 1.92
1774.68 1.43
1776.72 3.14
1778.83 0.64
1780.66 0.56
1782.75 0.78
1784.84 1.35
1786.67 5.61
1788.76 1.08
1790.84 0.99
1792.66 1.21
1794.76 2.12
1796.83 1.91
1798.66 1.97
1800.62 4.63
1802.81 0.75
1804.65 1.91
1806.73 1.12
1808.84 1.46
1810.66 2.85
1812.72 5.26
1814.83 0.26
1816.66 0.26
1818.78 0.81
1820.85 0.2
1822.9 1.13
1825.26 0.57
1826.99 2.89
1829.0 0.97
1831.03 0.44
1832.77 0.47
1834.92 2.42
1836.85 0.86
1838.8 0.24
1840.76 0.88
1842.74 0.76
1844.85 1.19
1846.94 2.83
1849.8 3.93
1851.31 3.96
1852.89 4.1
1854.9 3.26
1856.95 0.03
1860.03 1.14
1861.98 3.2
1863.81 2.37
1864.89 4.44
1867.22 0.45
1868.88 2.45
1871.09 4.49
1872.85 1.5
1875.11 0.86
1877.12 5.6
1879.19 1.45
1881.16 0.21
1883.18 4.23
1884.81 2.53
1886.74 0.32
1889.28 0.34
1891.25 3.73
1893.3 3.99
1894.93 1.2
1897.3 3.25
1898.96 0.75
1901.34 8.25
1903.37 3.63
1904.87 2.47
1907.45 3.89
1908.86 0.58
1911.42 0.52
1913.43 9.08
1915.45 0.3
1917.46 0.65
1919.48 0.78
1921.5 4.53
1923.51 0.82
1924.84 5.46
1927.65 0.13
1929.23 2.76
1932.5 0.01
1935.09 0.09
1937.88 1.52
1940.93 1.79
1942.21 1.86
1943.75 2.35
1944.6 3.61
1946.06 3.8
1948.23 6.12
1949.0 0.36
1951.76 0.68
1953.03 0.48
1954.79 2.99
1956.8 0.54
1959.64 0.37
1962.38 0.6
1963.42 1.12
1964.9 0.4
1966.86 1.31
1968.81 5.56
1970.91 1.09
1972.96 1.12
1974.95 0.15
1976.97 0.57
1979.02 0.1
1981.0 0.09
1983.03 0.48
1985.08 0.26
1987.06 0.13
1989.07 6.72
1991.09 0.49
1993.12 0.5
1995.12 0.65
1997.15 0.82
1999.16 0.18
2001.17 0.35
2003.18 7.43
2006.6 3.62
2010.1 4.41
2015.81 2.28
2017.72 1.4
2018.38 4.82
2019.8 0.63
2021.33 0.91
2022.86 1.75
2025.64 3.28
2027.36 3.46
2030.29 3.5
2033.52 0.67
2037.18 2.39
2038.91 2.22
2040.06 1.69
2041.88 0.16
2042.45 2.96
2043.1 3.48
2044.77 0.62
2046.06 0.73
2047.11 1.23
2048.71 1.23
2051.17 4.27
2052.82 0.33
2054.49 1.49
2057.25 0.44
2059.12 2.56
2061.22 2.49
2063.37 4.33
2065.0 0.63
2068.1 2.94
2072.1 0.06
2074.11 0.61
2075.93 4.27
2077.53 2.32
2079.46 1.4
2080.28 2.95
2081.08 4.6
2082.71 4.55
2084.52 0.08
2086.58 0.35
2088.69 3.95
2090.71 1.2
2092.61 4.1
2094.68 4.6
2096.77 0.38
2098.59 0.39
2100.57 2.05
2102.69 4.49
2104.61 4.49
2106.68 5.7
2108.78 0.74
2110.58 0.9
2112.65 4.09
2114.71 0.09
2116.8 0.42
2118.62 7.21
2120.72 0.32
2122.58 7.33
2124.63 1.05
2126.61 4.44
2128.56 1.34
2130.64 1.9
2133.01 1.12
2135.31 0.25
2137.87 3.13
2139.59 3.44
2141.09 1.76
2142.72 2.74
2144.77 0.3
2146.6 1.9
2148.69 1.34
2150.81 1.95
2152.63 0.84
2154.75 0.3
2156.82 0.24
2158.63 0.41
2160.62 4.73
2162.8 0.51
2164.6 0.49
2166.74 0.43
2168.79 2.87
2170.63 6.12
2172.72 7.34
2174.77 4.26
2176.62 0.51
2178.72 3.74
2180.79 0.53
2182.87 0.84
2184.72 0.19
2186.8 0.51
2188.88 0.34
2190.73 9.85
2192.81 0.41
2194.88 1.19
2196.71 1.15
2198.82 1.18
2200.9 0.78
2202.71 0.36
2204.8 0.51
2206.85 0.84
2208.69 0.22
2210.75 0.66
2212.86 0.5
2214.66 0.55
2216.74 1.8
2218.84 3.0
2220.68 0.85
2222.75 4.19
2224.87 0.21
2226.66 0.67
2228.73 0.65
2230.82 1.27
2232.93 6.1
2234.79 0.2
2236.84 2.59
2238.68 5.05
2240.73 0.36
2242.84 5.49
2244.89 10.82
2246.69 5.1
2248.79 1.11
2250.89 1.37
2252.73 1.38
2254.81 0.9
2256.89 4.28
2258.7 0.76
2260.78 0.46
2262.87 0.65
2264.96 0.69
2266.81 2.76
2268.91 1.0
2270.74 3.84
2272.81 1.71
2274.85 0.12
2276.73 2.28
2278.82 2.79
2280.92 0.13
2282.76 0.71
2284.82 0.92
2286.89 1.97
2289.05 0.07
2290.78 0.76
2292.87 0.1
2294.93 4.13
2296.78 1.0
2298.85 0.64
2300.94 0.55
2303.16 5.9
2304.84 4.44
2306.93 0.65
2308.76 0.84
2310.83 1.61
2312.96 0.39
2314.77 1.12
2316.84 2.71
2318.93 4.67
2320.79 1.14
2322.91 0.32
2324.96 0.82
2326.8 0.35
2328.92 3.67
2330.75 0.31
2332.85 0.23
2334.92 0.39
2336.87 5.67
2338.83 0.57
2340.92 0.15
2343.03 3.27
2344.87 0.33
2346.94 0.25
2349.03 0.64
2350.84 0.81
2352.95 4.25
2355.03 8.29
2356.87 0.47
2358.96 0.15
2361.04 0.5
2362.84 0.92
2364.89 0.77
2367.09 4.49
2368.83 0.25
2370.9 0.38
2372.98 0.43
2374.81 1.29
2376.92 7.47
2378.98 1.27
2380.94 4.55
2382.89 0.24
2384.97 0.6
2386.83 4.07
2389.52 0.26
2392.1 3.6
2393.88 1.05
2395.39 5.32
2397.18 0.72
2398.85 1.37
2400.97 8.08
2403.05 1.5
2405.01 4.24
2406.93 4.67
2409.03 0.35
2411.16 0.12
2412.94 0.86
2415.04 4.01
2416.95 1.96
2418.94 0.66
2421.2 0.95
2423.12 0.47
2424.95 2.48
2427.0 1.18
2428.97 4.32
2430.92 0.73
2433.02 1.01
2435.1 1.95
2436.89 0.48
2438.98 2.97
2441.06 0.9
2442.9 1.38
2445.05 0.38
2447.11 0.22
2448.89 0.55
2450.99 0.86
2453.06 4.6
2454.91 0.33
2456.99 0.79
2459.1 1.03
2460.91 1.38
2463.03 4.28
2465.1 2.29
2466.93 0.91
2468.98 10.57
2471.07 0.24
2473.14 0.82
2474.98 0.5
2476.97 4.31
2479.14 1.92
2481.01 1.48
2483.13 1.22
2485.51 1.29
2487.18 0.05
2489.0 0.16
2491.18 0.09
2493.18 3.52
2495.02 0.25
2497.13 0.52
2499.0 1.24
2500.99 6.84
2503.15 1.38
2504.97 1.07
2507.06 1.18
2509.14 4.29
2510.97 3.68
2513.06 0.86
2515.14 0.75
2516.97 1.2
2519.04 1.34
2521.14 0.68
2523.23 1.37
2525.05 4.25
2527.14 1.14
2528.99 0.04
2531.09 0.94
2533.16 0.73
2535.0 7.96
2537.08 1.03
2539.16 1.45
2540.99 1.65
2543.07 1.43
2545.15 2.5
2547.21 1.53
2549.06 4.0
2551.16 1.11
2553.23 0.67
2555.04 0.8
2557.15 1.25
2559.22 0.38
2561.06 1.5
2563.15 1.39
2565.26 1.55
2567.09 1.83
2569.17 2.79
2571.26 0.93
2573.11 4.06
2575.21 1.63
2577.05 2.3
2579.15 1.77
2581.21 1.75
2583.1 2.04
2585.64 0.26
2587.45 0.47
2589.08 4.94
2591.14 4.42
2593.23 3.96
2595.05 0.66
2597.04 4.6
2599.24 1.01
2601.06 0.32
2603.14 0.13
2605.23 0.58
2607.04 7.27
2609.11 0.75
2611.19 0.83
2613.25 0.27
2615.08 0.56
2617.2 0.4
2619.22 0.66
2621.3 3.92
2623.12 0.37
2625.21 0.69
2627.31 1.3
2629.12 1.5
2631.19 11.63
2633.29 0.74
2635.11 1.15
2637.14 1.3
2639.32 4.44
2641.12 4.65
2643.87 3.29
2645.2 5.18
2647.88 2.59
2649.12 1.04
2651.94 6.85
2653.96 7.31
2655.09 1.75
2657.99 0.68
2660.01 2.79
2661.29 4.31
2664.04 0.1
2666.05 0.33
2668.32 0.89
2672.08 4.61
2675.36 4.01
2677.88 0.9
2678.99 0.95
2681.51 0.68
2683.15 1.15
2684.53 1.34
2685.58 1.31
2687.62 1.96
2689.69 3.12
2692.49 5.04
2695.54 3.95
2697.87 4.55
2699.59 3.86
2700.6 0.35
2701.37 5.7
2702.14 0.58
2703.23 0.45
2705.38 0.71
2707.41 7.04
2709.42 4.57
2711.44 0.67
2713.46 0.38
2715.48 0.59
2717.5 0.25
2719.52 0.96
2721.86 0.65
2723.56 0.1
2725.29 0.84
2727.97 4.39
2729.47 3.98
2731.67 4.51
2733.66 3.97
2735.22 4.17
2737.68 0.45
2739.69 0.11
2741.71 6.37
2743.26 0.9
2745.74 4.44
2747.75 0.32
2750.61 1.1
2752.17 4.06
2754.14 0.42
2756.92 3.48
2758.5 1.14
2759.5 0.96
2761.83 1.16
2763.84 0.28
2765.85 6.23
2767.42 1.56
2769.42 0.09
2771.23 3.72
2774.51 0.15
2777.51 2.71
2780.31 3.25
2781.81 3.07
2782.58 3.25
2783.28 2.9
2785.49 3.37
2787.25 0.24
2790.73 0.02
2792.49 1.45
2794.51 0.83
2796.6 4.85
2797.68 4.36
2799.87 0.33
2801.47 4.46
2803.48 0.33
2805.5 0.07
2807.52 6.91
2809.45 0.59
2811.55 2.53
2813.56 3.74
2815.6 1.37
2817.59 1.27
2819.6 0.3
2821.9 0.71
2823.66 0.35
2825.7 4.63
2827.7 0.28
2829.72 0.65
2831.73 0.74
2833.76 1.15
2835.79 1.09
2837.36 6.34
2839.42 0.41
2841.7 0.85
2844.2 0.48
2845.41 0.82
2847.75 2.99
2849.76 6.1
2852.3 1.14
2854.27 1.99
2855.91 1.05
2857.43 2.33
2859.87 7.2
2861.92 7.22
2863.75 7.36
2865.79 1.62
2868.94 4.56
2872.02 0.07
2874.58 0.66
2876.98 1.14
2878.44 2.7
2879.87 4.3
2881.29 2.39
2883.03 1.46
2885.38 1.48
2888.61 3.96
2890.18 4.1
2891.62 5.86
2893.49 0.95
2895.3 0.88
2896.72 1.15
2897.99 1.28
2899.91 1.72
2902.26 4.51
2903.87 3.97
2905.62 5.38
2907.59 0.41
2909.67 1.38
2911.65 3.13
2913.91 3.12
2915.86 2.09
2917.79 0.46
2919.46 1.11
2921.54 2.0
2923.42 6.83
2925.58 2.23
2927.62 1.85
2929.46 0.73
2931.56 1.77
2933.5 1.16
2935.49 1.44
2937.54 1.36
2939.43 4.38
2941.5 4.2
2943.71 4.3
2946.18 2.71
2948.12 1.17
2949.67 5.43
2951.64 1.36
2953.46 1.57
2955.55 2.66
2957.46 1.3
2959.44 3.43
2961.53 2.86
2963.61 5.27
2965.66 0.89
2967.5 0.6
2969.55 1.44
2971.71 0.77
2973.43 1.71
2975.56 2.52
2977.62 4.31
2979.45 1.48
2981.54 7.2
2983.6 1.27
2985.68 1.42
2987.54 3.47
2989.78 0.97
2991.45 0.66
2993.57 1.2
2996.17 0.69
2998.25 2.99
3000.39 4.3
3002.56 4.19
3005.16 0.17
3007.7 1.48
3010.31 4.12
3012.49 4.15
3014.67 0.27
3016.87 1.12
3019.85 3.92
3022.15 4.01
3024.18 3.92
3025.27 4.91
3026.99 0.57
3029.31 2.29
3031.78 0.78
3034.16 2.22
3036.58 3.51
3037.85 3.7
3039.9 7.09
3042.11 1.32
3044.79 4.34
3048.15 2.88
3049.18 4.73
3050.03 5.32
3050.87 0.06
3053.1 1.25
3055.52 4.48
3057.21 4.48
3058.61 4.47
3060.28 0.77
3061.88 1.1
3063.2 1.89
3065.0 0.77
3066.73 1.34
3069.09 2.7
3071.65 3.89
3074.12 2.59
3076.13 1.06
3078.28 1.69
3080.56 4.1
3082.73 4.63
3084.0 4.35
3085.39 4.71
3087.64 0.55
3090.44 0.1
3092.65 0.27
3094.88 1.65
3097.77 4.34
3099.78 4.57
3101.26 0.57
3102.69 0.45
3104.21 1.72
3105.42 1.31
3107.25 0.9
3108.82 1.64
3109.83 1.64
3111.57 1.24
3113.65 1.71
3115.72 6.24
3117.8 1.34
3119.62 4.38
3122.54 4.51
3125.11 3.58
3126.8 0.41
3128.43 0.59
3130.07 0.73
3132.06 0.67
3133.97 2.19
3135.77 2.61
3137.7 0.98
3139.79 3.67
3141.6 1.02
3143.7 1.35
3145.81 2.11
3147.64 1.13
3149.67 2.44
3152.0 3.91
3153.62 2.88
3155.68 4.38
3157.81 0.29
3159.63 0.76
3161.76 0.63
3163.6 0.75
3165.66 0.85
3167.75 1.43
3169.77 1.14
3171.83 1.3
3173.68 1.98
3175.72 1.57
3177.83 6.96
3179.9 1.68
3181.72 1.93
3183.78 0.4
3185.86 1.28
3187.66 6.42
3189.82 0.96
3191.99 3.9
3194.36 4.66
3196.49 0.41
3198.31 1.19
3200.13 1.96
3202.15 3.74
3204.14 3.41
3206.28 3.32
3207.77 4.27
3209.92 1.15
3211.68 1.34
3213.82 0.73
3215.86 0.67
3217.69 1.39
3219.79 1.21
3221.86 1.24
3223.72 4.29
3225.81 3.2
3227.92 4.84
3229.74 0.56
3231.77 4.05
3234.37 4.44
3237.13 4.53
3239.6 0.36
3241.61 0.07
3243.59 0.88
3245.33 0.76
3247.09 0.79
3248.88 4.61
3250.92 2.12
3253.88 4.24
3257.83 3.39
3260.88 4.42
3261.77 4.56
3263.03 6.39
3264.9 0.42
3266.56 0.59
3269.07 0.14
3270.69 4.18
3272.33 3.49
3274.15 2.36
3279.05 0.1
3286.06 1.71
3287.42 2.81
3289.4 2.29
3290.53 2.83
3292.1 2.22
3293.73 1.0
3294.78 3.05
3296.12 0.2
3297.47 2.66
3299.2 1.48
3301.18 1.18
3303.18 0.55
3305.21 0.57
3307.23 0.25
3309.24 0.46
3311.25 5.76
3313.29 0.4
3315.23 1.6
3317.3 4.03
3319.33 0.51
3321.34 7.71
3323.35 1.05
3325.37 1.57
3327.15 1.42
3329.23 0.39
3331.49 1.29
3333.56 1.25
3334.87 1.49
3337.06 2.84
3339.48 2.07
3341.5 0.6
3343.07 0.1
3345.57 0.77
3347.67 0.46
3350.42 1.58
3353.39 2.44
3356.14 3.32
3357.07 5.27
3358.1 0.2
3359.15 0.58
3361.68 0.57
3363.69 7.14
3365.7 6.13
3367.91 1.28
3368.97 3.78
3372.04 4.64
3373.8 4.64
3375.83 3.07
3377.91 6.83
3379.07 3.11
3381.87 2.8
3383.88 0.12
3385.07 2.62
3387.3 4.38
3388.94 1.18
3391.02 3.61
3393.22 0.2
3395.04 3.92
3397.0 0.59
3399.42 1.29
3401.02 0.03
3403.05 5.82
3405.06 8.35
3407.07 8.35
3409.07 8.35
3411.6 1.17
3414.29 4.58
3416.77 3.73
3419.06 1.08
3421.06 0.42
3422.1 5.38
3423.26 1.67
3425.22 0.29
3427.24 1.81
3429.25 0.25
3432.14 0.78
3435.52 4.0
3438.52 4.65
3440.41 0.39
3443.8 0.68
3448.16 0.8
3450.11 0.09
3451.77 0.18
3452.99 2.25
3454.76 1.0
3455.49 4.25
3456.49 6.13
3458.49 1.19
3460.67 5.06
3462.44 1.09
3464.1 1.67
3465.81 1.34
3467.31 1.77
3468.29 5.58
3469.29 0.41
3471.5 1.93
3473.51 0.49
3475.4 1.3
3477.55 3.65
3479.57 4.31
3481.58 4.35
3483.59 5.29
3485.71 0.12
3488.03 0.18
3490.32 1.21
3491.88 2.63
3493.59 2.73
3495.45 2.57
3497.71 3.72
3499.11 4.39
3501.15 1.65
3504.02 1.38
3505.44 5.45
3507.72 2.78
3509.72 0.54
3512.14 3.86
3514.8 3.87
3516.97 3.86
3519.16 2.0
3521.64 0.12
3523.95 4.17
3526.15 1.16
3528.68 0.28
3530.9 1.12
3533.03 1.16
3535.56 4.45
3537.86 2.31
3539.15 3.38
3541.62 4.44
3543.93 0.24
3546.04 0.83
3547.71 3.98
3550.17 0.34
3552.09 0.72
3554.33 1.72
3556.59 0.38
3558.26 1.05
3559.75 1.4
3561.5 1.38
3563.81 0.94
3566.0 0.55
3568.47 3.14
3569.86 0.9
3571.88 0.42
3573.06 3.84
3575.98 0.9
3577.23 4.65
3579.99 0.54
3581.87 2.9
3583.61 2.2
3585.46 0.5
3587.34 0.38
3589.12 0.71
3590.93 1.21
3593.1 4.16
3595.09 0.88
3596.57 0.77
3598.42 0.58
3600.32 4.62
3602.36 1.42
3604.08 1.09
3606.1 2.02
3608.21 3.9
3610.26 3.53
3611.85 5.99
3613.86 0.78
3615.71 0.69
3618.13 2.21
3621.74 1.35
3624.99 4.16
3627.28 0.67
3629.2 2.54
3631.07 5.93
3632.49 0.84
3634.1 1.58
3635.41 1.26
3637.03 3.63
3638.44 1.05
3640.53 0.35
3643.32 1.57
3646.35 0.15
3648.66 5.15
3650.18 0.25
3651.44 0.94
3652.67 1.05
3654.2 0.76
3655.62 1.32
3656.91 1.03
3658.26 0.97
