0.0 26.89
1.62 31.04
3.72 36.04
5.56 7.71
7.63 17.55
9.68 36.24
11.74 36.24
13.56 36.24
15.66 36.24
17.76 36.24
19.6 1.8
21.71 13.61
23.79 13.65
25.82 13.65
27.63 13.65
29.69 16.26
31.78 3.61
33.84 12.93
35.62 14.56
37.74 0.07
39.64 17.8
41.7 19.72
43.75 20.74
45.62 20.74
47.71 20.86
49.77 20.86
51.62 20.86
53.71 20.86
55.76 20.86
57.8 20.86
59.61 20.86
61.68 20.86
63.75 20.86
65.85 20.86
67.62 20.86
69.64 20.86
71.69 20.86
73.75 20.86
75.82 20.86
77.65 20.86
79.75 20.86
81.84 20.86
83.66 20.86
85.74 20.86
87.81 20.86
89.63 20.86
91.67 20.86
93.76 20.86
95.79 23.16
97.83 24.55
99.65 24.0
101.72 27.59
103.8 26.67
105.88 28.83
107.7 21.89
109.77 27.51
111.86 30.18
113.7 28.51
115.76 0.88
117.76 13.2
119.67 13.36
121.72 13.41
123.81 32.39
125.87 19.89
127.68 32.63
129.77 32.03
131.84 33.55
133.92 35.01
135.72 32.76
137.84 34.77
139.91 32.89
141.72 34.1
143.8 34.41
145.87 33.75
147.69 33.75
149.75 33.75
151.83 5.86
153.9 16.05
155.95 16.15
157.78 28.72
159.85 28.72
161.92 3.06
163.76 8.31
165.79 12.51
167.94 12.59
169.75 15.33
171.86 13.77
173.91 15.32
175.72 17.08
177.84 17.47
179.91 18.0
181.74 17.96
183.83 21.19
185.94 20.75
187.81 14.83
189.78 21.7
191.92 23.57
193.99 24.46
195.79 26.8
197.9 27.12
199.97 14.52
201.79 26.77
203.87 25.67
205.93 31.31
207.76 30.05
209.83 25.09
211.94 25.09
214.0 25.09
215.82 25.09
217.87 31.76
219.97 37.37
221.78 40.31
223.86 9.36
225.91 17.09
228.01 18.91
229.83 25.86
231.94 25.86
234.03 1.5
235.85 12.26
237.88 12.43
240.0 14.78
241.81 16.0
243.9 17.64
245.96 18.2
247.78 18.64
249.86 19.61
251.94 1.97
254.02 0.07
255.85 18.18
257.92 18.18
259.99 19.06
262.04 19.06
263.86 19.06
265.97 19.06
268.04 19.06
269.86 19.06
271.93 19.06
274.01 19.06
275.82 19.06
277.9 19.06
279.97 19.06
282.06 19.06
283.87 19.06
285.89 21.33
288.05 17.72
289.87 24.58
291.95 24.58
294.02 24.58
295.85 24.51
297.91 25.02
300.01 23.5
301.83 26.99
303.92 28.91
305.99 30.98
308.07 24.57
309.9 24.57
311.97 24.57
314.04 24.57
315.87 10.39
317.95 13.24
320.03 13.24
322.09 15.67
323.9 31.08
325.99 28.87
328.09 31.31
329.9 31.31
332.0 3.83
333.98 13.58
336.15 13.58
337.97 13.92
340.04 14.44
341.88 30.93
343.94 30.28
346.02 32.62
348.11 32.62
349.93 32.62
352.0 1.47
354.06 14.22
355.9 14.95
357.92 32.36
360.09 33.18
361.92 29.54
364.0 3.65
366.1 15.45
368.17 15.47
370.0 15.47
372.1 15.47
373.95 16.7
376.04 16.7
378.13 16.7
379.96 16.7
381.97 16.7
384.15 17.72
385.98 17.72
388.05 33.0
390.13 33.0
391.91 33.0
394.0 33.0
396.07 33.0
398.16 33.0
399.97 34.5
402.06 34.5
404.14 33.98
405.96 33.98
408.04 34.06
410.12 34.8
411.94 32.8
414.03 33.79
416.1 33.79
418.19 33.79
420.0 33.79
422.08 33.79
424.16 33.79
426.19 33.79
427.99 33.79
430.1 33.79
432.2 34.45
434.04 34.45
436.11 34.45
438.18 34.01
440.0 34.01
442.08 34.01
444.2 34.01
445.98 34.01
448.08 34.01
450.16 34.01
452.22 34.01
454.04 34.01
456.11 34.01
458.21 34.01
460.27 34.01
462.12 34.01
464.23 34.01
466.05 34.01
468.12 28.87
470.22 29.73
472.03 29.73
474.1 27.94
476.18 31.06
478.0 19.6
480.1 28.69
482.16 28.69
484.23 28.69
486.04 28.69
488.14 33.85
490.23 24.55
492.06 37.51
494.12 37.51
496.22 37.51
498.26 3.54
500.1 34.88
502.18 5.07
504.26 17.24
506.09 18.07
508.16 18.07
510.21 18.07
512.28 18.07
514.06 18.07
516.14 18.07
518.2 18.07
520.27 18.07
522.34 18.07
524.14 7.56
526.19 8.12
528.27 10.7
530.09 12.87
532.22 13.63
534.3 15.81
536.12 15.48
538.21 18.84
540.21 20.71
542.07 24.39
544.15 28.54
546.24 29.29
548.28 29.29
550.09 30.15
552.19 30.15
554.26 31.36
556.29 31.36
558.35 31.36
560.16 31.36
562.23 31.36
564.23 34.73
566.38 34.73
568.2 34.73
570.27 34.73
572.36 34.73
574.18 34.73
576.24 34.73
578.34 34.73
580.15 34.73
582.23 32.7
584.32 32.7
586.15 32.7
588.21 32.7
590.28 32.7
592.36 32.7
594.15 32.7
596.21 32.7
598.27 32.7
600.33 32.7
602.41 32.7
604.21 32.7
606.29 32.7
608.39 32.7
610.21 32.7
612.18 32.7
614.34 32.7
616.16 32.7
618.23 34.52
620.29 34.52
622.36 34.52
624.18 34.52
626.24 34.26
628.32 36.4
630.39 1.94
632.24 37.91
634.29 4.26
636.26 16.76
638.44 18.54
640.23 18.54
642.29 18.57
644.37 37.83
646.19 37.83
648.3 37.83
650.38 37.83
652.46 37.83
654.27 37.83
656.36 37.83
658.43 37.83
660.21 37.83
662.28 37.83
664.36 37.83
666.42 37.83
668.26 37.83
670.33 37.83
672.38 37.83
674.44 37.83
676.26 37.83
678.33 2.53
680.41 4.91
682.24 6.05
684.32 6.06
686.42 6.96
688.22 7.26
690.32 5.69
692.4 9.77
694.45 11.19
696.26 13.26
698.37 0.74
700.42 16.03
702.27 17.21
704.32 20.31
706.4 20.75
708.48 21.04
710.29 22.48
712.37 16.97
714.44 23.99
716.27 25.32
718.34 25.49
720.42 26.38
722.5 24.06
724.34 26.18
726.4 23.91
728.53 3.48
730.34 9.12
732.33 11.33
734.5 12.93
736.28 6.77
738.37 8.96
740.45 12.04
742.28 12.91
744.37 15.47
746.45 17.95
748.52 19.89
750.34 19.89
752.43 19.89
754.5 19.55
756.58 19.65
758.41 23.04
760.51 0.7
762.35 22.81
764.44 21.81
766.52 25.27
768.34 27.54
770.44 28.53
772.54 32.8
774.35 1.46
776.45 30.92
778.54 35.13
780.36 34.63
782.41 34.63
784.5 34.63
786.33 34.63
788.44 34.63
790.54 35.06
792.37 31.03
794.45 37.47
796.54 37.47
798.37 9.34
800.45 37.72
802.53 37.72
804.36 37.72
806.43 41.39
808.48 41.39
810.57 0.14
812.4 46.66
814.49 49.97
816.57 49.97
818.39 49.97
820.5 49.91
822.59 49.91
