0.0 0.82
1.73 0.97
2.28 0.94
2.87 0.67
5.14 0.48
5.99 0.11
7.38 1.21
8.13 1.16
9.88 0.71
11.37 0.29
14.5 0.08
16.21 1.29
18.36 0.17
19.68 1.44
21.18 1.41
22.68 1.06
23.81 1.14
25.75 1.97
28.38 0.25
31.51 0.38
34.04 1.42
36.38 0.98
37.9 0.04
39.29 1.9
40.63 2.15
42.33 1.53
43.74 1.27
45.8 1.96
47.97 1.78
50.14 1.9
51.86 0.8
53.27 0.43
55.11 2.09
56.31 1.96
59.72 0.25
63.6 0.92
66.71 0.53
68.03 1.21
70.22 0.16
71.92 1.1
73.5 1.18
76.77 1.28
77.77 1.92
79.43 0.83
80.34 0.92
82.43 1.56
84.04 0.9
87.04 1.35
87.93 2.4
89.18 2.19
91.98 0.62
92.77 2.25
93.67 2.89
94.9 2.86
96.04 0.92
99.31 0.69
101.54 2.14
104.23 1.85
109.42 2.14
111.33 1.87
116.29 1.14
118.96 1.43
120.74 1.82
122.1 1.98
122.76 1.75
126.54 0.14
129.24 0.89
132.18 0.79
133.68 0.92
135.16 0.21
136.3 1.15
137.21 1.38
138.1 1.45
139.0 2.01
140.7 0.76
141.55 2.38
143.01 1.54
144.56 0.54
145.85 2.51
146.77 2.98
150.23 1.57
151.79 2.02
153.48 2.3
156.5 1.83
159.41 1.79
160.46 3.54
162.37 0.81
163.71 2.39
166.17 0.61
168.33 0.28
170.33 1.84
172.06 1.62
173.94 1.15
176.52 2.03
178.66 0.99
180.99 0.95
182.68 0.79
186.63 1.28
190.02 1.35
192.81 1.38
194.69 1.02
196.37 1.43
200.4 0.44
201.53 2.1
202.11 1.68
203.1 3.24
204.73 0.84
207.18 0.41
208.46 1.34
211.03 2.23
213.88 0.56
215.63 1.48
217.45 1.51
220.8 1.55
222.07 1.41
223.18 2.16
225.13 1.28
226.46 1.61
229.06 2.44
230.07 2.8
232.74 2.64
234.01 2.7
235.56 2.31
237.07 3.6
238.47 3.56
241.86 3.57
243.27 2.6
245.89 3.02
247.56 3.06
250.19 0.2
252.79 2.82
256.1 3.23
258.62 2.78
261.13 2.58
264.07 2.12
267.32 1.81
269.18 2.23
269.72 1.54
270.48 0.42
272.42 0.23
275.71 1.44
279.91 1.57
282.01 0.29
284.04 1.53
285.07 2.12
286.1 2.17
288.7 2.03
290.42 1.84
292.16 0.34
294.05 2.51
295.31 2.14
299.61 0.47
303.24 0.74
305.25 1.47
306.74 0.8
307.87 1.06
309.13 1.16
310.17 1.36
310.97 1.94
312.14 0.44
314.19 2.99
318.08 1.5
320.16 2.07
323.06 1.85
326.2 1.4
328.1 1.86
328.93 1.31
330.88 1.31
332.49 0.14
333.44 1.88
336.72 0.19
339.42 0.28
342.28 0.01
344.37 1.03
346.8 0.78
349.01 0.42
352.05 0.55
353.82 0.06
355.27 0.12
356.78 0.59
358.22 0.32
359.56 1.76
360.32 1.54
361.68 1.14
362.68 1.57
364.22 1.88
365.2 3.31
367.99 0.61
371.35 0.83
373.31 2.14
375.18 3.32
376.42 3.15
377.95 0.59
379.05 3.19
380.33 2.07
381.54 3.16
383.55 2.92
385.44 1.47
387.45 1.07
390.08 0.34
392.86 2.16
395.47 2.11
398.28 0.25
400.59 0.3
402.69 1.11
404.31 2.63
406.14 2.84
408.05 3.08
410.28 2.69
412.12 0.1
413.66 1.81
415.58 0.13
417.44 1.24
419.02 2.39
421.4 0.77
423.27 2.31
424.51 2.84
427.58 2.92
431.0 3.01
433.97 2.1
437.07 1.3
441.41 0.97
443.56 1.27
445.67 1.21
446.93 2.16
449.95 1.72
451.98 1.92
453.61 2.82
455.57 0.62
456.56 2.28
457.1 2.78
461.22 2.44
464.03 1.46
466.98 3.13
469.44 2.33
471.04 2.97
472.42 2.65
473.69 4.23
475.54 2.59
477.24 2.46
479.27 2.45
480.73 2.85
482.61 1.64
484.42 0.85
486.81 0.47
488.92 1.87
490.82 2.44
493.03 0.91
498.36 0.42
499.69 2.21
500.93 2.53
502.3 1.32
504.31 0.11
507.1 0.89
509.62 0.93
511.48 1.73
512.53 2.65
513.72 1.66
515.53 2.32
517.69 0.22
