0.0 123.0
0.91 64.86
2.9 13.94
4.91 144.85
6.72 11.21
8.9 2.16
10.9 180.08
12.91 11.72
14.91 26.06
16.91 12.59
18.91 27.72
20.91 17.18
22.93 115.85
24.91 102.69
26.9 11.89
28.9 102.54
30.91 121.03
32.9 142.98
34.91 139.81
36.9 13.21
38.9 163.26
40.91 10.01
42.91 137.44
44.91 80.95
46.91 203.7
48.91 6.62
50.91 17.21
52.9 147.52
54.9 12.62
56.92 216.53
58.9 222.48
60.91 12.18
62.9 49.66
64.91 11.52
66.9 90.19
68.9 91.57
70.9 106.07
72.9 106.07
74.92 0.88
76.9 52.94
78.91 52.94
80.9 52.94
82.91 109.21
84.9 109.21
86.92 109.21
88.92 109.21
90.92 109.21
92.9 109.21
94.91 111.13
96.91 108.64
98.91 108.64
100.91 109.77
102.91 109.77
104.92 109.77
106.92 109.77
108.92 109.77
110.9 109.77
112.91 113.15
114.91 113.15
116.91 113.15
118.91 129.52
120.92 129.11
122.92 12.17
124.92 141.48
126.9 14.44
128.91 170.63
130.91 136.21
132.91 11.37
134.91 15.06
136.91 11.78
138.92 0.45
140.92 215.32
142.9 215.32
144.91 70.53
146.91 11.37
148.91 279.58
150.91 14.8
152.92 309.54
154.92 195.18
156.92 12.68
158.92 178.39
160.9 12.7
162.9 178.02
164.91 7.35
166.91 163.97
168.91 167.32
170.91 11.48
172.92 211.0
174.92 14.36
176.9 205.35
178.9 221.19
180.91 15.61
182.91 116.05
184.91 14.77
186.92 233.61
188.92 236.32
190.92 236.89
192.9 240.54
194.91 11.55
196.91 128.64
198.9 11.34
200.91 240.94
202.91 232.3
204.92 12.87
206.92 7.3
208.92 11.4
211.16 250.79
212.97 11.36
215.16 261.94
217.16 221.39
219.16 11.51
221.16 161.98
223.16 14.45
225.16 217.94
227.16 254.79
229.16 274.8
231.16 303.26
233.16 13.07
235.16 401.75
236.98 11.05
239.17 230.69
241.16 314.33
243.16 11.24
245.16 243.56
247.16 11.06
249.16 290.84
251.16 237.99
253.16 11.67
255.17 109.97
257.16 110.61
259.16 116.78
260.98 13.6
263.16 103.17
265.16 131.03
267.16 15.0
269.16 172.68
271.17 13.4
273.17 169.17
275.16 194.22
277.17 10.8
279.16 221.68
281.16 12.78
283.16 221.43
285.16 11.57
287.17 246.82
289.17 172.62
291.17 170.27
293.17 88.57
295.16 14.57
297.16 151.09
299.16 176.96
301.16 12.65
303.16 130.6
305.16 13.72
307.16 172.16
309.17 14.76
311.16 106.9
313.16 105.28
315.16 17.22
317.16 147.88
319.16 12.47
321.17 178.09
323.17 194.9
325.16 11.18
327.16 223.54
329.16 12.69
331.16 200.55
333.16 12.29
335.16 235.26
337.17 241.94
339.16 12.78
341.17 240.02
343.16 252.87
345.16 124.6
347.16 217.4
349.17 11.99
351.17 269.77
353.16 12.5
355.17 224.58
357.17 12.02
359.16 289.23
361.17 278.53
363.16 10.92
365.16 196.52
367.17 12.74
369.16 302.99
371.17 242.43
373.17 12.13
375.16 139.49
377.16 12.78
379.17 304.65
381.16 10.5
383.16 184.71
385.16 318.65
387.17 13.22
389.16 129.88
391.16 10.73
393.16 121.04
395.17 124.43
397.16 124.43
399.17 4.77
401.16 13.57
403.17 125.44
405.16 12.3
407.17 171.62
409.16 168.7
411.17 11.66
413.16 201.26
415.16 12.62
417.16 201.73
419.16 206.79
421.16 12.66
423.16 220.18
425.17 10.67
427.16 251.84
429.16 9.62
431.16 252.87
433.16 235.98
435.16 258.92
437.17 243.07
439.16 10.32
441.16 202.12
443.17 183.89
445.16 13.26
447.16 125.19
449.16 12.84
451.17 183.6
453.17 11.65
455.17 195.3
457.16 145.62
459.17 11.21
461.17 237.7
463.17 10.91
465.17 241.37
467.17 121.63
469.42 133.83
471.41 149.8
473.41 11.08
475.41 216.04
477.42 15.65
479.41 137.14
481.41 161.25
483.41 13.1
485.41 179.7
487.42 183.55
489.41 19.09
491.42 163.96
493.41 167.72
495.41 180.18
497.42 13.07
499.41 173.35
501.41 11.67
503.42 183.22
505.41 172.76
507.41 131.22
509.41 170.28
511.41 13.56
513.42 165.05
515.41 162.85
517.42 155.9
519.41 176.11
521.41 12.38
523.42 135.17
525.41 14.34
527.41 180.46
529.42 165.01
531.42 11.68
533.41 145.43
535.41 14.66
537.41 151.1
539.42 159.41
541.41 166.9
543.41 156.91
545.42 12.7
547.42 162.74
549.42 13.95
551.42 131.95
553.42 128.14
555.41 11.5
557.41 135.65
559.41 13.94
561.41 142.61
563.42 143.08
565.42 145.54
567.41 133.89
569.41 140.52
571.41 144.09
573.42 14.52
575.41 149.1
577.42 64.68
579.41 13.94
581.42 129.74
583.42 12.57
585.41 134.39
587.41 156.5
589.42 158.06
591.41 135.38
593.42 12.85
595.41 101.83
597.41 14.53
599.41 144.93
601.41 136.74
603.41 14.35
605.41 146.94
607.42 15.44
609.41 160.03
