0.0 51.01
1.41 17.7
3.5 24.94
5.58 24.94
7.42 24.94
9.5 50.2
11.6 50.2
13.43 50.2
15.52 52.56
17.61 4.49
19.46 51.9
21.57 51.9
23.4 51.9
25.5 51.9
27.59 51.9
29.43 51.9
31.45 51.9
33.63 51.9
35.47 51.9
37.58 51.9
39.42 51.9
41.54 51.9
43.63 51.9
45.46 51.9
47.56 51.9
49.4 51.9
51.51 51.9
53.59 51.9
55.44 51.9
57.52 51.9
59.61 51.9
61.45 51.9
63.53 51.9
65.64 51.9
67.47 51.9
69.57 51.9
71.64 51.9
73.47 51.9
75.57 51.9
77.67 51.9
79.51 51.9
81.62 51.9
83.69 51.9
85.51 51.9
87.6 51.9
89.68 51.9
91.52 51.9
93.62 51.9
95.73 51.9
97.57 51.9
99.66 51.9
101.51 51.9
103.52 51.9
105.7 51.9
107.54 51.9
109.65 51.9
111.73 51.9
113.56 51.9
115.64 51.9
117.49 51.9
119.59 51.9
121.69 51.9
123.52 51.9
125.61 51.9
127.69 51.9
129.5 51.9
131.6 51.9
133.68 51.9
135.77 51.9
137.59 51.9
139.66 51.9
141.77 51.9
143.61 51.9
145.72 51.9
147.56 51.9
149.65 51.9
151.76 51.9
153.6 51.9
155.71 51.9
157.54 51.9
159.65 51.9
161.76 51.9
163.6 51.9
165.71 51.9
167.55 51.9
169.66 51.9
171.75 51.9
173.57 51.9
175.67 51.9
177.77 51.9
179.61 51.9
181.71 51.9
183.81 51.9
185.65 51.9
187.76 51.9
189.6 51.9
191.68 51.9
193.78 51.9
195.62 51.9
197.7 51.9
199.78 51.9
201.62 51.9
203.7 51.9
205.81 51.9
207.63 51.9
209.73 51.9
211.84 51.9
213.68 51.9
215.76 51.9
217.84 51.9
219.68 51.9
221.78 51.9
223.63 51.9
225.74 51.9
227.85 51.9
229.69 51.9
231.78 51.9
233.61 51.9
235.7 51.9
237.73 51.9
239.65 51.9
241.76 51.9
243.59 51.9
245.66 51.9
247.77 51.9
249.6 51.9
251.71 51.9
253.82 51.9
255.66 51.9
257.77 51.9
