0.0 201.73
2.0 66.28
4.0 66.28
6.0 66.28
8.0 66.28
10.0 66.12
12.0 66.12
14.0 66.12
16.0 66.12
18.0 66.12
20.0 66.12
22.0 71.54
24.0 85.76
26.0 85.19
28.0 85.19
30.0 85.19
32.0 85.19
34.0 85.19
36.0 85.19
38.0 85.19
40.0 85.19
42.0 92.82
44.0 92.82
46.0 92.82
48.0 74.26
50.0 74.26
52.0 74.26
54.0 74.26
56.0 74.26
57.99 74.26
59.99 74.26
61.99 74.26
64.0 74.26
65.99 74.26
68.0 110.91
70.0 133.94
72.0 3.97
74.0 142.07
75.99 158.84
78.0 156.31
80.24 163.31
82.24 3.52
84.24 178.6
86.24 4.2
88.24 190.68
90.24 145.22
92.24 4.33
94.24 98.24
96.24 0.16
98.24 40.41
100.24 220.05
102.24 170.8
104.24 238.76
106.25 3.85
108.24 252.3
110.25 4.23
112.24 278.19
114.24 279.45
116.24 282.36
118.24 269.82
120.24 3.19
122.24 276.94
124.24 291.21
126.24 276.43
128.24 272.96
130.25 3.96
132.25 285.1
134.24 3.95
136.24 223.61
138.24 262.44
140.24 3.83
142.27 225.37
144.24 3.69
146.24 250.08
148.24 191.57
150.24 248.63
152.24 230.25
154.24 3.54
156.25 266.09
158.24 2.5
160.24 269.53
162.24 250.46
164.24 208.61
166.26 232.94
168.24 4.0
170.24 228.23
172.24 220.48
174.24 179.23
176.24 205.03
178.24 177.67
180.24 138.55
182.24 3.73
184.24 202.46
186.24 205.44
188.24 4.29
190.24 211.82
192.24 5.44
194.24 210.19
196.24 210.5
198.24 212.79
200.24 210.36
202.24 4.11
204.24 195.45
206.24 0.16
208.24 186.6
210.24 227.92
212.24 23.76
214.24 222.28
216.24 3.77
218.24 252.49
220.24 199.43
222.24 250.61
224.24 245.85
226.24 3.69
228.24 245.81
230.24 4.0
232.24 252.3
234.24 176.46
236.24 208.99
238.24 243.08
240.24 3.55
242.24 266.75
244.24 46.66
246.24 261.69
248.24 257.71
250.24 3.06
252.26 217.46
254.24 3.85
256.24 274.58
258.24 217.08
260.24 229.08
262.24 104.86
264.24 3.39
266.24 101.96
268.24 101.14
270.24 96.95
272.24 90.85
274.24 86.38
276.24 86.38
278.24 86.38
280.24 86.38
282.24 86.38
284.24 86.38
286.24 102.13
288.24 100.59
290.24 100.59
292.24 100.59
294.24 75.67
296.24 101.35
298.24 102.33
300.24 101.72
302.24 101.72
304.24 101.72
306.24 102.91
308.24 103.75
310.24 103.75
312.24 112.2
314.24 110.38
316.24 110.19
318.24 134.07
320.24 132.42
322.24 123.11
324.24 144.72
326.24 4.46
328.24 169.37
330.49 181.81
332.49 195.93
334.49 189.14
336.49 4.42
338.49 138.24
340.38 4.39
342.49 137.43
344.49 167.57
346.49 4.75
348.49 190.58
350.49 3.7
352.48 160.85
354.49 160.64
356.49 156.68
358.49 156.68
360.49 4.76
362.49 170.48
364.38 4.75
366.49 130.56
368.49 175.94
370.49 4.43
372.49 204.03
374.49 4.02
376.49 209.81
378.48 214.15
380.49 208.4
382.49 213.46
384.49 0.16
386.49 209.82
388.38 4.11
390.49 213.78
392.48 208.76
394.49 4.09
396.49 208.76
398.48 2.58
400.48 32.71
402.48 33.91
404.49 3.71
406.48 34.56
408.49 0.16
410.49 35.31
412.32 43.69
414.48 50.99
416.49 54.48
418.48 54.99
420.48 55.0
422.48 65.65
424.49 66.8
426.48 68.91
428.48 80.31
430.48 93.08
432.48 114.82
434.48 124.12
436.39 5.35
438.48 140.0
440.48 131.88
442.48 131.88
444.48 131.88
446.48 131.88
448.48 132.5
450.48 148.4
452.48 168.48
454.48 175.85
456.48 4.71
458.48 148.19
460.38 4.71
462.48 93.72
464.48 76.04
466.48 5.04
468.48 53.03
470.48 113.35
472.48 113.35
474.48 113.35
476.48 113.35
478.48 113.35
480.48 113.35
482.51 113.35
484.48 113.35
486.48 113.35
488.48 113.35
490.48 0.81
492.48 9.59
494.48 10.59
496.48 15.98
498.48 19.58
500.48 19.58
502.48 19.58
504.48 20.11
506.48 20.98
508.5 23.93
510.48 26.44
512.48 26.33
514.48 26.33
516.48 26.33
518.48 30.13
520.48 31.88
522.48 35.14
524.48 40.44
526.48 40.44
528.48 40.44
530.48 40.44
532.48 41.87
534.48 45.99
536.48 45.99
538.48 46.15
540.48 46.15
542.48 48.83
544.48 49.01
546.48 48.66
548.48 50.45
550.48 40.98
552.48 40.98
554.48 54.03
556.48 56.91
558.48 62.44
560.48 62.44
562.48 62.44
564.48 62.44
566.48 62.44
568.48 62.44
570.48 62.44
572.48 62.44
574.48 62.44
576.48 72.04
578.48 74.99
580.73 74.99
582.73 78.06
584.73 58.58
586.73 58.58
588.73 58.58
590.73 58.58
592.73 93.3
594.56 96.48
596.74 84.18
598.74 111.81
600.73 5.76
602.74 152.8
604.73 5.05
606.73 164.58
608.73 170.65
610.73 162.42
612.74 189.11
614.73 4.27
616.73 213.49
618.64 4.11
620.73 175.96
622.73 229.47
624.73 3.92
626.73 225.96
628.76 3.59
630.73 236.82
632.73 252.65
634.73 260.18
636.73 247.82
638.73 3.54
640.73 261.03
642.63 3.54
644.73 109.47
646.73 262.59
648.74 4.02
650.73 233.31
652.73 3.99
654.73 260.72
656.73 135.27
658.73 135.27
660.73 191.98
662.73 3.67
664.73 252.28
666.63 3.69
668.73 87.24
670.73 160.4
672.73 3.69
674.73 135.37
676.73 3.62
678.74 237.7
680.73 253.4
682.73 259.38
684.73 257.67
686.73 3.38
688.73 258.57
690.63 3.54
692.73 131.42
694.73 155.14
696.73 3.54
698.73 149.89
700.73 4.86
702.73 165.88
704.74 172.35
706.73 178.29
708.73 177.7
710.73 4.7
712.73 182.67
714.63 4.54
716.73 187.59
718.73 184.23
720.73 4.54
722.73 187.99
724.74 4.56
726.73 172.09
728.73 180.96
730.74 184.99
732.73 166.49
734.74 4.62
736.73 186.63
738.75 4.58
740.73 155.49
742.74 142.39
744.73 4.56
746.73 154.71
748.73 4.83
750.73 158.85
752.73 159.65
754.73 159.2
756.73 160.2
758.73 4.72
760.73 129.21
762.73 4.74
764.73 189.06
766.73 196.17
768.73 4.5
770.73 182.86
772.73 4.27
774.73 198.2
776.73 206.27
778.73 203.39
780.73 187.89
782.73 3.97
784.73 170.76
786.75 4.58
788.76 184.81
790.75 178.75
792.76 4.58
794.75 153.8
796.76 4.04
798.75 180.96
800.76 171.6
802.75 161.15
804.76 178.48
806.75 4.55
808.76 185.33
810.75 4.43
812.76 202.56
