0.0 13.84
0.66 27.97
2.23 32.26
4.26 17.74
6.26 67.02
8.26 74.28
10.26 59.79
12.26 33.43
14.26 44.86
16.26 91.49
18.26 122.43
20.26 129.95
22.26 95.72
24.26 9.23
26.26 166.53
28.26 0.27
30.26 169.48
32.26 184.02
34.26 5.68
36.26 189.64
38.26 9.99
40.26 143.04
42.26 159.24
44.26 224.86
46.26 136.84
48.26 4.22
50.26 222.54
52.26 8.48
54.23 202.42
56.26 221.89
58.26 0.27
60.24 218.57
62.26 0.18
64.26 60.12
66.26 211.96
68.26 116.16
70.24 130.82
72.26 5.21
74.26 212.05
76.24 1.11
78.26 120.67
80.26 194.76
82.26 0.2
84.26 174.81
86.26 0.18
88.26 224.77
90.38 221.99
92.26 201.87
94.26 208.95
96.26 0.28
98.26 164.37
100.24 232.33
102.26 158.37
104.26 251.03
106.26 0.2
108.5 257.62
110.26 2.23
112.5 204.38
114.5 238.6
116.5 157.62
118.5 284.84
120.5 1.02
122.5 157.91
124.5 0.22
126.49 203.74
128.48 166.53
130.49 3.29
132.5 154.02
134.5 3.55
136.49 151.78
138.48 259.82
140.5 273.16
142.5 214.57
144.5 4.6
146.5 209.02
148.5 7.53
150.5 242.85
152.49 204.87
154.5 0.27
156.5 149.57
158.5 0.22
160.5 133.28
162.5 144.45
164.5 189.24
166.5 197.33
168.5 6.1
170.5 232.14
172.5 0.28
174.49 169.36
176.5 150.06
178.5 14.8
180.49 231.95
182.5 4.73
184.5 170.47
186.5 244.06
188.5 177.6
190.5 138.06
192.5 0.18
194.5 173.17
196.5 0.19
198.5 190.1
200.5 224.37
202.5 158.59
204.5 146.56
206.5 10.26
208.5 242.88
210.5 157.22
212.5 230.21
214.5 218.74
216.49 0.28
218.5 213.85
220.5 10.54
222.5 194.26
224.5 233.57
226.5 3.86
228.5 131.44
230.5 10.76
232.5 238.16
234.5 174.91
236.49 218.53
238.5 244.13
240.5 5.65
242.5 194.14
244.5 2.72
246.49 241.69
248.5 264.18
250.5 11.02
252.5 233.54
254.5 0.28
256.5 248.86
258.5 274.3
260.5 214.59
262.5 218.08
264.5 5.17
266.5 163.11
268.5 3.33
270.5 186.55
272.5 163.52
274.5 6.83
276.5 178.79
278.5 4.4
280.5 146.25
282.5 154.7
284.5 151.1
286.5 120.59
288.5 11.15
290.5 184.63
292.5 0.27
294.5 89.61
296.5 78.57
298.5 7.8
300.5 75.7
302.5 5.5
304.5 159.74
306.5 144.41
308.5 138.71
310.5 113.74
312.5 0.84
314.5 174.39
316.5 8.17
318.5 33.12
320.5 182.58
322.5 12.31
324.5 179.16
326.5 0.18
328.5 183.54
330.5 123.77
332.5 122.03
334.5 152.67
336.5 0.58
338.5 97.97
340.5 8.64
342.5 84.85
344.5 116.73
346.5 12.03
348.5 113.0
350.5 0.18
352.5 137.57
354.5 159.84
356.5 161.3
358.76 131.47
360.76 4.11
362.76 120.08
364.76 0.18
366.76 138.5
368.76 139.82
370.76 151.05
372.76 194.73
374.76 3.33
376.74 194.58
378.6 2.55
380.76 175.69
382.76 195.73
384.76 11.33
386.76 169.2
388.76 8.59
390.76 197.55
392.76 51.83
394.76 96.25
396.76 187.18
398.76 1.11
400.76 182.84
402.58 7.16
404.76 121.34
406.76 168.37
408.76 0.58
410.76 151.04
412.76 6.31
414.55 6.9
416.76 26.26
418.76 15.27
420.76 51.67
422.76 54.01
424.76 62.9
426.76 36.15
428.76 93.85
430.76 67.64
432.76 80.41
434.76 104.41
436.76 85.23
438.76 118.98
440.76 120.44
442.76 112.79
444.76 124.88
446.76 12.69
448.76 156.47
450.58 3.38
452.74 141.28
454.76 160.09
456.76 9.14
458.76 141.9
460.76 0.18
462.76 163.34
464.76 145.41
466.76 122.49
468.76 111.66
470.76 0.18
472.76 176.74
474.76 9.61
476.76 180.48
478.76 220.46
480.76 9.79
482.76 166.42
484.76 7.16
486.76 217.23
488.74 224.55
490.76 193.16
492.76 193.61
494.76 0.27
496.76 149.13
498.76 7.34
500.76 226.34
502.76 236.46
504.76 0.2
506.76 98.59
508.76 2.02
510.76 122.96
512.76 51.22
514.76 235.63
516.76 165.41
518.74 10.09
520.73 184.63
522.76 241.72
524.76 233.28
526.76 168.59
528.76 8.95
530.76 209.37
532.76 8.68
534.76 179.06
536.76 187.25
538.76 208.19
540.76 222.12
542.76 0.27
544.76 246.6
546.74 0.19
548.76 228.61
550.73 86.85
552.76 0.19
554.76 184.61
556.76 1.71
558.76 151.1
560.76 262.57
562.76 177.5
564.76 200.77
566.76 7.64
568.76 257.98
570.73 4.42
572.73 221.13
574.76 223.12
576.76 80.76
578.76 225.37
580.76 0.18
582.76 222.54
584.76 200.87
586.76 191.16
588.76 251.5
590.76 0.19
592.76 195.37
594.76 10.01
596.76 224.15
598.76 253.54
600.76 1.93
602.76 162.55
604.76 10.69
606.76 153.58
608.84 11.1
611.0 212.16
613.0 210.76
615.0 1.56
617.0 243.59
619.0 10.31
621.0 279.47
623.0 176.79
625.0 248.14
627.0 206.96
629.0 0.96
631.0 228.59
632.84 5.66
635.0 171.39
637.0 157.18
639.0 12.16
641.0 192.62
643.0 0.18
645.0 238.3
647.0 207.93
649.0 11.65
651.0 30.61
653.0 6.1
655.0 201.79
656.86 2.38
659.0 210.11
661.0 196.64
663.0 11.36
665.0 137.5
667.0 0.18
669.0 197.55
671.0 223.28
673.0 8.55
675.0 224.65
677.0 11.81
679.0 196.19
680.86 7.3
683.0 227.28
685.0 184.73
687.0 7.67
689.0 206.94
691.0 10.74
693.0 135.19
695.0 152.8
697.0 197.79
699.0 184.95
701.0 4.48
703.0 180.0
704.84 9.53
707.0 187.79
709.0 95.91
711.0 0.18
713.0 133.29
715.0 0.25
717.0 186.92
719.0 191.28
721.0 120.88
723.0 130.93
725.0 9.37
727.0 46.75
729.0 8.66
731.0 150.78
733.0 158.32
735.0 0.28
737.0 165.41
739.0 1.11
741.0 132.74
743.0 77.02
745.0 133.75
747.0 143.37
749.0 143.37
751.0 127.22
753.0 0.28
755.0 127.54
756.98 97.46
759.0 10.25
760.99 15.41
763.0 0.2
764.99 149.97
767.0 125.63
769.0 112.42
771.0 160.72
