0.0 2.64
1.62 0.16
2.14 2.63
2.95 0.44
4.0 2.64
4.98 2.55
6.4 2.56
8.11 2.62
9.41 2.56
10.66 2.64
11.92 2.26
13.06 2.63
14.87 2.44
16.67 2.54
18.56 2.57
21.02 2.43
23.35 2.71
25.61 2.43
27.9 2.17
30.41 2.65
33.78 2.51
35.58 2.64
37.46 1.75
38.85 2.61
40.7 0.58
42.78 2.2
44.16 2.35
46.68 1.56
49.08 2.47
51.68 2.41
53.67 2.63
56.17 2.6
58.17 2.5
60.68 2.65
62.68 2.53
64.67 2.38
66.92 2.58
68.92 2.64
71.68 2.65
74.04 2.58
76.52 2.55
79.43 2.5
80.36 2.61
81.72 2.55
84.17 2.48
86.17 2.63
88.18 2.43
90.67 2.58
92.67 2.63
95.17 2.41
97.22 2.61
99.42 2.2
102.28 2.47
105.94 2.23
108.32 2.58
110.68 2.6
113.87 0.06
121.28 2.37
122.45 2.35
123.67 2.61
125.26 2.67
126.73 2.53
128.46 2.59
130.08 2.53
131.65 2.52
134.43 2.2
136.09 2.62
137.57 2.51
139.53 1.27
141.45 2.64
143.63 2.62
146.97 2.64
148.27 2.45
149.58 2.55
152.17 2.58
154.17 2.65
156.17 2.52
160.24 2.49
161.7 2.54
163.42 2.64
165.54 2.41
167.45 2.6
169.61 2.57
171.8 2.45
173.87 2.39
176.65 2.64
179.35 1.63
181.37 2.59
183.94 2.41
185.98 0.47
188.61 2.49
190.53 2.26
193.28 2.37
195.38 2.63
197.43 2.52
200.58 2.45
202.96 0.06
205.03 2.53
207.29 2.66
209.09 2.52
210.85 2.61
213.53 2.61
215.84 2.38
218.17 0.49
220.82 2.6
222.62 2.63
225.4 2.44
227.09 2.63
229.47 0.36
232.05 0.18
234.74 2.7
236.4 2.54
238.41 2.39
240.46 2.47
242.55 2.5
245.18 2.45
247.53 2.32
249.7 0.78
251.83 0.44
254.09 2.63
256.87 2.59
259.66 2.38
261.43 2.66
263.63 2.56
265.93 2.69
268.49 2.59
270.68 2.42
273.21 2.68
275.65 2.57
277.49 0.97
279.92 2.61
281.95 2.63
284.55 0.97
286.67 2.36
288.69 2.47
291.54 2.65
294.2 2.65
297.22 0.86
299.68 2.03
302.47 2.55
304.98 2.5
306.95 2.6
309.42 2.46
312.07 2.61
314.8 2.4
317.08 2.69
320.05 2.62
321.93 2.48
324.38 2.68
326.22 0.06
327.92 2.6
329.66 2.73
331.67 2.61
334.18 2.59
336.98 2.54
340.13 2.61
342.63 2.48
344.58 2.42
346.2 2.67
348.69 2.63
351.66 2.6
354.32 2.52
356.26 1.93
358.63 2.66
361.5 2.63
362.98 2.58
365.33 2.35
367.42 2.69
370.07 1.6
371.93 2.69
373.93 2.6
376.68 2.58
378.59 2.62
381.17 2.21
383.19 2.29
385.42 2.62
388.84 2.49
391.11 2.41
392.9 2.54
394.44 2.53
396.1 2.59
398.97 1.99
400.68 2.57
403.19 2.7
405.44 2.41
408.18 2.56
410.83 2.62
413.93 2.58
415.52 2.57
418.07 2.36
420.7 2.44
422.37 2.63
424.5 2.47
426.52 2.49
428.72 2.6
430.93 2.6
433.14 2.64
436.01 2.52
438.68 2.6
441.36 2.52
443.89 2.65
447.08 2.82
448.75 1.44
450.65 2.48
451.97 2.29
453.84 2.34
456.68 2.59
458.85 2.44
461.44 2.3
463.49 2.54
465.93 2.44
468.66 2.53
470.18 2.5
472.18 2.67
474.43 2.56
476.43 2.67
479.18 2.28
481.68 2.55
483.68 2.61
486.18 2.55
488.18 2.6
490.19 2.51
492.22 2.33
494.69 2.4
496.69 2.59
498.87 2.5
500.93 2.61
502.97 2.54
505.39 2.41
507.54 2.23
509.84 1.23
511.93 2.5
513.7 2.63
516.18 2.6
518.98 2.59
522.16 2.62
525.06 2.32
526.77 2.56
528.94 2.63
531.15 0.64
533.44 2.05
536.48 2.51
537.65 2.26
540.18 2.64
542.72 2.58
545.11 0.15
546.95 2.58
549.88 2.4
551.85 2.24
554.03 2.68
556.9 2.18
559.97 2.64
561.74 2.55
563.95 2.6
565.85 2.61
567.7 2.09
569.58 0.83
572.18 2.45
574.42 2.63
577.22 2.43
579.5 2.55
581.69 2.6
583.94 2.45
586.77 2.62
588.83 2.63
591.36 2.63
593.61 2.6
596.17 2.42
598.51 2.6
600.69 2.55
602.69 2.48
605.24 1.63
607.44 1.25
609.33 2.65
611.98 0.14
614.94 2.59
618.32 2.57
620.16 2.55
621.69 2.59
623.29 2.63
624.82 1.8
626.28 2.66
628.03 1.53
629.94 2.21
632.06 2.65
634.89 2.25
636.76 2.48
638.18 2.54
640.49 2.63
643.53 2.49
645.14 2.55
648.27 0.46
649.67 2.29
651.16 2.61
653.2 0.44
654.8 2.55
656.29 0.06
658.19 2.63
660.19 0.39
662.23 2.42
664.19 2.62
666.18 2.5
668.35 2.69
670.52 1.79
672.27 2.56
674.43 2.35
676.48 2.68
678.18 2.57
680.44 0.37
682.43 2.63
684.55 2.47
687.18 2.6
689.2 2.48
692.02 2.45
693.98 2.49
696.24 2.56
698.43 2.6
701.1 2.49
703.46 2.62
705.47 2.27
708.15 2.59
710.09 2.64
712.68 2.06
715.18 2.5
718.66 2.43
722.1 2.68
724.32 2.6
725.88 2.57
727.68 2.54
729.65 2.27
731.87 2.51
733.94 2.56
736.94 2.6
739.18 2.63
742.19 2.62
744.3 2.6
746.69 2.6
749.11 2.35
751.19 2.63
753.69 2.27
755.75 2.65
758.44 2.58
760.84 2.62
763.19 2.61
765.41 2.61
768.44 2.6
770.78 2.38
772.75 2.3
774.96 2.61
777.23 0.44
779.69 2.3
782.4 2.63
784.5 2.59
786.58 2.49
789.06 2.67
791.8 2.36
793.68 2.61
796.19 2.49
798.19 2.61
800.94 1.92
802.94 2.56
805.45 2.55
807.44 2.61
810.19 2.39
812.18 2.37
814.19 2.62
816.31 2.58
818.44 2.47
820.69 2.47
823.21 2.71
825.74 2.67
830.4 2.62
831.9 2.57
832.93 2.47
834.44 2.59
836.26 2.46
838.19 2.47
840.94 2.59
842.8 2.69
845.95 2.5
847.94 2.6
850.47 2.6
852.44 2.44
854.45 2.62
856.69 2.35
858.68 2.65
860.69 2.61
862.94 2.59
865.28 2.52
867.69 2.65
869.57 2.36
871.69 2.37
874.38 2.55
875.84 2.67
878.2 2.45
880.19 2.57
882.79 2.48
884.69 2.55
886.94 2.64
888.94 2.57
891.2 2.38
893.19 2.6
896.27 2.62
898.36 2.58
900.1 2.23
901.94 2.66
903.95 2.37
905.93 2.6
907.95 2.39
910.39 2.64
913.01 2.57
915.1 2.57
917.19 2.63
919.33 2.51
921.63 2.62
924.39 1.98
927.82 2.61
930.02 2.59
933.06 1.59
934.77 2.63
936.92 2.53
938.58 2.62
940.6 2.67
943.19 2.55
945.21 2.63
947.94 2.41
949.95 2.67
952.7 2.45
954.94 2.01
956.92 2.64
959.95 2.65
962.34 2.62
964.76 2.66
966.68 2.62
968.72 2.5
970.6 2.61
972.69 2.65
974.63 2.57
977.45 2.65
979.7 2.35
982.2 2.64
985.81 2.47
988.02 2.26
990.3 2.62
992.59 2.39
994.73 2.66
997.39 2.58
999.54 1.78
1001.9 2.63
1004.86 2.6
1006.8 2.62
1010.35 0.05
1012.13 2.47
1013.64 2.6
1016.0 2.51
1018.26 2.62
1020.31 2.52
1022.16 2.62
1024.73 2.56
1027.47 2.52
1030.23 2.63
1032.84 2.58
1035.65 2.71
1037.86 2.59
1039.34 2.4
1041.39 2.6
1043.52 2.56
1045.94 2.68
1048.69 2.62
1052.06 2.54
1054.57 2.46
1056.52 2.5
1058.96 2.47
1060.37 2.46
1062.45 2.53
1064.69 2.56
1066.69 2.59
1069.45 2.66
1071.45 2.59
1073.94 2.39
1075.95 2.53
1078.44 2.46
1080.45 2.68
1082.7 2.53
1084.69 2.58
1086.7 2.54
1088.7 2.36
1090.74 2.57
1093.2 2.54
1095.45 2.58
1097.45 2.55
1099.45 2.5
1101.71 2.61
1103.7 2.66
1105.7 2.61
1108.96 2.56
1112.07 2.57
1113.65 2.59
1115.63 2.55
1118.21 2.48
1120.88 2.43
1122.89 2.58
1125.02 2.76
1126.46 2.64
1128.33 2.43
1131.2 2.64
1133.22 2.65
1135.95 2.27
1138.0 2.61
1140.94 2.42
1142.98 2.22
1145.7 2.49
1148.2 2.33
1150.6 2.62
1152.64 2.58
1155.13 2.62
1158.12 2.52
1161.23 2.59
1164.73 2.52
1166.52 2.01
1168.7 2.65
1171.23 2.53
1176.2 2.65
1179.13 2.32
1181.47 2.59
1183.21 2.46
1185.28 2.66
1187.11 2.76
1188.52 0.42
1189.35 2.5
1191.72 2.59
1193.96 2.51
1197.14 2.64
1198.99 2.65
1202.03 2.65
1203.79 2.66
1205.12 2.62
1207.21 2.54
1209.2 2.57
1211.2 2.44
1213.21 2.54
1215.72 2.6
1217.7 2.47
1220.2 2.49
1222.14 2.58
1224.2 2.5
1226.45 2.54
1228.45 2.53
1230.7 2.6
1232.7 2.37
1234.7 2.62
1236.96 2.22
1238.96 2.66
1241.2 2.43
1243.2 2.55
1245.71 2.38
1247.83 2.64
1249.7 2.61
1251.95 1.95
1253.96 2.64
1255.96 2.43
1257.94 2.17
1259.95 2.54
1262.11 2.59
1264.49 2.39
1266.45 2.31
1268.45 2.59
1270.46 2.33
1272.45 2.64
1274.45 2.4
1276.45 2.56
1278.46 2.61
1281.2 2.75
1283.2 2.6
1285.21 2.62
1287.45 2.76
1289.7 2.55
1291.7 2.35
1293.7 2.29
1295.96 2.56
1297.95 2.55
1300.2 2.54
1302.21 2.64
1304.2 2.65
1306.71 2.65
1308.39 2.61
1310.07 2.51
1312.2 2.42
1314.2 2.57
1316.07 2.56
1318.21 2.63
1320.21 2.51
1322.2 2.61
1324.71 2.5
1326.95 2.46
1328.95 2.61
1331.32 2.62
1333.21 2.54
1335.71 2.43
1337.7 2.6
1339.7 2.61
1342.76 2.62
1344.92 2.55
1346.7 2.6
1348.88 2.6
1351.04 2.53
1353.46 2.39
1355.27 2.42
1357.45 2.54
1360.38 1.24
1362.2 2.33
1364.2 2.48
1366.71 2.48
1368.71 2.72
1371.2 0.26
1373.21 2.58
1375.71 2.57
1377.71 2.46
1379.98 2.65
1382.2 2.59
1384.45 2.54
1386.45 2.59
1388.7 2.63
1390.73 2.6
1392.71 2.05
1394.96 2.83
1397.46 2.58
1399.6 2.47
1401.45 2.46
1403.71 2.63
1405.7 2.77
1407.7 2.47
1409.71 2.65
1412.22 2.56
1414.21 2.48
1416.45 2.54
1418.45 2.57
1420.45 2.54
1422.46 2.38
1424.46 2.63
1426.45 2.54
1428.46 2.59
1430.71 2.35
1432.7 2.66
1435.21 2.65
1437.21 2.53
1439.21 2.45
1441.2 2.47
1443.21 2.58
1445.2 2.84
1447.18 2.57
1449.7 2.44
1451.7 2.42
1453.71 2.48
1455.63 2.41
1457.73 2.55
1459.71 2.23
1461.71 2.58
1463.71 2.53
1465.95 2.22
1467.96 2.64
1469.83 2.48
1471.96 2.62
1474.2 2.57
1476.06 2.53
1478.9 2.54
1481.15 2.66
1483.13 2.65
1484.91 2.55
1486.86 2.55
1488.83 2.54
1491.94 2.52
1492.77 2.49
1495.21 2.87
1497.21 2.64
1499.45 2.54
1501.45 2.57
1503.95 2.48
1505.96 2.75
1507.95 2.59
1509.97 2.15
1512.2 2.68
1514.21 2.56
1516.21 2.55
1518.22 2.57
1520.21 2.52
1522.21 2.6
1523.98 2.59
1526.2 2.62
1528.2 2.59
1530.2 2.58
1532.21 2.52
1534.2 2.55
1536.22 2.55
1538.2 2.29
1540.2 2.41
1542.2 2.64
1544.21 2.6
1546.21 2.65
1548.21 2.59
1550.21 2.51
1552.2 2.14
1554.23 2.32
1556.21 2.6
1558.2 2.29
1560.21 2.6
1562.21 2.49
1564.21 2.48
1566.2 2.55
1568.22 2.64
1570.2 2.37
1572.27 2.56
1575.18 2.77
1577.94 2.44
1578.9 2.48
1580.21 2.37
1582.37 2.57
1584.45 2.62
1586.46 2.47
1588.46 2.36
1590.96 2.61
1592.96 2.52
1594.96 2.6
1596.96 2.46
1598.95 2.57
1600.96 2.6
1602.95 2.4
1604.98 2.16
1606.98 2.75
1608.96 2.46
1610.99 0.76
1612.97 2.32
1614.98 2.62
1616.96 2.49
1618.95 2.47
1620.96 2.63
1622.97 2.19
1624.95 2.66
1626.96 2.6
1628.98 2.35
1630.96 2.47
1632.95 2.52
1634.97 2.52
1636.98 2.4
1638.97 2.42
1640.96 2.64
1642.96 2.52
1644.96 2.57
1646.96 2.61
1648.96 2.59
1650.95 2.54
1652.96 2.54
1654.98 2.45
1657.22 2.46
1659.21 2.06
1661.81 2.3
1663.92 2.39
1665.66 2.44
1667.83 2.46
1669.64 2.54
1671.62 2.45
1673.72 2.57
1675.92 2.51
1677.86 2.55
1680.61 2.52
1682.73 2.3
1684.96 2.58
1686.82 2.59
1689.28 2.46
1692.66 2.45
1694.38 2.61
1696.47 2.57
1698.47 2.56
1700.71 2.38
1702.71 2.45
1705.22 2.51
1707.23 2.83
1709.72 2.55
1711.71 2.56
1713.71 2.41
1715.96 2.35
1717.96 2.53
1719.97 2.66
1721.96 2.41
1723.97 2.39
1726.21 2.46
1728.49 2.46
1730.46 2.47
1732.33 2.54
1734.98 2.4
1736.72 2.47
1738.96 2.67
1740.97 2.54
1743.47 2.64
1745.46 2.51
1747.47 2.59
1749.47 2.65
1751.46 2.47
1753.96 2.6
1755.96 2.48
1758.21 2.47
1760.21 2.6
1762.47 2.66
1764.46 2.61
1766.46 2.49
1768.96 2.64
1770.96 2.54
1773.21 2.54
1775.36 2.61
1777.46 2.62
1779.71 2.48
1781.72 2.52
1783.72 2.73
1785.97 2.56
1787.97 2.51
1790.46 2.35
1792.46 2.54
1794.71 2.56
1796.97 2.51
1798.97 2.47
1800.96 2.61
1803.47 2.51
1805.47 2.49
1807.46 2.5
1809.47 2.57
1811.46 2.53
1813.46 2.6
1815.73 2.62
1817.71 2.21
1819.96 2.71
1821.97 2.6
1825.31 2.63
1826.61 2.59
1828.28 2.61
1830.12 2.62
1832.47 2.18
1834.47 2.67
1836.47 2.57
1838.46 2.56
1840.47 2.65
1843.76 2.54
1846.62 2.65
1849.5 2.59
1850.06 2.65
1851.71 2.51
1853.72 2.56
1855.6 2.61
1859.68 2.31
1864.15 2.6
1868.51 0.19
1872.87 2.63
1875.28 2.67
1878.9 2.24
1881.15 2.61
1883.34 1.58
1885.67 2.6
1887.88 2.56
1890.03 2.7
