0.0 191.7
0.94 138.93
2.95 12.26
4.95 131.92
6.95 165.84
8.95 10.68
10.95 205.32
12.95 11.59
14.95 236.03
16.95 232.6
18.96 0.76
20.95 233.99
22.95 2.49
24.95 165.74
26.95 13.32
28.95 219.47
30.95 264.09
32.95 0.75
34.95 270.8
36.95 16.33
38.95 324.83
41.2 320.17
43.2 367.27
45.2 359.07
47.2 18.47
49.2 363.33
51.2 20.9
53.2 410.63
55.2 322.11
57.2 0.72
59.2 353.98
61.2 0.74
63.2 341.88
65.2 419.76
67.2 416.72
69.2 431.8
71.2 0.69
73.2 387.73
75.2 21.56
77.2 358.58
79.2 190.47
81.2 0.75
83.2 338.75
85.2 25.27
87.2 392.44
89.2 286.09
91.2 24.32
93.2 420.72
95.2 0.7
97.2 410.35
99.2 10.58
101.2 414.98
103.21 350.09
105.2 23.85
107.2 327.48
109.21 19.76
111.21 401.76
113.21 296.55
115.21 348.0
117.2 413.24
119.2 28.59
121.21 364.87
123.21 19.85
125.21 427.37
127.21 241.22
129.21 11.87
131.21 331.78
133.21 35.18
135.21 313.83
137.2 304.48
139.21 341.0
141.21 367.2
143.2 4.41
145.21 341.04
147.21 22.48
149.21 362.51
151.21 304.15
153.21 0.5
155.21 361.85
157.21 6.03
159.21 327.79
161.21 317.94
163.21 263.15
165.21 268.89
167.21 0.81
169.21 320.39
171.21 10.3
173.21 301.6
175.21 338.64
177.21 0.76
179.21 308.08
181.21 5.75
183.21 250.74
185.21 292.78
187.21 406.86
189.21 397.0
191.21 17.73
193.21 284.11
195.21 0.69
197.21 319.57
199.21 324.61
201.21 1.43
203.21 348.86
205.21 22.61
207.21 356.76
209.21 308.73
211.21 345.4
213.21 341.31
215.21 0.74
217.2 18.5
219.21 32.08
221.2 51.36
223.21 82.01
225.21 86.87
227.2 63.98
229.2 12.2
231.2 93.66
233.2 83.44
235.2 153.46
237.2 116.49
239.2 0.67
241.2 184.39
243.2 19.89
245.2 140.35
247.2 236.37
249.2 9.86
251.2 261.79
253.2 17.8
255.2 289.93
257.2 220.17
259.2 230.53
261.2 306.48
263.2 0.82
265.2 132.3
267.2 7.75
269.2 303.09
271.2 359.08
273.2 11.58
275.45 380.98
277.45 8.82
279.45 347.04
281.23 0.66
283.45 198.75
285.45 327.13
287.45 0.86
289.45 161.6
291.45 0.74
293.45 323.03
295.45 369.93
297.45 347.12
299.45 326.11
301.45 0.57
303.45 376.29
305.45 17.45
307.45 354.31
309.45 325.12
311.45 6.39
313.46 359.03
315.45 0.86
317.45 220.89
319.46 297.53
321.45 344.08
323.45 286.99
325.45 22.25
327.45 418.66
329.45 13.73
331.45 171.1
333.45 398.37
335.45 1.35
337.46 286.76
339.45 9.34
341.45 419.3
343.46 376.98
345.45 198.58
347.46 346.3
349.45 0.72
351.45 312.16
353.46 3.47
355.45 306.02
357.46 355.67
359.46 24.29
361.46 332.07
363.46 8.23
365.46 346.4
367.46 50.09
369.46 83.51
371.46 387.44
373.46 8.3
375.46 167.51
377.46 8.97
379.46 383.32
381.46 195.62
383.46 3.93
385.46 358.96
387.46 5.39
389.46 340.48
391.46 350.34
393.46 384.31
395.46 301.44
397.46 12.79
399.46 146.92
401.46 12.87
403.46 331.28
405.47 375.31
407.46 11.56
409.46 444.02
411.46 0.67
413.46 157.8
415.46 99.04
417.46 319.71
419.46 157.17
421.46 21.43
423.46 278.22
425.46 10.53
427.46 254.48
429.46 270.27
431.46 8.43
433.46 240.14
435.45 19.34
437.46 306.9
439.46 291.59
441.46 332.33
443.46 267.3
445.46 28.42
447.46 324.38
449.46 28.42
451.47 163.48
453.46 242.45
455.46 15.89
457.46 269.59
459.47 27.82
461.46 301.25
463.46 297.06
465.46 321.83
467.46 298.3
469.45 21.17
471.45 211.38
473.45 22.66
475.45 56.23
477.47 272.35
479.46 20.93
481.45 316.49
483.45 5.81
485.45 304.28
487.45 326.01
489.45 341.23
491.45 331.49
493.45 0.62
495.45 326.75
497.45 26.18
499.45 422.02
501.45 286.17
503.45 23.09
505.45 340.17
507.45 13.56
509.7 20.65
511.48 38.06
513.7 53.46
515.7 75.44
517.7 94.67
519.7 121.15
521.7 13.13
523.7 166.82
525.7 142.25
527.7 6.85
529.7 140.73
531.7 29.04
533.7 234.16
535.49 14.01
537.71 254.33
539.7 284.73
541.7 309.33
543.7 286.95
545.71 4.11
547.71 282.36
549.71 356.85
551.71 0.68
553.71 243.6
555.71 0.81
557.71 378.94
559.71 3.23
561.71 313.78
563.71 294.78
565.71 36.49
567.71 458.55
569.71 25.41
571.71 447.13
573.71 348.54
575.71 322.33
577.71 361.94
579.71 19.56
581.71 331.67
583.71 9.1
585.71 337.17
587.71 372.25
589.71 6.63
591.71 372.04
593.71 5.23
595.71 356.24
597.71 346.42
599.71 10.12
601.71 259.79
603.71 14.54
605.71 367.07
607.71 1.81
609.71 215.58
611.71 227.73
613.71 4.27
615.71 341.97
617.71 23.57
619.71 392.78
621.71 311.9
623.71 0.64
625.71 424.55
627.71 17.86
629.71 185.63
631.71 29.46
633.71 379.76
635.71 379.16
637.71 18.56
639.71 391.75
641.71 8.25
643.71 318.76
645.71 382.81
647.71 0.74
649.71 380.28
651.71 0.67
653.71 265.9
655.72 18.75
657.71 244.91
659.71 336.88
661.72 0.66
663.71 366.25
665.71 22.68
667.72 386.16
669.71 275.39
671.72 0.77
673.71 395.83
675.72 5.77
677.72 345.4
679.72 0.73
681.72 317.96
683.72 365.79
685.72 0.73
687.72 346.93
689.72 0.7
691.72 401.45
693.72 297.15
695.72 13.13
697.72 278.93
699.72 0.77
701.72 278.4
703.72 0.72
705.72 344.38
707.72 304.26
709.72 0.72
711.72 359.71
713.72 0.87
715.72 321.04
717.72 359.18
719.72 6.77
721.72 337.03
723.72 6.56
725.7 335.16
727.7 0.64
729.7 275.62
731.7 224.45
733.72 3.76
735.7 389.29
737.7 26.17
739.7 403.85
741.95 278.45
743.95 279.09
745.95 291.88
747.96 0.88
749.96 357.33
751.74 25.46
753.96 327.0
755.95 319.27
757.96 4.83
759.96 308.61
761.96 6.75
763.96 190.73
765.96 362.55
767.96 1.41
769.96 316.25
771.96 0.65
773.96 227.63
775.96 16.5
777.96 333.52
779.96 223.68
781.96 3.23
783.96 370.12
785.96 3.46
787.96 379.64
789.96 408.31
791.96 372.44
793.96 317.25
795.96 23.62
797.96 202.06
799.96 26.13
801.96 231.22
803.96 253.38
805.96 4.15
807.96 286.45
809.96 0.63
811.96 0.87
813.96 312.41
815.96 317.7
817.96 283.02
819.96 0.72
821.96 339.58
823.96 0.72
825.96 385.87
827.96 407.25
829.96 0.72
831.96 363.91
833.96 27.29
835.96 303.45
837.96 388.35
839.96 408.92
841.96 377.35
843.96 0.64
845.96 379.63
847.96 19.22
849.96 440.92
851.96 358.0
853.96 0.78
855.96 309.95
857.96 12.07
859.96 372.34
861.96 370.5
863.96 35.53
865.96 371.65
867.96 0.74
869.96 396.12
871.96 9.7
873.96 319.98
875.96 409.55
877.97 13.92
879.97 425.02
881.97 0.7
883.96 253.56
885.97 328.19
887.97 313.63
889.97 303.34
891.97 0.71
893.97 340.2
895.97 24.38
897.97 41.16
899.97 52.28
901.97 43.4
903.97 67.75
905.97 50.84
907.97 97.57
909.97 63.55
911.97 95.61
913.97 51.23
915.97 102.81
917.97 96.51
919.97 22.52
921.97 154.6
923.97 229.8
925.97 25.92
927.97 243.54
929.97 0.65
931.97 209.79
933.97 275.94
935.97 334.01
937.97 325.67
939.97 16.06
941.97 250.09
943.97 13.82
945.97 372.9
947.97 341.13
949.97 13.36
951.97 372.63
953.97 24.03
955.97 346.96
957.97 315.14
959.97 316.84
961.97 322.17
963.97 4.29
965.97 20.75
967.97 27.09
969.97 37.68
971.97 48.15
973.97 95.15
975.97 123.1
977.97 30.5
980.21 145.58
981.97 132.28
983.97 173.09
985.97 207.19
988.21 0.75
989.97 301.05
991.97 26.51
994.21 361.68
996.21 330.68
998.21 2.45
1000.21 329.32
1002.21 3.48
1004.21 296.36
1006.21 8.96
1008.21 338.14
1010.21 296.64
1012.21 19.18
1014.21 322.51
1016.21 19.84
1018.21 371.11
1020.21 304.22
1022.21 1.65
1024.21 345.78
1026.21 21.88
1028.21 401.3
1030.21 9.21
1032.21 376.74
1034.21 330.54
1036.21 0.62
1038.21 324.85
1040.21 8.02
1042.21 322.64
1044.21 436.68
1046.21 18.44
1048.21 355.83
1050.21 0.82
1052.21 377.33
1054.21 0.78
1056.21 419.17
1058.21 306.17
1060.21 0.62
1062.21 322.23
1064.21 9.01
1066.21 158.53
1068.21 318.98
1070.21 8.22
1072.21 382.24
1074.21 0.57
1076.21 313.6
1078.21 10.12
1080.21 220.51
1082.21 351.46
1084.21 5.7
1086.21 152.79
1088.21 3.85
1090.21 311.77
1092.22 318.85
1094.21 303.62
1096.22 372.26
1098.21 16.48
1100.21 216.95
1102.21 17.95
1104.22 326.99
1106.21 289.38
1108.21 29.77
1110.22 313.21
1112.22 17.97
1114.21 248.69
1116.22 291.89
1118.22 21.7
1120.22 423.28
1122.22 19.63
1124.22 375.08
1126.22 30.2
1128.22 205.56
1130.22 321.27
1132.22 0.72
1134.22 249.96
1136.22 29.91
1138.22 218.25
1140.22 174.16
1142.22 15.82
1144.22 206.02
1146.22 0.73
1148.22 139.23
1150.22 0.84
1152.22 248.08
1154.22 225.04
1156.22 14.14
1158.22 257.88
1160.22 20.68
1162.22 290.97
1164.22 171.55
1166.22 0.72
1168.22 251.52
1170.22 20.56
