0.0 0.14
2.53 0.59
3.16 1.84
3.74 1.84
4.89 3.56
7.38 2.15
8.61 2.27
9.52 2.98
10.5 2.89
11.69 3.01
12.62 4.74
14.54 4.28
17.79 2.67
19.75 3.41
21.77 0.27
23.64 2.6
25.23 3.01
27.25 1.58
28.12 2.96
30.15 2.21
31.34 3.89
33.05 0.06
34.42 4.13
36.54 0.01
38.54 2.52
40.9 2.86
43.98 2.19
47.31 2.29
50.31 2.71
52.92 3.32
53.53 3.6
54.1 3.84
55.18 3.47
57.18 0.2
59.56 3.83
61.58 3.73
65.32 0.4
68.3 2.93
70.64 3.54
71.91 3.88
72.82 3.76
73.86 4.54
75.18 4.29
77.18 5.81
79.19 6.31
81.18 6.75
83.18 5.6
87.57 0.56
92.35 1.8
94.65 3.47
96.24 3.44
98.65 3.83
100.66 4.13
101.95 5.4
102.97 5.16
104.49 4.0
105.25 2.86
106.23 2.41
107.36 3.11
109.18 3.83
111.19 4.74
113.17 3.94
117.69 5.26
120.7 5.95
123.48 0.07
124.29 5.25
126.36 5.22
128.35 5.51
130.36 4.88
132.35 5.83
134.36 5.76
136.35 5.53
138.35 3.51
140.38 3.82
142.35 4.86
144.35 4.86
146.36 4.86
148.35 4.86
150.35 2.7
152.55 0.31
154.36 3.79
156.36 2.79
158.59 2.81
160.35 3.49
162.36 4.76
164.35 6.08
166.35 4.3
168.35 5.16
170.36 3.53
172.35 4.23
174.36 2.53
176.36 0.09
178.35 0.15
180.36 2.9
182.35 2.25
184.35 2.63
186.35 2.22
189.1 2.22
191.24 2.92
194.35 3.21
196.98 0.29
197.78 2.13
198.67 2.97
200.4 3.03
202.6 2.04
204.45 2.92
206.35 2.26
208.36 2.82
210.36 3.46
212.35 2.1
214.35 2.86
216.36 3.2
218.35 3.97
220.35 2.62
222.36 2.56
224.36 3.9
226.6 2.58
228.6 3.47
230.6 3.5
232.66 0.86
234.72 1.83
237.4 2.07
240.4 2.25
242.49 3.15
244.57 2.34
247.23 2.09
251.64 2.27
255.85 2.47
258.27 2.08
259.21 3.37
260.64 3.08
262.17 2.76
263.8 3.0
265.39 3.95
268.29 3.82
271.35 2.04
273.04 0.88
273.85 3.76
274.83 3.03
276.13 3.23
277.18 3.91
278.37 4.05
279.61 3.17
280.61 4.84
282.44 3.52
284.71 3.39
286.6 4.57
288.61 4.47
290.6 5.54
292.6 5.74
295.56 0.55
300.03 4.38
305.27 2.7
307.99 4.74
309.74 3.85
311.34 6.62
312.29 7.21
313.49 5.14
315.03 3.99
315.96 4.05
317.46 0.17
320.3 3.56
321.51 3.49
323.83 0.68
324.65 2.74
326.21 5.51
328.1 4.17
330.1 4.89
