0.0 201.5
1.94 54.07
3.69 77.04
5.69 44.72
7.69 104.43
9.69 105.19
11.94 122.96
13.94 75.75
15.94 80.26
17.94 153.35
19.94 175.92
21.94 8.68
23.94 182.48
25.69 7.47
27.94 179.76
29.94 179.79
31.94 8.77
33.94 173.71
35.94 10.83
37.94 106.48
39.94 152.75
41.94 161.36
43.94 168.09
45.94 11.58
47.94 203.89
49.94 11.11
51.94 208.4
53.94 228.56
55.94 9.32
57.94 236.85
59.94 10.84
61.94 244.28
63.94 239.33
65.94 201.05
67.94 217.39
69.94 0.26
71.94 230.42
73.94 8.4
75.94 238.46
77.94 211.36
79.94 11.06
81.94 236.68
83.94 0.24
85.94 38.38
87.94 206.11
89.94 209.09
91.94 224.55
93.94 11.35
95.94 175.56
97.94 9.26
99.94 188.21
101.94 197.85
103.94 11.58
105.94 181.05
107.94 11.32
109.94 206.11
111.94 208.78
113.94 201.76
115.94 208.61
117.94 2.18
119.94 192.47
121.94 10.37
123.94 199.17
125.94 186.11
127.94 9.48
129.94 147.17
131.94 9.05
133.94 216.29
135.94 215.92
137.94 210.93
139.94 221.61
141.94 4.78
143.94 233.9
145.94 6.8
147.94 217.21
149.94 232.9
151.94 207.31
153.94 227.5
155.94 10.12
157.94 233.65
159.94 93.14
161.94 169.61
163.94 211.39
165.94 11.07
167.94 237.83
169.94 10.61
171.94 218.5
173.94 228.9
175.94 12.54
177.94 237.14
179.94 12.3
181.94 237.52
183.94 244.97
185.94 234.83
187.94 213.99
189.94 12.2
191.94 88.41
193.94 0.57
195.94 97.82
197.94 111.31
199.94 11.06
201.94 147.16
203.94 11.08
205.94 149.65
207.94 177.76
209.94 189.25
211.94 191.12
213.94 9.38
216.19 89.11
218.19 11.07
219.94 87.72
221.94 97.65
223.94 109.8
225.94 115.21
227.94 9.43
229.94 103.26
232.0 134.01
234.19 166.63
236.19 191.3
238.19 11.13
240.19 200.41
241.94 11.08
243.94 78.67
245.94 82.03
248.19 11.31
250.19 221.7
252.19 12.82
254.19 93.92
256.03 12.34
257.94 29.99
259.94 30.57
261.94 30.57
264.19 66.67
266.19 66.67
268.19 66.67
270.19 66.67
272.19 66.67
273.94 77.63
275.94 77.63
278.19 77.63
279.99 77.63
282.19 77.63
284.19 77.63
286.19 77.63
288.19 77.63
290.19 77.63
292.19 77.63
294.19 86.92
296.19 96.52
298.19 96.52
300.19 96.52
302.19 96.52
304.19 96.52
306.19 124.17
308.19 131.74
310.19 12.11
312.19 175.94
314.19 10.37
316.19 214.3
318.19 204.66
320.19 154.68
322.19 218.95
324.19 2.11
326.19 219.69
328.19 11.31
330.19 191.7
332.19 211.95
334.19 10.83
336.19 208.65
338.19 215.81
340.19 227.85
342.19 119.77
344.19 13.91
346.19 195.39
348.19 4.99
350.19 90.16
352.03 12.44
354.19 104.31
356.19 92.04
358.19 8.23
360.19 125.08
362.19 11.07
364.19 48.74
366.19 53.71
368.19 103.46
370.19 61.19
372.19 2.66
374.19 140.71
376.19 11.01
378.19 163.39
380.19 159.05
382.19 11.32
384.19 64.33
386.19 9.97
388.19 88.42
390.19 78.11
392.19 93.47
394.19 93.47
396.19 93.47
398.19 93.47
400.19 93.47
402.19 93.47
404.19 93.47
406.19 102.39
408.19 102.03
410.19 59.37
412.19 68.91
414.19 151.9
416.19 182.71
418.19 196.59
420.19 9.06
422.19 201.24
424.19 202.12
426.19 215.88
428.19 208.39
430.19 11.3
432.19 229.11
434.19 9.76
