0.0 2.02
1.03 1.94
1.78 2.54
2.93 0.95
4.27 1.4
5.71 1.73
7.19 2.03
8.7 2.01
10.01 1.19
11.13 0.8
13.23 1.98
14.44 1.92
16.21 2.02
18.5 1.0
20.8 1.94
22.56 1.54
24.67 1.16
25.89 1.59
27.57 1.13
29.37 1.9
32.22 1.8
34.4 1.81
35.91 2.03
37.86 1.97
39.34 3.18
41.03 1.92
43.6 1.89
46.55 0.43
48.03 2.11
52.07 1.98
52.58 1.59
53.17 2.9
55.25 1.93
57.93 2.04
61.12 1.51
64.47 1.86
65.92 2.11
66.78 3.24
68.29 2.02
70.13 1.46
71.26 1.33
73.71 4.49
76.31 2.03
77.11 2.03
79.1 1.94
79.77 3.62
82.22 1.7
85.22 1.47
87.36 2.03
88.87 1.83
91.9 1.85
93.96 1.91
96.22 1.89
98.63 3.28
101.06 1.86
103.5 2.01
105.71 4.69
107.98 2.02
108.82 2.03
109.59 1.9
110.79 2.15
112.39 1.56
114.9 1.61
117.45 1.86
119.35 1.62
119.85 2.04
121.84 1.92
122.92 2.03
125.19 3.02
127.67 1.99
130.35 1.82
133.07 2.01
135.55 2.01
137.14 1.78
138.46 3.01
140.21 1.98
141.8 1.47
143.54 1.89
145.82 2.65
147.18 3.79
149.22 1.34
151.36 1.76
153.79 3.63
155.65 1.42
158.05 1.94
159.81 1.82
162.3 2.03
164.2 1.51
165.62 1.17
167.22 4.93
169.11 1.76
171.66 1.8
173.73 3.65
175.27 1.9
177.32 2.04
179.42 1.82
181.23 0.56
182.37 1.05
184.72 1.99
186.43 2.91
187.83 0.89
189.64 1.99
190.89 1.28
192.72 1.86
194.81 2.66
196.81 4.2
198.81 4.3
200.84 4.82
202.82 6.4
204.83 6.31
206.81 5.6
208.82 7.08
210.81 6.37
212.83 7.65
214.82 9.2
216.82 9.54
218.82 10.41
220.75 10.41
222.81 10.39
224.83 11.63
226.81 12.32
228.83 10.82
230.81 11.99
232.83 2.17
234.81 10.54
236.83 13.19
238.81 13.19
240.82 13.19
242.83 13.43
244.79 15.4
246.81 18.33
253.65 0.07
261.96 1.27
263.28 1.98
265.7 0.92
267.21 3.4
268.16 1.02
269.92 1.54
271.03 1.97
272.39 1.86
274.58 3.02
275.1 2.67
277.36 2.03
278.48 1.53
279.67 1.91
281.0 1.84
282.59 1.98
284.47 1.08
285.67 1.4
287.41 1.96
289.48 1.44
292.25 2.01
294.99 0.61
297.26 1.97
300.51 1.93
302.9 2.72
306.09 1.88
307.96 2.67
310.86 1.94
312.93 1.74
315.25 1.86
316.12 3.01
317.75 1.88
320.06 1.98
321.58 1.53
323.27 1.37
325.9 2.15
327.52 1.83
329.13 2.03
330.01 2.45
333.48 2.0
335.67 1.67
337.24 0.36
339.38 1.99
340.74 2.05
343.55 1.92
346.14 1.42
347.52 2.04
348.36 1.62
349.88 1.67
356.17 2.02
358.45 2.01
360.38 2.01
362.73 3.58
365.12 1.47
367.08 1.72
369.05 1.81
370.02 1.49
376.5 2.15
377.96 2.12
380.15 1.94
381.58 1.84
382.09 1.66
382.92 2.03
389.95 3.24
391.72 1.53
392.89 2.03
394.73 1.76
395.84 1.94
398.25 2.02
398.76 2.14
401.39 1.9
403.13 1.21
407.01 1.38
410.11 1.68
412.21 1.98
414.75 1.77
416.64 1.94
418.39 1.12
420.5 1.45
422.58 1.88
424.74 2.35
426.4 2.06
428.44 1.42
431.32 1.91
434.16 2.03
436.16 1.29
438.19 2.56
440.38 1.26
442.02 2.04
443.64 2.04
