0.0 308.92
0.54 308.71
2.52 0.41
4.51 355.65
6.52 0.45
8.52 344.18
10.52 0.44
12.51 319.73
14.53 15.1
16.52 281.78
18.52 212.78
20.52 3.92
22.52 235.69
24.52 0.45
26.52 278.19
28.52 311.13
30.52 9.79
32.52 262.88
34.52 8.88
36.53 302.35
38.52 0.45
40.52 241.88
42.52 256.21
44.52 0.45
46.52 271.66
48.52 0.45
50.52 292.2
52.52 258.62
54.52 0.45
56.52 232.93
58.52 0.41
60.52 292.24
62.53 0.44
64.52 199.48
66.52 307.64
68.52 0.45
70.52 244.6
72.52 0.89
74.52 265.25
76.52 282.66
78.52 214.7
80.53 268.91
82.52 0.41
84.52 233.0
86.52 0.45
88.52 284.03
90.52 310.79
92.52 0.44
94.52 249.05
96.52 0.44
98.52 259.16
100.52 253.5
102.52 0.45
104.52 226.33
106.52 0.32
108.52 266.29
110.52 0.41
112.52 280.1
114.52 276.97
116.52 0.42
118.52 260.14
120.52 0.45
122.53 312.64
124.52 299.72
126.77 0.39
128.77 339.43
130.77 0.42
132.77 281.39
134.77 11.77
136.77 288.78
138.77 285.81
140.77 305.99
142.77 246.53
144.77 0.34
146.77 228.81
148.77 188.97
150.77 2.89
152.77 164.88
154.77 0.4
156.77 137.03
158.77 0.38
160.77 205.02
162.77 206.7
164.77 0.45
166.77 210.69
168.77 3.03
170.77 187.4
172.77 213.16
174.77 200.62
176.77 191.36
178.77 10.75
180.77 224.92
182.77 0.45
184.78 161.35
186.77 145.65
188.77 3.71
190.77 181.6
192.77 0.44
194.77 185.95
196.77 183.68
198.77 16.01
200.77 200.28
202.77 0.41
204.77 133.28
206.77 8.47
208.77 180.62
210.77 203.75
212.77 176.98
214.77 228.11
216.77 0.45
218.77 250.81
220.77 187.01
222.77 207.7
224.78 222.86
226.77 0.45
228.78 195.91
230.78 0.39
233.18 22.0
234.8 10.1
236.84 0.45
238.9 26.71
240.77 38.82
242.77 34.64
244.78 40.17
246.78 44.85
248.77 47.31
250.78 55.65
252.78 66.44
254.87 67.69
256.77 96.5
258.77 112.58
260.78 104.59
262.77 105.12
264.78 13.76
266.78 128.29
268.78 181.72
270.78 149.51
272.77 124.28
274.78 1.78
276.9 173.08
278.89 0.34
280.78 190.56
282.78 194.55
284.78 0.41
286.78 219.53
289.03 0.39
291.03 190.96
292.83 16.94
295.03 238.63
297.03 244.11
299.03 0.45
301.03 265.54
303.03 0.43
305.03 207.29
307.03 262.99
309.03 8.85
311.03 252.18
313.02 0.45
315.03 253.55
317.03 0.41
319.03 246.27
321.03 277.28
323.03 0.44
325.03 212.4
327.03 0.41
329.03 268.62
331.03 202.56
333.03 0.45
335.2 178.77
337.04 0.45
339.03 148.56
341.03 2.53
343.03 101.97
345.03 101.97
347.03 10.76
349.03 95.65
351.03 0.44
353.03 97.66
355.03 162.63
357.03 0.41
359.02 193.15
361.03 0.89
363.03 181.35
365.03 193.7
367.27 217.46
369.03 240.98
371.03 0.45
373.04 259.32
375.03 9.97
377.03 257.78
379.03 194.95
381.03 0.45
383.03 232.75
385.03 0.44
387.03 228.74
389.03 25.83
391.03 182.63
393.03 108.18
395.03 2.57
397.03 38.56
399.03 110.72
401.03 112.73
403.03 105.36
405.03 105.36
407.03 105.36
409.03 109.17
411.03 107.6
413.03 106.64
415.03 114.95
417.03 104.22
419.03 112.79
421.03 100.52
423.03 100.98
425.03 99.82
427.06 129.27
429.03 122.57
431.03 101.44
433.03 110.79
435.03 85.71
437.03 119.2
439.04 150.81
441.03 110.9
443.28 3.49
445.28 124.64
447.28 0.45
449.28 145.57
451.28 78.25
453.28 92.49
455.28 101.63
457.28 0.36
459.28 101.47
461.07 105.97
463.28 118.34
465.28 87.56
467.28 0.41
469.28 97.28
471.29 97.28
473.29 105.73
475.28 100.16
477.28 18.2
479.28 97.71
481.28 96.1
483.28 105.58
485.09 0.45
487.28 79.46
489.28 112.4
491.28 112.16
493.28 88.88
495.29 112.66
497.29 75.34
499.3 94.93
501.28 119.45
503.28 107.58
505.29 108.61
507.28 90.01
509.28 106.42
511.28 114.99
513.28 126.2
515.29 1.78
517.29 128.46
519.28 124.75
521.28 124.75
523.28 124.75
525.29 19.77
527.28 92.67
529.29 123.7
531.29 130.33
533.28 102.38
535.28 119.53
537.28 106.25
539.29 101.4
541.29 107.77
543.29 112.88
545.28 113.61
547.28 110.78
549.28 127.57
551.29 122.04
553.28 0.41
555.28 28.61
557.28 8.42
559.28 33.79
561.28 28.69
563.28 33.54
565.29 27.16
567.29 36.02
569.28 25.09
571.29 31.06
573.29 40.07
575.29 39.26
577.54 38.52
579.54 32.51
581.54 34.68
583.54 28.73
585.54 43.83
587.54 45.65
589.54 19.17
591.56 41.3
593.54 46.47
595.54 32.62
597.54 17.45
599.54 44.48
601.54 46.0
603.54 43.86
605.54 40.04
607.54 39.66
609.54 45.42
611.54 53.38
613.54 64.73
615.54 72.01
617.54 74.9
619.54 79.85
621.54 91.7
623.54 92.5
625.54 86.75
627.54 93.34
629.54 82.18
631.54 110.14
633.54 97.37
635.54 75.17
637.54 113.91
639.54 18.11
641.54 126.97
643.54 117.14
645.54 120.63
647.54 121.33
649.54 80.74
651.54 131.48
653.54 121.91
655.54 130.43
657.54 113.69
659.54 7.72
661.54 158.82
663.54 0.45
665.54 185.11
667.54 185.87
669.55 175.21
671.54 81.04
673.54 61.11
675.54 128.43
677.54 0.44
679.54 97.96
681.54 96.51
683.54 96.51
685.54 96.51
687.55 11.58
689.54 45.21
691.54 45.21
693.54 80.67
695.54 75.26
697.54 102.82
699.54 78.75
701.54 65.71
703.54 108.02
705.55 94.52
707.54 113.8
709.56 99.82
711.54 101.62
713.54 106.36
715.54 109.46
717.54 97.76
719.55 108.05
721.54 106.64
