0.0 169.82
1.01 103.91
3.01 38.81
5.01 39.38
7.01 168.54
9.01 186.16
11.01 46.43
13.01 107.5
15.02 27.92
17.01 186.0
19.01 197.02
21.01 48.66
23.01 212.39
25.01 43.16
27.01 233.22
29.01 22.72
31.01 95.12
33.01 245.1
35.01 46.32
37.01 288.47
39.01 15.99
41.01 287.0
43.01 183.48
45.01 49.26
47.01 303.6
49.01 38.49
51.01 240.86
53.01 25.53
55.01 285.18
57.01 233.83
59.01 31.67
61.01 240.5
63.01 51.55
65.01 249.11
67.01 272.12
69.01 54.2
71.01 289.84
73.01 52.15
75.01 167.97
77.16 134.9
79.01 126.89
81.01 156.45
83.26 61.14
85.26 139.86
87.26 39.92
89.26 151.68
91.26 187.41
93.26 151.26
95.26 200.67
97.26 60.15
99.26 139.56
101.22 49.56
103.26 99.9
105.26 147.51
107.26 44.13
109.26 246.82
111.26 35.69
113.26 241.84
115.26 208.65
117.26 191.07
119.26 248.15
121.26 69.43
123.26 216.11
125.26 33.79
127.29 129.34
129.26 236.43
131.26 41.56
133.26 184.71
135.27 13.68
137.26 110.8
139.26 97.38
141.26 251.92
143.26 234.92
145.26 49.88
147.26 123.37
149.26 35.05
151.26 249.34
153.26 304.59
155.26 43.1
157.26 265.28
159.26 40.49
161.26 260.91
163.26 213.93
165.26 286.73
167.26 298.84
169.26 40.17
171.26 287.32
173.26 26.84
175.28 284.24
177.26 118.37
179.26 38.99
181.26 265.73
183.26 43.44
185.26 264.66
187.26 280.05
189.26 280.59
191.26 323.76
193.26 35.29
195.26 222.73
197.26 35.49
199.26 284.59
201.26 203.57
203.26 45.57
205.26 230.34
207.26 34.05
209.26 147.35
211.26 176.59
213.26 162.87
215.26 252.4
217.26 35.16
219.26 300.61
221.26 29.59
223.26 227.55
225.26 269.92
227.26 52.63
229.28 322.31
231.26 42.44
233.26 163.4
235.26 248.74
237.26 274.45
239.26 66.34
241.26 40.3
243.26 42.75
245.26 33.35
247.26 55.11
249.26 60.55
251.26 63.17
253.26 74.74
255.26 60.04
257.26 76.95
259.26 59.32
261.26 87.67
263.26 98.72
265.26 100.15
267.26 77.54
269.26 118.53
271.26 109.38
273.26 147.74
275.26 36.33
277.26 165.0
279.26 30.53
281.26 179.66
283.26 179.28
285.26 171.13
287.26 187.42
289.26 44.34
291.26 199.44
293.26 54.75
295.26 173.87
297.26 105.79
299.26 50.99
301.26 128.11
303.26 112.62
305.26 121.61
307.26 191.89
309.26 175.15
311.26 208.58
313.26 50.95
315.26 237.36
317.26 29.86
319.26 176.49
321.26 244.62
323.26 55.66
325.26 231.58
327.26 42.56
329.26 135.73
331.26 232.4
333.26 214.19
335.26 231.72
337.26 41.51
339.51 206.23
341.51 42.09
343.51 155.15
345.51 125.0
347.51 1.22
349.51 168.51
351.51 44.21
353.51 195.99
355.28 45.31
357.51 270.91
359.51 208.55
361.51 53.89
363.51 186.91
365.51 42.08
367.51 267.03
369.51 287.06
371.51 254.43
373.51 210.71
375.51 42.28
377.51 297.2
379.51 45.11
381.51 288.81
383.51 297.96
385.51 57.6
387.51 297.46
389.52 51.07
391.51 216.72
393.52 255.59
395.51 212.27
397.51 247.36
399.51 62.12
401.51 161.71
403.51 31.85
405.51 233.09
407.52 184.64
409.51 36.22
411.51 237.47
413.51 45.09
415.51 244.23
417.51 193.26
419.51 240.6
421.51 193.92
423.51 50.88
425.51 249.11
427.51 28.5
429.51 147.87
431.51 269.95
433.51 47.48
435.51 224.34
437.52 39.59
439.51 256.13
441.51 244.19
443.51 245.63
445.52 287.11
447.51 44.86
449.51 284.73
451.51 29.31
453.51 262.99
455.51 122.01
457.51 41.27
459.51 115.97
461.51 32.74
463.51 219.35
465.52 182.85
467.52 231.49
469.51 198.57
471.51 26.77
473.51 203.06
475.51 49.91
477.51 235.17
479.51 215.47
481.51 41.76
483.51 223.7
485.51 33.43
487.52 202.62
489.52 248.28
491.51 80.85
493.51 56.4
495.51 46.22
497.51 159.79
499.51 44.88
501.51 139.06
503.51 138.4
505.51 45.17
507.51 136.39
509.52 42.98
511.51 116.1
513.51 158.22
515.51 132.37
517.51 189.7
519.51 40.7
521.51 118.36
523.51 29.54
525.51 121.83
527.51 52.23
529.51 46.41
531.51 195.42
533.51 43.3
535.51 253.95
537.51 144.91
539.51 112.59
541.51 227.07
543.51 69.68
545.51 220.77
547.51 46.25
549.51 245.53
551.51 256.44
553.51 71.15
555.51 208.91
557.51 39.16
559.51 210.12
561.51 158.8
563.51 290.24
565.51 232.47
567.51 31.57
569.51 341.85
571.51 25.2
573.51 293.22
575.51 326.85
577.51 43.28
579.51 207.1
581.51 46.34
583.51 140.94
585.51 271.85
587.52 165.08
589.51 290.71
591.76 32.96
593.77 281.07
595.76 28.35
597.77 252.29
599.76 163.04
601.76 39.23
603.76 296.78
605.76 30.38
607.76 308.3
609.54 33.89
611.76 290.2
613.76 231.39
615.76 52.26
617.77 244.59
619.76 46.43
621.76 239.77
623.76 274.87
625.77 41.39
627.76 66.11
629.76 42.38
631.76 282.69
633.76 31.44
635.76 200.65
637.76 288.55
639.76 27.79
641.76 269.86
643.76 34.47
645.77 117.15
647.76 263.63
649.79 43.47
651.76 142.05
653.76 34.47
655.76 95.97
657.76 112.07
659.76 18.3
661.76 87.42
663.76 102.02
665.77 62.64
667.76 30.57
669.76 115.3
671.76 79.01
673.76 41.66
675.76 117.73
677.76 84.68
679.76 100.06
681.76 82.79
683.76 123.23
685.76 87.18
687.76 31.88
689.76 111.08
691.76 39.11
693.76 122.58
695.76 100.11
697.76 40.68
699.76 160.17
701.76 51.0
703.76 183.51
705.76 37.36
707.76 182.01
709.76 244.96
711.76 241.86
713.76 232.09
715.76 44.21
717.76 178.99
719.76 257.53
721.76 4.58
723.76 245.75
725.76 36.21
727.76 226.94
729.76 60.64
731.76 224.82
733.76 283.93
735.76 40.68
737.76 112.95
739.76 35.12
741.76 19.91
743.76 74.08
745.76 115.13
747.76 69.22
749.76 110.2
751.76 124.95
753.76 123.08
755.76 98.72
757.76 125.35
759.76 85.79
761.76 74.6
763.76 124.51
765.76 150.25
767.76 120.11
769.76 47.37
771.76 186.97
773.76 39.89
775.76 147.79
777.76 25.47
779.76 206.6
781.76 268.38
783.76 47.68
785.76 214.82
787.76 1.78
789.76 255.68
791.76 273.48
793.76 69.59
795.76 305.41
797.76 35.94
799.76 291.95
801.76 27.49
803.76 293.11
805.76 224.95
807.76 30.51
809.76 262.46
811.76 36.34
813.77 156.95
815.76 148.48
817.76 38.6
819.76 77.14
821.76 34.57
823.76 272.83
825.76 0.83
827.76 271.74
829.76 267.4
831.77 43.16
833.76 167.87
835.76 44.43
837.76 244.13
839.76 171.63
842.01 59.38
844.01 254.05
846.01 44.79
847.76 257.7
849.76 45.88
852.01 215.71
854.01 213.08
856.01 33.86
858.01 203.79
860.01 30.39
862.01 217.88
864.01 240.42
866.01 255.85
868.01 246.92
870.01 28.59
872.01 255.37
874.01 278.17
876.01 256.63
878.01 261.79
880.01 45.27
882.01 238.28
884.01 21.58
886.01 275.89
888.01 209.95
890.01 225.63
892.01 261.03
894.01 39.37
896.01 135.85
898.01 28.99
900.01 182.28
902.01 273.21
904.01 38.6
906.01 292.83
908.01 24.94
910.01 308.5
912.01 129.34
914.01 21.02
916.01 267.13
918.01 30.14
920.01 290.65
922.01 25.61
924.01 160.98
926.01 128.2
928.01 36.84
930.01 305.98
932.01 43.34
934.01 308.03
936.01 288.6
938.01 265.81
940.01 192.36
942.02 39.85
944.01 213.87
946.01 39.92
948.01 254.11
950.01 215.96
952.01 69.16
954.02 121.43
956.01 42.1
958.01 170.33
960.01 238.25
962.01 246.61
964.01 59.94
966.01 41.59
968.01 255.93
970.01 10.98
972.01 87.68
974.01 264.81
976.01 34.53
978.01 249.28
980.01 31.21
982.01 115.21
984.01 215.04
986.01 269.38
988.01 298.07
990.01 36.81
992.01 238.29
994.01 291.83
996.01 110.12
998.01 313.08
1000.01 68.5
1002.01 239.61
1004.01 38.17
1006.01 288.03
1008.01 249.2
1010.01 213.67
1012.02 202.9
1014.01 30.6
1016.01 287.04
1018.01 18.95
1020.01 257.27
1022.01 203.5
1024.01 36.62
1026.01 275.5
1028.01 37.56
1030.01 241.23
1032.01 285.24
1034.01 226.32
1036.01 336.16
1038.01 25.88
1040.01 185.84
1042.01 37.25
1044.01 286.92
1046.01 246.39
1048.01 46.4
1050.01 252.58
1052.01 29.72
1054.01 159.13
1056.01 271.18
1058.01 297.53
1060.01 110.25
1062.01 37.41
1064.01 222.84
1066.01 13.55
1068.01 43.94
1070.01 40.43
1072.01 35.07
1074.01 30.64
1076.01 35.57
1078.01 48.23
1080.01 48.23
1082.01 50.17
1084.01 85.35
1086.01 87.97
1088.01 107.41
1090.01 37.71
1092.26 123.54
1094.26 157.38
1096.26 168.07
1098.26 164.89
1100.26 32.39
1102.27 154.68
1104.03 149.73
1106.27 184.07
1108.26 60.77
1110.26 47.13
1112.26 128.46
1114.26 21.41
1116.26 172.11
1118.26 206.34
1120.26 220.97
1122.26 127.85
1124.26 159.95
1126.26 210.99
1128.26 39.15
1130.26 222.11
1132.26 206.8
1134.26 36.34
1136.26 210.73
1138.26 39.27
1140.26 246.99
1142.26 143.24
1144.26 228.46
1146.26 216.23
1148.26 36.95
1150.26 233.69
1152.26 25.94
1154.26 243.04
1156.26 184.81
1158.26 39.26
1160.26 105.99
1162.26 43.3
1164.26 164.8
1166.26 173.59
1168.26 137.1
1170.26 160.49
1172.26 10.46
1174.26 143.76
1176.26 33.9
1178.26 168.22
1180.26 140.68
1182.26 39.15
1184.26 159.52
1186.26 32.68
1188.26 187.25
1190.26 173.24
1192.26 143.95
1194.26 186.67
1196.26 13.15
1198.26 234.8
1200.26 40.2
1202.26 226.53
1204.26 230.59
1206.26 165.64
1208.26 242.88
1210.26 37.89
1212.26 183.19
1214.26 239.97
1216.26 55.16
1218.26 145.78
1220.26 35.61
1222.26 106.07
1224.26 85.72
1226.26 151.66
1228.26 186.78
1230.26 76.02
1232.26 252.2
1234.26 55.13
1236.26 201.63
1238.26 243.73
1240.26 3.65
1242.26 250.32
1244.26 46.61
1246.26 272.9
1248.26 42.39
1250.26 132.89
1252.26 251.85
1254.26 34.29
1256.26 98.31
1258.26 38.6
1260.26 274.75
1262.26 248.44
1264.26 26.01
1266.26 155.45
1268.26 33.09
1270.26 276.29
1272.26 39.17
1274.26 256.3
1276.26 237.09
1278.26 41.61
1280.27 87.4
1282.26 26.84
1284.26 233.03
1286.26 241.0
1288.26 252.94
1290.27 286.34
1292.26 46.33
1294.26 207.87
1296.26 38.58
1298.26 290.87
1300.26 193.66
1302.26 40.3
1304.26 301.25
1306.26 59.03
1308.26 270.77
1310.26 242.13
1312.26 261.49
1314.26 266.93
1316.26 39.27
1318.26 249.76
1320.26 36.29
1322.26 246.07
1324.26 273.92
1326.26 63.8
1328.26 148.18
1330.26 44.5
1332.26 236.93
1334.26 207.05
1336.26 235.28
1338.26 281.44
1340.26 48.61
1342.51 53.83
1344.51 79.24
1346.51 89.09
1348.51 126.93
1350.51 49.71
1352.51 74.19
1354.51 40.74
1356.51 172.27
1358.28 24.83
1360.51 220.59
1362.51 197.77
1364.51 43.32
1366.51 212.97
1368.51 13.72
1370.51 43.51
1372.51 207.31
1374.51 40.55
1376.52 229.9
1378.51 38.57
1380.51 228.78
1382.51 243.07
1384.51 260.44
1386.51 113.06
1388.51 39.85
1390.51 239.4
1392.51 29.07
1394.51 192.78
1396.51 211.97
1398.51 46.24
1400.51 236.15
1402.51 40.51
1404.51 244.55
1406.51 26.37
1408.51 187.84
1410.51 173.64
1412.51 44.28
1414.51 277.61
1416.51 33.67
1418.51 237.63
1420.51 308.89
1422.51 253.52
1424.51 298.62
1426.51 47.34
1428.51 243.13
1430.56 277.59
1432.51 184.43
1434.51 261.69
1436.51 67.14
1438.52 288.73
1440.51 47.36
1442.51 231.85
1444.51 94.11
1446.51 50.12
1448.51 250.22
1450.51 36.61
1452.51 211.21
1454.51 37.7
1456.51 123.65
1458.51 207.66
1460.51 44.47
1462.51 165.86
1464.51 37.87
1466.51 198.85
1468.51 223.33
1470.51 44.05
1472.51 178.45
1474.51 40.51
1476.51 217.01
1478.51 234.81
1480.51 167.25
1482.51 229.59
1484.51 36.26
1486.51 173.46
1488.51 39.31
1490.51 187.01
1492.51 180.92
1494.51 46.31
1496.51 146.0
1498.51 28.35
1500.51 242.98
1502.51 0.95
1504.51 237.28
1506.51 152.18
1508.51 42.83
1510.52 147.33
1512.51 34.46
1514.51 178.44
1516.51 230.01
1518.51 63.66
1520.51 163.63
1522.51 38.92
1524.51 194.45
1526.52 80.22
1528.51 135.42
1530.51 173.34
1532.51 37.7
1534.51 255.69
1536.51 48.58
1538.51 242.67
1540.55 264.26
1542.52 5.25
1544.51 268.14
1546.51 34.41
1548.51 222.45
1550.51 141.34
1552.51 232.87
1554.51 243.15
1556.51 37.14
1558.51 215.15
1560.51 39.97
1562.51 176.69
1564.51 207.92
1566.51 207.92
1568.51 181.07
1570.51 17.81
1572.51 54.78
1574.51 108.3
1576.51 198.06
1578.52 171.79
1580.51 55.69
1582.51 218.65
1584.76 27.31
1586.76 233.04
1588.76 17.02
1590.51 145.25
1592.76 235.79
1594.76 38.17
1596.76 270.94
1598.54 30.78
1600.76 247.75
1602.76 283.83
1604.76 45.39
1606.76 131.43
1608.76 46.11
1610.76 50.32
1612.76 124.62
1614.76 146.56
1616.76 147.41
1618.76 32.34
1620.76 158.0
1622.76 34.98
1624.76 210.54
1626.77 203.07
1628.76 38.59
1630.76 206.8
1632.76 32.65
1634.76 141.43
1636.76 202.45
1638.76 190.35
1640.76 154.45
1642.76 9.07
1644.76 191.9
1646.76 40.68
1648.76 205.17
1650.76 207.77
1652.76 23.37
1654.76 54.3
1656.76 35.11
1658.76 88.6
1660.76 75.36
1662.76 75.36
1664.76 94.34
1666.76 84.84
1668.76 90.03
1670.76 113.15
1672.76 54.74
1674.76 127.15
1676.76 36.89
1678.76 139.45
1680.76 28.99
1682.76 146.29
1684.76 171.37
1686.76 160.69
1688.76 176.13
1690.76 40.53
1692.76 173.32
1694.76 38.29
1696.76 196.85
1698.76 225.05
1700.76 32.63
1702.76 203.19
1704.76 18.55
1706.76 211.4
1708.76 63.53
1710.76 210.15
1712.76 194.32
1714.76 45.35
1716.76 183.42
1718.76 35.24
1720.76 238.93
1722.76 138.85
1724.76 44.2
1726.76 247.33
1728.76 16.14
1730.76 265.72
1732.76 185.38
1734.76 53.49
1736.77 168.66
1738.76 55.62
1740.76 178.37
1742.76 26.24
1744.76 197.4
1746.76 50.03
1748.76 29.78
1750.76 221.78
1752.76 34.27
1754.76 158.03
1756.76 140.29
1758.77 226.34
1760.76 149.49
1762.76 39.54
1764.76 229.89
1766.76 39.19
1768.77 253.83
1770.76 114.39
1772.76 36.83
1774.76 190.44
1776.77 35.0
1778.76 134.59
1780.76 219.81
1782.76 230.28
1784.76 242.51
1786.76 30.12
1788.76 52.82
1790.76 97.71
1792.76 125.33
1794.76 111.03
1796.76 45.49
1798.76 160.48
1800.76 38.88
1802.76 59.18
1804.76 197.0
1806.76 97.93
1808.76 151.81
1810.76 187.35
1812.76 113.55
1814.76 42.28
1816.76 93.83
1818.77 154.27
1820.76 71.35
1822.76 212.97
1824.76 30.21
1826.76 216.12
1828.76 198.78
1830.76 152.92
1833.01 212.49
1835.01 41.35
1837.01 156.29
1839.01 40.82
1840.76 171.69
1843.01 134.0
1845.01 176.33
1847.02 172.21
1849.01 29.41
1851.01 180.94
1852.78 41.33
1855.01 139.57
1857.01 191.46
1859.01 39.9
1861.01 189.54
1863.01 32.39
1865.01 185.72
1867.01 189.16
1869.01 229.62
1871.01 210.48
1873.01 140.37
1875.01 188.3
1876.79 38.49
1879.01 114.62
1881.01 178.11
1883.01 17.4
1885.01 171.44
1887.01 34.24
1889.01 78.74
1891.01 97.68
1893.01 46.19
1895.01 99.41
1897.01 58.44
1899.01 102.13
1901.01 73.31
1903.01 114.99
1905.01 102.42
1907.01 82.89
1909.01 83.84
1911.01 56.56
1913.01 94.86
1915.01 101.67
1917.01 64.14
1919.01 64.14
1921.01 103.42
1923.01 111.87
1925.01 39.24
1927.01 131.18
1929.01 169.8
1931.01 44.23
1933.01 152.81
1935.01 43.0
1937.01 168.43
1939.01 70.26
1941.01 48.54
1943.01 121.47
1945.01 18.86
1947.02 125.54
1949.01 33.95
1951.01 63.04
1953.01 115.48
1955.01 81.65
1957.01 120.09
1959.01 23.61
1961.01 132.36
1963.01 70.95
1965.01 78.01
1967.01 76.45
1969.01 65.1
1971.02 85.61
1973.01 73.48
1975.01 84.64
1977.01 72.58
1979.01 23.18
1981.01 97.56
1983.01 65.39
1985.01 76.58
1987.01 78.04
1989.01 91.22
1991.01 102.36
1993.01 88.27
1995.01 85.68
1997.01 132.62
1999.01 135.41
2001.01 135.24
2003.01 36.21
2005.01 183.24
2007.01 45.27
2009.01 162.65
2011.01 44.72
2013.01 55.16
2015.01 168.54
2017.01 41.61
2019.01 198.8
2021.01 36.3
2023.01 174.41
2025.01 221.25
2027.01 42.34
2029.01 173.17
2031.01 34.96
2033.02 165.37
2035.01 140.96
2037.01 64.84
2039.01 180.4
2041.01 42.56
2043.01 187.55
2045.02 44.59
2047.02 206.22
2049.01 206.52
2051.01 44.91
2053.01 173.53
2055.03 41.75
2057.01 72.83
2059.01 204.74
2061.01 35.77
2063.01 167.87
2065.01 38.9
2067.01 209.53
2069.01 45.22
2071.01 242.61
2073.01 232.55
2075.01 49.92
2077.01 215.19
2079.01 44.3
2081.01 13.05
2083.01 223.03
2085.01 238.06
2087.26 188.33
2089.26 55.22
2091.26 154.96
2093.26 50.49
2095.26 203.85
2097.26 210.86
2099.26 59.82
2101.26 213.29
2103.26 57.12
2105.26 238.87
2107.26 225.88
2109.26 190.34
2111.26 177.68
2113.26 23.26
2115.26 65.92
2117.26 42.59
2119.26 194.12
2121.26 198.73
2123.26 44.58
2125.26 172.61
2127.26 46.39
2129.26 101.98
2131.26 189.9
2133.26 127.84
2135.26 131.61
2137.26 39.42
2139.26 183.08
2141.26 44.62
2143.26 187.3
2145.26 142.13
2147.26 44.08
2149.26 33.1
2151.26 64.26
2153.26 94.92
2155.26 117.24
2157.26 101.21
2159.26 94.98
2161.26 49.61
2163.26 159.3
2165.26 55.64
2167.26 163.59
2169.26 150.22
2171.26 47.5
2173.26 191.43
2175.26 31.38
2177.26 184.05
2179.26 167.88
2181.26 202.23
2183.26 204.17
2185.26 38.92
2187.26 144.7
2189.26 34.85
2191.26 210.89
2193.27 180.39
2195.27 38.59
2197.26 112.92
2199.26 40.38
2201.26 205.45
2203.26 79.69
2205.26 202.71
2207.26 205.33
2209.27 38.78
2211.26 103.9
2213.26 37.63
2215.26 164.07
2217.26 41.04
2219.26 39.74
2221.26 205.96
2223.26 30.5
2225.26 0.37
2227.26 193.54
2229.26 220.04
2231.26 183.04
2233.26 47.34
2235.26 169.8
2237.26 43.32
2239.26 187.51
2241.26 168.02
2243.26 38.35
2245.26 213.66
2247.26 48.61
2249.26 186.07
2251.26 201.16
2253.26 178.15
2255.26 203.28
2257.26 40.35
2259.26 163.1
2261.26 42.45
2263.26 207.29
2265.26 204.48
2267.26 32.69
2269.26 215.08
2271.26 37.88
2273.26 34.87
2275.26 273.85
2277.26 255.81
2279.26 276.68
2281.26 44.45
2283.26 239.68
2285.26 47.29
2287.26 231.43
2289.26 223.98
2291.26 26.01
2293.26 217.19
2295.26 29.12
2297.26 206.7
2299.26 152.79
2301.26 126.28
2303.26 180.2
2305.26 54.07
2307.26 197.64
2309.26 44.05
2311.26 72.03
2313.26 201.37
2315.26 41.05
2317.26 146.91
2319.26 40.49
2321.26 90.85
2323.26 143.2
2325.26 189.22
2327.26 122.17
2329.26 40.61
2331.26 197.0
2333.26 28.97
2335.26 168.08
2337.26 260.21
2339.26 52.15
2341.26 215.74
2343.51 43.12
2345.51 199.04
2347.29 26.57
2349.51 150.65
2351.51 161.61
2353.51 42.33
2355.51 257.11
2357.51 50.39
2359.51 206.88
2361.51 188.28
2363.51 33.63
2365.51 258.95
2367.51 61.36
2369.51 125.26
2371.51 38.98
2373.51 216.05
2375.51 183.15
2377.51 38.56
2379.51 207.09
2381.51 31.53
2383.51 196.86
2385.51 235.64
2387.51 230.82
2389.51 218.97
2391.51 42.96
2393.51 186.29
2395.51 21.87
2397.51 224.46
2399.51 203.4
2401.51 39.42
2403.51 169.5
2405.51 35.12
2407.51 144.14
2409.51 261.07
2411.51 105.11
2413.51 185.59
2415.51 37.75
2417.51 215.58
2419.51 45.42
2421.51 202.15
2423.51 171.35
2425.51 59.42
2427.51 186.31
2429.51 9.49
2431.51 225.39
2433.51 152.91
2435.51 65.86
2437.51 111.47
2439.51 38.98
2441.51 195.41
2443.51 44.2
2445.51 193.29
2447.51 192.0
2449.51 35.97
2451.51 123.55
2453.51 34.88
2455.51 233.89
2457.51 179.87
2459.51 213.07
2461.51 187.95
2463.51 38.7
2465.51 193.54
2467.51 40.85
2469.51 162.38
2471.51 186.91
2473.51 43.08
2475.51 198.37
2477.51 43.32
2479.51 243.77
2481.51 194.72
2483.51 195.18
2485.51 253.51
2487.51 40.77
2489.51 144.77
2491.51 27.58
2493.51 230.74
2495.51 227.16
2497.51 40.62
2499.51 234.07
2501.51 34.67
2503.51 243.49
2505.51 138.78
2507.51 245.53
2509.51 209.0
2511.51 41.51
2513.51 308.91
2515.51 44.01
2517.51 281.73
2519.51 169.81
2521.51 46.07
2523.51 165.32
2525.51 30.44
2527.51 147.7
2529.51 255.24
2531.51 114.12
2533.51 230.57
2535.51 40.01
2537.51 276.58
2539.51 39.33
2541.51 279.39
2543.51 231.11
2545.51 31.03
2547.51 244.94
2549.51 24.92
2551.51 156.54
2553.51 177.83
2555.51 266.5
2557.51 236.55
2559.51 41.54
2561.51 294.41
2563.51 34.99
2565.51 258.25
2567.51 258.08
2569.51 40.65
2571.51 188.49
2573.51 109.67
2575.51 198.98
2577.52 327.54
2579.51 43.33
2581.52 326.3
2583.51 27.37
2585.54 295.88
2587.51 32.1
2589.51 336.16
2591.51 118.39
2593.76 28.42
2595.76 274.43
2597.51 29.73
2599.51 196.99
2601.7 240.59
2603.76 214.37
2605.76 131.31
2607.76 42.5
2609.76 218.26
2611.76 40.59
2613.77 208.66
2615.98 35.08
2617.76 288.31
2619.76 227.03
2621.77 41.42
2623.76 110.74
2625.76 29.35
2627.76 202.9
2629.76 152.56
2631.76 32.17
2633.76 212.91
2635.76 32.9
2637.76 221.85
2639.76 159.76
2641.76 67.41
2643.77 224.68
2645.76 37.01
2647.76 210.91
2649.76 30.91
2651.76 149.71
2653.76 242.82
2655.76 42.4
2657.76 176.2
2659.76 48.46
2661.82 216.01
2663.76 216.01
2665.76 57.99
2667.76 187.83
2669.76 58.93
2671.76 187.94
2673.76 11.74
2675.76 120.98
2677.76 202.59
2679.76 47.48
2681.76 244.77
2683.76 35.67
2685.76 220.56
2687.76 178.33
2689.76 50.17
2691.76 106.7
2693.76 61.13
2695.76 228.53
2697.76 39.29
2699.76 179.6
2701.76 161.74
2703.76 45.43
2705.77 297.76
2707.76 31.18
2709.76 238.9
2711.76 288.65
2713.76 43.54
2715.76 268.14
2717.76 50.07
2719.76 273.57
2721.76 13.23
2723.76 229.91
2725.76 244.67
2727.76 39.73
2729.76 222.26
2731.76 41.54
2733.76 231.5
2735.76 237.33
2737.77 48.44
2739.76 193.75
2741.76 37.03
2743.76 217.29
2745.78 10.56
2747.76 36.73
2749.76 174.02
2751.76 52.72
2753.76 161.06
2755.76 37.68
2757.76 167.08
2759.76 116.02
2761.76 33.57
2763.76 170.79
2765.77 38.13
2767.76 14.1
2769.76 10.57
2771.76 79.14
2773.77 192.69
2775.76 32.16
2777.76 83.52
2779.76 29.08
2781.77 233.76
2783.76 96.33
2785.76 62.88
2787.76 169.15
2789.77 36.37
2791.76 58.16
2793.76 37.34
2795.76 194.73
2797.76 223.28
2799.76 39.74
2801.76 262.87
2803.76 29.9
2805.77 254.04
2807.76 284.33
2809.76 43.35
2811.76 177.93
2813.76 40.37
2815.76 288.56
2817.77 32.1
2819.76 126.19
2821.76 230.67
2823.76 57.4
2825.77 224.8
2827.76 57.68
2829.76 287.97
2831.76 184.78
2833.8 52.35
2835.76 142.43
2837.76 43.18
2839.76 189.06
2841.79 36.48
2844.01 63.96
2845.76 129.51
2848.01 43.46
2849.77 206.49
2852.01 65.68
2854.01 150.59
2856.01 114.86
2858.01 181.38
2860.01 82.23
2862.01 38.16
2864.01 182.74
2866.01 45.23
2868.01 202.54
2870.01 230.04
2872.01 45.38
2874.01 185.04
2876.01 42.25
2878.01 253.26
2880.01 212.3
2882.01 249.91
2884.01 224.01
2886.01 31.48
2888.01 250.15
2890.02 34.87
2892.01 126.33
2894.01 244.59
2896.01 42.32
2898.01 274.97
2900.01 40.24
2902.01 220.94
2904.01 133.87
2906.01 182.59
2908.01 195.61
2910.01 27.79
2912.01 201.38
2914.01 51.11
2916.01 211.1
2918.01 154.82
2920.01 62.89
2922.01 239.43
2924.01 37.93
2926.01 250.9
2928.01 260.53
2930.02 255.91
2932.01 10.78
2934.01 36.19
2936.01 249.96
2938.01 0.86
2940.01 113.88
2942.01 258.49
2944.01 40.38
2946.03 299.93
2948.01 33.23
2950.01 232.53
2952.01 303.98
2954.02 229.11
2956.01 91.75
2958.01 0.94
2960.01 189.38
2962.01 30.98
2964.01 215.56
2966.01 146.88
2968.01 31.42
2970.01 138.05
2972.01 53.53
2974.01 199.26
2976.01 205.74
2978.01 212.68
2980.01 124.44
2982.01 43.79
2984.01 234.36
2986.01 43.34
2988.01 203.72
2990.01 239.75
2992.01 45.33
2994.01 260.2
2996.01 45.31
2998.03 221.55
3000.01 152.38
3002.01 229.68
3004.01 211.65
3006.01 1.01
3008.01 46.44
3010.01 36.62
3012.01 225.8
3014.01 232.64
3016.01 22.35
3018.01 318.61
3020.01 57.45
3022.01 235.19
3024.01 50.55
3026.01 320.19
3028.01 137.22
3030.02 47.39
3032.01 103.62
3034.01 47.46
3036.01 227.79
3038.01 257.88
3040.01 41.47
3042.01 275.96
3044.01 192.1
3046.01 247.05
3048.01 274.47
3050.01 217.6
3052.01 267.44
3054.01 31.8
3056.01 231.6
3058.01 47.68
3060.01 257.73
3062.01 225.21
3064.01 53.36
3066.01 215.39
3068.01 39.75
3070.01 315.72
3072.01 265.69
3074.01 308.04
3076.01 273.53
3078.01 33.89
3080.01 294.36
3082.01 36.17
3084.01 262.72
3086.01 245.26
3088.01 38.77
3090.01 208.63
3092.01 11.53
3094.26 126.83
3096.03 35.25
3098.26 151.49
3100.26 205.58
3102.26 33.66
3104.26 286.01
3106.26 16.37
3108.26 182.57
3110.26 312.94
3112.26 65.12
3114.26 251.59
3116.26 44.05
3118.26 237.42
3120.26 17.72
3122.26 280.84
3124.26 282.69
3126.26 233.74
3128.26 86.59
3130.26 49.78
3132.26 148.47
3134.26 166.72
3136.26 179.6
3138.26 121.92
3140.26 23.28
3142.27 208.75
3144.26 42.16
3146.26 204.87
3148.26 203.27
3150.26 58.73
3152.26 207.01
3154.27 26.95
3156.26 220.1
3158.26 184.35
3160.26 74.82
3162.26 198.87
3164.26 49.55
3166.26 76.75
3168.26 46.31
3170.26 9.74
3172.26 168.39
3174.26 33.06
3176.26 0.44
3178.26 31.89
3180.3 185.49
3182.26 211.13
3184.26 186.66
3186.26 178.79
3188.26 35.57
3190.26 200.71
3192.26 38.18
3194.26 221.41
3196.26 241.68
3198.26 31.82
3200.26 239.01
3202.26 23.96
3204.26 274.53
3206.26 298.78
3208.26 278.11
3210.26 300.93
3212.26 33.2
3214.26 260.98
3216.26 35.69
3218.26 205.86
3220.26 0.39
3222.26 42.41
3224.26 252.55
3226.29 37.22
3228.26 248.85
3230.26 238.13
3232.26 56.43
3234.26 130.94
3236.26 14.92
3238.26 245.46
3240.26 40.23
3242.26 183.84
3244.26 167.61
3246.26 25.0
3248.26 88.89
3250.26 14.94
3252.26 159.59
3254.26 260.04
3256.26 288.67
3258.26 203.74
3260.26 42.33
3262.26 164.21
3264.26 36.38
3266.26 224.98
3268.26 226.5
3270.27 40.84
3272.26 248.77
3274.26 38.48
3276.26 309.36
3278.26 322.42
3280.26 187.27
3282.34 175.02
3284.26 44.82
3286.26 239.39
3288.26 30.22
3290.26 309.64
3292.26 289.55
3294.26 44.23
3296.26 365.33
3298.26 0.8
3300.26 299.15
3302.26 340.42
3304.26 262.8
3306.26 328.15
3308.26 41.59
3310.26 0.45
3312.26 45.86
3314.26 197.63
3316.26 234.09
3318.26 40.0
3320.27 275.69
3322.26 38.43
3324.26 237.13
3326.26 177.3
3328.26 249.13
3330.27 263.72
3332.26 251.8
3334.26 210.14
3336.51 43.54
3338.26 269.66
3340.26 256.9
3342.26 51.84
3344.51 236.63
3346.51 44.06
3348.51 290.03
3350.28 43.29
3352.51 252.35
3354.51 215.9
3356.51 294.76
3358.51 284.62
3360.51 31.42
3362.51 209.54
3364.51 284.17
3366.51 38.46
3368.51 269.37
3370.51 48.83
3372.51 152.79
3374.51 247.19
3376.51 216.23
3378.51 317.36
3380.51 39.26
3382.51 325.48
3384.51 33.66
3386.51 308.11
3388.51 267.96
3390.51 22.79
3392.51 207.2
3394.51 44.32
3396.51 249.48
3398.51 49.86
3400.51 239.48
3402.52 260.48
3404.51 40.7
3406.51 282.45
3408.51 37.71
3410.51 219.48
3412.51 255.38
3414.51 48.48
3416.51 65.04
3418.51 43.05
3420.51 257.4
3422.52 297.65
3424.51 113.83
3426.51 312.47
3428.51 63.12
3430.51 253.28
3432.51 39.2
3434.53 263.55
3436.52 220.21
3438.51 37.29
3440.51 297.83
3442.51 37.05
3444.51 231.94
3446.51 34.21
3448.51 243.06
3450.51 254.32
3452.51 58.09
3454.51 324.62
3456.51 18.02
3458.51 236.63
3460.51 339.31
3462.51 63.5
3464.51 345.87
3466.51 27.08
3468.51 296.38
3470.51 288.2
3472.51 210.14
3474.51 293.38
3476.51 30.58
3478.51 348.46
3480.51 33.86
3482.51 398.61
3484.51 155.15
3486.51 46.28
3488.51 332.87
3490.51 38.28
3492.51 315.7
3494.51 296.96
3496.51 296.33
3498.51 281.05
3500.51 19.77
3502.51 339.61
3504.51 33.28
3506.51 37.5
3508.51 30.42
3510.51 47.24
3512.51 33.49
3514.51 59.56
3516.51 57.51
3518.51 57.65
3520.52 61.15
3522.51 79.64
3524.51 79.64
3526.51 79.64
3528.51 70.94
3530.52 74.69
3532.51 74.69
3534.51 86.0
3536.51 86.5
3538.51 43.19
3540.51 177.15
3542.51 152.61
3544.51 172.55
3546.51 160.13
3548.51 39.08
3550.51 188.09
3552.51 31.75
3554.51 203.45
3556.51 224.1
3558.51 43.36
3560.51 278.56
3562.51 45.26
3564.51 189.18
3566.51 275.73
3568.51 253.64
3570.52 258.37
3572.51 44.39
3574.51 274.57
3576.51 282.4
3578.51 49.98
3580.52 55.87
3582.76 36.52
3584.76 63.28
3586.76 38.91
3588.76 204.61
3590.54 41.89
3592.76 267.22
3594.76 237.68
3596.76 318.76
3598.76 254.93
3600.76 29.78
3602.76 253.17
3604.76 288.93
3606.76 272.41
3608.76 304.16
3610.76 29.16
3612.76 343.59
3614.54 27.53
3616.76 159.63
3618.76 241.91
3620.76 45.49
3622.76 320.15
3624.76 37.84
3626.76 317.72
3628.76 192.49
