0.0 322.95
1.02 223.34
3.08 183.59
5.03 51.19
7.03 284.79
9.03 57.61
11.03 285.11
13.02 172.39
15.02 50.97
17.02 87.64
19.03 54.75
21.02 78.78
23.02 46.06
25.02 143.52
27.02 258.62
29.03 54.5
31.02 135.66
33.02 50.26
35.02 210.57
37.02 267.4
39.02 48.58
41.02 266.25
43.02 56.75
45.03 149.88
47.03 49.35
49.02 258.4
51.03 294.46
53.02 48.62
55.02 290.49
57.02 43.79
59.03 251.68
61.03 316.51
63.03 40.38
65.02 319.14
67.02 51.76
69.02 330.53
71.02 50.53
73.03 326.5
75.04 341.3
77.02 52.1
79.02 126.75
81.02 49.84
83.02 137.92
85.02 145.49
87.03 57.7
89.03 156.23
91.02 47.25
93.02 222.34
95.02 54.64
97.03 225.13
99.02 259.96
101.02 51.77
103.02 258.95
105.02 43.79
107.02 248.91
109.02 304.54
111.02 32.42
113.02 320.82
115.02 49.55
117.02 290.47
119.11 48.51
121.09 302.65
123.02 283.75
125.02 53.69
127.02 319.37
129.02 49.92
131.02 300.83
133.02 228.59
135.02 53.43
137.02 283.07
139.02 38.93
141.02 301.11
143.02 56.3
145.02 260.82
147.02 327.04
149.02 48.32
151.03 341.1
153.27 50.5
155.27 339.8
157.27 350.16
159.27 328.33
161.27 320.46
163.27 45.29
165.27 322.89
167.27 53.01
169.27 376.36
171.27 373.57
173.27 47.23
175.27 255.84
177.27 54.89
179.27 245.88
181.27 234.5
183.27 263.58
185.27 243.66
187.27 48.67
189.28 256.18
191.27 50.66
193.27 252.04
195.27 44.81
197.27 45.19
199.27 254.02
201.27 31.09
203.27 245.55
205.27 278.81
207.27 271.3
209.27 276.63
211.27 53.28
213.27 269.49
215.27 47.28
217.27 328.37
219.27 324.19
221.27 48.85
223.27 333.2
225.27 50.72
227.27 136.41
229.27 317.67
231.27 322.19
233.27 310.17
236.14 49.33
237.27 288.25
239.27 49.18
241.27 241.55
243.27 239.94
245.27 47.12
247.27 256.96
249.27 57.76
251.27 254.3
253.27 243.57
255.27 272.94
257.27 91.16
259.27 50.1
261.27 173.84
263.27 41.49
265.27 55.97
267.27 40.16
269.27 51.87
271.27 158.19
273.27 59.12
275.27 171.71
277.27 179.63
279.27 179.37
281.27 187.4
283.28 48.34
285.27 189.83
287.27 56.12
289.27 193.63
291.27 252.82
293.27 49.52
295.27 285.77
297.27 55.14
299.27 293.67
301.27 314.43
303.27 326.36
305.26 294.28
307.27 51.65
309.27 269.28
311.27 51.97
313.27 318.9
315.27 328.9
317.27 48.66
319.27 333.43
