0.0 2.65
0.68 2.67
1.2 2.67
1.9 2.65
3.36 0.17
4.44 2.66
5.76 2.57
6.89 2.52
8.16 2.43
8.7 2.32
9.21 2.64
11.61 2.58
16.13 2.17
18.47 2.3
20.35 2.61
21.62 2.44
22.76 0.25
24.56 2.05
26.48 2.62
27.69 0.33
29.06 2.55
30.95 2.5
33.85 2.63
36.28 2.56
37.92 2.54
39.73 2.65
41.93 2.56
44.3 2.19
46.58 2.58
48.49 2.54
50.94 2.57
53.29 2.55
55.68 2.57
58.56 2.64
61.23 2.61
63.45 1.61
67.22 2.47
69.36 2.64
70.65 2.42
71.72 2.65
74.75 2.62
77.76 2.59
79.44 2.64
83.22 2.38
85.89 2.63
87.39 2.47
89.05 2.62
91.03 2.67
96.23 2.56
99.41 2.68
101.13 2.41
104.11 2.59
106.76 2.49
108.15 2.53
109.67 2.64
111.3 2.54
112.67 2.52
115.9 2.67
118.95 2.65
120.47 1.41
124.68 2.73
126.06 2.62
127.62 2.52
129.09 2.63
131.99 2.52
134.06 2.56
137.57 2.59
140.14 2.19
141.2 2.61
143.74 2.65
145.33 2.6
148.51 2.42
150.46 2.24
152.58 2.53
154.69 2.64
156.59 1.47
158.73 1.05
161.55 2.37
167.25 2.66
169.2 1.5
171.59 2.33
173.2 2.62
175.0 2.69
176.89 2.64
178.63 2.62
180.99 2.62
184.35 2.62
187.39 2.63
189.21 2.23
192.04 2.64
195.01 2.68
198.73 0.89
201.22 1.97
202.78 1.91
204.72 2.51
206.48 0.06
208.5 2.56
210.41 2.6
213.28 2.54
216.51 2.63
