0.0 132.31
2.05 165.6
3.96 1.3
6.04 180.3
8.05 193.09
10.05 4.67
12.05 192.34
14.05 0.84
16.05 202.76
18.05 209.13
20.04 212.52
22.05 209.95
24.05 5.04
26.04 214.47
28.05 5.14
30.05 226.05
32.08 214.34
34.04 0.15
36.05 223.9
38.05 4.72
40.05 158.86
42.05 181.19
44.05 129.9
46.05 123.18
48.05 5.08
50.05 179.98
52.04 2.14
54.05 190.88
56.05 156.45
58.05 0.16
60.05 175.88
62.05 0.9
64.05 184.91
66.05 193.04
68.05 205.8
70.05 154.91
72.52 5.22
74.52 177.23
76.52 200.55
78.53 183.1
80.52 157.68
82.52 4.91
84.52 119.0
86.54 0.16
88.52 174.22
90.52 85.44
92.52 193.7
94.63 100.56
96.54 0.6
98.53 70.85
100.53 187.91
102.53 185.4
104.53 199.82
106.52 6.09
108.53 122.81
110.52 173.14
112.52 200.95
114.52 188.64
116.52 8.38
118.52 211.8
120.53 6.23
122.53 97.19
124.53 197.76
126.53 194.46
128.53 166.03
147.55 216.4
205.94 93.2
