0.0 7.14
0.54 7.73
1.14 5.69
1.72 7.75
2.66 0.99
4.03 7.88
4.86 7.71
6.38 7.5
8.38 6.15
10.38 7.68
12.39 6.15
14.64 7.72
16.62 7.73
18.62 3.57
20.63 5.74
22.63 6.06
24.62 7.84
26.62 4.97
28.63 7.87
30.62 7.41
32.62 7.56
34.62 7.69
36.63 8.06
38.5 4.21
40.63 6.68
42.63 7.27
44.64 7.9
46.6 7.29
48.63 3.08
50.64 7.13
52.63 7.63
54.73 7.01
58.19 1.3
60.42 1.42
62.39 0.81
64.67 1.37
66.67 2.64
68.33 3.71
68.98 3.94
70.63 2.69
72.64 5.47
74.63 6.08
76.63 7.88
78.64 2.09
80.63 2.77
83.05 7.38
84.62 7.19
86.63 7.34
88.64 0.35
90.63 7.38
92.64 7.06
94.61 5.85
96.63 1.96
98.62 7.05
100.63 7.07
102.63 6.76
104.51 2.88
106.64 6.79
108.63 5.22
110.64 6.84
112.64 7.02
114.63 7.47
116.7 7.85
118.61 4.04
120.63 2.41
122.64 7.05
124.71 7.18
126.63 3.52
129.24 0.64
130.67 6.39
132.63 7.18
134.64 3.46
136.64 7.9
138.62 7.62
140.64 1.9
142.93 2.07
144.62 2.52
146.64 7.55
148.63 5.6
150.62 4.77
152.64 7.92
154.66 7.25
156.63 7.24
158.62 3.1
160.64 3.64
163.48 4.59
165.16 1.07
166.79 2.43
168.64 7.45
170.63 5.75
172.7 5.45
174.63 5.79
176.63 7.07
178.63 6.0
180.63 1.44
182.63 7.8
184.63 6.1
186.63 4.28
188.64 7.86
190.64 5.76
192.63 7.94
194.64 7.98
196.64 7.64
198.63 7.56
200.64 4.78
202.63 7.75
204.63 8.12
206.63 5.58
209.04 0.63
212.32 3.2
215.01 3.21
217.35 5.87
219.27 2.64
220.06 5.03
221.53 3.58
222.64 5.14
224.63 8.07
226.63 7.37
228.65 7.88
230.63 6.79
232.64 2.43
234.63 7.17
236.63 7.89
238.63 7.15
240.64 7.63
242.91 1.3
244.63 7.68
246.63 7.62
248.65 7.82
250.64 7.98
252.64 7.85
254.64 7.22
256.63 7.94
259.29 3.0
262.81 2.92
264.64 3.04
266.58 2.61
267.99 4.18
269.13 7.19
270.88 7.47
272.89 7.8
274.88 8.0
276.88 7.25
278.89 7.94
280.89 6.65
282.88 3.81
284.89 5.1
286.99 6.48
288.89 7.46
291.56 4.75
293.33 7.8
296.45 2.53
299.81 1.92
302.89 2.52
305.15 2.34
307.27 3.7
308.25 3.71
309.09 3.41
310.14 0.5
311.36 3.85
312.89 6.65
314.88 5.12
316.88 6.43
318.89 7.24
320.89 0.29
324.24 1.49
325.44 1.77
327.12 4.8
328.88 7.42
330.74 2.12
332.89 7.5
334.89 6.65
337.24 3.63
339.29 0.88
340.88 7.71
342.88 7.77
344.89 1.13
346.89 7.54
348.89 7.65
350.76 0.99
352.89 6.77
355.83 3.43
356.94 4.37
358.89 5.73
360.88 6.36
362.89 3.52
365.29 1.48
368.12 2.09
370.23 2.89
371.97 3.01
373.67 2.72
375.41 6.15
376.88 7.67
379.03 6.71
380.89 5.25
382.88 7.46
385.05 0.53
386.96 2.22
388.84 1.84
391.12 2.35
392.79 2.51
395.31 2.66
396.89 1.7
398.88 3.97
400.88 7.2
402.89 0.02
404.88 7.67
406.88 7.37
408.88 1.97
410.88 6.81
412.89 2.2
414.89 6.44
416.89 7.73
419.07 5.55
421.37 4.69
422.89 7.95
424.88 7.07
426.88 7.54
428.89 2.96
430.89 7.56
432.89 1.46
434.89 7.59
436.88 7.92
439.54 0.78
440.87 5.14
442.89 6.79
444.88 7.28
446.89 7.87
448.89 6.51
450.89 3.43
452.89 4.13
454.89 2.67
457.24 0.3
458.98 4.22
460.92 8.05
463.2 1.12
464.88 3.86
466.89 7.45
468.89 7.0
470.89 2.79
472.89 7.82
474.89 0.95
476.88 7.15
478.89 6.96
480.88 7.59
482.88 6.77
484.88 7.79
487.12 4.63
488.88 6.77
490.89 6.75
492.89 7.78
494.89 7.75
496.88 7.59
498.88 7.87
500.88 7.53
502.89 8.24
504.88 3.87
506.89 6.78
508.88 7.98
511.14 7.57
512.89 6.26
515.14 3.48
517.11 6.47
519.13 7.0
521.13 7.73
523.13 7.71
525.14 7.11
527.14 7.95
529.13 7.88
531.13 8.02
533.13 7.91
535.85 3.31
537.13 7.82
539.14 4.77
541.11 7.92
543.14 6.99
545.13 3.04
546.96 4.51
549.13 7.41
551.14 7.85
553.13 7.77
555.34 4.76
557.25 5.8
559.19 5.38
561.14 1.82
563.14 6.36
565.13 3.06
567.14 5.06
569.14 0.39
571.14 5.19
573.28 0.27
575.38 3.24
577.01 3.98
579.14 5.14
581.15 8.25
583.14 7.75
585.97 2.96
587.13 7.72
590.12 2.92
592.33 3.36
593.56 3.32
595.13 3.2
597.14 3.16
599.24 2.52
601.14 4.02
603.13 0.63
605.14 7.33
607.14 3.72
609.13 3.88
611.35 1.03
613.94 3.83
615.04 7.74
617.13 7.66
619.13 6.81
621.14 3.7
623.14 2.77
625.14 4.53
627.14 2.5
630.38 3.82
633.66 3.77
636.08 3.83
638.35 6.46
640.53 1.08
642.8 5.25
644.17 5.52
644.72 5.2
645.26 5.35
647.14 4.28
649.13 7.74
651.14 7.91
653.14 4.48
655.14 7.62
657.14 0.08
659.14 8.64
661.12 5.17
663.15 7.74
665.13 1.28
667.14 8.07
669.14 5.52
671.15 7.17
673.14 7.34
675.14 0.7
677.14 5.49
679.15 1.01
681.13 1.9
683.14 7.98
685.13 4.82
687.13 7.68
689.14 7.77
691.15 7.67
693.14 7.64
695.14 7.77
697.13 7.96
699.14 7.58
701.14 7.73
703.15 7.01
705.14 2.04
707.16 8.74
709.11 2.79
711.14 3.05
713.15 5.01
715.13 1.02
717.14 5.64
719.13 7.34
721.88 2.54
723.99 4.58
725.72 3.14
727.12 5.94
729.14 7.68
731.14 4.64
733.13 7.03
735.13 7.67
737.14 3.52
739.14 6.76
741.14 7.54
743.15 7.47
745.15 3.3
747.15 7.93
749.15 7.4
751.14 3.26
753.14 7.9
755.15 7.71
757.14 6.94
759.14 3.92
761.14 7.72
763.14 0.51
765.39 6.86
767.39 7.78
769.4 7.89
771.39 7.66
773.38 7.95
775.39 7.14
777.39 4.07
779.39 7.62
781.38 7.75
783.39 7.6
785.4 1.15
787.39 7.77
789.38 7.57
791.42 6.92
793.38 7.61
795.39 2.42
797.4 7.7
799.38 7.0
801.39 7.49
803.39 7.94
805.39 7.44
807.39 6.8
809.38 7.56
811.39 7.73
813.39 7.67
816.55 3.08
817.97 5.53
819.4 7.18
821.4 7.38
823.4 0.95
825.4 4.68
827.39 5.67
829.39 6.98
831.38 7.7
833.39 7.13
835.39 7.84
837.4 7.79
839.39 7.73
841.4 7.64
843.39 6.79
845.39 6.78
847.39 7.49
849.4 7.95
851.4 7.03
853.29 2.86
855.4 2.86
857.39 8.07
859.39 7.64
861.39 8.09
863.39 7.7
865.39 7.6
867.38 1.99
869.39 7.63
871.4 7.63
873.39 7.55
875.39 2.36
877.39 6.77
879.39 5.51
881.4 7.4
883.39 8.02
885.4 7.8
887.39 7.7
889.4 7.65
891.61 5.25
893.4 5.07
895.39 6.0
897.4 7.35
899.39 7.7
901.39 7.78
903.38 7.81
905.4 1.85
907.39 7.17
909.4 7.71
911.4 7.21
913.39 6.85
915.46 7.72
917.4 7.58
919.39 7.28
921.39 7.3
923.4 7.85
925.38 8.04
927.39 7.43
929.4 4.24
931.4 7.71
933.39 8.0
935.39 7.24
937.4 7.82
939.39 2.03
941.39 7.67
943.4 4.52
945.39 7.9
947.4 7.66
949.39 7.94
951.4 7.96
954.13 0.2
958.79 0.79
963.35 0.01
965.24 0.8
966.84 1.57
968.58 2.67
969.63 6.76
970.43 7.52
970.95 5.66
973.38 0.36
974.98 3.02
976.94 3.69
978.95 7.49
980.94 7.59
982.94 7.75
984.94 6.85
986.96 7.89
989.16 5.12
990.96 3.73
992.95 5.57
994.96 6.24
996.95 6.9
998.96 7.73
1000.95 7.46
1002.95 3.0
1004.95 0.95
1006.94 7.19
1008.95 7.68
1011.18 7.56
1013.51 7.51
1015.17 7.63
1017.19 3.49
1019.2 8.03
1021.2 7.64
1023.2 7.16
1025.21 7.79
1027.2 7.88
1029.2 7.68
1031.21 7.05
1033.27 0.37
1035.2 2.31
1037.2 2.39
1039.2 2.29
1042.0 2.33
1043.32 7.11
1045.21 7.97
1047.2 1.91
1049.2 7.91
1051.21 2.1
1053.31 0.97
1055.2 7.69
1057.19 6.97
1059.17 7.9
1061.2 8.02
1063.2 0.33
1065.2 6.68
1067.21 7.76
1069.21 7.9
1071.2 6.96
1073.21 1.22
1075.21 7.8
1077.2 7.73
1079.2 7.77
1081.21 8.11
1083.17 6.55
1085.2 7.13
1087.21 7.91
1089.2 7.05
1091.2 7.67
1093.33 7.29
1095.21 8.0
1097.19 7.49
1099.2 6.84
1101.2 8.02
1103.47 6.34
1105.18 7.7
1107.24 7.67
1109.2 7.81
1111.21 7.76
1113.83 3.47
1115.56 5.28
1117.21 6.4
1119.2 7.79
1121.2 7.7
1123.2 0.61
1125.2 7.7
1127.21 7.86
1129.51 0.46
1131.13 8.1
1133.22 6.43
1135.2 4.99
1137.21 7.87
1139.21 7.71
1141.2 7.73
1143.21 0.91
1145.2 7.56
1147.21 7.78
1149.2 7.94
1151.2 7.82
1153.71 8.75
1155.17 7.76
1157.2 7.88
1159.21 7.69
1161.21 7.93
1163.13 6.92
1165.2 6.74
1168.16 1.76
1170.67 6.35
1171.29 6.81
1173.2 7.89
1175.2 7.91
1178.17 7.44
1179.73 2.65
1182.63 4.91
1183.91 6.21
1185.2 6.9
1187.2 7.79
1190.37 0.18
1201.49 0.01
1203.43 0.43
1204.12 0.36
1204.87 1.88
1206.04 2.01
1208.59 2.99
1210.2 4.21
1211.43 1.38
1212.97 0.49
1214.41 2.6
1215.3 3.85
1216.56 3.94
1217.44 5.09
1218.94 4.96
1220.05 5.78
1222.3 1.59
1225.25 5.52
1226.67 4.14
1229.6 0.41
1231.38 1.83
1232.55 6.44
1233.98 7.6
1235.2 7.46
1237.3 0.98
1239.21 0.5
1241.21 7.36
1243.2 5.19
1245.21 7.37
1247.21 7.37
1249.2 2.5
1251.26 6.61
1253.53 3.6
1256.08 3.24
1257.53 4.34
1259.2 3.8
1261.29 0.51
1264.32 1.52
1267.14 1.84
1269.47 3.64
1271.85 3.13
1274.96 4.44
1276.18 6.54
1276.87 6.64
1278.98 5.06
1280.98 7.68
1282.97 7.81
1284.98 7.42
1286.98 0.29
1288.94 7.35
1290.97 7.6
1292.98 7.47
1294.98 7.63
1297.01 7.84
1298.97 6.71
1300.98 7.82
1302.99 7.79
1304.99 7.73
1306.98 7.76
1308.98 6.91
1310.97 4.19
1312.97 6.89
1314.99 7.87
1316.93 4.35
1319.23 7.76
1320.98 4.97
1322.97 7.04
1324.98 3.53
1326.98 5.94
1329.05 5.55
1331.97 1.3
1334.11 6.6
1336.66 0.16
1337.16 7.13
1338.98 6.96
1340.99 7.75
1343.0 8.17
1345.0 6.82
1346.98 4.27
1348.98 6.32
1350.98 7.64
1352.99 7.68
1354.98 7.57
1356.98 6.5
1359.23 7.91
1360.98 7.25
1362.99 7.42
1364.98 1.52
1367.11 6.21
1369.49 4.98
1373.26 6.36
1374.82 7.48
1376.23 1.57
1377.55 4.47
1378.97 0.57
1380.99 0.02
1382.98 5.99
1384.95 7.73
1386.98 7.74
1388.99 7.77
1390.98 7.73
1392.93 6.83
1395.08 4.57
1398.06 5.0
1401.99 5.61
1405.78 2.85
1408.09 2.11
1409.56 6.51
1412.76 5.63
1413.79 5.55
1415.59 6.68
1416.48 5.56
1418.16 4.2
1420.38 7.27
1421.82 6.6
1422.77 4.15
1423.71 0.36
1424.99 2.53
1427.18 2.59
1430.05 3.18
1432.64 6.36
1434.12 1.94
1435.53 7.78
1437.17 6.7
1438.98 8.05
1440.97 7.09
1442.99 7.99
1444.98 7.92
1446.99 7.64
1448.97 6.77
1451.69 3.94
1453.95 1.98
1456.98 5.58
1457.78 6.89
1458.98 7.27
1460.98 2.8
1462.98 6.56
1464.98 7.74
1467.04 6.57
1468.97 7.5
1470.99 7.73
1472.98 6.83
1474.98 3.54
1477.37 6.18
1478.98 6.94
1480.96 7.45
1482.99 7.38
1486.32 2.06
1488.12 7.69
1489.11 7.31
1490.98 3.89
1492.98 4.81
1494.97 4.08
1496.99 6.6
1498.99 7.39
1500.99 6.06
1502.98 6.87
1505.11 2.39
1506.98 3.79
1508.99 3.94
1511.23 7.46
1513.23 7.46
1515.24 5.89
1517.95 4.87
1520.68 5.75
1521.93 6.26
1523.23 7.62
1525.23 2.57
1527.24 5.29
1529.22 7.55
1531.68 7.31
1533.09 7.86
1536.3 4.05
1539.25 0.05
1540.74 5.7
1542.18 6.53
1545.86 0.06
1548.13 2.48
1552.52 2.78
1555.22 3.58
1557.64 4.69
1559.24 5.08
1560.79 7.37
1561.8 8.2
1562.33 7.48
1564.17 1.94
1565.01 6.94
1566.25 3.1
1567.9 2.87
1569.67 2.66
1571.23 0.59
1573.05 3.08
1575.24 7.32
1577.24 7.9
1579.23 7.87
1582.03 1.52
1586.24 1.54
1589.1 1.57
1590.89 2.02
1591.74 4.34
1592.48 6.34
1593.23 6.93
1595.24 7.43
1597.08 3.3
1599.23 2.32
1601.24 7.56
1603.23 8.06
1605.23 7.66
1607.23 2.07
1609.24 6.52
1611.23 7.64
1613.24 7.63
1615.23 7.7
1617.24 0.56
1619.64 0.48
1621.23 4.99
1623.45 0.17
1626.39 0.02
1628.5 4.87
1629.63 4.37
1631.23 5.76
1633.82 1.46
1636.22 1.95
1639.11 3.35
1640.96 4.41
1641.47 5.28
1643.23 4.99
1645.23 6.41
1647.23 6.88
1649.25 7.81
1651.43 2.07
1656.89 0.59
1662.02 3.53
1663.76 3.95
1665.91 0.23
1670.14 1.62
1671.99 1.55
1673.96 1.71
1675.89 1.62
1677.14 1.5
1678.74 1.55
1680.8 1.84
1682.37 1.24
1685.03 0.67
1687.84 1.21
1690.38 1.23
1693.33 0.52
1695.92 0.62
1698.51 0.58
1699.35 1.1
1700.5 1.02
1701.55 1.0
1702.89 1.09
1704.33 1.52
1705.36 1.77
1706.52 1.5
1707.68 3.58
1709.21 3.36
1710.44 3.75
1711.26 4.68
1712.41 5.11
1713.69 6.07
1715.39 5.54
1718.81 3.15
1721.88 3.85
1722.72 2.85
1724.48 5.61
1726.76 3.04
1728.04 3.04
1729.49 4.85
1733.7 3.13
1737.13 0.71
1740.26 0.08
1742.01 3.63
1743.61 5.3
1745.25 3.57
1747.67 2.96
1749.66 0.3
1751.01 4.18
1752.37 6.14
1753.42 5.82
1756.7 2.61
1758.76 3.9
1760.2 7.16
1761.43 7.08
1762.43 7.65
1763.96 7.63
1766.05 3.7
1767.81 3.54
1770.71 2.21
1773.12 6.01
1774.8 5.08
1777.77 2.22
1779.83 1.88
1782.23 3.97
1784.52 3.5
1786.51 3.57
1788.21 4.02
1789.94 1.6
1791.09 6.38
1792.15 7.06
1793.28 7.71
1795.49 7.94
1797.64 3.38
1799.49 7.88
1802.14 1.62
1804.58 5.29
1806.69 0.7
1809.43 2.62
1811.1 2.85
1812.79 4.44
1814.38 2.37
1816.66 4.75
1818.71 4.66
1821.27 3.89
1822.97 4.02
1824.64 1.42
1827.62 4.86
1829.25 3.24
1830.79 1.08
1833.01 1.26
1834.09 5.56
1835.62 5.15
1837.61 5.99
1839.5 4.68
1841.48 3.86
1843.49 5.77
1845.5 7.02
1847.71 5.94
1849.49 7.18
1851.65 5.52
1853.49 7.33
1855.49 6.58
1857.39 5.86
1859.49 7.51
1861.49 6.31
1863.35 2.31
1865.49 5.77
1867.49 3.57
1869.49 6.37
1871.5 5.09
1873.49 4.16
1875.49 7.65
1877.5 7.89
1879.48 2.52
1881.48 7.7
1883.49 5.81
1885.62 2.98
1887.5 0.73
1889.48 5.65
1891.49 6.6
1893.49 6.77
1895.48 3.74
1897.49 6.22
1899.48 1.23
1901.93 4.68
1904.39 6.16
1905.86 7.95
1907.49 7.67
1909.48 2.18
1911.49 7.47
1913.49 7.7
1915.54 2.12
1917.48 7.82
1919.49 7.71
1921.49 3.51
1923.49 6.0
1925.49 7.59
1927.46 5.95
1929.48 7.25
1931.48 2.26
1933.48 0.08
1935.48 0.35
1937.49 0.9
1939.51 4.89
1942.26 1.62
1943.49 7.23
1945.48 7.13
1947.49 0.62
1949.48 5.01
1951.46 2.87
1953.48 6.68
1955.49 7.99
1957.48 1.16
1961.31 0.52
1962.27 5.28
1963.48 5.98
1965.49 5.44
1967.49 7.94
1969.49 7.76
1971.49 6.53
1973.5 4.0
1975.48 5.91
1977.48 3.2
1979.49 6.42
1981.49 6.16
1983.48 7.79
1985.49 2.89
1987.48 5.99
1989.49 7.61
1991.5 7.76
1993.48 7.9
1995.49 5.21
1997.49 7.11
1999.61 1.01
2001.48 8.0
2003.77 1.25
2005.75 2.48
2007.48 6.39
2009.49 7.26
2011.73 7.49
2013.49 3.19
2015.58 3.67
2017.74 3.23
2019.57 2.59
2021.74 4.28
2023.72 4.41
2025.79 0.66
2028.41 3.05
2031.54 4.55
2034.01 3.21
2034.57 5.55
2035.74 5.58
2037.73 2.24
2039.74 3.19
2041.73 5.56
2043.74 3.22
2045.75 7.78
2047.75 0.7
2049.74 1.84
2051.74 1.81
2053.74 2.53
2055.73 0.77
2057.77 4.13
2059.74 8.14
2061.73 1.25
2063.73 3.34
2065.73 4.08
2067.73 4.37
2069.65 7.8
2071.74 0.14
2073.66 3.07
2075.73 6.08
2077.73 6.9
2079.74 7.88
2081.75 3.27
2083.74 7.33
2085.66 3.86
2087.75 5.34
2089.74 4.49
2091.74 7.88
2093.75 7.22
2096.65 2.64
2098.84 1.59
2100.17 5.39
2101.66 3.31
2103.73 4.48
2105.59 1.85
2107.75 2.37
2109.73 5.38
2111.74 0.52
2113.75 6.78
2115.73 6.23
