0.0 0.02
1.53 0.1
2.05 1.37
3.65 0.53
4.67 0.31
7.86 0.53
8.56 1.97
9.48 1.49
10.71 2.39
12.13 2.87
12.97 2.67
13.97 3.6
16.6 0.69
19.11 1.74
26.29 1.3
27.69 3.82
28.34 5.4
30.72 2.74
32.75 5.17
38.82 0.63
43.61 0.72
48.06 0.79
50.05 1.0
52.53 0.9
56.4 1.4
59.11 1.23
60.55 1.87
61.98 1.36
63.25 2.22
65.6 2.27
67.71 2.96
70.79 0.98
72.56 3.09
73.6 3.84
76.58 3.6
78.46 1.78
81.66 0.22
84.34 1.55
86.35 1.9
89.48 5.24
92.34 4.5
94.34 3.43
97.09 2.27
99.08 0.51
104.46 0.88
107.31 1.89
108.86 1.98
109.94 2.59
116.07 0.6
119.64 1.2
121.94 1.74
125.29 2.09
128.38 2.56
129.9 2.18
131.29 3.73
132.86 4.47
133.67 1.71
136.37 0.92
138.61 3.56
140.7 3.06
143.58 0.04
146.34 4.72
148.33 4.72
151.34 0.33
153.26 0.05
156.34 0.85
160.54 2.58
165.13 2.05
166.98 5.91
168.15 7.13
169.74 5.33
172.11 6.04
177.3 1.13
182.27 0.43
184.48 2.73
186.32 0.38
187.46 2.68
188.28 0.03
189.74 2.29
192.86 0.67
199.49 0.42
203.11 1.23
206.02 1.22
207.94 1.39
210.05 0.31
214.64 0.91
217.73 1.05
219.23 0.48
221.82 0.78
223.88 1.54
225.1 1.5
226.75 2.42
227.96 2.4
229.62 2.38
232.55 2.11
235.62 4.42
237.77 1.67
239.02 2.25
241.83 4.14
243.83 4.79
246.83 5.81
248.84 5.26
251.62 2.29
254.64 0.23
256.58 2.45
259.58 5.68
263.93 1.03
264.81 5.51
267.66 1.84
269.36 3.82
272.3 3.6
275.33 1.1
277.33 1.62
280.33 0.61
282.35 5.87
285.33 4.52
288.08 0.24
290.07 1.12
293.11 1.93
296.14 2.09
298.09 0.32
301.08 0.5
303.12 5.2
305.91 3.82
308.83 0.08
311.09 1.16
314.2 1.15
316.83 1.04
318.83 0.59
321.58 4.07
323.6 4.21
326.58 7.44
329.58 2.14
331.89 1.26
334.55 0.35
337.07 0.1
339.32 4.87
342.34 5.67
344.54 6.63
347.34 7.39
353.76 0.16
356.9 1.26
360.87 1.9
363.32 2.67
365.18 2.92
368.71 0.19
374.3 1.54
379.4 0.02
380.14 2.64
380.96 2.97
383.01 3.84
384.96 2.82
386.03 4.02
390.7 0.04
392.66 1.58
395.76 1.38
398.27 1.25
399.1 3.86
400.37 3.9
402.8 4.07
404.94 0.27
406.23 7.36
413.28 0.81
419.32 1.79
420.34 2.68
421.62 3.75
422.88 3.21
425.12 3.89
428.5 3.25
430.03 0.07
431.65 0.44
432.77 4.59
434.35 3.83
437.23 1.69
439.34 3.11
442.34 0.03
445.09 0.19
447.11 0.56
450.12 2.4
452.0 0.08
455.1 3.41
457.85 3.3
459.85 6.03
462.86 6.69
466.8 0.46
468.24 4.3
470.85 3.63
474.54 3.05
