0.0 0.63
0.61 1.41
1.16 2.1
1.67 2.96
2.32 0.38
3.5 0.9
4.42 1.48
5.87 0.47
7.35 1.96
9.1 0.25
16.73 1.64
23.11 1.03
24.11 6.07
25.17 1.92
26.57 1.15
28.41 3.56
30.36 2.42
31.8 2.28
33.44 4.66
35.63 0.2
37.0 5.16
38.56 5.41
40.57 5.92
42.92 0.58
44.85 3.66
47.39 6.23
48.73 0.92
49.95 4.7
51.09 2.01
52.51 2.14
53.99 1.16
55.45 1.52
57.09 5.88
59.09 1.18
62.09 5.3
64.7 3.41
67.39 3.77
68.61 1.92
69.12 1.45
69.68 5.59
71.89 0.77
73.86 4.74
76.15 0.64
77.85 3.18
80.03 0.77
87.38 0.37
91.88 1.85
95.36 2.47
97.14 3.1
98.49 3.37
99.82 0.75
101.47 0.92
103.69 2.6
105.85 2.93
108.07 2.84
110.51 0.58
112.53 2.87
113.46 0.45
115.31 3.32
118.15 2.95
120.41 0.69
122.17 0.46
122.97 0.75
124.09 2.92
125.62 2.57
126.53 3.03
127.65 5.55
128.79 1.04
132.95 4.47
135.67 1.95
137.68 5.56
139.35 0.48
141.47 0.45
142.77 1.68
144.9 0.92
147.54 2.84
149.64 0.72
151.83 3.37
152.92 1.51
156.25 1.56
158.59 3.24
161.17 1.14
162.72 5.13
164.35 0.02
166.7 4.78
168.0 0.94
169.35 0.62
171.33 2.74
173.19 2.68
175.87 0.98
176.86 4.85
179.29 1.75
180.78 5.63
182.79 0.64
185.44 1.99
188.45 1.51
190.97 2.81
193.3 1.22
194.97 5.96
195.48 5.69
196.13 4.68
197.22 0.54
198.49 3.19
199.78 5.69
202.65 0.79
206.39 4.71
210.57 1.97
214.04 3.16
215.65 0.36
217.74 1.05
220.78 2.7
223.53 3.21
224.81 4.65
226.01 2.74
228.11 0.81
229.84 5.1
231.21 4.91
233.71 2.5
236.58 2.39
239.2 1.92
240.47 3.26
243.06 1.29
243.98 4.64
244.54 4.65
245.12 0.97
247.25 0.63
249.08 3.15
250.53 5.8
254.22 2.3
255.92 2.73
258.08 1.52
258.83 4.77
260.53 0.98
262.52 0.93
264.55 5.63
266.6 4.99
268.53 0.94
270.65 5.13
272.53 0.91
275.71 4.95
279.89 2.83
282.43 0.85
284.28 4.94
285.18 5.66
285.94 5.65
287.29 0.56
288.99 3.25
290.77 5.27
292.53 0.71
294.56 5.14
296.52 2.19
298.77 1.14
300.53 5.11
302.6 0.24
304.78 0.78
306.78 0.71
308.59 0.27
310.77 0.56
312.73 0.53
314.77 2.78
316.77 4.87
318.78 1.36
