0.0 0.6
1.69 1.02
3.69 0.04
4.68 1.38
5.24 1.99
5.86 2.44
6.82 4.58
7.76 8.83
8.37 11.17
9.43 1.8
11.47 9.74
12.64 10.64
13.62 1.87
14.54 2.27
16.59 1.74
18.58 0.38
20.59 3.39
22.58 3.39
24.58 2.87
38.53 2.51
39.76 0.31
40.51 5.0
41.16 7.53
41.71 9.38
42.36 11.04
43.39 0.55
44.71 12.67
45.75 1.42
47.76 6.54
49.75 3.23
51.75 0.03
53.75 0.98
55.75 0.06
58.0 0.72
60.02 2.97
62.04 7.56
67.12 0.01
69.04 5.13
69.64 10.47
71.54 1.82
73.51 2.99
75.51 0.68
77.54 2.69
79.52 14.82
81.51 1.67
83.51 7.82
85.51 0.86
87.51 14.2
89.52 14.14
91.51 0.21
93.54 0.06
95.51 0.21
97.37 13.55
100.46 0.05
107.49 0.01
110.33 0.76
110.84 3.63
111.68 1.56
112.58 1.19
113.21 10.02
115.21 3.7
117.21 0.06
119.24 1.43
121.21 2.98
123.22 0.35
125.21 0.44
127.21 2.34
129.22 0.77
131.21 3.33
133.22 0.82
135.18 2.98
137.22 13.95
139.21 11.76
146.16 0.06
149.24 0.03
150.1 1.54
150.9 0.21
151.85 1.75
154.0 0.79
167.02 0.02
168.57 0.06
169.76 0.95
170.83 1.12
171.38 1.36
171.97 1.76
172.69 2.3
176.39 0.01
177.05 1.61
177.93 1.58
179.32 1.62
181.11 0.02
181.95 1.38
183.01 1.7
184.85 2.55
186.72 1.65
197.39 0.02
197.99 2.37
198.55 5.53
199.21 7.25
201.07 10.13
203.07 0.97
205.04 4.77
207.07 13.78
209.08 13.42
211.07 0.06
213.82 0.24
215.82 3.03
218.07 1.43
220.07 4.26
222.07 1.12
224.07 1.41
226.07 2.96
228.1 1.11
230.07 2.98
232.07 14.21
234.07 3.38
236.07 3.63
238.33 3.11
240.33 2.97
242.33 1.36
244.32 1.81
249.95 0.54
250.82 0.48
251.55 1.74
252.21 1.43
254.32 2.97
256.35 3.03
258.32 0.84
265.56 4.07
266.48 2.39
267.44 1.4
268.18 1.24
269.97 1.9
271.97 1.78
273.98 2.96
275.97 13.59
277.97 2.99
279.97 1.8
281.96 1.24
283.96 0.26
285.96 2.13
287.96 2.99
289.98 4.02
291.96 3.8
293.97 3.07
296.03 0.97
297.97 3.44
299.97 3.41
301.89 11.3
303.96 2.36
306.0 0.34
307.97 0.06
309.96 2.0
311.97 2.97
313.97 1.34
316.0 2.35
318.0 4.1
319.97 12.85
321.97 1.92
323.97 0.9
334.63 0.16
336.71 0.03
337.59 5.19
338.65 2.98
339.53 2.78
341.04 3.99
343.04 2.05
345.04 3.45
347.04 2.73
349.04 2.99
351.04 0.24
353.07 1.88
355.04 0.06
357.04 0.71
359.45 1.77
365.69 0.59
368.39 0.76
371.67 0.01
373.53 0.74
375.73 0.74
377.67 0.75
378.82 0.75
380.31 0.84
380.96 0.79
384.04 3.34
384.62 4.63
386.51 7.11
388.51 8.45
390.51 10.51
392.5 12.96
394.51 13.64
397.31 2.94
398.68 3.57
402.7 0.43
407.64 2.1
408.21 8.41
408.77 7.55
410.14 10.51
412.17 9.81
414.14 11.59
416.14 10.35
418.15 13.14
420.14 12.75
422.14 13.06
424.14 1.05
426.14 0.06
428.14 2.06
430.14 2.96
432.14 1.31
434.14 1.11
436.14 3.52
438.14 1.52
440.14 0.06
442.14 12.77
448.46 2.91
449.44 1.19
450.28 1.27
451.82 2.34
454.42 3.36
456.97 1.98
458.04 6.81
459.81 1.59
461.81 0.18
463.81 12.44
465.81 0.73
467.81 14.6
469.81 14.83
474.06 0.82
474.92 0.78
475.81 13.42
477.81 3.28
479.82 0.64
481.84 13.81
484.06 1.18
486.19 12.41
488.07 2.24
494.58 2.12
495.57 11.42
497.13 13.41
499.14 12.62
501.13 2.98
504.88 0.49
507.61 1.14
513.07 0.37
513.9 0.7
514.81 0.21
516.58 3.15
518.59 3.16
520.59 0.29
522.58 2.07
524.58 5.17
526.59 2.98
528.59 0.66
530.59 13.04
532.58 3.68
534.59 0.21
536.58 12.49
538.6 0.35
540.59 6.44
542.58 6.44
544.7 12.82
546.59 2.26
549.95 0.14
553.48 5.52
554.39 3.89
555.27 1.06
557.05 6.52
558.59 12.04
561.78 0.31
564.32 2.48
565.36 0.86
566.86 8.32
568.84 8.95
570.84 9.37
572.83 9.34
574.83 9.58
576.84 10.82
578.8 5.37
580.83 1.94
582.84 0.97
584.84 0.06
586.84 9.35
589.6 2.95
590.83 0.22
593.67 14.39
594.69 2.71
596.86 1.56
598.83 0.06
600.84 0.51
603.39 0.92
604.84 1.76
606.83 6.2
608.83 0.06
610.84 5.25
612.96 10.61
614.84 12.07
616.83 2.0
618.83 0.66
620.84 13.16
622.84 3.36
624.84 13.42
626.8 3.01
628.83 1.87
630.84 12.99
632.84 14.52
634.83 0.19
636.83 2.97
638.84 2.86
640.83 0.78
643.36 0.06
644.83 14.82
646.84 11.85
648.83 0.71
650.8 2.96
652.84 2.88
654.83 0.85
656.83 3.7
658.84 0.08
660.83 2.96
662.86 0.13
664.83 2.94
666.83 5.22
668.85 2.44
670.84 14.02
672.83 13.12
674.8 14.85
676.83 0.54
678.84 1.44
680.83 0.06
683.01 2.37
684.84 2.02
686.83 3.39
688.84 0.04
690.84 6.51
692.84 7.11
694.83 9.28
696.83 10.98
698.84 6.85
705.14 0.56
707.01 0.18
710.53 1.18
711.82 2.27
712.99 5.15
713.64 4.86
714.63 5.43
715.43 8.68
716.84 9.74
718.83 0.06
720.83 2.18
722.81 2.95
724.84 1.55
726.84 1.19
728.83 2.76
730.9 2.73
732.83 14.05
734.83 3.62
736.83 1.59
738.84 5.19
740.84 1.24
