0 52.875
1 97.625
2 105.5
3 102.875
4 135.0
5 127.5
6 127.5
7 125.0
8 97.75
9 138.75
10 111.5
11 143.75
12 133.75
13 15.25
14 9.5
15 27.625
16 67.25
17 71.25
18 69.75
19 65.375
20 70.0
21 74.125
22 94.0
23 89.375
24 76.625
25 141.25
26 140.0
27 95.875
28 113.75
29 118.375
30 138.75
31 114.25
32 116.25
33 99.75
34 124.875
35 110.5
36 109.0
37 97.75
38 98.75
39 82.0
40 83.375
41 77.0
42 126.25
43 147.5
44 102.75
45 88.5
46 88.125
47 75.625
48 124.25
49 30.75
50 13.25
51 9.5
52 60.875
53 59.625
54 68.875
55 73.5
56 98.75
57 83.75
58 107.0
59 105.0
60 15.0
61 12.375
62 13.0
63 13.25
64 53.75
65 94.625
66 36.0
67 15.375
68 36.875
69 94.75
70 78.625
71 0.25
72 0.625
73 14.0
74 15.0
75 60.0
76 91.625
77 110.0
78 103.0
79 105.875
80 102.625
81 125.0
82 107.625
83 110.25
84 110.625
85 136.25
86 100.625
87 75.0
88 85.5
89 108.875
90 145.0
91 140.0
92 118.25
93 150.0
94 107.625
95 177.5
96 200.0
97 177.5
98 105.875
99 11.25
100 11.625
101 122.125
102 167.5
103 202.5
104 198.75
105 158.75
106 175.0
107 165.0
108 178.75
109 165.0
110 157.5
111 207.5
112 198.75
113 186.25
114 210.0
115 206.25
116 200.0
117 176.25
118 44.625
119 15.625
120 14.875
121 11.625
122 12.25
123 29.375
124 16.375
125 2.25
126 2.25
127 4.125
128 11.375
129 13.125
130 17.0
131 7.875
132 26.25
133 30.5
134 36.5
135 52.625
136 52.375
137 49.0
138 51.625
139 50.5
140 50.875
141 54.75
142 40.0
143 50.875
144 62.0
145 64.75
146 65.75
147 75.5
148 73.25
149 67.875
150 62.25
151 52.5
152 70.75
153 71.875
154 74.625
155 78.75
156 67.25
157 71.25
158 78.625
159 91.5
160 99.25
161 109.0
162 99.0
163 80.25
164 103.875
165 84.0
166 91.5
167 16.75
168 18.125
169 3.125
170 14.875
171 12.625
172 13.5
173 14.375
174 13.875
175 14.0
176 9.625
177 15.0
178 11.375
179 14.0
180 12.375
181 12.5
182 15.125
183 13.625
184 14.5
185 15.375
186 15.125
187 12.125
188 12.875
189 15.625
190 13.375
191 14.0
192 13.125
193 14.625
194 14.375
195 13.375
196 11.625
197 12.625
198 14.25
199 14.75
200 14.375
201 14.375
202 13.375
203 13.375
204 11.75
205 14.0
206 14.25
207 13.75
208 15.625
209 12.625
210 15.625
211 14.25
212 15.5
213 14.875
214 14.375
215 14.75
216 15.5
217 14.0
218 14.75
219 12.25
220 14.0
221 12.75
222 15.0
223 14.75
224 15.375
225 12.125
226 14.375
227 14.625
228 14.625
229 14.375
230 15.375
231 14.0
232 12.75
233 11.0
234 13.125
235 13.5
236 12.875
237 13.625
238 13.75
239 15.5
240 14.875
241 15.375
242 14.625
243 14.0
244 14.375
245 14.0
246 13.25
247 14.125
248 12.625
249 14.375
250 15.375
251 14.0
252 12.875
253 14.125
254 14.125
255 14.0
256 11.125
257 15.5
258 14.625
259 15.0
260 10.625
261 12.625
262 15.5
263 15.25
264 15.125
265 14.375
266 12.625
267 13.25
268 10.625
269 12.625
270 15.625
271 15.375
272 13.25
273 10.625
274 15.625
275 10.75
276 15.0
277 15.5
278 15.125
279 14.625
280 15.5
281 12.0
282 13.875
283 12.25
284 13.875
285 11.25
286 15.25
287 13.375
288 15.625
289 11.125
290 14.375
291 10.375
292 14.625
293 11.875
294 12.375
295 13.375
296 14.875
297 12.875
298 14.25
299 15.25
300 14.5
301 14.875
302 14.5
303 10.125
304 11.375
305 15.125
306 17.5
307 20.625
308 24.625
309 30.375
310 31.75
311 33.25
312 12.0
313 14.625
314 12.875
315 14.75
316 15.25
317 13.75
318 10.875
319 15.0
320 14.125
321 15.625
322 13.0
323 14.0
324 15.625
325 12.25
326 13.125
327 15.125
328 14.375
329 14.25
330 11.375
331 16.625
332 18.375
333 23.125
334 29.875
335 36.875
336 45.0
337 54.0
338 56.25
339 66.0
340 79.625
341 84.5
342 89.75
343 86.75
344 112.25
345 118.25
346 122.375
347 120.625
348 141.25
349 151.25
350 153.75
351 136.25
352 167.5
353 170.0
354 163.75
355 156.25
356 145.0
357 168.75
358 140.0
359 128.75
360 88.75
361 124.25
362 122.5
363 122.625
364 143.75
365 92.25
366 62.875
367 18.75
368 1.625
369 1.125
370 0.25
371 0.375
372 13.125
373 15.125
374 7.0
375 17.625
376 19.625
377 4.25
378 11.25
379 9.125
380 3.875
381 2.5
382 0.375
383 4.125
384 0.625
385 1.5
386 4.5
387 0.5
388 3.625
389 0.25
390 0.75
391 1.875
392 8.25
393 6.0
394 6.25
395 9.75
396 4.25
397 0.375
398 12.0
399 12.625
400 17.125
401 17.75
402 18.125
403 21.25
404 23.875
405 25.0
406 27.375
407 27.875
408 33.625
409 26.0
410 57.0
411 61.125
412 72.25
413 64.75
414 20.25
415 1.5
416 12.625
417 15.0
418 15.125
419 14.125
420 32.75
421 45.0
422 55.625
423 62.875
424 65.25
425 60.0
426 68.375
427 45.5
428 73.125
429 83.5
430 88.0
431 94.375
432 97.625
433 93.875
434 25.625
435 1.0
436 0.875
437 0.125
438 15.375
439 11.5
440 15.625
441 26.625
442 48.0
443 77.625
444 102.75
445 3.125
446 14.375
447 14.5
448 13.125
449 11.375
450 12.0
451 14.875
452 12.5
453 11.0
454 4.5
455 18.375
456 36.5
457 11.0
458 0.625
459 0.125
460 7.125
461 0.125
462 2.25
463 0.25
464 0.375
465 0.5
466 0.125
467 1.5
468 0.5
469 1.375
470 1.25
471 14.625
472 13.125
473 14.125
474 10.375
475 22.625
476 31.75
477 47.375
478 35.375
479 40.25
480 60.125
481 56.25
482 62.5
483 62.5
484 67.875
485 66.5
486 57.25
487 71.75
488 49.5
489 15.375
490 15.375
491 13.375
492 14.25
493 10.5
494 6.25
495 3.875
496 2.75
497 10.5
498 11.875
499 44.125
500 50.125
501 42.375
502 62.5
503 64.0
504 64.125
505 66.75
506 66.0
507 64.5
508 62.75
509 51.875
510 68.125
511 71.625
512 71.25
513 49.625
514 74.125
515 75.75
516 75.0
517 82.375
518 80.125
519 99.0
520 94.875
521 93.875
522 94.125
523 122.375
524 111.0
525 98.125
526 120.5
527 124.5
528 85.375
529 116.125
530 101.25
531 111.5
532 98.5
533 112.0
534 135.0
535 111.125
536 133.75
537 112.375
538 101.375
539 92.75
540 39.125
541 7.5
542 4.25
543 4.0
544 0.25
545 4.0
546 9.375
547 10.625
548 13.5
549 27.125
550 95.125
551 115.125
552 110.0
553 122.5
554 124.25
555 115.125
556 111.5
557 142.5
558 138.75
559 132.5
560 106.875
561 140.0
562 161.25
563 157.5
564 138.75
565 107.75
566 143.75
567 35.75
568 0.25
569 13.875
570 18.125
571 86.375
572 90.875
573 99.0
574 130.0
575 151.25
576 135.0
577 132.5
578 110.875
579 148.75
580 145.0
581 153.75
582 141.25
583 140.0
584 153.75
585 142.5
586 109.0
587 123.625
588 111.125
589 124.0
590 126.25
591 101.0
592 100.0
593 78.375
594 61.0
595 30.5
596 5.875
597 0.25
598 2.5
599 2.875
600 3.5
601 15.0
602 20.75
603 2.25
604 8.375
605 22.5
606 19.25
607 4.75
608 11.75
609 2.5
610 11.0
611 18.125
612 20.125
613 32.125
614 37.5
615 34.625
616 35.625
617 33.0
618 41.75
619 45.75
620 45.75
621 52.75
622 58.125
623 51.75
624 55.625
625 61.5
626 59.375
627 41.0
628 13.125
629 15.625
630 39.875
631 48.75
632 50.125
633 38.875
634 50.5
635 54.5
636 58.75
637 32.75
638 62.5
639 57.875
640 37.125
641 11.875
642 11.0
643 39.375
644 54.0
645 61.625
646 33.25
647 45.75
648 50.375
649 56.25
650 60.875
651 62.5
652 65.25
653 59.625
654 63.25
655 63.25
656 62.375
657 65.125
658 68.25
659 68.625
660 72.125
661 74.75
662 79.375
663 85.75
664 81.875
665 97.75
666 85.5
667 100.75
668 101.5
669 97.375
670 104.5
671 91.625
672 101.125
673 113.875
674 104.875
675 104.25
676 115.125
677 111.375
678 121.375
679 146.25
680 138.75
681 127.5
682 118.75
683 150.0
684 128.75
685 151.25
686 172.5
687 142.5
688 186.25
689 187.5
690 148.75
691 102.75
692 198.75
693 198.75
694 148.75
695 168.75
696 181.25
697 198.75
698 153.75
699 185.0
700 143.75
701 120.5
702 160.0
703 187.5
704 105.875
705 119.25
706 150.0
707 150.0
708 150.0
709 180.0
710 185.0
711 162.5
712 163.75
713 147.5
714 85.375
715 161.25
716 165.0
717 147.5
718 130.0
719 145.0
720 141.25
721 137.5
722 100.375
723 137.5
724 102.625
725 148.75
726 150.0
727 141.25
728 142.5
729 137.5
730 158.75
731 147.5
732 142.5
733 130.0
734 117.75
735 137.5
736 35.875
737 1.0
738 3.25
739 15.5
740 11.625
741 26.0
742 37.625
743 47.875
744 54.25
745 67.125
746 73.125
747 84.25
748 88.125
749 94.125
750 90.75
751 86.375
752 105.625
753 107.0
754 89.875
755 70.0
756 80.125
757 75.0
758 32.0
759 0.125
760 0.375
761 14.625
762 13.125
763 12.0
764 15.125
765 11.375
766 11.375
767 9.875
768 14.75
769 14.875
770 11.0
