0.0 7.62
2.0 11.33
4.0 9.49
6.0 16.07
8.0 16.16
10.0 12.8
12.0 16.33
14.0 9.17
16.25 12.55
18.25 5.94
20.25 15.66
22.25 12.36
24.26 9.75
26.25 4.2
28.25 9.78
30.26 8.91
32.26 6.86
34.25 6.46
36.25 12.41
38.25 7.37
40.25 7.37
42.25 7.62
44.25 8.7
46.25 12.93
48.25 14.47
50.26 11.01
52.25 15.54
54.26 11.92
56.26 13.48
58.26 14.05
60.27 11.99
62.26 12.93
64.26 16.58
66.52 10.12
68.25 16.45
70.26 7.1
72.26 5.63
74.26 13.18
76.51 9.92
78.52 10.44
80.5 9.16
82.5 11.86
84.51 11.92
86.53 12.32
88.51 7.43
90.52 10.16
92.51 13.9
94.51 11.53
96.68 12.89
98.5 5.25
100.51 13.76
102.52 10.32
104.6 10.31
106.51 11.9
108.5 13.08
110.44 9.68
112.51 11.03
114.52 9.19
116.52 10.15
118.51 11.34
120.51 10.05
122.52 11.97
124.52 11.06
126.5 13.18
128.51 10.07
130.53 12.34
132.51 12.47
134.51 9.98
136.47 10.63
139.03 11.34
140.51 12.29
142.66 12.16
144.9 9.84
147.08 12.83
148.34 11.85
150.52 12.13
152.5 13.42
154.51 13.42
156.51 8.85
158.5 9.59
160.52 13.45
162.52 9.44
164.51 8.62
166.52 9.82
168.51 10.84
170.5 10.68
172.52 12.82
174.5 10.02
176.52 12.69
178.52 10.84
180.51 12.11
182.51 6.22
184.52 10.02
186.5 10.53
188.54 10.4
190.51 10.32
192.5 11.6
194.51 11.26
196.52 8.24
198.52 9.39
200.51 10.4
202.52 11.0
204.52 9.55
206.52 11.7
208.52 11.19
210.51 11.69
212.52 11.09
214.51 4.18
216.52 6.58
218.5 7.92
220.52 10.33
222.52 10.51
224.51 6.38
226.52 12.26
228.52 11.83
230.51 8.92
232.53 11.3
234.51 4.06
236.51 8.51
238.52 10.76
240.51 6.59
242.51 2.44
244.52 4.83
246.51 7.6
248.52 11.65
250.52 9.94
252.52 11.86
254.51 0.2
256.52 8.79
258.52 11.61
260.52 9.28
262.51 11.1
265.96 11.2
268.29 9.82
269.26 10.42
270.49 10.39
272.52 11.1
274.52 11.41
276.51 9.55
278.52 10.19
280.52 8.93
282.52 10.73
284.51 10.58
286.52 8.18
288.52 5.71
290.52 9.36
292.52 10.46
294.52 12.42
296.52 12.23
298.52 12.12
300.51 8.42
302.52 8.42
304.52 9.55
306.52 6.23
308.52 10.05
310.51 11.0
312.52 10.8
314.52 9.05
316.52 7.22
318.52 11.26
320.53 10.5
322.52 9.95
324.52 8.66
326.78 10.94
328.76 10.76
330.77 10.48
332.77 10.54
334.76 10.26
336.65 7.9
338.78 10.16
340.76 11.32
342.76 11.02
344.76 10.2
346.78 6.94
348.76 8.71
350.77 9.49
352.77 0.41
354.77 2.38
356.77 8.13
358.77 10.14
360.62 11.19
362.76 10.36
364.77 0.08
366.77 8.38
368.77 8.38
370.77 10.2
372.76 10.2
374.76 8.79
376.77 9.81
378.77 9.81
380.78 9.49
382.76 9.71
384.64 8.95
386.77 10.56
388.76 7.91
390.77 6.8
392.76 4.55
394.77 9.53
396.77 12.71
398.76 12.77
400.77 12.8
402.77 4.71
404.77 8.44
406.77 9.33
408.62 9.81
410.78 7.38
412.77 9.99
414.78 11.99
416.76 10.65
418.77 13.54
420.77 13.24
422.76 13.57
424.77 11.41
426.77 11.84
428.77 8.87
430.78 9.07
432.64 8.74
434.78 4.81
436.77 10.82
438.79 10.24
440.77 10.98
442.77 9.02
444.76 12.15
446.77 12.15
448.78 10.56
450.76 5.32
452.77 11.35
454.77 0.27
456.78 8.05
458.78 11.56
460.76 11.56
462.78 11.56
464.78 12.0
466.78 12.17
468.77 12.17
470.78 12.1
472.78 9.8
474.77 12.19
476.78 8.31
478.77 11.64
480.78 8.53
482.76 8.45
484.77 1.97
486.84 8.94
488.78 4.35
490.77 6.46
492.78 8.42
494.78 10.15
496.77 9.34
498.76 9.37
500.78 5.69
502.76 8.7
504.76 9.09
506.78 9.48
508.77 7.46
510.78 7.12
512.78 12.31
514.78 9.55
516.77 11.97
518.78 10.68
520.78 11.89
522.77 5.32
524.77 9.8
526.77 4.79
528.78 7.95
530.77 9.23
532.78 7.74
534.77 3.48
536.77 9.77
538.78 7.28
540.78 8.46
542.77 10.38
545.57 8.71
546.78 9.03
548.78 9.03
550.77 10.19
552.77 10.48
554.78 4.62
556.77 11.77
558.77 11.65
560.78 10.02
562.77 9.76
564.78 6.67
567.71 6.21
568.84 10.54
570.78 12.39
573.02 2.33
574.78 11.58
577.02 9.52
579.02 11.8
580.86 8.88
582.9 9.03
585.02 12.36
587.01 9.73
589.03 12.28
590.98 12.4
593.04 9.0
595.03 6.59
597.73 11.45
599.04 9.37
601.03 11.42
603.02 10.73
605.02 10.37
607.03 4.75
609.02 12.05
611.03 10.49
613.02 10.4
614.9 9.68
617.02 10.21
619.03 11.72
621.03 10.7
623.03 9.26
625.03 8.55
627.03 11.78
629.02 6.61
631.02 5.22
633.04 10.49
635.02 11.31
637.04 7.34
638.9 9.53
641.02 10.87
643.02 11.85
645.03 10.39
647.04 10.97
649.03 9.28
651.03 11.61
653.03 11.13
655.02 10.05
657.03 7.74
659.02 11.37
661.03 13.03
663.02 6.68
665.02 7.39
667.03 10.4
669.02 10.13
671.02 6.45
673.03 10.47
675.02 10.27
677.02 12.09
679.04 11.45
681.02 11.45
683.03 10.77
685.02 12.33
687.03 12.48
689.03 12.27
691.02 9.05
693.02 7.42
695.03 11.51
697.03 9.8
699.03 8.08
701.03 12.28
703.03 12.14
705.02 11.64
707.02 9.65
709.03 9.35
711.02 9.15
713.03 11.71
715.02 13.45
717.02 12.29
719.03 9.85
721.03 9.77
723.04 7.37
725.04 6.95
727.05 11.46
729.03 8.71
731.04 7.24
733.02 10.2
735.0 14.1
737.04 8.22
739.03 5.52
741.03 9.88
743.03 10.45
745.03 9.49
747.02 10.01
749.03 2.68
751.02 9.73
753.05 4.37
755.02 7.94
757.03 10.4
758.97 9.4
761.03 6.29
763.03 5.7
765.03 9.77
767.03 10.41
769.04 10.26
771.03 8.32
773.03 10.47
775.04 11.03
777.03 10.73
779.03 9.18
781.02 8.68
783.01 11.21
785.04 11.74
787.04 10.52
789.03 9.55
791.02 11.35
793.03 11.8
795.02 11.78
797.03 11.89
799.03 11.47
801.03 10.42
803.03 9.55
805.04 12.81
807.03 7.45
809.02 8.92
811.02 12.99
813.04 4.94
815.03 11.36
817.05 10.9
819.03 9.94
821.04 9.71
823.29 11.68
825.04 8.19
827.27 10.0
829.28 8.72
831.29 8.06
833.29 9.72
835.29 10.4
837.28 10.71
839.28 11.19
841.28 9.46
843.29 7.9
845.29 11.16
847.29 10.28
849.28 11.35
851.28 6.37
853.28 10.86
855.29 6.91
857.28 11.17
859.28 10.05
861.28 10.84
863.29 11.35
865.29 9.28
867.28 11.2
869.28 9.27
871.29 10.12
873.28 10.32
875.29 11.79
877.29 11.99
879.29 11.34
881.28 10.29
883.28 10.17
885.3 10.62
887.29 10.76
889.29 8.74
891.28 10.99
893.29 10.98
895.28 10.43
897.3 10.64
899.28 10.57
901.28 10.77
903.28 9.11
905.29 10.04
907.29 9.33
909.29 6.72
911.29 9.96
913.28 9.67
915.28 9.14
917.28 10.0
919.28 8.08
921.28 10.19
923.28 7.46
925.29 9.25
927.28 8.95
929.29 9.43
931.28 9.66
933.28 2.18
935.28 12.69
937.29 8.65
939.29 8.37
941.28 9.68
943.29 11.21
945.29 10.84
947.28 12.08
949.29 9.69
951.28 9.96
953.29 12.24
955.28 10.78
957.28 0.04
959.28 12.61
961.28 8.4
