0.0 0.84
0.59 7.34
2.6 17.85
4.6 87.05
6.6 111.73
8.59 180.5
10.61 229.09
12.6 17.95
14.6 341.2
16.6 11.32
18.6 269.0
20.6 320.73
22.6 16.76
24.6 143.78
26.6 17.84
28.6 368.04
30.59 301.32
32.6 67.07
34.6 359.51
36.59 16.74
38.6 151.92
40.6 16.75
42.6 74.67
44.6 336.76
46.6 16.98
48.6 136.01
50.6 18.15
52.59 43.67
54.6 170.6
56.59 205.28
58.6 219.7
60.59 16.69
62.59 263.25
64.59 17.92
66.6 51.88
68.6 271.65
70.59 19.02
72.59 287.2
74.59 17.71
76.59 54.25
78.6 146.67
80.6 361.76
82.6 457.32
84.6 17.54
86.6 561.89
88.6 17.89
90.59 467.91
92.59 390.41
94.6 16.71
96.59 376.08
98.6 15.18
100.6 378.35
102.59 223.76
104.59 355.42
106.59 237.62
108.6 15.81
110.6 345.22
112.59 18.59
114.59 255.88
116.6 272.91
118.6 17.84
120.59 188.86
122.6 16.18
124.59 70.98
126.59 57.06
128.59 89.76
130.6 61.99
132.59 61.99
134.59 61.99
136.6 61.99
138.6 84.48
140.59 84.48
142.6 87.38
144.6 86.07
146.59 86.46
148.6 86.46
150.59 88.95
152.6 113.77
154.59 174.75
156.6 17.93
158.6 266.29
160.6 17.3
162.59 326.4
164.59 322.27
166.6 118.57
168.59 49.0
170.6 17.38
172.6 355.72
174.6 361.75
176.6 273.54
178.6 108.53
180.6 16.78
182.6 202.73
184.6 368.69
186.59 295.95
188.6 256.02
190.6 17.43
192.59 385.07
194.6 16.69
196.59 390.71
198.6 293.44
200.59 159.31
202.6 33.43
204.59 19.0
206.59 411.99
208.59 16.29
210.59 330.91
212.6 415.45
214.6 16.34
216.6 346.45
218.6 17.1
220.61 85.71
222.59 340.71
224.6 228.07
226.59 42.07
228.6 16.74
230.6 307.23
232.85 16.2
234.84 282.02
236.85 296.82
238.85 316.75
240.85 355.7
242.85 16.8
244.85 376.25
246.65 19.08
248.84 56.56
250.84 283.67
252.84 17.84
254.84 167.91
256.84 13.34
258.85 470.62
260.84 557.26
262.84 559.23
264.84 558.37
266.85 15.95
268.85 554.35
270.65 16.98
272.84 586.82
274.84 543.95
276.84 18.88
278.84 559.95
280.84 16.99
282.85 554.45
284.84 571.27
286.84 556.53
288.86 169.19
290.84 15.93
292.84 256.24
294.66 17.14
296.84 127.66
298.84 168.94
300.85 9.0
302.84 259.8
304.85 16.72
306.84 218.45
308.84 224.58
310.84 297.77
312.85 302.31
314.85 14.26
316.84 269.92
318.85 16.74
320.84 283.87
322.84 168.06
324.84 16.73
326.84 202.8
328.85 7.64
330.85 17.25
332.84 122.86
334.84 243.02
336.84 287.42
338.84 16.74
340.84 312.11
342.84 16.73
344.85 366.19
346.85 385.41
348.84 19.0
350.85 421.18
352.83 16.12
354.84 203.69
356.84 100.4
358.84 19.84
360.84 44.86
362.84 16.71
364.85 111.06
366.84 16.74
368.84 144.29
370.85 161.04
372.84 19.11
374.84 141.95
376.83 16.74
378.84 167.23
380.85 176.51
382.84 177.86
384.84 174.23
386.84 16.77
388.84 187.72
390.85 19.03
392.84 139.43
394.84 197.13
396.84 17.93
398.84 224.96
400.84 17.32
402.84 236.87
404.84 42.9
406.85 21.51
408.85 296.19
410.85 17.89
412.85 360.85
414.84 16.11
416.84 413.03
418.84 430.72
420.84 14.59
422.84 487.69
424.84 10.36
426.84 203.62
428.85 239.2
430.84 389.57
432.84 477.04
434.84 17.13
436.84 498.25
438.85 11.68
440.84 97.65
442.85 204.27
444.84 13.95
446.84 94.07
448.85 16.74
450.84 119.14
452.84 122.57
454.85 121.85
456.85 105.66
458.85 17.31
460.84 85.11
462.84 105.73
464.84 103.1
466.85 104.67
468.84 104.74
470.84 117.98
472.85 16.18
474.85 219.16
476.84 267.34
479.08 283.09
481.09 306.2
483.09 16.73
485.09 58.72
487.09 16.74
489.09 356.01
491.09 392.97
493.1 2.25
495.09 322.09
497.09 12.04
499.09 329.3
500.89 18.15
503.09 404.53
505.09 425.78
507.08 17.58
509.1 168.32
511.09 16.76
513.1 193.67
515.09 254.92
517.09 17.96
519.09 200.0
521.09 16.19
523.09 201.71
524.91 16.72
527.09 197.83
529.1 146.97
531.08 16.74
533.09 205.21
535.1 17.8
537.08 197.2
539.09 201.64
541.09 16.21
543.09 189.35
545.09 17.33
547.09 200.03
549.09 17.9
551.09 209.42
