0.0 1.69
1.11 110.74
3.19 36.75
5.26 110.42
7.3 185.7
9.36 35.53
11.14 175.76
13.22 29.27
15.26 184.42
17.34 201.03
19.42 184.97
21.24 163.5
23.32 41.09
25.4 204.19
27.21 31.5
29.3 175.54
31.37 176.87
33.42 30.48
35.22 161.58
37.3 42.32
39.38 179.79
41.18 179.19
43.22 31.33
45.28 162.0
47.36 29.8
49.42 172.02
51.24 31.64
53.32 141.12
55.4 186.71
57.22 29.8
59.28 208.26
61.36 24.61
63.44 168.51
65.25 190.06
67.32 163.7
69.4 144.08
71.21 29.96
73.29 184.28
75.38 29.12
77.19 153.12
79.27 160.86
81.35 21.86
83.44 178.62
85.25 30.62
87.32 167.18
89.4 172.84
91.22 192.94
93.3 132.38
95.38 30.2
97.46 171.68
99.28 29.28
101.36 169.56
103.44 161.11
105.49 24.16
107.3 183.64
109.38 165.96
111.46 166.23
113.28 162.75
115.36 214.89
117.45 187.49
119.26 30.44
121.34 186.15
123.41 24.17
125.49 169.17
127.31 170.66
129.38 31.04
131.46 169.79
133.53 30.75
135.35 184.44
137.44 200.88
139.51 165.78
141.32 148.26
143.4 31.68
145.47 167.24
147.28 35.79
149.37 162.31
151.44 173.96
153.52 31.48
155.34 166.56
157.42 43.19
159.5 172.01
161.33 31.13
163.38 168.23
165.46 169.96
167.52 42.62
169.34 179.51
171.42 24.71
173.5 168.02
175.58 170.42
177.4 30.83
179.48 165.5
181.57 30.71
183.39 157.66
185.47 151.29
187.55 200.58
189.37 162.57
191.44 24.74
193.51 168.94
195.32 18.5
197.38 164.27
199.46 193.36
201.54 30.75
203.36 156.61
205.43 31.13
207.51 186.53
209.37 41.6
211.42 161.65
213.5 160.5
215.58 30.79
217.4 136.64
219.48 30.51
221.56 179.51
223.38 177.56
225.46 30.64
227.53 174.56
229.35 31.2
231.43 187.74
233.52 29.43
235.59 183.33
237.42 122.69
239.48 29.82
241.56 154.02
243.39 24.87
245.46 202.01
247.52 180.54
249.61 28.31
251.42 181.57
253.5 30.29
255.58 173.82
257.4 169.22
259.47 166.36
261.55 157.2
263.37 30.78
265.45 154.66
267.53 29.91
269.61 162.29
271.44 166.17
273.51 36.26
275.58 195.32
277.66 29.74
279.48 182.79
281.55 27.79
283.62 158.93
285.44 160.53
287.51 23.38
289.58 162.7
291.66 30.65
293.48 175.74
295.57 167.73
297.64 30.01
299.46 177.94
301.53 42.79
303.6 173.33
305.45 31.03
307.5 187.23
309.57 180.66
311.65 38.28
313.48 173.16
315.56 30.68
317.64 172.57
319.46 160.04
321.54 29.83
323.62 153.74
325.69 30.82
327.5 121.79
329.56 41.43
331.64 176.23
333.72 184.66
335.54 20.46
337.62 158.15
339.7 30.3
341.52 40.93
343.58 5.05
345.66 24.09
347.47 158.65
349.54 40.46
351.62 170.24
353.48 22.4
355.52 186.68
357.6 143.4
359.68 41.59
361.48 139.75
363.56 36.37
365.64 177.6
367.72 201.68
369.53 164.7
371.61 173.74
373.69 30.94
375.51 209.57
377.59 30.92
379.67 171.19
381.75 210.07
383.56 21.0
385.65 174.42
387.73 28.88
389.54 191.78
391.62 169.92
393.69 141.6
395.5 195.4
397.58 36.86
399.66 166.28
401.74 30.23
403.56 167.14
405.64 164.82
407.72 30.08
409.8 110.61
411.62 30.81
413.7 156.72
415.78 175.96
417.6 175.9
419.68 197.03
421.74 42.93
423.57 154.77
425.64 38.39
427.71 178.26
429.79 182.62
431.61 29.94
433.68 170.76
435.76 30.64
437.58 177.69
439.66 173.17
441.74 199.11
443.55 165.21
445.62 31.5
447.7 181.21
449.78 30.54
451.6 211.26
453.68 185.75
455.75 31.2
457.58 163.35
459.65 29.62
461.73 157.06
463.81 179.67
465.63 167.85
467.71 168.35
469.79 30.42
471.6 184.08
473.68 28.39
475.77 173.51
477.84 159.37
479.66 31.62
481.74 165.87
483.82 26.28
485.64 177.36
487.72 157.36
489.82 169.02
491.64 164.99
493.72 30.4
495.8 165.03
497.87 31.0
499.69 171.48
501.77 196.49
503.85 30.95
505.67 153.32
507.75 30.07
509.83 197.07
511.66 160.4
513.74 32.46
515.82 167.79
517.9 42.05
519.73 147.06
521.79 30.18
523.85 153.72
525.93 169.8
527.74 24.56
529.81 168.89
531.89 23.25
533.71 153.62
535.78 169.34
537.86 176.69
539.92 160.97
541.73 29.76
543.81 174.26
545.89 23.57
547.71 167.86
549.79 158.46
551.88 29.34
553.69 178.28
555.76 30.25
557.84 163.15
559.7 23.93
561.74 167.02
563.82 152.98
565.89 29.81
567.94 163.09
569.75 38.83
571.82 25.99
573.9 172.9
575.72 42.35
577.8 157.36
579.88 29.83
581.96 161.65
583.78 187.29
585.86 219.27
587.94 149.49
589.76 30.08
591.84 155.16
593.92 42.35
595.74 145.07
597.83 175.01
599.91 32.09
601.73 176.14
603.81 42.67
605.89 170.62
607.97 30.79
609.78 191.38
611.86 171.33
613.94 41.78
616.02 105.26
617.84 30.01
619.92 157.87
622.0 191.12
623.8 165.69
625.88 150.62
627.96 27.61
629.78 168.79
631.86 156.49
633.94 171.52
636.02 193.08
637.84 20.92
639.92 165.85
642.0 31.53
643.82 157.85
645.89 122.89
647.97 41.84
649.78 189.35
651.86 24.44
653.94 180.95
656.0 35.53
657.87 211.22
659.9 143.17
661.99 40.15
663.81 181.04
665.88 25.16
667.96 164.61
670.04 168.45
671.86 175.08
673.94 166.87
676.02 30.71
677.85 162.23
679.92 173.08
682.01 181.91
684.08 171.28
685.9 42.6
687.98 180.58
690.06 24.76
691.88 172.06
693.96 89.77
696.04 28.49
697.85 171.88
699.93 30.3
702.01 154.61
703.86 30.18
705.91 176.7
707.98 189.7
710.06 30.75
711.88 179.93
713.96 27.1
716.04 194.67
717.85 174.74
719.93 27.3
722.0 173.48
724.08 42.39
725.9 167.98
727.98 28.12
730.05 173.27
731.87 172.97
733.95 30.43
736.03 170.35
738.11 30.9
739.93 172.24
742.01 167.42
744.09 25.35
745.92 136.8
748.0 40.47
750.08 180.27
751.89 131.29
753.97 186.69
756.04 133.44
758.12 22.79
759.94 145.03
762.02 41.18
764.1 81.86
766.17 188.56
767.99 164.6
770.06 120.79
772.14 30.1
773.96 175.28
776.04 30.8
778.13 167.45
779.94 158.79
782.02 41.7
784.1 174.07
786.18 29.95
788.01 183.8
790.08 169.52
792.17 99.93
793.98 151.47
796.05 31.34
798.13 178.63
799.94 25.31
802.02 173.59
804.1 164.29
805.93 41.19
808.0 179.5
810.08 30.64
812.16 162.85
813.98 129.06
816.06 24.63
818.14 184.2
820.22 29.37
822.04 153.61
824.12 29.87
826.2 179.98
828.02 177.93
830.09 41.27
832.17 117.74
833.99 29.78
836.07 187.43
838.15 159.43
839.97 160.32
842.05 144.51
844.13 29.16
846.22 165.15
848.03 30.14
850.11 144.38
852.19 159.4
854.01 21.64
856.08 180.12
858.16 41.91
860.24 164.59
862.06 168.69
864.14 32.1
866.22 165.2
868.04 28.57
870.12 162.97
872.2 25.23
874.02 157.6
876.1 154.27
878.18 40.13
880.25 171.37
882.07 30.8
884.15 162.79
886.23 167.97
888.04 186.32
890.11 166.95
892.19 25.49
894.01 184.72
896.09 28.65
898.17 172.58
900.25 134.95
902.07 41.62
904.15 159.96
906.23 30.54
908.05 180.17
910.13 169.65
912.21 196.12
914.27 168.87
916.08 42.37
918.16 144.77
920.24 29.99
922.06 143.18
924.14 162.37
926.22 32.88
928.3 180.14
930.12 30.64
932.2 171.65
934.28 120.35
936.1 175.38
938.18 156.75
940.28 24.15
942.08 109.74
944.16 42.49
946.23 181.88
948.3 149.85
950.11 30.7
952.19 166.93
954.27 29.29
956.09 179.13
958.17 194.73
960.24 171.75
962.32 154.35
964.14 29.44
966.22 169.18
968.3 41.9
970.12 192.65
972.2 163.49
974.28 29.19
976.36 169.12
978.18 31.68
980.25 85.12
982.33 41.18
984.15 158.67
986.23 161.35
988.31 29.47
990.39 193.74
992.22 29.3
994.3 91.12
996.38 162.07
998.2 22.8
1000.29 150.37
1002.36 30.86
1004.18 176.0
1006.26 123.38
1008.34 165.8
1010.16 164.65
1012.24 29.59
1014.3 192.61
1016.38 41.14
1018.2 165.2
1020.28 158.53
1022.36 28.57
1024.17 70.03
1026.25 30.3
1028.33 169.79
1030.15 101.88
1032.22 174.07
1034.3 158.8
1036.38 28.58
1038.2 168.58
1040.28 43.25
1042.36 173.01
1044.44 110.78
1046.26 174.43
1048.34 167.38
1050.42 30.22
1052.25 113.82
1054.33 42.65
1056.41 175.31
1058.23 183.06
1060.31 31.51
1062.39 119.59
1064.21 30.32
1066.29 165.34
1068.37 168.64
1070.44 31.66
1072.26 202.3
1074.34 31.86
1076.42 169.66
1078.24 160.72
1080.32 177.43
1082.4 151.83
1084.22 42.03
1086.3 149.12
1088.38 27.89
1090.46 188.77
1092.28 205.96
1094.36 41.29
1096.44 167.31
1098.26 30.75
1100.34 128.58
1102.42 40.93
1104.24 173.49
1106.32 178.79
1108.4 24.08
1110.46 192.4
1112.28 27.2
1114.36 162.93
1116.44 158.78
1118.26 95.53
1120.34 163.54
1122.42 20.97
1124.23 179.9
1126.31 167.38
1128.39 179.53
1130.46 181.88
1132.28 30.54
1134.36 173.0
1136.44 43.1
1138.52 157.72
1140.34 176.43
1142.42 29.94
1144.48 158.29
1146.3 40.42
1148.38 154.96
1150.46 29.77
1152.28 179.48
1154.36 114.86
1156.44 43.2
1158.52 177.0
1160.34 30.63
1162.41 185.28
1164.49 175.5
1166.31 164.91
1168.39 160.08
1170.47 28.19
1172.55 115.13
1174.37 30.73
1176.46 151.13
1178.54 174.4
1180.36 26.36
1182.44 139.47
1184.52 31.64
1186.34 173.86
1188.41 161.95
1190.49 156.73
1192.57 178.11
1194.38 43.29
1196.45 178.37
1198.3 25.6
1200.35 159.17
1202.43 173.17
1204.51 31.11
1206.32 174.07
1208.4 42.61
1210.47 166.52
1212.55 122.42
1214.37 202.48
1216.45 194.3
1218.53 24.74
1220.35 215.69
1222.42 21.05
1224.5 174.85
1226.58 187.76
1228.4 28.36
1230.48 185.8
1232.56 42.55
1234.38 165.61
1236.46 145.69
1238.54 162.17
1240.59 153.29
1242.41 40.24
1244.49 116.83
1246.58 29.92
1248.63 182.89
1250.46 154.31
1252.52 30.87
1254.6 164.46
1256.42 30.83
1258.5 157.69
1260.58 155.12
1262.4 169.82
1264.48 185.72
1266.56 31.46
1268.64 157.38
1270.46 30.88
1272.54 157.58
1274.62 156.81
1276.44 41.75
1278.52 209.02
1280.6 43.23
1282.43 180.67
1284.51 127.63
1286.59 30.37
1288.67 133.3
1290.49 31.46
1292.57 193.45
1294.65 24.14
1296.47 221.85
1298.55 197.16
1300.63 30.28
1302.7 190.22
1304.52 27.62
1306.6 119.24
1308.68 174.35
1310.5 205.74
1312.58 176.56
1314.64 24.21
1316.46 201.29
1318.54 25.1
1320.62 98.08
1322.7 201.2
1324.53 31.53
1326.6 156.87
1328.68 25.2
1330.5 163.34
1332.58 179.56
1334.66 183.51
1336.74 181.08
1338.56 30.28
1340.63 175.42
1342.71 37.59
1344.53 194.93
1346.61 177.03
1348.69 30.07
1350.51 163.07
1352.59 28.41
1354.67 172.24
1356.49 141.27
1358.57 163.15
1360.65 176.45
1362.47 31.89
1364.55 159.97
1366.63 42.05
1368.71 120.46
1370.53 162.68
1372.6 30.34
1374.68 185.06
1376.5 29.99
1378.58 157.42
1380.66 185.7
1382.74 174.15
1384.56 161.39
1386.64 31.44
1388.72 172.17
1390.54 22.37
1392.62 177.32
1394.7 161.47
1396.52 31.46
1398.59 191.12
1400.67 29.87
1402.75 178.68
1404.56 138.97
1406.62 131.25
1408.7 171.54
1410.78 31.43
1412.61 160.34
1414.68 24.52
1416.76 160.7
1418.58 166.96
1420.66 30.1
1422.74 171.64
1424.56 26.28
1426.64 172.73
1428.72 144.92
1430.55 168.58
1432.63 174.29
1434.71 29.14
1436.8 170.94
1438.6 31.5
1440.68 188.32
1442.76 180.22
1444.58 18.25
1446.66 183.76
1448.74 42.63
1450.82 174.26
1452.64 176.71
1454.72 171.16
1456.8 169.7
1458.62 36.36
1460.7 171.49
1462.78 21.67
1464.86 178.26
1466.68 178.13
1468.78 40.27
1470.58 178.23
1472.66 25.2
1474.74 163.3
1476.82 26.68
1478.64 177.57
1480.72 181.27
1482.8 31.45
1484.62 107.68
1486.7 24.52
1488.78 176.3
1490.6 150.07
1492.68 41.64
1494.76 166.34
1496.84 28.85
1498.66 176.46
1500.74 111.12
1502.82 184.97
1504.9 166.33
1506.72 29.36
1508.8 169.73
1510.86 24.67
1512.68 157.33
1514.76 168.9
1516.84 29.18
1518.92 170.77
1520.74 41.86
1522.82 195.1
1524.67 29.05
1526.71 163.01
1528.79 143.67
1530.87 42.0
1532.69 175.45
1534.75 40.0
1536.84 168.45
1538.92 169.8
1540.74 160.08
1542.82 168.1
1544.9 29.91
1546.72 170.64
1548.8 24.44
1550.87 175.44
1552.95 177.21
1554.77 37.63
1556.85 181.29
1558.93 42.09
1560.74 155.6
1562.83 172.32
1564.9 168.04
1566.72 156.45
1568.8 30.3
1570.88 180.78
1572.73 29.84
1574.76 154.31
1576.84 149.01
1578.93 39.52
1580.74 179.23
1582.82 38.5
1584.9 171.33
1586.72 106.91
1588.8 42.97
1590.88 164.27
1592.96 30.66
1594.78 177.18
1596.86 30.04
1598.94 179.11
1600.76 186.03
1602.84 29.97
1604.92 175.31
1606.74 40.44
1608.82 162.15
1610.9 167.15
1612.72 156.37
1614.8 135.91
1616.88 41.17
1618.96 157.78
1620.78 31.46
1622.85 150.56
1624.93 168.12
1627.01 24.61
1628.82 161.48
1630.9 41.26
1632.97 176.04
1634.79 156.92
1636.87 29.85
1638.95 170.54
1640.77 29.89
1642.85 143.83
1644.92 29.87
1647.0 146.24
1648.82 169.09
1650.9 30.84
1652.98 156.73
1654.8 30.14
1656.88 184.73
1658.96 102.35
1661.04 180.99
1662.86 216.47
1664.94 28.22
1667.02 175.92
1668.84 34.24
1670.92 169.51
1673.0 124.19
1674.82 31.71
1676.9 150.55
1678.98 30.9
1681.06 189.26
1682.88 154.75
1684.96 181.27
1687.04 170.07
1688.86 26.54
1690.94 180.12
1693.02 29.53
1694.84 179.05
1696.91 170.08
1698.99 40.25
1700.81 174.08
1702.9 29.43
1704.98 92.44
1707.06 167.85
1708.88 34.08
1710.96 149.95
1713.04 41.66
1714.86 195.89
1716.94 28.63
1719.02 173.65
1721.1 187.28
1722.92 42.41
1725.0 172.19
1727.08 29.53
1728.9 157.89
1730.98 182.15
1733.06 187.85
1735.14 179.66
1736.97 42.47
1739.05 178.18
1741.13 25.16
1742.96 163.75
1745.03 161.49
1747.1 37.04
1748.92 165.81
1751.0 31.15
1753.08 157.07
1754.9 167.89
1756.98 160.94
1759.06 161.0
1761.13 31.5
1762.94 140.1
1765.02 31.71
1767.1 175.13
1768.91 174.99
1770.97 29.95
1773.05 185.72
1775.12 27.21
1776.94 160.89
1779.02 175.75
1781.1 156.47
1782.92 169.3
1785.0 31.32
1787.07 173.45
1789.16 24.56
1790.97 183.73
1793.02 168.72
1795.1 30.97
1797.15 180.88
1798.96 30.73
1801.03 183.39
1803.1 180.19
1805.16 167.1
1806.94 164.16
1809.0 39.28
1811.07 188.07
1813.14 24.71
1814.94 178.92
1817.0 171.52
1819.07 29.47
1821.15 155.93
1822.97 41.68
1825.05 157.83
1827.13 24.42
1829.19 159.83
1831.0 135.62
1833.08 149.9
1835.16 183.06
1836.98 42.0
1839.06 86.67
1841.13 80.05
1843.21 24.28
1845.03 80.08
1847.11 102.17
1849.19 88.56
1851.01 110.85
1853.09 95.59
1855.17 142.66
1857.25 30.9
1859.07 166.1
1861.14 38.44
1863.21 175.61
1865.03 174.39
1867.11 24.75
1869.18 164.33
1871.0 30.56
1873.08 163.83
1875.16 31.31
1877.24 112.01
1879.06 181.74
1881.14 27.09
1883.22 168.23
1885.04 40.19
1887.11 179.98
1889.19 173.31
1891.27 31.3
1893.1 208.63
1895.19 31.64
1897.26 162.78
1899.08 113.1
1901.16 163.41
1903.24 153.97
1905.06 27.08
1907.13 176.55
1909.21 24.15
1911.29 185.01
1913.11 163.7
1915.19 30.08
1917.27 175.6
1919.09 25.19
1921.17 161.18
1923.02 30.39
1925.07 115.06
1927.13 161.88
1929.21 30.5
1931.29 190.04
1933.11 30.29
1935.19 175.52
1937.27 180.89
1939.08 187.01
1941.16 105.68
1943.24 39.68
1945.06 176.04
1947.14 31.56
1949.22 197.0
1951.3 176.6
1953.12 41.86
1955.2 170.82
1957.28 42.97
1959.35 176.03
1961.16 170.03
1963.24 29.39
1965.32 164.45
1967.13 22.3
1969.21 164.09
1971.3 40.32
1973.12 163.11
1975.2 160.62
1977.28 41.92
1979.36 177.57
1981.18 30.7
1983.26 172.39
1985.34 160.52
1987.16 171.16
1989.24 172.52
1991.32 27.71
1993.39 26.14
1995.22 39.37
1997.3 168.29
1999.12 160.55
2001.2 31.14
2003.28 163.18
2005.36 31.65
2007.18 183.97
2009.26 164.0
2011.34 181.32
2013.16 159.85
2015.24 29.95
2017.32 186.43
2019.14 31.81
2021.22 183.28
2023.3 164.16
2025.36 42.9
2027.17 170.75
2029.25 29.44
2031.34 153.84
2033.42 151.38
2035.24 102.14
2037.32 99.9
2039.4 31.75
2041.21 147.85
2043.29 30.96
2045.37 170.0
2047.45 168.13
2049.27 31.56
2051.35 172.71
2053.43 29.38
2055.25 177.08
2057.33 183.81
2059.41 138.23
2061.23 176.63
2063.31 42.03
2065.39 156.16
2067.47 29.11
2069.29 167.21
2071.37 197.2
2073.45 42.13
2075.27 173.45
2077.35 31.16
2079.43 181.88
2081.25 165.88
2083.33 166.88
2085.41 163.78
2087.23 43.0
2089.3 171.27
2091.37 27.0
2093.44 166.18
2095.25 179.66
2097.33 42.84
2099.41 175.92
2101.48 29.1
2103.3 154.88
2105.38 168.3
2107.46 163.72
2109.28 173.82
2111.36 30.69
2113.44 169.8
2115.26 41.25
2117.34 165.85
2119.42 178.24
2121.5 32.05
2123.31 161.25
2125.4 29.73
2127.48 172.59
2129.29 174.29
2131.37 159.66
2133.45 184.45
2135.27 29.04
2137.35 172.06
2139.43 41.65
2141.5 164.99
2143.32 96.51
2145.4 25.3
2147.48 177.27
2149.3 31.31
2151.38 159.39
2153.46 156.98
2155.52 171.7
2157.34 184.8
2159.42 30.6
2161.5 174.31
2163.32 23.66
2165.4 175.7
2167.48 166.11
2169.3 26.86
2171.38 158.54
2173.46 31.39
2175.54 159.24
2177.36 158.97
2179.44 153.26
2181.52 152.56
2183.34 42.92
2185.42 160.13
2187.5 41.41
2189.32 170.33
2191.4 190.64
2193.48 29.14
2195.56 129.95
2197.38 23.86
2199.46 166.61
2201.54 41.44
2203.36 168.02
2205.44 165.7
2207.52 30.6
2209.34 99.3
2211.42 41.71
2213.5 157.01
2215.58 100.66
2217.39 27.67
2219.47 156.7
2221.53 42.3
2223.36 102.61
2225.44 160.85
2227.52 164.84
2229.34 167.33
2231.42 41.76
2233.5 180.52
2235.58 28.36
2237.4 179.19
2239.48 158.35
2241.56 43.19
2243.39 176.43
2245.46 24.87
2247.54 157.64
2249.39 30.41
2251.44 171.96
2253.49 165.14
2255.55 39.44
2257.63 170.73
2259.45 28.1
2261.53 180.68
2263.61 169.62
2265.43 26.49
2267.51 181.66
2269.59 42.25
2271.41 161.0
2273.49 196.78
2275.57 118.2
2277.64 160.67
2279.46 41.35
2281.54 182.58
2283.62 29.07
2285.44 175.81
2287.48 156.76
2289.56 29.27
2291.64 194.85
2293.46 25.52
2295.54 174.6
2297.62 20.28
2299.44 170.51
2301.52 134.55
2303.61 27.43
2305.69 171.88
2307.51 30.73
2309.59 179.55
2311.66 191.11
2313.49 177.89
2315.56 176.0
2317.65 28.69
2319.46 168.28
2321.52 29.81
2323.6 176.84
2325.43 176.51
2327.51 43.1
2329.59 158.99
2331.67 31.52
2333.49 180.65
2335.57 207.27
2337.65 30.84
2339.47 182.26
2341.55 30.5
2343.63 175.71
2345.45 164.83
2347.53 186.25
2349.61 155.47
2351.68 24.66
2353.48 201.87
2355.56 20.43
2357.64 190.29
2359.71 189.28
2361.53 180.51
2363.61 161.31
2365.69 26.33
2367.5 159.54
2369.58 30.74
2371.66 166.04
2373.48 177.21
2375.56 40.52
2377.64 184.99
2379.72 24.23
2381.54 167.03
2383.61 189.6
2385.68 38.91
2387.76 162.41
2389.58 30.69
2391.67 189.08
2393.52 31.24
2395.57 162.47
2397.65 169.5
2399.73 30.56
2401.55 169.14
2403.63 40.2
2405.71 199.2
2407.53 168.17
2409.61 24.53
2411.69 180.97
2413.77 24.17
2415.6 173.73
2417.67 22.11
2419.76 11.06
2421.58 162.36
2423.65 25.09
2425.73 160.68
2427.81 24.64
2429.63 174.57
2431.71 170.71
2433.79 163.91
2435.6 175.43
2437.69 30.91
2439.77 169.15
2441.59 30.3
2443.67 175.86
2445.75 159.21
2447.57 30.04
2449.65 94.2
2451.73 42.91
2453.81 156.43
2455.63 184.5
2457.71 184.31
2459.79 168.82
2461.61 42.23
2463.69 182.21
2465.77 30.72
2467.85 183.66
2469.67 124.85
2471.75 41.58
2473.83 157.25
2475.65 31.16
2477.73 207.98
2479.81 195.98
2481.63 173.72
2483.7 173.83
2485.78 24.12
2487.6 166.22
2489.67 24.37
2491.75 174.32
2493.83 179.74
2495.65 30.75
2497.74 151.64
2499.82 36.61
2501.9 151.04
2503.72 190.9
2505.8 172.53
2507.88 188.98
2509.7 28.43
2511.78 178.84
2513.85 42.44
2515.65 207.24
2517.73 151.85
2519.81 29.06
2521.89 161.21
2523.71 30.23
2525.79 165.96
2527.87 186.67
2529.69 147.16
2531.76 167.31
2533.84 42.04
2535.92 168.95
2537.74 30.57
2539.82 181.51
2541.9 107.23
2543.71 31.39
2545.79 184.48
2547.87 29.99
2549.68 26.3
2551.74 155.6
2553.82 170.34
2555.9 180.01
2557.71 42.49
2559.79 197.7
2561.87 30.94
2563.69 191.36
2565.77 169.41
2567.85 29.9
2569.93 190.76
2571.75 41.76
2573.83 209.16
2575.9 165.58
2577.73 159.6
2579.8 151.33
2581.87 24.77
2583.95 173.45
2585.77 23.74
2587.84 185.52
2589.92 161.06
2591.74 32.06
2593.82 168.98
2595.9 28.71
2597.98 196.26
2599.8 199.84
2601.88 34.26
2603.96 151.25
2605.78 28.51
2607.86 183.36
2609.94 29.99
2611.76 157.41
2613.84 134.18
2615.92 29.29
2617.74 176.6
2619.82 26.47
2621.9 199.74
2623.75 30.56
2625.8 147.83
2627.88 133.08
2629.96 23.89
2631.78 192.7
2633.86 41.45
2635.94 189.12
2637.76 168.02
2639.84 30.46
2641.92 136.76
2644.0 43.3
2645.82 161.51
2647.88 199.14
2649.96 176.8
2651.78 163.62
2653.85 36.23
2655.93 167.12
2658.01 30.6
2659.83 164.26
2661.91 151.35
2663.99 30.8
2665.82 168.0
2667.89 43.11
2669.97 165.78
2671.79 141.35
2673.87 171.81
2675.95 167.87
2678.02 24.77
2679.82 99.51
2681.9 42.74
2683.98 167.76
2686.05 174.31
2687.87 177.81
2689.95 176.4
2692.03 30.35
2693.85 166.04
2695.93 164.61
2698.01 183.36
2700.09 173.49
2701.91 42.06
2703.99 176.52
2705.82 28.28
2707.89 175.96
2709.97 161.24
2712.03 182.22
2713.84 108.3
2715.92 30.66
2718.0 103.88
2719.84 41.39
2721.89 187.41
2723.97 164.27
2726.05 28.81
2727.87 176.04
2729.95 41.09
2732.03 156.17
2733.85 158.43
2735.93 30.38
2738.01 184.37
2740.09 29.27
2741.91 180.34
2743.98 32.8
2746.05 121.71
2747.86 134.76
2749.94 36.18
2752.02 161.28
2754.1 30.59
2755.92 182.37
2758.0 188.91
2760.08 176.88
2761.9 175.39
2763.98 23.13
2766.06 195.68
2767.91 42.66
2769.96 183.73
2772.04 172.5
2774.12 28.13
2775.93 154.14
2777.98 18.47
2780.06 194.69
2782.14 174.01
2783.97 136.77
2786.05 159.05
2788.13 41.01
2789.95 151.61
2792.03 31.03
2794.11 150.81
2795.93 155.47
2798.01 30.3
2800.09 164.67
2802.17 30.1
2803.99 175.33
2806.07 171.89
2808.15 151.93
2809.96 167.78
2812.04 35.48
2814.12 172.7
2815.94 28.55
2818.01 165.7
2820.09 163.98
2822.17 27.46
2823.99 127.18
2826.07 36.83
2828.15 147.38
2829.96 143.13
2832.04 30.17
2834.12 146.96
2835.94 30.68
2838.02 163.43
2840.1 30.79
2842.18 179.87
2843.98 188.59
2846.06 41.44
2848.13 104.2
2850.21 36.62
2852.03 149.24
2854.11 184.58
2856.19 28.34
2858.01 204.45
2860.09 41.92
2862.17 147.17
2863.99 24.55
2866.07 154.15
2868.15 169.58
2870.23 29.86
2872.05 189.73
2874.13 20.04
2876.18 159.08
2878.26 175.11
2880.08 147.74
2882.15 193.58
2884.23 42.92
2886.05 188.14
2888.13 29.96
2890.21 169.33
2892.03 175.89
2894.11 41.97
2896.19 185.5
2898.01 42.28
2900.09 201.65
2902.17 174.55
2904.25 168.39
2906.07 179.61
2908.13 27.21
2910.18 163.49
2912.21 41.53
2914.08 151.25
2916.16 171.43
2918.24 30.47
2920.06 221.77
2922.13 30.65
2924.21 197.47
2926.29 209.26
2928.11 176.58
2930.19 172.36
2932.27 39.89
2934.09 117.44
2936.17 30.87
2938.25 199.58
2940.06 183.98
2942.14 31.07
2944.22 173.49
2946.3 24.44
2948.11 164.61
2950.19 169.23
2952.27 158.34
2954.08 173.72
2956.16 27.87
2958.24 163.5
2960.31 41.42
2962.14 181.85
2964.27 168.12
2966.28 29.83
2968.1 152.54
2970.18 29.59
2972.26 173.2
2974.32 38.41
2976.14 176.8
2978.22 171.14
2980.3 31.39
2982.38 180.58
2984.2 172.24
2986.28 212.64
2988.1 189.09
2990.18 41.3
2992.26 171.06
2994.34 28.91
2996.16 159.34
2998.22 162.37
3000.3 173.71
3002.38 174.73
3004.2 42.39
3006.27 172.29
3008.35 29.35
3010.17 169.02
3012.25 171.45
3014.33 29.96
3016.15 178.74
3018.23 41.65
3020.31 102.19
3022.16 29.47
3024.2 114.14
3026.28 141.61
3028.36 41.94
3030.17 124.84
3032.25 30.33
3034.33 159.95
3036.15 116.04
3038.22 30.72
3040.29 213.14
3042.37 23.95
3044.44 162.82
3046.25 200.22
3048.33 182.69
3050.41 208.02
3052.23 27.79
3054.31 190.67
3056.38 24.76
3058.46 177.46
3060.28 184.13
3062.36 29.77
3064.44 149.59
3066.26 24.1
3068.34 148.05
3070.4 31.89
3072.21 163.36
3074.3 152.04
3076.38 43.55
3078.45 150.83
3080.27 42.43
3082.35 119.1
3084.43 180.09
3086.25 157.89
3088.33 164.94
3090.41 39.54
3092.49 154.31
3094.31 30.8
3096.39 181.64
3098.47 103.49
3100.29 28.73
3102.37 159.85
3104.44 24.52
3106.27 176.58
3108.35 158.91
3110.43 46.01
3112.25 179.62
3114.33 29.29
3116.41 178.73
3118.23 157.66
3120.3 167.15
3122.38 155.53
3124.46 30.96
3126.28 184.15
3128.36 30.66
3130.44 182.17
3132.26 151.59
3134.34 30.74
3136.42 170.55
3138.48 42.19
3140.3 33.16
3142.38 31.65
3144.46 186.04
3146.54 156.44
3148.36 29.73
3150.44 190.27
3152.52 23.44
3154.34 162.75
3156.42 151.73
3158.5 173.98
3160.32 159.95
3162.4 25.52
3164.48 206.93
3166.3 178.81
3168.37 163.54
3170.45 187.76
3172.52 31.46
3174.34 142.95
3176.42 24.56
3178.5 182.13
3180.32 153.5
3182.4 24.32
3184.48 186.07
3186.56 31.86
3188.38 177.93
3190.46 31.45
3192.54 239.81
3194.36 178.73
3196.44 31.48
3198.52 173.43
3200.34 31.26
3202.39 159.22
3204.45 151.48
3206.53 103.16
3208.35 175.45
3210.41 29.82
3212.49 180.88
3214.34 24.05
3216.39 133.48
3218.47 169.07
3220.55 41.61
3222.37 162.43
3224.45 30.52
3226.53 59.04
3228.61 58.34
3230.43 119.37
3232.51 166.76
3234.58 24.51
3236.39 137.98
3238.47 16.79
3240.55 167.64
3242.63 138.51
3244.45 29.36
3246.53 171.75
3248.61 181.19
3250.43 177.24
3252.51 162.31
3254.59 179.78
3256.4 165.89
3258.49 41.26
3260.57 156.52
3262.39 24.05
3264.47 161.41
3266.54 158.77
3268.59 29.9
3270.39 164.46
3272.47 29.75
3274.55 199.52
3276.62 162.1
3278.44 132.09
3280.52 151.45
3282.6 29.34
3284.42 175.88
3286.5 41.27
3288.58 132.58
3290.4 217.2
3292.48 42.21
3294.56 150.61
3296.64 42.57
3298.46 122.11
3300.52 152.41
3302.6 183.43
3304.42 184.06
3306.5 43.27
3308.58 179.71
3310.66 30.04
3312.48 155.75
3314.56 173.15
3316.64 29.65
3318.72 154.71
3320.54 20.53
3322.62 153.42
3324.7 193.67
3326.52 153.42
3328.6 169.76
3330.68 29.21
3332.5 209.74
3334.56 29.44
3336.63 159.62
3338.45 124.08
3340.56 29.98
3342.61 153.7
3344.69 29.22
3346.51 191.64
3348.59 174.18
3350.67 157.96
3352.49 156.71
3354.56 39.46
3356.64 165.58
3358.72 42.57
3360.54 174.44
3362.62 96.24
3364.69 31.34
3366.51 178.79
3368.57 28.63
3370.65 184.58
3372.5 42.63
3374.55 186.14
3376.63 164.94
3378.71 24.12
3380.53 204.51
3382.61 22.93
3384.69 170.13
3386.76 179.03
3388.59 29.57
3390.68 171.47
3392.76 30.68
3394.58 170.27
3396.66 172.75
3398.74 143.11
3400.56 177.15
3402.64 42.13
3404.72 163.27
3406.54 41.73
3408.62 161.64
3410.7 179.45
3412.78 30.41
3414.6 188.08
3416.68 30.83
3418.76 159.0
3420.58 162.08
3422.66 159.87
3424.74 153.69
3426.56 39.09
3428.65 164.34
3430.72 30.84
3432.79 180.15
3434.62 171.46
3436.69 30.14
3438.76 173.1
3440.58 30.46
3442.66 172.72
3444.74 27.86
3446.56 175.46
3448.64 178.21
3450.72 39.59
3452.8 176.39
3454.62 40.02
3456.7 159.41
3458.78 143.02
3460.6 42.77
3462.68 178.82
3464.73 18.61
3466.81 201.39
3468.63 181.3
3470.71 189.54
3472.79 174.42
3474.61 28.76
3476.69 161.49
3478.77 30.82
3480.59 175.01
3482.67 165.54
3484.75 31.52
3486.82 104.8
3488.65 31.57
3490.73 191.4
3492.81 42.71
3494.63 181.54
3496.7 188.72
3498.77 30.94
3500.85 192.5
3502.67 30.11
3504.75 147.83
3506.83 110.48
3508.91 35.03
3510.73 155.92
3512.81 30.63
3514.88 199.82
3516.7 41.71
3518.78 167.84
3520.86 206.1
3522.68 30.8
3524.76 45.52
3526.84 30.64
3528.65 45.77
3530.71 44.25
3532.79 44.37
3534.87 44.2
3536.69 50.04
3538.77 50.45
3540.85 50.7
3542.67 60.55
3544.75 64.68
3546.83 69.07
3548.9 75.91
3550.73 111.41
3552.8 92.75
3554.88 131.16
3556.7 155.76
3558.78 165.65
3560.86 30.72
3562.92 172.79
3564.73 30.66
3566.81 164.31
3568.89 164.27
3570.71 22.68
3572.79 169.11
3574.87 27.63
3576.68 157.7
3578.76 170.97
3580.84 27.63
3582.92 223.65
3584.74 41.29
3586.82 183.16
3588.85 31.21
3590.89 161.72
3592.93 151.81
3594.7 17.54
3596.74 182.36
3598.76 41.47
3600.79 182.05
3602.84 154.0
3604.87 40.69
3606.9 199.81
3608.92 23.94
3610.94 151.91
3612.94 31.78
3615.0 205.69
3616.78 169.36
3618.85 30.85
3620.93 174.53
3622.75 30.78
3624.83 173.89
3626.91 194.47
3628.98 156.91
3630.8 197.19
3632.88 43.35
3634.95 179.49
3636.77 31.12
3638.85 108.35
3640.93 99.49
3643.01 41.86
3644.83 179.28
3646.9 29.1
3648.99 165.85
3650.81 126.68
3652.89 170.87
3654.97 153.2
3656.79 30.89
3658.87 194.96
3660.94 36.59
3663.02 157.69
3664.84 181.18
3666.92 31.39
3669.0 111.46
3670.82 31.35
3672.9 162.68
3674.98 171.53
3676.8 173.61
3678.88 163.02
3680.96 40.31
3683.04 157.63
3684.86 29.86
3686.94 157.07
3689.02 167.77
3690.84 29.44
3692.92 166.99
3695.0 43.39
3697.08 97.09
3698.89 115.39
3700.98 174.29
3703.06 167.06
3704.88 31.61
3706.96 178.35
3709.04 40.96
3710.86 170.64
3712.94 162.24
3715.02 31.52
3717.1 175.83
3718.92 29.23
3721.0 168.2
3723.08 178.72
3724.9 183.35
3726.98 177.23
3729.06 28.54
3730.88 179.75
3732.96 42.1
3735.04 164.0
3736.86 148.71
3738.94 31.17
3741.02 188.1
3743.1 29.83
3744.92 192.73
3747.0 165.82
3749.08 165.64
3750.9 179.5
3752.97 30.58
3755.04 145.98
3757.13 42.77
3758.93 152.36
3761.02 167.88
3763.1 31.68
3764.92 176.89
3767.0 31.36
3769.08 192.05
3770.9 179.55
3772.98 169.63
3775.06 187.13
3777.14 35.56
3778.96 174.4
3781.04 30.5
3783.12 195.18
3784.94 165.24
3787.02 31.32
3789.09 165.17
3790.94 32.27
3793.02 155.63
3795.09 172.04
3796.92 153.64
3799.0 165.99
3801.08 41.3
3803.14 175.33
3804.96 30.15
3807.04 157.82
3809.12 160.3
3810.94 30.18
3813.02 114.45
3815.1 30.85
3817.17 167.18
3818.99 208.77
3821.07 150.12
3823.14 187.76
3824.96 27.85
3827.05 165.33
3829.13 39.81
3831.2 179.96
3833.02 179.24
3835.1 30.59
3837.19 184.03
3839.01 41.16
3841.09 158.64
3843.17 26.08
3844.98 198.89
3847.07 178.1
3849.14 30.58
3851.22 113.21
3853.05 28.18
3855.13 161.11
3857.18 187.24
3859.26 34.98
3861.08 194.31
3863.16 41.3
3864.98 177.02
3867.06 108.36
3869.14 174.42
3871.22 192.8
3873.04 40.89
3875.12 175.36
3877.19 31.76
3879.0 169.91
3881.08 158.01
3883.17 31.35
3885.24 90.25
3887.07 41.18
3889.14 142.34
3890.98 30.63
3893.04 153.67
3895.12 183.53
3897.2 31.76
3899.28 139.34
3901.1 38.24
3903.18 143.49
3905.26 173.78
3907.08 159.49
3909.16 155.24
3911.24 31.62
3913.06 162.75
3915.14 41.53
3917.22 162.76
3919.04 171.14
3921.12 33.67
3923.2 180.49
3925.28 38.83
3927.1 185.93
3929.18 191.02
3931.26 40.73
3933.08 156.69
3935.16 43.02
3937.24 166.85
3939.08 28.01
3941.14 178.98
3943.22 191.12
3945.29 25.51
3947.12 170.61
3949.2 23.88
3951.28 156.51
3953.1 163.22
3955.18 28.61
3957.26 169.42
3959.34 43.84
3961.16 172.37
3963.22 29.38
3965.3 161.59
3967.13 161.64
3969.21 29.47
3971.28 172.83
3973.37 25.44
3975.19 180.75
3977.26 200.83
3979.34 154.63
3981.17 166.92
3983.24 30.96
3985.32 136.88
3987.14 31.99
3989.22 172.23
3991.3 162.3
3993.12 31.21
3995.2 162.45
3997.28 29.87
3999.1 166.77
4001.18 172.47
4003.27 31.54
4005.34 236.86
4007.16 29.23
4009.24 168.4
4011.32 30.32
4013.4 98.22
4015.22 157.99
4017.3 24.54
4019.38 152.58
4021.2 30.72
4023.28 174.36
4025.36 183.57
4027.17 147.83
4029.24 169.68
4031.32 20.98
4033.14 164.76
4035.22 29.73
4037.3 189.11
4039.38 167.57
4041.2 25.12
4043.28 186.4
4045.36 39.47
4047.18 161.69
4049.26 175.12
4051.34 175.49
4053.4 123.12
4055.22 29.17
4057.3 135.21
4059.38 23.98
4061.46 155.88
4063.28 181.99
4065.36 24.56
4067.44 156.16
4069.26 41.25
4071.34 179.21
4073.42 161.34
4075.24 39.96
4077.32 192.4
4079.4 30.25
4081.22 181.28
4083.3 29.74
4085.38 165.62
4087.2 186.25
4089.28 30.96
4091.36 159.0
4093.44 41.84
4095.26 175.32
4097.34 165.79
4099.42 189.45
4101.24 159.28
4103.32 37.62
4105.4 167.39
4107.48 28.64
4109.3 157.83
4111.38 164.19
4113.46 26.45
4115.28 163.6
4117.36 31.71
4119.42 171.12
4121.24 162.73
4123.32 30.75
4125.4 155.51
4127.48 31.14
4129.28 202.87
4131.36 26.27
4133.44 170.64
4135.26 164.87
4137.34 31.74
4139.42 153.12
4141.5 43.1
4143.32 151.75
4145.4 133.9
4147.48 150.67
4149.3 159.26
4151.38 30.73
4153.46 164.03
4155.54 30.12
4157.36 151.73
4159.44 156.78
4161.52 29.84
4163.34 166.7
4165.42 26.43
4167.48 163.81
4169.28 168.77
4171.36 208.38
4173.44 188.49
4175.51 38.57
4177.34 211.54
4179.42 30.86
4181.5 139.26
4183.3 161.36
4185.36 19.5
4187.44 158.53
4189.52 31.38
4191.34 163.28
4193.42 143.4
4195.5 172.68
4197.58 160.38
4199.4 25.11
4201.46 195.68
4203.52 31.59
4205.34 173.67
4207.42 177.82
4209.5 31.62
4211.32 190.28
4213.4 29.53
4215.48 172.65
4217.34 31.44
4219.4 173.1
4221.48 154.67
4223.54 40.63
4225.36 168.33
4227.43 29.32
4229.52 177.43
4231.58 196.43
4233.4 31.85
4235.48 146.56
4237.57 29.33
4239.38 193.26
4241.46 190.59
4243.54 141.8
4245.37 187.15
4247.45 176.96
4249.5 183.08
4251.58 32.6
4253.4 178.85
4255.48 187.01
4257.56 43.14
4259.38 181.11
4261.45 42.78
4263.54 171.8
4265.62 41.99
4267.44 167.07
4269.52 193.01
4271.6 27.39
4273.42 186.37
4275.5 39.31
4277.58 183.44
4279.66 172.75
4281.48 158.7
4283.54 186.41
4285.61 26.54
4287.42 181.3
4289.51 174.43
4291.58 162.79
4293.66 84.78
4295.48 30.24
4297.56 176.71
4299.64 43.96
4301.46 190.03
4303.54 192.16
4305.62 32.54
4307.42 107.66
4309.5 41.58
4311.58 165.64
4313.66 30.74
4315.48 181.68
4317.56 170.58
4319.62 30.62
4321.7 155.16
4323.54 29.08
4325.62 173.57
4327.69 170.05
4329.52 163.19
4331.6 170.46
4333.68 23.92
4335.5 159.4
4337.58 42.25
4339.66 167.16
4341.48 144.78
4343.54 31.16
4345.62 167.47
4347.7 43.14
4349.54 184.22
4351.62 179.74
4353.7 120.25
4355.52 174.61
4357.6 42.41
4359.68 217.75
4361.52 29.69
4363.58 187.21
4365.66 175.18
4367.73 38.76
4369.54 148.77
4371.62 30.76
4373.7 115.47
4375.52 172.27
4377.6 31.46
4379.7 169.72
4381.52 31.72
4383.6 140.93
4385.68 29.19
4387.76 137.41
4389.58 159.82
4391.66 30.2
4393.74 181.5
4395.56 42.06
4397.64 151.26
4399.72 123.85
4401.54 31.36
4403.62 162.28
4405.7 30.33
4407.52 175.83
4409.6 27.99
4411.66 170.56
4413.75 180.91
4415.56 23.43
4417.64 82.77
4419.72 23.98
4421.8 171.27
4423.62 99.42
4425.7 143.11
4427.78 164.43
4429.6 27.51
4431.68 176.23
4433.76 29.64
4435.57 169.64
4437.66 184.02
4439.74 30.36
4441.56 176.21
4443.64 32.02
4445.7 157.96
4447.78 182.07
4449.6 48.63
4451.68 173.66
4453.76 30.54
4455.58 182.07
4457.66 42.75
4459.74 175.44
4461.82 158.27
4463.64 27.1
4465.72 180.25
4467.79 30.76
4469.62 163.94
4471.69 184.65
4473.78 156.06
4475.59 171.93
4477.68 28.55
4479.74 173.45
4481.82 29.74
4483.64 165.5
4485.7 155.87
4487.78 31.27
4489.86 162.47
4491.68 30.44
4493.76 175.49
4495.84 177.51
4497.66 152.25
4499.74 155.5
4501.82 30.78
4503.64 169.17
4505.7 30.68
4507.78 174.57
4509.86 158.61
4511.68 29.91
4513.74 185.69
4515.82 40.71
4517.9 141.83
4519.72 168.19
4521.8 158.16
4523.62 171.04
4525.7 30.43
4527.78 182.16
4529.86 28.8
4531.68 156.48
4533.76 160.52
4535.84 24.88
4537.66 178.28
4539.74 31.76
4541.82 185.99
4543.64 166.34
4545.7 161.61
4547.78 172.01
4549.86 28.38
4551.68 177.14
4553.76 41.28
4555.84 166.44
4557.92 108.73
4559.74 27.17
4561.82 159.36
4563.9 30.8
4565.72 176.7
4567.8 175.31
4569.88 153.1
4571.7 157.49
4573.78 29.07
4575.86 173.04
4577.93 42.71
4579.76 175.3
4581.84 187.5
4583.91 37.05
4585.74 176.0
4587.81 27.94
4589.9 165.58
4591.72 178.83
4593.8 173.76
4595.88 187.94
4597.7 26.15
4599.78 150.13
4601.86 40.36
4603.94 165.61
4605.76 176.54
4607.82 43.25
4609.9 192.84
4611.98 31.4
4613.8 172.69
4615.88 159.14
4617.96 187.42
4619.78 162.93
4621.86 42.62
4623.94 185.02
4626.02 40.41
4627.84 158.21
4629.91 171.74
4631.99 42.73
4633.82 180.05
4635.9 30.41
4637.98 176.45
4639.8 161.34
4641.88 176.29
4643.94 166.09
4645.75 27.64
4647.84 169.48
4649.92 42.71
4652.0 174.34
4653.82 153.67
4655.9 29.83
4657.98 140.46
4659.8 30.11
4661.88 169.17
4663.96 30.14
4666.04 159.71
4667.86 147.76
4669.94 41.54
4672.0 173.45
4673.82 29.52
4675.91 164.23
4677.98 182.32
4679.8 155.84
4681.88 187.89
4683.96 28.38
4686.04 155.26
4687.86 162.61
4689.94 172.42
4692.02 172.59
4693.84 26.05
4695.92 154.51
4698.0 161.0
4700.08 187.9
4701.89 168.37
4703.97 38.94
4706.06 187.06
4707.87 28.93
4709.96 167.07
4712.03 41.93
4713.86 161.84
4715.94 98.02
4718.01 30.74
4720.09 168.36
4721.92 31.84
4724.0 168.67
4726.08 82.6
4727.9 188.86
4729.98 161.6
4732.05 30.16
4733.87 161.03
4735.95 26.52
4738.04 191.24
4740.1 178.13
4741.9 31.41
4743.98 169.02
4746.05 30.59
4747.88 180.2
4749.95 106.85
4752.04 29.33
4754.12 191.6
4755.93 29.34
4758.01 141.05
4760.09 29.93
4761.91 173.44
4763.99 166.47
4766.07 29.42
4767.89 177.34
4769.98 24.52
4772.06 202.95
4774.14 137.87
4775.96 118.76
4778.04 173.55
4780.12 40.49
4781.94 183.45
4784.02 24.49
4786.1 173.66
4787.92 178.78
4790.0 28.5
4792.07 178.4
4793.9 29.92
4795.97 167.32
4798.06 182.44
4800.14 32.28
4801.94 162.4
4804.04 23.09
4806.12 166.97
4807.94 23.69
4810.02 137.82
4812.1 169.5
4814.18 29.28
4815.99 162.42
4818.07 33.29
4820.16 167.03
4821.98 157.22
4824.05 31.46
4826.13 224.34
4827.96 30.6
4830.03 170.6
4832.11 26.14
4834.19 172.19
4836.01 165.13
4838.09 39.31
4840.17 152.16
4841.99 22.59
4844.07 166.04
4846.15 171.21
4848.24 171.83
4850.06 124.28
4852.13 29.45
4853.96 198.47
4856.02 25.0
4858.09 163.22
4860.17 179.08
4861.99 40.4
4864.07 162.51
4866.16 26.21
4868.23 150.06
4870.05 153.03
4872.12 177.01
4874.2 166.33
4876.01 31.24
4878.08 140.69
4880.16 27.59
4882.23 157.01
4884.05 177.62
4886.14 25.5
4888.21 179.39
4890.03 32.43
4892.12 167.1
4894.19 152.07
4896.02 159.11
4898.1 25.39
4900.18 29.04
4902.25 138.43
4904.06 30.96
4906.14 176.27
4908.22 161.99
4910.04 30.17
4912.12 190.79
4914.2 30.7
4916.02 194.11
4918.09 216.2
4920.18 37.55
4922.25 163.11
4924.07 30.37
4926.14 160.41
4928.22 37.53
4930.04 171.38
4932.12 197.39
4934.2 30.86
4936.27 187.44
4938.1 18.99
4940.17 113.51
4942.25 205.8
4944.08 125.07
4946.15 200.53
4948.24 32.29
4950.31 157.49
4952.13 31.92
4954.22 192.46
4956.28 202.78
4958.1 29.59
4960.18 183.57
4962.26 42.97
4964.08 18.06
4966.15 5.79
4968.23 173.0
4970.31 195.85
4972.13 42.66
4974.21 176.06
4976.3 29.93
4978.12 72.39
4980.2 109.25
4982.28 31.44
4984.09 183.65
4986.18 40.93
4988.26 167.59
4990.11 31.11
4992.17 178.16
4994.25 158.52
4996.32 27.98
4998.14 140.58
5000.23 25.46
5002.3 163.15
5004.12 130.59
5006.2 29.56
5008.28 108.7
5010.36 28.29
5012.18 195.47
5014.26 178.13
5016.34 173.12
5018.16 156.88
5020.23 29.27
5022.31 176.63
5024.4 25.76
5026.21 51.92
5028.29 43.34
5030.37 31.46
5032.2 97.49
5034.26 33.9
5036.35 166.35
5038.17 158.53
5040.25 180.07
5042.33 187.66
5044.16 24.56
5046.22 126.72
5048.3 41.92
5050.38 163.02
5052.2 171.75
5054.28 31.11
5056.36 102.0
5058.18 41.85
5060.25 214.33
5062.33 27.4
5064.41 190.94
5066.23 151.5
5068.32 32.29
5070.4 110.33
5072.22 24.47
5074.29 206.22
5076.37 179.81
5078.19 30.11
5080.27 109.83
5082.35 27.78
5084.42 169.99
5086.24 162.18
5088.32 44.5
5090.4 188.99
5092.48 28.46
5094.29 177.56
5096.37 40.64
5098.45 182.92
5100.27 160.54
5102.35 38.21
5104.43 132.59
5106.26 26.57
5108.34 176.05
5110.41 26.47
5112.23 159.17
5114.31 180.84
5116.39 28.99
5118.47 111.59
5120.29 31.45
5122.37 178.1
5124.45 170.15
5126.27 165.44
5128.35 163.67
5130.43 29.42
5132.51 177.75
5134.33 19.91
5136.41 157.3
5138.49 152.55
5140.31 31.5
5142.39 144.74
5144.46 41.11
5146.28 162.58
5148.36 133.15
5150.44 24.82
5152.52 183.0
5154.34 21.6
5156.42 183.05
5158.27 31.59
5160.33 185.03
5162.4 159.38
5164.47 30.03
5166.52 188.8
5168.33 29.31
5170.41 180.6
5172.49 182.04
5174.31 160.92
5176.4 171.26
5178.47 31.3
5180.55 148.47
5182.38 32.05
5184.45 196.0
5186.53 162.95
5188.35 45.28
5190.43 167.72
5192.51 31.71
5194.33 177.6
5196.41 177.93
5198.49 42.65
5200.3 155.84
5202.38 30.5
5204.46 174.99
5206.54 28.5
5208.36 170.13
5210.44 114.52
5212.52 29.99
5214.33 177.92
5216.41 42.38
5218.49 179.47
5220.58 161.71
5222.39 87.14
5224.47 97.25
5226.55 32.41
5228.37 171.85
5230.45 39.04
5232.49 125.02
5234.57 168.59
5236.38 28.49
5238.46 180.46
5240.54 42.88
5242.36 176.55
5244.44 178.01
5246.52 170.45
5248.6 189.83
5250.42 31.59
5252.5 173.46
5254.58 26.86
5256.41 159.78
5258.47 183.0
5260.55 42.53
5262.63 171.94
5264.44 17.97
5266.53 154.75
5268.6 152.94
5270.42 177.27
5272.49 184.31
5274.57 29.38
5276.39 162.56
5278.47 24.32
5280.55 165.17
5282.63 178.4
5284.44 27.08
5286.52 159.21
5288.6 30.88
5290.42 98.42
5292.5 168.65
5294.58 160.11
5296.64 131.51
5298.47 24.92
5300.55 71.27
5302.63 43.55
5304.45 190.25
5306.53 155.37
5308.61 40.32
5310.43 184.19
5312.51 31.61
5314.59 150.51
5316.67 192.53
5318.49 170.9
5320.57 205.13
5322.65 23.17
5324.47 181.48
5326.55 29.93
5328.62 175.34
5330.68 183.92
5332.5 30.62
5334.58 154.35
5336.66 25.21
5338.48 152.22
5340.57 174.57
5342.64 166.26
5344.46 171.87
5346.53 30.64
5348.61 186.61
5350.69 41.4
5352.51 159.56
5354.6 186.3
5356.67 29.1
5358.49 161.43
5360.57 24.7
5362.65 157.86
5364.47 192.21
5366.55 174.05
5368.63 189.25
5370.71 30.99
5372.53 101.06
5374.61 30.47
5376.69 166.09
5378.51 151.25
5380.59 29.22
5382.67 170.92
5384.75 25.98
5386.57 153.58
5388.6 168.95
5390.65 176.53
5392.65 172.4
5394.69 28.25
5396.72 137.5
5398.52 30.42
5400.55 161.22
5402.55 151.3
5404.55 38.02
5406.56 175.42
5408.59 42.5
5410.62 188.81
5412.66 184.42
5414.69 174.99
5416.71 170.12
5418.74 31.45
5420.55 187.65
5422.63 30.63
5424.71 181.71
5426.75 169.9
5428.54 185.08
5430.62 208.25
5432.7 42.67
5434.78 161.01
5436.6 176.48
5438.68 147.13
5440.75 185.29
5442.57 28.55
5444.65 152.36
5446.73 30.38
5448.81 187.18
5450.62 188.14
5452.7 40.64
5454.78 170.91
5456.61 40.66
5458.69 176.07
5460.77 30.89
5462.59 199.64
5464.66 164.2
5466.73 41.31
5468.81 193.17
5470.63 41.97
5472.71 10.56
5474.79 166.94
5476.61 144.7
5478.69 171.92
5480.77 29.69
5482.85 173.22
5484.67 141.35
5486.75 153.88
5488.83 163.78
5490.65 25.55
5492.73 174.08
5494.81 38.91
5496.62 179.32
5498.71 210.07
5500.79 24.69
5502.87 153.22
5504.69 30.73
5506.77 166.29
5508.62 40.59
5510.67 156.16
5512.75 138.22
5514.83 31.23
5516.65 153.32
5518.74 27.6
5520.81 171.68
5522.89 199.52
5524.7 185.24
5526.77 164.15
5528.85 42.23
5530.67 166.16
5532.75 30.62
5534.83 166.52
5536.65 186.54
5538.73 30.36
5540.81 155.78
5542.89 27.66
5544.71 166.38
5546.79 167.58
5548.85 207.91
5550.93 152.89
5552.75 43.12
5554.83 166.77
5556.65 154.01
5558.71 180.04
5560.77 178.25
5562.85 29.04
5564.66 202.97
5566.74 32.18
5568.82 170.24
5570.9 169.32
5572.72 168.79
5574.79 126.82
5576.87 24.75
5578.69 154.93
5580.77 39.71
5582.85 158.96
5584.93 184.72
5586.75 29.85
5588.83 171.64
5590.9 30.61
5592.69 162.63
5594.76 179.1
5596.82 162.59
5598.9 186.4
5600.72 31.44
5602.79 113.67
5604.87 29.82
5606.95 161.19
5608.77 153.06
5610.85 31.62
5612.93 185.75
5614.75 30.65
5616.83 160.07
5618.91 161.67
5620.73 117.54
5622.79 173.68
5624.85 31.7
5626.93 159.98
5628.99 38.27
5630.8 170.56
5632.88 165.29
5634.97 30.88
5636.79 172.02
5638.87 40.82
5640.95 98.86
5642.77 126.47
5644.85 24.55
5646.94 160.15
5649.0 24.91
5650.82 155.46
5652.9 31.71
5654.98 157.36
5656.77 163.08
5658.83 42.04
5660.91 172.31
5662.99 21.44
5664.81 160.4
5666.89 194.6
5668.97 168.1
5670.79 176.5
5672.87 30.89
5674.95 168.44
5677.03 30.22
5678.85 180.04
5680.93 160.73
5683.01 22.96
5684.83 64.38
5686.91 31.37
5688.99 68.8
5690.81 163.38
5692.88 138.84
5694.96 107.29
5697.04 29.84
5698.86 138.12
5700.93 19.75
5703.01 164.55
5704.83 170.13
5706.91 38.19
5708.99 175.38
5710.81 28.19
5712.89 193.05
5714.97 198.48
5717.04 204.07
5718.85 162.52
5720.94 29.15
5722.99 128.63
5725.07 25.53
5726.89 173.16
5728.96 171.54
5731.04 29.76
5732.86 97.61
5734.94 30.39
5737.01 180.66
5739.09 162.19
5740.91 154.57
5742.99 198.28
5745.07 40.81
5746.89 174.59
5748.97 29.68
5751.05 161.24
5753.12 182.47
5754.92 30.01
5756.99 210.44
5759.07 23.6
5760.89 173.27
5762.97 157.4
5765.05 144.66
5767.13 189.28
5768.95 29.89
5771.03 166.13
5773.11 39.93
5774.93 170.69
5777.01 176.83
5779.09 30.12
5781.17 172.03
5782.99 24.18
5785.07 179.58
5786.92 42.76
5788.95 159.21
5791.03 181.17
5793.1 30.14
5794.92 164.95
5797.0 29.39
5799.08 186.04
5801.15 161.32
5802.97 144.29
5805.05 172.41
5807.13 30.27
5808.95 172.09
5811.03 174.16
5813.11 158.61
5814.93 161.05
5817.01 36.61
5819.07 160.46
5821.13 28.99
5822.95 93.63
5825.03 103.51
5827.11 31.17
5829.19 134.54
5831.01 29.35
5833.09 159.65
5835.17 24.65
5836.99 149.52
5839.07 141.94
5841.15 20.22
5842.97 90.85
5845.05 31.41
5847.13 171.94
5848.95 152.94
5851.03 30.7
5853.11 151.34
5855.19 29.68
5857.01 167.19
5859.09 30.22
5861.17 168.62
5862.99 166.76
5865.07 41.52
5867.15 115.34
5869.23 28.69
5871.05 178.99
5873.13 160.37
5875.21 31.32
5877.04 160.24
5879.12 38.26
5881.2 153.87
5883.02 165.39
5885.09 173.51
5887.17 102.03
5889.25 24.13
5891.07 165.52
5893.15 30.58
5895.23 164.27
5897.05 171.86
5899.13 31.25
5901.21 193.22
5903.03 10.66
5905.11 125.37
5907.19 40.11
5909.01 192.31
5911.09 187.4
5913.17 29.93
5915.25 172.07
5917.08 31.44
5919.1 125.67
5921.18 169.35
5923.25 25.36
5925.06 179.76
5927.14 25.15
5929.21 152.59
5931.03 149.11
5933.11 149.07
5935.19 162.59
5937.27 30.8
5939.09 97.69
5941.17 40.92
5943.25 159.23
5945.07 165.67
5947.14 30.42
5949.22 179.46
5951.29 42.53
5953.11 180.91
5955.19 26.9
5957.27 154.33
5959.09 158.61
5961.17 27.87
5963.24 163.9
5965.3 41.97
5967.11 153.67
5969.18 79.5
5971.26 30.58
5973.08 180.67
5975.18 28.91
5977.25 165.62
5979.1 28.98
5981.15 177.91
5983.24 166.12
5985.3 15.67
5987.13 172.55
5989.21 41.21
5991.29 162.71
5993.11 156.75
5995.19 30.09
5997.27 210.09
5999.09 41.93
6001.17 158.26
6003.25 31.38
6005.33 172.12
6007.15 161.75
6009.22 28.25
6011.3 206.05
6013.12 30.68
6015.19 159.75
6017.27 167.65
6019.35 37.55
6021.17 184.45
6023.21 37.67
6025.29 162.03
6027.37 30.14
6029.19 176.33
6031.27 166.19
6033.35 38.33
6035.17 183.77
6037.25 31.0
6039.32 150.42
6041.4 172.81
6043.22 156.86
6045.3 193.56
6047.39 31.0
6049.21 141.37
6051.29 42.89
6053.37 179.48
6055.18 9.73
6057.26 29.78
6059.33 183.54
6061.41 40.82
6063.23 179.1
6065.31 177.46
6067.39 197.88
6069.21 173.42
6071.29 42.81
6073.37 180.77
6075.19 24.57
6077.27 155.25
6079.35 183.28
6081.44 31.81
6083.25 119.11
6085.33 30.58
6087.4 198.71
6089.22 148.24
6091.29 192.22
6093.37 142.11
6095.45 27.03
6097.27 149.13
6099.35 27.38
6101.43 189.22
6103.26 151.39
6105.34 29.16
6107.42 192.05
6109.23 42.93
6111.31 204.62
6113.37 156.15
6115.41 207.49
6117.23 182.8
6119.31 29.82
6121.39 180.84
6123.47 30.82
6125.29 187.25
6127.37 183.01
6129.45 30.03
6131.27 178.95
6133.35 42.92
6135.43 173.77
6137.25 106.53
6139.33 114.76
6141.41 183.61
6143.49 39.97
6145.3 166.19
6147.36 30.64
6149.43 183.24
6151.51 171.23
6153.33 30.41
6155.42 161.4
6157.49 25.25
6159.31 161.29
6161.39 170.61
6163.47 119.68
6165.29 142.2
6167.37 24.24
6169.45 141.03
6171.53 30.81
6173.35 175.0
6175.43 182.92
6177.51 28.97
6179.32 89.92
6181.39 28.54
6183.47 165.5
6185.32 38.82
6187.37 167.13
6189.44 161.06
6191.52 41.15
6193.34 181.41
6195.42 30.83
6197.5 164.45
6199.31 186.73
6201.39 28.64
6203.47 147.05
6205.55 30.21
6207.36 176.57
6209.44 184.5
6211.51 178.66
6213.55 180.08
