0 14.0
1 34.875
2 64.5
3 47.0
4 0.375
5 14.875
6 13.25
7 75.5
8 89.875
9 110.625
10 44.0
11 12.125
12 12.0
13 62.625
14 65.625
15 18.5
16 15.875
17 12.25
18 14.25
19 14.5
20 15.5
21 14.0
22 15.125
23 11.875
24 12.25
25 11.5
26 14.625
27 14.25
28 23.75
29 46.25
30 39.625
31 46.625
32 40.25
33 44.125
34 19.125
35 0.75
36 15.5
37 12.375
38 2.5
39 0.875
40 1.125
41 9.5
42 15.375
43 16.625
44 25.75
45 31.125
46 41.625
47 54.0
48 79.375
49 60.875
50 68.125
51 64.625
52 82.5
53 68.25
54 57.125
55 52.875
56 73.125
57 36.125
58 0.875
59 2.25
60 0.125
61 1.25
62 1.625
63 2.5
64 6.125
65 9.625
66 13.875
67 11.125
68 13.5
69 12.125
70 14.375
71 9.875
72 14.125
73 12.875
74 12.625
75 15.0
76 15.5
77 15.625
78 15.625
79 13.125
80 33.75
81 27.25
82 22.75
83 20.25
84 5.75
85 7.125
86 10.75
87 15.5
88 11.5
89 79.125
90 83.125
91 87.25
92 101.625
93 111.375
94 99.125
95 103.625
96 20.125
97 113.5
98 122.0
99 127.5
100 126.25
101 126.25
102 126.25
103 119.375
104 126.25
105 122.0
106 123.875
107 124.5
108 128.75
109 126.25
110 128.75
111 124.25
112 127.5
113 123.0
114 122.0
115 128.75
116 128.75
117 123.25
118 127.5
119 131.25
120 126.25
121 124.375
122 125.0
123 125.0
124 114.75
125 128.75
126 119.125
127 112.75
128 122.0
129 112.25
130 120.75
131 131.25
132 121.0
133 143.75
134 135.0
135 115.5
136 157.5
137 128.75
138 9.75
139 15.125
140 14.5
141 10.625
142 15.5
143 90.0
144 99.25
145 81.125
146 63.25
147 73.0
148 48.625
149 23.0
150 80.625
151 6.75
152 1.375
153 3.25
154 14.5
155 13.625
156 13.5
157 81.125
158 67.875
159 79.5
160 86.75
161 63.125
162 98.125
163 100.625
164 103.0
165 108.75
166 50.625
167 11.625
168 11.0
169 107.875
170 44.25
171 94.25
172 167.5
173 165.0
174 158.75
175 180.0
176 176.25
177 217.5
178 193.75
179 211.25
180 150.0
181 177.5
182 138.75
183 122.75
184 125.0
185 82.875
186 112.625
187 66.625
188 85.0
189 91.125
190 76.125
191 2.75
192 15.625
193 13.875
194 14.75
195 14.75
196 14.375
197 14.5
198 13.875
199 12.0
200 14.0
201 10.75
202 79.75
203 109.0
204 85.625
205 72.75
206 1.625
207 1.5
208 9.125
209 12.625
210 49.375
211 83.5
212 100.25
213 72.625
214 75.5
215 40.75
216 34.375
217 26.5
218 16.0
219 2.625
220 2.0
221 5.25
222 8.875
223 5.125
224 3.5
225 3.375
226 14.0
227 15.5
228 14.125
229 14.75
230 19.375
231 23.375
232 23.0
233 22.375
234 24.75
235 10.125
236 10.75
237 14.75
238 14.0
239 14.375
240 13.0
241 15.5
242 13.0
243 19.875
244 12.375
245 9.75
246 11.25
247 13.0
248 15.5
249 13.5
250 13.75
251 22.125
252 13.25
253 16.875
254 18.125
255 26.75
256 14.75
257 11.25
258 14.5
259 14.0
260 18.625
261 14.375
262 12.25
263 43.625
264 45.625
265 45.25
