0 11.0
1 32.125
2 62.125
3 86.375
4 73.5
5 5.5
6 7.0
7 12.375
8 12.25
9 6.0
10 12.875
11 13.0
12 95.125
13 108.125
14 56.625
15 8.25
16 13.5
17 14.125
18 13.5
19 13.0
20 14.625
21 12.0
22 14.625
23 10.0
24 14.125
25 12.75
26 9.75
27 15.5
28 48.875
29 54.5
30 51.625
31 61.625
32 64.875
33 8.75
34 12.375
35 14.875
36 2.125
37 0.875
38 2.0
39 2.25
40 6.0
41 6.375
42 7.625
43 15.125
44 13.5
45 12.125
46 15.0
47 10.25
48 28.625
49 25.625
50 19.625
51 4.25
52 13.25
53 2.625
54 7.25
55 4.125
56 3.375
57 3.5
58 6.625
59 11.375
60 15.375
61 15.625
62 15.25
63 13.125
64 14.25
65 12.625
66 12.75
67 15.5
68 38.5
69 42.125
70 36.25
71 13.125
72 14.625
73 13.375
74 13.75
75 13.625
76 14.375
77 15.375
78 11.125
79 11.875
80 13.375
81 12.625
82 13.25
83 15.375
84 10.375
85 12.75
86 11.5
87 10.625
88 14.25
89 61.5
90 88.75
91 103.5
92 108.5
93 93.5
94 105.875
95 11.625
96 15.0
97 15.25
98 81.875
99 28.0
100 15.625
101 15.25
102 13.125
103 81.375
104 77.875
105 50.0
106 21.875
107 8.875
108 10.75
109 12.5
110 9.5
111 15.125
112 11.0
113 12.75
114 72.625
115 76.0
116 81.625
117 86.25
118 87.375
119 89.0
120 43.75
121 5.0
122 9.875
123 14.5
124 161.25
125 153.75
126 168.75
127 95.875
128 130.0
129 75.125
130 73.0
131 102.75
132 51.75
133 1.25
134 13.25
135 13.125
136 13.25
137 2.0
138 0.875
139 8.125
140 6.0
141 1.625
142 14.375
143 3.0
144 5.875
145 6.25
146 16.875
147 15.625
148 26.0
149 25.75
150 36.375
151 36.875
152 42.0
153 44.875
154 45.125
155 42.375
156 47.125
157 9.125
158 13.125
159 16.25
160 14.875
161 15.5
162 38.125
163 54.5
164 57.875
165 69.875
166 67.125
167 89.875
168 96.25
169 96.875
170 127.5
171 127.5
172 94.875
173 161.25
174 176.25
175 155.0
176 180.0
177 4.375
178 23.75
179 14.25
180 131.25
181 172.5
182 101.625
183 56.125
184 0.125
185 4.625
186 14.625
187 15.125
188 39.75
189 35.125
190 75.25
191 79.75
192 80.5
193 43.75
194 88.125
195 2.875
196 14.0
197 15.375
198 14.5
199 12.625
200 14.125
201 13.5
202 13.625
203 14.125
204 13.5
205 15.625
206 14.0
207 14.125
208 11.75
209 14.875
210 11.125
211 15.125
212 13.875
213 15.25
214 123.375
215 116.375
216 130.0
217 120.5
218 148.75
219 162.5
220 153.75
221 39.625
222 16.625
223 13.5
224 21.375
225 34.25
226 11.75
227 6.75
228 2.5
229 3.5
230 17.5
231 12.5
232 12.75
233 79.25
234 87.125
235 102.25
236 117.5
237 114.5
238 130.0
239 163.75
240 165.0
241 157.5
242 131.25
