0.0 20.75
0.51 79.34
1.55 2.4
3.89 1.74
5.55 9.14
7.55 10.58
9.55 13.31
11.55 19.35
13.55 7.0
15.55 8.8
17.55 15.64
19.55 9.0
21.55 11.53
23.55 6.2
25.55 5.19
27.55 10.69
29.55 8.33
31.55 6.87
33.55 2.06
35.55 14.66
37.55 19.8
39.55 19.82
41.55 19.83
43.55 10.52
45.55 0.88
47.55 38.47
49.55 39.26
51.55 13.34
53.55 11.24
55.55 12.01
57.55 10.72
59.55 13.66
61.55 9.11
63.55 10.28
65.55 8.73
67.55 11.51
69.55 50.57
71.55 21.36
73.55 4.88
75.55 10.54
77.55 52.18
79.55 72.23
81.55 58.62
83.55 77.26
85.55 77.26
87.55 77.26
89.55 77.26
91.55 77.26
93.55 77.26
95.55 77.26
97.55 77.26
99.55 77.26
101.55 61.99
103.55 61.99
105.55 61.99
107.55 6.69
109.55 4.4
111.55 112.46
113.55 131.71
115.55 10.68
117.55 3.82
119.55 32.46
121.55 8.97
123.55 126.54
125.55 8.83
127.55 35.91
129.55 2.82
131.55 31.35
133.55 28.13
135.55 11.72
137.55 12.46
139.55 8.97
141.55 42.46
143.55 17.6
145.55 11.48
147.55 35.29
149.55 10.92
151.55 42.8
153.55 57.01
155.55 60.84
157.55 0.15
159.55 89.64
161.55 93.58
163.55 86.01
165.55 86.01
167.55 75.5
169.55 106.41
171.55 92.68
173.55 8.89
175.55 0.15
177.55 131.12
179.55 1.52
181.55 69.79
183.55 10.61
185.55 78.69
187.55 11.52
189.55 91.29
191.55 70.9
193.55 11.27
195.55 65.74
197.55 65.74
199.55 65.74
201.55 65.74
203.55 65.74
205.55 65.74
207.55 68.56
209.55 83.57
211.55 99.93
213.55 19.71
215.55 111.98
217.55 2.28
219.55 0.68
221.55 9.77
223.55 90.24
225.55 6.04
227.55 168.31
229.55 182.47
231.55 9.03
233.55 141.26
235.96 8.66
237.96 116.18
239.97 112.09
241.96 4.59
243.96 182.35
245.96 9.03
247.96 138.13
249.64 8.64
251.96 187.74
253.96 165.4
255.97 10.29
257.97 179.37
259.97 10.1
261.97 168.31
263.97 5.75
265.97 179.59
267.97 127.3
269.97 8.61
271.97 1.64
273.64 8.7
275.98 0.04
277.98 127.82
279.98 8.86
281.98 151.79
283.98 10.89
285.98 160.08
287.98 164.28
289.98 171.61
291.98 6.16
293.98 7.77
295.99 4.98
297.65 8.68
299.99 213.81
301.99 219.47
303.99 0.15
305.99 27.53
307.99 10.72
309.99 187.27
311.99 78.4
313.99 9.78
316.01 207.18
318.0 7.65
320.0 202.3
321.65 8.4
324.0 203.99
326.0 140.74
328.0 2.41
330.0 1.35
331.8 11.15
334.0 1.45
335.8 215.57
337.8 13.32
339.8 31.75
341.8 2.15
343.8 17.5
345.8 33.48
347.8 19.81
349.8 3.24
351.8 30.5
353.8 2.13
355.8 59.0
357.8 59.0
359.8 59.0
361.8 46.44
363.8 4.28
365.8 9.06
367.8 17.32
369.8 20.77
371.8 44.5
373.8 13.0
375.8 1.22
377.8 117.72
379.8 43.86
381.8 2.77
383.8 32.09
385.8 13.23
387.8 107.97
389.8 50.84
391.8 80.99
393.8 75.09
395.8 23.96
397.8 3.11
399.8 39.53
401.8 2.17
403.8 32.09
405.8 32.09
407.8 32.09
409.8 0.16
411.8 29.15
413.8 29.15
415.8 29.15
417.8 29.15
419.8 29.15
421.8 34.84
423.8 2.84
425.8 24.78
427.8 24.78
429.8 14.76
431.8 11.91
433.8 10.01
435.8 5.35
437.8 3.85
439.8 2.58
441.8 15.61
443.8 14.85
445.8 6.01
447.8 1.62
449.8 5.96
451.8 7.36
454.27 14.78
456.14 8.12
457.8 0.15
459.8 19.54
461.8 12.23
463.8 15.16
465.8 26.37
467.8 13.72
469.8 16.62
471.8 12.45
473.8 5.76
475.8 12.38
477.8 2.39
479.8 14.38
481.8 14.23
483.8 6.59
486.09 19.37
488.09 20.94
490.09 24.28
492.09 35.77
494.09 26.85
496.09 26.85
498.09 26.85
500.09 26.72
502.09 50.79
504.1 4.48
506.1 0.65
508.1 4.83
510.1 12.54
512.1 0.22
514.1 17.18
516.1 0.66
518.1 4.75
520.1 49.89
522.1 2.72
524.11 9.41
526.11 163.26
527.89 8.68
530.11 18.34
532.11 156.76
534.11 11.34
536.11 152.98
538.11 11.35
540.12 163.04
542.13 163.73
544.12 8.01
546.12 114.21
548.12 10.16
550.12 0.04
552.12 0.04
554.12 22.32
556.12 189.32
558.12 10.08
560.12 117.06
562.13 8.96
564.13 172.41
566.13 20.38
568.13 8.68
570.13 190.39
572.13 203.43
574.13 7.41
576.13 154.51
578.13 119.89
580.14 205.73
582.14 11.56
584.14 5.04
586.14 8.71
