0.0 6.49
1.23 6.41
2.31 3.4
2.99 5.56
3.61 6.75
4.36 0.16
5.02 4.66
5.7 4.59
6.32 6.89
8.35 3.21
10.63 8.09
13.1 0.33
15.1 4.07
17.37 7.96
19.35 8.19
21.6 4.94
24.11 7.98
26.11 6.94
28.35 7.4
30.42 2.85
32.6 7.83
34.61 8.04
37.12 6.07
39.35 7.25
41.35 8.1
43.85 5.7
45.9 5.98
48.11 7.02
50.1 5.52
52.35 5.88
54.85 8.2
56.85 5.01
59.12 7.82
61.1 5.04
63.35 3.36
65.35 6.39
67.88 8.09
70.18 0.92
72.15 2.21
74.37 4.0
76.36 4.13
78.86 0.91
80.72 0.01
83.12 0.78
85.37 2.36
87.39 2.61
89.86 3.27
91.9 3.55
94.13 2.84
96.13 5.06
98.64 2.48
100.8 1.88
102.85 2.55
105.12 4.6
107.12 3.74
109.61 3.32
111.6 4.55
113.85 3.01
115.87 1.72
118.1 7.5
120.61 5.32
122.6 6.82
124.87 8.57
126.76 4.89
129.1 6.55
131.1 3.62
133.6 3.69
135.85 8.26
137.86 3.75
140.1 5.75
142.1 2.6
144.6 5.16
146.6 6.28
148.85 8.3
150.85 6.58
153.11 5.02
155.6 5.79
157.53 1.47
159.85 5.04
161.85 1.66
164.36 3.62
166.37 4.63
168.6 3.57
170.86 5.73
172.85 8.05
175.36 0.61
177.37 4.92
179.52 4.89
181.6 5.62
183.86 5.05
186.35 4.08
188.39 2.73
190.67 1.43
192.61 1.9
194.85 4.33
196.86 4.86
199.37 5.46
201.35 6.38
203.64 3.66
205.86 6.29
207.86 5.99
210.35 7.77
212.35 8.15
214.6 5.62
216.6 7.01
219.11 7.49
221.35 4.95
223.35 2.35
225.6 3.0
227.6 0.24
230.12 3.33
232.1 6.5
234.35 10.42
236.6 9.14
238.62 0.33
241.1 2.95
243.1 0.21
245.35 2.73
247.46 6.09
249.6 7.41
252.11 2.58
254.12 7.87
256.35 6.53
258.36 8.33
260.86 2.68
262.85 3.96
265.11 4.04
267.35 6.53
269.32 5.05
271.87 5.6
273.85 4.37
276.1 5.21
278.1 3.93
280.36 5.97
282.86 5.4
284.69 7.3
287.14 0.31
289.99 1.44
291.92 3.8
293.38 0.35
295.86 0.39
298.1 5.42
300.1 1.26
302.35 4.97
304.35 5.67
306.6 7.26
308.6 4.3
311.05 4.0
313.45 4.75
315.41 1.49
317.9 2.87
319.86 2.04
322.15 3.48
324.14 1.96
326.37 1.1
328.7 1.78
331.5 0.9
334.63 1.56
337.86 1.43
339.75 3.93
341.09 3.65
342.58 3.41
344.14 4.52
346.04 5.14
348.36 4.22
350.37 2.56
352.86 2.93
355.06 4.67
357.47 2.43
360.08 2.19
361.64 7.04
363.86 6.87
365.85 3.63
368.12 6.77
370.35 1.13
372.36 5.02
374.6 9.2
376.6 7.32
379.14 7.26
381.1 5.66
383.35 3.87
385.63 3.73
387.6 6.73
390.11 1.72
392.13 1.2
394.35 1.47
396.38 1.17
398.6 5.72
401.11 5.53
403.11 5.51
405.35 4.52
407.38 7.86
409.61 2.23
411.6 7.36
414.11 4.37
416.16 5.06
418.68 1.93
420.91 8.16
422.6 3.52
425.1 8.89
427.1 3.03
429.35 4.43
432.01 7.23
433.63 4.13
436.1 2.22
438.12 8.1
440.36 0.93
442.36 3.9
444.61 2.32
446.61 5.66
449.1 7.21
451.1 5.6
453.35 0.29
455.6 4.66
457.6 0.73
460.1 0.27
462.21 5.57
464.35 2.09
466.35 8.72
468.6 6.95
471.1 3.03
473.11 2.59
475.35 5.5
477.35 5.35
479.61 1.98
481.61 4.3
483.98 6.74
486.36 1.72
488.38 7.31
490.6 5.51
492.6 5.1
495.11 5.21
497.11 4.23
499.38 2.63
501.61 2.85
503.62 6.31
506.11 5.08
509.34 1.63
511.76 4.25
513.0 6.46
514.88 2.73
517.11 7.3
519.13 1.2
521.31 3.3
523.79 0.52
525.89 1.97
527.86 2.49
530.16 2.47
532.77 4.54
534.35 4.14
536.74 7.07
538.85 4.39
541.1 7.4
543.12 6.47
545.35 2.69
547.86 6.42
549.85 5.6
552.12 3.19
554.1 7.93
556.36 7.83
558.35 8.15
560.86 8.6
563.11 8.34
565.1 5.42
567.35 8.0
569.36 5.9
571.85 4.81
573.85 0.03
576.1 2.83
578.37 5.75
580.35 2.25
582.85 7.72
584.86 5.45
587.14 1.67
589.12 6.16
591.35 3.72
593.85 4.99
595.86 7.33
598.11 3.19
600.1 9.17
602.35 5.84
604.38 1.26
606.86 5.58
609.15 2.3
611.1 4.72
613.35 6.6
615.36 7.32
617.86 3.17
619.87 3.33
622.0 4.47
624.37 3.56
626.35 5.21
628.86 1.87
630.86 2.63
633.1 5.61
635.11 4.16
637.35 5.45
639.85 4.61
641.8 3.85
644.1 1.98
646.1 7.2
648.36 7.77
650.35 3.11
652.85 2.22
654.85 2.37
657.11 5.97
659.63 3.43
661.6 6.39
663.85 3.86
665.87 2.41
668.1 6.7
670.12 1.37
672.64 2.97
674.85 5.46
676.86 4.81
679.11 0.13
681.1 0.32
683.6 9.01
685.6 8.21
687.86 1.45
690.35 3.33
692.35 7.63
694.6 6.2
696.6 6.48
698.85 6.88
700.85 8.9
703.36 1.88
705.6 2.92
707.64 1.39
709.87 0.65
711.85 2.27
714.35 6.16
716.35 7.78
718.6 5.49
720.85 7.45
722.85 7.64
725.11 7.98
727.1 7.97
729.61 5.83
731.6 3.33
733.92 2.07
736.11 6.14
738.1 5.82
740.6 1.63
742.6 5.6
744.85 0.96
746.74 7.05
749.15 5.88
751.1 6.79
753.61 8.6
755.88 1.45
757.86 5.99
760.1 0.3
762.1 3.06
764.6 9.16
766.6 8.28
768.86 6.01
771.11 1.92
773.1 5.88
775.6 1.36
777.6 3.63
779.86 2.03
781.85 4.63
784.26 3.43
786.12 3.49
788.6 6.53
790.85 3.62
792.85 6.09
795.1 8.08
797.1 4.32
799.6 3.56
801.61 7.46
803.86 5.09
806.1 1.44
808.1 6.93
810.35 4.51
812.35 6.26
814.86 7.64
816.86 7.67
819.14 3.83
821.37 7.86
823.36 0.82
825.86 7.78
827.85 2.21
830.1 7.33
832.1 0.1
834.35 4.62
836.85 8.84
838.86 8.46
841.11 4.04
843.1 5.92
845.35 9.16
847.35 8.98
849.85 5.92
852.11 3.81
854.1 6.6
856.39 4.93
858.35 8.07
860.85 6.77
862.85 7.37
865.11 10.94
867.45 8.68
869.4 0.65
871.87 2.72
873.85 4.43
876.1 5.05
878.11 2.96
880.6 4.25
882.87 6.39
884.85 4.09
887.1 8.15
889.11 8.08
891.6 7.02
893.47 8.47
895.86 6.69
897.85 3.65
900.11 0.28
902.6 7.27
904.6 8.99
906.85 2.52
908.87 7.42
911.11 1.82
913.1 4.93
915.6 5.73
917.85 3.93
919.86 4.86
922.1 5.48
924.1 7.82
926.61 1.43
928.6 4.27
930.85 3.81
933.35 4.74
935.38 0.01
937.6 4.88
939.75 0.81
941.9 8.93
943.85 5.43
946.1 8.86
948.12 8.8
950.6 3.78
952.86 5.37
954.85 6.83
957.1 7.45
959.31 1.39
961.92 2.72
963.86 4.06
965.86 2.89
968.35 8.84
970.35 7.55
972.62 4.64
974.6 7.06
976.86 7.1
979.14 7.0
981.1 4.49
983.61 8.2
985.61 4.59
987.92 0.31
991.63 2.06
994.33 4.3
996.83 1.66
1000.0 1.78
1005.9 2.36
1007.23 1.75
1008.3 3.78
1010.19 3.97
1012.16 3.03
1013.77 5.83
1015.15 5.96
1016.24 5.27
1018.12 4.69
1020.1 3.34
1022.36 7.55
1024.36 2.58
1026.87 4.41
1029.11 1.67
1031.1 7.43
1033.36 2.36
1035.35 7.98
1037.85 3.36
1039.86 5.58
1042.1 0.2
1044.36 1.66
1046.37 4.48
1048.87 8.24
1050.75 4.45
1053.11 1.89
1055.1 5.51
1057.61 4.15
1059.85 6.79
1061.86 0.11
1064.11 7.0
1066.12 3.31
1068.62 7.27
1070.61 8.84
1072.86 5.93
1075.11 3.1
1077.1 7.99
1079.35 4.86
1081.37 3.6
1083.87 9.12
1085.86 6.71
1088.11 10.79
1090.38 2.87
1092.6 3.23
1094.86 7.2
1096.88 3.86
1099.12 0.21
1101.1 4.72
1103.35 7.33
1105.86 8.56
1107.85 3.18
1110.11 0.43
1112.1 5.42
1114.36 6.16
1116.36 7.74
1118.61 8.23
1120.9 1.96
1123.01 5.41
1125.4 3.99
1127.37 9.68
1130.07 5.6
1131.61 7.42
1134.11 9.01
1136.12 0.62
1138.36 8.46
1140.61 7.51
1142.6 4.61
1145.13 6.82
1147.25 4.82
1149.42 1.91
1151.43 6.71
1153.61 7.3
1156.11 5.58
1158.1 5.43
1160.37 2.82
1163.22 2.03
1170.68 2.25
1173.39 1.85
1177.65 1.92
1179.9 1.24
1183.23 1.64
1183.74 2.15
1184.39 3.55
1185.63 2.79
1186.37 3.95
1188.21 1.98
1190.52 3.71
1191.59 5.85
1192.73 4.08
1194.47 5.54
1195.65 6.58
1197.35 0.33
1199.86 7.66
1202.13 3.65
1204.11 4.46
1206.37 4.46
1208.36 5.73
1211.54 2.77
1215.27 5.28
1215.86 1.81
1217.61 3.19
1219.6 2.88
1221.86 3.55
1224.25 0.34
1226.13 4.39
1228.11 0.11
1230.61 3.42
1232.95 2.09
1234.86 4.26
1238.05 2.45
1239.23 5.55
1241.61 5.77
1243.6 5.56
1245.86 2.71
1249.41 3.82
1251.14 0.6
1253.94 4.78
1255.59 5.16
1257.91 3.8
1259.52 6.97
1261.9 4.87
1264.5 6.62
1265.83 5.31
1267.86 5.19
1269.87 8.56
1273.22 3.23
1276.59 4.13
1280.55 5.33
1282.78 7.73
1283.73 7.67
1284.4 7.23
1285.87 3.56
1287.61 3.44
1289.61 5.03
1291.94 5.64
1294.38 4.92
1296.79 3.9
1300.17 4.46
1302.64 4.98
1305.15 7.93
1307.83 4.0
1310.29 7.26
1313.02 5.95
1314.46 2.64
1315.77 7.1
1317.32 3.04
1318.86 3.65
1320.61 8.38
1323.09 0.34
1324.86 2.28
1326.88 7.27
1329.38 8.26
1331.36 6.78
1333.61 5.42
1336.11 7.62
1338.1 7.48
1340.35 5.03
1342.36 8.08
1344.61 4.18
1346.62 6.44
1349.1 2.31
1351.37 9.05
1353.36 5.89
1355.61 5.48
1357.61 6.65
1360.11 5.28
1362.1 6.65
1364.36 2.33
1366.36 8.19
1368.88 8.83
1371.1 8.75
1373.11 0.78
1375.35 2.0
1377.38 3.29
1379.61 2.37
1381.61 3.44
1384.11 3.55
1386.11 2.64
1390.61 0.01
1392.65 2.12
1393.94 2.19
1395.53 4.13
1397.31 0.86
1399.36 4.87
1401.88 5.78
1403.86 7.23
1406.1 3.21
1408.01 6.38
1410.38 5.19
1412.36 7.13
1414.85 7.92
1416.88 7.84
1419.1 7.69
1421.61 4.72
1423.61 7.33
1425.86 3.51
1427.86 1.31
1430.11 4.69
1432.11 6.88
1434.53 4.57
1436.86 1.87
1438.9 4.59
1441.11 6.51
1443.12 3.44
1445.62 5.13
1447.49 3.34
1449.86 4.48
1452.36 5.14
1454.38 3.64
1456.6 5.97
1458.61 4.58
1460.87 3.4
1462.85 4.27
1465.36 4.86
1467.62 0.26
1469.6 7.36
1471.86 8.51
1473.86 4.89
1476.43 3.14
1478.36 3.72
1480.61 1.44
1482.86 6.11
1485.1 6.17
1487.24 5.6
1489.35 7.46
1491.61 5.21
1493.61 3.98
1496.11 0.37
1498.36 6.17
1500.36 9.61
1502.6 9.16
1504.61 8.87
1507.11 5.06
1509.11 3.12
1511.36 6.29
1513.61 7.98
1515.69 9.5
1518.11 8.85
1520.13 10.14
1522.36 8.8
1524.36 1.76
1526.63 8.63
1529.11 5.78
1531.11 1.98
1533.36 6.67
1535.36 5.3
1537.69 1.19
1539.61 5.63
1542.12 5.94
1544.38 5.32
1546.39 3.55
1548.62 4.73
1550.61 5.19
1553.14 4.63
1555.21 0.22
1557.38 6.01
1559.62 6.81
1561.9 8.6
1564.14 7.54
1565.97 7.69
1568.36 4.88
1570.36 6.5
1572.86 3.37
1574.89 6.2
1577.17 3.72
1579.36 2.88
1581.36 0.97
1583.86 2.45
1585.86 1.89
1588.11 4.13
1590.19 3.49
1592.71 0.67
1594.86 2.31
1596.86 3.52
1599.12 5.47
1601.1 3.76
1603.61 4.35
1605.6 2.81
1607.86 7.26
1610.1 2.77
1612.1 7.73
1614.61 8.25
1616.61 5.92
1618.81 4.74
1620.86 7.03
1623.1 6.87
1625.63 3.3
1627.6 6.99
1629.86 4.27
1631.89 7.66
1634.15 7.77
1636.11 9.28
1638.61 0.07
1640.86 3.32
1642.88 4.55
1645.11 3.84
1647.12 5.91
1649.61 6.54
1651.61 7.06
1653.86 2.45
1656.36 5.06
1658.36 5.48
1660.61 2.56
1662.6 0.98
1664.86 8.34
1666.86 9.15
1669.38 8.95
1671.61 0.06
1673.61 1.04
1676.1 6.68
1678.11 6.31
1680.36 0.49
1682.36 1.23
1684.64 3.99
1687.11 1.04
1689.12 2.88
1691.36 4.86
1693.32 4.97
1695.84 1.74
1697.86 4.99
1700.12 2.31
1702.12 6.18
1704.37 4.43
1706.85 7.15
1708.87 3.99
1711.18 2.99
1713.11 7.01
1715.36 2.91
1717.4 6.98
1719.86 0.02
1722.14 5.48
1724.06 2.2
1726.36 5.85
1728.36 0.78
1730.88 4.05
1733.11 3.6
1736.38 3.12
1737.99 4.79
1739.36 3.79
1741.86 2.1
1743.86 3.54
1746.11 3.34
1748.38 3.9
1750.62 3.57
1752.86 5.03
1754.86 5.86
1757.11 1.23
1759.11 7.57
1761.38 0.85
1763.86 4.36
1765.77 7.45
1768.1 4.63
1770.11 3.15
1772.63 8.72
1774.62 8.54
1776.87 7.64
1779.14 6.72
1781.11 0.07
1783.42 7.3
1785.37 3.38
1787.86 7.08
1789.86 0.04
1792.1 7.33
1794.4 2.39
1796.36 7.37
1798.89 5.1
1800.86 3.0
1803.11 6.11
1805.1 0.82
1807.36 6.48
1809.86 2.82
1811.85 0.12
1814.11 5.25
1816.24 5.69
1818.36 4.17
1820.36 6.76
1822.86 5.42
1824.86 1.14
1827.1 6.88
1829.36 0.05
1831.4 7.51
1833.86 6.82
1835.85 3.64
1838.1 7.72
1840.11 3.12
1842.38 6.75
1844.76 5.62
1846.89 5.21
1849.1 4.72
1851.11 2.93
1853.93 0.02
1856.97 4.41
1859.43 4.09
1860.62 7.44
1862.11 6.12
1864.6 8.19
1866.61 5.2
1868.91 8.26
1870.73 8.29
1873.11 1.51
1875.35 7.68
1877.35 7.56
1879.86 8.11
1881.86 6.56
1884.11 7.92
1886.11 7.11
1888.36 5.21
1890.87 5.21
1892.86 4.65
1895.11 1.46
1897.02 5.36
1899.61 6.49
1901.66 0.06
1903.8 1.15
1906.1 2.13
1908.1 2.61
1910.65 0.55
1912.59 2.12
1914.85 1.96
1917.67 0.81
1920.08 3.51
1921.93 3.29
1923.61 4.42
1925.86 4.57
1927.85 5.1
1930.39 3.79
1932.36 3.25
1934.61 7.04
1936.62 6.6
1938.87 4.77
1941.36 5.81
1943.35 6.58
1945.61 5.71
1947.61 5.71
1949.82 3.05
1951.87 3.81
1954.36 1.52
1956.63 3.76
1958.61 0.09
1960.88 2.91
1962.86 6.22
1965.35 7.29
1967.36 7.22
1969.62 1.86
1971.87 1.91
1973.9 0.02
1976.36 1.2
1978.3 2.4
1980.61 0.01
1982.74 2.26
1984.88 2.24
1987.15 4.9
1989.39 2.39
1991.62 2.32
1993.63 4.14
1996.11 4.39
1998.11 4.38
2000.36 6.7
2002.79 5.17
2004.61 4.81
2006.86 0.69
2008.87 4.65
2011.38 3.33
2013.36 7.02
2015.64 6.09
2017.61 7.84
2019.86 5.94
2022.36 6.88
2024.39 7.64
2026.6 5.5
2028.68 2.09
2030.86 3.71
2032.97 5.75
2035.36 5.61
2037.61 7.52
2039.73 4.48
2041.86 3.74
2043.85 3.76
2046.36 6.36
2048.38 4.63
2050.61 7.22
2053.1 7.31
2055.18 7.44
2057.36 7.12
2059.36 1.1
2061.61 5.84
2063.61 7.02
2066.13 6.95
2068.36 6.79
2070.39 4.17
2072.86 0.5
2074.86 0.37
2077.11 3.49
2079.12 5.4
2081.34 4.07
2083.36 5.07
2085.88 8.05
2087.87 6.9
2090.11 8.52
2092.38 8.11
2094.36 3.14
2096.86 4.76
2098.88 5.04
2101.1 0.47
2103.13 7.31
2105.62 7.64
2107.86 7.54
2109.87 3.16
2112.15 2.45
2114.1 2.59
2116.62 3.83
2118.61 6.3
2120.86 4.96
2123.1 6.71
2125.12 2.07
2127.61 0.18
2129.61 1.33
2131.86 5.58
2133.86 5.97
2136.11 4.15
2138.65 6.71
2140.62 2.44
2142.88 4.42
2144.9 3.49
2147.37 4.66
2149.38 1.06
2151.64 1.99
2153.86 1.74
2156.27 1.65
2158.46 2.47
2160.6 2.46
2162.64 1.73
2164.86 6.57
2166.85 2.82
2169.36 3.38
2171.37 3.68
2173.63 3.58
2175.62 4.93
2178.11 7.92
2181.06 1.49
2183.71 4.66
2185.27 5.55
2186.76 7.54
2189.14 4.39
2191.13 3.6
2193.36 2.62
2195.86 0.09
2197.86 1.48
2200.1 4.98
2202.15 5.2
2204.36 6.57
2206.36 0.01
2208.86 6.46
2211.11 7.45
2213.11 8.59
2215.36 7.79
2217.36 7.94
2219.86 4.71
2221.87 3.97
2224.1 4.28
2226.36 4.82
2228.36 4.49
2230.86 5.53
2232.86 4.58
2235.11 5.53
2237.17 4.39
2239.36 4.6
2241.86 4.23
2243.86 4.16
2246.12 5.95
2248.12 3.26
2250.36 4.59
2252.86 6.88
2254.8 4.92
2257.13 2.85
2259.12 4.16
2261.61 6.89
2263.61 2.29
2265.86 1.02
2268.11 7.07
2270.11 3.06
2272.36 6.99
2274.36 3.2
2276.86 3.26
2278.87 5.8
2281.05 5.04
2283.12 5.96
2285.36 4.81
2287.86 3.67
2289.9 6.28
2292.11 6.16
2294.1 3.6
2296.47 3.35
2298.87 5.05
2300.86 1.57
2303.11 8.22
2305.12 5.52
2307.36 7.33
2309.37 0.32
2311.86 2.77
2314.11 6.33
2316.11 0.73
2318.37 4.74
2320.36 3.15
2322.87 5.2
2324.86 8.63
2327.11 8.67
2329.11 4.67
2331.37 5.27
2333.75 6.38
2335.86 1.14
2338.11 7.24
2340.15 4.88
2342.62 7.31
2344.61 5.08
2346.86 7.13
2349.1 6.15
2351.1 8.67
2353.64 2.76
2355.66 1.49
2357.86 2.72
2359.87 6.93
2362.11 8.05
2364.6 8.16
2366.61 3.56
2368.85 4.35
2370.86 7.19
2373.36 7.89
2375.36 0.59
2377.66 1.13
2380.12 5.09
2382.11 2.91
2384.4 0.18
2386.27 5.01
2388.65 3.14
2390.62 6.3
2393.12 6.32
2395.36 6.05
2397.36 5.71
2399.61 2.29
2401.61 5.94
2404.11 1.68
2406.12 5.44
2408.39 5.96
2410.36 5.8
2412.68 6.27
2415.1 1.68
2417.11 4.49
2419.36 6.42
2421.36 7.02
2423.6 6.92
2425.61 1.43
2428.11 0.34
2430.35 6.5
2432.36 6.47
2434.86 7.03
2436.85 5.32
2439.22 5.26
2441.16 0.67
2443.36 4.76
2445.85 5.64
2447.86 6.17
2450.11 4.18
2452.1 5.18
2454.36 6.04
2456.36 5.77
2458.86 6.24
2461.11 4.6
2463.11 1.64
2465.36 6.96
2467.36 5.64
2469.86 3.23
2471.86 3.31
2474.14 1.97
2476.36 5.35
2478.36 5.02
2480.86 5.58
2482.86 6.22
2485.1 4.49
2487.12 6.54
2489.61 6.29
2491.87 5.54
2493.86 1.22
2496.11 4.65
2498.11 7.48
2500.61 1.84
2502.61 2.81
2504.86 5.36
2507.1 6.32
2509.11 2.92
2511.61 4.87
2513.61 6.37
2515.87 4.18
2517.86 2.29
2520.36 2.09
2522.61 8.73
2524.61 8.2
2526.86 2.12
2528.86 8.04
2531.36 2.23
2533.38 4.03
2535.61 3.61
2537.61 2.43
2540.11 5.68
2542.36 6.2
2544.36 5.36
2546.61 5.11
2548.64 7.42
2551.11 5.24
2553.36 6.12
2555.36 5.51
2557.61 3.79
2559.61 0.26
2562.11 8.26
2564.1 8.18
2566.36 2.31
2568.36 6.18
2570.63 7.4
2573.15 0.87
2575.11 1.97
2577.36 4.56
2579.36 5.17
2581.86 3.86
2584.11 3.16
2586.14 5.08
2588.35 0.51
2590.39 4.54
2592.86 3.25
2594.86 5.81
2597.11 3.7
2599.6 5.91
2601.36 7.36
2603.86 2.45
2605.86 5.54
2608.12 5.77
2610.34 1.3
2612.53 5.08
2614.62 5.94
2616.86 6.31
2619.11 4.29
2624.78 0.92
2626.9 5.32
2629.41 3.07
2630.19 6.35
2631.67 1.78
2633.64 7.0
2635.21 5.35
2636.73 4.19
2638.9 3.24
2640.88 6.06
2643.19 5.99
2645.36 4.53
2647.63 2.6
2650.03 0.57
2651.86 2.76
2654.11 8.43
2656.36 6.06
2658.78 2.12
2660.51 4.02
2662.86 6.72
2665.11 4.52
2667.11 1.15
2669.62 2.62
2671.62 5.24
2673.86 4.16
2675.86 5.51
2678.38 4.26
2680.62 2.32
2682.62 0.02
2684.86 8.06
2686.88 5.75
2689.11 9.0
2691.11 9.47
2693.61 9.57
2695.6 0.65
2697.88 6.24
2700.11 6.3
2702.11 10.64
2704.6 7.03
2706.61 1.89
2708.85 9.62
2710.87 7.28
2713.1 3.81
2715.62 4.06
2717.6 3.51
2719.89 4.69
2721.86 4.33
2724.11 4.44
2726.12 4.89
2728.61 4.65
2730.86 2.65
2732.86 5.0
2735.12 5.94
2737.13 3.29
2739.61 7.65
2741.61 6.37
2743.88 5.35
2746.1 5.92
2748.11 8.27
2750.61 8.16
2752.61 6.28
2754.87 0.03
2756.86 8.04
2759.36 6.45
2761.36 5.61
2763.62 1.67
2765.86 8.54
2767.86 1.35
2770.12 0.38
2772.11 9.06
2774.61 0.54
2776.61 9.01
2778.87 6.77
2781.36 2.93
2783.36 4.43
2785.61 1.12
2787.68 2.04
2789.86 4.82
2791.86 5.2
2794.36 0.58
2796.5 6.33
2798.67 5.37
2800.86 7.66
2802.86 8.69
2805.36 6.52
2807.36 6.99
2809.6 6.32
2811.86 3.85
2813.86 7.17
2816.36 6.76
2818.38 7.89
2820.61 5.15
2822.61 3.95
2825.11 5.67
2827.36 5.69
2829.36 6.06
2831.6 7.93
2833.64 4.89
2836.11 3.1
2838.11 6.32
2840.36 6.79
2842.36 6.55
2844.86 0.77
2847.12 6.79
2849.07 5.08
2851.36 6.36
2853.36 7.17
2855.87 4.34
2858.11 1.14
2860.61 8.48
2863.15 7.62
2864.59 7.86
2866.86 6.82
2868.88 8.43
2871.1 7.76
2873.61 5.73
2875.61 4.47
2877.86 4.64
2879.96 5.66
2882.1 5.52
2884.12 3.43
2886.61 8.2
2888.62 8.71
2890.86 8.34
2893.36 0.75
2895.36 6.71
2897.61 8.74
2899.57 1.1
2901.86 3.78
2903.86 2.56
2906.36 4.51
2908.61 7.4
2910.61 6.56
2913.11 6.52
2915.11 11.07
2917.37 10.31
2919.36 0.79
2921.61 7.75
2924.11 0.53
2926.11 8.28
2928.22 9.85
2930.36 3.88
2932.61 8.9
2934.61 6.05
2937.11 9.13
2939.36 9.14
2941.38 5.2
2943.6 8.16
2945.61 3.03
2948.11 6.16
2950.36 5.05
2952.36 3.33
2954.61 5.67
2956.64 7.63
2959.11 4.34
2961.1 6.63
2963.36 5.2
2965.36 7.36
2967.85 5.57
2970.11 6.0
2972.11 8.5
2974.36 9.25
2976.36 2.48
2978.86 6.91
2980.86 5.24
2983.14 0.96
2985.36 3.69
2987.84 0.32
2989.86 8.79
2991.86 4.64
2994.27 2.8
2996.45 0.27
2998.61 1.63
3000.88 4.72
3002.9 7.99
3005.1 6.05
3007.08 4.78
3009.63 1.87
3011.86 6.67
3013.86 3.4
3016.11 7.22
3018.11 5.55
3020.6 6.66
3023.23 6.52
3025.97 4.88
3028.0 6.25
3029.6 3.89
3031.52 6.58
3033.61 0.43
3035.86 8.74
3037.86 8.89
3040.36 2.92
3042.61 5.1
3044.61 8.63
3046.86 0.92
3048.92 2.68
3051.36 7.36
3053.52 0.43
3055.61 10.73
3057.86 8.09
3059.87 3.6
3062.36 0.86
3064.36 8.31
3066.61 5.44
3068.62 6.33
3071.12 1.58
3073.72 6.96
3075.36 3.44
3077.86 8.74
3079.88 7.67
3082.11 4.27
3084.11 4.62
3086.38 9.6
3088.75 1.56
3091.05 8.25
3093.11 5.98
3095.11 5.9
3097.62 10.36
3099.61 6.35
3101.86 8.99
3104.11 8.06
3106.11 6.43
3108.63 7.23
3110.61 0.56
3112.86 5.0
3114.86 5.66
3117.64 7.71
3119.48 9.45
3121.61 9.71
3123.86 0.78
3125.86 0.74
3128.28 5.32
3130.37 7.74
3132.61 0.24
3134.86 8.0
3136.86 8.88
3139.37 4.92
3141.36 2.45
3143.61 8.18
3146.11 9.89
3148.25 9.44
3150.71 7.44
3152.38 5.91
3154.61 7.76
3156.65 1.72
3159.1 2.71
3161.11 6.31
3163.35 5.73
3165.63 6.16
3167.61 3.74
3170.11 3.88
3172.12 4.26
3174.4 3.65
3176.36 0.6
3178.62 5.02
3181.02 8.2
3183.11 7.09
3185.36 6.94
3187.36 6.16
3189.86 0.35
3191.86 8.43
3194.11 8.28
3196.37 7.13
3198.36 2.35
3200.86 3.38
3202.87 5.37
3205.11 6.38
3207.14 9.03
3209.61 0.51
3211.88 6.39
3213.88 8.48
3216.14 7.11
3218.11 7.3
3220.61 10.57
3222.61 10.96
3224.87 2.19
3226.86 9.77
3229.36 3.05
3231.62 1.04
3233.61 4.75
3235.85 3.67
3237.86 7.05
3240.37 1.46
3242.61 4.15
3244.61 5.52
3246.86 8.6
3248.88 4.39
3251.35 2.66
3253.37 10.04
3255.61 0.16
3257.62 0.13
3259.86 3.08
3262.36 7.6
3264.36 7.6
3266.61 3.67
3268.64 2.12
3270.86 6.44
3272.9 7.7
3275.36 5.08
3277.61 8.43
3279.61 9.94
3281.86 8.23
3283.86 3.29
3286.23 8.89
3288.37 8.6
3290.61 0.5
3292.61 3.69
3295.11 4.34
3297.36 8.42
3299.36 7.71
3301.61 3.77
3303.61 7.22
3306.1 8.72
3308.12 7.97
3310.36 9.82
3312.61 4.89
3314.61 0.5
3317.11 5.99
3319.11 5.27
3321.36 5.08
3323.86 5.68
3325.88 1.59
3328.11 4.12
3330.11 2.52
3332.36 4.61
3334.36 8.64
3336.87 9.08
3338.87 7.42
3341.13 10.53
3343.37 10.52
3345.36 0.37
3347.86 6.15
3349.86 4.62
3352.11 0.11
3354.11 0.96
3356.36 4.5
3358.36 7.9
3360.86 3.04
3363.11 5.93
3365.03 5.11
3367.36 3.77
3369.38 9.65
3371.86 5.16
3373.87 10.41
3376.11 9.17
3378.38 5.91
3380.36 0.44
3382.88 8.75
3384.86 9.0
3387.13 8.94
3389.11 3.91
3391.61 7.45
3393.86 1.82
3395.86 5.47
3398.11 7.72
3400.13 9.6
3402.36 5.56
3404.62 10.38
3406.86 0.13
3409.1 6.87
3411.11 6.01
3413.61 10.71
3415.62 9.82
3417.9 7.12
3419.86 4.92
3422.11 0.09
3424.61 3.13
3426.61 6.16
3428.88 8.36
3430.86 7.49
3433.36 1.87
3435.18 1.48
3437.61 3.58
3439.86 6.21
3441.87 3.96
3444.38 5.92
3446.37 8.0
3448.63 8.0
3450.61 0.91
3452.86 3.5
3455.37 7.17
3457.36 6.45
3459.61 11.05
3461.61 11.01
3463.86 10.21
3465.86 10.25
3468.36 12.57
3470.6 6.62
3472.89 2.27
3474.88 5.66
3476.86 6.04
3479.36 6.47
3481.36 5.44
3483.61 6.53
3486.12 5.33
3488.14 4.15
3490.36 2.91
3492.36 7.7
3494.61 7.97
3496.61 4.45
3499.11 9.12
3501.36 0.78
3503.36 7.18
3505.61 8.6
3507.61 8.69
3510.12 3.66
3512.12 7.94
3514.37 6.6
3516.86 10.13
3518.88 0.17
3521.11 3.14
3523.11 9.0
3525.37 6.5
3527.42 9.37
3529.86 9.97
3532.14 5.15
3534.22 4.23
3536.41 2.53
3538.39 3.95
3540.89 3.63
3542.89 3.31
3545.12 6.17
3547.38 0.35
3549.42 3.1
3551.86 0.6
3553.86 7.02
3556.11 4.03
3558.12 6.73
3560.36 6.53
3562.86 8.03
3564.86 2.66
3567.13 5.44
3569.1 10.28
3571.61 11.03
3573.61 9.24
