0.0 18.29
0.7 0.81
1.28 0.44
1.78 0.5
2.53 3.82
3.35 10.47
4.33 1.31
6.3 2.48
8.32 5.92
10.81 4.13
12.79 0.98
14.82 0.4
16.81 0.31
18.81 0.41
20.83 2.37
22.8 3.61
24.8 0.18
26.82 1.73
28.79 0.63
31.12 1.66
32.82 2.85
34.8 0.33
36.81 1.16
38.83 0.03
40.81 3.84
42.81 0.34
44.95 0.45
46.94 4.65
48.95 1.95
50.95 5.47
52.95 1.04
54.96 0.5
56.96 1.89
58.95 2.81
60.95 0.03
62.95 0.11
64.95 0.49
66.96 0.7
68.96 1.41
70.95 3.49
72.95 1.02
74.95 1.39
76.96 1.27
78.96 0.06
80.95 3.5
82.95 2.9
84.95 4.21
86.95 4.67
88.95 1.93
90.95 2.42
93.25 10.37
94.96 10.23
96.96 0.1
98.95 10.8
100.97 0.03
102.95 0.17
104.95 2.03
106.94 0.34
108.96 0.02
110.96 0.31
112.95 0.27
114.95 2.99
116.96 11.06
119.08 0.31
120.96 0.79
122.95 0.31
124.95 4.46
126.97 1.07
128.95 1.27
130.95 1.7
132.95 2.69
134.95 1.52
136.95 0.17
138.94 1.73
140.96 0.33
142.96 13.77
144.96 0.34
146.95 4.77
148.95 0.33
150.95 0.17
152.95 4.09
154.96 0.82
156.96 5.17
158.95 1.21
160.95 0.03
162.95 1.02
164.95 0.89
166.94 0.34
168.94 0.31
170.96 0.16
172.95 7.08
174.95 0.15
176.94 1.11
178.95 0.02
180.96 5.04
182.95 0.03
184.96 0.04
186.96 1.27
188.95 1.71
190.95 0.32
192.95 3.82
194.95 4.39
196.95 0.03
198.96 5.96
200.94 0.1
202.95 0.94
204.95 0.76
206.94 0.65
208.94 5.34
210.95 0.45
212.95 0.51
215.54 2.91
219.14 2.57
223.8 1.9
226.93 3.08
228.9 0.03
229.89 1.13
231.12 2.25
234.22 4.36
237.33 0.12
239.62 1.62
241.64 1.57
244.3 3.03
246.99 3.71
248.31 0.64
250.55 3.06
252.57 3.05
253.57 7.22
254.58 6.03
256.68 0.01
257.68 3.23
258.31 4.88
259.18 1.3
259.72 7.84
261.96 10.61
263.95 12.48
264.99 0.99
267.96 0.88
269.07 0.29
271.94 12.41
273.14 1.03
275.94 0.08
277.95 1.82
279.95 6.95
281.55 9.23
283.35 2.04
285.95 2.16
287.94 3.8
289.95 10.95
291.95 9.47
293.95 10.37
295.94 12.7
297.96 0.89
299.95 0.16
301.1 6.28
303.95 3.34
305.95 14.05
307.95 2.31
309.94 1.89
311.96 1.1
313.95 2.82
315.02 0.49
317.95 0.03
319.96 9.37
321.94 0.03
323.95 1.94
325.04 2.0
327.95 2.14
329.95 15.3
331.95 12.54
333.95 14.07
335.95 10.14
337.95 0.16
339.94 2.42
341.94 13.83
343.95 0.16
345.94 4.24
347.95 0.28
349.11 1.65
351.97 2.61
353.95 6.89
355.95 0.82
357.95 0.32
359.98 0.45
361.15 0.16
363.95 10.99
365.96 10.53
367.94 1.4
369.95 13.3
371.95 0.61
373.16 1.88
375.95 1.9
377.95 17.85
379.95 26.38
381.94 0.53
383.94 0.07
385.94 27.31
387.95 1.23
389.96 0.78
391.96 8.22
393.95 6.74
395.2 0.01
397.14 2.37
399.94 2.6
401.96 8.78
403.95 14.05
405.95 0.16
407.94 0.52
409.95 5.55
411.95 0.03
413.95 5.61
415.94 0.16
417.94 0.63
419.94 3.94
421.95 6.55
423.95 0.03
425.95 1.97
427.94 1.69
429.95 9.12
431.96 0.03
433.95 16.58
435.95 0.34
437.94 8.8
439.96 9.35
441.95 1.87
443.94 0.17
445.18 1.93
447.94 0.69
449.95 5.73
451.95 0.35
453.95 0.35
455.94 0.3
457.95 0.41
460.0 9.56
461.94 0.68
463.94 0.84
465.26 0.53
467.95 10.63
469.95 0.52
471.94 1.34
473.94 0.23
475.95 0.36
477.94 1.29
479.94 3.63
481.94 12.26
483.94 0.3
485.95 13.82
487.95 0.03
489.95 14.78
491.95 7.11
493.95 6.74
495.94 1.46
497.95 1.75
499.95 5.13
501.95 2.0
503.95 0.47
505.94 1.13
507.94 1.84
509.95 0.03
512.0 16.19
513.95 1.36
515.94 0.5
517.34 0.13
519.95 1.68
521.95 1.04
523.95 0.34
525.96 0.98
527.94 0.48
529.94 0.51
531.95 0.52
533.95 0.03
535.94 5.99
537.94 1.21
539.95 0.04
541.94 1.86
543.95 0.03
545.93 0.01
547.57 0.16
549.95 0.98
551.95 1.54
553.95 0.82
555.94 0.17
557.99 0.16
559.95 6.78
561.96 5.11
563.94 10.03
565.94 0.68
567.94 2.08
569.96 0.51
571.95 2.09
573.95 0.52
575.95 0.77
577.94 0.54
580.09 0.63
581.95 1.65
583.57 0.61
585.94 0.16
588.84 0.01
590.02 5.44
591.95 5.26
593.4 0.15
595.51 2.57
598.07 2.07
601.54 1.51
605.14 1.46
608.77 2.01
610.65 0.02
611.28 4.04
612.67 0.93
614.27 1.58
616.19 2.78
617.93 4.12
619.01 0.51
620.43 1.44
621.99 0.17
623.95 3.07
626.03 0.03
627.75 3.4
629.52 1.36
631.94 0.81
633.94 0.7
635.94 0.03
637.95 2.35
639.96 1.2
641.53 0.35
643.95 0.35
645.94 4.38
647.95 5.7
649.95 0.71
651.68 3.83
653.5 5.36
655.95 0.76
657.84 5.14
659.71 5.05
661.61 0.12
663.94 7.16
665.51 0.16
667.94 1.18
669.94 4.31
671.94 0.33
673.82 0.5
675.65 6.4
677.94 1.7
679.74 0.21
681.37 0.23
683.95 1.59
685.94 6.73
687.94 2.46
689.59 3.54
691.94 2.04
693.61 0.03
695.94 0.04
697.94 0.17
699.95 1.18
701.94 0.5
704.0 0.84
705.93 2.39
707.98 1.78
709.94 0.16
711.93 0.52
713.73 0.1
715.94 8.93
717.94 2.0
719.93 0.97
721.94 3.09
723.94 11.34
725.94 5.6
727.76 0.11
729.44 10.4
731.94 0.03
733.95 2.05
735.74 1.44
737.51 0.59
739.95 2.68
741.94 1.32
743.94 12.53
745.95 12.63
747.94 3.78
749.93 3.27
751.94 6.9
753.95 0.85
755.93 1.73
757.95 0.18
759.94 17.35
761.94 21.8
763.94 5.8
765.94 1.28
767.94 0.17
769.95 4.69
771.94 19.7
773.94 5.95
775.94 25.27
777.95 7.4
779.95 3.01
781.94 7.16
783.94 22.54
785.93 0.52
787.95 18.08
789.94 0.17
791.93 5.83
793.93 19.02
795.93 0.03
797.95 2.61
799.95 22.63
801.94 9.29
803.94 13.13
805.94 1.21
807.93 12.9
809.95 0.98
811.95 21.52
813.94 0.69
815.94 0.86
817.94 3.86
819.93 4.46
821.93 4.48
823.95 16.22
825.94 0.87
827.94 5.45
829.95 0.34
831.94 5.02
833.94 3.55
835.94 6.55
837.94 0.14
839.94 0.34
841.93 1.55
843.94 1.86
845.94 0.62
847.95 15.52
849.94 1.05
851.94 16.27
853.94 6.5
855.93 18.26
857.94 3.33
859.93 18.8
861.94 4.72
863.94 0.53
865.94 1.52
867.95 0.52
869.94 1.8
871.93 0.34
873.93 1.41
875.95 2.17
877.94 7.06
879.94 0.17
881.96 0.34
883.95 0.33
885.94 0.03
887.94 0.66
889.94 18.38
891.94 16.36
893.93 1.76
895.93 0.04
897.95 0.53
899.94 0.55
901.99 5.76
903.94 1.09
905.94 0.49
907.93 5.0
909.93 0.48
911.95 1.17
913.94 8.51
915.94 3.74
917.93 2.24
919.94 0.35
921.94 1.03
923.94 3.22
925.94 3.1
927.93 7.02
929.95 1.39
931.94 1.33
933.93 0.35
935.94 4.9
937.94 0.62
939.95 5.46
941.94 5.22
943.95 1.37
945.93 2.09
947.93 0.94
949.68 4.1
951.93 3.88
953.95 4.95
955.97 0.95
957.94 1.38
959.83 0.03
961.94 5.2
963.93 5.61
965.95 5.06
967.94 0.02
969.93 2.58
971.93 0.03
973.93 0.95
975.95 1.75
977.94 1.04
979.93 0.32
981.93 1.01
983.93 0.88
985.93 0.03
987.95 1.2
989.94 0.11
991.94 1.46
993.94 0.17
995.93 1.5
997.94 0.52
999.93 0.86
1001.93 5.01
1003.93 3.92
1005.94 1.25
1007.94 0.69
1009.93 0.17
1011.95 0.68
1013.94 5.05
1015.94 3.71
1017.93 3.94
1019.94 2.59
1021.94 3.53
1023.94 1.37
1025.93 1.05
1027.74 1.35
1029.77 0.01
1031.94 0.03
1033.94 1.94
1035.93 0.17
1037.76 0.03
1039.94 0.34
1041.93 0.51
1043.94 0.47
1045.93 1.58
1047.95 0.32
1049.94 0.86
1051.95 0.12
1054.86 0.01
1056.24 3.3
1057.93 1.89
1059.93 4.27
1061.95 4.8
1063.94 0.66
1065.96 0.62
1067.95 4.75
1069.94 0.76
1071.94 2.0
1073.95 1.14
1075.94 0.17
1077.93 2.03
1079.95 2.08
1081.94 2.78
1083.93 0.33
1085.94 0.51
1087.92 0.29
1089.95 7.92
1091.93 1.85
1093.94 0.34
1095.94 0.48
1097.93 2.23
1099.94 1.78
1102.13 0.03
1103.92 1.67
1105.91 0.17
1108.46 0.85
1110.86 0.95
1112.98 4.47
1116.08 0.03
1118.7 0.82
1121.04 1.67
1121.82 0.66
1122.63 2.87
1127.16 0.16
1130.88 0.14
1133.28 1.37
1135.28 0.17
1137.62 0.47
1140.66 0.98
1143.74 1.12
1145.46 2.36
1146.15 2.25
1146.89 3.44
1147.91 0.45
1148.97 4.0
1150.83 0.02
1152.25 0.03
1154.11 0.39
1157.54 0.73
1159.68 2.73
1160.83 1.79
1162.05 3.57
1163.12 1.12
1165.36 4.91
1168.33 2.51
1171.84 2.04
1175.08 2.02
1176.99 2.25
1178.99 3.74
1180.61 1.92
1182.69 0.22
1185.04 0.42
1187.83 0.53
1189.78 1.53
1191.26 2.03
1192.11 0.41
1193.16 1.97
1194.22 4.01
1195.65 5.13
1197.47 0.8
1199.0 0.94
1199.98 7.91
1201.95 14.09
1203.94 3.73
1205.94 3.22
1207.94 5.82
1209.94 1.71
1211.94 0.93
1213.94 1.96
1215.94 2.38
1217.94 0.43
1219.94 1.2
1221.94 10.3
1223.95 0.87
1225.94 8.74
1227.93 0.14
1229.93 2.57
1231.93 0.17
1233.94 0.13
1235.94 0.11
1237.93 0.75
1239.94 0.09
1241.94 1.2
1243.94 3.45
1245.94 0.69
1247.94 1.69
1249.93 0.02
1252.93 3.91
1254.13 3.56
1256.01 0.64
1258.95 0.33
1260.27 1.51
1262.94 3.08
1264.93 7.35
1266.94 0.94
1268.94 0.17
1270.72 0.01
1272.94 0.38
1274.94 2.85
1276.0 0.33
1278.94 0.03
1280.18 1.21
1282.94 2.64
1284.93 0.16
1286.93 2.41
1288.93 0.87
1290.94 9.2
1292.94 0.45
1294.94 0.66
1296.27 0.16
1298.93 2.6
1300.15 9.59
1302.93 8.11
1304.45 0.03
1306.94 2.98
1308.07 0.43
1310.94 1.61
1312.95 1.18
1314.93 0.62
1316.94 0.49
1323.25 0.0
1324.38 1.12
1327.35 0.06
1328.13 3.74
1329.04 2.89
1329.97 3.75
1330.88 2.49
1332.93 0.49
1334.93 1.37
1336.95 3.02
1338.93 0.32
1340.93 0.46
1342.94 0.77
1344.93 5.04
1346.96 1.4
1348.2 3.13
1350.96 0.29
1353.37 3.5
1356.0 0.02
1359.8 0.01
1362.42 2.05
1365.82 1.3
1367.84 1.85
1369.66 1.57
1372.76 0.01
1374.6 1.87
1376.66 1.17
1378.13 1.03
1379.83 1.53
1380.87 0.64
1382.21 0.23
1383.93 1.01
1385.7 0.29
1388.05 0.45
1389.2 1.18
1390.55 1.62
1393.43 0.17
1394.34 3.09
1395.59 1.77
1396.88 1.96
1398.62 1.94
1400.78 2.91
1402.38 0.34
1404.17 3.81
1406.94 2.59
1408.27 3.93
1410.16 0.69
1412.94 7.99
1414.15 5.28
1416.94 0.16
1418.27 1.02
1420.93 0.33
1423.02 0.03
1424.78 0.17
1426.58 0.03
1428.31 0.65
1430.16 3.84
1432.93 1.01
1434.19 5.38
1436.94 1.04
1438.19 1.37
1440.93 10.85
1442.12 0.87
1444.94 8.68
1446.93 0.99
1448.94 4.88
1450.93 2.74
1452.93 1.04
1454.93 0.03
1456.33 1.02
1458.17 0.66
1460.93 1.31
1462.93 4.95
1464.73 5.83
1466.96 1.5
1468.93 5.32
1470.93 6.62
1472.67 0.03
1474.94 8.67
1476.94 9.08
1478.93 1.91
1480.93 10.94
1482.94 0.48
1484.94 12.45
1486.94 3.66
1488.93 2.15
1490.93 2.72
1492.93 0.14
1494.92 1.04
1496.94 2.73
1498.93 2.9
1500.93 3.15
1502.93 0.5
1504.92 2.44
1506.23 0.17
1508.93 0.03
1510.94 17.46
1512.93 1.7
1514.93 0.69
1516.92 10.87
1518.94 11.52
1520.26 0.17
1522.92 0.35
1524.94 4.67
1526.94 2.58
1528.93 0.33
1531.07 2.59
1532.93 7.64
1534.93 1.68
1536.92 5.31
1538.94 0.43
1540.94 5.14
1542.93 0.34
1544.34 0.03
1546.94 0.53
1548.92 0.82
1550.93 0.88
1552.93 0.16
1554.93 5.39
1556.93 1.37
1558.93 4.16
1560.93 9.96
1562.93 1.95
1564.92 8.46
1566.94 9.32
1568.94 1.65
1570.93 0.34
1572.93 0.82
1574.94 9.92
1576.94 2.12
1578.93 9.63
1580.92 9.86
1582.94 9.88
1584.93 12.28
1586.93 5.86
1588.93 0.69
1590.94 1.4
1592.93 15.02
1594.93 14.56
1596.93 1.22
1598.93 14.48
1600.93 18.82
1602.93 19.81
1604.93 7.67
1606.93 3.39
1608.94 2.42
1610.94 0.01
1612.93 0.39
1614.93 1.77
1616.92 5.56
1618.94 11.53
1620.94 0.27
1622.94 4.72
1624.93 15.37
1626.93 0.76
1628.97 2.97
1630.94 0.03
1632.94 0.41
1634.93 2.27
1636.93 0.8
1638.92 0.13
1640.94 0.32
1642.93 0.02
1644.93 1.18
1647.03 0.12
1648.96 0.04
1650.96 0.16
1652.93 3.38
1654.93 4.66
1656.92 7.74
1658.95 0.03
1660.94 2.54
1666.61 3.81
1668.8 1.27
1670.93 0.03
1672.83 0.38
1675.0 2.75
1676.68 1.26
1678.87 1.09
1680.22 3.72
1684.43 0.03
1687.46 0.15
1690.08 0.02
1691.41 1.73
1693.57 0.03
1695.6 2.12
1697.03 1.56
1700.25 0.16
1702.37 2.48
1703.48 0.27
1704.82 2.69
1705.99 0.27
1707.5 1.38
1708.56 0.51
1710.25 0.95
1711.13 1.33
1711.78 0.51
1714.33 1.33
1716.52 0.92
1719.03 4.37
1721.7 0.34
1723.4 2.16
1724.92 0.47
1726.34 1.53
1727.46 0.64
1728.56 0.13
1730.93 1.52
1733.03 3.91
1735.52 1.31
1737.38 6.29
1738.9 0.33
1741.19 3.3
1742.96 0.42
1744.98 0.33
1746.81 0.03
1748.95 0.23
1750.87 1.58
1752.98 0.46
1754.89 0.15
1758.31 3.5
1760.14 2.03
1762.13 4.28
1764.85 2.45
1768.04 0.29
1774.65 0.18
1776.35 0.18
1777.96 3.08
1779.56 4.4
1780.25 3.68
1781.17 1.94
1782.42 0.03
1783.22 1.23
1784.06 3.28
1785.25 1.45
1786.86 0.13
1788.92 0.93
1790.65 1.85
1792.93 0.4
1794.94 6.02
1796.94 0.22
1798.48 0.91
1800.93 0.16
1802.94 0.36
1804.93 0.09
1806.93 7.89
1808.93 0.25
1810.93 0.34
1812.94 4.26
1815.09 0.12
1817.13 2.27
1818.67 11.76
1820.93 0.35
1822.83 13.71
1824.66 14.71
1827.19 1.01
1828.94 15.41
1830.93 3.68
1832.93 1.02
1834.96 0.2
1836.93 1.75
1838.95 5.73
1840.94 8.67
1842.93 15.95
1845.36 0.29
1846.55 0.06
1848.94 1.79
1850.93 0.27
1852.93 1.29
1854.92 4.37
1856.93 1.46
1858.93 18.44
1860.96 18.35
1862.93 0.27
1864.94 9.17
1866.95 0.35
1869.05 7.45
1871.05 16.96
1873.09 0.34
1874.92 2.69
1876.99 0.11
1878.93 0.38
1880.93 0.11
1882.93 0.57
1885.26 0.19
1886.92 10.56
1888.93 5.8
1890.94 5.5
1892.94 0.29
1894.69 0.37
1896.93 0.96
1899.14 0.12
1901.01 6.89
1903.68 0.21
1905.67 6.07
1908.35 1.06
1910.0 9.93
1911.18 11.11
1913.18 5.41
1914.93 0.74
1916.94 9.56
1918.99 0.21
1920.93 0.49
1923.1 0.11
1925.18 10.58
1926.92 1.69
1928.95 1.71
1930.93 0.93
1932.86 6.56
1936.01 0.14
1937.17 1.36
1938.93 0.08
1940.92 5.96
1942.94 0.36
1944.97 0.23
1946.93 7.66
1948.93 1.24
1950.92 0.24
1952.92 0.11
1954.95 1.29
1956.93 2.3
1958.99 0.58
1960.93 3.3
1962.94 0.55
1964.94 0.87
1966.93 0.11
1968.93 10.27
1970.93 7.02
1972.93 0.39
1974.95 5.21
1976.97 1.26
1978.93 1.59
1980.95 0.31
1982.93 0.63
1984.94 0.03
1986.94 2.67
1988.93 0.09
1990.93 0.95
1992.94 3.7
1994.93 7.25
1996.94 0.97
1998.98 1.44
2000.93 0.01
2002.93 1.09
2004.93 1.44
2006.92 0.11
2008.92 0.81
2010.99 0.13
2012.93 0.17
2014.75 1.12
2016.95 0.54
2018.99 0.53
2020.92 3.97
2022.92 5.37
2024.94 2.64
2026.71 0.29
2028.93 2.05
2030.81 0.72
2032.95 1.66
2034.93 0.66
2037.01 1.1
2038.93 0.6
2041.42 0.52
2043.62 0.43
2047.1 1.25
2050.5 0.62
2052.91 1.68
2055.21 0.7
2058.26 1.52
2060.38 0.54
2061.84 1.36
2063.56 1.84
2065.79 0.16
2067.62 1.2
2069.36 0.02
2070.73 0.14
2072.61 1.13
2075.12 0.03
2076.72 1.14
2078.54 0.24
2080.22 0.67
2082.42 0.7
2084.28 0.13
2086.2 0.72
2088.04 0.15
2089.26 1.37
2091.07 1.17
2092.81 0.54
2094.85 1.42
2096.8 1.19
2097.75 2.91
2098.82 3.57
2100.92 0.2
2102.92 7.79
2104.92 7.58
2106.92 0.86
2108.93 1.92
2110.92 4.33
2112.96 0.04
2114.85 0.12
2116.92 6.78
2118.92 6.55
2120.94 0.74
2122.97 1.31
2124.93 1.24
2126.93 0.26
2128.93 0.37
2130.92 1.26
2132.93 1.53
2134.94 6.12
2136.93 0.26
2138.94 2.94
2140.93 9.97
2142.93 9.74
2145.09 1.48
2146.93 0.34
2148.94 4.83
2150.92 0.5
2152.94 4.62
2154.93 6.05
2156.93 8.63
2158.93 0.58
2160.92 10.79
2162.93 0.13
2165.11 2.55
2166.93 0.24
2168.93 5.4
2170.93 0.21
2172.93 1.58
2174.93 0.69
2176.92 3.39
2178.93 0.92
2180.94 5.0
2182.93 0.02
2184.93 0.13
2186.93 0.2
2188.93 1.76
2190.93 0.1
2192.93 2.09
2194.94 0.03
2196.94 1.55
2199.03 0.45
2200.96 0.27
2202.93 0.17
2204.93 0.32
2206.91 2.69
2209.83 0.38
2213.07 0.17
2216.04 0.95
2219.57 0.61
2224.52 1.21
2226.53 1.42
2228.61 1.46
2229.7 0.5
2230.66 0.36
2231.64 2.27
2233.29 0.08
2234.98 1.07
2236.33 0.06
2237.59 2.08
2238.58 2.39
2239.85 0.9
2241.06 2.24
2243.75 0.02
2245.21 2.46
2248.35 0.84
2251.42 1.6
2254.04 2.04
2256.29 0.29
2258.42 2.23
2261.59 0.03
2264.62 0.03
2266.37 2.21
2267.87 0.42
2269.91 0.65
2271.8 0.43
2274.03 0.23
2276.32 0.87
2278.66 1.13
2281.16 0.61
2283.79 1.06
2285.95 1.18
2287.22 0.47
2288.68 1.31
2289.76 0.37
2290.93 0.27
2291.97 1.98
2292.86 2.32
2294.39 2.45
2295.79 0.31
2297.92 0.69
2299.09 0.77
2301.92 4.67
2302.99 3.38
2305.92 8.69
2307.93 0.74
2309.65 0.16
2311.94 6.23
2313.92 12.63
2315.93 1.1
2317.93 1.1
2319.93 0.03
2321.93 0.33
2323.92 0.25
2325.92 11.41
2327.92 12.34
2329.92 14.55
2331.96 0.13
2333.93 0.24
2335.92 1.11
2337.92 2.39
2339.92 6.67
2341.13 2.4
2343.94 12.29
2345.93 0.33
2347.93 0.17
2349.92 11.92
2351.93 12.88
2353.92 0.85
2356.0 0.5
2357.58 0.01
2359.92 0.51
2361.92 0.27
2363.96 0.83
2365.4 0.33
2367.96 0.91
2369.92 0.03
2371.92 0.12
2373.93 0.11
2375.92 0.91
2377.92 3.1
2379.93 0.25
2381.92 0.34
2383.92 0.9
2386.0 3.35
2389.56 0.01
2390.54 3.77
2391.64 0.43
2393.93 0.21
2395.7 0.03
2397.95 0.64
2399.86 1.44
2402.46 0.03
2404.1 2.4
2406.04 1.63
2408.51 0.03
2410.74 1.79
2413.3 1.09
2416.35 1.25
2418.5 1.93
2421.26 0.03
2422.96 1.34
2424.26 2.07
2426.29 0.02
2429.09 0.03
2431.54 0.83
2434.13 0.18
2435.67 0.64
2437.21 0.61
2439.43 0.03
2440.19 0.66
2442.16 0.48
2443.41 0.41
2445.35 1.31
2446.86 0.24
2447.89 2.25
2449.4 0.27
2451.92 4.25
2453.92 0.62
2455.93 0.34
2457.28 3.33
2459.39 0.49
2461.28 0.12
2463.92 2.01
2466.23 0.01
2469.87 1.8
2472.88 0.72
2476.02 0.57
2477.96 0.03
2480.23 0.75
2481.88 1.11
2483.77 0.25
2485.47 0.92
2488.13 0.87
2489.46 1.15
2490.82 0.93
2492.84 0.88
2494.5 0.48
2496.4 0.03
2497.55 1.21
2499.12 0.42
2500.88 1.6
2502.14 0.25
2503.73 1.37
2505.25 4.96
2507.92 0.47
2510.42 3.14
2512.84 0.16
2516.13 0.3
2519.36 1.56
2522.25 2.0
2524.06 2.47
2525.66 1.13
2527.36 2.79
2528.68 1.33
2530.07 0.16
2532.02 2.44
2535.37 0.17
2537.45 2.14
2539.9 0.17
2542.46 0.54
2545.04 1.52
2548.41 1.52
2550.7 0.78
2551.9 0.64
2552.98 1.2
2554.02 0.85
2555.02 0.88
2556.49 1.05
2557.92 0.58
2558.86 2.15
2560.84 0.15
2562.62 1.48
2564.32 2.97
2566.17 0.62
2567.85 3.04
2569.56 2.7
2573.26 0.68
2574.82 0.49
2575.77 0.51
2577.31 2.17
2579.94 1.92
2582.05 1.6
2583.92 2.41
2585.93 2.15
2587.69 2.37
2589.38 2.41
2591.93 2.44
2593.93 0.11
2595.93 0.25
2598.63 0.02
2601.25 0.12
2605.55 2.17
2608.2 0.11
2610.38 2.7
2612.52 0.03
2614.44 0.74
2616.08 1.47
2617.89 0.86
2619.5 4.16
2621.65 0.01
2623.35 3.79
2624.64 1.31
2626.89 0.83
2630.5 2.01
2635.46 0.73
2638.32 1.97
2640.01 0.03
2640.92 1.41
2642.37 2.75
2643.61 0.3
2644.66 2.79
2645.46 2.83
2646.44 2.05
2647.52 1.56
2648.4 0.77
2650.46 4.4
2652.73 4.02
2656.46 2.96
2659.22 0.02
2660.99 0.13
2662.07 0.3
2663.56 3.99
2667.01 4.87
2670.06 0.31
2673.77 1.96
2676.14 1.39
2678.22 1.09
2679.24 5.04
2680.65 3.75
2682.57 2.76
2684.23 4.49
2685.71 3.78
2686.9 0.94
2688.36 2.73
2689.16 4.23
2689.9 0.12
2691.92 4.22
2693.92 0.03
2695.92 0.3
2697.92 3.95
2699.4 0.13
2704.19 4.92
2707.61 3.19
2711.02 5.29
2713.45 1.19
2714.9 8.19
2716.39 8.27
2717.68 8.47
2719.18 8.43
2720.2 9.05
2721.44 0.62
2723.2 0.42
2725.28 1.66
2727.9 13.25
2729.54 5.84
2730.49 0.68
2731.54 0.57
2733.92 0.13
2735.91 0.14
2737.79 0.1
2739.6 0.03
2741.91 9.07
2743.91 0.52
2745.92 0.39
2747.92 1.72
2749.92 25.68
2751.92 0.22
2753.92 0.26
2755.92 4.41
2757.92 6.36
2759.93 0.13
2761.94 0.35
2763.92 0.12
2765.92 0.12
2767.92 0.36
2769.92 2.0
2771.92 0.33
2773.92 0.34
2775.91 0.75
2777.93 0.33
2779.94 0.27
2781.93 5.9
2783.92 0.86
2786.22 0.03
2788.24 2.6
2791.14 0.37
2796.91 0.25
2804.04 1.47
2805.45 2.95
2806.63 2.38
2807.93 2.2
2809.49 2.82
2810.71 1.24
2811.48 0.27
2813.94 1.75
2816.15 0.16
2818.34 1.7
2820.68 0.03
2821.69 1.88
2822.6 2.09
2823.36 0.71
2824.49 1.15
2825.6 0.16
2826.64 1.91
2828.69 0.33
2831.52 0.36
2834.03 1.14
2835.67 1.42
2837.12 2.28
2839.14 0.18
2841.05 0.24
2843.5 3.31
2845.63 4.46
2847.27 4.42
2848.72 0.16
2849.83 0.69
2851.91 4.99
2853.56 0.25
2855.91 0.12
2857.95 0.22
2859.94 4.51
2861.93 2.99
2863.82 0.5
2865.92 0.18
2867.82 0.02
2869.91 1.28
2871.91 0.58
2873.92 0.34
2875.85 0.5
2877.8 0.78
2879.91 7.19
2881.92 0.12
2883.92 4.39
2885.93 1.39
2887.92 9.49
2889.98 0.5
2891.91 0.09
2893.93 0.12
2895.92 0.19
2897.91 7.12
2899.93 6.29
2901.93 0.17
2903.92 1.17
2905.92 0.48
2907.93 0.55
2909.66 4.3
2911.92 0.6
2914.46 4.27
2916.24 4.57
2917.75 0.83
2919.92 0.68
2921.91 0.34
2923.92 0.39
2925.92 2.83
2927.91 3.25
2929.93 13.36
2931.92 0.59
2933.92 3.82
2935.93 0.03
2937.92 13.59
2939.91 6.81
2941.92 0.85
2943.92 0.34
2945.92 4.89
2947.92 13.06
2949.96 2.58
2951.92 11.67
2953.91 1.0
2955.92 2.12
2957.91 0.03
2959.91 1.58
2961.92 0.03
2963.92 1.24
2965.91 6.03
2967.92 0.23
2969.92 16.98
2971.91 2.2
2973.92 0.19
2975.91 0.34
2977.92 0.28
2979.93 0.03
2981.92 13.57
2983.92 0.08
2985.92 0.63
2987.92 0.91
2989.91 1.59
2991.93 0.11
2993.91 2.61
2995.92 0.03
2997.92 0.15
2999.91 0.32
3001.92 4.37
3004.1 1.17
3005.78 8.76
3007.93 2.97
3009.92 0.86
3011.93 0.14
3013.92 1.03
3015.92 1.3
3017.92 7.35
3019.96 11.32
3021.92 1.04
3023.92 0.41
3025.91 1.38
3027.93 8.17
3029.92 0.24
3031.92 13.4
3033.92 0.17
3035.93 1.71
3037.92 0.82
3039.92 1.43
3042.16 2.77
3043.92 0.96
3045.92 1.01
3047.92 10.94
3049.92 0.34
3051.92 0.79
3053.91 7.34
3056.17 0.03
3058.62 4.88
3060.42 1.98
3063.43 0.02
3065.55 0.28
3068.59 4.23
3072.64 3.33
3075.21 0.06
3076.76 3.14
3078.43 0.42
3079.95 0.03
3082.62 0.32
3083.77 1.29
3085.42 0.17
3086.85 1.31
3088.14 4.88
3089.6 0.57
3090.89 4.5
3091.78 3.33
3093.91 4.49
3095.91 2.15
3098.03 1.87
3099.92 2.89
3101.98 0.29
3103.95 5.68
3105.92 1.66
3107.91 0.06
3109.92 2.4
3111.92 0.37
3113.96 2.68
3115.99 0.23
3117.91 1.03
3119.91 1.01
3121.92 0.25
3123.92 0.17
3125.82 0.03
3127.97 0.03
3130.94 0.44
3133.25 2.81
3135.98 1.81
3138.54 2.03
3140.36 1.9
3142.76 0.52
3146.61 0.01
3147.49 2.98
3150.16 0.03
3151.48 2.01
3152.88 0.34
3154.37 4.55
3155.94 0.03
3156.76 2.87
3157.92 0.68
3159.91 0.22
3161.95 1.34
3163.92 0.03
3165.95 0.03
3167.92 4.55
3169.92 4.89
3171.92 5.08
3173.93 0.12
3175.91 0.03
3177.91 0.17
3179.98 0.03
3181.91 0.71
3184.22 0.16
3187.13 1.69
3191.43 0.03
3195.69 0.03
3197.1 1.86
3198.58 1.79
3200.05 1.16
3201.66 1.54
3202.95 2.68
3203.82 1.57
3205.08 1.79
3206.3 1.3
3207.91 0.15
3209.89 0.18
3211.92 0.49
3213.93 0.03
3215.91 3.66
3217.92 1.9
3219.92 0.42
3221.96 1.63
3223.89 0.81
3226.0 0.5
3228.58 0.11
3230.79 3.03
3233.23 0.03
3236.01 1.78
3239.73 0.03
3242.12 0.33
3244.4 0.63
3246.01 0.99
3247.45 2.38
3248.38 0.82
3250.05 2.44
3251.86 2.42
3253.44 0.96
3256.06 0.85
3259.88 1.05
3262.2 2.64
3264.36 1.15
3266.27 2.15
3268.14 2.02
3269.78 0.26
3271.42 4.77
3272.45 0.62
3273.55 0.19
3274.8 4.76
3276.24 0.03
3278.05 0.03
3280.92 0.02
3282.06 0.44
3284.9 4.04
3286.04 3.67
3288.92 1.58
3290.33 1.56
3292.91 1.54
3294.92 1.41
3296.34 1.89
3298.91 3.99
3300.91 6.99
3302.92 0.33
3304.91 9.86
3306.92 7.9
3308.92 0.13
3310.92 1.88
3312.08 0.31
3314.92 1.14
3316.92 10.56
3318.92 2.99
3320.07 5.32
3322.91 13.24
3324.91 0.5
3326.91 14.04
3328.91 0.17
3330.91 0.65
3332.91 0.03
3334.9 3.11
3336.92 1.5
3338.18 0.03
3340.91 5.69
3342.9 8.52
3344.04 5.07
3346.92 1.06
3348.91 0.66
3350.09 0.31
3352.92 0.78
3354.92 0.03
3356.91 0.66
3358.91 0.23
3360.92 0.49
3362.91 2.98
3364.92 0.12
3366.92 2.17
3368.07 2.2
3370.91 11.45
3372.91 0.44
3374.91 0.12
3376.36 0.17
3378.91 1.03
3380.27 0.16
3382.93 10.58
3384.92 14.12
3386.92 13.42
3388.9 0.11
3390.92 2.34
3392.92 6.07
3394.91 1.89
3396.92 2.18
3398.92 2.25
3400.46 0.03
3402.91 1.0
3404.92 2.58
3406.23 0.36
3408.91 0.11
3410.57 0.49
3412.9 1.28
3414.92 0.9
3416.35 0.84
3418.27 0.48
3420.92 0.74
3422.92 2.12
3424.91 2.37
3427.19 0.16
3428.98 0.11
3430.56 6.64
3432.26 4.66
3434.92 0.12
3437.06 6.88
3438.2 1.19
3441.07 9.67
3442.5 0.03
3444.91 1.62
3446.91 5.9
3448.92 2.19
3450.92 0.75
3452.91 0.71
3454.91 0.23
3456.9 2.05
3458.94 9.41
3460.91 1.01
3462.91 3.02
3464.46 0.09
3467.03 1.23
3468.92 0.58
3470.92 2.93
3472.91 0.51
3474.91 6.94
3476.9 0.06
3478.92 0.12
3480.78 0.02
3482.17 0.26
3484.9 2.72
3486.94 1.66
3489.15 6.51
3490.72 0.65
3492.9 9.72
3494.16 3.85
3496.91 0.39
3498.15 0.03
3500.92 0.71
3502.91 8.69
3504.9 4.62
3506.92 7.8
3508.91 0.23
3510.91 0.23
3512.26 0.17
3514.91 0.23
3516.91 0.96
3518.92 11.59
3520.91 0.42
3522.22 0.24
3525.22 14.38
3526.92 15.08
3528.9 0.13
3530.91 2.95
3532.9 0.53
3534.92 18.41
3536.92 1.0
3538.91 3.4
3540.9 1.54
3542.91 5.76
3544.9 17.77
3546.92 19.48
3548.92 0.7
3550.91 5.41
3552.91 19.59
3554.91 1.86
3556.91 2.05
3558.92 16.99
3560.68 0.09
3562.91 8.73
3564.9 0.86
3566.92 3.86
3568.92 19.37
3570.91 0.17
3572.48 0.97
3574.92 0.17
3577.0 1.66
3579.3 2.49
3581.15 2.88
3582.29 6.59
3584.37 0.46
3586.91 6.09
3588.91 4.96
3590.92 0.14
3592.93 0.46
3594.91 0.35
3596.91 0.38
3598.92 5.39
3600.91 1.08
3602.91 0.85
3604.9 0.92
3606.9 0.35
3608.33 5.05
3610.91 1.19
3612.95 0.69
3614.91 3.39
3616.34 3.41
3618.92 0.48
3621.0 0.02
3622.54 2.85
3624.91 2.75
3626.56 2.83
3628.91 4.4
3630.95 0.03
3633.31 2.18
3636.1 0.45
3638.85 0.27
3642.05 1.23
3644.99 0.49
3647.76 0.95
3651.15 0.03
3653.15 0.71
3655.41 0.64
3656.73 0.49
3657.93 1.51
3658.81 0.29
3660.02 1.03
3661.2 2.06
3662.79 1.34
3664.37 0.32
3665.31 1.26
3666.73 2.28
3668.92 2.56
3670.91 3.9
3672.92 0.14
3674.9 10.05
3676.92 11.08
3678.91 0.11
3680.91 0.41
3682.91 5.19
3684.91 2.52
3686.91 2.4
3688.91 0.56
3690.6 0.03
3692.91 3.61
3694.92 0.12
3696.91 1.44
3698.91 0.78
3700.9 0.34
3702.91 7.41
3704.91 0.35
3706.92 0.03
3708.91 1.04
3710.63 0.03
3712.91 0.83
3714.77 1.46
3716.67 0.29
3719.0 2.52
3721.61 0.03
3723.89 0.12
3727.48 3.59
3730.04 1.02
3731.05 2.45
3732.07 2.15
3733.19 0.16
3734.66 0.25
3736.9 3.2
3738.91 2.87
3740.92 2.55
3742.9 0.89
3744.92 1.02
3746.9 0.03
3749.88 1.59
3752.01 1.1
3753.78 2.64
3755.98 0.03
3757.95 0.39
3759.78 3.06
3761.43 0.13
3762.53 3.89
3764.9 1.87
3766.54 1.16
3768.91 0.33
3770.9 0.29
3772.9 0.53
3774.91 0.31
3776.81 2.67
3778.9 0.84
3780.91 2.68
3782.5 2.9
3784.9 3.16
3786.44 3.16
3788.91 2.47
3792.16 2.7
3793.42 1.56
3795.26 0.38
3796.96 1.09
3798.86 1.18
3803.19 4.55
3807.61 2.1
3812.19 2.97
3814.77 3.07
3816.7 1.76
3818.94 1.12
3820.0 1.8
3822.16 0.45
3823.56 0.43
3824.4 4.8
3826.01 5.56
3827.25 0.51
3828.43 2.99
3829.7 1.4
3831.53 0.44
3832.78 1.03
3833.61 0.87
3835.86 0.01
3837.07 0.03
3839.21 0.08
3842.83 0.15
3845.04 0.02
3847.49 2.15
3849.32 1.3
3852.12 3.28
3855.41 0.16
3858.05 1.04
3861.69 2.99
3863.91 0.75
3866.61 2.67
3869.04 0.35
3870.42 2.66
3872.62 0.82
3873.88 0.4
3875.3 0.9
3876.63 0.35
3877.76 1.26
3878.99 0.61
3881.65 6.08
3882.95 9.26
3883.96 0.51
3884.98 2.42
3886.29 0.18
3887.97 7.1
3888.94 0.36
3890.9 0.02
3892.91 0.35
3894.78 3.57
3897.64 1.27
3900.66 0.35
3902.81 7.96
3904.8 0.14
3907.29 2.26
3910.77 0.3
3911.99 0.69
3915.57 1.22
3916.54 0.99
3917.65 0.36
3918.68 5.78
3919.78 0.39
3921.46 1.26
3923.23 0.77
3924.96 6.11
3926.91 3.12
3928.91 0.34
3930.91 1.16
3932.9 5.23
3934.91 0.49
3936.79 0.17
3938.63 0.33
3940.76 3.94
3942.91 1.21
3944.91 1.84
3948.04 1.63
3955.23 1.66
3960.64 0.17
3964.5 0.79
3965.71 0.91
3967.14 0.94
3968.37 1.1
3970.09 0.17
3972.77 0.71
3976.3 0.73
3979.18 0.72
3981.97 0.85
3984.44 0.8
3986.0 1.27
3987.12 0.27
3988.47 0.15
3989.79 1.15
3992.0 0.16
3993.16 1.6
3994.21 0.52
3995.13 1.84
3996.39 2.43
3997.8 0.77
3999.33 1.51
4000.97 1.38
4002.4 1.24
4004.02 0.83
4005.39 0.03
4006.17 2.72
4006.71 0.6
4007.67 3.58
4008.75 0.34
4010.91 0.5
4012.92 0.03
4014.91 0.2
4016.9 2.11
4018.91 0.32
4023.03 2.34
4028.94 0.03
4030.74 0.26
4032.3 1.17
4034.08 1.43
4036.48 1.68
4038.51 1.72
4040.89 1.56
4043.18 1.75
4044.64 0.29
4046.47 1.51
4047.92 0.03
4050.22 0.03
4054.05 2.02
4057.07 0.86
4059.3 1.28
4061.4 1.27
4063.09 1.17
4066.41 0.03
4068.81 0.03
4069.47 0.82
4070.17 0.53
4072.37 0.03
4073.33 1.1
4075.15 0.11
4077.44 0.89
4079.34 0.75
4081.23 0.28
4082.84 0.87
4084.84 0.89
4087.05 0.03
4089.41 0.63
4092.87 0.75
4096.35 0.78
4099.98 0.01
4102.19 0.16
4103.58 1.41
4104.52 0.37
4105.66 0.64
4106.76 1.12
4108.15 0.96
4110.42 0.03
4112.13 0.16
4113.24 2.15
4114.24 0.13
4115.08 2.56
4115.95 2.38
4118.78 1.85
4121.84 0.26
4125.02 0.31
4127.64 0.97
4130.57 2.02
4133.26 0.81
4134.78 0.4
4135.71 0.69
4136.78 1.77
4139.22 1.33
4142.1 1.28
4145.3 0.33
4146.54 1.82
4147.73 1.93
4148.71 1.66
4150.8 2.5
4154.0 0.01
4154.92 2.37
4155.71 0.16
4156.49 0.16
4158.28 2.1
4160.78 0.64
4163.11 2.63
4167.06 1.92
4171.96 3.16
4173.44 3.89
4175.12 0.08
4176.21 3.59
4177.77 0.01
4178.43 3.22
4179.05 0.51
4179.95 0.27
4181.95 1.86
4183.95 0.7
4187.27 2.82
4189.36 3.98
4191.49 0.99
4193.41 3.04
4194.65 5.49
4196.17 0.12
4198.29 0.23
4200.82 0.03
4203.42 0.03
4205.25 1.81
4210.29 0.17
4216.95 4.17
4217.86 1.33
4218.73 4.52
4221.13 0.16
4222.2 1.84
4224.04 1.21
4225.92 1.64
4228.61 4.86
4233.14 0.03
4234.44 3.12
4235.14 4.9
4235.85 0.33
4236.44 8.74
4238.2 0.34
4239.52 0.53
4241.52 0.03
4243.04 0.66
4244.67 0.03
4246.24 0.88
4248.36 2.42
4250.5 0.38
4253.26 2.64
4256.63 3.65
4259.86 0.52
4264.28 0.01
4265.52 1.55
4266.88 3.46
4268.46 0.67
4270.03 4.09
4271.32 5.93
4272.21 0.29
4273.14 6.13
4274.7 0.52
4276.06 4.7
4277.89 0.34
4280.58 0.38
4283.83 0.35
4287.38 1.56
4291.13 4.06
4292.38 4.97
4293.49 0.35
4294.58 0.19
4295.46 5.66
4298.34 2.0
4300.28 7.46
4302.37 0.51
4304.31 0.14
4305.53 0.32
4306.54 0.68
4308.16 0.29
4309.68 8.76
4311.49 1.95
4314.24 3.37
4316.35 1.03
4320.23 2.46
4325.04 4.85
4327.06 8.12
4329.39 0.03
4331.5 0.25
4332.48 0.64
4333.16 5.9
4335.97 3.63
4338.21 5.12
4339.29 1.96
4339.96 6.1
4342.25 0.31
4344.42 1.44
4347.31 5.17
4349.8 2.95
4351.78 5.85
4354.23 3.27
4355.67 0.03
4357.13 4.01
4358.45 0.59
4359.69 3.35
4361.13 0.16
4363.03 0.19
4364.89 2.82
4367.04 0.13
4369.37 3.27
4372.02 3.27
4375.05 1.93
4377.86 3.07
4381.12 0.03
4384.01 2.36
4385.83 4.19
4387.31 3.55
4388.98 3.32
4390.81 3.51
4392.65 3.63
4393.77 0.68
4395.15 0.86
4397.3 0.03
4399.4 1.28
4401.71 0.73
4404.18 1.81
4406.97 2.18
4408.8 1.83
4410.89 0.65
4412.99 0.68
4414.71 0.84
4416.88 1.91
4420.32 0.24
4423.12 0.72
4424.73 0.69
4426.12 0.91
4427.68 0.35
4428.97 1.88
4431.0 1.95
4432.73 0.3
4434.2 2.47
4435.53 2.02
4437.56 0.12
4439.66 1.61
4442.64 1.35
4445.4 2.3
4448.27 0.4
4450.64 1.39
4453.52 0.89
4455.09 0.03
4456.2 1.31
4457.58 0.03
4458.34 1.89
4459.99 0.44
4461.04 0.04
4462.03 2.68
4463.64 0.51
4465.14 2.92
4466.71 0.47
4468.26 2.03
4469.54 0.26
4470.85 0.34
4472.38 3.86
4477.85 3.0
4479.27 4.76
4481.44 0.03
4482.86 0.92
4486.33 0.66
4489.68 0.74
4493.25 3.57
4494.22 0.39
4495.87 1.15
4498.66 0.01
4500.45 1.37
4502.44 0.66
4504.27 0.29
4506.03 1.28
4507.76 0.03
4509.84 0.03
4511.22 1.37
4512.54 2.7
4513.96 1.99
4515.25 2.46
4516.42 1.61
4517.96 1.01
4519.92 1.59
4522.22 4.29
4524.69 0.11
4525.95 4.35
4527.63 0.03
4529.31 1.04
4531.17 6.25
4532.74 1.29
4534.29 0.29
4537.21 1.65
4539.54 0.13
4540.92 0.99
4542.38 0.99
4544.94 10.72
4546.98 0.38
4548.95 14.53
4550.37 0.03
4552.95 3.49
4554.94 0.55
4556.95 2.99
4558.94 5.89
4560.95 22.49
4562.94 11.33
4564.95 0.16
4566.43 0.16
4568.94 0.17
4570.95 0.17
4572.94 1.45
4574.95 0.85
4576.95 7.08
4578.48 2.19
4580.53 0.03
4582.96 3.03
4584.73 0.45
4586.96 2.97
4588.94 1.18
4590.95 26.37
4592.47 0.03
4594.95 23.72
4596.95 16.61
4598.95 2.24
4600.95 7.64
4602.45 6.4
4604.95 1.46
4606.95 0.03
4608.84 1.25
4610.51 4.35
4612.94 0.36
4615.01 1.02
4617.39 2.55
4620.19 0.37
4622.61 17.37
4624.48 1.45
4626.09 0.26
4627.41 4.39
4628.85 19.43
4631.95 0.24
4634.07 2.13
4636.17 2.43
4638.13 2.44
4640.94 2.39
4642.96 3.49
4644.32 0.03
4646.95 2.07
4649.94 0.03
4652.0 1.06
4653.64 1.02
4655.56 5.23
4657.37 6.81
4658.98 13.75
4661.2 1.56
4664.04 1.17
4666.58 2.51
4669.68 12.25
4673.17 0.14
4675.15 15.81
4676.81 0.17
4678.67 0.02
4679.42 5.47
4680.5 0.16
4681.62 1.0
4682.91 1.17
4687.53 1.56
4691.31 0.69
4693.11 0.13
4694.74 0.56
4696.3 3.31
4697.72 0.76
4699.45 0.34
4701.72 4.06
4704.36 0.31
4706.12 0.53
4707.89 3.18
4709.79 1.02
4711.88 4.01
4713.77 0.22
4715.19 5.35
4716.55 6.88
4719.36 0.82
4722.44 0.85
4723.52 0.14
4725.17 0.13
4727.27 0.28
4728.31 0.36
4729.26 1.72
4730.14 0.53
4732.23 0.27
4735.61 0.71
4741.95 0.03
4744.1 2.55
4746.78 0.35
4750.5 1.25
4752.66 1.15
4754.16 2.23
4754.75 1.6
4755.61 0.93
4757.16 0.84
4758.38 0.17
4760.15 1.85
4763.84 1.62
4765.0 0.03
4765.91 0.32
4767.14 4.13
4768.2 0.64
4770.16 0.52
4771.55 3.09
4772.96 0.38
4774.77 0.34
4781.41 2.2
4783.01 0.53
4785.48 1.85
4787.46 1.89
4789.12 2.23
4791.72 0.3
4793.5 0.13
4796.27 0.01
4797.93 3.57
4800.58 0.03
4802.9 1.12
4804.15 2.98
4806.08 0.25
4807.69 2.79
4811.59 0.68
4812.74 1.25
4815.13 0.97
4816.68 1.88
4818.3 3.9
4819.84 4.62
4821.54 3.02
4822.51 4.91
4824.56 0.12
4825.87 3.48
4826.8 0.13
4828.83 2.06
4830.78 0.03
4832.73 0.82
4836.82 2.84
4840.37 0.16
4842.97 2.68
4845.28 0.32
4847.23 2.08
4849.51 0.15
4852.3 1.4
4854.9 1.43
4857.58 0.16
4859.5 2.73
4861.32 0.17
4862.5 1.69
4863.08 1.24
4863.77 0.57
4866.48 0.45
4871.34 0.15
4874.05 1.3
4876.2 1.63
4878.43 0.61
4880.68 1.57
4883.43 0.13
4887.1 1.18
4888.4 1.12
4891.99 0.03
4893.11 2.34
4893.91 0.36
4894.92 1.86
4895.9 0.78
4896.7 1.69
4897.3 0.03
4899.48 1.8
4901.04 2.72
4902.12 3.96
4903.27 0.5
4904.32 1.95
4905.67 2.37
4908.22 0.77
4910.32 1.63
4913.98 0.52
4917.13 1.33
4921.03 0.36
4922.41 4.97
4923.76 2.07
4924.55 6.65
4926.19 4.23
4927.78 2.34
4929.7 0.91
4931.27 0.87
4933.45 1.71
4936.96 3.21
4942.38 0.29
4943.79 0.25
4944.86 1.17
4945.96 0.22
4947.25 2.04
4948.47 0.15
4949.68 0.6
4952.05 1.74
4954.62 1.75
4957.84 0.67
4959.08 0.49
4960.47 0.13
4961.96 5.22
4965.42 0.51
4969.4 0.44
4972.29 1.17
4973.14 0.32
4973.74 1.16
4976.47 0.01
4977.64 1.24
4980.15 3.07
4982.1 0.21
4982.91 1.01
4984.52 5.36
4987.29 0.03
4989.25 0.87
4991.52 0.14
4992.64 13.48
4993.52 14.79
4995.28 0.33
4996.84 1.16
4998.22 6.11
5000.21 5.63
5001.71 0.13
5003.97 0.04
5006.08 1.69
5008.07 2.81
5010.22 6.67
5012.43 0.85
5014.43 0.29
5016.29 1.89
5018.22 27.77
5019.98 0.52
5022.22 7.53
5023.84 0.03
5026.22 8.59
5028.02 0.16
5030.24 0.1
5033.59 0.94
5037.78 9.33
5040.65 0.34
5044.64 0.51
5046.06 0.35
5048.46 0.17
5051.99 0.38
5054.04 2.76
5055.71 2.43
5058.82 0.78
5060.32 2.46
5062.22 4.91
5063.56 0.16
5065.47 1.38
5067.56 2.5
5069.26 0.35
5071.43 3.35
5073.6 0.57
5074.88 5.24
5075.82 2.31
5076.63 1.89
5077.46 5.29
5079.15 0.57
5080.9 1.26
5082.12 1.82
5083.27 4.59
5084.67 3.71
5086.47 0.52
5088.57 5.97
5090.23 8.04
5092.22 14.05
5094.22 0.59
5096.22 21.0
5098.22 0.34
5100.22 2.42
5102.22 0.18
5104.21 0.24
5106.21 0.12
5109.47 9.3
5113.73 1.5
5117.33 5.28
5118.25 2.82
5119.25 8.61
5120.53 0.23
5122.14 5.51
5124.24 0.92
5126.3 0.87
5127.97 3.41
5129.93 1.07
5131.96 3.26
5134.37 1.33
5136.33 0.85
5138.61 3.76
5142.24 0.39
5146.47 0.12
5147.87 0.46
5149.54 2.5
5150.55 0.17
5151.86 0.7
5156.11 2.47
5160.0 0.13
5162.18 3.83
5164.32 2.86
5166.93 1.79
5168.25 2.75
5169.55 0.21
5170.82 2.97
5171.99 1.4
5173.6 1.74
5176.03 0.48
5178.29 0.08
5179.69 1.99
5181.45 0.51
5183.72 1.93
5186.88 1.83
5189.61 0.14
5191.26 1.18
5193.08 0.34
5194.72 1.88
5198.78 1.33
5200.51 1.74
5203.3 0.03
5204.34 1.58
5206.56 1.19
5207.73 1.96
5210.12 1.46
5212.88 1.5
5214.71 2.68
5215.68 3.31
5216.29 3.82
5217.12 3.48
5219.08 0.4
5221.11 12.79
5222.76 0.29
5225.04 1.2
5226.87 7.06
5229.0 0.83
5231.08 8.34
5233.09 0.84
5235.77 10.88
5237.88 4.1
5239.04 10.99
5241.09 8.42
5243.09 0.34
5244.84 0.03
5247.08 0.67
5249.09 0.87
5251.09 0.49
5253.08 0.59
5255.08 2.41
5257.09 3.4
5259.08 0.22
5261.1 0.03
5263.09 0.12
5265.13 2.58
5267.09 12.19
5269.08 0.02
5271.11 1.44
5273.09 13.22
5275.08 0.16
5277.08 0.03
5279.08 15.44
5281.08 0.15
5283.08 0.52
5284.98 0.24
5287.08 0.9
5289.08 0.99
5291.09 1.99
5293.08 1.92
5295.09 1.67
5297.08 0.26
5299.08 2.32
5301.09 0.68
5303.08 1.32
5305.08 9.6
5307.08 5.89
5309.09 0.17
5311.09 0.12
5313.08 0.25
5315.08 0.03
5317.09 5.22
5319.08 0.69
5321.08 0.7
5323.08 2.64
5325.09 0.8
5327.09 0.69
5329.08 0.13
5331.08 0.46
5333.09 0.16
5335.09 0.26
5336.99 0.64
5339.09 4.83
5340.92 4.65
5342.97 5.91
5345.09 2.2
5347.08 0.42
5349.08 0.15
5351.08 1.76
5353.08 1.77
5355.08 0.46
5357.08 0.53
5358.93 0.03
5361.38 0.69
5363.08 0.41
5364.95 0.16
5367.07 3.72
5369.09 0.37
5371.41 0.03
5373.14 3.37
5378.51 5.51
5379.74 5.56
5380.58 7.45
5381.21 9.26
5383.08 0.7
5385.09 1.2
5387.07 0.33
5389.02 7.96
5391.08 0.65
5392.92 0.32
5397.67 0.5
5400.21 0.26
5402.91 1.23
5404.57 5.4
5405.87 9.08
5407.12 0.63
5408.38 0.25
5409.71 0.67
5411.08 9.56
5413.08 10.46
5415.09 9.54
5417.09 0.58
5419.09 3.15
5421.09 10.55
5423.08 15.69
5425.09 8.55
5427.09 2.71
5430.02 0.03
5431.09 1.79
5433.09 1.92
5435.08 0.57
5438.53 1.48
5441.82 0.89
5448.48 0.82
5450.52 1.3
5452.17 0.13
5454.33 0.21
5455.72 1.24
5457.08 3.2
5460.67 0.03
5462.48 1.94
5467.05 0.71
5468.89 0.23
5471.29 0.85
5475.93 0.47
5477.05 0.17
5477.89 1.29
5478.78 0.34
5480.02 1.73
5482.09 0.11
5483.21 1.67
5484.52 0.12
5485.75 0.68
5487.67 1.03
5492.89 0.67
5495.0 0.17
5496.1 1.06
5497.57 0.16
5498.45 0.84
5502.33 0.58
5504.12 0.03
5505.67 0.47
5508.2 0.47
5509.94 0.51
5512.07 0.16
5513.26 1.15
5514.16 1.17
5514.92 0.17
5515.46 2.31
5516.98 0.82
5518.6 1.04
5521.6 0.01
5522.25 2.08
5523.93 0.93
5529.51 1.73
5532.6 1.28
5535.84 0.03
5537.35 0.17
5538.71 0.96
5540.88 0.29
5542.92 0.8
5545.19 0.16
5547.96 0.82
5553.22 0.03
5554.77 0.88
5555.9 1.15
5556.91 0.11
5557.77 2.02
5558.55 0.29
5559.36 0.17
5560.28 1.36
5560.86 0.14
5562.69 1.23
5565.01 0.17
5566.61 1.86
5570.81 0.17
5571.97 0.18
5573.05 2.98
5574.94 0.03
5576.79 5.3
5578.39 2.94
5579.82 0.5
5581.23 6.28
5582.91 0.28
5587.2 0.36
5589.46 0.17
5593.76 6.31
5599.28 0.01
5600.44 1.62
5601.55 1.77
5602.62 0.17
5603.62 3.99
5604.66 0.33
5605.76 0.03
5607.0 9.75
5607.95 0.69
5610.08 8.98
5612.67 0.81
5614.89 1.83
5617.99 0.8
5621.93 0.83
5626.08 3.11
5628.18 0.17
5632.05 0.48
5636.71 1.03
5639.24 0.48
5641.55 0.35
5643.35 0.01
5644.1 1.65
5645.48 0.64
5647.2 1.28
5648.78 1.07
5649.55 0.73
5650.92 1.38
5652.53 1.2
5654.03 0.92
5656.01 0.38
5658.52 0.03
5660.52 0.8
5661.8 0.27
5662.53 0.87
5663.79 0.12
5665.02 1.11
5666.65 0.84
5670.85 0.02
5672.85 0.57
5675.58 0.03
5676.7 1.04
5677.73 1.32
5679.65 1.12
5681.64 1.04
5683.68 0.13
5684.92 1.33
5687.62 0.17
5689.16 1.0
5691.93 0.5
5694.5 0.97
5696.51 0.62
5699.16 0.5
5701.05 0.76
5703.4 0.03
5705.15 0.9
5707.23 0.51
5710.26 0.29
5711.09 0.61
5713.31 0.01
5714.09 1.91
5716.28 0.02
5717.24 0.56
5718.84 1.41
5720.31 1.94
5722.24 1.14
5726.44 0.03
5727.68 0.26
5728.94 1.16
5730.9 0.03
5732.96 0.86
5734.77 1.79
5735.85 2.47
5739.0 0.03
5743.78 0.16
5748.8 0.98
5751.26 0.5
5752.08 0.36
5752.81 0.54
5753.57 0.1
5754.18 0.96
5756.73 0.03
5759.55 0.76
5762.56 0.94
5765.82 1.04
5769.22 0.36
5772.58 0.12
5774.7 1.13
5777.45 0.79
5779.53 1.39
5781.11 0.7
5783.3 0.84
5785.34 1.19
5786.89 0.83
5788.26 2.55
5789.79 0.03
5791.39 0.22
5792.82 0.63
5793.91 1.61
5794.87 2.21
5795.9 0.81
5797.16 2.28
5798.24 0.28
5799.55 0.34
5801.03 0.86
5802.37 1.71
5803.9 1.23
5805.92 0.32
5807.91 0.66
5809.38 0.17
5811.41 0.98
5813.07 0.84
5817.15 0.17
5818.74 1.83
5819.74 2.1
5822.62 0.35
5825.87 1.54
5827.4 0.64
5828.78 1.73
5830.37 0.48
5832.14 1.26
5834.69 0.04
5837.21 0.03
5838.7 1.26
5841.32 0.31
5843.41 1.65
5845.94 0.16
5848.5 0.16
5850.84 0.97
5854.45 0.58
5856.76 0.76
5860.41 0.17
5863.25 0.34
5865.62 0.82
5867.23 0.56
5868.66 0.39
5872.94 0.17
5875.68 0.9
5877.11 1.19
5877.85 0.53
5878.89 1.26
5880.22 0.67
5881.91 0.61
5883.86 1.05
5886.44 0.85
5889.85 0.39
5891.39 0.69
5894.37 0.83
5898.68 0.03
5901.75 0.57
5903.38 0.03
5904.3 0.81
5905.69 0.03
5906.89 0.13
5907.9 0.92
5909.08 0.91
5910.02 1.05
5910.84 0.66
5911.42 0.26
5913.0 1.58
5914.96 0.34
5916.9 1.3
5919.44 0.73
5922.04 0.83
5923.66 0.03
5924.74 0.5
5926.26 0.46
5927.64 2.0
5929.33 1.89
5930.5 2.23
5932.18 1.16
5933.06 0.73
5935.18 0.32
5937.09 3.88
5941.24 0.02
5944.61 2.55
5948.11 3.32
5949.88 1.01
5951.44 1.07
5954.59 0.92
5957.8 2.33
5959.54 0.57
5961.47 0.29
5964.42 1.59
5967.01 0.03
5968.98 2.88
5971.21 0.17
5972.29 1.19
5973.39 0.14
5974.35 0.52
5975.13 2.66
5977.69 1.39
5980.82 0.66
5984.89 0.18
5985.95 0.47
5986.76 2.2
5987.92 0.46
5988.97 2.42
5991.28 0.34
5993.3 2.22
5995.3 0.26
5996.62 0.37
5998.46 2.61
6000.24 1.9
6001.71 2.21
6004.83 0.03
6006.5 0.52
6008.32 2.5
6009.64 0.24
6010.55 1.99
6012.01 0.12
6015.42 2.51
6019.69 1.78
6021.95 0.12
6024.04 0.29
6025.53 0.3
6027.14 4.58
6029.43 0.17
6031.44 0.21
6033.18 0.66
6035.26 1.97
6037.44 0.18
6040.0 0.12
6041.43 1.59
6042.86 0.31
6044.52 0.03
6045.82 3.05
6047.31 0.49
6049.1 2.43
6050.93 0.16
6053.17 1.9
6056.32 2.19
6059.6 0.18
6061.65 2.08
6062.85 0.41
6063.66 1.83
6067.1 0.39
6070.08 1.03
6073.19 1.64
6074.82 0.64
6076.25 2.2
6077.44 0.17
6079.72 0.17
6081.9 1.92
6082.98 0.48
6084.52 2.14
6087.12 0.03
6088.92 3.43
6090.24 0.17
6091.99 0.16
6092.95 0.32
6093.86 2.21
6095.1 1.74
6098.04 0.84
6101.84 0.69
6103.94 1.94
6105.47 2.18
6107.67 3.08
6109.09 0.13
6112.84 0.17
6116.89 0.16
6119.05 2.93
6120.42 3.34
6121.4 0.26
6123.1 3.09
6125.63 0.57
6128.93 0.03
6130.11 3.13
6131.58 0.03
6133.17 1.13
6134.67 1.04
6136.06 2.51
6137.02 0.5
6138.93 0.23
6143.17 2.52
6146.6 2.05
6147.9 2.38
6148.48 0.84
6149.29 2.68
6150.5 2.24
6151.86 0.12
6152.82 3.05
6154.34 0.25
6159.39 2.07
6164.11 0.33
6164.98 0.17
6168.8 1.41
6171.51 0.01
6172.07 2.54
6172.99 1.82
6174.53 0.17
6176.36 1.7
6178.85 0.01
6180.02 0.6
6181.2 0.86
6183.55 1.5
6186.24 0.11
6188.91 1.4
6190.48 1.95
6192.42 1.31
6193.19 1.63
6194.27 1.54
6195.6 0.17
6196.96 2.47
6198.63 3.33
6200.61 0.16
6202.61 0.24
6204.41 5.11
6206.22 0.17
6208.21 0.65
6210.7 3.85
6214.81 0.14
6216.54 3.53
6217.37 7.53
6218.47 0.16
6220.6 0.5
6222.61 0.41
6224.6 1.7
6226.6 0.17
6228.61 0.03
6230.89 4.95
6234.32 0.25
6237.8 0.49
6243.24 0.01
6246.94 4.42
6248.14 0.33
6249.31 0.45
6250.9 3.2
6252.73 0.03
6254.27 3.75
6254.86 3.09
6256.02 0.34
6257.73 0.12
6259.66 0.11
6262.19 0.33
6265.42 0.34
6268.41 2.58
6270.77 1.22
6273.37 0.03
6275.36 2.68
6277.36 0.34
6279.98 2.34
6283.22 0.33
6284.81 1.61
6286.91 1.33
6290.24 0.01
6291.55 0.97
6292.56 1.85
6293.28 2.16
6295.4 1.14
6297.69 1.59
6299.64 2.21
6300.77 0.84
6301.69 4.23
6302.81 1.14
6303.74 1.12
6304.79 1.05
6305.52 6.94
6306.36 7.12
6308.6 0.12
6310.6 2.56
6312.83 0.03
6315.69 1.07
6318.56 0.27
6322.17 0.03
6325.69 2.19
6329.92 0.75
6333.94 1.8
6337.15 0.38
6338.34 0.35
6339.52 1.87
6340.62 0.87
6342.05 2.91
6344.47 0.03
6346.97 2.46
6349.32 0.07
6351.12 0.5
6353.21 2.96
6355.2 0.77
6357.06 4.33
6359.04 0.03
6361.47 0.03
6362.6 2.71
6363.72 0.39
6365.42 2.14
6367.57 0.7
6368.99 1.8
6371.02 0.17
6373.18 0.5
6375.03 2.28
6376.86 1.95
6378.84 1.98
6380.39 0.66
6383.76 0.16
6387.08 1.3
6389.87 0.82
6391.33 1.66
6393.58 1.37
6395.71 1.24
6397.9 2.22
6399.96 0.03
6402.36 1.6
6403.9 0.78
6405.23 0.11
6406.82 0.55
6409.18 1.97
6411.17 1.78
6412.71 1.31
6414.17 1.64
6415.57 0.72
6417.2 1.66
6419.48 0.03
6421.23 0.68
6422.68 2.46
6424.01 1.65
6426.84 1.58
6428.02 0.3
6429.11 0.42
6430.33 1.57
6433.42 0.51
6436.15 2.24
6438.56 0.44
6441.29 2.18
6443.03 2.2
6444.4 0.39
6445.75 2.32
6447.14 2.19
6449.74 0.41
6453.93 3.58
6457.31 0.17
6459.43 0.38
6460.86 0.21
6461.8 3.27
6463.54 0.36
6465.89 2.98
6468.0 0.14
6470.35 0.34
6472.07 0.85
6473.23 1.55
6475.53 1.89
6479.44 0.24
6481.13 0.94
6483.32 2.64
6484.31 0.14
6485.69 2.02
6487.12 1.04
6489.95 1.24
6491.64 0.85
6493.41 0.17
6495.69 1.57
6497.44 0.33
6499.46 1.63
6500.94 1.76
6502.47 0.81
6505.19 1.49
6507.03 0.25
6508.25 1.97
6509.33 0.24
6510.25 2.09
6512.94 0.15
6514.85 0.16
6516.03 3.2
6517.82 1.16
6519.36 5.12
6520.48 0.37
6521.66 0.66
6523.83 4.0
6527.04 0.17
6530.01 0.63
6533.28 1.33
6537.61 1.79
6542.1 2.4
6543.67 2.41
6545.42 2.54
6546.54 2.18
6548.08 1.55
6549.62 2.58
6550.79 0.26
6552.1 3.36
6553.11 0.84
6554.52 0.03
6555.71 0.14
6556.95 3.5
6558.25 0.73
6559.6 4.78
6560.6 1.07
6562.6 0.23
6564.6 0.24
6566.6 0.16
6568.79 0.56
6571.83 10.28
6572.54 0.28
6574.6 0.17
6577.28 0.12
6580.98 0.35
6585.05 1.05
6587.69 0.15
6590.07 1.32
6590.99 0.83
6591.89 1.31
6593.11 1.31
6594.84 0.68
6596.09 0.65
6596.76 0.39
6598.6 0.17
6600.6 10.15
6602.6 1.67
6606.23 0.12
6609.73 0.03
6614.17 1.4
6617.22 0.74
6618.79 1.21
6621.23 0.34
6624.93 1.26
6626.56 1.78
6628.17 0.44
6631.36 1.01
6632.7 2.07
6633.62 1.57
6634.32 2.88
6634.92 1.34
6636.0 5.5
6636.81 1.89
6637.47 9.22
6638.71 3.42
6640.6 0.02
6642.63 11.36
6645.18 3.04
6647.2 12.2
6648.97 8.56
6650.91 0.87
6653.7 0.55
6655.98 2.23
6658.52 4.02
6661.6 0.21
6665.1 0.63
6672.34 0.48
6674.27 0.34
6676.22 2.57
6678.86 0.02
6680.01 2.17
6681.25 2.4
6683.75 0.17
6685.54 0.03
6688.86 0.02
6690.13 3.06
6691.02 0.17
6691.71 2.33
6694.93 0.14
6698.47 1.64
6700.32 0.59
6701.81 0.43
6704.33 1.06
6705.75 0.27
6706.85 0.79
6707.78 1.08
6708.78 0.64
6709.65 1.51
6710.51 0.5
6712.44 2.19
6714.23 0.51
6715.89 1.7
6719.14 0.8
6722.06 2.05
6723.52 3.58
6724.63 5.08
6725.58 4.03
6727.08 8.73
6728.46 0.43
6730.15 2.26
6731.35 2.94
6733.6 0.95
6735.6 0.13
6737.6 24.73
6739.61 2.48
6741.6 11.76
6743.6 0.64
6745.6 0.17
6746.82 0.57
6749.6 0.17
