0.0 4.71
1.32 3.36
3.34 3.6
5.4 3.93
6.45 3.99
8.46 3.99
9.62 4.8
11.16 4.96
12.62 5.58
13.93 5.18
16.29 4.42
17.36 3.56
20.34 2.32
23.34 3.22
25.96 7.73
28.02 3.98
29.89 2.58
31.55 2.35
32.84 3.35
34.69 2.61
36.64 7.54
37.66 3.64
40.44 3.34
43.31 3.84
45.29 2.59
46.25 3.74
46.83 2.78
48.74 3.39
50.56 2.85
52.57 1.71
54.56 4.82
56.57 3.43
58.56 0.67
60.56 3.66
62.81 0.53
64.81 2.94
66.7 1.22
68.81 3.61
70.81 1.9
72.81 2.79
74.81 5.08
76.81 5.24
78.81 0.53
80.82 3.08
82.81 2.66
84.81 0.52
86.66 5.62
88.9 3.28
90.81 2.82
92.6 5.41
95.34 5.41
98.02 6.46
101.72 4.8
103.98 4.29
105.19 4.21
106.59 4.59
108.58 4.36
109.52 5.15
116.36 4.21
117.36 4.44
117.99 3.86
120.12 2.13
122.29 5.51
124.11 5.1
126.12 3.28
128.5 0.54
132.06 4.06
134.79 5.15
136.95 7.72
139.22 7.04
142.45 5.79
144.6 4.25
146.33 5.96
147.71 7.29
149.22 7.73
151.06 6.78
152.43 7.19
154.06 6.23
155.58 7.44
157.33 7.38
158.91 5.14
160.33 4.68
162.12 7.06
164.26 5.43
166.68 4.78
168.14 5.55
170.12 7.32
172.12 7.52
174.12 7.53
176.32 7.73
178.48 7.72
180.12 7.1
182.12 7.2
184.12 7.51
186.12 14.51
188.12 7.43
190.12 7.51
192.12 8.2
194.12 7.49
196.12 7.6
198.12 5.59
200.12 6.35
202.12 17.66
204.12 6.73
206.12 7.55
208.12 7.29
210.12 9.53
212.12 7.56
214.12 7.71
216.12 15.91
218.12 7.03
220.12 5.29
222.12 7.42
224.12 7.63
226.12 18.05
228.12 7.44
230.12 7.58
232.12 7.3
234.12 7.19
236.12 7.04
238.12 7.62
240.12 7.89
242.12 6.64
244.12 7.72
247.12 6.16
248.34 4.95
250.12 1.37
252.12 7.6
254.12 7.62
256.12 7.72
258.12 7.68
260.12 9.34
262.12 5.94
264.12 2.54
266.12 7.47
268.12 7.55
270.12 7.39
272.12 7.6
274.12 16.8
276.12 4.04
278.16 7.2
280.12 7.44
282.12 7.29
284.12 6.98
286.12 7.42
288.12 16.64
290.12 7.2
292.12 7.55
294.12 6.58
296.12 7.54
298.12 7.54
300.12 7.29
302.12 7.41
304.12 7.06
306.13 7.23
308.12 7.59
310.12 6.73
312.37 14.36
314.37 7.25
316.37 7.41
318.37 7.42
320.37 7.12
322.37 14.74
324.14 7.48
326.15 7.21
328.37 6.66
330.37 0.58
332.37 15.88
334.37 7.54
336.37 7.1
338.37 6.76
340.37 5.12
342.37 7.53
344.37 7.49
346.37 18.19
348.37 7.2
350.17 7.33
352.37 3.68
354.37 0.03
356.37 10.04
358.37 6.38
360.37 7.33
362.37 7.47
364.37 7.53
366.37 7.6
368.37 0.34
370.37 9.26
372.37 7.54
374.37 10.18
376.37 2.57
378.37 3.86
380.37 7.46
382.37 6.95
384.37 7.43
386.37 7.4
388.37 7.02
390.37 7.55
392.37 7.19
394.37 7.68
396.37 7.46
398.32 7.2
400.37 7.3
402.79 7.44
405.36 7.45
407.94 7.72
409.36 7.44
411.58 7.45
413.48 7.72
415.46 7.71
417.82 7.25
419.6 7.18
422.26 7.86
424.22 7.44
426.24 7.45
427.99 7.72
430.5 7.2
432.75 7.62
434.92 7.04
437.16 7.21
439.25 7.33
441.74 5.34
443.66 3.23
446.42 1.91
448.45 2.18
451.22 1.55
453.57 1.04
455.72 2.7
460.49 3.65
461.66 4.47
464.04 0.88
466.58 0.52
468.84 1.16
470.02 2.32
471.27 3.31
472.83 4.38
474.52 2.68
475.58 4.51
477.18 5.56
479.08 2.95
481.72 3.05
483.77 7.5
485.46 7.73
486.7 6.55
488.42 3.05
489.7 6.06
490.84 6.2
492.22 7.29
493.99 4.82
495.99 7.02
497.99 6.72
499.99 9.92
501.99 6.93
503.99 16.72
505.99 2.81
507.99 7.86
509.99 4.52
511.99 4.92
513.99 5.26
516.0 4.85
517.99 4.57
519.99 5.42
522.07 4.78
523.99 3.2
526.6 3.75
529.65 5.34
530.73 5.69
532.41 4.95
534.9 0.21
538.2 3.45
539.64 3.34
541.46 2.97
542.91 5.79
544.25 5.1
546.23 3.54
549.45 2.75
552.73 2.66
554.84 4.89
556.01 2.15
556.8 5.03
558.54 3.86
560.79 3.79
563.91 2.79
566.16 5.21
567.29 4.71
568.18 5.57
570.24 4.1
573.22 2.72
577.26 2.47
579.13 3.4
581.75 2.32
583.04 5.28
584.61 1.75
586.91 1.28
588.69 6.44
590.1 6.42
591.34 7.02
592.95 5.64
595.47 4.57
599.41 2.25
601.58 2.67
602.94 5.0
604.06 1.76
604.9 13.93
606.16 5.81
608.24 8.96
610.25 4.34
612.85 2.02
615.72 4.32
617.96 4.84
619.54 3.93
621.61 3.94
623.57 3.58
625.79 5.73
626.91 6.33
628.42 5.63
630.24 4.63
632.25 3.38
634.66 2.36
636.95 2.92
638.17 6.32
640.24 4.63
642.24 5.19
644.11 2.44
646.42 2.15
648.55 5.3
650.24 5.63
652.22 3.36
654.38 0.18
656.2 3.69
658.24 5.48
660.25 6.11
662.24 6.52
664.24 3.86
666.24 4.69
668.25 4.07
670.25 5.14
672.26 6.17
674.24 6.06
676.24 6.13
678.24 3.76
680.24 3.23
682.22 2.51
684.31 4.82
686.25 4.69
688.24 4.23
690.25 3.84
692.25 3.64
694.24 3.86
696.24 1.23
698.24 4.2
700.25 4.75
702.25 4.74
704.24 3.43
706.24 4.77
708.24 3.85
710.24 4.82
712.24 4.22
714.24 3.2
716.24 3.31
718.24 2.52
720.25 3.58
722.24 2.95
724.24 15.93
726.25 7.2
728.25 7.28
730.24 7.29
732.24 7.38
734.24 14.97
736.25 7.44
738.24 7.72
740.24 5.05
742.25 3.86
744.24 7.51
746.25 7.35
748.24 17.34
750.25 7.41
752.24 7.43
754.25 7.58
756.25 7.07
758.25 7.51
760.25 7.15
762.25 7.44
764.24 7.44
766.25 7.41
768.24 14.85
770.24 6.32
772.24 14.32
774.25 7.59
776.25 7.49
778.25 7.25
780.25 7.37
782.25 15.92
784.5 7.48
786.5 7.73
788.49 7.42
790.5 7.57
792.5 7.72
794.5 7.74
796.5 15.92
798.5 7.3
800.5 7.28
802.49 7.11
804.5 7.71
806.5 7.7
808.5 7.08
810.5 6.94
812.8 7.58
814.5 7.41
816.5 7.44
818.49 5.66
820.5 16.91
822.5 7.37
824.5 7.46
826.5 7.16
828.5 7.14
830.4 1.58
833.25 0.42
836.02 3.33
837.88 5.57
840.48 2.12
842.84 3.92
844.96 2.25
847.15 3.81
849.04 5.96
850.55 7.61
851.48 7.47
852.88 7.57
854.5 7.35
856.5 7.28
858.5 7.25
860.5 7.13
862.5 7.07
864.5 7.04
866.5 7.38
868.5 13.93
870.51 0.79
872.43 5.66
874.5 7.07
876.56 7.45
878.51 3.91
880.5 5.43
882.5 5.43
884.5 5.54
886.5 5.53
888.5 2.03
890.5 3.7
892.51 0.63
894.84 4.82
896.89 5.15
899.24 3.87
901.4 4.57
903.03 7.48
904.5 7.37
906.5 7.73
908.5 7.44
910.5 7.72
912.5 7.31
914.5 7.12
916.5 17.37
918.5 7.59
920.5 8.03
