0.0 46.06
0.9 41.36
2.89 47.04
4.89 47.75
6.89 45.47
8.9 14.52
10.89 20.43
12.89 49.21
14.9 45.82
16.89 15.46
18.9 46.39
20.89 47.17
22.9 2.64
24.9 16.41
26.89 46.02
28.89 46.11
30.89 3.65
32.89 48.69
34.9 16.16
36.89 48.18
38.89 44.85
40.9 45.74
42.96 1.86
44.9 44.17
46.89 1.2
48.89 47.59
50.9 3.74
52.89 46.78
54.89 46.41
56.9 7.69
58.89 47.35
60.9 47.08
62.89 15.97
64.89 19.31
66.89 46.42
68.89 47.43
70.89 45.26
72.9 15.8
74.89 43.16
76.89 16.26
78.9 47.37
80.9 46.7
82.89 46.59
84.89 47.4
86.89 46.09
88.9 2.53
90.89 47.95
92.89 47.03
94.89 37.79
96.89 48.2
98.9 47.58
100.89 47.72
102.89 45.58
104.89 48.82
106.89 46.98
108.89 0.6
110.89 48.05
112.89 47.4
114.89 50.16
116.89 47.08
118.89 48.41
120.89 45.34
122.89 4.22
124.89 15.82
126.89 48.41
128.89 49.37
130.89 45.68
132.89 46.99
135.14 44.57
137.14 45.69
139.14 47.04
141.15 45.92
143.14 36.44
145.15 48.17
147.15 47.02
149.14 46.98
151.14 48.52
153.14 49.35
155.15 48.7
157.14 48.6
159.14 46.05
161.14 44.76
163.14 46.75
165.14 41.77
167.14 48.69
169.14 46.78
171.15 6.59
173.15 46.75
175.14 3.22
177.14 46.66
179.15 48.92
181.14 35.51
183.15 16.39
185.14 49.44
187.15 47.64
189.15 46.13
191.14 33.66
193.15 47.76
195.14 0.96
197.14 47.82
199.14 46.17
201.14 48.17
203.15 41.43
205.15 1.82
207.14 28.82
209.15 34.85
211.14 2.96
213.15 7.16
215.15 21.69
217.14 47.66
219.14 48.22
221.15 47.01
223.14 47.99
225.15 48.25
227.14 48.08
229.15 45.92
231.14 46.53
233.14 46.37
235.15 38.42
237.14 4.96
239.14 47.06
241.14 45.21
243.14 47.05
245.14 48.36
247.14 47.7
249.15 47.32
251.15 47.09
253.14 6.0
255.14 47.39
257.14 4.98
259.14 5.44
261.15 35.57
263.15 24.15
265.14 46.75
267.14 45.41
269.14 22.1
271.14 20.06
273.14 6.79
275.15 50.45
277.15 42.77
279.14 47.06
281.14 48.69
283.14 32.48
285.14 18.98
287.15 44.41
289.15 19.98
291.15 45.31
293.14 49.56
295.14 48.31
297.14 47.56
299.14 47.55
301.14 4.34
303.14 46.65
305.14 1.24
307.15 47.79
309.14 46.67
311.15 48.91
313.15 46.45
315.15 4.92
317.14 13.79
319.15 36.84
321.14 13.51
323.14 33.9
325.15 46.39
327.15 32.17
329.14 46.05
331.15 2.24
333.14 4.9
335.15 49.02
337.14 45.7
339.15 47.14
341.15 47.79
343.14 48.47
345.14 49.12
347.15 47.53
349.14 48.57
351.15 47.76
353.14 43.61
355.14 46.33
357.15 38.09
359.15 43.5
361.14 44.41
363.14 49.27
365.15 47.02
367.14 24.14
369.14 47.5
371.15 7.99
373.14 48.22
375.15 15.74
377.14 47.75
379.14 47.44
381.14 3.34
383.15 46.02
385.15 48.4
387.39 45.52
389.4 35.97
391.39 45.81
393.39 39.34
395.39 47.45
397.39 46.39
399.39 47.84
401.39 47.06
403.19 46.44
405.4 47.57
407.4 46.31
409.39 47.85
411.4 40.49
413.4 15.83
415.39 45.57
417.39 15.75
419.39 49.41
421.39 44.67
423.4 43.65
425.39 37.31
427.19 41.44
429.39 46.26
431.39 45.62
433.4 47.92
435.39 43.84
437.39 49.51
439.39 45.42
441.4 39.41
443.39 49.16
445.39 1.21
447.39 46.76
449.39 49.22
451.39 16.12
453.4 2.06
455.39 3.82
457.39 47.36
459.39 44.88
461.39 48.06
463.39 46.67
465.39 45.31
467.4 45.31
469.39 36.07
471.4 43.0
473.39 46.62
475.4 47.47
477.4 47.43
479.39 38.23
481.39 46.08
483.39 48.64
485.4 47.07
487.39 48.35
489.4 46.02
491.4 48.95
493.39 45.89
495.39 47.02
497.39 3.26
499.4 42.62
501.4 48.28
503.39 0.52
505.4 46.74
507.39 40.43
509.4 26.76
511.39 4.79
513.4 47.41
515.39 46.14
517.4 47.78
519.39 48.05
521.39 29.13
523.39 45.62
525.39 42.26
527.39 46.71
529.4 0.61
531.39 12.58
533.4 44.41
535.4 5.46
537.4 47.89
539.39 46.76
541.4 46.76
543.4 3.38
545.39 30.02
547.39 16.21
549.39 4.19
551.4 0.64
553.39 16.06
555.4 43.03
557.39 48.69
559.4 46.41
561.39 29.96
563.39 32.43
565.4 48.47
567.39 50.89
569.39 46.71
571.89 15.56
573.39 19.43
575.39 28.8
577.39 34.72
579.39 44.81
581.39 49.15
583.39 8.25
585.39 47.96
587.39 48.41
589.39 1.24
591.39 20.19
593.39 31.08
595.39 46.72
597.39 39.82
599.4 49.32
601.39 42.69
603.39 43.81
605.39 42.54
607.39 34.48
609.4 50.72
611.39 48.27
613.39 2.15
615.39 18.53
617.39 38.71
619.4 47.52
621.39 37.44
623.39 48.16
625.39 44.88
627.39 26.01
629.39 38.46
631.39 48.91
633.39 48.81
635.39 47.5
637.65 46.83
639.64 45.48
641.64 4.92
643.64 47.77
645.64 46.67
647.64 47.03
649.64 47.91
651.64 1.83
653.64 45.9
655.64 35.02
657.44 48.21
659.64 46.64
661.64 7.86
663.64 15.17
665.65 38.47
667.65 22.04
669.64 47.04
671.65 44.31
673.64 48.49
675.64 43.9
677.65 37.26
679.64 50.58
681.44 33.67
683.64 48.42
685.64 47.56
687.64 46.35
689.64 41.39
691.64 47.82
693.65 46.97
695.64 46.33
697.64 16.4
699.64 3.94
701.64 28.09
703.64 2.53
705.65 29.05
707.65 9.95
709.64 46.11
711.64 46.92
713.65 47.08
715.64 49.0
717.64 46.8
719.64 48.86
721.65 45.66
723.65 1.58
725.64 48.34
727.64 8.31
729.64 48.07
731.64 47.65
733.64 48.04
735.64 15.86
737.65 48.16
739.65 47.39
741.64 50.51
743.65 46.98
745.64 47.42
747.64 48.41
749.65 47.07
751.64 5.89
753.66 46.79
755.64 43.51
757.64 45.5
759.64 47.39
761.64 48.87
763.64 48.86
765.64 49.76
767.65 47.68
769.65 22.74
771.65 45.32
773.64 47.86
775.64 9.2
777.64 46.73
779.64 52.7
781.64 39.67
783.64 47.08
785.64 39.04
787.64 15.83
789.64 44.89
791.64 20.75
793.64 47.36
795.65 47.99
797.64 44.55
799.64 15.04
801.64 48.12
803.64 45.92
805.65 48.07
807.65 43.78
809.64 48.64
811.64 43.67
813.64 46.03
815.64 21.87
817.64 47.84
819.64 40.1
821.64 48.14
823.64 45.88
825.65 42.84
827.64 47.07
829.65 31.73
831.64 7.44
833.64 46.3
835.64 45.98
837.64 51.4
839.64 47.54
841.64 13.24
843.64 49.12
845.64 28.41
847.64 47.83
849.64 46.43
851.64 19.55
853.65 22.75
855.64 22.75
857.65 22.75
860.94 2.63
861.65 7.67
863.65 25.85
865.64 39.38
867.64 43.82
869.64 16.3
871.64 46.11
873.64 46.11
875.64 49.03
877.65 48.14
879.64 16.05
881.64 47.51
883.64 48.88
885.64 42.01
887.9 4.13
889.89 1.68
891.89 47.38
893.89 46.84
895.89 43.32
897.89 15.53
899.89 15.52
901.9 11.85
903.9 23.58
905.89 23.58
907.89 16.29
909.89 46.64
911.89 34.68
913.89 49.09
915.89 47.04
917.9 46.78
919.89 6.14
921.9 20.52
923.9 20.52
925.89 49.38
927.9 49.38
929.9 49.38
931.9 49.38
933.89 0.09
935.89 7.42
937.89 47.18
939.89 48.31
941.89 46.86
943.9 2.48
945.89 17.15
947.89 36.09
949.89 30.58
951.9 3.24
953.89 45.1
955.89 46.61
957.9 47.3
959.89 47.95
961.9 14.76
963.89 3.34
965.89 41.44
967.89 0.95
969.89 15.54
971.89 48.96
973.9 45.98
975.89 41.29
977.9 36.94
979.89 48.06
981.89 47.08
983.89 48.26
985.89 42.12
987.89 46.22
989.9 41.02
991.9 4.17
993.89 47.06
995.89 35.45
997.89 48.2
999.89 46.4
1001.89 3.61
1003.89 47.21
1005.89 26.91
1007.89 46.99
1009.89 48.22
1011.89 1.27
1013.89 48.08
1015.9 46.59
1017.89 48.25
1019.89 45.9
1021.89 48.61
1023.89 47.37
1025.89 48.37
1027.89 2.9
1029.89 40.93
1031.89 9.34
1033.89 48.37
1035.9 49.5
1037.89 47.07
1039.89 46.75
1041.9 48.0
1043.89 24.86
1045.89 46.81
1047.89 0.38
1049.9 1.99
1051.9 47.4
1053.89 44.03
1055.89 15.81
1057.89 50.61
1059.9 47.26
1061.89 46.99
1063.89 9.19
1065.9 46.15
1067.89 8.87
1069.9 48.12
1071.89 0.05
1073.89 47.37
1075.89 48.31
1077.89 13.07
1079.89 46.33
1081.9 2.94
1083.9 0.95
1085.89 46.05
1087.9 3.51
1089.89 48.37
1091.89 40.05
1093.9 48.07
1095.9 47.43
1097.89 29.53
1099.9 47.67
1101.9 46.44
1103.9 47.09
1105.9 17.49
1107.89 47.71
1109.89 44.85
1111.89 47.7
1113.89 48.46
1115.9 45.4
1117.89 46.96
1119.89 47.09
1121.89 47.04
1123.89 19.75
1125.89 4.35
1127.89 2.85
1129.89 46.39
1131.9 34.54
1133.89 45.61
1136.15 46.88
1138.14 15.63
1140.14 39.87
1142.14 13.47
1144.14 2.94
1146.14 9.56
1148.14 44.07
1150.14 42.97
1151.94 47.48
1154.14 22.35
1156.14 47.31
1158.14 38.03
1160.14 35.55
1162.14 46.58
1164.14 3.29
1166.14 2.53
1168.14 2.22
1170.14 2.53
1172.14 45.7
1174.14 47.82
1175.96 47.82
1178.15 47.82
1180.14 48.72
1182.15 44.46
1184.14 47.38
1186.14 43.01
1188.14 3.34
1190.14 47.76
1192.14 45.86
1194.14 2.8
1196.14 14.74
1198.14 44.72
1200.14 47.06
1202.14 46.48
1204.14 44.4
1206.14 46.44
1208.14 48.6
1210.14 5.75
1212.14 36.05
1214.14 47.06
1216.15 45.38
1218.14 43.01
1220.14 48.9
1222.14 49.15
1224.14 41.85
1226.15 15.3
1228.14 26.54
1230.14 15.94
1232.14 3.39
1234.14 31.23
1236.14 45.41
1238.14 38.11
1240.14 48.84
1242.14 45.7
1244.14 48.63
1246.14 44.03
1248.14 48.41
1250.14 47.05
1252.14 48.28
1254.15 47.91
1256.15 47.17
1258.14 46.74
1260.14 13.1
1262.14 46.72
1264.15 2.36
1266.14 47.32
1268.14 16.0
1270.14 1.03
1272.14 47.82
1274.14 47.44
1276.14 48.69
1278.15 47.09
1280.14 9.58
1282.14 40.91
1284.14 19.35
1286.14 47.25
1288.14 4.36
1290.14 12.87
1292.14 46.71
1294.15 47.13
1296.14 47.8
1298.14 46.08
1300.14 48.47
1302.14 15.54
1304.14 46.65
1306.15 48.47
1308.14 49.32
1310.14 47.34
1312.14 50.16
1314.14 47.69
1316.14 46.05
1318.14 47.7
1320.14 48.02
1322.15 45.19
1324.14 48.95
1326.15 48.03
1328.14 48.69
1330.15 47.04
1332.14 46.58
1334.14 43.97
1336.14 45.52
1338.14 48.32
1340.14 39.12
1342.14 47.85
1344.14 47.14
1346.14 39.96
1348.14 47.55
1350.14 46.03
1352.15 46.72
1354.14 22.25
1356.15 48.33
1358.14 46.7
1360.15 47.83
1362.15 1.59
1364.14 48.43
1366.15 45.12
1368.14 47.03
1370.14 47.7
1372.14 46.36
1374.14 43.15
1376.14 46.99
1378.15 48.19
1380.14 48.88
1382.14 48.52
1384.14 47.36
1386.39 46.36
1388.14 15.69
1390.39 47.06
1392.4 15.17
1394.4 2.6
1396.39 47.99
1398.39 48.7
1400.4 50.33
1402.39 14.96
1404.4 46.69
1406.19 49.32
1408.39 4.46
1410.41 46.13
1412.39 16.28
1414.39 41.01
1416.39 15.45
1418.39 47.76
1420.4 30.94
1422.39 48.63
1424.39 47.43
1426.4 42.64
1428.4 44.08
1430.19 46.38
1432.4 46.07
1434.39 1.61
1436.4 41.93
1438.39 45.81
1440.4 47.42
1442.39 4.31
1444.39 48.08
1446.39 15.97
1448.39 48.08
1450.39 45.41
1452.39 31.61
1454.39 41.9
1456.39 6.65
1458.39 6.2
1460.39 37.69
1462.4 3.53
1464.39 15.36
1466.39 48.17
1468.39 22.43
1470.4 3.58
1472.39 46.39
1474.39 16.25
1476.39 33.39
1478.4 48.33
1480.4 34.98
1482.39 46.39
1484.39 48.51
1486.39 46.71
1488.39 44.27
1490.39 42.52
1492.39 48.95
1494.4 47.84
1496.39 9.55
1498.39 46.74
1500.39 46.69
1502.39 48.16
1504.39 33.73
1506.39 46.76
1508.39 47.08
1510.39 39.32
1512.39 49.02
1514.39 42.93
1516.38 46.06
