0.0 23.84
0.75 0.03
2.15 0.21
2.97 3.75
4.96 21.83
6.97 0.92
8.96 6.25
10.96 0.56
12.96 0.15
14.99 10.64
16.88 0.76
18.97 0.76
20.92 0.49
22.96 0.93
24.97 4.28
26.96 0.83
28.97 0.58
30.97 0.61
32.96 3.33
34.96 0.89
36.97 0.22
38.97 0.46
40.97 0.15
42.98 5.07
44.96 1.84
46.97 1.0
48.96 1.24
50.97 0.61
52.97 1.68
54.96 0.85
56.97 0.65
58.96 0.15
60.97 0.46
62.97 0.49
64.97 0.45
66.97 0.73
68.96 1.46
70.96 1.2
72.96 1.42
74.97 0.77
76.96 2.56
78.98 0.56
80.96 3.75
82.97 0.76
84.97 5.5
86.98 2.17
88.99 5.56
90.97 2.9
92.92 0.74
94.97 1.58
96.97 0.58
98.97 0.86
100.97 12.55
102.97 0.21
104.96 2.24
106.97 2.33
108.98 1.75
110.98 1.19
112.99 0.69
114.96 2.01
116.97 0.88
118.96 0.26
120.97 0.69
122.96 0.34
124.97 0.89
126.96 0.56
128.96 0.45
130.97 1.59
132.97 1.57
135.01 2.67
136.98 1.92
138.96 1.2
140.97 0.85
142.96 0.85
144.97 12.03
146.97 5.39
148.96 1.68
150.97 0.14
153.01 3.76
154.98 1.04
157.0 0.03
158.96 0.54
160.97 0.94
162.97 0.91
164.96 3.87
166.97 3.87
168.97 5.79
170.96 0.47
172.97 2.63
174.99 0.61
176.96 2.4
179.22 0.45
181.22 0.99
183.22 1.38
185.21 1.9
187.21 0.65
189.22 0.85
191.22 3.88
193.23 2.33
195.24 2.68
197.21 10.86
199.21 6.29
201.22 4.51
203.22 4.38
205.22 10.48
207.23 0.78
209.21 0.81
211.22 0.22
213.22 1.17
215.21 9.56
217.22 0.16
219.22 1.43
221.23 3.25
223.22 5.72
225.22 13.33
227.23 21.27
229.21 2.52
231.21 4.47
233.22 1.04
235.21 2.42
237.21 0.96
239.22 0.71
241.22 0.75
243.21 0.16
245.22 0.43
247.22 0.91
249.22 1.15
251.22 3.5
253.21 1.77
255.22 2.63
257.21 0.97
259.21 2.64
261.22 0.9
263.22 0.41
265.22 1.27
267.23 7.19
269.22 2.77
271.22 1.01
273.22 0.22
275.21 0.9
277.23 2.91
279.22 2.3
281.22 1.23
283.21 0.44
285.21 0.95
287.21 4.42
289.22 1.06
291.22 1.73
293.22 0.31
295.25 0.94
297.22 0.24
299.24 26.03
301.22 4.83
303.21 2.76
305.22 1.12
307.22 13.36
309.17 0.15
311.22 1.88
313.22 5.29
315.21 3.33
317.22 0.5
319.22 11.59
321.23 8.19
323.22 3.09
325.22 2.36
327.24 1.09
329.22 1.59
331.21 2.28
333.22 0.81
335.23 0.56
337.21 26.23
339.22 1.64
341.21 0.62
343.23 0.95
345.22 0.62
347.22 1.88
349.22 1.09
351.22 3.58
353.21 1.07
355.22 2.43
357.22 0.64
359.21 1.12
361.22 3.7
363.22 1.99
365.21 0.7
367.22 0.96
369.22 0.15
371.21 0.4
373.23 0.91
375.22 1.07
377.23 0.11
379.22 0.25
381.21 3.1
383.22 1.74
385.22 0.91
387.21 1.21
389.21 0.45
391.21 0.69
393.21 0.76
395.22 0.84
397.22 1.54
399.22 1.54
401.22 0.74
403.21 2.71
405.22 0.83
407.22 1.63
409.22 0.6
411.22 0.58
413.22 8.76
415.22 0.49
417.21 0.47
419.21 2.93
421.22 0.75
423.48 1.18
425.46 1.38
427.46 1.19
429.47 0.93
431.47 0.59
433.46 1.78
435.47 0.03
437.47 3.0
439.46 0.79
441.48 0.11
443.45 1.23
445.47 0.87
447.47 1.24
449.47 1.34
451.47 1.85
453.47 0.87
455.46 0.53
457.47 1.46
459.46 1.51
461.47 1.03
463.47 1.35
465.46 7.83
467.49 1.26
469.46 0.15
471.49 0.77
473.46 0.3
475.47 1.05
477.46 1.11
479.47 1.38
481.55 0.62
483.41 0.92
485.46 0.56
487.46 2.4
489.46 1.06
491.35 4.86
493.53 2.42
495.36 1.24
497.46 0.03
499.47 1.14
501.47 2.14
503.46 0.41
505.47 0.39
507.47 1.33
509.46 1.53
511.47 0.15
513.47 1.35
515.43 2.46
517.47 0.44
519.47 0.75
521.47 0.3
523.46 0.92
525.46 0.64
527.47 0.76
529.47 0.72
531.46 1.7
533.46 0.62
535.46 0.81
537.46 0.91
539.47 1.26
541.46 0.26
543.47 1.54
545.47 0.46
547.47 1.2
549.47 1.4
551.48 0.87
553.48 0.51
555.47 0.62
557.46 0.73
559.46 0.39
561.46 1.99
563.47 6.75
565.47 0.75
567.47 1.09
569.48 0.61
571.47 0.62
573.47 0.29
575.4 2.5
577.97 0.77
579.75 0.89
581.46 0.9
583.47 0.93
585.47 1.23
587.4 2.51
589.47 1.21
591.47 0.98
593.46 1.01
595.46 1.39
597.47 1.51
599.49 0.1
601.46 1.72
603.46 2.0
605.46 0.77
607.47 1.05
609.46 0.46
611.47 0.68
613.46 1.04
615.47 0.46
617.49 1.17
619.47 0.97
621.46 0.4
623.48 1.53
625.46 0.75
627.47 1.8
629.46 2.44
631.47 0.7
633.48 0.6
635.46 0.8
637.46 1.71
639.5 1.13
641.47 0.31
643.46 0.59
645.46 0.15
647.47 2.19
649.46 0.45
651.46 1.38
653.46 0.85
655.47 0.31
657.47 1.41
659.47 1.21
661.47 3.9
663.47 0.69
665.46 0.74
667.46 1.55
669.48 0.73
671.48 1.17
673.69 1.85
675.46 1.07
677.47 1.21
679.47 1.56
681.72 0.75
683.71 0.48
685.47 1.15
687.71 1.61
689.72 0.89
691.71 4.32
693.71 1.24
695.72 1.74
697.71 4.8
699.72 1.22
701.72 0.58
703.71 1.18
705.71 0.03
707.57 0.62
709.72 0.46
711.72 1.67
713.71 1.29
715.71 0.15
717.72 1.43
719.71 0.15
721.71 1.76
723.71 0.19
725.73 0.77
727.72 1.06
729.74 1.64
731.71 1.3
733.71 0.91
735.71 1.49
737.72 1.16
739.72 1.02
741.72 0.46
743.71 0.76
745.69 0.88
747.71 0.46
749.72 1.88
751.72 2.43
753.71 1.06
755.72 4.99
757.71 0.21
759.71 1.76
761.72 0.77
763.71 0.15
765.71 0.57
767.71 0.55
769.71 3.42
771.73 0.67
773.72 0.57
775.73 3.43
777.72 0.15
779.72 0.4
781.74 0.77
783.71 0.44
785.71 0.87
787.71 2.5
789.72 0.31
791.71 1.82
793.71 3.51
795.72 2.23
797.71 4.48
799.71 1.22
801.72 0.24
803.71 0.37
805.72 1.66
807.72 1.18
809.72 0.91
811.72 7.72
813.72 2.21
815.74 12.87
817.71 5.34
819.71 9.63
821.72 14.3
823.71 5.81
825.71 0.89
827.72 6.48
829.72 1.64
831.72 11.57
833.71 0.03
835.71 9.73
837.73 8.9
839.72 1.42
841.72 5.66
843.72 0.31
845.73 9.35
847.71 0.31
849.72 0.16
851.71 0.89
853.72 1.28
855.71 14.82
857.71 1.42
859.71 2.07
861.72 0.46
863.71 2.34
865.75 6.09
867.71 1.17
869.72 3.01
871.71 2.06
873.71 13.59
875.72 1.16
877.72 1.28
879.71 1.15
881.73 8.58
883.72 3.13
885.71 1.3
887.74 2.95
889.74 6.61
891.74 20.51
893.72 0.97
895.72 6.85
897.71 5.7
899.72 0.68
901.71 0.14
903.72 2.48
905.71 0.87
907.71 1.32
909.72 1.04
911.71 9.32
913.71 6.06
915.74 1.54
917.72 3.15
919.71 17.89
921.71 8.02
923.71 12.83
925.72 3.68
927.73 3.55
929.71 2.03
931.98 1.37
933.96 17.16
935.96 0.43
937.99 0.58
939.97 3.47
941.99 1.58
943.96 1.21
945.96 2.0
947.97 4.99
949.96 0.94
951.97 1.19
953.96 0.3
955.96 11.5
957.97 0.75
959.99 0.22
961.91 0.31
963.97 4.29
966.39 2.62
967.99 2.8
972.23 1.94
974.21 3.95
976.37 0.84
978.91 0.3
979.97 2.56
980.91 0.29
982.0 1.92
983.97 0.58
985.97 2.62
987.97 1.91
989.97 2.53
991.97 0.95
993.96 0.43
995.98 0.68
997.98 2.94
999.97 0.36
1001.96 0.44
1003.97 0.73
1005.97 5.28
1008.0 2.26
1009.97 0.49
1011.97 0.76
1013.96 0.77
1015.99 1.04
1017.96 0.68
1019.96 3.66
1021.97 1.16
1023.96 1.01
1025.97 0.76
1027.99 0.42
1029.96 5.53
1031.98 0.21
1033.98 2.09
1036.0 0.56
1037.97 1.02
1039.84 0.52
1041.97 0.62
1043.97 1.66
1045.97 5.92
1047.97 2.09
1049.97 0.39
1051.97 0.85
1053.97 9.13
1056.03 6.18
1057.97 0.42
1059.96 1.71
1061.97 0.6
1063.96 4.66
1065.97 1.47
1067.98 5.39
1069.98 4.0
1071.97 0.61
1073.99 1.65
1075.98 1.22
1078.02 7.49
1079.99 0.33
1081.97 0.46
1083.97 0.67
1085.97 0.76
1087.98 3.35
1089.97 0.42
1091.97 0.1
1093.97 3.24
1095.96 0.28
1097.97 0.79
1099.99 0.73
1101.98 1.92
1103.97 0.1
1105.97 5.53
1107.97 1.71
1109.97 0.36
1111.96 0.15
1113.97 2.13
1115.97 0.03
1117.96 2.8
1119.97 0.15
1121.98 0.21
1123.99 1.14
1125.98 1.19
1127.98 1.32
1129.97 0.71
1131.98 0.76
1133.96 0.15
1135.97 0.61
1137.96 0.15
1139.96 0.64
1141.97 2.23
1143.96 0.71
1145.96 0.69
1147.97 0.39
1149.96 1.36
1151.96 1.43
1153.97 0.57
1155.97 0.27
1157.96 6.38
1159.96 0.47
1161.96 6.37
1163.96 0.61
1165.97 1.41
1167.96 2.13
1170.0 0.25
1171.97 8.74
1173.96 4.54
1175.96 9.53
1177.96 0.79
1179.97 4.86
1182.21 2.57
1184.21 0.11
1186.22 0.86
1188.23 0.59
1190.21 1.1
1192.18 1.17
1194.21 2.23
1196.21 1.95
1198.22 1.12
1200.21 0.45
1202.22 0.64
1204.22 1.81
1206.21 2.02
1208.21 15.01
1210.22 2.41
1212.23 0.44
1214.21 4.11
1216.2 0.55
1218.22 0.68
1220.21 0.58
1222.21 0.92
1224.21 2.71
1226.22 0.59
1228.21 0.73
1230.22 0.64
1232.22 1.82
1234.21 1.74
1236.25 0.71
1238.24 2.6
1240.17 0.6
1242.21 0.44
1244.22 0.63
1246.21 1.85
1248.23 1.09
1250.22 0.22
1252.23 0.64
1254.22 0.62
1256.19 0.02
1258.23 0.62
1260.22 2.07
1262.22 0.01
1264.19 3.52
1266.22 1.47
1268.22 0.23
1270.22 5.13
1272.21 0.77
1274.21 0.78
1276.22 1.35
1278.22 0.5
1280.21 0.14
1282.21 0.88
1284.22 0.62
1286.22 0.77
1288.26 1.47
1290.23 3.86
1292.22 0.75
1294.21 1.81
1296.22 2.01
1298.21 1.22
1300.22 0.6
1302.21 1.0
1304.21 0.97
1306.21 1.51
1308.22 1.32
1310.21 0.92
1312.2 0.85
1314.22 0.12
1316.22 1.11
1318.21 0.46
1320.22 0.79
1322.21 0.56
1324.21 2.96
1326.22 0.71
1328.21 5.54
1330.22 0.79
1332.24 2.31
1334.23 0.22
1336.29 0.38
1338.23 3.54
1340.22 0.74
1342.22 2.0
1344.21 3.06
1346.21 0.4
1348.21 2.35
1350.21 0.03
1352.22 1.22
1354.22 4.62
1356.25 0.57
1358.24 0.67
1360.21 0.91
1362.22 1.37
1364.22 4.28
1366.21 8.34
1368.21 13.09
1370.21 1.97
1372.21 2.86
1374.21 12.55
1376.22 1.7
1378.21 1.25
1380.22 0.45
1382.22 3.81
1384.22 1.28
1386.21 1.9
1388.22 2.18
1390.21 0.33
1392.22 4.32
1394.22 0.79
1396.21 2.57
1398.21 3.16
1400.21 9.43
1402.24 2.76
1404.21 0.63
1406.21 4.48
1408.22 0.9
1410.22 2.21
1412.22 0.14
1414.22 0.7
1416.21 0.99
1418.22 4.54
1420.22 2.55
1422.21 1.45
1424.47 7.43
1426.48 0.5
1428.23 1.75
1430.47 0.67
1432.47 0.94
1434.47 2.43
1436.46 0.55
1438.48 0.66
1440.49 0.38
1442.47 0.47
1444.46 1.88
1446.46 1.21
1448.47 3.79
1450.5 0.01
1452.46 1.87
1456.4 4.11
1459.3 7.25
1461.14 1.27
1463.42 0.99
1465.66 5.66
1467.75 0.89
1469.46 0.62
1470.96 2.24
1472.53 10.97
1473.62 2.61
1474.78 0.91
1476.49 3.31
1478.47 1.18
1480.52 0.41
1482.46 1.63
1484.46 0.97
1486.47 1.81
1488.46 2.35
1490.47 0.25
1492.47 2.06
1494.46 0.1
1496.46 4.79
1498.46 2.58
1500.47 0.73
1502.47 2.17
1504.46 5.75
1506.46 0.99
1508.46 1.62
1510.49 5.99
1512.49 12.41
1514.47 0.15
1516.48 0.1
1518.46 1.01
1520.46 0.91
1522.46 0.29
1524.46 0.46
1526.46 1.77
1528.47 6.28
1530.47 1.02
1532.46 0.3
1534.46 0.03
1536.46 3.3
1538.46 6.27
1540.48 13.31
1542.46 0.46
1544.46 11.58
1546.47 4.06
1548.47 2.96
1550.46 2.68
1552.46 0.73
1554.46 0.03
1556.46 0.49
1558.47 0.72
1560.46 0.6
1562.47 0.61
1564.47 1.66
1566.46 1.34
1568.47 0.91
1570.5 4.22
1572.46 3.25
1574.46 2.38
1576.46 0.47
1578.46 0.14
1580.47 0.08
1582.48 0.15
1584.46 0.25
1586.49 1.5
1588.46 0.01
1590.47 0.44
1592.47 0.74
1594.46 2.83
1596.46 0.47
1598.46 0.77
1600.49 0.76
1602.47 2.44
1604.47 0.15
1606.49 0.46
1608.47 0.99
1610.46 8.51
1612.47 0.26
1614.47 0.37
1616.46 1.62
1618.47 0.44
1620.47 0.66
1622.46 5.49
1624.46 4.94
1626.47 0.42
1628.47 0.41
1630.46 1.1
1632.46 3.96
1634.47 3.79
1636.46 0.59
1638.46 0.94
1640.46 0.93
1642.46 2.12
1644.46 0.52
1646.47 0.1
1648.46 2.15
1650.47 4.63
1652.47 0.14
1655.16 1.23
1657.53 0.3
1659.17 0.45
1660.44 2.09
1662.47 0.2
1664.47 0.46
1666.75 3.49
1668.47 2.43
1670.46 6.91
1672.71 2.87
1674.47 1.88
1676.46 0.98
1678.47 0.87
1680.73 1.83
1682.72 0.94
1684.71 0.69
1686.71 0.68
1688.71 1.82
1690.71 0.73
1692.71 0.51
1694.71 1.34
1696.72 2.61
1698.71 0.15
1700.72 8.35
1702.72 2.44
1704.71 1.5
1706.72 6.44
1708.71 2.87
1710.58 5.89
1712.71 1.84
1714.72 1.26
1716.72 0.15
1718.73 1.83
1720.72 0.54
1722.72 4.89
1724.72 0.15
1726.72 2.09
1728.71 0.98
1730.71 0.14
1732.72 0.12
1734.71 3.25
1736.71 5.98
1738.71 0.23
1740.71 0.11
1742.72 2.09
1744.72 0.94
1746.73 8.59
1748.71 0.87
1750.72 2.89
1752.71 0.83
1754.71 2.64
1756.72 1.52
1758.69 0.97
1760.72 1.01
1762.71 0.87
1764.71 0.91
1766.72 1.37
1768.71 4.15
1770.71 1.04
1772.72 1.94
1774.85 1.16
1776.72 1.08
1778.71 1.79
1780.71 0.45
1782.66 0.9
1784.72 2.19
1786.71 1.07
1788.71 6.48
1790.72 1.62
1792.71 1.3
1794.71 4.61
1796.73 1.53
1798.71 5.68
1800.72 1.1
1802.71 0.83
1804.71 2.66
1806.7 1.57
1808.71 1.71
1810.71 1.45
1812.71 6.11
1814.71 0.97
1816.72 2.94
1818.73 0.98
1820.71 14.26
1822.71 1.01
1824.72 0.7
1826.73 0.52
1828.71 0.91
1830.69 0.67
1832.72 1.04
1834.71 0.91
1836.71 0.14
1838.71 3.28
1840.71 0.92
1842.71 1.42
1844.71 10.88
1846.71 17.95
1848.72 28.62
1850.71 6.54
1852.73 20.06
1854.72 6.55
1856.72 19.38
1858.71 1.31
1860.72 5.11
1862.72 3.67
1864.71 27.11
1866.72 7.21
1868.71 3.69
1870.71 7.92
1872.72 0.6
1874.73 6.28
1876.72 0.16
1878.71 6.31
1880.71 2.71
1882.71 1.68
1884.71 0.2
1886.71 8.64
1888.72 0.89
1890.72 0.76
1892.71 1.48
1894.72 0.22
1896.72 1.08
1898.71 1.2
1900.71 1.25
1902.7 0.85
1904.72 1.77
1906.72 1.07
1908.71 0.03
1910.71 2.02
1912.72 1.03
1914.71 0.57
1916.72 0.91
1918.71 1.66
1920.71 1.96
1922.71 0.88
1924.71 1.41
1926.72 1.38
1928.71 0.46
1930.96 19.8
1932.96 0.14
1934.96 2.94
1936.97 1.23
1938.96 0.06
1940.93 0.77
1942.98 9.68
1944.96 2.32
1946.96 6.73
1948.96 1.67
1950.97 6.07
1952.96 3.87
1954.99 0.14
1956.97 0.14
1958.96 3.8
1960.99 6.01
1962.96 1.95
1964.93 0.86
1966.96 2.22
1968.96 3.99
1970.96 0.13
1972.97 5.96
1974.96 0.44
1976.96 0.46
1978.96 3.0
1980.97 1.85
1982.97 0.39
1984.93 0.15
1987.13 0.77
1988.97 3.07
1990.97 0.97
1992.97 1.43
1994.99 0.9
1996.96 0.11
1998.96 0.24
2000.97 1.57
2002.96 2.7
2004.96 0.12
2006.96 1.98
2008.96 0.31
2010.99 1.78
2012.97 3.4
2014.97 0.5
2016.99 0.86
2018.96 1.7
2020.97 1.48
2022.97 0.98
2025.0 1.17
2026.96 1.9
2028.96 1.49
2030.96 0.43
2032.96 0.85
2034.98 1.66
2036.97 0.52
2038.97 3.18
2040.96 1.3
2042.97 1.34
2044.96 0.98
2046.96 1.46
2048.96 0.13
2050.98 12.64
2052.97 0.27
2054.96 0.13
2056.96 0.48
2058.97 1.71
2060.97 3.79
2063.0 2.73
2064.96 10.75
2066.96 0.82
2068.96 3.16
2070.98 0.84
2072.97 1.38
2074.98 1.62
2076.97 0.15
2078.96 0.59
2080.98 4.03
2082.96 0.68
2084.96 6.05
2086.97 0.45
2088.96 0.43
2090.97 2.31
2092.97 13.08
2094.97 0.8
2096.96 1.88
2098.96 0.24
2100.98 1.64
2102.97 0.03
2104.97 0.92
2106.96 2.09
2108.96 0.81
2110.98 0.88
2112.98 0.46
2114.97 0.92
2116.97 0.03
2118.96 1.67
2120.96 1.11
2122.96 0.52
2124.96 0.77
2126.98 7.13
2128.97 0.89
2130.98 0.78
2132.96 5.04
2134.97 1.03
2136.96 0.92
2138.96 1.1
2140.96 1.61
2142.98 1.21
2144.96 1.24
2146.99 0.19
2148.98 1.14
2150.97 11.48
2152.96 0.47
2154.97 0.92
2156.96 1.22
2158.96 0.75
2160.97 4.3
2162.97 3.72
2165.63 0.87
2167.97 1.13
2169.53 3.12
2171.09 0.84
2172.96 0.15
2175.0 0.71
2176.98 4.4
2178.97 0.98
2181.22 2.08
2183.29 1.82
2185.23 0.89
2187.22 2.11
2189.21 6.14
2191.1 0.61
2193.21 1.73
2195.22 1.85
2197.21 1.28
2199.22 2.83
2201.21 6.13
2203.21 10.62
2205.22 0.95
2207.21 2.6
2209.22 4.78
2211.21 2.06
2213.24 22.58
2215.22 6.75
2217.24 3.17
2219.22 0.75
2221.23 2.61
2223.21 0.46
2225.21 6.7
2227.22 6.54
2229.21 1.36
2231.21 0.6
2233.22 0.4
2235.23 0.41
2237.23 2.13
2239.21 0.03
2241.21 24.12
2243.79 0.18
2245.21 3.01
2247.21 0.74
2249.21 0.01
2251.22 2.34
2253.22 0.75
2255.22 2.13
2257.22 0.86
2259.21 4.83
2261.27 1.13
2263.22 0.91
2265.13 0.32
2267.22 11.06
2269.21 0.74
2271.22 4.7
2273.24 4.74
2275.24 0.71
2277.22 0.78
2279.36 2.01
2281.22 1.94
2283.24 3.81
2285.22 1.02
2287.24 0.85
2289.21 0.42
2291.21 2.75
2293.22 0.45
2295.21 0.91
2297.21 0.03
2299.23 5.09
2301.21 0.71
2303.24 1.19
2305.23 8.67
2307.23 0.14
2309.22 1.67
2311.23 0.48
2313.21 1.71
2315.22 1.7
2317.22 1.92
2319.22 0.56
2321.22 0.15
2323.22 0.14
2325.22 5.89
2327.24 5.74
2329.27 1.11
2331.21 1.06
2333.21 0.78
2335.21 4.41
2337.22 2.1
2339.22 1.22
2341.21 1.56
2343.22 12.91
2345.21 2.94
2347.21 8.32
2349.22 5.75
2351.23 9.32
2353.22 1.54
2355.24 5.35
2357.23 0.11
2359.22 5.92
2361.23 1.38
2363.22 2.56
2365.24 2.14
2367.22 2.73
2369.21 1.72
2373.01 0.14
2374.05 1.39
2375.23 0.8
2377.23 13.33
2379.22 6.11
2381.22 1.19
2383.28 1.15
2385.23 18.21
2387.22 4.51
2389.21 8.12
2391.22 1.48
2393.21 2.05
2396.12 0.65
2397.57 1.33
2399.23 0.72
2401.34 0.87
2403.21 1.38
2405.33 0.37
2407.22 5.98
2409.23 1.36
2411.22 7.19
2413.22 8.52
2415.21 0.47
2417.21 0.24
2419.22 0.38
2421.23 2.6
2423.21 0.15
2425.49 0.73
2427.49 0.62
2429.25 1.3
2431.46 0.76
2433.47 0.96
2435.45 4.35
2437.21 7.73
2439.49 0.56
2441.84 4.71
2443.46 4.2
2445.51 4.62
2447.55 1.07
2449.48 2.24
2451.48 2.48
2453.47 0.28
2455.46 7.93
2457.46 1.35
2459.34 4.96
2461.48 0.24
2463.46 1.18
2465.46 5.28
2467.48 2.72
2469.46 18.63
2471.46 13.69
2473.46 0.99
2475.47 20.74
2477.46 1.22
2479.46 4.9
2481.46 1.53
2483.32 11.83
2485.46 6.58
2487.46 17.98
2489.46 0.18
2491.46 0.84
2493.46 10.56
2495.47 10.54
2497.47 13.02
2499.46 13.37
2501.47 0.46
2503.46 6.35
2505.46 1.89
2507.32 14.05
2509.48 24.02
2511.48 1.03
2513.47 5.8
2515.46 14.69
2517.32 0.45
2519.46 0.83
2521.46 1.05
2523.46 6.09
2525.47 1.03
2527.48 15.54
2529.48 14.19
2531.39 11.54
2533.46 4.18
2535.46 2.5
2537.46 20.14
2539.46 18.14
2541.47 0.6
2543.46 15.92
2545.47 1.49
2547.46 1.82
2549.46 18.37
2551.46 16.66
2553.47 10.5
2555.38 4.78
2557.47 0.91
2559.47 29.22
2561.46 23.92
2563.47 2.34
2565.47 6.3
2567.46 1.03
2569.46 29.97
2571.47 7.94
2573.48 1.2
2575.46 0.03
2577.47 16.6
2579.38 5.9
2581.47 2.08
2583.46 0.76
2585.47 2.48
2587.46 1.07
2589.46 17.36
2591.47 12.59
2593.46 1.13
2595.46 12.82
2597.46 5.94
2599.46 0.86
2601.46 21.84
2603.45 0.6
2605.46 23.84
2607.46 0.12
2609.46 33.61
2611.47 16.59
2613.46 0.92
2615.46 28.95
2617.46 1.44
2619.47 0.73
2621.47 0.11
2623.47 4.67
2625.46 20.33
2627.46 5.54
2629.46 0.98
2631.46 5.32
2633.47 0.9
2635.46 1.85
2637.46 6.01
2639.46 0.56
2641.47 8.54
2643.46 14.23
2645.48 2.86
2647.49 34.01
2649.46 2.33
2651.46 16.1
2653.47 1.93
2655.46 5.36
2657.47 0.14
2659.48 8.14
2661.46 34.39
2663.46 1.12
2665.46 0.34
2667.46 0.15
2669.49 14.64
2671.46 0.9
2673.71 12.17
2675.46 0.83
2677.46 7.91
2679.47 5.65
2681.71 0.31
2683.71 1.95
2685.48 0.96
2687.74 15.25
2689.62 16.34
2691.71 3.75
2693.71 0.48
2695.72 0.15
2697.71 3.07
2699.72 6.95
2701.72 10.53
2703.71 2.16
2705.71 5.9
2707.78 0.58
2709.74 0.74
2711.74 8.25
2713.58 5.94
2715.71 1.83
2717.71 0.14
2719.71 6.11
2721.73 8.59
2723.71 6.32
2725.71 25.0
2727.72 0.68
2729.71 2.58
2731.71 1.83
2733.71 4.86
2735.72 4.72
2737.57 6.25
2739.71 1.51
2741.71 12.88
2743.71 5.55
2745.71 7.6
2747.72 4.39
2749.71 0.7
2751.71 0.89
2753.72 0.03
2755.75 1.41
2757.73 3.53
2759.72 1.18
2761.6 4.92
2763.71 4.86
2765.71 14.11
2767.71 7.54
2769.71 5.98
2771.71 5.28
2773.71 2.36
2775.72 0.78
2777.71 0.72
2779.72 6.46
2781.72 1.62
2783.73 1.21
2785.71 4.52
2787.71 0.03
2789.71 1.08
2791.71 6.16
2793.71 0.77
2795.71 1.16
2797.72 0.89
2799.71 1.0
2801.71 2.18
2803.71 8.04
2805.75 6.24
2807.72 1.64
2809.69 0.84
2811.71 21.9
2813.71 0.6
2815.71 0.03
2817.71 7.26
2819.72 6.17
2821.71 12.44
2823.72 3.12
2825.71 0.92
2827.71 1.3
2829.71 0.85
2831.71 18.02
2833.71 0.85
2835.71 2.54
2837.72 1.59
2839.71 1.2
2841.71 1.75
2843.71 6.24
2845.71 3.7
2847.72 0.23
2849.72 5.91
2851.72 2.09
2853.71 0.89
2855.65 0.03
2857.72 5.58
2859.72 0.65
2861.71 1.34
2863.71 0.66
2865.71 20.36
2867.72 6.69
2869.71 3.36
2871.71 28.35
2873.72 23.06
2875.71 8.71
2877.73 0.84
2879.71 3.59
2881.71 20.54
2883.71 2.32
2885.73 16.4
2887.72 6.3
2889.71 1.63
2891.73 6.63
2893.71 2.06
2895.71 1.86
2897.73 0.14
2899.71 7.99
2901.71 6.65
2903.72 4.88
2905.71 18.83
2907.71 29.1
2909.72 1.21
2911.72 0.61
2913.71 1.08
2915.72 10.09
2917.71 6.51
2919.71 0.38
2921.71 3.49
2923.75 0.42
2925.72 8.11
2927.72 1.07
2929.71 0.76
2931.96 3.32
2933.96 0.46
2935.99 0.9
2937.98 1.78
2939.79 0.3
2941.96 3.06
2943.96 0.44
2945.96 2.62
2947.96 14.26
2949.96 0.31
2951.96 1.13
2953.96 1.06
2955.96 14.17
2957.96 0.23
2959.97 2.77
2961.98 20.59
2963.97 0.03
2965.98 3.13
2967.96 26.37
2969.96 19.54
2971.96 40.13
2973.97 7.0
2975.96 16.51
2977.96 1.22
2979.96 39.6
2981.96 41.24
2983.99 41.24
2985.98 0.93
2987.98 1.31
2989.97 2.85
2991.96 33.96
2993.97 1.47
2995.97 5.83
2997.96 45.41
2999.96 45.41
3001.96 45.41
3003.96 1.63
3005.96 1.12
3007.97 0.48
3009.96 18.69
3011.97 6.89
3013.96 2.24
3015.97 14.8
