0.0 3.22
0.54 5.91
1.45 6.92
2.0 17.61
2.51 32.83
3.01 22.88
3.51 46.02
4.06 30.33
4.79 9.42
6.79 1.83
8.79 29.09
10.8 8.23
12.79 26.06
14.8 8.9
16.79 3.8
18.79 4.73
20.79 19.8
22.79 1.57
24.78 9.59
26.78 0.56
28.8 34.94
30.8 21.3
32.79 7.09
34.79 31.14
36.79 36.52
38.79 0.54
40.79 12.07
42.79 4.71
44.79 36.31
46.78 0.65
48.68 9.27
50.89 37.49
52.79 24.25
54.79 16.71
56.8 22.02
58.8 11.69
60.8 4.61
62.79 42.48
64.79 30.78
66.79 33.72
68.79 41.86
70.79 25.65
72.79 37.25
74.79 4.78
76.8 25.36
78.79 16.02
80.79 10.85
82.8 17.79
84.79 7.11
86.79 32.18
88.79 20.89
90.79 16.11
92.79 17.15
94.78 27.92
96.79 16.51
98.8 0.3
100.8 24.45
102.8 23.57
104.81 37.1
106.8 10.91
108.79 35.15
110.79 6.31
112.78 0.31
114.79 3.35
116.79 26.78
118.78 5.02
120.79 9.84
122.8 33.5
124.8 0.21
126.79 15.36
128.79 21.67
130.79 9.46
132.79 1.31
134.79 26.43
136.79 4.54
138.78 6.37
140.78 18.87
142.79 5.58
144.78 22.23
146.79 8.59
148.79 3.84
150.8 19.69
152.79 0.41
154.79 24.13
156.78 1.45
158.79 2.18
160.79 22.94
162.79 42.45
164.8 43.48
166.8 1.11
168.78 17.53
170.85 27.14
172.79 0.19
174.8 17.31
176.79 8.14
178.79 23.69
181.04 29.61
182.87 40.0
185.04 30.36
187.05 37.31
189.05 13.41
191.04 14.67
193.05 27.35
195.04 0.47
197.05 1.68
199.04 38.78
201.05 19.22
203.04 19.78
205.04 33.7
206.87 17.87
209.05 3.26
211.05 0.84
