0 20.125
1 6.5
2 19.625
3 30.625
4 14.25
5 13.75
6 15.625
7 13.75
8 13.25
9 14.0
10 13.75
11 13.125
12 13.5
13 14.0
14 13.125
15 34.375
16 102.625
17 83.0
18 6.0
19 2.25
20 14.25
21 13.0
22 26.5
23 27.125
24 37.75
25 31.75
26 40.75
27 27.25
28 28.625
29 39.125
30 18.75
31 4.875
32 11.5
33 15.375
34 11.25
35 14.75
36 14.875
37 12.875
38 11.375
39 14.5
40 15.5
41 13.75
42 11.75
43 14.375
44 14.875
45 24.375
46 33.875
47 44.75
48 39.25
49 4.875
50 13.375
51 12.625
52 9.125
53 5.625
54 7.0
55 8.25
56 12.375
57 37.625
58 57.25
59 59.875
60 60.5
61 61.5
62 59.25
63 65.875
64 72.375
65 81.25
66 89.125
67 76.0
68 15.25
69 12.25
70 15.625
71 33.25
72 74.75
73 45.5
74 51.75
75 37.5
76 19.25
77 49.25
78 45.0
79 32.5
80 12.375
81 7.75
82 6.875
83 14.75
84 36.625
85 73.375
86 69.5
87 73.75
88 76.5
89 75.0
90 74.625
91 68.375
92 73.25
93 35.75
94 13.25
95 35.25
96 90.375
97 91.25
98 110.0
99 87.0
100 83.125
101 71.125
102 76.875
103 14.0
104 15.0
105 13.5
106 11.5
107 14.375
108 15.125
109 37.625
110 93.875
111 93.375
112 92.625
113 93.25
114 93.625
115 98.625
116 92.25
117 72.5
118 86.875
119 10.375
120 26.25
121 32.875
122 31.375
123 33.5
124 67.875
125 45.625
126 64.0
127 36.5
128 19.625
129 12.375
130 7.0
131 2.625
132 5.625
133 1.5
134 12.625
135 14.5
136 34.375
137 49.0
138 36.375
139 18.75
140 18.625
141 15.75
142 14.75
143 23.375
144 37.0
145 37.625
146 15.125
147 14.5
148 17.0
149 38.375
150 46.5
151 48.5
152 48.5
153 50.25
154 50.375
155 15.5
156 11.625
157 15.25
158 14.25
159 11.375
160 13.5
161 15.0
162 15.625
163 10.75
164 12.5
165 11.75
166 12.625
167 34.5
168 62.0
169 67.5
170 77.0
171 37.625
172 11.0
173 33.125
174 24.875
175 12.0
176 12.25
177 15.375
178 11.75
179 14.125
180 13.625
