0.0 0.26
5.33 0.22
8.62 0.01
10.79 0.31
13.08 0.11
14.63 0.29
16.72 0.02
18.04 0.1
19.57 0.4
21.26 0.11
23.65 0.32
26.24 0.05
28.64 0.02
30.24 0.42
32.27 0.02
33.54 0.56
35.73 0.03
37.16 0.4
38.8 0.04
40.94 0.05
42.52 0.54
44.06 0.29
45.68 0.39
47.49 0.42
49.77 0.14
51.75 0.25
54.31 0.08
56.95 0.43
59.61 0.34
61.88 0.35
63.77 0.04
66.0 0.02
67.93 0.27
69.76 0.11
72.29 0.06
73.91 0.05
75.7 0.59
78.06 0.44
80.81 0.02
82.7 0.43
84.7 0.15
87.74 0.04
90.54 0.02
93.14 0.02
95.11 0.54
97.6 0.2
99.91 0.52
102.04 0.4
103.72 0.55
105.34 0.86
106.57 0.07
108.31 0.67
109.51 0.12
111.73 0.05
113.42 0.05
115.44 0.05
117.01 0.72
118.96 0.02
119.75 0.42
120.76 0.2
121.53 0.21
123.97 0.05
125.92 0.02
127.26 0.61
128.76 0.14
129.63 0.37
130.94 0.09
131.69 0.22
133.59 0.38
136.08 0.02
137.71 0.66
139.36 0.42
140.8 0.03
143.14 0.48
146.52 0.17
148.61 0.4
151.58 0.05
153.02 0.36
155.42 0.49
156.85 0.24
157.84 0.41
159.15 0.04
160.2 0.35
162.36 0.11
163.38 0.11
165.41 0.46
167.59 0.05
169.41 0.58
171.48 0.11
173.57 0.39
177.57 0.04
178.2 0.35
179.45 0.29
182.04 0.09
183.34 0.29
186.78 0.07
187.86 0.34
189.61 0.27
192.15 0.08
193.59 0.39
195.88 0.1
197.51 0.05
200.14 0.14
201.74 0.04
203.65 0.36
205.41 0.12
207.41 0.48
209.41 0.33
211.63 0.09
216.28 0.59
218.67 0.43
221.21 0.64
225.36 0.02
228.63 0.36
230.56 0.16
233.63 0.1
235.94 0.66
237.84 0.05
239.66 0.01
240.97 0.06
241.98 0.4
243.4 0.15
244.26 0.65
245.23 0.2
246.04 0.52
249.08 0.05
250.04 0.1
251.03 0.35
253.71 0.07
255.49 0.48
258.86 0.02
262.58 0.02
265.92 0.48
269.0 0.19
272.67 0.27
277.21 0.2
281.66 0.4
286.42 0.02
289.42 0.15
291.84 0.36
294.72 0.21
297.34 0.65
300.16 0.11
303.75 0.59
308.45 0.11
311.72 0.35
316.9 0.21
323.37 0.02
329.34 0.31
336.3 0.02
343.51 0.05
350.29 0.2
361.84 0.08
370.54 0.14
384.38 0.1
390.82 0.21
398.36 0.09
405.1 0.23
413.62 0.22
421.77 0.14
425.87 0.59
428.35 0.68
431.0 0.05
433.75 0.22
439.53 0.01
443.45 0.48
447.57 0.09
451.66 0.43
457.37 0.14
462.71 0.1
466.89 0.52
472.17 0.26
479.67 0.02
485.43 0.22
488.28 0.15
492.03 0.38
495.53 0.3
501.27 0.1
506.34 0.1
509.42 0.59
513.28 0.38
516.8 0.12
521.02 0.15
524.04 0.49
529.03 0.14
535.83 0.39
541.03 0.1
544.69 0.6
548.23 0.08
551.9 0.35
555.87 0.27
561.69 0.47
567.45 0.12
574.41 0.18
580.66 0.34
588.94 0.02
594.84 0.31
599.33 0.04
604.4 0.02
609.13 0.4
613.6 0.16
617.9 0.37
622.54 0.38
627.1 0.31
633.24 0.27
644.12 0.28
653.78 0.34
663.6 0.02
671.15 0.3
