0.0 56.38
0.51 18.19
1.06 21.06
1.56 19.31
3.6 16.06
5.75 23.2
7.59 23.2
9.65 23.2
11.94 23.2
13.58 23.2
15.68 23.2
17.78 23.2
19.6 23.2
21.7 23.2
23.8 23.2
25.63 23.2
27.69 23.2
29.58 23.2
31.67 23.2
33.76 23.2
35.59 23.2
37.67 23.2
39.77 23.2
41.59 23.2
43.67 23.2
45.78 23.2
47.62 2.21
49.72 5.32
51.8 6.48
53.63 10.1
55.74 12.52
57.79 13.8
59.62 16.75
61.71 17.02
63.77 19.75
65.62 19.4
67.7 19.45
69.77 21.31
71.59 22.54
73.66 21.52
75.68 24.06
77.84 25.6
79.68 26.71
81.73 32.06
83.81 35.54
85.63 35.54
87.7 36.53
89.77 36.09
91.6 36.09
93.68 36.09
95.76 36.09
97.82 36.09
99.64 36.09
101.73 36.09
103.77 36.09
105.86 37.3
107.67 40.57
109.74 43.05
111.87 41.3
113.65 41.3
115.74 41.3
117.82 41.3
119.88 41.3
121.69 40.15
123.67 40.15
125.79 40.15
127.85 40.15
129.68 40.98
131.79 38.75
133.89 28.1
135.68 41.3
137.74 5.45
139.8 41.46
141.9 38.47
143.69 43.34
145.77 41.26
147.85 43.38
149.69 43.38
151.77 43.38
153.86 43.38
155.69 43.38
157.77 43.38
159.84 43.38
161.91 43.38
163.77 43.38
165.83 3.7
167.89 15.29
169.71 14.98
171.73 16.93
173.86 16.17
175.95 15.18
177.77 18.1
179.84 18.17
181.92 18.14
183.73 18.27
185.83 19.39
187.92 0.07
189.75 20.03
191.87 19.96
193.93 0.61
195.75 21.01
197.83 20.72
199.93 20.5
201.76 24.63
203.87 24.32
205.95 28.37
207.78 28.37
209.86 28.37
211.95 28.37
213.8 28.37
215.86 28.37
217.94 28.37
219.77 28.37
221.82 28.43
223.9 29.2
225.98 0.42
227.81 14.23
229.89 14.75
231.96 14.75
233.8 14.75
235.89 29.1
237.97 29.1
239.8 29.1
241.86 0.2
243.94 31.21
245.76 28.95
247.85 30.6
249.94 31.78
252.01 12.88
253.85 30.07
255.93 30.04
257.94 30.04
259.84 30.04
261.89 30.04
263.98 30.04
265.81 30.04
267.9 30.04
269.99 30.04
271.82 30.04
273.93 30.04
275.98 30.04
278.04 30.04
279.87 30.04
281.96 30.04
284.05 33.56
285.86 33.56
287.92 33.56
289.98 30.98
292.03 30.98
293.82 30.98
295.89 30.98
297.98 30.98
300.07 30.98
301.9 30.98
303.96 30.98
305.95 30.98
307.83 30.98
309.88 30.98
311.96 30.98
314.04 32.57
315.87 35.07
317.95 35.72
320.04 34.05
321.87 34.05
323.96 34.05
326.04 34.05
327.88 34.05
329.93 34.05
332.09 5.68
333.92 16.32
336.01 16.32
337.85 17.59
339.93 2.65
342.04 9.06
344.1 12.25
345.92 17.03
347.96 19.62
350.07 16.54
351.9 20.82
353.93 19.79
356.0 22.56
358.08 22.37
359.91 4.11
362.0 22.3
364.1 22.78
365.93 25.01
368.0 28.13
370.06 26.47
372.1 7.27
373.93 29.11
376.02 27.88
378.02 27.88
379.9 27.88
381.99 27.88
384.09 27.88
385.92 27.53
388.01 27.51
390.09 30.68
392.17 30.09
393.99 33.25
396.06 33.25
398.11 31.16
400.19 33.85
401.94 33.85
404.13 33.85
405.98 33.85
408.07 3.76
410.13 15.64
412.21 33.2
414.03 33.2
416.1 33.2
418.17 33.2
420.01 33.2
422.11 33.2
424.18 33.2
425.95 36.55
428.08 36.55
430.13 45.95
432.21 3.78
434.04 44.28
436.1 46.45
437.95 36.43
