0.0 0.39
0.55 5.81
1.24 6.58
3.03 1.82
5.03 5.09
7.03 0.92
9.04 5.12
11.04 5.38
13.03 6.76
15.04 2.29
17.04 0.9
19.05 5.79
21.03 0.91
23.07 1.82
25.04 6.52
27.04 2.8
29.04 8.23
31.05 7.36
33.04 2.33
35.05 9.57
37.03 3.54
39.03 9.86
41.03 6.05
43.04 1.75
45.04 6.83
47.05 6.62
49.04 10.68
51.05 3.07
53.03 12.3
55.03 9.76
57.03 5.85
59.04 9.67
61.04 0.2
63.04 8.93
65.04 9.55
67.04 2.9
69.05 10.13
71.03 4.59
73.04 5.74
75.04 10.67
77.04 4.07
79.04 9.87
81.05 1.98
83.04 3.56
85.05 9.69
87.03 9.03
89.03 8.96
91.05 3.15
93.04 7.65
95.04 6.53
97.04 1.49
99.05 7.0
101.04 1.51
103.28 5.6
105.29 7.66
107.28 1.95
109.29 9.63
111.29 0.57
113.29 13.19
115.3 10.1
117.3 6.95
119.3 0.25
121.28 5.96
123.28 1.97
125.2 6.44
127.28 0.3
129.29 7.5
131.29 1.2
133.15 3.43
135.3 0.78
137.28 1.0
140.37 2.4
142.15 5.47
146.14 1.54
148.5 0.38
150.53 0.31
153.14 5.29
155.52 6.55
157.31 7.38
159.1 7.25
160.21 5.73
161.26 5.97
162.46 4.82
163.66 7.42
165.3 6.54
167.29 1.04
169.28 0.49
171.28 5.68
173.74 4.87
175.29 1.01
177.29 6.93
179.29 1.75
181.3 1.67
183.29 3.77
185.29 7.21
187.28 2.79
189.29 7.04
191.29 2.72
193.29 9.49
195.29 4.45
198.23 4.42
201.84 3.59
204.45 6.92
205.66 2.66
206.94 1.69
208.42 6.85
209.79 7.06
211.29 8.36
213.3 2.08
215.3 0.77
217.3 0.54
219.3 6.35
221.19 5.7
223.29 1.23
225.29 0.33
227.29 4.18
229.29 8.73
231.29 0.72
233.3 5.72
235.29 6.49
237.28 2.49
239.29 10.23
241.3 3.53
243.28 1.45
245.19 10.86
247.29 0.3
249.29 12.85
251.3 7.65
253.3 9.73
255.29 2.01
257.28 0.37
259.29 10.09
261.29 2.02
263.29 8.78
265.3 1.35
267.3 2.09
269.3 4.93
271.29 0.75
273.29 7.39
275.29 0.28
277.29 2.36
279.3 4.29
281.3 1.19
283.3 0.44
285.5 3.82
287.79 0.15
290.03 0.83
292.07 5.41
294.22 9.6
296.01 7.92
297.29 8.07
299.3 2.22
301.3 10.11
303.29 2.33
305.74 7.01
307.94 0.99
310.82 1.72
312.78 0.79
314.27 1.03
315.75 1.58
317.31 2.2
319.3 0.37
321.28 0.44
323.74 3.35
325.29 1.78
327.28 3.56
329.3 4.48
331.3 1.52
333.29 6.51
335.3 1.38
337.28 10.91
339.29 12.36
341.29 6.3
343.28 5.04
345.3 6.01
347.4 8.42
