0.0 69.06
1.02 60.05
3.01 72.57
5.07 22.43
7.02 53.11
9.04 56.33
11.01 51.94
13.02 54.16
15.02 54.24
17.02 54.24
19.02 54.24
21.03 80.13
22.83 14.92
25.01 44.35
27.02 64.08
29.02 64.88
31.02 84.03
33.02 46.63
35.01 36.53
37.02 60.03
39.02 40.45
41.02 91.24
43.02 85.24
45.02 43.7
47.02 82.99
49.02 60.24
51.02 81.36
53.02 86.8
55.02 78.34
57.01 64.45
59.02 67.36
61.02 85.9
63.02 49.32
65.01 67.4
67.02 63.04
69.02 47.7
71.02 61.16
73.01 47.81
75.02 62.1
77.02 66.29
79.01 55.83
81.02 57.64
83.02 39.03
85.02 49.01
87.01 56.83
89.01 44.85
91.02 62.33
93.02 62.33
95.01 60.34
97.02 43.62
99.02 66.55
101.02 72.36
103.02 76.97
105.02 68.76
107.02 37.42
109.01 39.52
111.02 79.6
113.02 58.05
115.02 42.73
117.02 53.77
119.02 65.22
121.02 70.14
123.02 82.4
125.02 92.82
127.02 76.54
129.02 65.54
131.02 42.45
133.02 55.15
135.02 58.21
137.02 57.26
139.02 61.96
141.02 59.72
143.02 76.08
145.02 55.12
147.01 51.71
149.02 38.18
151.02 38.18
153.02 57.68
155.01 57.68
157.02 52.92
159.02 52.27
161.02 43.18
163.02 55.46
165.02 64.7
167.02 32.94
169.01 56.75
171.02 74.82
173.02 82.72
175.02 77.11
177.01 41.56
179.02 60.66
181.02 67.03
183.02 44.81
185.01 76.7
187.02 52.5
189.03 46.25
191.02 45.25
193.02 59.91
195.02 44.0
197.02 63.75
199.02 55.29
201.01 46.79
203.02 51.79
205.02 60.87
207.02 22.11
209.26 65.07
211.02 71.57
213.02 67.51
215.27 49.43
217.02 36.2
219.26 63.86
221.26 38.32
223.28 66.5
225.27 47.35
227.27 42.7
229.08 58.38
231.27 46.46
233.27 39.09
235.27 48.41
237.27 40.18
239.27 35.94
241.26 58.3
243.27 33.02
245.27 39.1
247.27 54.59
249.27 53.58
251.26 52.98
253.09 52.5
255.27 43.51
257.27 57.28
259.26 58.45
261.26 52.29
263.27 48.72
265.27 62.56
267.27 64.32
269.27 39.8
271.27 28.23
273.28 28.38
275.26 56.2
277.09 66.49
279.27 40.37
281.27 53.91
283.27 36.32
285.27 64.27
287.27 50.39
289.27 58.63
291.27 71.41
293.27 78.6
295.27 52.42
297.26 44.8
299.27 53.67
301.27 77.34
303.27 42.74
305.27 70.17
307.27 76.63
309.27 67.94
311.27 57.32
313.27 42.73
315.27 52.93
317.27 51.63
319.26 41.75
321.27 40.53
323.27 29.75
325.27 31.42
327.27 29.24
329.27 24.63
331.27 31.81
333.26 13.58
335.27 33.6
337.26 29.49
339.27 45.0
341.28 22.9
343.27 31.52
345.27 29.75
347.27 49.44
349.26 44.9
351.27 47.61
353.27 51.87
355.27 47.41
357.27 45.17
359.27 52.01
361.27 45.21
363.27 29.97
365.26 40.3
367.27 43.37
369.28 50.19
371.27 38.05
373.27 58.25
375.27 53.66
377.27 61.17
379.27 69.26
381.27 40.56
383.27 61.75
385.27 63.34
387.27 71.83
389.28 16.93
391.28 61.15
393.27 37.28
395.27 66.52
397.27 66.51
399.27 69.76
401.27 35.17
403.27 35.44
405.27 70.32
407.27 82.0
409.27 43.39
411.27 48.89
413.27 55.69
415.27 48.92
417.27 52.38
419.27 66.66
421.29 47.59
423.27 63.18
425.26 77.41
427.28 15.55
429.27 70.45
431.27 80.47
433.26 44.99
435.27 56.39
437.27 53.76
439.26 38.6
441.27 67.53
443.26 62.48
445.28 67.33
447.27 61.34
449.27 65.02
451.27 71.1
453.27 67.3
455.27 48.84
457.27 34.46
459.52 41.17
461.27 64.85
463.27 71.48
465.27 41.43
467.27 74.8
469.52 67.27
471.53 75.74
473.52 47.14
475.52 77.14
477.52 49.06
479.52 41.79
481.52 55.24
483.52 76.59
485.52 82.99
487.52 46.16
489.52 72.19
491.52 64.4
493.52 52.81
495.52 45.59
497.54 59.99
499.52 42.29
501.52 65.9
503.52 47.91
505.52 41.26
507.52 43.22
509.53 52.75
511.52 49.36
513.52 46.63
515.52 50.06
517.34 46.97
519.52 61.96
521.52 51.39
523.52 55.88
525.52 0.42
528.02 27.59
530.03 56.71
532.77 42.16
534.77 71.36
536.78 22.87
539.52 35.24
541.52 36.38
543.77 70.65
545.77 37.84
547.77 70.57
549.77 30.48
552.52 19.9
554.52 45.76
556.77 25.19
558.77 25.69
561.28 19.22
563.77 15.3
565.77 20.1
567.77 21.97
570.27 31.64
572.02 23.53
574.52 31.39
576.52 32.91
578.52 22.39
580.52 13.41
582.77 26.26
584.77 21.62
586.78 21.76
588.77 19.78
591.28 35.44
593.27 34.71
595.77 11.8
598.02 33.44
600.02 32.57
602.02 26.44
604.02 26.44
606.02 26.44
608.02 36.18
610.02 49.04
612.02 34.93
614.02 36.54
616.02 34.71
618.02 37.33
620.02 35.14
622.02 37.81
624.03 43.3
626.02 20.54
628.02 44.03
630.02 49.3
632.02 36.79
634.02 44.43
636.02 36.07
638.02 39.11
640.02 52.43
642.02 47.35
644.02 22.87
646.02 42.68
648.03 53.78
650.27 26.58
652.27 45.16
654.02 44.8
656.27 22.86
658.09 26.71
660.27 38.28
662.27 31.66
664.27 56.66
666.27 61.17
668.3 23.34
670.27 54.04
672.27 50.28
674.27 49.65
676.27 35.73
678.27 66.86
680.27 39.09
682.11 44.0
684.28 40.66
686.28 54.18
688.27 70.0
690.27 55.27
692.27 45.11
694.27 50.07
696.27 73.49
698.27 48.52
700.27 47.34
702.27 16.68
704.27 55.02
706.1 52.53
708.34 51.24
710.27 36.92
712.27 49.5
714.27 61.51
716.27 41.95
718.27 52.24
720.27 35.12
722.27 31.35
724.27 46.87
726.27 35.25
728.27 35.25
730.27 35.96
732.27 57.38
734.27 34.68
736.27 38.18
738.27 44.79
740.27 57.69
742.28 39.4
744.27 42.61
746.27 55.23
748.27 64.64
750.27 40.02
752.27 45.7
754.27 35.61
756.28 47.15
758.27 47.28
760.27 28.05
762.27 38.94
764.27 32.72
766.27 53.55
768.27 33.85
770.27 61.97
772.27 47.86
774.27 55.94
776.27 38.17
778.27 40.68
780.27 48.63
782.27 36.1
784.27 43.85
786.28 59.86
788.27 46.57
790.27 64.14
792.27 34.56
794.27 24.21
796.27 49.71
798.27 39.86
800.27 51.52
802.27 74.1
804.27 30.46
806.27 43.84
808.27 47.01
810.27 54.32
812.27 40.1
814.27 39.6
816.27 42.95
818.27 28.94
820.27 61.22
822.27 30.62
824.27 34.0
826.28 28.58
828.28 62.97
830.27 56.02
832.28 40.54
834.27 33.14
836.27 45.85
838.27 53.79
840.27 38.64
842.27 34.11
844.27 26.51
847.02 18.29
849.02 41.29
851.27 40.99
853.27 45.11
855.27 49.62
857.27 43.32
859.27 31.02
861.52 54.03
863.52 20.04
865.53 31.98
867.53 22.09
869.52 21.05
872.02 24.52
874.02 20.6
875.77 22.52
877.77 51.0
879.77 36.62
882.27 29.8
884.27 47.39
886.27 41.44
888.27 30.83
890.27 39.12
892.27 33.17
894.28 34.69
896.27 59.05
898.27 48.11
900.27 34.9
902.77 43.13
904.77 40.02
907.03 47.73
909.02 59.8
911.02 32.5
913.02 69.52
915.02 25.82
917.02 33.47
919.02 50.26
921.02 68.08
923.02 42.89
925.02 27.92
927.02 59.91
929.02 35.45
931.02 50.02
933.02 47.55
935.02 56.57
937.02 37.23
939.03 34.13
941.02 34.14
943.03 38.73
945.02 66.29
947.02 26.84
949.02 45.58
951.02 32.04
953.02 28.55
955.02 56.06
957.03 56.06
959.03 34.39
961.02 72.34
963.02 32.63
965.04 21.05
967.02 32.9
969.53 26.51
971.52 23.14
974.27 16.13
976.3 29.3
978.77 16.42
980.77 21.17
983.53 12.8
986.52 20.27
988.53 18.69
991.28 17.63
993.27 25.59
996.27 23.47
998.78 31.64
1000.77 14.35
1003.2 29.92
1005.27 26.31
1007.78 19.71
1009.78 25.85
1012.52 20.07
1014.52 17.96
1017.27 21.08
1020.03 15.73
1022.02 36.03
1024.77 17.32
1026.78 25.03
1029.27 20.99
1031.55 15.24
1033.77 24.09
1036.27 31.19
1038.28 33.33
1040.78 20.56
1042.78 20.56
1045.27 27.54
1048.02 19.87
1050.02 9.97
1052.52 26.91
1054.52 24.96
1057.03 44.18
1059.03 44.35
1062.27 21.75
1065.27 36.35
1067.27 13.4
1070.02 18.45
1072.03 17.12
1074.77 35.86
1076.78 21.39
1079.53 16.44
1082.04 37.02
1084.27 31.36
1086.91 40.75
1088.77 25.39
1091.52 40.07
1093.52 23.93
1096.03 42.4
1098.03 22.42
1100.28 19.97
1102.27 23.29
1104.78 9.12
1106.77 40.56
1109.27 29.73
1111.27 45.21
1113.77 35.26
1115.78 47.22
1118.03 42.46
1120.04 44.05
1122.03 34.02
1124.03 48.59
1126.03 26.68
1128.02 24.38
1130.03 37.79
1132.02 36.12
1134.03 16.22
1136.29 26.83
1138.27 38.77
1140.78 52.93
1142.78 22.92
1145.28 44.42
1148.16 0.47
1149.77 15.59
1152.53 15.59
1154.52 44.48
1156.87 54.41
1159.02 21.58
1161.27 39.72
1163.27 53.71
1165.27 22.14
1167.27 49.62
1169.27 31.63
1171.27 34.73
1173.27 38.83
1175.27 53.4
1177.27 44.55
1179.27 30.52
1181.27 25.48
1183.27 39.27
1185.27 37.79
1187.28 47.71
1189.27 48.76
1191.28 27.83
1193.27 51.27
1195.27 27.41
1197.27 25.76
1199.28 27.78
1201.28 20.47
1203.27 40.37
1205.28 28.79
1207.27 21.74
1209.28 30.02
1211.27 20.7
1213.27 29.32
1215.27 22.09
1217.28 46.86
1219.77 22.4
1221.77 46.4
1223.78 33.72
1225.77 25.47
1227.78 41.66
1229.77 22.75
1231.78 46.16
1233.77 19.56
1236.28 16.39
1238.27 41.32
1240.27 21.5
1242.52 17.1
1244.52 33.67
1246.52 35.74
1248.52 26.08
1250.52 21.04
1252.52 43.09
1254.52 29.9
1256.52 37.57
1258.53 39.64
1260.52 24.11
1262.52 14.29
1265.03 12.92
1267.03 32.36
1269.06 19.99
1271.33 26.18
1273.52 16.71
1275.52 22.7
1277.53 27.39
1279.37 30.73
1281.53 34.38
1283.52 24.73
1286.02 35.21
1288.03 20.56
1290.27 31.33
1292.27 24.37
1294.29 17.06
1296.28 9.17
1298.52 20.5
1300.53 32.46
1302.77 30.42
1304.78 25.41
1306.78 34.01
1308.77 42.89
1310.78 28.56
1312.77 35.13
1314.77 42.6
1317.02 24.74
1319.04 19.2
1321.02 32.7
1323.03 33.83
1325.02 45.41
1327.02 24.1
1329.03 19.29
1331.52 42.74
1333.53 19.1
1340.78 16.13
1342.78 22.51
1345.03 18.23
1347.03 22.35
1349.52 24.46
1351.53 16.31
