0.0 0.3
1.18 0.55
3.2 6.3
5.23 4.61
7.23 3.54
9.22 0.69
11.25 5.34
13.23 0.54
15.24 6.38
17.13 6.67
19.3 0.03
21.27 0.67
23.28 1.97
25.26 4.1
27.27 4.91
29.3 4.55
31.35 5.4
33.29 5.67
35.29 4.49
37.35 4.72
39.31 7.55
41.3 1.43
43.32 6.54
45.36 7.21
47.31 0.12
49.34 7.29
51.35 5.99
53.34 1.87
55.36 3.94
57.38 4.29
59.34 4.79
61.34 0.53
63.37 2.57
65.32 3.23
67.35 2.16
69.35 3.71
71.38 0.03
73.38 3.01
75.36 4.86
77.42 5.22
79.38 1.39
81.4 6.19
83.38 3.85
85.91 0.75
88.3 4.66
90.12 5.93
92.62 0.98
94.67 2.89
96.95 4.62
98.76 4.26
100.38 4.48
102.72 2.26
104.35 2.8
106.32 4.34
108.59 6.36
110.73 4.61
112.22 3.04
114.18 1.08
115.94 0.62
117.4 2.94
119.17 8.07
121.21 2.12
123.25 4.05
125.23 4.73
127.25 4.29
129.71 0.01
131.26 0.67
133.25 0.16
135.27 1.51
137.27 0.69
139.26 4.0
141.26 2.18
143.26 9.51
145.27 1.02
147.27 3.92
149.27 0.44
151.28 1.92
153.29 0.11
155.28 3.99
157.29 9.81
159.29 6.2
161.32 10.07
163.34 3.35
165.35 12.11
167.32 4.44
169.32 5.56
171.32 3.7
173.32 11.36
175.32 0.76
177.31 1.29
179.34 5.46
181.32 5.71
183.33 6.81
185.3 0.5
187.34 4.74
189.4 12.94
191.41 6.09
193.4 0.03
195.4 4.69
197.36 5.43
199.38 0.13
201.37 5.61
203.38 11.76
205.36 8.2
207.4 5.49
209.38 0.08
211.39 0.5
213.39 2.63
215.44 1.47
217.41 3.8
219.41 4.15
221.4 1.0
223.41 1.23
225.4 4.53
227.58 0.72
229.41 0.11
