0.0 1.86
3.05 4.18
3.84 4.28
4.65 4.66
5.65 5.96
6.64 5.87
7.34 3.95
8.18 5.3
9.18 5.71
10.06 6.46
10.89 6.32
12.22 5.58
14.21 2.33
16.21 5.78
18.21 4.11
20.21 4.62
22.21 2.75
25.16 1.22
28.43 0.45
31.7 2.62
33.58 3.02
35.72 2.43
38.48 3.56
40.5 1.33
41.84 2.98
42.64 4.05
43.32 4.87
44.21 4.59
46.22 4.86
48.22 5.97
50.24 6.84
52.22 6.01
54.21 5.0
56.22 5.9
58.21 0.58
60.22 2.95
62.21 2.53
64.22 3.12
66.21 4.36
68.24 3.32
70.21 3.09
72.22 2.26
74.48 1.59
76.46 5.79
78.46 4.01
80.46 3.75
82.46 2.11
84.48 4.33
86.46 3.05
88.48 3.96
90.46 5.43
95.16 1.49
96.88 4.32
98.45 3.44
100.09 5.59
101.54 6.57
104.77 3.72
108.19 4.76
111.76 4.6
113.89 3.54
115.84 3.61
116.99 3.56
118.05 3.13
119.79 2.31
122.05 3.89
124.0 5.28
127.04 1.98
128.17 4.84
129.6 3.98
130.98 3.82
133.63 1.85
136.49 3.01
140.84 2.12
142.54 3.02
144.7 2.88
146.48 3.16
147.77 3.38
149.52 2.64
151.92 2.18
154.14 2.24
157.15 2.1
159.69 1.13
162.05 1.28
163.76 2.66
165.24 4.06
166.33 1.8
167.85 4.56
169.31 3.96
170.5 5.11
171.94 3.98
173.66 4.43
174.61 5.99
175.53 5.89
177.0 6.94
178.46 7.29
180.48 9.83
182.48 7.57
184.46 6.77
187.21 4.23
190.08 4.63
192.65 4.89
194.08 5.49
196.3 4.45
198.04 5.35
199.72 5.6
202.48 3.28
204.53 5.17
206.75 5.87
208.97 4.14
209.54 6.38
211.21 3.94
213.22 4.21
215.22 4.93
217.22 6.15
219.22 4.2
221.21 2.78
223.21 5.99
225.22 3.37
227.22 4.62
229.22 5.32
231.21 4.9
233.22 4.45
235.21 6.18
237.22 4.26
239.22 6.35
241.52 3.7
243.21 4.95
245.17 5.75
247.22 5.97
