0.0 700.31
0.85 770.01
2.85 44.29
4.85 801.43
6.85 31.74
8.85 830.95
11.09 44.56
13.09 800.82
15.09 864.19
17.09 30.01
19.1 587.55
21.1 30.03
23.09 885.74
25.09 843.66
27.09 655.42
29.09 376.67
31.09 44.66
33.09 450.65
35.1 26.27
37.1 545.46
39.09 553.59
41.09 30.0
43.09 668.19
45.09 44.27
47.09 435.54
49.09 537.05
51.09 24.57
53.1 533.75
55.1 26.33
57.1 394.64
59.1 32.21
61.09 555.63
63.09 373.69
65.09 28.02
67.09 705.94
69.1 21.7
71.1 286.59
73.09 359.76
75.09 35.07
77.09 367.85
79.09 26.26
81.09 297.99
83.09 26.66
85.1 548.36
87.1 207.98
89.1 27.76
91.1 322.45
93.09 43.86
95.09 399.48
97.09 375.44
99.09 36.54
101.1 405.35
103.1 26.34
105.1 373.69
107.1 31.32
109.09 366.55
111.09 352.31
113.09 26.16
115.09 365.36
117.1 26.19
119.1 353.94
121.1 141.25
123.1 40.31
125.09 463.36
127.09 23.41
129.09 216.57
131.09 27.93
133.09 462.85
135.1 459.58
137.1 29.94
139.1 556.08
141.09 26.25
143.09 503.47
145.09 443.33
147.09 575.47
149.1 563.42
151.1 44.41
153.1 388.38
155.1 44.35
157.09 623.82
159.09 347.32
161.09 30.19
163.09 313.54
165.1 30.03
167.1 929.08
169.1 27.43
171.1 488.28
173.09 935.25
175.1 48.02
177.09 417.8
179.09 26.29
181.09 664.11
183.1 179.95
185.1 28.02
187.1 742.13
189.1 26.48
191.09 539.76
193.09 563.86
195.09 320.99
197.09 64.69
199.1 28.02
201.1 730.84
203.1 43.09
205.1 232.98
207.09 686.36
209.09 29.94
211.09 1.2
213.09 26.2
215.09 533.98
217.09 600.17
219.1 331.46
221.1 229.02
223.1 35.14
225.1 350.13
227.1 26.21
229.09 706.6
231.09 821.02
233.1 28.02
235.1 1021.62
237.1 27.91
239.1 37.41
241.1 700.93
243.09 235.44
245.09 901.71
247.09 28.01
249.1 808.42
251.1 24.7
253.1 29.48
255.1 139.6
257.1 29.57
259.11 260.07
261.34 26.27
263.34 330.31
265.12 26.25
267.34 67.71
269.35 372.05
271.35 28.02
273.34 27.86
275.35 27.89
277.34 44.66
279.34 44.66
281.34 44.66
283.35 80.78
285.35 99.66
287.35 173.51
289.13 30.11
291.35 239.25
293.34 360.93
295.34 30.01
297.34 612.77
299.35 43.11
301.35 676.61
303.35 724.19
305.35 841.37
307.35 868.47
309.34 30.11
311.34 784.96
313.34 29.91
315.34 667.06
317.35 840.03
319.35 29.18
321.35 910.54
323.35 30.11
325.35 881.31
327.34 875.24
329.34 1.09
331.34 570.3
333.35 26.25
335.35 394.81
337.35 26.27
339.35 450.24
341.36 553.47
343.34 44.47
345.34 622.25
347.34 26.2
349.35 537.79
351.35 200.59
353.35 28.0
355.35 340.5
357.35 48.01
359.34 581.89
361.34 30.06
363.35 23.39
365.35 699.09
367.35 32.27
369.35 882.9
371.35 35.13
373.35 716.21
375.36 881.29
377.34 23.26
379.34 305.46
381.34 32.39
383.35 891.7
385.35 28.04
387.35 832.11
389.35 783.16
391.35 29.93
393.34 862.42
395.34 44.14
397.34 165.71
399.35 933.09
401.35 215.8
403.35 331.06
405.35 35.07
407.35 750.16
409.36 30.02
411.34 600.64
413.34 775.88
415.35 44.26
417.35 846.46
419.35 32.11
421.35 772.62
423.35 859.63
425.36 780.13
427.34 855.92
429.34 32.35
431.34 269.46
433.35 44.19
435.35 435.93
437.35 93.45
439.35 27.9
441.35 66.08
443.34 28.07
445.34 68.18
447.34 85.62
449.35 126.3
451.35 226.64
453.35 32.29
455.35 298.61
457.35 25.2
459.34 50.39
461.34 60.64
463.35 51.18
465.35 684.45
467.35 32.43
469.35 513.6
471.35 757.51
473.35 1.06
475.35 720.45
477.34 44.64
479.34 757.04
481.35 38.2
483.35 149.71
485.35 211.91
487.35 32.94
489.35 328.4
491.35 28.46
493.36 245.09
495.34 598.28
497.34 709.23
499.35 726.0
501.35 32.86
503.35 784.94
505.35 27.96
507.35 620.97
509.36 798.58
511.59 30.03
513.59 664.01
515.6 44.28
517.6 547.47
519.6 349.06
521.6 505.06
523.6 657.47
525.61 27.58
527.59 588.71
529.59 44.36
531.6 655.57
533.6 34.19
535.6 30.02
537.6 510.94
539.6 28.11
541.59 516.62
543.59 640.95
545.59 655.91
547.6 468.19
549.6 28.02
551.6 650.76
553.6 48.03
555.6 710.51
557.61 820.42
559.61 44.38
561.59 276.47
563.6 27.94
565.6 316.24
567.6 336.91
569.6 366.9
571.6 381.08
573.6 32.23
575.6 427.6
577.59 28.05
579.59 506.41
581.6 493.83
583.6 31.4
585.6 869.78
587.6 32.34
589.6 390.65
591.61 374.21
593.59 517.72
595.59 613.24
597.6 32.31
599.6 698.38
601.6 28.18
603.6 249.01
605.6 409.28
607.61 44.41
609.59 437.88
611.59 28.01
613.59 471.32
615.6 474.19
617.6 285.54
619.6 467.11
621.6 29.94
623.61 461.7
625.61 32.22
627.59 359.79
629.59 458.36
631.6 31.44
633.6 445.25
635.6 52.71
637.6 70.06
639.61 53.99
641.6 165.69
643.61 101.36
645.59 35.61
647.6 201.57
649.6 38.69
651.6 211.92
653.6 238.08
655.6 28.0
657.61 298.87
659.59 32.32
661.59 561.65
663.6 545.41
665.6 700.82
667.6 560.62
669.6 31.42
671.6 755.81
673.6 44.47
675.61 491.99
677.59 509.39
679.59 43.97
681.6 347.69
683.6 28.01
685.6 229.38
687.6 560.53
689.61 611.97
691.61 302.81
693.59 28.02
695.59 90.04
697.6 28.08
699.6 228.17
701.6 672.22
703.6 37.13
705.61 755.73
707.6 55.85
709.59 698.38
711.6 819.75
713.6 877.54
715.6 817.35
717.6 42.24
719.6 904.86
721.6 26.23
723.61 292.32
725.6 563.01
727.59 26.27
729.6 797.12
731.6 28.01
733.6 537.07
735.6 395.03
737.59 810.98
739.6 203.39
741.6 28.01
743.59 3.89
745.6 350.22
747.6 271.86
749.6 374.59
751.6 27.32
753.6 53.49
755.6 45.19
757.61 581.49
759.6 622.96
761.84 672.64
763.85 625.7
765.85 32.94
767.85 807.76
769.85 28.02
771.86 902.38
773.86 16.04
775.86 860.35
777.84 892.69
779.85 32.3
781.85 960.93
783.62 44.64
785.85 1019.74
787.85 492.49
789.85 45.94
791.85 242.83
793.84 44.36
795.85 537.31
797.85 589.62
799.85 559.43
801.85 504.77
803.85 48.03
805.85 272.71
807.84 42.76
809.84 563.81
811.84 558.8
813.85 32.34
815.85 316.96
817.85 48.09
819.85 594.2
821.85 811.08
823.86 896.91
825.85 720.37
827.84 44.32
829.85 820.31
831.85 35.09
833.85 872.85
835.85 584.73
837.85 44.07
839.85 853.68
841.86 24.73
843.84 2.35
845.85 731.81
847.85 30.03
849.85 646.94
851.85 44.67
853.85 669.3
855.86 44.32
857.85 702.92
859.86 179.32
861.85 32.32
863.85 876.45
865.85 32.34
867.85 982.44
869.85 838.85
871.86 692.88
873.86 64.43
875.86 34.02
877.84 2.28
879.85 28.02
881.85 939.01
883.85 826.94
885.85 28.04
887.86 282.17
889.86 44.34
891.86 0.52
893.85 460.91
895.85 538.31
897.85 239.62
899.85 30.07
901.85 306.69
903.85 29.33
905.86 237.32
907.85 232.0
909.84 30.12
911.85 96.82
913.85 35.03
915.85 279.09
917.85 340.37
919.85 366.55
921.86 401.08
923.86 54.89
925.85 491.56
927.85 27.97
929.85 467.62
931.85 520.76
933.85 30.03
935.85 515.66
937.85 32.32
939.86 387.16
941.84 215.16
943.85 501.32
945.85 520.02
947.85 32.33
949.85 532.66
951.85 18.99
953.85 566.98
955.86 441.09
957.86 28.06
959.84 419.64
961.84 43.15
963.85 491.76
965.85 514.7
967.85 561.48
969.85 554.11
971.86 28.02
973.86 612.59
975.86 26.21
977.85 510.36
979.85 629.11
981.85 41.84
983.85 866.42
985.85 28.05
987.86 484.26
989.86 218.44
991.86 849.16
993.85 824.63
995.85 32.36
997.85 858.24
999.85 44.28
1001.85 482.58
1003.85 443.62
1005.86 32.32
1007.85 612.74
1009.85 44.19
1012.1 539.08
1013.88 24.66
1016.1 718.28
1018.1 585.51
1020.1 30.04
1022.11 644.75
1024.1 44.58
1026.1 89.62
1028.1 762.68
1030.1 32.2
1032.1 256.93
1034.1 47.47
1036.1 326.86
1037.88 28.07
1040.1 353.12
1042.1 213.77
1044.1 36.2
1046.1 357.41
1048.1 27.65
1050.1 388.9
1052.1 443.31
1054.11 32.26
1056.11 481.97
1058.1 2.6
1060.11 340.62
1062.1 28.02
1064.1 467.35
1066.1 333.8
1068.1 32.3
1070.11 592.57
1072.11 44.29
1074.11 495.06
1076.11 634.6
1078.1 32.33
1080.1 561.27
1082.1 20.85
1084.1 310.84
1086.1 28.06
1088.11 328.9
1090.11 235.16
1092.11 27.87
1094.1 242.81
1096.1 43.78
1098.1 363.21
1100.1 397.85
1102.1 32.34
1104.1 682.79
1106.11 30.85
1108.1 685.38
1110.1 29.99
1112.1 782.03
1114.1 735.77
1116.1 32.36
1118.1 212.05
1120.11 44.52
1122.11 332.95
1124.11 320.3
1126.11 45.22
1128.1 294.63
1130.1 26.05
1132.1 387.82
1134.1 44.81
1136.1 368.95
1138.11 425.67
1140.11 45.34
1142.11 545.71
1144.1 41.42
1146.1 538.34
1148.1 390.66
1150.1 26.28
1152.11 384.08
1154.11 38.61
1156.11 164.04
1158.11 28.02
1160.1 379.59
1162.1 355.21
1164.1 44.42
1166.1 464.86
1168.1 44.6
1170.11 366.37
1172.11 286.42
1174.1 32.12
1176.1 239.03
1178.1 28.01
1180.1 394.98
1182.1 27.97
1184.1 335.5
1186.11 333.11
1188.1 43.12
1190.11 280.35
1192.11 45.06
1194.1 347.8
1196.1 318.67
1198.1 38.17
1200.1 326.18
1202.1 44.55
1204.11 550.04
1206.1 28.09
1208.11 642.39
1210.1 587.73
1212.1 32.31
1214.1 627.43
1216.1 44.17
1218.11 683.11
1220.11 213.66
1222.11 30.03
1224.11 396.41
1226.12 46.96
1228.1 286.97
1230.1 20.24
1232.1 156.89
1234.1 313.48
1236.11 25.6
1238.11 249.94
1240.11 28.0
1242.1 313.76
1244.1 409.69
1246.1 31.53
1248.1 416.96
1250.1 28.43
1252.1 434.8
1254.11 26.21
1256.11 471.04
1258.1 629.47
1260.1 32.32
1262.35 825.55
1264.35 38.21
1266.35 835.81
1268.35 872.4
1270.36 903.02
1272.36 825.66
1274.36 27.2
1276.35 595.57
1278.35 28.02
1280.35 105.66
1282.35 845.46
1284.35 32.3
1286.36 494.39
1288.36 30.05
1290.36 804.93
1292.36 756.2
1294.36 864.46
1296.35 865.8
1298.35 44.76
1300.35 795.16
1302.35 27.8
1304.36 387.86
1306.36 716.41
1308.35 46.73
1310.35 673.34
1312.35 27.85
1314.35 130.96
1316.36 969.57
1318.36 994.26
1320.36 528.29
1322.36 48.14
1324.36 516.9
1326.35 28.05
1328.35 510.11
1330.35 744.33
1332.35 32.32
1334.35 697.99
1336.36 44.83
1338.36 890.69
1340.35 871.7
1342.36 729.94
1344.35 643.37
1346.35 39.27
1348.35 887.43
1350.35 30.01
1352.35 464.46
1354.36 751.67
1356.36 44.18
1358.35 144.65
1360.35 1.3
1362.35 123.92
1364.35 189.88
1366.35 284.02
1368.35 324.64
1370.36 32.3
1372.36 444.75
1374.35 32.4
1376.35 511.76
1378.35 606.8
1380.35 32.02
1382.35 582.21
1384.35 28.07
1386.36 693.47
1388.36 5.22
1390.35 601.5
1392.35 600.84
1394.35 31.43
1396.35 117.35
1398.35 45.75
1400.35 438.42
1402.36 455.94
1404.36 35.13
1406.36 486.67
1408.36 24.73
1410.36 203.36
1412.35 559.25
1414.35 568.71
1416.35 621.52
1418.35 38.2
1420.36 131.72
1422.36 28.08
1424.36 385.86
1426.35 375.5
1428.35 23.36
1430.35 538.17
1432.35 32.44
1434.36 626.13
1436.36 612.18
1438.36 790.28
1440.35 621.71
1442.36 28.01
1444.35 835.28
1446.35 38.17
1448.35 38.77
1450.35 0.83
1452.36 44.18
1454.36 698.19
1456.35 41.87
1458.35 852.07
1460.35 834.88
1462.35 172.23
1464.35 195.59
1466.35 27.94
1468.35 194.42
1470.36 32.32
1472.36 239.84
1474.35 277.32
1476.35 31.44
1478.35 326.89
1480.35 29.77
1482.35 445.97
1484.35 518.35
1486.36 69.34
1488.36 549.88
1490.36 30.03
1492.36 321.99
1494.35 34.01
1496.35 690.7
1498.35 727.01
1500.35 32.14
1502.36 464.59
1504.36 28.01
1506.36 419.86
1508.36 445.25
1510.61 451.31
1512.6 562.75
1514.6 45.46
1516.6 731.83
1518.61 30.18
1520.61 778.03
1522.61 942.56
1524.61 130.73
1526.62 41.96
1528.6 32.82
1530.6 852.52
1532.38 32.24
1534.61 43.49
1536.61 908.72
1538.61 32.43
1540.6 874.24
1542.61 29.98
1544.6 856.21
1546.6 216.37
1548.6 655.43
1550.6 688.84
1552.61 30.0
1554.61 106.95
1556.61 43.31
1558.61 676.14
1560.6 692.7
1562.6 32.48
1564.6 927.46
1566.6 32.32
1568.61 921.53
1570.61 705.97
1572.61 43.51
1574.61 606.3
1576.6 32.34
1578.6 909.07
1580.6 39.27
1582.61 834.94
1584.61 85.19
1586.61 39.8
1588.61 182.41
1590.61 35.71
1592.62 827.5
1594.6 49.02
1596.6 138.96
1598.6 776.13
1600.61 44.39
1602.61 89.0
1604.61 29.19
1606.61 818.85
1608.61 1002.82
1610.6 44.56
1612.6 133.91
1614.6 32.91
1616.6 745.61
1618.6 796.29
1620.61 912.05
1622.61 769.12
1624.61 40.56
1626.61 689.07
1628.6 27.24
1630.6 361.27
1632.6 572.78
1634.6 27.99
1636.61 379.01
1638.61 32.35
1640.61 715.51
1642.61 915.69
1644.6 580.56
1646.6 526.05
1648.61 30.15
1650.61 899.69
1652.61 32.25
1654.61 889.17
1656.61 54.61
1658.61 30.03
1660.6 69.94
1662.6 43.18
1664.6 890.99
1666.61 154.02
1668.61 38.27
1670.61 694.86
1672.61 44.28
1674.61 799.43
1676.61 28.06
1678.6 343.25
1680.6 407.89
1682.6 28.1
1684.61 134.53
1686.61 26.94
1688.61 127.24
1690.61 234.56
1692.61 37.17
1694.6 273.09
1696.6 28.02
1698.6 347.34
1700.61 31.24
1702.61 28.88
1704.61 335.47
1706.61 28.01
1708.61 341.84
1710.6 32.41
1712.6 502.9
1714.6 336.17
1716.6 46.7
1718.61 305.93
1720.61 27.98
1722.61 413.56
1724.62 38.28
1726.62 494.74
1728.6 376.07
1730.6 32.25
1732.6 134.97
1734.61 44.51
1736.61 606.28
1738.61 452.6
1740.61 554.33
1742.61 206.79
1744.6 26.67
1746.6 627.7
1748.61 20.33
1750.61 820.5
1752.61 894.95
1754.61 28.02
1756.61 814.37
1758.61 29.91
1760.87 935.65
1762.63 27.83
1764.85 538.14
1766.86 874.51
1768.86 48.02
1770.86 218.3
1772.86 27.98
1774.86 335.81
1776.87 589.72
1778.85 31.32
1780.85 360.28
1782.85 43.28
1784.86 198.45
1786.63 28.02
1788.86 212.13
1790.86 338.72
1792.87 32.29
1794.85 456.03
1796.85 28.01
1798.85 554.62
1800.86 667.5
1802.86 44.17
1804.86 846.66
1806.86 881.27
1808.86 837.73
1810.85 31.43
1812.85 757.44
1814.85 845.15
1816.86 30.01
1818.86 738.62
1820.86 29.23
1822.86 82.84
1824.86 1021.43
1826.87 43.67
1828.87 872.98
1830.85 30.29
1832.86 877.1
1834.86 24.73
1836.86 365.45
1838.86 775.71
1840.86 32.3
1842.86 649.21
1844.85 44.53
1846.85 66.1
1848.85 848.66
1850.86 22.13
1852.86 909.7
1854.86 44.15
1856.86 915.25
1858.87 26.3
1860.85 538.13
1862.85 241.89
1864.85 28.02
1866.86 455.41
1868.86 28.02
1870.86 549.24
1872.86 694.35
1874.86 32.35
1876.87 822.12
1878.85 28.01
1880.85 219.5
1882.86 26.27
1884.86 680.19
1886.86 300.36
1888.86 32.92
1890.86 835.83
1892.86 28.48
1894.85 281.02
1896.85 417.1
1898.86 44.32
1900.86 625.34
1902.86 30.02
1904.86 495.49
1906.86 28.02
1908.87 875.38
1910.85 828.56
1912.85 32.29
1914.85 169.97
1916.86 32.32
1918.86 413.76
1920.86 448.73
1922.86 50.61
1924.87 527.81
1926.87 44.84
1928.85 816.45
1930.85 32.32
1932.86 153.14
1934.86 164.49
1936.86 26.16
1938.86 447.92
1940.86 28.04
1942.86 473.55
1944.85 427.16
1946.85 32.33
1948.86 433.67
1950.86 28.06
1952.86 343.67
1954.86 37.71
1956.86 428.85
1958.86 584.64
1960.86 40.6
1962.85 447.03
1964.86 30.01
1966.86 666.51
1968.86 642.66
1970.86 32.43
1972.86 636.11
1974.87 44.31
1976.87 99.8
1978.85 28.03
1980.85 511.25
1982.86 124.04
1984.86 38.95
1986.86 187.26
1988.86 46.5
1990.86 122.03
1992.87 230.03
1994.85 31.43
1996.85 383.04
1998.86 28.01
2000.86 260.39
2002.86 13.41
2004.86 449.77
2006.86 503.15
2008.87 31.37
2011.1 594.4
2013.1 28.02
2015.11 592.89
2017.11 573.82
2019.11 38.48
2021.11 551.92
2023.11 26.13
2025.12 328.98
2027.1 29.98
2029.1 442.75
2031.11 548.57
2033.11 38.2
2035.11 185.65
2037.11 28.02
2039.11 348.59
2041.11 272.1
2043.12 42.54
2045.1 367.26
2047.1 27.97
2049.11 354.53
2051.11 28.02
2053.11 268.64
2055.11 239.19
2057.11 27.97
2059.11 321.05
2061.12 38.12
2063.1 92.21
2065.11 117.89
2067.11 115.67
2069.11 153.57
2071.12 35.73
2073.11 246.93
2075.11 32.36
2077.1 314.1
2079.1 228.54
2081.11 44.95
2083.11 375.11
2085.11 30.1
2087.11 165.4
2089.11 122.22
2091.11 45.53
2093.11 488.25
2095.1 32.48
2097.1 127.44
2099.11 30.01
2101.11 237.66
2103.11 348.87
2105.11 31.9
2107.11 438.49
2109.12 27.98
2111.1 492.96
2113.1 484.58
2115.11 460.24
2117.11 474.71
2119.11 29.9
2121.11 506.44
2123.11 27.95
2125.12 239.21
2127.11 543.38
2129.1 30.05
2131.11 276.8
2133.11 26.24
2135.11 534.43
2137.11 231.51
2139.11 344.2
2141.12 305.7
2143.11 27.84
2145.1 156.89
2147.1 28.12
2149.11 266.33
2151.11 252.6
2153.11 26.27
2155.11 248.76
2157.12 27.98
2159.12 240.43
2161.1 271.1
2163.1 260.03
2165.11 174.89
2167.11 39.16
2169.11 587.31
2171.11 31.43
2173.12 790.64
2175.11 915.36
2177.11 32.31
2179.1 421.84
2181.11 27.98
2183.11 466.01
2185.11 943.06
2187.11 906.13
2189.12 475.18
2191.12 44.1
2193.12 919.37
2195.11 32.22
2197.11 145.8
2199.11 855.08
2201.11 35.86
2203.11 179.76
2205.11 31.22
2207.11 177.89
2209.12 177.11
2211.12 148.03
2213.11 129.55
2215.11 34.97
2217.11 753.47
2219.11 32.23
2221.11 75.92
2223.12 510.13
2225.11 44.19
2227.11 640.39
2229.1 32.33
2231.11 699.47
2233.11 610.99
2235.11 649.3
2237.11 309.88
2239.11 28.05
2241.12 356.35
2243.12 40.34
2245.1 519.23
2247.11 230.78
2249.11 26.35
2251.11 362.84
2253.11 26.27
2255.11 246.9
2257.11 289.15
2259.11 338.53
2261.11 346.51
2263.36 29.93
2265.36 464.68
2267.36 35.04
2269.36 420.8
2271.36 503.99
2273.37 405.85
2275.37 679.22
2277.37 31.41
2279.36 860.0
2281.13 28.08
2283.36 610.72
2285.36 859.29
2287.36 32.97
2289.37 753.18
2291.37 28.02
2293.36 782.22
2295.36 840.62
2297.36 780.74
2299.36 739.66
2301.36 28.01
2303.36 821.59
2305.37 28.11
2307.37 703.44
2309.36 118.89
2311.36 32.31
2313.36 838.47
2315.36 32.3
2317.36 952.97
2319.36 918.14
2321.36 882.24
2323.37 823.72
2325.37 28.01
2327.36 140.69
2329.36 28.04
2331.36 701.36
2333.36 171.82
2335.36 33.23
2337.36 694.98
2339.37 28.0
2341.37 582.1
2343.35 483.92
2345.36 738.19
2347.36 853.02
2349.36 32.33
2351.36 911.11
2353.36 32.11
2355.36 909.48
2357.37 78.73
2359.37 32.2
2361.36 954.46
2363.36 32.26
2365.36 921.81
2367.36 365.35
2369.36 32.34
2371.37 894.21
2373.37 32.32
2375.37 885.46
2377.37 28.55
2379.36 782.81
2381.36 925.16
2383.36 31.55
2385.36 930.31
2387.36 44.16
2389.37 949.8
2391.37 933.24
2393.37 40.86
2395.36 670.42
2397.36 43.19
2399.36 248.42
2401.36 25.16
2403.36 795.82
2405.37 853.92
2407.37 32.26
2409.36 733.97
2411.36 34.14
2413.36 834.42
2415.36 904.55
2417.36 51.61
2419.36 882.95
2421.37 32.23
2423.37 878.76
2425.37 30.06
2427.36 912.1
2429.37 190.09
2431.36 41.18
2433.36 891.17
2435.36 44.19
2437.36 481.7
2439.37 936.72
2441.37 963.23
2443.36 957.86
2445.36 44.36
2447.36 354.1
2449.36 30.05
2451.36 523.98
2453.36 588.93
2455.37 34.99
2457.36 688.99
2459.37 24.71
2461.36 321.16
2463.36 609.1
2465.36 39.33
2467.36 670.52
2469.36 28.12
2471.37 482.05
2473.37 30.02
2475.37 431.9
2477.36 590.57
2479.36 32.35
2481.36 534.0
2483.36 26.12
2485.36 282.24
2487.36 459.93
2489.37 35.04
2491.37 121.52
2493.36 30.16
2495.36 509.44
2497.36 30.03
2499.36 506.93
2501.36 157.54
2503.36 27.93
2505.37 73.13
2507.37 27.98
2509.37 798.77
2511.61 836.49
2513.61 890.17
2515.36 882.91
2517.61 32.24
2519.61 569.93
2521.62 32.35
2523.62 472.48
2525.61 1.25
2527.61 30.02
2529.61 316.48
2531.61 28.0
2533.61 302.83
2535.61 377.77
2537.61 354.81
2539.62 422.29
2541.61 38.38
2543.61 378.91
2545.61 24.86
2547.61 469.72
2549.61 424.82
2551.61 16.15
2553.61 132.43
2555.62 27.98
2557.62 600.35
2559.62 592.26
2561.61 599.0
2563.61 712.81
2565.61 21.62
2567.61 711.87
2569.61 44.49
2571.62 869.78
2573.62 869.02
2575.61 30.9
2577.61 789.09
2579.61 21.68
2581.61 195.4
2583.61 237.37
2585.61 351.36
2587.62 431.42
2589.62 32.33
2591.62 506.4
2593.61 28.79
2595.61 129.59
2597.61 471.95
2599.61 38.21
2601.61 592.0
2603.61 32.33
2605.62 827.76
2607.62 849.49
2609.62 816.02
2611.61 782.71
2613.61 19.77
2615.61 813.82
2617.61 42.18
2619.61 889.89
2621.62 845.99
2623.62 30.02
2625.62 815.01
2627.61 48.49
2629.61 816.29
2631.61 723.04
2633.61 581.8
2635.61 343.6
2637.62 38.14
2639.62 867.2
2641.62 32.32
2643.61 944.89
2645.61 589.27
2647.61 44.34
2649.61 403.93
2651.61 44.42
2653.61 165.68
2655.62 385.9
2657.62 363.35
2659.61 76.35
2661.61 45.49
2663.61 726.73
2665.61 43.96
2667.61 5.03
2669.61 896.7
2671.62 32.34
2673.61 733.63
2675.62 32.27
2677.61 893.57
2679.61 373.35
2681.61 851.21
2683.61 891.94
2685.61 32.51
2687.62 734.22
2689.62 27.96
2691.62 880.11
2693.62 683.52
2695.61 32.47
2697.61 537.98
2699.61 44.09
2701.61 2.16
2703.61 820.08
2705.62 356.05
2707.62 255.36
2709.61 44.8
2711.61 652.48
2713.61 33.12
2715.61 856.11
2717.61 850.76
2719.61 32.33
2721.62 873.96
2723.62 39.26
2725.61 876.93
2727.61 633.35
2729.61 848.3
2731.61 5.19
2733.61 28.1
2735.61 831.72
2737.62 26.27
2739.62 796.26
2741.61 275.09
2743.61 52.75
2745.61 431.43
2747.61 27.24
2749.61 502.49
2751.61 466.38
2753.61 497.92
2755.62 399.26
2757.62 31.95
2759.62 683.49
2761.87 44.32
2763.86 122.64
2765.86 684.02
2767.86 42.85
2769.87 214.04
2771.87 28.01
2773.87 493.82
2775.65 29.19
2777.87 936.31
2779.86 909.68
2781.86 32.29
2783.86 739.86
2785.87 48.01
2787.87 745.27
2789.87 219.56
2791.87 499.72
2793.86 460.75
2795.86 27.9
2797.86 382.55
2799.86 27.98
2801.86 291.49
2803.87 283.88
2805.87 32.32
2807.87 606.65
2809.86 25.5
2811.86 673.94
2813.86 852.49
2815.86 866.78
2817.87 889.52
2819.87 35.03
2821.87 860.05
2823.87 28.03
2825.87 784.07
2827.86 2.18
2829.86 32.33
2831.86 923.26
2833.86 44.35
2835.87 297.54
2837.87 906.8
2839.87 876.16
2841.87 48.93
2843.87 35.79
2845.86 229.25
2847.86 27.79
2849.86 162.76
2851.87 281.74
2853.87 43.2
2855.87 355.68
2857.87 31.32
2859.87 584.69
2861.86 532.16
2863.86 1.17
2865.86 662.8
2867.87 39.06
2869.87 8.95
2871.87 32.33
2873.87 55.72
2875.87 825.11
2877.87 32.21
2879.86 88.96
2881.86 36.92
2883.86 445.79
2885.87 879.03
2887.87 882.59
2889.87 155.87
2891.87 44.08
2893.87 95.82
2895.86 28.18
2897.86 344.01
2899.87 869.6
2901.87 44.25
2903.87 0.46
2905.87 34.9
2907.87 799.6
2909.87 860.9
2911.86 0.73
2913.86 718.32
2915.86 48.02
2917.86 456.72
2919.87 32.31
2921.87 789.66
2923.87 843.33
2925.87 32.3
2927.87 758.49
2929.86 25.6
2931.86 815.68
2933.86 859.27
2935.87 960.42
2937.87 857.82
2939.87 44.27
2941.87 50.71
2943.87 28.1
2945.86 867.84
2947.86 104.64
2949.86 26.25
2951.87 503.92
2953.87 45.12
2955.87 788.65
2957.87 171.75
2959.87 441.09
2961.86 281.43
2963.86 31.84
2965.86 721.54
2967.86 27.05
2969.87 112.66
2971.87 144.1
2973.87 44.02
2975.87 242.61
2977.86 45.64
2979.86 339.51
2981.86 373.14
2983.86 462.02
2985.87 47.89
2987.87 48.3
2989.87 574.85
2991.87 45.27
2993.86 282.59
2995.88 559.48
2997.86 42.8
2999.86 79.82
3001.87 27.68
3003.87 659.41
3005.87 745.09
3007.87 726.46
3009.87 57.88
3012.11 44.23
3014.11 734.45
3016.11 27.95
3018.12 59.35
3020.12 510.6
3022.12 32.24
3024.12 517.85
3026.12 34.04
3028.11 566.91
3029.89 27.68
3032.11 748.38
3034.12 786.03
3036.12 32.34
3038.12 821.87
3040.11 38.21
3042.12 864.91
3044.13 857.66
3046.11 42.94
3048.11 891.56
3050.11 43.21
3052.12 614.5
3054.11 32.32
3056.12 271.06
3058.12 148.85
3060.12 31.73
3062.11 810.89
3064.11 28.02
3066.11 798.26
3068.12 252.48
3070.12 32.33
3072.12 487.92
3074.12 30.02
3076.12 779.64
3078.11 36.61
3080.11 758.88
3082.11 557.91
3084.11 32.82
3086.12 298.94
3088.12 28.05
3090.12 480.47
3092.12 468.02
3094.12 35.09
3096.11 776.94
3098.11 43.89
3100.12 903.63
3102.11 30.02
3104.12 6.3
3106.12 323.52
3108.12 32.23
3110.12 133.74
3112.11 44.53
3114.11 568.47
3116.11 524.67
3118.12 905.71
3120.12 721.58
3122.12 28.09
3124.12 743.93
3126.12 26.17
3128.12 708.08
3130.11 696.44
3132.11 32.01
3134.12 747.88
3136.12 25.51
3138.12 792.43
3140.12 34.64
3142.12 32.33
3144.13 708.88
3146.11 30.0
3148.11 700.64
3150.11 43.25
3152.12 297.15
3154.12 235.76
3156.12 26.33
3158.12 326.2
3160.11 27.79
3162.11 316.53
3164.11 272.31
3166.11 38.21
3168.12 219.66
3170.12 282.8
3172.12 300.6
3174.12 28.48
3176.12 184.26
3178.13 437.55
3180.11 31.65
3182.11 323.53
3184.12 22.13
3186.12 281.38
3188.12 195.92
3190.12 32.4
3192.12 1.3
3194.11 28.46
3196.13 322.33
3198.11 30.24
3200.12 314.84
3202.12 447.22
3204.12 44.36
3206.12 55.8
3208.12 30.02
3210.12 585.24
3212.12 633.11
3214.11 45.62
3216.11 781.24
3218.12 30.04
3220.12 828.82
3222.12 27.98
3224.12 925.51
3226.12 917.02
3228.13 44.26
3230.11 357.81
3232.11 43.41
3234.12 287.78
3236.12 333.75
3238.12 38.2
3240.12 521.5
3242.12 35.26
3244.12 621.67
3246.11 30.11
3248.11 269.74
3250.12 34.14
3252.12 53.17
3254.12 244.48
3256.12 28.02
3258.12 423.04
3260.12 461.41
3262.36 519.5
3264.36 589.73
3266.37 19.73
3268.37 134.58
3270.37 28.11
3272.37 730.2
3274.37 726.46
3276.37 44.91
3278.36 725.67
3280.36 34.06
3282.36 860.73
3284.37 773.31
3286.37 928.7
3288.37 632.56
3290.37 43.51
3292.38 1032.52
3294.36 32.42
3296.36 520.84
3298.36 828.34
3300.37 44.57
3302.37 604.57
3304.37 43.2
3306.37 439.15
3308.37 431.9
3310.37 38.19
3312.38 328.18
3314.36 27.89
3316.37 316.92
3318.37 48.64
3320.37 575.06
3322.37 504.96
3324.37 31.45
3326.38 628.84
3328.38 26.6
3330.36 696.2
3332.37 203.28
3334.37 778.25
3336.37 800.13
3338.37 34.26
3340.37 864.35
3342.38 30.12
3344.37 876.74
3346.36 853.81
3348.36 30.03
3350.37 31.59
3352.37 32.34
3354.37 900.14
3356.37 834.51
3358.38 122.49
3360.37 767.6
3362.36 30.18
3364.36 643.76
3366.37 26.26
3368.37 385.19
3370.37 526.68
3372.37 32.33
3374.37 672.67
3376.38 28.02
3378.38 549.19
3380.36 529.16
3382.37 761.03
3384.37 868.81
3386.37 30.08
3388.37 162.62
3390.37 45.66
3392.37 248.46
3394.37 226.57
3396.36 32.39
3398.37 302.61
3400.37 37.92
3402.37 424.43
3404.37 464.07
3406.37 547.44
3408.38 729.36
3410.38 32.32
3412.36 796.57
3414.37 32.53
3416.37 875.52
3418.37 102.69
3420.37 39.18
3422.37 856.83
3424.38 43.95
3426.37 32.05
3428.36 661.99
3430.36 683.74
3432.37 558.31
3434.37 32.33
3436.37 908.03
3438.37 26.26
3440.37 842.54
3442.38 827.74
3444.36 44.22
3446.37 100.1
3448.37 44.49
3450.37 564.82
3452.37 762.94
3454.37 759.73
3456.37 800.27
3458.37 22.07
3460.38 511.45
3462.36 29.98
3464.37 825.58
3466.37 225.84
3468.37 35.05
3470.37 850.22
3472.37 32.33
3474.38 896.08
3476.37 842.59
3478.38 564.99
3480.36 222.06
3482.37 29.91
3484.37 484.41
3486.37 43.46
3488.37 396.41
3490.37 305.68
3492.38 27.86
3494.38 233.04
3496.38 27.26
3498.37 302.03
3500.37 412.12
3502.37 392.75
3504.37 329.43
3506.37 16.35
3508.38 196.15
3510.38 27.46
3512.61 321.29
3514.62 340.94
3516.62 369.47
3518.62 397.13
3520.62 1.3
3522.62 442.5
3524.4 30.02
3526.63 166.0
3528.61 448.83
3530.61 32.42
3532.62 298.35
3534.62 0.83
3536.62 239.3
3538.62 162.7
3540.63 337.48
3542.63 359.31
3544.63 32.33
3546.61 498.87
3548.62 34.98
3550.62 608.33
3552.62 680.56
3554.62 35.03
3556.62 619.43
3558.63 32.33
3560.63 283.65
3562.61 642.53
3564.62 39.26
3566.62 538.44
3568.62 27.96
3570.62 696.89
3572.63 28.03
3574.63 928.84
3576.62 947.13
3578.63 44.1
3580.61 510.37
3582.62 26.27
3584.62 42.49
3586.62 617.31
3588.62 609.51
3590.63 643.76
3592.62 32.02
3594.62 562.17
3596.62 44.34
3598.62 759.09
3600.62 773.34
3602.62 37.37
3604.62 327.87
3606.63 30.01
3608.63 620.51
3610.62 619.48
3612.62 796.05
3614.62 853.77
3616.62 28.04
3618.62 570.39
3620.62 28.02
3622.62 328.88
3624.63 292.8
3626.63 44.31
3628.61 295.27
3630.61 27.95
3632.62 310.47
3634.62 314.1
3636.62 26.03
3638.62 379.59
3640.62 24.69
3642.63 362.34
3644.63 28.2
3646.61 288.55
3648.62 290.15
3650.62 21.68
3652.62 455.88
3654.62 44.44
3656.63 428.57
3658.63 476.97
3660.62 40.03
3662.62 479.43
3664.62 47.33
3666.62 287.87
3668.62 27.96
3670.62 498.33
3672.62 332.02
3674.63 30.0
3676.62 167.52
3678.62 36.83
3680.62 375.87
3682.62 454.58
3684.62 1.06
3686.62 460.26
3688.62 28.08
3690.62 423.07
3692.63 44.55
3694.62 256.33
3696.61 190.98
3698.62 35.03
3700.62 389.44
3702.62 30.02
3704.62 340.34
3706.62 304.82
3708.62 37.26
3710.63 338.49
3712.62 27.91
3714.62 329.64
3716.62 27.25
3718.62 263.42
3720.62 320.1
3722.62 26.27
3724.63 220.61
3726.63 42.52
3728.63 331.51
3730.62 253.14
3732.62 41.41
3734.62 443.16
3736.62 27.66
3738.62 410.01
3740.63 26.25
3742.63 286.64
3744.63 406.63
3746.63 32.42
3748.62 488.12
3750.62 44.77
3752.62 595.61
3754.62 614.0
3756.63 42.18
3758.63 392.17
3760.63 44.78
3762.87 581.56
3764.87 29.54
3766.87 780.42
3768.87 797.83
3770.87 32.07
3772.88 905.76
3774.88 32.19
3776.87 429.53
3778.64 21.59
3780.87 338.04
3782.87 275.62
3784.87 43.83
3786.87 248.63
3788.87 28.03
3790.88 93.58
3792.88 101.14
3794.88 38.46
3796.87 173.86
3798.87 25.87
3800.87 169.06
3802.87 29.87
3804.87 207.27
3806.88 320.31
3808.88 35.02
3810.87 434.78
3812.88 27.24
3814.87 580.75
3816.87 88.32
3818.87 30.07
3820.87 751.77
3822.88 28.05
3824.88 458.85
3826.88 45.13
3828.87 321.47
3830.87 420.04
3832.87 32.31
3834.87 578.77
3836.87 44.89
3838.87 581.46
3840.88 753.21
3842.88 27.24
3844.87 524.04
3846.87 31.42
3848.87 930.32
3850.87 28.02
3852.87 896.37
3854.87 47.4
3856.88 45.09
3858.88 689.62
3860.87 27.25
3862.87 728.1
3864.87 53.6
3866.87 43.12
3868.87 828.25
3870.87 27.99
3872.88 783.37
3874.88 26.68
3876.88 876.25
3878.88 603.92
3880.87 27.6
3882.87 783.54
3884.87 44.2
3886.87 862.62
3888.88 349.18
3890.88 32.19
3892.88 629.41
3894.88 28.03
3896.87 78.56
3898.87 32.36
3900.87 721.59
3902.87 762.04
3904.87 39.19
3906.88 607.33
3908.88 26.32
3910.88 377.62
3912.87 629.47
3914.87 43.99
3916.87 475.38
3918.87 26.26
3920.87 732.12
3922.88 43.23
3924.88 495.41
3926.87 333.99
3928.87 44.82
3930.87 412.22
3932.87 27.91
3934.87 310.44
3936.87 414.53
3938.88 28.02
3940.88 416.83
3942.88 30.02
3944.87 255.52
3946.87 27.86
3948.87 449.81
3950.87 491.46
3952.87 43.19
3954.87 6.49
3956.88 28.03
3958.88 487.28
3960.87 499.19
3962.87 41.04
3964.87 491.97
3966.87 44.02
3968.88 236.24
3970.87 28.04
3972.87 334.52
3974.88 305.86
3976.87 28.09
3978.88 346.5
3980.87 39.11
3982.87 110.24
3984.87 97.09
3986.87 38.59
3988.88 153.87
3990.88 46.45
3992.88 239.67
3994.87 45.59
3996.87 112.66
3998.87 158.15
4000.87 27.97
4002.87 301.31
4004.87 35.07
4006.88 398.75
4008.88 253.15
4010.87 30.28
4013.12 453.86
4015.12 27.98
4017.12 551.14
4019.12 44.36
4021.12 428.32
4023.13 222.64
4025.13 28.11
4027.13 566.3
4029.13 26.3
4031.12 640.03
4033.12 231.21
4035.12 34.06
4037.12 633.59
4039.13 44.78
4041.13 228.18
4043.13 30.02
4045.12 741.31
4047.12 641.76
4049.12 31.4
4051.12 807.32
4053.12 44.71
4055.12 687.49
4057.13 402.73
4059.12 419.33
4061.12 321.54
4063.12 30.02
4065.12 444.64
4067.12 28.01
4069.12 472.85
4071.13 571.23
4073.13 41.22
4075.13 547.16
4077.13 25.62
4079.12 401.02
4081.12 347.93
4083.12 31.58
4085.12 379.59
4087.12 25.53
4089.13 151.23
4091.13 57.97
4093.12 159.27
4095.12 193.08
4097.12 30.06
4099.12 215.16
4101.12 41.07
4103.12 304.19
4105.13 352.49
4107.13 45.62
4109.13 244.1
4111.12 45.04
4113.12 340.75
4115.12 28.02
4117.12 404.34
4119.12 445.05
4121.13 28.64
4123.13 416.35
4125.13 27.89
4127.13 416.81
4129.12 400.91
4131.12 418.84
4133.12 415.69
4135.12 28.06
4137.12 317.52
4139.13 27.73
4141.13 397.54
4143.13 418.39
4145.12 45.15
4147.12 448.11
4149.12 27.93
4151.12 204.34
4153.12 388.72
4155.13 406.66
4157.13 438.62
4159.13 28.02
4161.12 285.25
4163.12 27.44
4165.12 449.83
4167.12 342.2
4169.12 32.33
4171.12 509.15
4173.13 28.04
4175.13 463.1
4177.13 410.81
4179.12 355.32
4181.12 397.12
4183.12 43.12
4185.12 153.68
4187.12 26.44
4189.13 405.39
4191.13 394.44
4193.13 26.87
4195.12 275.96
4197.12 15.34
4199.12 313.83
4201.12 396.89
4203.12 418.18
4205.13 443.17
4207.13 39.28
4209.13 297.11
4211.13 32.37
4213.12 356.32
4215.12 316.69
4217.12 27.99
4219.12 361.55
4221.12 30.03
4223.13 288.26
4225.13 386.37
4227.12 393.38
4229.12 381.03
4231.12 44.31
4233.12 359.54
4235.12 27.99
4237.12 370.31
4239.13 367.07
4241.13 44.85
4243.13 281.27
4245.12 28.04
4247.12 5.05
4249.12 274.69
4251.12 208.07
4253.13 215.42
4255.13 29.92
4257.13 316.73
4259.13 27.93
4261.13 282.03
4263.37 264.8
4265.37 45.64
4267.37 343.64
4269.37 27.45
4271.37 178.08
4273.15 29.17
4275.38 213.36
4277.38 273.21
4279.37 29.81
4281.37 264.4
4283.37 54.31
4285.37 293.46
4287.37 329.0
4289.38 37.11
4291.38 323.44
4293.38 28.08
4295.39 260.9
4297.37 43.2
4299.37 225.02
4301.37 269.7
4303.38 44.5
4305.38 182.79
4307.38 30.08
4309.38 140.9
4311.38 259.1
4313.37 36.68
4315.37 115.8
4317.37 43.04
4319.37 292.73
4321.38 28.0
4323.38 343.81
4325.38 417.1
4327.38 32.5
4329.37 577.35
4331.37 44.52
4333.37 500.68
4335.38 502.97
4337.38 38.26
4339.38 324.74
4341.38 23.4
4343.38 368.78
4345.37 47.23
4347.37 358.31
4349.37 308.04
4351.37 28.01
4353.38 234.74
4355.38 28.21
4357.38 351.08
4359.38 124.82
4361.38 50.71
4363.37 371.28
4365.37 44.71
4367.37 483.05
4369.38 44.95
4371.38 367.63
4373.38 654.12
4375.38 32.14
4377.38 560.81
4379.37 28.79
4381.37 588.86
4383.37 648.11
4385.37 47.73
4387.38 315.34
4389.38 26.28
4391.38 543.33
4393.38 26.0
4395.39 441.97
4397.37 617.38
4399.37 31.83
4401.37 555.58
4403.38 44.82
4405.38 688.44
4407.38 590.68
4409.38 37.43
4411.38 715.08
4413.37 32.31
4415.37 778.36
4417.37 27.92
4419.38 644.09
4421.38 668.66
4423.38 37.43
4425.38 296.11
4427.38 26.27
4429.37 776.95
4431.37 158.88
4433.38 32.18
4435.37 757.02
4437.38 20.23
4439.38 279.05
4441.38 30.03
4443.38 254.04
4445.38 493.19
4447.37 32.37
4449.37 528.84
4451.37 30.04
4453.38 321.76
4455.38 445.13
4457.38 566.15
4459.38 510.35
4461.38 43.23
4463.37 118.48
4465.37 216.89
4467.37 308.82
4469.38 241.87
4471.38 32.11
4473.38 406.89
4475.38 48.0
4477.38 515.57
4479.37 224.04
4481.37 283.65
4483.37 370.0
4485.38 28.29
4487.38 422.45
4489.38 24.68
4491.38 457.22
4493.38 456.25
4495.37 48.0
4497.37 323.24
4499.37 24.72
4501.37 190.63
4503.38 333.84
4505.38 38.2
4507.38 362.25
4509.38 27.96
4511.38 379.87
4513.62 44.81
4515.62 397.9
4517.62 396.95
4519.63 34.15
4521.63 356.97
4523.63 32.31
4525.63 299.89
4527.62 363.04
4529.62 318.89
4531.62 371.79
4533.62 30.45
4535.63 471.23
4537.63 43.68
4539.63 417.69
4541.63 293.56
4543.63 32.29
4545.63 319.13
4547.62 28.9
4549.62 189.01
4551.63 167.82
4553.63 334.03
4555.63 154.83
4557.63 38.23
4559.63 285.97
4561.64 24.77
4563.62 351.02
4565.62 325.77
4567.62 41.21
4569.63 282.59
4571.63 34.77
4573.63 428.09
4575.63 54.54
4577.63 447.69
4579.62 473.78
4581.62 27.97
4583.62 407.77
4585.63 27.93
4587.63 306.12
4589.63 443.9
4591.63 31.47
4593.63 389.27
4595.64 45.42
4597.62 363.82
4599.62 338.64
4601.63 377.94
4603.63 402.8
4605.63 26.18
4607.63 461.63
4609.63 28.06
4611.64 503.84
4613.62 490.62
4615.62 32.22
4617.63 531.44
4619.63 30.65
4621.63 468.13
4623.63 478.4
4625.63 470.75
4627.63 290.75
4629.62 44.61
4631.62 294.31
4633.62 38.24
4635.63 315.22
4637.63 392.86
4639.63 17.53
4641.63 479.87
4643.63 28.44
4645.62 496.34
4647.62 446.14
4649.62 482.67
4651.63 457.36
4653.63 23.36
4655.63 487.56
4657.63 28.42
4659.63 534.99
4661.64 386.83
4663.62 44.46
4665.62 533.83
4667.63 28.74
4669.63 259.08
4671.63 329.26
4673.63 236.03
4675.63 331.87
4677.63 26.31
4679.62 7.65
4681.62 28.01
4683.63 406.67
4685.63 331.17
4687.63 32.21
4689.63 348.2
4691.63 28.1
4693.63 317.37
4695.62 415.93
4697.62 441.07
4699.62 313.51
4701.63 28.02
4703.63 298.32
4705.63 45.27
4707.63 379.46
4709.63 271.97
4711.64 30.01
4713.62 218.75
4715.62 45.17
4717.63 237.39
4719.63 243.11
4721.63 275.4
4723.63 311.4
4725.63 32.37
4727.64 439.82
4729.62 44.51
4731.62 530.26
4733.63 302.47
4735.63 32.14
4737.63 533.24
4739.63 27.98
4741.63 77.47
4743.64 293.89
4745.63 291.09
4747.62 371.34
4749.62 42.67
4751.63 357.64
4753.63 28.05
4755.63 436.08
4757.63 461.59
4759.64 28.03
4761.63 462.3
4763.87 40.74
4765.87 522.94
4767.65 28.04
4769.88 259.09
4771.88 502.92
4773.88 44.39
4775.88 314.2
4777.89 28.02
4779.87 216.7
4781.87 321.14
4783.88 415.71
4785.88 6.47
4787.88 28.84
4789.88 418.2
4791.66 43.15
4793.89 466.78
4795.89 463.34
4797.87 28.09
4799.87 442.71
4801.88 35.02
4803.88 188.29
4805.88 388.62
4807.88 49.2
4809.89 316.39
4811.89 46.98
4813.87 437.28
4815.87 29.95
4817.88 368.81
4819.88 472.49
4821.88 31.5
4823.88 187.08
4825.88 44.12
4827.89 324.47
4829.87 487.0
4831.87 314.84
4833.88 460.05
4835.88 48.19
4837.88 320.06
4839.88 36.81
4841.88 391.21
4843.88 299.22
4845.87 45.31
4847.87 225.71
4849.88 31.04
4851.88 158.25
4853.88 304.58
4855.88 362.15
4857.88 337.73
4859.89 28.02
4861.87 28.02
4863.88 44.5
4865.88 374.01
4867.88 496.8
4869.88 32.21
4871.88 302.74
4873.88 30.0
4875.89 374.15
4877.87 70.17
4879.87 42.3
4881.87 577.92
4883.88 32.33
4885.88 638.58
4887.88 44.27
4889.88 827.13
4891.88 838.41
4893.89 44.78
4895.88 328.95
4897.87 27.97
4899.88 551.43
4901.88 6.48
4903.88 227.81
4905.88 389.49
4907.89 30.08
4909.89 30.28
4911.88 28.02
4913.89 483.94
4915.87 443.34
4917.88 27.77
4919.88 157.51
4921.88 19.91
4923.88 207.07
4925.89 167.14
4927.88 42.46
4929.87 141.83
4931.88 32.32
4933.88 270.3
4935.88 29.95
4937.88 399.27
4939.88 234.02
4941.89 42.3
4943.89 209.88
4945.89 24.13
4947.87 194.17
4949.88 210.0
4951.88 207.48
4953.88 276.09
4955.88 38.2
4957.89 438.95
4959.89 27.98
4961.89 36.28
4963.88 487.72
4965.88 44.67
4967.88 550.07
4969.88 38.21
4971.88 43.38
4973.88 460.64
4975.89 457.62
4977.89 264.1
4979.87 28.04
4981.88 56.8
4983.88 30.1
4985.88 386.06
4987.88 399.8
4989.88 32.36
4991.88 465.57
4993.89 27.99
4995.89 314.92
4997.88 495.1
4999.88 427.47
5001.88 233.41
5003.88 27.73
5005.88 280.48
5007.88 27.95
5009.88 94.66
5011.88 62.27
5014.12 28.02
5016.13 320.12
5018.13 44.98
5020.13 379.79
5021.91 27.99
5024.13 466.0
5026.14 517.1
5028.13 32.34
5030.13 584.35
5032.13 25.46
5034.13 179.79
5036.13 459.07
5038.13 35.04
5040.13 641.07
5042.14 44.8
5044.13 654.19
5046.12 28.02
5048.13 319.74
5050.13 276.21
5052.13 27.87
5054.13 221.15
5056.13 25.55
5058.13 281.2
5060.14 264.66
5062.14 31.43
5064.14 267.72
5066.13 45.19
5068.13 246.86
5070.13 28.02
5072.13 243.66
5074.13 195.14
5076.14 42.94
5078.13 227.46
5080.13 58.35
5082.13 202.04
5084.13 225.09
5086.13 43.21
5088.13 287.55
5090.13 32.4
5092.14 263.92
5094.14 28.01
5096.13 265.67
5098.13 300.03
5100.13 45.21
5102.13 300.68
5104.13 29.95
5106.13 242.14
5108.14 380.31
5110.13 39.26
5112.13 287.39
5114.13 28.56
5116.13 128.0
5118.13 282.57
5120.13 130.5
5122.13 307.73
5124.14 40.05
5126.14 375.21
5128.14 32.21
5130.13 315.64
5132.13 149.58
5134.13 30.02
5136.13 174.53
5138.13 27.84
5140.13 262.59
5142.14 27.84
5144.14 272.93
5146.13 291.68
5148.13 26.32
5150.13 332.45
5152.13 27.95
5154.13 324.05
5156.13 248.73
5158.14 35.11
5160.14 237.23
5162.14 28.02
5164.13 225.21
5166.13 30.16
5168.13 238.15
5170.13 256.25
5172.13 30.13
5174.14 245.61
5176.14 30.02
5178.14 94.61
5180.14 234.0
5182.13 32.21
5184.13 236.62
5186.13 30.04
5188.13 220.87
5190.13 31.45
5192.14 218.81
5194.14 225.96
5196.14 28.15
5198.13 97.83
5200.13 31.25
5202.13 157.53
5204.13 142.1
5206.13 28.83
5208.14 108.2
5210.14 29.94
5212.13 188.74
5214.13 35.02
5216.13 225.45
5218.13 177.61
5220.13 29.91
5222.13 247.08
5224.14 45.86
5226.14 222.19
5228.13 244.11
5230.13 43.83
5232.13 272.12
5234.13 27.97
5236.13 238.75
5238.13 41.75
5240.13 211.98
5242.14 158.72
5244.14 27.95
5246.13 287.64
5248.13 26.47
5250.13 282.18
5252.13 145.79
5254.13 30.09
5256.13 256.57
5258.14 33.36
5260.14 221.06
5262.14 38.18
5264.38 276.08
5266.38 215.52
5268.38 39.1
5270.38 294.53
5272.38 25.99
5274.39 15.97
5276.38 28.25
5278.38 41.24
5280.38 70.89
5282.38 75.76
5284.38 99.26
5286.38 129.24
5288.38 133.68
5290.39 137.4
5292.39 30.86
5294.39 254.87
5296.38 31.33
5298.38 340.08
5300.38 397.88
5302.38 37.7
5304.38 17.39
5306.38 42.48
5308.39 255.7
5310.39 29.98
5312.38 224.63
5314.38 127.27
5316.38 45.48
5318.38 308.52
5320.38 45.72
5322.38 326.27
5324.39 376.89
5326.39 23.4
5328.39 365.41
5330.39 26.13
5332.38 44.41
5334.38 28.04
5336.38 358.8
5338.38 415.97
5340.39 29.09
5342.39 382.45
5344.39 44.76
5346.38 444.62
5348.38 303.8
5350.38 475.76
5352.38 474.55
5354.38 27.8
5356.39 306.05
5358.39 44.61
5360.38 366.4
5362.38 230.79
5364.38 31.43
5366.38 275.19
5368.38 32.24
5370.38 328.9
5372.38 363.18
5374.39 451.58
5376.39 448.14
5378.38 44.64
5380.38 179.95
5382.38 27.52
5384.38 292.91
5386.38 331.05
5388.38 37.17
5390.39 269.7
5392.39 30.5
5394.39 306.13
5396.39 308.93
5398.38 297.88
5400.38 265.91
5402.38 28.11
5404.38 168.44
5406.39 32.35
5408.39 363.61
5410.39 198.25
5412.38 32.32
5414.38 370.43
5416.38 28.03
5418.38 423.73
5420.38 444.07
5422.38 348.37
5424.39 190.88
5426.39 29.43
5428.38 237.98
5430.38 45.53
5432.38 262.52
5434.38 240.16
5436.38 32.32
5438.38 256.82
5440.39 32.4
5442.39 235.47
5444.39 194.38
5446.38 262.36
5448.38 267.08
5450.38 27.2
5452.38 232.06
5454.38 27.24
5456.38 261.9
5458.39 284.49
5460.39 29.16
5462.39 308.85
5464.38 30.1
5466.38 273.68
5468.38 261.04
5470.38 348.21
5472.38 351.08
5474.39 45.3
5476.39 252.73
5478.39 28.0
5480.38 324.44
5482.38 217.06
5484.38 20.47
5486.38 428.06
5488.38 27.94
5490.39 409.57
5492.39 469.07
5494.39 549.61
5496.38 529.57
5498.38 27.93
5500.38 442.18
5502.38 27.88
5504.38 298.39
5506.38 338.57
5508.39 32.33
5510.39 282.58
5512.38 28.01
5514.63 77.84
5516.4 29.68
5518.63 361.19
5520.64 22.71
5522.64 42.99
5524.64 464.59
5526.64 28.01
5528.64 86.19
5530.63 367.9
5532.63 438.18
5534.63 476.28
5536.63 26.25
5538.64 511.93
5540.41 45.03
5542.64 524.39
5544.63 535.46
5546.64 32.34
5548.63 531.17
5550.63 45.13
5552.63 620.48
5554.63 602.27
5556.64 623.39
5558.64 480.64
5560.64 31.92
5562.64 608.35
5564.63 27.94
5566.63 33.46
5568.63 7.2
5570.63 44.32
5572.64 322.87
5574.64 27.33
5576.64 210.9
5578.64 392.08
5580.63 38.23
5582.63 402.8
5584.63 44.56
5586.64 437.42
5588.64 44.82
5590.64 246.14
5592.64 334.08
5594.63 44.34
5596.63 414.23
5598.63 27.99
5600.63 362.7
5602.63 323.92
5604.64 44.13
5606.64 391.49
5608.64 40.46
5610.64 391.31
5612.63 27.19
5614.65 448.9
5616.63 413.64
5618.63 32.02
5620.63 495.97
5622.64 44.5
5624.64 484.35
5626.64 268.18
5628.64 42.45
5630.63 271.57
5632.63 43.38
5634.63 288.78
5636.63 29.98
5638.64 384.53
5640.64 300.36
5642.64 27.51
5644.64 170.16
5646.63 27.67
5648.63 311.98
5650.63 428.59
5652.63 318.4
5654.64 3.45
5656.64 27.99
5658.64 444.63
5660.64 30.02
5662.64 282.68
5664.63 325.09
5666.63 28.02
5668.63 244.11
5670.63 38.01
5672.64 319.68
5674.64 341.91
5676.64 37.16
5678.64 292.82
5680.63 28.8
5682.63 339.98
5684.63 29.83
5686.63 130.13
5688.64 333.17
5690.64 44.21
5692.64 452.42
5694.64 44.43
5696.64 260.79
5698.63 173.95
5700.63 38.2
5702.63 264.15
5704.64 29.97
5706.64 259.01
5708.64 28.11
5710.64 384.88
5712.64 391.97
5714.63 26.24
5716.63 60.74
5718.63 32.32
5720.64 547.32
5722.64 643.48
5724.64 790.26
5726.64 792.91
5728.64 32.32
5730.63 687.4
5732.63 28.04
5734.63 853.35
5736.63 907.68
5738.64 44.43
5740.64 220.88
5742.64 28.08
5744.64 315.37
5746.64 450.91
5748.63 419.8
5750.63 351.74
5752.63 34.73
5754.64 311.99
5756.64 19.45
5758.64 447.15
5760.64 268.86
5762.64 38.12
5764.88 335.0
5766.88 28.02
5768.88 356.3
5770.66 44.9
5772.89 437.95
5774.89 401.91
5776.89 27.96
5778.9 450.93
5780.88 28.02
5782.88 445.49
5784.88 446.15
5786.89 32.68
5788.89 135.26
5790.89 27.99
5792.89 401.37
5794.67 27.88
5796.9 460.09
5798.88 373.09
5800.88 44.41
5802.89 246.64
5804.89 20.2
5806.89 430.95
5808.89 413.97
5810.89 31.57
5812.88 659.06
5814.88 35.01
5816.88 666.06
5818.88 44.28
5820.89 775.57
5822.89 518.17
5824.89 28.52
5826.89 218.84
5828.89 27.98
5830.88 272.98
5832.88 219.11
5834.88 45.15
5836.89 91.27
5838.89 32.44
5840.89 340.26
5842.89 28.01
5844.89 457.44
5846.9 433.74
5848.88 26.33
5850.88 662.52
5852.88 32.32
5854.89 783.16
5856.89 720.78
5858.89 24.31
5860.89 360.85
5862.9 28.01
5864.88 296.32
5866.88 27.8
5868.88 507.47
5870.89 556.95
5872.89 31.68
5874.89 578.25
5876.89 25.29
5878.89 140.24
5880.88 234.72
5882.88 35.1
5884.88 335.11
5886.89 27.82
5888.89 148.21
5890.89 28.01
5892.89 438.0
5894.89 570.26
5896.88 29.77
5898.88 385.67
5900.88 48.03
5902.89 693.94
5904.89 776.03
5906.89 31.44
5908.89 631.27
5910.89 27.95
5912.89 774.95
5914.88 32.42
5916.88 815.52
5918.88 912.5
5920.89 32.28
5922.89 853.49
5924.89 29.5
5926.89 834.43
5928.89 598.52
5930.88 43.36
5932.89 421.41
5934.88 27.37
5936.89 590.64
5938.89 28.05
5940.89 882.81
5942.89 130.25
5944.89 32.24
5946.88 904.89
5948.88 28.02
5950.88 919.24
5952.89 689.55
5954.89 27.92
5956.89 232.1
5958.89 27.91
5960.89 226.2
5962.89 26.21
5964.88 226.29
5966.89 233.91
5968.89 169.77
5970.89 253.17
5972.89 45.74
5974.89 246.95
5976.89 169.77
5978.89 31.38
5980.88 306.91
5982.88 45.28
5984.89 198.76
5986.89 30.12
5988.89 228.83
5990.89 317.51
5992.89 25.97
5994.89 333.51
5996.9 27.92
5998.88 386.72
6000.88 406.03
6002.89 29.88
6004.89 306.91
6006.89 28.03
6008.89 348.87
6010.89 45.38
6012.89 103.52
6015.13 121.98
6017.13 29.77
6019.14 205.93
6021.14 32.44
6023.14 254.92
6025.14 281.11
6027.14 39.18
6029.13 278.3
6031.13 27.91
6033.13 288.12
6035.14 28.01
6037.14 272.16
6039.14 285.28
6041.14 26.27
6043.14 290.19
6045.14 28.01
6047.13 126.8
6049.13 272.49
6051.13 23.29
6053.14 229.47
6055.14 27.9
6057.14 298.56
6059.14 29.94
6061.15 3.79
6063.14 171.37
6065.13 27.28
6067.13 262.67
6069.14 28.22
6071.14 277.82
6073.14 291.85
6075.14 42.01
6077.14 318.47
6079.14 30.04
6081.13 198.84
6083.13 273.72
6085.13 324.8
6087.14 290.69
6089.14 25.93
6091.14 269.2
6093.14 26.26
6095.15 78.57
6097.13 126.17
6099.13 155.56
6101.14 155.43
6103.14 35.8
6105.14 221.86
6107.14 42.99
6109.14 325.45
6111.15 301.43
6113.13 28.03
6115.13 237.95
6117.13 28.02
6119.14 334.72
6121.14 353.87
6123.14 39.85
6125.14 312.25
6127.14 44.77
6129.14 263.23
6131.13 27.93
6133.13 327.03
6135.14 214.61
6137.14 27.72
6139.14 144.07
6141.14 32.33
6143.14 338.73
6145.14 396.77
6147.13 218.72
6149.13 261.92
6151.14 35.04
6153.14 351.52
6155.14 44.81
6157.14 441.2
6159.14 363.67
6161.15 32.34
6163.14 338.63
6165.13 45.48
6167.13 431.65
6169.14 466.53
6171.14 552.27
6173.14 462.59
6175.14 27.2
6177.14 154.38
6179.15 30.12
6181.15 359.97
6183.13 199.89
6185.14 28.02
6187.14 311.43
6189.14 29.23
6191.14 337.98
6193.14 360.44
6195.15 361.58
6197.15 377.45
6199.13 48.08
6201.14 381.01
6203.14 26.13
6205.14 203.08
6207.14 184.59
6209.14 26.31
6211.15 255.64
6213.15 24.79
6215.13 349.3
6217.14 355.38
6219.14 321.54
6221.14 197.77
6223.14 30.01
6225.14 247.77
6227.15 27.96
6229.15 336.28
6231.13 212.95
6233.13 43.56
6235.14 132.31
6237.14 30.01
6239.14 257.54
6241.14 378.6
6243.15 381.18
6245.15 387.82
6247.13 28.1
6249.13 336.1
6251.14 44.73
6253.14 332.0
6255.14 281.3
6257.14 28.14
6259.14 212.51
6261.15 30.04
6263.15 229.96
6265.16 29.25
6267.39 271.57
6269.39 300.92
6271.39 43.88
6273.39 325.6
6275.39 27.97
6277.4 156.68
6279.38 250.44
6281.38 48.06
6283.39 344.42
6285.39 28.01
6287.39 238.37
6289.17 28.02
6291.39 76.18
6293.4 232.24
6295.4 35.03
6297.38 253.0
6299.38 32.33
6301.39 315.04
6303.39 291.46
6305.39 33.22
6307.39 324.19
6309.4 44.52
6311.4 316.12
6313.39 34.47
6315.38 305.02
6317.39 321.41
6319.39 28.02
6321.39 150.27
6323.39 42.58
6325.39 298.82
6327.4 275.6
6329.4 26.28
6331.38 252.64
6333.38 39.27
6335.39 329.26
6337.39 38.23
6339.39 148.85
6341.39 260.54
6343.4 28.05
6345.4 233.48
6347.38 26.2
6349.38 280.04
6351.39 162.56
6353.39 37.95
6355.39 179.17
6357.39 27.96
6359.4 141.58
6361.39 29.92
6363.39 290.55
6365.38 285.24
6367.39 26.54
6369.39 316.16
6371.39 21.0
6373.39 301.97
6375.39 282.4
6377.4 38.16
6379.4 162.98
6381.4 34.98
6383.39 162.58
6385.39 32.33
6387.39 180.79
6389.39 175.41
6391.39 28.05
6393.39 216.94
6395.4 46.66
6397.38 198.54
6399.39 226.7
6401.39 166.24
6403.39 264.98
6405.39 29.6
6407.39 155.46
6409.39 26.93
6411.4 259.4
6413.39 202.47
6415.38 31.19
6417.39 317.1
6419.39 29.95
6421.39 260.7
6423.39 174.31
6425.39 40.3
6427.4 314.01
6429.4 27.96
6431.38 314.45
6433.39 27.92
6435.39 336.37
6437.39 273.29
6439.39 27.14
6441.39 317.95
6443.4 45.2
6445.4 326.71
6447.38 304.68
6449.39 37.15
6451.39 187.42
6453.39 27.49
6455.39 239.38
6457.4 30.15
6459.4 260.58
6461.4 257.31
6463.4 26.16
6465.38 220.48
6467.39 27.97
6469.39 271.9
6471.39 245.93
6473.39 38.48
6475.4 283.4
6477.4 45.58
6479.39 149.34
6481.39 32.27
6483.39 319.13
6485.39 326.59
6487.39 28.03
6489.39 355.62
6491.39 44.83
6493.4 144.46
6495.4 372.26
6497.39 393.79
6499.39 132.48
6501.39 44.73
6503.39 273.46
6505.39 45.66
6507.39 53.25
6509.4 53.25
6511.4 26.36
6513.4 510.36
6515.64 28.1
6517.64 402.02
6519.64 486.3
6521.64 604.77
6523.64 477.47
6525.64 28.11
6527.65 245.96
6529.65 26.18
6531.63 444.82
6533.64 296.91
6535.64 30.8
6537.64 449.85
6539.64 27.91
6541.65 573.23
6543.65 517.8
6545.65 644.46
6547.64 314.6
6549.64 42.44
6551.64 285.22
6553.64 30.02
6555.64 376.17
6557.64 320.88
6559.65 28.15
6561.65 392.88
6563.65 45.4
6565.64 263.86
6567.64 511.88
6569.64 552.73
6571.64 351.24
6573.64 28.01
6575.65 246.61
6577.64 35.04
6579.65 210.2
6581.64 311.1
6583.64 34.98
6585.64 414.14
6587.64 45.88
6589.65 306.85
6591.65 411.6
6593.65 349.48
6595.64 321.38
6597.65 31.92
6599.64 181.81
6601.64 33.96
6603.64 154.27
6605.64 282.61
6607.64 29.61
6609.65 273.48
6611.65 28.01
6613.64 225.98
6615.64 322.63
6617.64 361.97
6619.64 490.27
6621.64 28.8
6623.64 267.26
6625.65 28.07
6627.65 91.5
6629.65 74.86
6631.65 45.44
6633.64 245.29
6635.64 28.05
6637.64 342.5
6639.64 380.47
6641.65 394.19
6643.65 468.3
6645.65 37.94
6647.64 613.51
6649.64 43.2
6651.64 614.37
6653.64 424.51
6655.64 32.31
6657.65 601.11
6659.65 40.19
6661.64 615.54
6663.64 177.15
6665.64 207.32
6667.64 178.52
6669.64 28.0
6671.64 478.75
6673.64 29.88
6675.65 296.89
6677.65 294.18
6679.65 43.5
6681.64 301.84
6683.64 30.01
6685.64 106.61
6687.64 324.39
6689.64 299.03
6691.65 388.18
6693.65 48.26
6695.65 402.61
6697.64 30.06
6699.64 277.25
6701.64 183.93
6703.64 32.35
6705.64 459.73
6707.65 28.02
6709.65 164.12
6711.64 212.12
6713.64 232.1
6715.64 335.55
6717.64 32.86
6719.64 467.01
6721.64 32.35
6723.64 609.86
6725.65 620.5
6727.65 39.26
6729.65 683.54
6731.64 28.02
6733.64 430.81
6735.64 662.95
6737.64 375.53
6739.64 578.8
6741.65 50.66
6743.65 629.35
6745.65 34.13
6747.64 216.3
6749.64 619.91
6751.64 29.1
6753.64 509.07
6755.64 45.13
6757.64 682.38
6759.65 565.02
6761.65 630.12
6763.65 546.21
6765.89 28.01
6767.89 602.3
6769.89 39.07
6771.89 393.49
6773.89 669.7
6775.9 33.27
6777.9 624.35
6779.9 32.34
6781.89 568.69
6783.66 27.93
6785.89 351.21
6787.89 711.54
6789.89 25.54
6791.9 810.54
6793.9 44.75
6795.9 639.33
6797.89 599.65
6799.89 36.0
6801.89 505.34
6803.89 28.01
6805.89 553.22
6807.9 29.23
6809.9 539.18
6811.89 268.18
6813.89 29.94
6815.89 512.99
6817.89 44.9
6819.89 468.28
6821.89 388.65
6823.9 48.32
6825.9 256.54
6827.9 42.89
6829.9 414.74
6831.89 28.03
6833.89 438.08
6835.89 331.9
6837.89 27.9
6839.89 412.14
6841.9 35.0
6843.9 371.69
6845.9 427.84
6847.9 1.06
6849.89 204.52
6851.89 28.03
6853.89 290.42
6855.89 29.19
6857.9 218.73
6859.9 298.23
6861.89 27.99
6863.89 153.3
6865.89 27.11
6867.89 314.93
6869.89 293.39
6871.9 38.92
6873.9 301.68
6875.9 29.97
6877.9 291.97
6879.9 28.03
6881.89 232.63
6883.89 0.97
6885.89 43.2
6887.89 356.86
6889.89 192.64
6891.9 323.94
6893.9 320.55
6895.89 0.78
6897.89 246.97
6899.89 27.9
6901.89 266.58
6903.89 28.06
6905.9 270.32
6907.9 386.45
6909.91 39.44
6911.89 214.47
6913.89 27.97
6915.89 201.86
6917.89 201.86
6919.89 35.9
6921.89 292.64
6923.9 45.71
6925.9 269.98
6927.9 28.11
6929.9 351.96
6931.89 382.64
6933.89 44.73
6935.89 386.72
6937.89 44.77
6939.9 441.49
6941.9 326.18
6943.9 40.9
6945.89 420.46
6947.89 27.91
6949.89 169.04
6951.89 28.03
6953.89 239.24
6955.9 240.43
6957.9 27.91
6959.9 253.35
6961.9 23.27
6963.9 303.01
6965.89 277.47
6967.89 222.87
6969.89 126.58
6971.89 43.6
6973.89 286.68
6975.9 28.15
6977.9 298.53
6979.89 296.55
6981.89 27.87
6983.89 232.28
6985.89 27.87
6987.89 292.03
6989.9 296.73
6991.9 351.38
6993.9 348.53
6995.9 29.86
6997.89 358.3
6999.89 45.13
7001.89 341.35
7003.89 210.16
7005.9 29.46
7007.9 413.92
7009.9 28.13
7011.9 430.3
7013.89 228.2
7016.14 147.79
7018.14 250.4
7020.14 27.32
7022.14 123.54
7024.15 30.2
7026.15 234.09
7028.15 241.79
7030.15 27.3
7032.15 174.95
7034.14 29.11
7036.14 240.76
7037.92 286.56
7040.15 114.8
7042.15 182.97
7044.15 28.26
7046.15 124.3
7048.14 45.31
7050.14 209.86
7052.14 111.01
7054.14 37.02
7056.15 162.87
7058.15 47.56
7060.15 96.66
7062.16 35.9
7064.15 126.02
7066.14 115.27
7068.14 29.92
7070.14 212.98
7072.15 30.13
7074.15 240.14
7076.15 117.64
7078.15 32.13
7080.15 253.77
7082.14 252.4
7084.14 246.25
7086.14 54.68
7088.14 233.34
7090.15 248.11
7092.15 45.44
7094.15 137.94
7096.15 32.26
7098.14 234.33
7100.14 219.19
7102.14 34.85
7104.14 167.91
7106.15 46.11
7108.15 211.6
7110.15 29.97
7112.15 204.45
7114.14 232.69
7116.14 45.38
7118.14 251.28
7120.14 29.99
7122.15 249.92
7124.15 258.13
7126.15 31.48
7128.15 297.71
7130.15 24.73
7132.14 246.5
7134.14 30.04
7136.14 319.36
7138.14 124.23
7140.15 43.19
7142.15 275.79
7144.15 27.86
7146.15 115.95
7148.15 307.87
7150.14 32.21
7152.14 293.53
7154.14 28.04
7156.15 208.33
7158.15 26.21
7160.15 311.03
7162.15 264.66
7164.14 32.13
7166.14 346.92
7168.14 28.26
7170.14 257.47
7172.15 276.27
7174.15 31.29
7176.15 303.65
7178.15 45.55
7180.16 293.6
7182.14 30.09
7184.14 165.36
7186.14 313.81
7188.15 28.0
7190.15 184.42
7192.15 27.83
7194.15 359.31
7196.15 363.91
7198.14 32.64
7200.14 332.64
7202.14 28.03
7204.14 365.36
7206.15 26.03
7208.15 94.83
7210.15 151.65
7212.15 29.52
7214.15 177.89
7216.14 27.93
7218.14 325.76
7220.14 362.02
7222.15 32.32
7224.15 412.9
7226.15 43.25
7228.15 364.89
7230.14 28.02
7232.14 463.69
7234.14 440.16
7236.14 32.1
7238.15 375.88
7240.15 28.02
7242.15 243.12
7244.15 446.05
7246.14 32.52
7248.14 479.62
7250.14 28.02
7252.14 241.56
7254.14 28.01
7256.15 292.29
7258.15 273.04
7260.15 47.53
7262.15 45.23
7264.39 0.05
7266.39 265.2
7268.39 283.92
7270.4 37.48
7272.4 238.81
7274.4 44.85
7276.4 293.59
7278.4 29.0
7280.39 331.5
7282.39 322.27
7284.39 32.24
7286.39 355.0
7288.4 43.29
7290.4 408.44
7292.4 293.7
7294.4 38.16
7296.39 403.82
7298.39 26.29
7300.39 281.96
7302.39 44.64
7304.4 277.49
7306.4 279.96
7308.4 32.22
7310.4 391.16
7312.4 30.01
7314.4 379.19
7316.39 433.37
7318.39 427.21
7320.4 407.77
7322.4 28.02
7324.4 185.49
7326.4 42.99
7328.4 318.71
7330.41 345.75
7332.39 36.94
7334.4 157.97
7336.39 28.17
7338.4 1.3
7340.4 336.8
7342.4 403.87
7344.4 411.76
7346.4 27.93
7348.41 103.68
7350.39 28.01
7352.39 455.88
7354.4 498.7
7356.4 32.29
7358.4 520.1
7360.4 27.95
7362.4 553.85
7364.4 252.54
7366.39 628.14
7368.39 585.2
7370.4 33.97
7372.4 590.86
7374.4 28.01
7376.4 370.9
7378.4 357.95
7380.41 44.93
7382.39 413.39
7384.39 27.57
7386.4 10.49
7388.4 428.86
7390.4 493.83
7392.4 514.93
7394.4 44.7
7396.4 625.64
7398.39 27.91
7400.39 528.22
7402.39 497.81
7404.4 32.34
7406.4 406.11
7408.4 28.97
7410.4 483.44
7412.41 541.47
7414.39 463.16
7416.39 618.36
7418.39 28.01
7420.4 604.99
7422.4 45.14
7424.4 521.25
7426.4 640.28
7428.4 32.12
7430.41 635.19
7432.39 30.67
7434.39 201.21
7436.4 107.57
7438.4 211.91
7440.4 224.49
7442.4 48.06
7444.4 298.83
7446.4 26.27
7448.39 446.56
7450.4 447.99
7452.4 38.03
7454.4 576.48
7456.4 27.95
7458.4 291.68
7460.4 541.36
7462.4 305.34
7464.39 220.95
7466.39 26.44
7468.39 525.02
7470.4 44.71
7472.4 497.52
7474.4 493.6
7476.4 16.16
7478.4 551.82
7480.41 28.01
7482.39 368.79
7484.39 116.71
7486.4 341.08
7488.4 144.99
7490.4 26.71
7492.4 652.8
7494.4 28.12
7496.41 18.46
7498.39 2.54
7500.39 48.01
7502.4 111.97
7504.4 26.28
7506.4 154.05
7508.4 229.88
7510.4 204.38
7512.41 209.35
7514.64 45.5
7516.64 277.98
7518.65 28.06
7520.65 162.62
7522.65 185.17
7524.65 38.38
7526.65 173.57
7528.66 28.04
7530.65 226.91
7532.42 29.84
7534.64 307.89
7536.65 137.0
7538.66 28.42
7540.65 289.98
7542.65 27.24
7544.65 233.35
7546.65 255.08
7548.64 34.06
7550.64 228.06
7552.65 45.76
7554.65 249.08
7556.65 30.02
7558.65 297.4
7560.65 228.45
7562.66 28.02
7564.65 213.79
7566.64 45.24
7568.64 200.11
7570.65 194.44
7572.65 146.68
7574.65 221.36
7576.65 32.7
7578.65 172.99
7580.66 37.44
7582.64 262.75
7584.64 275.2
7586.65 28.03
7588.65 301.2
7590.65 30.02
7592.65 213.29
7594.65 205.61
7596.66 28.08
7598.64 190.85
7600.64 30.02
7602.65 219.44
7604.65 30.01
7606.65 264.03
7608.65 237.61
7610.65 45.61
7612.66 237.7
7614.65 30.02
7616.64 226.63
7618.65 242.47
7620.65 28.62
7622.65 270.95
7624.65 28.02
7626.65 312.48
7628.66 28.05
7630.65 157.6
7632.64 342.37
7634.64 43.23
7636.65 329.63
7638.65 28.02
7640.65 337.59
7642.65 330.32
7644.65 343.53
7646.66 417.53
7648.64 30.01
7650.64 390.97
7652.65 28.02
7654.65 157.57
7656.65 252.29
7658.65 28.04
7660.65 179.61
7662.66 45.55
7664.65 270.78
7666.64 264.62
7668.64 31.48
7670.65 226.26
7672.65 45.19
7674.65 231.77
7676.65 30.02
7678.66 254.33
7680.64 243.99
7682.64 45.69
7684.64 252.65
7686.65 29.91
7688.65 266.84
7690.65 269.89
7692.65 48.0
7694.66 280.0
7696.66 28.09
7698.64 293.27
7700.64 27.28
7702.65 321.91
7704.65 332.68
7706.65 28.0
7708.65 329.38
7710.65 50.21
7712.66 280.93
7714.64 118.17
7716.64 45.74
7718.65 277.73
7720.65 45.08
7722.65 286.78
7724.65 45.3
7726.65 302.57
7728.66 163.62
7730.66 28.02
7732.64 323.25
7734.65 27.23
7736.65 216.33
7738.65 307.4
7740.65 39.31
7742.65 237.51
7744.65 45.25
7746.65 243.82
7748.64 30.12
7750.65 222.83
7752.65 235.62
7754.65 32.41
7756.65 243.55
7758.65 28.02
7760.66 238.09
7762.66 182.03
7764.66 299.86
7766.89 332.1
7768.9 30.08
7770.9 364.24
7772.9 27.94
7774.9 154.65
7776.9 179.58
7778.91 34.91
7780.9 335.28
7782.89 44.82
7784.9 355.11
7786.67 30.1
7788.9 215.0
7790.9 341.12
7792.9 42.48
7794.91 188.73
7796.9 27.94
7798.89 204.36
7800.89 294.41
7802.9 31.29
7804.9 363.95
7806.9 45.1
7808.9 353.16
7810.9 28.03
7812.91 346.83
7814.89 319.01
7816.89 28.0
7818.9 256.25
7820.9 26.25
7822.9 226.5
7824.9 218.47
7826.9 331.38
7828.91 315.68
7830.9 30.03
7832.89 320.99
7834.9 26.2
7836.9 345.54
7838.9 375.99
7840.9 44.7
7842.9 325.68
7844.91 28.02
7846.9 409.64
7848.89 347.4
7850.9 31.3
7852.9 386.11
7854.9 44.89
7856.9 350.1
7858.9 44.61
7860.9 194.31
7862.91 297.14
7864.89 28.0
7866.89 338.18
7868.9 26.39
7870.9 177.28
7872.9 177.28
7874.9 32.3
7876.9 153.26
7878.91 47.61
7880.9 225.59
7882.89 32.33
7884.9 241.23
7886.9 195.6
7888.9 28.01
7890.9 98.96
7892.9 26.39
7894.91 235.51
7896.89 239.82
7898.89 31.41
7900.9 145.04
7902.9 45.41
7904.9 344.26
7906.89 26.23
7908.9 364.96
7910.91 356.96
7912.91 27.25
7914.9 421.35
7916.89 45.45
7918.9 334.94
7920.9 220.82
7922.9 26.27
7924.9 394.77
7926.91 27.99
7928.91 508.61
7930.9 44.5
7932.9 236.85
7934.9 401.8
7936.9 32.52
7938.9 46.69
7940.9 81.62
7942.91 92.26
7944.91 113.28
7946.89 126.35
7948.9 144.43
7950.9 52.88
7952.9 214.81
7954.9 45.7
7956.9 230.48
7958.9 297.31
7960.91 27.91
7962.91 350.71
7964.9 28.12
7966.9 426.91
7968.9 465.67
7970.9 27.27
7972.9 481.31
7974.9 44.7
7976.91 365.6
7978.91 30.15
7980.91 524.73
7982.9 330.35
7984.9 46.49
7986.9 347.78
7988.9 48.16
7990.9 568.35
7992.91 195.7
7994.91 41.37
7996.91 237.34
7998.9 28.03
8000.9 364.43
8002.9 17.54
8004.9 290.83
8006.9 315.18
8008.9 27.94
8010.91 404.64
8012.91 27.94
8014.91 557.41
8017.15 562.37
8019.15 618.24
8021.15 635.51
8023.15 44.68
8025.15 767.34
8027.16 44.28
8029.16 772.04
8031.15 506.61
8033.15 26.27
8035.15 444.02
8037.15 44.25
8039.15 715.68
8041.15 875.01
8043.16 38.35
8045.16 729.63
8047.16 29.84
8049.15 469.14
8051.15 44.23
8053.15 847.8
8055.15 91.13
8057.15 32.4
8059.16 484.72
8061.16 27.95
8063.16 639.32
8065.16 431.09
8067.15 39.42
8069.15 426.39
8071.15 28.02
8073.15 426.31
8075.16 26.92
8077.16 321.64
8079.16 339.78
8081.15 28.36
8083.15 429.38
8085.15 28.05
8087.15 435.73
8089.15 436.34
8091.16 368.63
8093.16 443.25
8095.15 27.91
8097.16 167.24
8099.15 30.05
8101.15 410.64
8103.15 245.45
8105.15 44.64
8107.15 412.47
8109.15 27.88
8111.16 419.14
8113.16 397.18
8115.15 256.23
8117.15 469.4
8119.15 28.09
8121.16 460.32
8123.15 30.02
8125.15 443.32
8127.16 509.5
8129.16 28.17
8131.15 327.97
8133.15 32.22
8135.15 479.17
8137.15 305.85
8139.15 37.33
8141.15 150.32
8143.16 26.19
8145.16 156.0
8147.16 42.94
8149.15 314.9
8151.15 165.32
8153.15 28.01
8155.15 247.52
8157.15 45.7
8159.15 174.5
8161.15 174.5
8163.15 211.06
8165.15 182.97
8167.15 30.01
8169.15 229.18
8171.15 204.34
8173.15 225.61
8175.15 103.73
8177.16 45.92
8179.16 163.04
8181.16 32.29
8183.15 173.86
8185.15 174.64
8187.15 230.52
8189.15 225.58
8191.15 32.39
8193.16 238.44
8195.16 28.08
8197.15 274.22
8199.15 252.82
8201.15 48.48
8203.15 234.44
8205.15 35.01
8207.15 150.8
8209.16 109.82
8211.16 267.68
8213.16 160.68
8215.15 32.31
8217.15 233.52
8219.15 29.95
8221.15 245.69
8223.15 286.78
8225.15 45.07
8227.16 321.65
8229.16 30.06
8231.16 344.22
8233.15 271.18
8235.15 336.96
8237.15 283.72
8239.15 35.03
8241.15 280.1
8243.16 29.91
8245.16 96.82
8247.16 251.69
8249.15 32.22
8251.15 318.6
8253.15 35.04
8255.15 279.62
8257.15 252.22
8259.16 297.72
8261.16 112.67
8263.15 42.57
8265.4 0.53
8267.4 31.97
8269.4 291.07
8271.4 284.12
8273.4 31.89
8275.4 331.34
8277.41 27.95
8279.41 168.87
8281.18 32.42
8283.4 317.42
8285.4 332.81
8287.4 44.78
8289.4 303.96
8291.41 28.03
8293.41 173.71
8295.41 211.83
8297.41 38.42
8299.4 246.16
8301.4 30.02
8303.4 210.47
8305.4 30.02
8307.4 222.24
8309.41 176.97
8311.41 45.37
8313.41 238.87
8315.4 28.01
8317.4 297.4
8319.4 263.68
8321.4 39.4
8323.4 144.1
8325.41 28.46
8327.41 144.43
8329.4 52.82
8331.41 154.4
8333.4 163.33
8335.4 29.95
8337.4 181.01
8339.4 33.14
8341.41 197.24
8343.41 198.52
8345.41 38.3
8347.41 215.99
8349.4 238.55
8351.4 243.7
8353.4 27.93
8355.4 242.88
8357.41 238.89
8359.41 28.02
8361.41 278.1
8363.41 47.94
8365.41 259.86
8367.4 305.06
8369.4 38.36
8371.4 193.79
8373.4 45.34
8375.41 329.27
8377.41 28.02
8379.41 330.28
8381.41 272.39
8383.4 44.35
8385.4 197.29
8387.4 27.9
8389.4 280.9
8391.41 249.64
8393.41 37.09
8395.41 307.72
8397.41 28.02
8399.4 356.0
8401.4 48.33
8403.4 276.18
8405.4 254.8
8407.41 28.49
8409.41 386.85
8411.41 44.61
8413.41 111.61
8415.4 0.9
8417.4 42.59
8419.4 250.12
8421.4 32.33
8423.4 420.1
8425.41 27.47
8427.41 415.1
8429.41 432.43
8431.41 32.32
8433.4 519.24
8435.4 44.65
8437.4 604.42
8439.4 631.0
8441.41 45.65
8443.41 363.67
8445.41 27.98
8447.41 455.11
8449.4 44.9
8451.4 504.53
8453.4 526.85
8455.41 44.56
8457.41 485.94
8459.41 26.22
8461.41 97.0
8463.41 229.88
8465.4 243.8
8467.4 299.3
8469.4 26.27
8471.4 184.39
8473.41 30.12
8475.41 389.41
8477.41 449.07
8479.41 32.81
8481.41 607.58
8483.4 28.02
8485.4 225.94
8487.4 140.56
8489.4 37.07
8491.41 209.4
8493.41 45.48
8495.41 358.04
8497.41 27.96
8499.4 372.37
8501.4 392.26
8503.4 27.99
8505.4 395.45
8507.41 28.13
8509.41 401.75
8511.41 382.72
8513.41 1.06
8515.4 420.86
8517.65 33.06
8519.65 533.94
8521.65 32.35
8523.66 587.11
8525.66 584.93
8527.66 31.65
8529.66 12.1
8531.66 30.02
8533.65 255.94
8535.65 472.95
8537.65 41.76
8539.66 254.53
8541.66 32.12
8543.66 686.29
8545.66 44.35
8547.66 21.5
8549.65 247.05
8551.65 38.3
8553.65 429.39
8555.66 28.02
8557.66 523.02
8559.66 543.79
8561.66 525.76
8563.66 327.31
8565.67 28.07
8567.65 596.96
8569.65 28.1
8571.65 690.4
8573.66 837.29
8575.66 36.97
8577.66 870.65
8579.66 29.93
8581.65 856.35
8583.65 317.21
8585.65 253.07
8587.65 589.75
8589.66 32.3
8591.66 898.55
8593.66 24.74
8595.66 351.17
8597.66 197.69
8599.65 32.34
8601.65 350.45
8603.65 30.0
8605.65 350.16
8607.66 182.17
8609.66 244.16
8611.66 132.83
8613.66 28.2
8615.66 318.21
8617.65 45.3
8619.65 308.24
8621.66 335.06
8623.66 34.88
8625.66 271.35
8627.66 34.39
8629.66 337.14
8631.66 418.4
8633.65 56.04
8635.65 417.31
8637.65 29.99
8639.66 470.35
8641.66 20.24
8643.66 298.1
8645.66 324.8
8647.65 30.08
8649.65 298.47
8651.65 30.11
8653.65 246.92
8655.66 345.77
8657.66 346.82
8659.66 190.73
8661.66 38.51
8663.66 373.8
8665.66 28.02
8667.65 339.98
8669.65 124.65
8671.65 27.94
8673.66 174.82
8675.66 28.05
8677.66 144.38
8679.66 185.73
8681.66 168.33
8683.65 236.31
8685.65 30.06
8687.65 248.51
8689.66 45.67
8691.66 236.98
8693.66 254.4
8695.66 32.4
8697.65 184.22
8699.65 47.79
8701.65 234.42
8703.65 245.11
8705.66 263.97
8707.66 180.14
8709.66 37.73
8711.66 150.93
8713.66 30.03
8715.65 257.93
8717.65 278.1
8719.65 33.74
8721.66 211.83
8723.66 45.5
8725.66 158.43
8727.66 212.86
8729.66 219.53
8731.66 276.1
8733.65 30.02
8735.65 302.55
8737.66 257.86
8739.66 281.72
8741.66 212.68
8743.66 34.04
8745.66 164.7
8747.66 45.12
8749.65 334.58
8751.65 273.28
8753.65 317.95
8755.66 365.36
8757.66 45.33
8759.66 391.07
8761.66 32.2
8763.66 35.28
8765.9 272.25
8767.9 1.16
8769.9 263.88
8771.91 27.81
8773.91 306.83
8775.68 30.23
8777.91 344.44
8779.91 373.57
8781.9 30.01
8783.9 384.2
8785.9 27.96
8787.91 397.64
8789.91 412.94
8791.91 37.05
8793.91 388.88
8795.91 28.14
8797.9 313.11
8799.9 29.95
8801.9 391.91
8803.9 435.41
8805.91 44.68
8807.91 414.05
8809.91 25.53
8811.91 395.54
8813.91 417.18
8815.92 40.8
8817.9 363.51
8819.9 30.83
8821.91 278.7
8823.91 16.39
8825.91 0.48
8827.91 358.13
8829.91 27.99
8831.91 377.26
8833.9 29.94
8835.9 392.03
8837.91 358.78
8839.91 42.42
8841.91 140.96
8843.91 32.33
8845.91 338.85
8847.92 34.92
8849.9 314.95
8851.9 245.34
8853.9 45.05
8855.91 276.67
8857.91 30.01
8859.91 298.29
8861.91 195.93
8863.92 277.88
8865.9 368.35
8867.9 28.02
8869.9 289.96
8871.91 30.01
8873.91 236.22
8875.91 243.35
8877.91 26.26
8879.91 288.43
8881.9 44.99
8883.9 310.05
8885.9 321.66
8887.91 39.12
8889.91 236.65
8891.91 41.3
8893.91 321.67
8895.91 35.03
8897.92 365.36
8899.9 239.47
8901.9 48.23
8903.9 356.07
8905.91 30.01
8907.91 375.27
8909.91 378.55
8911.91 38.22
8913.92 401.12
8915.9 28.02
8917.9 412.21
8919.9 26.19
8921.91 393.1
8923.91 403.51
8925.91 26.26
8927.91 348.33
8929.91 26.31
8931.91 213.27
8933.9 218.51
8935.9 44.39
8937.91 481.87
8939.91 30.02
8941.91 468.33
8943.91 30.01
8945.91 441.53
8947.91 534.37
8949.9 44.49
8951.9 181.45
8953.91 30.02
8955.91 275.11
8957.91 329.62
8959.91 344.34
8961.91 371.61
8963.91 29.88
8965.9 424.73
8967.9 28.36
8969.91 340.58
8971.91 439.3
8973.91 32.83
8975.91 295.77
8977.91 39.36
8979.91 336.5
8981.9 353.19
8983.9 403.76
8985.9 389.19
8987.91 28.12
8989.91 453.0
8991.91 29.89
8993.91 490.18
8995.91 402.22
8997.92 48.24
8999.9 389.1
9001.9 28.02
9003.91 409.19
9005.91 105.6
9007.91 182.13
9009.91 333.23
9011.91 45.02
9013.92 430.62
9016.15 44.75
9018.15 447.55
9020.16 37.78
9022.16 29.97
9024.16 416.48
9026.16 29.96
9028.16 435.79
9029.94 47.97
9032.17 505.61
9034.15 555.66
9036.16 23.24
9038.16 94.94
9040.16 35.83
9042.16 193.31
9044.16 227.34
9046.17 38.13
9048.16 308.32
9050.15 28.03
9052.15 223.22
9054.16 44.89
9056.16 211.88
9058.16 196.32
9060.16 29.91
9062.16 264.49
9064.17 29.95
9066.15 351.52
9068.15 391.78
9070.16 32.41
9072.16 394.63
9074.16 28.43
9076.16 431.15
9078.16 44.35
9080.17 392.84
9082.17 418.56
9084.15 44.95
9086.16 359.46
9088.16 27.89
9090.16 508.75
9092.16 580.87
9094.16 21.74
9096.17 534.01
9098.17 28.03
9100.15 510.18
9102.15 28.06
9104.16 36.3
9106.16 507.11
9108.16 44.53
9110.17 308.33
9112.17 45.04
9114.16 506.61
9116.15 34.96
9118.15 33.06
9120.16 522.36
9122.16 32.51
9124.16 521.88
9126.16 28.06
9128.16 438.38
9130.17 455.57
9132.17 32.4
9134.15 450.27
9136.16 27.96
9138.16 457.54
9140.16 438.49
9142.16 38.21
9144.16 506.19
9146.17 27.99
9148.17 285.13
9150.15 28.05
9152.15 45.09
9154.16 542.42
9156.16 32.39
9158.16 537.44
9160.16 44.55
9162.17 507.72
9164.16 454.05
9166.15 30.3
9168.15 502.84
9170.16 27.91
9172.16 502.69
9174.16 28.14
9176.16 485.77
9178.16 489.23
9180.17 44.9
9182.17 421.17
9184.15 27.86
9186.16 453.98
9188.16 444.42
9190.16 32.22
9192.17 306.12
9194.16 41.96
9196.17 381.82
9198.17 43.33
9200.15 295.53
9202.16 421.07
9204.16 45.23
9206.16 446.98
9208.16 28.45
9210.16 526.75
9212.17 335.96
9214.16 43.07
9216.15 531.69
9218.15 44.56
9220.16 333.19
9222.16 28.1
9224.16 642.35
9226.16 640.64
9228.16 45.37
9230.16 202.6
9232.15 44.37
9234.15 842.13
9236.16 556.07
9238.16 31.42
9240.16 318.08
9242.16 24.44
9244.16 425.71
9246.17 27.95
9248.17 346.98
9250.15 278.57
9252.16 43.54
9254.16 482.7
9256.16 44.72
9258.16 261.94
9260.16 95.55
9262.17 32.41
9264.17 503.44
9266.16 44.6
9268.41 273.88
9270.41 1.3
9272.41 225.29
9274.41 277.23
9276.41 48.0
9278.42 39.9
9280.42 28.05
9282.4 299.75
9284.41 332.18
9286.41 353.82
9288.41 347.38
9290.41 42.95
9292.41 143.22
9294.41 28.04
9296.42 278.98
9298.41 254.69
9300.4 32.15
9302.41 195.61
9304.41 28.1
9306.41 231.12
9308.41 200.51
9310.42 231.18
9312.42 262.19
9314.42 34.59
9316.41 263.71
9318.41 28.19
9320.41 279.01
9322.41 309.13
9324.41 50.3
9326.41 331.36
9328.42 44.93
9330.42 239.06
9332.41 376.08
9334.41 46.23
9336.41 225.06
9338.41 27.94
9340.41 425.88
9342.41 48.3
9344.42 520.09
9346.42 505.85
9348.42 34.78
9350.41 233.19
9352.41 32.51
9354.41 269.72
9356.41 483.61
9358.41 595.94
9360.41 570.62
9362.42 25.73
9364.42 572.62
9366.4 28.15
9368.41 428.39
9370.41 254.09
9372.41 8.43
9374.41 413.43
9376.41 43.1
9378.42 411.99
9380.42 447.03
9382.42 400.01
9384.4 439.09
9386.41 30.03
9388.41 150.47
9390.41 26.15
9392.41 289.61
9394.41 327.37
9396.42 38.23
9398.42 179.93
9400.41 27.86
9402.41 218.44
9404.41 393.15
9406.41 505.85
9408.41 558.26
9410.42 32.17
9412.42 655.84
9414.42 32.3
9416.41 928.01
9418.41 542.11
9420.41 50.63
9422.41 440.75
9424.41 44.83
9426.41 545.58
9428.42 184.8
9430.42 588.25
9432.42 725.24
9434.41 41.88
9436.41 795.49
9438.41 43.23
9440.41 274.53
9442.41 347.1
9444.42 32.31
9446.42 375.49
9448.42 30.02
9450.42 191.91
9452.41 245.74
9454.41 258.9
9456.41 353.17
9458.41 27.97
9460.41 414.47
9462.42 32.26
9464.42 616.16
9466.42 713.57
9468.41 31.49
9470.41 953.3
9472.41 30.02
9474.41 812.79
9476.41 948.23
9478.42 295.01
9480.42 363.74
9482.41 42.39
9484.41 2.35
9486.41 31.65
9488.41 131.08
9490.41 921.39
9492.41 23.98
9494.42 940.37
9496.42 26.25
9498.41 329.93
9500.41 667.65
9502.41 257.21
9504.41 781.71
9506.41 48.06
9508.41 226.04
9510.41 26.25
9512.42 780.72
9514.42 805.56
9516.66 32.45
9518.66 804.99
9520.66 27.86
9522.66 432.27
9524.44 27.95
9526.66 348.01
9528.67 588.02
9530.67 47.95
9532.66 246.73
9534.66 28.21
9536.66 381.65
9538.66 406.3
9540.66 33.21
9542.66 463.14
9544.67 31.41
9546.67 423.54
9548.67 27.93
9550.66 234.87
9552.66 302.14
9554.66 26.29
9556.66 220.92
9558.66 45.3
9560.67 305.58
9562.67 355.29
9564.66 36.99
9566.66 317.2
9568.66 28.04
9570.66 156.35
9572.66 40.74
9574.66 310.6
9576.66 196.07
9578.67 28.02
9580.67 220.64
9582.67 27.95
9584.66 250.11
9586.66 244.91
9588.66 39.41
9590.66 127.74
9592.67 45.43
9594.67 255.07
9596.67 32.42
9598.67 252.58
9600.66 235.83
9602.66 32.36
9604.66 304.38
9606.66 45.32
9608.66 282.6
9610.67 228.93
9612.67 42.26
9614.67 348.73
9616.66 20.02
9618.66 130.78
9620.66 42.89
9622.66 339.79
9624.66 298.04
9626.67 45.17
9628.67 200.28
9630.67 28.0
9632.66 274.94
9634.66 162.07
9636.66 33.5
9638.66 284.76
9640.66 45.31
9642.67 265.17
9644.67 29.97
9646.67 244.19
9648.67 238.2
9650.66 45.41
9652.66 196.56
9654.66 43.04
9656.66 145.83
9658.67 187.06
9660.67 207.3
9662.67 205.94
9664.67 32.34
9666.66 184.81
9668.66 30.02
9670.66 224.17
9672.66 225.4
9674.66 29.99
9676.66 247.0
9678.67 38.04
9680.67 137.51
9682.66 198.15
9684.66 1.06
9686.66 239.27
9688.66 30.13
9690.66 227.77
9692.67 45.43
9694.67 121.86
9696.67 251.88
9698.67 29.94
9700.66 201.55
9702.66 209.62
9704.66 218.2
9706.66 134.61
9708.66 47.79
9710.67 188.13
9712.67 32.32
9714.67 247.71
9716.66 26.26
9718.66 246.18
9720.66 240.42
9722.66 192.01
9724.66 189.52
9726.67 27.57
9728.67 326.78
9730.67 337.45
9732.67 26.23
9734.66 377.39
9736.66 45.34
9738.66 343.32
9740.66 28.03
9742.67 220.68
9744.67 329.5
9746.67 27.15
9748.67 358.27
9750.67 27.93
9752.66 296.95
9754.66 214.22
9756.66 296.22
9758.67 147.71
9760.67 24.24
9762.67 194.83
9764.67 46.33
9766.91 191.67
9768.91 223.08
9770.91 31.64
9772.91 316.7
9774.91 26.2
9776.92 298.21
9778.69 45.25
9780.92 302.44
9782.92 246.77
9784.91 28.05
9786.91 210.53
9788.91 282.88
9790.91 257.2
9792.92 274.12
9794.92 43.71
9796.92 267.64
9798.91 45.48
9800.91 254.48
9802.91 35.17
9804.91 230.41
9806.91 265.54
9808.92 30.02
9810.92 204.37
9812.92 268.19
9814.92 256.73
9816.91 140.76
9818.91 32.31
9820.91 241.53
9822.91 43.12
9824.91 279.91
9826.92 28.01
9828.92 290.54
9830.91 273.15
9832.91 26.24
9834.91 294.32
9836.91 40.67
9838.91 306.83
9840.91 190.15
9842.92 45.39
9844.92 222.66
9846.92 38.22
9848.92 128.57
9850.91 45.74
9852.91 264.95
9854.91 198.44
9856.91 27.89
9858.92 302.14
9860.92 43.14
9862.92 304.33
9864.92 160.98
9866.91 32.64
9868.91 270.37
9870.91 24.0
9872.91 123.85
9874.92 44.65
9876.92 229.04
9878.92 239.41
9880.92 45.56
9882.91 234.09
9884.91 30.26
9886.91 258.84
9888.91 223.99
9890.91 31.52
9892.92 267.19
9894.92 45.34
9896.92 184.03
9898.92 24.71
9900.91 245.88
9902.91 221.36
9904.91 53.7
9906.91 288.18
9908.92 29.85
9910.92 317.14
9912.92 334.93
9914.92 32.34
9916.92 241.33
9918.91 37.58
9920.91 250.53
9922.91 32.44
9924.91 230.47
9926.92 311.99
9928.92 35.04
9930.92 306.3
9932.92 28.04
9934.91 339.85
9936.91 368.87
9938.91 45.05
9940.91 295.53
9942.92 27.99
9944.92 164.36
9946.92 27.13
9948.92 160.15
9950.91 210.21
9952.91 44.24
9954.91 228.6
9956.91 35.75
9958.92 308.1
9960.92 153.34
9962.92 32.3
9964.92 279.56
9966.93 43.18
9968.91 340.79
9970.91 39.45
9972.91 344.59
9974.92 178.15
9976.92 27.94
9978.92 122.73
9980.92 28.07
9982.92 214.76
9984.91 252.69
9986.91 27.91
9988.91 211.14
9990.91 45.61
9992.92 111.57
9994.92 45.35
9996.92 262.01
9998.92 221.58
10000.91 27.61
10002.91 248.71
10004.91 45.05
10006.91 320.87
10008.92 121.21
10010.92 45.2
10012.92 260.2
10014.91 204.64
10017.16 182.9
10019.16 45.78
10021.16 260.36
10023.16 130.98
10025.17 27.89
10027.17 143.13
10029.17 45.68
10031.17 306.59
10033.17 279.75
10035.16 45.7
10037.16 156.15
10039.16 28.02
10041.17 344.54
10043.17 44.81
10045.17 413.4
10047.17 393.09
10049.17 32.4
10051.16 373.72
10053.16 26.27
10055.16 511.66
10057.16 482.39
10059.17 43.5
10061.17 302.86
10063.17 39.04
10065.17 39.04
10067.16 30.01
10069.16 379.16
10071.16 428.22
10073.17 32.2
10075.17 441.86
10077.17 26.27
10079.17 650.96
10081.17 799.5
10083.16 768.33
10085.16 768.76
10087.16 32.33
10089.16 700.29
10091.17 44.04
10093.17 319.94
10095.17 185.38
10097.17 30.06
10099.17 364.56
10101.16 44.56
10103.16 396.21
10105.17 499.65
10107.17 526.84
10109.17 277.67
10111.17 27.93
10113.17 459.07
10115.17 26.16
10117.16 587.71
10119.16 539.33
10121.16 44.54
10123.17 529.31
10125.17 28.02
10127.17 418.79
10129.17 420.94
10131.17 44.65
10133.17 483.54
10135.16 27.25
10137.16 394.11
10139.16 44.8
10141.17 477.51
10143.17 473.69
10145.17 44.78
10147.17 544.86
10149.17 27.92
10151.16 144.8
10153.16 196.9
10155.17 112.76
10157.17 257.63
10159.17 165.83
10161.17 203.25
10163.17 27.87
10165.17 247.07
10167.16 281.46
10169.16 19.08
10171.16 384.71
10173.16 46.09
10175.17 266.66
10177.17 272.21
10179.17 121.87
10181.16 221.81
10183.16 128.42
10185.16 159.74
10187.16 30.02
10189.17 261.06
10191.17 401.21
10193.17 32.27
10195.17 672.67
10197.17 29.38
10199.18 811.37
10201.16 887.38
10203.17 860.74
10205.16 991.53
10207.17 38.33
10209.17 773.95
10211.17 28.11
10213.17 473.45
10215.17 790.55
10217.16 32.44
10219.16 854.63
10221.16 28.04
10223.17 582.53
10225.17 839.98
10227.17 877.89
10229.17 691.51
10231.18 26.21
10233.16 446.3
10235.16 34.92
10237.16 806.57
10239.17 913.6
10241.17 28.01
10243.17 800.26
10245.17 25.79
10247.17 582.33
10249.17 514.47
10251.16 572.06
10253.16 549.74
10255.16 44.77
10257.17 120.76
10259.17 27.98
10261.17 283.09
10263.17 345.37
10265.17 45.42
10267.43 382.37
10269.17 27.89
10271.41 337.14
10273.19 45.31
10275.42 273.82
10277.42 179.58
10279.42 26.22
10281.42 145.65
10283.41 40.85
10285.41 338.0
10287.41 389.98
10289.42 32.5
10291.42 272.1
10293.42 45.56
10295.42 496.44
10297.2 28.43
10299.43 205.81
10301.41 109.68
10303.41 36.43
10305.42 250.11
10307.42 32.07
10309.42 444.18
10311.42 458.35
10313.42 41.96
10315.42 351.64
10317.41 44.84
10319.41 545.95
10321.42 20.28
10323.42 543.18
10325.42 649.1
10327.42 32.34
10329.42 690.28
10331.43 27.97
10333.43 683.68
10335.41 690.59
10337.41 487.7
10339.42 155.32
10341.42 27.85
10343.42 645.42
10345.42 27.56
10347.42 289.46
10349.42 318.86
10351.41 21.67
10353.41 118.26
10355.42 45.54
10357.42 216.76
10359.42 237.73
10361.42 242.54
10363.42 268.73
10365.43 45.38
10367.41 289.86
10369.41 46.17
10371.42 5.59
10373.42 307.18
10375.42 281.57
10377.42 311.82
10379.42 45.4
10381.43 337.09
10383.41 210.59
10385.41 38.23
10387.41 335.22
10389.42 45.44
10391.42 153.96
10393.42 30.01
10395.42 83.28
10397.43 244.55
10399.41 42.93
10401.41 230.17
10403.41 30.01
10405.42 207.95
10407.42 340.56
10409.42 41.57
10411.42 368.8
10413.42 27.85
10415.43 389.89
10417.41 28.02
10419.41 100.51
10421.42 427.1
10423.42 19.58
10425.42 307.09
10427.42 43.41
10429.42 253.87
10431.43 315.04
10433.43 38.12
10435.41 275.19
10437.41 45.38
10439.42 184.49
10441.42 28.01
10443.42 330.41
10445.42 279.78
10447.42 45.17
10449.43 206.57
10451.41 45.04
10453.41 164.88
10455.42 310.65
10457.42 35.04
10459.42 96.51
10461.42 42.74
10463.42 211.55
10465.43 27.91
