0.0 1.29
0.83 1.1
1.74 0.04
2.36 1.92
4.36 0.78
6.36 1.41
8.67 0.8
10.4 0.67
12.53 1.17
14.5 0.14
16.39 0.06
18.34 0.86
20.34 0.74
22.41 0.59
24.36 1.14
26.47 0.76
28.58 0.48
30.44 0.74
32.58 0.79
34.46 0.19
36.39 1.05
38.41 1.84
40.4 0.73
42.98 0.05
44.39 1.36
46.33 2.09
48.35 0.8
50.64 2.53
52.31 2.6
54.37 0.73
56.53 0.04
58.32 2.48
60.34 2.48
62.45 1.06
64.44 2.62
66.32 0.87
68.33 1.84
70.35 3.12
72.35 2.31
74.41 0.27
76.29 3.16
78.38 0.66
80.57 0.17
82.36 0.74
84.37 1.95
86.34 1.35
88.33 1.1
90.4 0.05
92.43 1.81
94.4 1.42
96.38 2.12
98.33 1.89
100.53 2.33
102.36 0.01
104.36 1.52
107.24 0.08
108.43 1.1
110.32 1.1
112.37 0.53
114.33 1.64
116.42 2.45
118.33 1.37
120.5 1.76
122.49 0.05
124.47 1.63
126.38 0.18
128.32 0.12
130.32 1.57
132.32 0.7
134.44 1.04
136.31 0.11
138.32 0.65
140.35 2.3
142.33 1.12
144.48 0.37
146.38 0.83
148.39 1.2
150.37 1.22
152.52 1.01
154.39 1.85
156.35 2.35
158.47 0.57
160.34 3.07
162.36 0.05
164.45 0.59
166.5 0.61
168.53 0.86
170.42 0.86
172.54 1.06
174.46 1.8
176.4 1.89
178.35 1.82
180.4 0.38
182.56 1.3
184.37 0.07
186.46 0.66
188.41 0.06
190.34 0.21
192.37 0.31
194.32 1.55
196.38 1.63
198.33 2.11
200.37 1.12
202.37 1.84
204.43 1.84
206.58 0.47
208.5 1.36
210.7 0.01
212.42 0.05
214.44 0.74
216.37 1.21
218.39 0.88
220.33 1.2
222.58 1.59
224.32 0.2
226.36 0.61
228.44 0.13
230.46 0.9
232.52 1.73
234.41 1.07
236.34 1.49
238.4 0.05
240.61 0.44
242.67 0.99
244.5 0.67
246.59 1.01
248.59 0.75
250.63 2.26
252.7 2.24
254.61 0.33
256.65 0.43
258.7 0.84
260.64 1.83
262.7 1.7
264.64 2.09
266.71 1.44
268.59 2.29
270.62 1.5
273.0 1.42
274.58 1.07
276.85 0.63
278.6 2.47
280.76 0.29
282.6 1.47
284.69 0.06
286.74 0.31
288.83 0.09
290.58 1.0
292.47 1.48
294.62 1.68
297.68 1.72
298.99 0.35
300.77 0.3
302.83 0.63
305.0 0.15
306.59 1.43
308.6 0.37
310.72 1.76
312.71 0.16
314.64 0.87
316.58 0.95
318.58 1.56
320.7 1.14
322.7 1.2
324.92 0.57
327.29 0.14
328.58 0.58
330.66 1.22
333.0 0.72
334.62 1.93
336.59 0.02
338.59 0.65
340.99 0.5
342.79 0.28
344.66 0.52
347.05 0.47
348.64 0.02
350.57 0.61
352.65 0.05
354.69 0.79
356.62 0.83
358.72 0.33
360.7 0.54
362.59 0.42
364.85 0.19
366.65 0.19
368.6 0.4
370.81 0.41
372.58 0.09
374.64 0.3
376.61 0.5
378.62 0.65
380.79 0.08
382.6 0.11
384.61 0.5
386.67 0.44
388.7 0.88
390.66 0.32
392.6 0.45
394.62 0.48
396.65 0.4
398.72 0.75
400.59 0.08
402.64 0.15
404.63 0.62
406.57 0.15
408.9 0.28
410.65 0.04
412.71 0.66
414.62 0.53
416.65 0.69
418.9 0.84
420.66 0.56
422.6 0.79
424.78 0.58
426.65 0.64
428.82 0.18
430.62 0.51
432.71 0.13
434.67 0.31
436.68 0.51
438.79 0.93
440.72 0.67
442.65 1.15
444.57 1.37
446.61 0.86
448.63 0.59
450.58 1.5
452.86 1.36
454.75 1.39
456.83 0.67
458.66 0.74
460.94 1.76
462.72 1.71
464.71 2.86
467.4 2.22
468.6 3.94
470.98 0.23
472.69 0.02
474.61 0.73
476.66 0.27
478.71 0.14
480.68 0.16
482.58 0.35
484.66 1.35
486.6 0.58
488.86 0.01
490.62 2.04
493.23 1.01
495.06 0.17
496.9 0.07
499.0 0.97
501.33 0.66
502.98 1.26
504.89 0.65
506.85 1.07
508.91 1.16
510.94 1.36
512.86 0.94
514.89 1.35
517.46 0.07
518.86 1.99
520.94 0.89
522.9 0.09
524.89 0.06
527.02 0.78
528.89 0.88
530.9 1.88
533.08 0.81
534.95 1.27
536.82 2.53
539.0 2.52
540.89 1.06
542.95 1.64
544.92 0.04
546.91 0.52
548.96 1.39
550.86 0.31
552.87 1.68
554.82 2.1
556.82 0.13
558.82 0.95
560.85 1.28
563.23 0.84
565.49 1.31
566.92 1.73
568.89 0.93
570.73 2.35
572.92 1.64
574.9 1.2
576.83 1.87
579.0 0.86
580.84 1.6
583.03 1.67
584.94 1.04
586.86 0.06
589.02 0.28
590.92 2.27
592.94 0.52
594.95 2.27
596.82 2.64
598.92 1.11
601.02 0.21
603.03 0.08
605.0 0.03
606.89 0.14
608.92 1.24
611.52 0.9
612.86 0.16
614.84 1.56
617.22 1.56
618.88 2.26
620.85 1.69
623.55 2.54
625.16 0.55
626.91 2.57
629.08 0.17
631.13 0.27
632.92 1.36
634.94 1.12
636.85 0.12
638.87 0.6
640.85 0.57
642.84 0.17
644.91 0.76
646.89 0.18
649.02 0.04
651.05 0.36
653.0 0.69
654.88 0.23
656.9 0.31
658.85 0.88
660.86 2.24
662.83 1.55
664.83 2.75
666.9 2.3
668.83 0.2
670.88 2.47
672.97 0.05
674.86 1.24
676.97 2.65
678.9 0.93
680.84 2.36
682.84 0.05
684.83 0.44
686.82 1.3
688.89 1.82
690.86 3.15
692.82 1.33
694.95 3.41
696.86 4.81
698.85 0.37
700.86 0.15
702.84 3.09
704.9 0.9
707.27 0.05
708.88 1.27
710.85 2.58
712.91 0.5
714.9 1.8
716.86 1.8
718.87 1.27
720.86 1.12
722.93 1.15
724.9 0.61
726.86 3.17
729.13 0.47
731.45 0.09
732.9 2.52
734.89 0.1
736.85 0.19
739.01 1.66
740.92 0.81
742.88 1.07
745.03 1.75
747.23 0.05
749.22 2.95
751.1 0.06
753.12 1.17
755.14 2.18
757.07 2.18
759.06 0.36
761.1 0.18
762.96 0.48
765.12 1.98
767.26 0.79
769.2 0.72
771.14 1.72
773.21 0.5
775.19 0.06
777.31 0.21
779.17 0.67
781.21 1.09
783.14 1.59
785.11 0.25
787.01 0.2
789.15 0.94
791.14 1.95
793.32 2.28
795.07 1.47
797.09 0.65
799.09 3.25
801.12 3.54
803.15 0.01
805.36 0.46
807.14 0.21
809.15 0.33
811.7 0.59
813.12 0.97
816.2 1.67
817.12 2.12
819.11 1.39
821.1 2.6
823.09 1.54
825.12 1.68
827.38 0.57
829.11 0.53
831.3 0.62
833.45 0.01
835.36 0.11
837.31 1.03
839.09 0.04
841.2 1.49
843.18 1.49
845.43 0.22
847.22 0.27
849.19 1.71
851.58 0.86
853.2 1.09
855.21 1.22
857.15 0.04
859.1 0.95
861.15 1.88
863.14 0.47
865.07 1.88
867.36 1.05
869.13 0.7
871.24 0.15
873.14 1.14
875.31 0.11
877.33 0.61
879.11 1.18
881.12 0.65
883.08 0.39
885.11 0.94
887.08 0.19
889.15 1.59
891.15 1.55
893.23 1.09
895.14 0.58
897.3 2.06
901.46 0.19
902.02 0.91
903.43 0.35
905.18 0.96
907.13 0.83
909.27 1.02
911.2 0.97
913.2 2.0
915.1 0.06
917.25 1.55
919.16 0.76
921.37 0.33
923.13 1.35
925.08 0.88
927.11 1.6
929.19 1.37
931.21 1.1
933.25 0.03
935.17 1.78
938.27 1.54
939.6 1.46
941.17 2.28
944.31 0.55
945.14 1.36
947.08 1.58
949.17 1.53
951.27 1.37
953.18 0.29
955.33 0.78
957.4 0.08
959.22 0.38
961.19 1.51
963.19 0.1
965.45 1.34
967.15 1.34
969.08 0.4
971.12 0.53
973.36 1.34
975.12 0.22
977.28 0.41
979.11 1.19
981.9 0.03
983.44 0.6
985.42 0.05
987.11 1.18
989.1 1.29
991.1 0.67
993.25 0.7
995.34 0.89
997.07 0.62
999.39 0.3
1001.39 0.9
1003.38 1.15
1005.36 0.95
1007.34 0.8
1009.27 0.03
1011.32 0.42
1013.34 0.66
1015.38 1.35
1017.34 1.01
1019.51 0.18
1021.42 0.68
1023.39 0.93
1025.42 0.11
1027.38 1.12
1029.33 0.09
1031.76 0.16
1033.37 0.38
1035.41 1.13
1037.52 0.66
1039.38 0.31
1041.38 0.93
1043.39 1.11
1045.32 0.2
1047.38 0.23
1049.46 1.0
1051.33 0.86
1053.35 1.49
1055.53 1.1
1057.38 1.43
1059.4 2.12
1061.46 0.67
1063.37 0.02
1065.3 1.15
1067.37 1.07
1069.42 0.89
1071.32 1.13
1073.33 2.21
1075.35 2.09
1077.36 3.07
1079.38 1.82
1081.35 1.29
1083.35 2.77
1085.36 3.22
1087.44 1.85
1089.38 1.27
1091.46 1.8
1093.32 1.24
1095.42 0.26
1097.36 1.97
1099.65 0.46
1101.41 1.24
1103.39 2.56
1105.43 3.91
1107.4 1.45
1109.4 3.38
1111.33 3.03
1113.38 0.22
1115.36 4.26
1117.4 3.14
1119.32 1.0
1121.36 2.59
1123.45 0.43
1125.38 1.45
1127.38 3.75
1129.35 2.59
1131.36 5.34
1133.33 5.75
1135.41 3.44
1137.42 0.45
1139.39 0.05
1141.39 1.42
1143.46 2.67
1145.39 5.18
1147.42 5.57
1149.61 0.08
1151.42 2.22
1153.4 0.26
1155.56 0.19
1157.35 0.03
1159.34 0.45
1161.46 1.12
1163.44 0.18
1165.39 4.58
1167.36 3.8
1169.36 1.19
1171.73 0.56
1173.56 1.36
1175.34 4.27
1177.36 2.35
1179.42 4.45
1181.53 1.9
1183.32 0.02
1185.57 0.13
1187.41 0.17
1189.36 0.02
1191.33 1.84
1193.49 1.19
1195.35 1.99
1197.37 1.55
1199.66 3.0
1201.82 1.92
1203.44 1.5
1205.47 0.28
1207.38 3.92
1209.34 2.2
1211.37 0.46
1213.32 1.09
1215.55 1.54
1218.76 1.45
1219.49 2.75
1222.29 1.02
1223.45 1.64
1225.52 1.74
1227.39 3.42
1229.4 2.53
1231.39 1.44
1233.47 1.46
1235.34 0.19
1238.16 0.31
1239.68 0.14
1241.82 2.18
1243.37 1.42
1245.77 0.27
1247.69 0.01
1250.0 1.56
1251.33 0.16
1253.48 0.76
1255.86 1.73
1257.59 0.21
1259.93 2.45
1261.6 0.16
1263.59 0.78
1265.64 0.42
1267.59 2.56
1269.71 0.28
1271.71 1.7
1273.68 1.57
1275.62 1.13
1277.59 0.47
1279.61 0.34
1281.76 0.61
1283.73 0.62
1285.68 2.18
1287.58 3.07
1289.64 1.57
1291.58 1.76
1293.75 0.28
1295.77 1.29
1297.66 0.23
1299.69 0.07
1301.81 0.29
1303.65 1.19
1305.66 0.2
1307.78 1.84
1309.6 0.93
1311.7 2.64
1313.59 0.11
1315.63 1.17
1317.93 0.91
1319.56 0.23
1321.73 1.23
1324.3 1.6
1325.71 2.61
1328.76 1.49
1330.4 1.17
1331.8 0.09
1333.98 2.62
1335.78 0.9
1337.85 0.68
1339.7 0.24
1341.8 0.09
1343.68 0.52
1346.1 0.01
1347.73 0.24
1350.04 0.05
1351.62 1.09
1353.79 1.19
1355.98 0.43
1357.77 1.04
1359.77 0.76
1361.63 0.91
1363.71 2.53
1365.7 1.99
1367.97 2.45
1369.88 0.15
1371.72 1.3
1373.57 0.63
1375.6 0.96
1377.99 0.79
1379.68 0.18
1381.58 0.5
1383.77 1.21
1385.68 0.11
1387.63 0.03
1389.78 1.64
1391.88 0.52
1393.59 0.41
1395.58 0.92
1398.51 0.27
1400.8 0.01
1401.61 0.71
1403.93 0.74
1405.58 2.68
1407.72 1.02
1409.58 1.21
1411.6 2.07
1413.63 0.65
1416.1 1.44
1417.59 0.42
1419.67 1.62
1421.97 0.03
1423.62 0.52
1425.65 0.07
1427.87 2.8
1429.72 0.15
1431.78 1.67
1434.27 0.15
1435.73 0.21
1437.65 0.92
1439.6 1.86
1441.62 1.09
1443.8 1.23
1445.95 0.1
1447.7 0.11
1449.94 0.13
1451.64 0.26
1453.8 1.74
1455.75 2.22
1458.03 0.03
1460.07 1.19
1462.01 2.76
1463.83 1.2
1465.9 0.75
1467.83 1.23
1470.12 0.33
1471.62 0.4
1473.6 0.92
1475.61 0.31
1477.83 1.57
1479.8 0.6
1481.98 0.35
1483.94 0.54
1486.14 0.14
1487.69 0.44
1489.58 0.23
1491.75 0.54
1493.59 0.18
1496.22 0.49
1497.66 0.86
1499.59 0.48
1501.74 0.23
1504.02 0.53
1506.07 0.37
1508.02 0.98
1509.62 0.35
1511.96 0.59
1513.99 0.69
1515.87 0.45
1517.93 0.34
1519.9 0.52
1521.78 0.96
1523.9 0.64
1525.94 0.64
1527.97 0.06
1530.42 0.34
1532.62 0.15
1533.88 0.4
1535.75 0.57
1537.91 0.32
1539.9 0.37
1541.98 0.68
1544.16 0.68
1545.85 0.51
1548.0 1.03
1549.88 0.47
1551.87 0.62
1553.98 0.87
1555.96 0.9
1557.89 1.61
1559.98 0.78
1561.87 0.37
1563.85 0.68
1565.86 1.63
1567.93 0.89
1569.86 0.35
1572.1 0.62
1573.9 1.73
1575.83 0.8
1578.17 1.98
1579.9 0.53
1581.85 0.87
1584.38 0.12
1585.91 0.6
1587.9 1.02
1589.92 0.14
1591.88 0.22
1593.88 0.22
1595.99 0.79
1597.85 1.27
1599.92 0.92
1601.94 0.17
1604.06 0.03
1605.99 0.96
1607.91 0.76
1610.02 0.87
1612.06 0.77
1614.14 0.73
1616.19 1.33
1618.07 0.97
1620.2 0.43
1622.2 0.33
1623.8 1.3
1625.9 0.01
1627.85 0.53
1629.89 0.65
1631.87 0.96
1633.86 0.08
1636.0 0.55
1638.33 1.08
1639.98 0.74
1642.46 0.06
1644.09 0.87
1645.83 0.94
1647.87 0.87
1649.91 0.87
1651.93 0.29
1653.96 0.03
1656.04 1.04
1657.9 0.32
1659.82 0.95
1661.9 0.09
1663.89 0.28
1665.9 0.26
1667.9 0.27
1669.89 1.22
1672.13 0.65
1673.91 0.69
1675.85 1.37
1678.08 1.19
1679.89 0.84
1681.9 0.94
1684.52 0.36
1685.91 0.76
1687.86 1.14
1689.89 1.01
1691.82 0.62
1693.88 0.66
1695.88 0.88
1697.91 0.47
1699.82 0.26
1701.88 0.84
1703.84 0.53
1705.92 0.87
1707.85 0.03
1709.82 0.68
1712.05 0.09
1714.27 0.57
1715.87 0.1
1717.86 1.19
1720.06 0.77
1721.96 1.54
1724.15 0.8
1726.07 0.05
1727.85 1.39
1729.99 0.07
1731.84 0.69
1733.98 0.21
1736.06 1.11
1739.21 0.06
1739.82 1.09
1742.03 0.69
1745.62 0.01
1746.18 0.13
1748.12 0.33
1749.99 0.18
1751.88 0.82
1753.96 0.29
1756.45 0.86
1758.3 0.8
1759.93 0.91
1762.09 0.91
1764.12 0.45
1766.2 0.54
1768.1 0.41
1770.1 0.16
1772.11 0.13
1774.29 1.13
1776.26 0.64
1778.41 0.12
1780.08 1.71
1782.24 0.41
1784.14 1.31
1786.55 0.24
1788.15 0.18
1790.22 0.77
1792.09 2.83
1794.1 0.93
1796.44 3.04
1799.03 0.03
1800.53 0.08
1802.11 0.72
1804.74 0.31
1806.85 0.28
1809.21 0.01
1810.32 0.18
1812.25 0.12
1814.1 0.64
1816.23 0.22
1818.48 0.55
1820.13 0.45
1823.21 0.22
1824.63 0.34
1827.72 0.07
1828.96 0.49
1831.11 0.21
1832.25 0.46
1834.45 0.29
1836.18 0.08
1838.64 0.77
1840.39 0.48
1842.43 0.24
1844.12 0.71
1846.54 0.64
1848.2 0.87
1850.32 0.87
1852.16 0.61
1854.56 0.48
1856.41 0.01
1858.19 0.41
1860.25 0.1
1862.14 0.88
1864.32 0.86
1866.23 0.58
1868.33 1.33
1870.08 1.04
1872.3 0.22
1874.21 0.64
1876.13 1.17
1878.26 1.46
1880.13 0.51
1882.55 0.31
1884.42 0.34
1886.17 0.99
1888.15 0.9
1890.28 0.32
1892.25 1.49
1894.07 1.63
1896.13 1.55
1898.44 2.04
1900.08 2.04
1902.54 1.24
1904.12 1.6
1906.24 0.65
1908.15 2.85
1910.44 0.84
1912.18 0.84
1914.15 2.13
1916.11 0.85
1918.1 1.76
1920.09 2.36
1922.15 1.98
1924.08 3.17
1926.25 2.9
1928.15 1.44
1930.11 0.05
1932.09 0.63
1934.08 1.48
1936.09 0.62
1938.14 0.21
1940.17 0.69
1942.08 0.58
1944.09 0.19
1946.48 0.1
1948.21 1.13
1950.36 0.23
1952.1 1.15
1954.22 0.74
1956.1 1.02
1958.28 1.02
1960.09 2.13
1962.11 1.66
1964.33 0.58
1966.22 0.15
1968.09 0.15
1970.36 2.1
1972.2 2.48
1974.23 0.27
1976.46 0.01
1978.18 0.85
1980.08 0.14
1982.26 0.86
1984.27 1.0
1986.29 0.52
1988.07 1.05
1990.27 0.02
1992.26 0.4
1994.67 1.23
1996.09 1.46
1998.08 0.56
2000.21 0.18
2002.38 0.29
2004.12 0.51
2006.91 0.11
2009.7 0.05
2010.32 0.19
2012.47 0.64
2014.38 0.74
2016.55 1.25
2018.57 0.14
2020.68 0.48
2022.56 0.9
2024.35 0.68
2026.32 1.15
2028.84 1.15
2030.4 1.11
2032.34 0.06
