0.0 5.61
1.49 0.05
3.35 0.03
4.41 3.98
7.34 0.21
8.81 2.59
10.61 0.85
15.08 0.34
15.69 7.11
16.53 12.15
18.34 4.91
19.29 4.83
20.22 5.7
29.96 1.29
30.62 3.19
32.56 0.03
33.24 1.19
34.11 6.63
34.99 4.44
36.76 9.99
39.18 4.39
40.87 0.09
43.02 3.77
45.01 5.6
51.91 0.36
54.81 0.76
56.34 0.76
58.08 0.76
60.36 0.81
62.98 0.32
65.09 0.72
66.88 0.84
67.88 0.76
68.84 0.73
69.42 0.79
71.38 0.85
75.87 0.28
77.01 1.01
77.61 1.62
78.48 2.48
79.32 2.46
80.33 4.34
81.07 6.51
81.97 8.6
83.07 8.59
85.08 9.51
87.16 6.58
89.1 4.48
91.08 4.48
93.08 0.05
95.07 5.21
97.29 0.5
99.07 0.05
101.03 8.18
102.94 0.2
109.24 7.04
110.38 5.89
111.04 8.02
112.04 0.52
113.08 9.32
115.07 12.02
117.08 9.23
119.08 0.9
121.08 0.06
123.9 4.77
124.99 3.01
127.09 1.94
129.11 2.85
131.7 1.12
136.21 0.04
139.04 1.87
139.88 7.04
140.83 6.97
142.47 0.19
143.41 7.06
145.07 7.09
147.07 9.61
149.24 2.38
152.07 0.63
153.19 0.21
155.08 11.29
157.11 2.32
159.08 12.86
161.07 1.85
163.1 5.15
165.07 0.22
167.08 1.47
169.09 0.06
171.07 4.52
173.07 4.68
175.07 10.75
177.07 0.52
179.07 4.28
181.07 0.21
183.07 10.62
185.07 3.44
187.07 10.44
189.07 0.36
191.08 10.54
193.07 3.9
195.08 0.24
197.08 10.51
199.07 0.62
201.07 0.65
203.08 1.49
205.08 0.63
207.07 2.93
209.08 2.21
211.08 14.33
213.08 0.64
215.07 1.87
217.08 1.63
219.16 1.68
221.07 2.93
223.1 4.64
225.07 0.26
231.17 0.7
232.52 2.28
234.15 0.19
235.36 6.32
236.07 8.58
237.6 0.04
239.08 0.74
241.07 9.39
243.08 0.12
245.08 2.9
247.07 0.02
249.07 2.1
251.07 1.97
253.07 3.15
255.08 2.8
257.07 0.25
259.08 0.62
261.07 8.06
263.08 11.04
265.07 10.2
267.08 1.15
269.07 9.72
271.07 10.99
273.1 12.44
275.08 12.85
277.08 0.52
279.07 2.94
281.32 14.48
283.3 2.98
285.32 6.13
287.32 2.04
