0.0 221.25
0.64 107.32
2.64 96.76
4.63 86.52
6.64 167.88
8.63 0.66
10.63 137.64
12.64 0.28
14.63 207.01
16.63 255.83
18.64 0.34
20.63 242.6
22.64 278.3
24.63 204.97
26.63 278.62
28.63 262.07
30.65 270.26
32.63 0.31
34.64 260.61
36.64 0.32
38.63 266.6
40.65 293.21
42.64 0.29
44.64 290.47
46.64 0.35
48.64 266.13
50.72 288.93
52.73 86.18
54.63 54.55
56.64 0.36
58.63 243.21
60.63 0.28
62.65 276.08
64.63 299.08
66.63 0.31
68.62 181.3
70.62 285.84
72.62 297.64
74.64 301.25
76.65 265.59
78.64 248.67
80.64 0.32
82.64 306.43
84.65 0.3
86.64 265.67
88.63 301.45
90.64 2.82
92.64 218.43
94.64 0.3
96.63 295.21
98.63 338.79
100.64 273.16
102.63 336.57
104.63 0.29
106.63 337.69
108.62 0.28
110.62 121.21
112.64 93.22
114.65 0.29
116.63 314.56
118.64 0.39
120.64 224.8
122.65 184.57
124.64 248.25
126.65 164.17
128.64 0.32
130.64 241.67
132.63 8.73
134.64 217.86
136.64 222.48
138.64 8.24
140.63 196.08
142.63 0.34
144.88 198.15
146.7 0.31
148.88 235.04
150.88 332.05
152.89 0.3
154.88 269.49
156.89 0.36
158.89 311.9
160.89 282.7
162.88 332.18
164.88 223.87
166.88 0.39
168.89 204.54
170.68 328.19
172.89 333.25
174.88 331.01
176.88 0.77
178.88 333.66
180.88 0.33
182.88 335.57
184.89 285.2
186.88 262.28
188.88 330.49
190.89 0.39
192.88 305.36
194.7 0.32
196.88 355.66
198.89 276.31
200.89 0.31
202.89 320.67
204.89 0.31
206.88 345.43
208.89 362.5
210.89 6.15
212.88 24.55
214.88 12.09
216.88 142.86
218.88 0.39
220.88 99.38
