0.0 184.05
0.89 39.4
2.89 45.69
4.89 51.1
6.89 37.68
8.88 56.04
10.89 79.74
12.89 16.78
14.89 159.7
16.89 26.81
18.89 211.54
20.89 232.95
22.89 31.39
24.89 227.53
26.89 37.41
28.89 247.58
30.89 67.03
32.89 136.3
34.89 91.3
36.89 38.26
38.89 164.78
40.89 30.15
42.88 93.21
44.89 185.94
46.89 29.02
48.89 175.6
50.89 27.74
52.89 96.28
54.89 215.39
56.89 100.48
58.89 212.44
60.89 31.38
63.14 218.16
64.89 37.52
67.14 112.2
69.14 240.62
70.9 28.56
73.14 123.7
75.15 29.71
77.15 195.84
78.92 13.29
81.14 305.33
83.15 288.18
85.15 34.21
87.15 187.68
89.14 24.85
91.14 290.49
93.15 320.85
95.15 7.05
97.15 327.07
99.15 32.51
101.14 141.94
102.93 25.13
105.15 320.3
107.15 356.26
109.14 0.47
111.14 393.29
113.14 26.11
115.14 315.86
117.15 239.64
119.15 35.89
121.15 240.81
123.22 23.62
125.14 6.12
127.15 26.7
129.15 98.84
131.15 123.57
133.15 34.65
135.15 244.64
137.15 26.82
139.15 286.21
141.15 242.77
143.15 28.59
145.15 141.59
147.15 23.85
149.15 156.91
151.15 29.02
153.15 148.5
155.15 123.39
157.15 36.13
159.15 175.06
161.15 28.66
163.15 225.02
165.15 141.6
167.15 28.0
169.15 246.23
171.15 35.32
173.15 243.36
175.15 30.91
177.15 190.58
179.15 241.69
181.15 39.03
183.15 163.23
185.15 30.63
187.15 250.34
189.15 298.27
191.15 9.91
193.15 276.84
195.15 21.52
197.15 316.26
199.15 26.57
201.15 294.55
203.15 359.58
205.15 27.62
207.15 51.93
209.15 30.54
211.15 276.55
213.15 384.29
215.15 27.83
217.15 173.72
219.15 21.57
221.15 164.74
223.15 34.11
225.15 247.07
227.15 296.19
229.15 8.54
231.15 244.76
233.15 35.46
235.15 292.29
237.15 293.91
239.15 9.26
241.15 307.35
243.15 30.83
245.15 320.64
247.15 27.75
249.15 208.25
251.15 84.42
253.15 25.79
255.15 277.34
257.15 25.17
259.15 325.55
261.15 259.57
263.15 28.72
265.15 45.62
267.15 24.49
269.15 268.72
271.15 106.75
273.15 201.04
275.15 280.52
277.15 32.13
279.15 117.76
281.15 33.11
283.15 211.49
285.15 313.93
287.15 0.76
289.15 268.44
291.15 38.97
293.17 212.16
295.15 25.06
297.15 273.57
299.15 219.8
301.15 25.6
303.15 259.24
305.15 20.58
307.15 252.48
309.15 323.72
311.16 35.22
313.16 301.3
315.15 28.58
317.15 282.64
319.15 35.91
321.15 303.93
323.15 282.05
325.17 19.56
327.15 293.59
329.15 35.95
331.16 202.92
333.42 186.87
335.16 269.58
337.17 305.69
339.16 26.86
341.41 187.65
343.17 15.07
345.41 365.37
347.41 242.61
349.41 20.05
351.41 361.95
353.42 28.68
355.42 385.03
357.42 157.28
359.42 42.53
361.42 175.61
363.42 24.04
365.42 132.22
367.42 7.13
369.42 219.99
371.42 142.53
373.42 20.6
375.42 97.71
377.41 32.39
379.41 230.41
381.41 293.13
383.41 249.17
385.41 107.82
387.42 12.24
389.41 106.68
391.42 29.79
393.42 111.73
395.42 336.12
397.42 27.07
399.42 68.33
401.42 30.67
403.42 342.1
405.42 353.17
407.42 382.86
409.42 396.38
411.42 0.75
413.43 150.47
415.42 20.92
417.42 394.79
