0.0 1.44
1.8 23.46
3.67 7.12
5.88 2.93
7.87 20.4
9.82 3.05
11.94 27.62
13.83 3.16
15.69 2.38
18.11 20.7
19.92 19.36
22.19 2.4
23.81 19.21
25.96 20.32
27.83 20.32
29.98 22.23
32.15 22.51
34.19 10.66
36.24 18.4
37.78 18.4
39.79 0.03
41.67 7.7
43.93 26.51
45.99 0.86
47.93 17.69
49.7 22.24
52.02 22.72
54.34 26.11
56.14 27.45
58.02 29.25
59.82 17.26
62.18 23.59
63.9 2.89
65.8 20.4
67.92 4.19
69.85 26.16
72.2 26.96
73.88 26.58
75.97 0.34
78.2 25.76
79.91 19.32
81.67 27.93
84.07 3.46
85.78 25.01
87.78 29.56
89.94 29.97
92.02 22.12
93.88 34.13
95.72 4.11
97.9 20.61
100.11 35.38
102.12 17.27
103.73 35.36
105.72 20.39
107.9 32.12
109.93 39.28
111.75 37.96
113.85 15.36
115.95 29.57
117.86 36.34
120.34 29.62
122.16 42.13
124.25 17.48
125.86 43.31
127.87 43.6
130.19 13.03
132.4 40.98
134.22 27.04
135.9 4.01
138.29 37.42
139.99 31.48
141.88 13.59
144.39 27.79
145.88 15.79
148.22 33.82
150.25 0.69
152.01 20.06
154.15 44.79
156.02 51.35
158.07 49.36
160.1 54.44
162.19 20.76
163.85 0.04
166.14 42.34
168.06 52.62
169.99 2.84
171.92 46.98
174.1 53.68
176.02 53.68
177.83 53.68
180.16 19.98
181.99 15.32
183.86 51.01
186.03 49.47
187.81 51.25
190.08 58.36
192.02 58.36
193.99 31.83
196.08 58.64
198.09 48.2
199.94 81.02
202.07 81.02
204.01 86.63
205.97 86.63
207.92 1.38
210.15 53.91
212.18 14.83
214.05 62.47
216.01 52.01
218.06 86.78
220.18 75.87
222.03 51.65
224.27 85.28
226.12 85.05
