0.0 7.53
0.53 3.65
1.15 0.02
2.11 7.24
3.33 5.63
4.31 10.79
5.79 0.04
7.55 2.13
9.39 4.57
10.61 9.53
13.4 2.15
15.33 13.94
16.53 12.02
18.4 2.54
19.47 4.03
21.44 11.84
23.53 1.61
26.0 3.85
28.81 0.03
30.4 4.01
32.29 3.35
34.99 0.04
37.2 5.73
40.96 2.58
46.43 5.47
48.32 4.78
50.85 8.95
52.3 7.57
54.0 0.04
56.13 4.6
59.8 0.32
62.41 3.88
63.12 4.45
63.97 6.44
65.03 7.39
68.09 0.04
71.02 0.22
72.34 0.03
75.07 3.23
75.76 2.51
76.49 0.02
78.26 1.3
78.89 6.19
79.43 6.86
80.61 10.19
82.61 5.37
84.63 0.11
86.64 3.69
88.63 3.59
90.78 4.18
93.6 3.03
94.64 8.91
96.88 5.05
98.62 2.59
100.61 8.18
102.63 10.49
104.64 8.24
106.62 5.85
108.76 0.74
110.6 3.58
112.62 4.98
114.63 3.98
117.3 0.1
119.06 5.75
120.6 3.68
122.61 7.61
124.66 5.84
126.62 8.91
128.62 4.69
130.81 3.23
132.61 2.53
134.62 6.71
136.63 2.92
138.54 4.48
140.63 5.9
142.61 1.47
144.64 5.87
146.62 3.71
148.62 5.03
150.6 6.25
152.72 0.01
156.37 1.14
160.88 3.72
161.63 6.4
162.35 3.62
164.42 5.87
166.41 8.41
168.42 8.49
170.41 3.42
172.58 4.92
174.41 3.49
176.44 10.52
178.41 10.28
180.54 3.04
183.48 3.78
185.2 6.64
187.8 8.23
191.49 7.14
192.25 10.35
194.36 3.18
196.02 4.58
198.06 4.12
200.74 1.78
202.02 3.59
204.04 5.23
206.02 4.6
208.03 1.53
210.03 3.76
212.22 1.34
214.01 7.03
216.65 0.05
218.21 1.65
220.25 4.14
222.77 5.86
224.04 7.09
226.01 12.85
228.13 4.3
230.04 13.65
232.06 13.84
234.58 2.42
237.16 3.92
238.51 13.3
240.81 0.67
242.71 11.89
244.15 4.96
246.13 13.75
248.84 14.56
250.67 8.93
255.05 9.02
258.87 2.05
260.16 0.01
261.24 3.98
262.56 0.04
264.28 3.91
266.83 4.75
268.17 0.11
269.25 7.22
273.56 1.45
276.43 1.67
277.82 0.05
279.21 7.03
281.18 2.26
284.07 8.08
297.33 0.02
300.18 7.3
300.71 7.3
301.67 7.3
302.55 10.64
303.54 3.86
304.12 9.92
304.78 9.79
305.59 7.13
306.35 5.8
307.53 2.45
309.38 6.63
311.59 10.71
313.39 0.41
315.38 9.05
317.38 11.73
319.5 10.95
321.48 0.1
323.63 6.12
325.38 11.93
327.48 0.06
329.37 6.0
331.41 10.1
333.38 4.26
335.37 0.3
337.37 3.93
339.49 5.01
341.39 7.2
344.24 5.04
345.79 4.93
347.37 2.72
349.45 2.2
351.63 7.53
353.68 4.17
355.97 2.61
358.1 5.86
361.38 0.14
362.71 4.78
363.88 4.38
365.64 2.97
367.52 6.89
369.63 6.09
371.65 5.99
373.7 5.85
375.63 8.15
377.63 9.08
379.62 10.13
381.64 10.39
383.92 5.4
385.75 0.57
387.63 5.12
389.67 10.51
391.7 7.45
393.64 7.07
395.64 15.55
397.62 8.85
399.96 2.24
402.72 2.04
403.63 7.0
405.64 12.65
408.1 0.05
409.86 3.46
411.64 6.56
413.63 2.45
415.52 4.62
417.62 7.71
419.64 7.14
421.64 3.39
423.84 11.3
425.63 8.06
427.63 7.57
430.3 3.0
431.62 0.27
433.62 7.03
436.01 6.03
437.66 8.98
439.55 4.29
441.62 4.61
443.63 5.3
445.68 8.9
447.65 11.13
449.65 7.87
451.63 4.02
453.73 3.23
455.65 1.65
457.62 6.41
459.64 3.74
461.62 5.4
463.55 5.2
465.63 2.86
467.86 2.16
470.05 0.04
475.03 3.67
479.75 3.46
482.18 3.89
483.23 7.32
483.89 5.87
484.79 7.77
485.88 5.36
486.69 2.77
487.63 8.92
489.65 3.24
491.83 8.03
493.65 6.16
495.64 8.48
497.63 6.85
499.62 5.55
501.65 6.25
503.65 9.46
505.62 8.06
