0.0 0.09
2.65 0.77
3.35 0.08
4.71 0.91
5.71 0.79
6.64 0.18
7.2 1.08
9.91 0.35
13.24 0.74
15.85 0.16
17.54 0.88
18.89 1.15
21.65 0.6
23.69 0.79
25.83 0.84
27.41 0.7
29.04 0.88
30.5 0.45
32.95 0.95
35.87 0.09
38.92 1.09
40.2 0.41
41.75 0.53
43.72 0.79
45.14 0.26
46.87 1.19
48.7 0.63
50.98 0.88
53.42 1.14
56.41 1.19
58.05 1.1
59.95 0.54
62.41 0.95
66.43 0.42
68.16 0.54
69.7 0.87
71.28 0.92
72.49 0.86
74.27 0.18
76.93 0.68
79.71 0.72
82.37 0.02
83.83 0.89
85.26 0.45
86.88 0.79
88.42 0.87
89.82 0.18
91.13 1.1
92.71 0.46
94.27 1.42
95.78 0.37
97.63 0.79
99.4 0.82
103.83 0.27
107.51 0.61
109.6 0.81
111.56 0.98
113.3 0.97
115.31 0.58
117.11 1.11
118.35 0.36
120.38 0.61
122.15 1.17
124.24 0.61
127.2 0.58
129.86 0.77
132.21 0.73
134.25 0.18
136.0 0.94
137.25 0.55
138.53 0.52
140.11 1.0
141.54 0.35
143.08 1.14
144.94 0.87
147.54 0.74
150.29 0.81
153.26 0.96
154.79 1.09
157.0 0.64
158.74 1.06
160.55 0.97
162.26 0.88
164.01 0.76
165.82 1.09
167.05 0.72
169.18 0.02
170.8 0.98
173.64 0.75
176.24 0.92
178.31 0.84
181.34 0.44
183.1 1.28
183.97 1.15
185.14 0.09
186.77 0.71
189.54 0.98
191.68 1.17
192.62 0.18
197.09 0.07
199.1 0.96
200.0 0.18
201.54 0.89
203.2 0.45
205.17 1.37
206.8 0.89
209.05 0.73
209.78 0.9
212.09 0.52
215.46 0.99
219.31 0.97
221.42 0.6
223.14 1.04
225.46 1.01
227.96 0.78
229.21 1.05
230.89 0.98
232.98 0.68
234.42 0.85
236.44 0.61
237.34 1.03
240.2 0.86
242.56 0.64
244.67 0.64
245.84 0.46
251.33 1.16
252.64 0.8
254.8 1.16
256.37 0.46
257.27 0.96
258.53 0.92
261.23 0.28
262.75 0.83
265.33 0.08
268.3 0.48
272.28 0.95
274.82 0.08
