0.0 1.07
0.6 0.99
1.12 0.97
2.16 0.27
3.1 1.12
4.5 1.02
7.51 1.04
9.45 1.03
10.71 0.65
11.66 1.09
12.48 1.12
13.55 0.89
14.9 0.96
17.44 1.07
19.16 1.06
21.8 1.09
23.93 0.36
25.4 1.05
27.33 1.03
29.81 1.07
32.46 0.11
34.34 1.12
36.76 0.99
40.88 0.66
44.48 1.03
47.12 1.1
50.45 1.01
51.6 1.02
52.89 0.68
54.43 0.98
58.17 1.09
59.14 1.03
61.11 0.22
64.02 1.01
66.8 0.78
67.54 1.12
69.35 0.74
70.96 1.14
72.74 1.08
76.02 0.99
77.13 1.02
78.53 1.11
80.16 1.07
81.89 0.99
85.26 1.06
88.49 1.06
91.33 1.07
92.34 1.1
93.1 1.12
95.28 1.09
97.31 0.97
98.61 0.46
100.47 0.05
102.2 1.01
104.06 1.06
105.73 1.04
107.49 0.6
108.53 1.0
110.0 1.06
113.67 1.08
116.05 1.07
118.16 1.0
120.05 1.03
122.01 1.04
124.63 1.13
128.28 1.0
130.09 1.06
132.64 0.85
133.95 1.04
136.18 0.32
138.5 1.07
140.02 1.06
142.34 0.57
145.02 0.05
147.68 0.95
148.41 1.09
149.73 1.01
151.34 0.96
152.31 1.03
154.46 1.02
156.35 1.15
159.56 0.15
161.15 0.95
162.21 0.83
164.2 0.97
166.13 1.09
168.13 1.0
169.32 1.08
170.83 0.33
173.3 0.99
175.35 0.28
178.2 0.96
181.06 1.07
182.62 0.54
183.84 1.01
185.17 0.22
186.4 1.06
187.73 0.42
188.78 1.05
189.96 1.03
190.92 0.38
193.46 1.01
196.83 1.08
199.29 0.93
201.64 1.09
204.71 0.17
207.22 0.99
208.94 0.9
212.29 1.08
215.09 0.02
216.82 1.04
218.46 0.65
220.34 0.05
222.24 0.27
223.71 0.7
224.97 1.04
226.29 1.09
227.84 0.81
230.52 1.08
234.07 0.22
237.54 1.07
241.27 1.04
242.82 0.45
244.26 0.28
245.49 1.0
246.76 1.08
247.83 0.45
250.76 1.06
253.91 0.11
255.98 0.18
257.77 1.07
259.51 1.08
260.45 1.02
261.74 1.08
263.37 1.04
265.31 1.03
267.12 1.0
269.47 1.09
272.36 1.07
274.8 1.04
277.0 1.06
279.09 1.02
281.08 1.07
282.76 0.6
284.61 1.06
286.04 0.79
287.3 0.99
289.28 0.97
291.53 1.03
292.68 1.02
294.97 1.0
296.99 1.0
299.14 1.08
301.18 1.06
302.59 0.77
305.61 1.04
308.35 1.03
309.96 0.05
312.01 1.09
314.71 1.08
318.33 0.11
320.91 0.63
323.26 0.18
324.9 1.05
326.93 1.12
328.66 1.03
329.25 1.1
331.4 1.03
333.07 0.49
334.16 1.02
335.57 0.4
336.53 1.02
339.05 1.11
341.7 1.07
344.36 1.03
346.22 1.08
347.39 1.08
349.76 1.12
352.54 1.04
355.05 0.56
358.16 1.06
359.95 1.01
362.19 1.02
363.79 0.44
365.53 1.08
367.52 1.08
369.27 1.05
371.16 1.09
373.0 1.02
374.71 1.06
376.42 1.07
377.67 1.02
379.28 1.11
382.11 1.04
385.16 1.08
387.33 0.11
389.12 1.07
391.12 1.06
392.83 1.0
395.39 0.05
399.26 0.99
401.51 0.83
403.63 1.06
406.04 0.97
408.12 0.71
410.44 1.05
411.09 1.04
412.29 1.07
413.79 0.16
416.89 1.02
418.89 0.39
420.85 1.04
422.74 1.04
426.46 0.22
428.19 1.03
429.27 1.12
430.18 1.06
431.84 0.23
432.95 0.99
434.87 0.93
436.34 1.07
437.93 0.9
439.46 0.43
441.06 0.97
443.74 1.0
446.26 0.05
447.63 1.02
449.28 0.51
451.04 1.02
454.88 1.04
458.21 0.99
462.13 1.08
464.14 1.13
465.32 1.03
467.62 1.01
469.64 1.02
471.81 1.03
474.12 0.28
476.18 1.01
477.41 1.12
478.42 1.07
479.84 0.08
480.81 1.03
482.07 1.12
484.06 0.11
486.79 1.1
489.16 0.99
492.6 0.53
495.38 0.02
496.54 1.04
498.39 1.07
501.34 1.11
503.07 1.0
504.67 0.79
505.58 1.1
507.08 1.14
509.07 1.07
511.95 1.01
514.88 0.78
518.27 0.91
520.56 1.05
523.23 1.07
526.17 1.06
526.84 1.07
527.49 1.0
528.44 0.72
529.0 1.02
530.22 1.0
531.95 0.44
534.14 1.05
538.4 1.04
540.32 1.04
541.59 0.8
543.37 0.22
545.42 1.0
550.23 0.98
554.12 1.09
555.42 1.05
557.34 1.15
558.48 1.01
559.86 0.17
561.88 1.0
563.85 1.09
566.6 1.04
567.72 1.04
568.51 1.07
569.3 1.0
570.29 0.8
571.53 1.06
572.99 0.82
574.92 0.6
576.9 0.96
578.37 1.06
580.4 1.04
582.11 0.58
582.75 1.06
586.1 1.08
589.72 1.04
593.15 1.05
598.73 1.11
603.22 0.93
605.01 0.12
606.46 0.05
608.09 1.02
609.82 0.11
611.59 1.09
612.31 1.02
613.46 0.97
614.87 0.16
616.29 0.34
619.56 1.12
622.75 1.09
623.65 1.04
625.02 0.56
626.96 0.17
630.82 1.01
632.6 1.02
634.42 0.98
636.36 1.02
638.61 1.13
641.67 0.5
644.49 0.3
647.31 1.05
649.24 1.06
650.75 0.72
651.59 1.11
653.76 0.59
655.49 1.1
657.84 1.07
659.35 0.7
661.28 1.02
663.4 1.11
665.37 1.04
667.55 0.22
669.8 1.03
671.83 0.38
673.85 0.99
675.9 1.03
677.55 0.56
678.75 1.03
680.06 1.08
682.38 1.05
684.26 1.05
686.32 1.08
688.18 1.03
689.76 0.22
691.64 1.0
695.49 1.05
697.09 1.08
698.53 1.09
700.01 1.07
702.27 1.07
704.73 0.88
706.99 1.05
709.24 0.92
711.23 1.0
713.08 0.94
714.64 1.05
716.8 1.04
718.43 1.08
720.11 1.03
722.55 0.17
726.65 1.02
729.86 1.08
731.43 0.66
733.37 1.1
735.25 1.05
736.49 0.96
738.04 0.23
739.57 1.13
741.22 0.98
743.28 0.01
745.28 1.07
747.55 0.98
749.75 0.99
752.16 1.06
753.84 0.22
756.12 0.62
758.02 1.06
759.71 1.02
761.04 0.44
762.49 1.07
764.15 1.07
766.73 0.32
769.27 0.96
772.21 1.04
775.22 1.06
776.54 0.39
777.42 1.04
779.5 1.08
781.39 1.05
784.05 0.97
786.36 1.03
788.76 0.52
790.84 1.03
792.47 1.01
794.37 0.91
795.57 1.08
797.24 1.02
799.96 1.09
802.14 0.11
804.63 1.06
807.43 1.05
808.28 1.02
810.11 1.02
812.03 0.96
813.82 0.71
815.86 0.05
817.62 1.02
819.26 0.95
821.32 0.94
823.73 0.28
825.72 0.49
827.47 0.97
829.94 0.11
832.14 0.83
834.1 1.06
836.09 0.45
838.12 1.08
840.59 1.01
842.46 1.05
844.39 1.13
846.22 1.03
847.99 0.62
849.95 0.16
851.95 1.05
854.95 0.43
856.78 1.13
858.6 1.07
860.53 1.04
862.13 0.75
864.15 1.06
866.08 1.03
867.99 0.22
870.2 1.07
871.79 0.42
874.63 1.06
876.51 1.09
878.3 0.27
880.23 1.04
881.82 0.89
883.94 1.1
886.58 0.93
888.45 0.8
890.49 1.05
892.85 1.03
894.45 1.03
894.99 1.14
898.73 1.07
901.56 1.02
903.25 0.75
905.15 1.02
906.81 0.07
907.63 1.07
908.91 0.79
910.93 0.27
912.68 1.04
914.67 0.99
916.68 1.03
919.16 0.4
920.7 1.09
922.82 0.88
924.64 0.22
926.24 1.01
929.01 0.29
931.87 0.17
934.42 1.04
936.71 0.4
938.92 1.04
940.47 0.57
942.4 1.03
944.84 1.08
946.67 0.17
948.68 0.97
951.01 0.22
952.71 0.93
955.82 0.22
957.96 0.4
958.89 1.05
960.29 1.03
961.63 0.98
963.74 1.04
965.81 1.01
967.48 1.12
969.48 0.22
972.02 0.91
973.95 1.01
975.88 0.96
977.54 0.21
979.07 1.09
980.58 0.87
984.38 0.27
985.52 0.98
986.78 1.03
987.97 1.06
989.07 0.29
992.3 0.32
995.32 1.08
998.34 0.34
1002.65 1.08
1003.7 1.13
1006.44 0.02
1007.11 1.04
1009.42 1.08
1010.42 0.06
1011.19 1.0
1012.94 0.6
1014.85 1.06
1016.66 1.12
1020.62 1.18
1022.62 0.11
1023.93 0.33
1026.16 1.07
1029.36 1.1
1032.02 0.97
1034.79 1.06
1036.14 1.07
1038.61 0.22
1041.66 0.02
1042.95 1.04
1043.69 1.09
1044.27 1.06
1045.83 0.17
1046.6 1.01
1047.47 1.04
1048.71 1.1
1050.16 1.13
1052.01 1.07
1055.51 1.02
1061.52 0.41
1062.73 1.03
1065.21 1.04
1067.45 1.1
1069.38 1.04
1072.03 0.16
1073.69 1.09
1075.56 1.05
1077.66 1.07
1081.36 1.12
1083.65 0.02
1084.34 1.06
1085.57 0.51
1087.32 1.09
1089.86 0.85
1092.14 1.07
1096.96 1.07
1098.86 1.02
1101.54 1.04
1103.11 1.07
1104.11 0.97
1104.73 1.05
1105.24 1.02
1106.95 1.09
1109.8 0.21
1113.0 1.06
1115.17 1.07
1117.98 0.99
1119.36 1.05
1121.24 1.11
1122.61 1.08
1123.77 0.22
1125.21 1.06
1126.96 0.28
1129.06 0.91
1131.84 1.03
1134.38 0.16
1138.49 1.14
1141.56 1.08
1143.66 0.9
1145.15 0.79
1146.11 1.01
1148.84 0.86
1151.05 1.04
1152.05 1.02
1152.86 0.85
1153.86 1.01
1155.54 1.03
1156.79 1.06
1160.46 1.12
1170.01 1.02
1170.61 1.03
1171.15 1.07
1172.18 0.21
1174.28 0.83
1175.38 1.0
1177.01 0.17
1178.2 1.08
1178.9 0.34
1179.96 1.06
1181.28 1.02
1183.04 0.05
1185.87 1.07
1186.83 1.08
1189.53 1.06
1191.38 1.12
1193.82 0.27
1197.68 1.0
1203.86 1.04
1204.54 1.05
1205.42 0.53
1206.07 1.07
1206.84 1.05
1210.38 1.06
1213.93 1.0
1216.04 1.08
1218.0 0.41
1221.19 1.06
1224.64 1.08
1227.93 1.06
1231.59 0.96
1232.66 0.98
1234.29 0.93
1235.45 1.02
1237.65 1.02
1239.92 0.28
1241.56 1.13
1243.41 0.54
1245.19 1.13
1246.97 0.95
1248.56 0.11
1250.42 0.95
1252.5 1.11
1254.67 1.09
1256.55 1.07
1259.41 0.38
1262.51 1.06
1264.61 1.05
1266.18 1.09
1267.81 0.62
1269.95 1.01
1272.54 1.01
1274.8 1.12
1277.24 0.94
1279.13 1.07
1280.52 0.4
1281.35 1.06
1282.59 0.46
1284.62 1.07
1287.37 1.08
1290.35 1.08
1292.9 1.07
1294.73 0.99
1296.2 1.11
1298.04 1.09
1300.65 1.04
1302.03 1.03
1302.79 1.03
1303.77 1.01
1304.94 1.09
1305.79 0.97
1307.59 0.5
1309.0 1.02
1312.3 0.16
1314.65 1.06
1317.42 1.13
1320.03 0.64
1322.68 1.02
1326.96 0.39
1329.92 0.27
1331.06 1.04
1332.8 0.57
1334.56 0.39
1336.36 1.07
1338.82 0.98
1340.45 1.03
1341.84 1.07
1343.7 1.03
1346.06 1.11
1348.56 1.05
1350.97 0.05
1353.28 0.29
1355.5 1.09
1357.8 1.02
1358.57 1.03
1359.81 0.5
1361.88 1.08
1363.68 1.09
1365.34 0.77
1367.32 0.96
1369.68 1.0
1373.7 1.01
1374.29 1.11
1375.38 0.28
1376.21 1.0
1377.33 1.09
1380.49 1.06
1383.08 1.08
1384.21 1.06
1385.26 1.03
1386.3 0.2
1388.01 1.06
1389.65 0.4
1394.46 1.01
1397.22 1.05
1398.33 0.54
1401.3 0.74
1402.8 0.77
1405.45 0.96
1408.18 0.91
1409.77 0.97
1411.6 0.22
1412.78 0.99
1414.61 1.02
1415.96 1.01
1417.63 1.03
1420.33 0.92
1422.71 1.0
1424.89 0.99
1427.02 1.03
1429.35 1.01
1432.31 1.05
1433.38 1.06
1434.97 0.51
1436.68 0.52
1438.81 1.08
1440.56 1.12
1441.78 0.99
1443.08 1.05
1444.03 0.06
1445.71 0.84
1448.02 1.08
1451.28 0.99
1453.18 0.57
1455.22 1.03
1457.61 1.1
1459.38 0.65
1461.37 0.99
1463.23 1.05
1465.14 0.95
1467.03 1.12
1468.99 1.13
1470.41 1.01
1472.47 0.86
1474.65 1.02
1476.91 0.51
1479.54 1.03
1480.89 1.04
1482.78 0.22
1483.97 1.0
1485.51 1.0
1487.51 1.0
1490.29 1.07
1491.86 1.04
1493.6 0.23
1496.63 1.07
1500.48 1.13
1505.54 1.09
1508.43 1.01
1508.99 1.06
1509.71 1.01
1511.17 0.86
1513.08 0.88
1514.44 1.01
1516.44 1.05
1518.1 1.08
1523.69 1.03
1527.16 0.51
1528.68 1.03
1530.12 1.06
1532.02 1.02
1533.7 0.93
1535.6 1.06
1537.41 0.95
1539.43 1.07
1542.12 1.02
1543.65 0.4
1544.67 1.05
1545.7 1.02
1547.81 1.12
1548.61 0.97
1550.29 0.41
1554.04 0.46
1558.5 1.1
1561.85 1.01
1564.45 0.81
1567.03 0.05
1569.41 0.81
1571.36 1.02
1573.47 1.09
1574.18 1.01
1574.88 1.04
1576.19 1.05
1577.62 0.27
1580.94 0.94
1583.83 0.6
1586.23 0.6
1587.43 0.97
1588.68 0.43
1592.26 1.02
1594.43 1.07
1595.18 0.6
1596.43 1.02
1598.92 1.01
1601.24 1.02
1604.29 0.22
1605.96 1.07
1607.78 1.01
1610.48 1.02
1612.04 1.03
1613.62 1.05
1615.47 1.06
1617.33 1.09
1618.91 0.99
1621.28 1.03
1624.15 0.27
1626.76 1.02
1627.32 1.06
1628.01 1.05
1629.12 1.06
1631.72 0.9
1633.73 1.0
1635.93 1.12
1637.93 1.09
1640.5 0.02
1642.3 1.0
1645.1 1.04
1647.85 1.09
1648.95 1.02
1652.22 0.44
1654.19 0.23
1656.14 0.91
1658.89 1.08
1661.46 1.0
1662.73 1.13
1664.08 1.03
1665.67 1.04
1667.34 0.43
1669.23 0.7
1671.86 0.54
1673.04 0.97
1674.51 1.12
1675.92 0.32
1677.94 1.04
1679.75 1.02
1682.26 1.07
1684.74 1.12
1686.65 1.03
1688.66 1.09
1690.93 1.03
1692.87 1.12
1694.93 0.31
1696.61 1.04
1699.59 0.17
1701.88 0.98
1703.45 1.07
1705.27 1.09
1707.55 1.06
1710.09 0.6
1712.6 1.09
1714.74 1.06
1716.3 0.61
1717.95 1.08
1719.56 1.05
1721.76 1.05
1724.12 1.0
1728.12 0.26
1729.72 0.96
1730.27 1.06
1731.31 0.99
1732.16 0.94
1735.07 1.09
1737.61 1.0
1739.23 1.05
1740.12 1.06
1741.2 1.03
1742.18 1.07
1743.6 0.21
1745.75 0.11
1750.25 1.04
1753.61 1.02
1755.41 1.04
1756.77 0.33
1758.17 1.07
1759.67 0.68
1761.67 0.76
1764.66 1.0
1766.77 1.1
1768.45 1.14
1770.41 1.12
1771.41 1.07
1773.15 1.02
1775.53 0.62
1777.64 0.91
1780.19 0.1
1782.76 1.06
1784.75 0.71
1785.34 1.01
1785.95 1.07
1787.21 1.02
1789.33 1.06
1795.46 1.04
1797.55 0.42
1799.96 0.97
1803.08 1.01
1804.16 1.08
1805.3 0.27
1806.27 1.0
1808.88 1.04
1810.97 1.11
1812.14 0.99
1813.65 1.02
1815.68 1.09
1817.39 1.08
1820.12 1.08
1822.21 1.04
1823.8 1.07
1825.58 1.0
1830.52 1.03
1832.02 1.06
1832.81 1.06
1833.79 1.11
1836.19 1.05
1838.61 1.08
1841.19 1.03
1842.56 1.1
1844.16 0.48
1845.04 1.02
1845.59 1.11
1848.21 1.05
1850.96 1.09
1853.46 0.97
1855.54 1.0
1857.35 0.89
1858.8 1.02
1861.12 0.22
1863.09 1.0
1865.0 1.08
1867.26 1.02
1869.29 1.06
1871.05 1.06
1872.82 0.99
1874.5 1.06
1875.74 1.09
1877.29 0.39
1879.22 0.74
1881.55 0.99
1883.36 1.07
1885.19 1.13
1887.37 1.09
1889.29 1.07
1890.92 0.97
1894.22 1.05
1897.82 1.03
1900.68 0.97
1903.78 1.11
1906.24 1.01
1908.78 1.09
1909.57 1.06
1910.72 0.21
1914.16 1.0
1918.14 0.46
1920.34 1.04
1921.62 1.05
1922.13 1.04
1923.63 0.89
1925.26 0.62
1926.8 1.02
1928.04 0.28
1929.04 1.05
1930.01 1.06
1931.86 0.02
1932.64 1.05
1933.23 1.14
1934.24 1.0
1937.42 0.21
1944.38 0.97
1945.5 1.05
1949.02 1.02
1950.21 1.04
1950.87 0.11
1953.03 1.1
1954.97 1.07
1956.88 1.13
1958.66 1.06
1961.33 1.09
1963.6 1.01
1966.35 0.16
1969.38 1.06
1972.8 1.06
1975.1 0.1
1977.05 1.04
1978.96 1.07
1980.45 0.17
1982.45 0.84
1984.61 1.07
1985.77 1.09
1987.13 0.21
1988.05 1.07
1990.11 1.01
1992.14 1.09
1994.78 1.01
1996.59 0.38
1998.76 1.03
2000.67 1.11
2002.3 0.22
2003.8 1.05
2006.23 1.07
2008.11 1.01
2009.63 0.11
2011.98 1.07
2014.92 0.05
2017.38 0.61
2020.35 1.01
2022.18 1.12
2024.24 1.06
2025.85 0.09
2027.38 0.11
2028.52 1.06
2029.28 0.65
2029.83 1.15
2031.03 0.8
2032.37 1.05
2033.29 1.1
2034.22 1.01
2036.79 0.98
2039.68 0.69
2042.29 1.0
2044.85 0.32
2047.39 0.22
2050.19 1.02
2052.08 1.06
2055.07 1.07
2057.31 0.05
2060.18 1.04
2061.42 1.04
2062.89 0.28
2064.04 1.06
2064.82 1.13
2065.58 1.09
2067.39 0.38
2071.15 0.11
2076.76 0.94
2079.46 0.97
2081.45 1.04
2084.81 1.05
2085.43 1.0
2086.27 0.05
2088.8 0.9
2090.68 0.59
2092.6 0.98
2095.46 1.08
2097.72 0.1
2098.4 1.11
2100.47 0.17
2105.03 0.99
2107.46 1.04
2109.03 1.1
2110.17 1.02
2111.64 0.62
2113.69 0.99
2115.54 0.49
2118.12 1.04
2121.96 0.98
2124.42 0.17
2126.9 1.01
2130.76 1.08
2133.09 1.12
2136.03 0.96
2138.74 0.43
2141.63 1.09
2143.85 1.11
2144.61 1.04
2145.48 0.69
2146.65 1.02
2147.56 1.06
2150.73 1.06
2153.0 1.02
2155.62 0.05
2157.37 1.02
2159.23 0.28
2160.52 0.33
2161.45 1.14
2162.37 1.04
2164.72 0.82
2167.06 1.05
2167.91 1.08
2168.95 0.28
2169.83 1.03
2172.37 1.01
2174.43 1.08
2175.71 0.17
2178.24 0.99
2180.31 1.11
2183.44 1.01
2185.52 1.02
2188.08 0.72
2189.94 1.01
2192.06 1.05
2194.65 1.0
2196.44 1.04
2199.77 0.06
2202.69 1.02
2205.17 0.81
2205.99 1.04
2207.07 1.07
2210.27 0.94
2212.67 1.06
2216.12 1.03
2216.64 1.11
2218.66 0.78
2220.65 1.1
2224.13 0.97
2226.87 1.0
2227.99 1.08
2228.84 0.98
2230.22 1.02
2231.98 1.08
2234.59 1.0
2238.25 1.05
2239.76 0.18
2241.13 1.07
2242.27 0.27
2243.66 1.01
2245.16 0.63
2247.25 1.0
2251.05 1.1
2253.64 0.11
2257.32 1.0
2260.03 0.32
2262.53 1.02
2264.31 0.38
2264.83 0.96
2265.34 1.02
2267.15 1.04
2270.54 0.99
2273.57 1.1
2275.82 1.02
2277.26 0.36
2279.0 1.05
2281.63 0.95
2284.01 1.03
2285.68 1.09
2286.84 0.34
2288.11 1.05
2288.85 1.09
2290.2 1.07
2291.7 1.08
2292.65 1.08
2294.1 1.02
2296.11 0.35
2299.57 1.05
2303.04 0.96
2305.71 0.05
2309.79 1.07
2312.56 1.1
2314.3 1.01
2315.93 0.39
2316.52 1.01
2317.12 1.02
2318.97 0.89
2321.0 1.02
2323.07 1.09
2324.92 0.45
2327.21 1.04
2328.52 1.07
2331.55 1.07
2334.72 1.11
2336.32 1.05
2338.02 0.4
2341.01 0.62
2343.05 1.08
2345.24 0.15
2347.73 1.03
2349.03 1.0
2350.13 1.06
2351.93 1.01
2354.04 1.09
2357.27 0.95
2360.2 1.07
2361.57 1.06
2363.37 0.23
2364.79 1.07
2366.07 1.02
2368.42 1.06
2370.6 1.06
2373.09 1.08
2374.94 0.17
2377.63 1.02
2379.16 0.96
2381.15 0.96
2383.66 0.12
2386.3 1.01
2388.38 1.08
2390.0 0.73
2390.59 1.03
2392.38 1.03
2395.11 0.93
2398.45 1.06
2401.89 1.05
2404.11 1.12
2406.06 0.62
2408.13 1.06
2409.54 1.03
2411.01 1.1
2413.75 1.07
2416.17 1.07
2418.59 1.08
2420.46 0.99
2421.96 0.05
2422.63 1.13
2424.63 1.06
2425.9 0.04
2426.78 1.0
2429.92 0.11
2432.03 0.99
2433.79 1.02
2435.38 1.0
2436.72 1.05
2439.23 0.21
2440.87 1.04
2442.76 0.22
2446.01 0.14
2448.74 1.06
2450.72 0.7
2452.34 1.04
2454.53 1.02
2457.27 1.0
2459.99 1.09
2460.97 1.11
2462.73 0.97
2464.48 0.51
2466.06 1.04
2468.04 0.23
2470.04 1.06
2473.14 1.02
2475.97 1.03
2476.93 1.03
2478.3 1.08
2479.86 1.01
2482.13 1.11
2485.18 0.51
2486.91 1.02
2489.11 1.09
2491.47 1.03
2493.01 0.52
2494.18 0.51
2495.74 1.04
2497.7 1.07
2500.95 0.99
2502.25 1.07
2503.36 1.06
2505.92 1.06
2508.68 1.07
2510.71 1.02
2512.74 1.08
2513.45 1.07
2514.72 0.42
2516.67 0.45
2519.15 1.01
2521.02 1.06
2523.27 1.0
2525.7 1.0
2528.56 0.96
2530.65 1.11
2532.45 1.03
2534.25 1.04
2535.93 0.16
2537.88 0.92
2539.62 0.1
2541.61 1.06
2543.47 0.71
2545.69 1.07
2547.29 1.11
2549.36 1.04
2551.38 1.0
2553.23 1.12
2555.07 1.03
2556.66 1.06
2559.06 1.03
2561.1 1.04
2564.14 1.09
2565.6 0.12
2566.72 1.05
2568.16 1.07
2569.64 1.02
2571.13 1.12
2573.89 0.99
2577.42 0.36
2578.87 0.79
2580.03 1.07
2582.72 0.17
2585.67 1.0
2588.78 1.05
2591.72 1.03
2592.87 1.04
2594.39 0.14
2595.34 1.14
2597.18 0.54
2598.7 1.08
2601.49 0.05
2606.4 0.37
2608.36 1.07
2610.09 1.07
2611.6 1.04
2612.26 1.07
2613.41 0.45
2615.75 1.01
2617.51 0.28
2620.42 0.57
2622.72 0.56
2624.21 1.09
2627.1 1.0
2627.9 1.06
2630.06 1.02
2631.13 0.95
2633.05 0.12
2634.85 0.44
2637.06 1.07
2639.56 1.02
2642.26 0.98
2645.3 1.12
2648.74 0.94
2651.02 1.11
2652.94 1.04
2655.17 1.07
2656.62 0.23
2658.48 1.02
2660.89 0.99
2662.21 1.07
2664.56 1.03
2666.32 1.05
2669.32 1.07
2671.28 1.07
2672.48 0.95
2673.26 1.06
2674.45 1.08
2676.19 1.07
2680.49 0.17
2685.19 0.99
2689.25 1.04
2690.07 1.0
2691.1 0.98
2693.23 0.05
2694.26 1.01
2696.77 0.17
2704.33 1.04
2705.35 1.03
2706.41 0.21
2707.18 1.05
2708.42 0.11
2708.99 1.06
2710.66 1.13
2713.11 0.27
2715.17 1.0
2716.45 1.12
2717.16 1.01
2718.61 0.28
2720.02 0.27
2721.55 1.0
2724.24 1.07
2728.1 1.05
2729.44 0.28
2730.79 1.02
2733.61 0.39
2735.06 1.07
2736.59 0.99
2738.55 0.26
2739.72 0.99
2742.17 0.05
2744.0 1.03
2749.68 0.99
2751.04 1.11
2752.48 1.07
2754.69 1.08
2758.34 1.05
2762.78 1.02
2764.95 1.07
2766.06 1.05
2767.36 0.46
2768.41 1.06
2769.62 1.1
2770.58 0.97
2772.35 1.07
2774.68 0.32
2776.84 1.04
2778.94 1.09
2781.12 1.1
2783.27 1.0
2785.25 1.03
2787.24 1.03
2789.49 1.07
2791.17 1.02
2792.93 1.01
2793.88 1.02
2795.42 0.92
2798.85 1.04
2800.45 0.98
2801.87 1.04
2804.47 1.02
2807.02 0.55
2809.44 1.03
2811.22 1.0
2814.58 1.11
2816.36 1.08
2817.98 1.0
2819.38 1.11
2820.6 1.07
2821.7 0.62
2823.67 0.99
2826.57 1.03
2829.39 1.1
2834.14 0.02
2835.65 0.17
2837.27 1.07
2838.33 1.03
2839.93 1.03
2841.86 0.39
2844.04 1.03
2846.43 1.1
2847.89 1.06
2849.64 0.05
2851.39 0.98
2853.29 1.11
2854.73 1.12
2856.83 1.01
2858.49 1.12
2860.9 1.12
2863.04 1.08
2865.67 0.89
2868.27 1.04
2871.18 0.5
2871.68 1.09
2872.74 1.07
2873.28 1.01
2874.76 0.37
2875.4 0.96
2877.14 1.07
2881.36 0.55
2883.13 1.05
2885.92 1.12
2888.11 1.06
2890.4 1.02
2892.35 0.87
2894.77 1.08
2897.0 0.45
2898.67 1.09
2902.05 1.08
2903.7 0.05
2906.31 1.07
2907.85 0.05
2908.5 1.04
2909.86 1.02
2911.78 1.02
2915.98 0.34
2918.88 0.99
2920.83 1.09
2922.61 0.99
2924.35 1.01
2926.01 1.13
2928.36 0.99
2931.55 1.09
2933.6 1.04
2935.64 0.17
2937.05 1.11
2938.59 1.02
2940.4 0.9
2943.48 1.08
2945.18 0.82
2946.73 1.06
2948.57 1.04
2950.67 1.11
2953.07 1.07
2955.74 1.12
2957.32 1.04
2958.94 0.33
2960.61 1.02
2963.05 0.55
2965.09 1.13
2966.59 0.99
2969.38 0.22
2971.7 1.03
2973.57 1.06
2975.48 0.98
2977.46 0.97
2979.46 1.09
2982.12 1.05
2985.29 1.07
2987.55 0.84
2988.48 0.95
2989.19 1.06
2990.27 1.07
2992.15 1.08
2993.86 1.03
2995.72 0.46
2997.2 1.12
2998.9 1.07
3001.98 1.0
3004.74 1.01
3007.32 1.04
3009.2 1.07
3011.34 1.06
3013.89 0.32
3016.45 0.61
3018.65 0.86
3020.85 0.82
3023.45 0.79
3025.17 0.71
3026.79 1.07
3029.08 1.07
3030.33 1.06
3031.78 1.0
3034.95 1.07
3036.71 1.04
3038.96 1.06
3041.47 1.07
3043.68 1.06
3046.48 1.04
3048.03 1.01
3050.07 1.1
3052.59 1.03
3053.9 1.02
3056.18 1.05
3057.37 1.07
3059.49 1.09
3061.92 1.04
3064.07 0.4
3066.73 1.13
3068.6 0.48
3070.32 1.02
3072.18 1.08
3073.96 0.31
3075.85 1.06
3078.26 1.01
3080.44 1.08
3082.65 0.16
3084.13 1.08
3086.33 0.77
3087.17 1.08
3089.42 1.09
3090.9 1.03
3092.69 1.02
3094.59 1.06
3096.3 0.04
3097.93 0.99
3099.98 1.04
3101.64 1.03
3103.23 0.39
3105.54 1.13
3107.69 1.0
3110.02 1.01
3112.23 1.0
3114.46 1.04
3116.2 1.02
3118.22 1.05
3120.75 0.49
3122.27 1.07
3124.25 0.17
3126.03 1.1
3127.89 0.33
3129.52 1.0
3131.61 1.09
3133.46 1.05
3135.82 1.03
3137.55 1.13
3139.4 1.07
3141.41 1.11
3142.53 1.07
3144.52 0.46
3146.65 1.07
3148.68 0.98
3150.97 1.03
3152.69 0.97
3154.36 0.27
3155.92 1.04
3157.6 1.02
3158.93 1.06
3160.11 1.05
3162.91 1.11
3166.61 1.07
3170.02 0.94
3171.3 1.04
3172.78 1.01
3173.95 1.06
3175.75 0.99
3178.37 0.27
3180.46 0.28
3182.39 0.99
3184.56 0.05
3186.13 1.01
3187.85 0.11
3189.46 1.08
3191.14 1.03
3192.5 0.63
3196.4 1.06
3200.9 0.36
3203.09 1.03
3205.7 0.11
3209.3 1.08
3210.77 1.06
3212.08 1.05
3214.59 0.99
3216.96 1.11
3218.79 1.08
3221.76 1.02
3223.66 1.0
3225.26 1.12
3227.23 1.05
3229.29 1.08
3231.52 0.99
3232.53 0.99
3234.26 0.98
3235.69 1.02
3236.38 1.07
3239.18 1.1
3242.69 1.0
3244.28 1.14
3245.6 1.05
3247.14 0.45
3249.94 0.33
3252.37 1.06
3254.75 1.04
3256.99 0.81
3257.96 1.04
3260.41 1.1
3263.67 0.27
3265.59 1.07
3266.9 1.11
3268.41 0.97
3270.1 1.07
3271.72 1.05
3274.46 0.22
3276.44 0.87
3278.08 1.0
3281.05 1.12
3283.36 1.01
3284.85 1.08
3286.5 1.08
3289.73 1.03
3296.23 1.05
3297.2 1.02
3297.95 0.96
3299.53 1.11
3300.88 0.47
3302.33 1.12
3304.15 1.03
3306.06 1.1
3308.22 1.04
3310.11 0.17
3312.29 1.02
3313.87 1.02
3315.71 0.11
3318.17 1.01
3320.71 1.04
3322.99 1.07
3325.2 0.48
3327.01 1.04
3328.4 1.03
3329.97 1.03
3330.89 1.05
3331.96 0.55
3333.09 0.99
3333.97 1.01
3336.11 1.04
3337.98 0.98
3339.12 1.04
3340.81 1.04
3343.27 0.17
3346.53 1.12
3349.86 0.95
3352.37 1.02
3354.91 0.99
3356.87 1.06
3358.26 1.06
3360.24 1.06
3362.11 1.09
3364.71 1.01
3367.39 0.87
3369.62 1.06
3372.2 1.01
3374.89 0.48
3377.56 0.97
3379.23 0.33
3381.83 1.0
3383.43 1.08
3384.92 0.43
3386.86 1.01
3388.23 1.04
3390.8 1.05
3392.58 1.06
3394.89 1.07
3396.98 0.66
3400.8 0.53
3402.27 0.78
3404.16 0.11
3406.75 1.08
3408.97 1.03
3410.6 0.68
3412.24 1.06
3413.66 1.1
3415.2 0.96
3416.89 0.16
3418.54 1.05
3420.35 1.09
3422.0 0.87
3423.51 1.06
3424.45 1.04
3428.32 1.12
3431.83 1.09
3436.34 1.06
3438.47 0.86
3439.36 1.03
3440.29 1.0
3441.87 0.11
3442.93 1.03
3445.25 1.07
3446.93 1.03
3449.17 1.06
3452.3 1.01
3454.65 0.82
3455.87 1.08
3456.89 1.04
3458.69 1.01
3460.29 0.54
3462.27 1.12
3463.51 1.07
3465.04 1.02
3467.27 0.05
3469.89 0.4
3471.96 0.98
3473.77 1.07
3475.14 1.08
3476.49 1.05
3478.14 1.04
3482.89 1.05
3485.77 1.09
3488.73 1.07
3489.76 0.4
3492.05 1.07
3494.68 0.96
3496.14 1.05
3497.47 1.09
3498.28 1.07
3499.28 1.01
3500.96 1.12
3501.92 1.06
3504.35 0.49
3507.48 1.11
3511.21 0.99
3514.13 0.45
3516.67 1.0
3518.36 0.11
3520.01 1.01
3522.01 0.94
3523.74 1.13
3525.57 0.95
3527.4 0.31
3528.58 0.94
3529.73 1.13
3532.2 0.65
3534.76 1.03
3538.12 1.03
3539.32 1.09
3540.86 1.06
3541.46 1.03
3542.36 1.07
3543.83 0.21
3545.73 1.04
3548.66 1.01
3550.71 1.01
3552.73 0.8
3553.99 0.32
3555.63 0.96
3557.4 0.52
3559.09 1.0
3561.22 0.96
3563.61 1.09
3566.17 1.07
3569.65 0.39
3571.09 1.07
3574.34 0.64
3577.12 1.0
3579.99 0.21
3582.01 1.02
3583.95 0.98
3585.29 1.12
3586.06 1.05
3589.85 1.08
3592.93 1.02
3594.43 1.07
3595.81 1.01
3596.78 1.02
3598.38 1.05
3600.29 1.05
3603.2 1.0
3606.16 0.18
3608.55 1.02
3610.49 1.09
3612.78 1.07
3613.82 0.68
3614.97 0.99
3617.83 0.96
3620.63 1.1
3622.45 1.13
3623.2 1.01
3623.76 1.02
3624.53 0.44
3626.37 1.12
3628.37 1.13
3630.37 0.99
3632.37 0.6
3635.7 1.04
3638.14 1.07
3641.62 0.99
3645.27 0.65
3647.69 0.46
3650.68 1.0
3653.35 1.0
3655.42 1.01
3657.29 1.12
3658.51 1.03
3659.69 1.03
3664.2 1.02
3669.87 1.1
3671.8 0.37
3674.44 1.02
3675.48 1.05
3676.09 1.07
3678.37 0.51
3680.95 1.03
3684.02 1.02
3684.99 1.08
3686.44 1.04
3689.07 1.06
3690.46 1.06
3695.06 0.33
3696.87 1.05
3698.95 0.9
3699.5 1.07
3700.09 1.05
3701.15 1.06
3705.61 1.09
3710.3 1.06
3711.03 1.04
3712.32 0.23
3713.89 0.96
3715.85 1.04
3718.13 1.05
3721.16 0.16
3723.37 1.04
3725.33 1.0
3727.41 1.12
3729.03 1.01
3731.02 1.02
3733.09 0.67
3734.87 1.04
3736.99 0.52
3738.28 1.06
3739.39 0.32
3740.3 1.03
3743.07 0.92
3745.63 0.3
3748.25 1.02
3750.32 1.09
3753.12 1.07
3755.03 1.06
3756.85 1.06
3758.74 1.07
3761.17 0.7
3763.52 1.06
3766.11 1.12
3768.29 1.06
3770.07 1.1
3771.04 1.09
3772.06 1.01
3773.4 0.43
3775.24 1.03
3777.37 1.03
3779.58 0.49
3783.38 1.07
3785.58 0.93
3786.79 1.08
3787.85 1.04
3788.96 1.06
3792.29 0.34
3795.33 1.07
3797.81 1.01
3798.38 0.98
3799.27 1.06
3801.62 0.93
3803.66 1.07
3806.24 1.04
3809.63 1.01
3810.82 1.06
3811.77 0.12
3813.53 1.0
3815.36 0.12
3817.66 0.32
3820.38 1.03
3821.15 1.0
3822.05 1.11
3823.77 0.63
3825.21 1.09
3830.21 1.06
3833.49 0.47
3834.51 1.07
3835.38 0.7
3836.63 1.04
3837.71 0.24
3841.95 0.16
3846.44 1.04
3848.73 1.1
3849.81 1.11
3851.1 0.11
3852.48 1.08
3854.35 1.05
3857.02 1.11
3859.36 1.07
3862.27 1.12
3863.72 1.06
3864.95 0.05
3866.21 0.17
3868.35 1.02
3870.65 1.07
3873.29 1.02
3875.63 1.09
3877.63 1.1
3879.79 1.01
3881.4 0.4
3883.32 0.98
3885.0 0.16
3887.31 1.05
3889.99 1.02
3892.42 1.0
3893.44 0.87
3894.4 0.42
3896.34 1.1
3898.78 1.02
3900.95 1.07
3903.7 0.77
3905.34 1.02
3907.19 0.98
3908.58 0.05
3909.85 1.07
3911.72 0.51
3914.15 0.99
3917.07 1.0
3919.65 0.61
3921.14 1.05
3922.53 0.1
3923.61 1.03
3925.74 1.08
3929.0 0.37
3930.57 1.01
3932.64 0.47
3934.44 1.05
3935.59 1.02
3937.54 1.03
3940.0 1.07
3942.81 0.28
3945.44 0.95
3946.77 1.11
3947.8 1.01
3949.66 0.05
3951.54 0.05
3953.83 1.01
3956.56 1.12
3958.73 1.07
3960.39 1.02
3961.26 1.05
3962.58 1.07
3964.56 1.12
3966.48 1.04
3968.09 0.94
3970.34 1.07
3972.77 0.99
3975.65 0.02
3977.29 1.02
3978.77 1.08
3980.36 1.03
3982.2 0.22
3984.97 0.12
3987.63 1.0
3990.06 0.71
3992.05 1.02
3994.26 1.08
3995.2 0.96
3997.01 0.85
3999.37 0.32
4002.17 1.02
4003.89 1.13
4005.47 1.08
4006.62 0.84
4007.85 0.57
4009.55 0.99
4012.16 0.66
4015.35 0.98
4016.5 1.0
4017.85 1.06
4020.83 0.61
4023.31 0.72
4026.38 1.0
4028.72 0.23
4029.78 1.03
4031.02 1.1
4032.12 1.07
4033.9 0.85
4036.06 0.21
4040.27 1.0
4043.0 0.37
4046.19 0.78
4048.35 0.23
4050.71 0.16
4051.31 0.65
4052.65 0.86
4053.9 1.03
4054.89 1.02
4056.89 1.1
4060.75 0.17
4063.06 0.99
4065.48 0.28
4067.46 1.03
4069.83 0.16
4073.09 1.07
4075.04 1.06
4076.81 1.05
4078.57 1.0
4080.32 0.11
4082.44 0.22
4084.74 1.02
4086.97 0.67
4089.05 1.04
4091.3 0.11
4092.71 1.13
4094.45 0.33
4095.19 0.05
4096.16 0.97
4097.99 0.17
4099.42 1.05
4103.11 1.05
4105.71 1.05
4107.88 1.05
4110.61 0.49
4112.24 0.99
4114.74 0.05
4116.79 0.98
4118.73 1.04
4120.44 0.14
4121.83 1.07
4123.85 0.65
4125.25 1.06
4127.73 0.17
4128.88 1.0
4129.49 1.01
4131.5 1.11
4133.3 1.02
4135.36 1.12
4137.44 1.07
4139.58 0.17
4141.23 1.05
4144.48 0.38
4146.16 1.03
4149.11 1.02
4152.59 1.04
4153.35 1.12
4154.0 0.99
4156.42 0.23
4158.48 1.04
4162.44 1.03
4165.01 1.07
4166.2 1.09
4166.79 1.07
4167.67 1.06
4169.18 0.73
4170.73 1.03
4174.15 0.29
4176.81 0.15
4179.45 0.99
4181.63 1.06
4183.4 1.02
4184.96 0.73
4186.7 1.06
4188.97 1.05
4191.54 0.39
4194.33 1.05
4196.91 0.71
4198.86 1.02
4200.37 1.08
4201.25 1.08
4203.09 1.04
4205.68 1.03
4207.73 1.13
4209.17 0.1
4210.47 1.06
4211.75 0.28
4213.87 0.27
4215.57 0.98
4217.45 1.08
4219.11 1.01
4222.56 0.66
4224.09 1.07
4226.97 1.05
4231.32 1.1
4234.24 1.04
4235.42 1.07
4237.22 1.02
4239.32 1.04
4241.04 0.9
4242.48 1.07
4243.4 1.08
4244.76 1.07
4246.92 0.21
4252.08 1.0
4255.27 0.05
4256.01 1.05
4256.96 0.65
4258.0 1.07
4260.31 0.4
4261.74 1.04
4263.3 1.06
4266.41 1.05
4268.42 1.06
4270.66 1.07
4273.47 1.05
4274.52 1.09
4275.98 1.07
4278.65 1.07
4279.94 1.09
4282.4 1.04
4283.65 1.05
4285.63 1.03
4287.43 1.02
4289.92 0.13
4292.07 1.06
4294.9 1.02
4298.29 1.03
4301.37 0.99
4303.39 1.12
4305.59 1.03
4307.28 1.04
4308.7 1.02
4310.87 0.56
4312.91 1.1
4314.63 1.0
4316.0 0.05
4317.34 1.04
4318.98 0.97
4320.69 1.03
4323.52 1.13
4326.04 0.82
4327.84 0.99
4329.57 0.48
4331.91 0.87
4334.85 0.82
