0.0 4.17
1.23 100.46
3.23 95.58
5.73 36.74
7.73 155.55
9.5 64.13
11.73 114.84
13.73 159.55
15.73 21.57
17.73 210.27
19.73 44.67
21.73 194.51
23.73 212.93
25.74 97.08
27.74 147.13
29.75 49.68
31.74 193.24
33.74 43.3
35.74 206.43
37.74 222.81
39.73 19.44
41.74 155.93
43.74 15.74
45.74 149.54
47.74 181.69
49.74 160.44
51.74 156.4
53.74 141.23
55.74 107.59
57.74 77.92
59.74 137.14
61.74 148.67
63.74 42.08
65.74 89.15
67.74 19.91
69.74 150.33
71.73 153.4
73.74 65.44
75.74 176.74
77.74 20.43
79.74 188.62
81.74 26.19
83.74 116.08
85.74 224.6
87.74 30.63
89.74 126.71
91.74 59.29
93.74 219.05
95.74 83.97
97.74 57.4
99.74 127.54
101.74 32.1
103.73 208.43
105.74 71.36
107.74 241.31
109.74 221.36
111.74 77.26
113.74 214.84
115.74 61.95
117.73 248.06
119.74 237.36
121.74 16.92
123.74 191.13
125.73 44.41
127.74 335.13
129.74 32.26
131.74 176.71
133.74 269.68
135.74 46.68
137.74 338.98
139.74 37.06
141.73 220.92
143.74 266.81
145.74 214.46
147.73 269.62
149.73 28.8
151.73 219.61
153.73 50.94
155.74 229.24
157.74 240.1
159.74 36.26
161.74 241.49
163.72 33.28
165.72 210.97
167.73 25.74
169.73 92.51
171.73 162.1
173.73 45.72
175.73 124.91
177.73 47.19
181.55 223.85
183.57 20.57
185.55 210.21
187.55 7.06
189.55 174.53
191.58 180.95
193.55 96.96
195.55 129.39
198.35 27.21
199.55 59.1
201.55 15.94
203.56 192.98
205.55 82.04
207.55 28.13
209.55 186.11
211.55 23.88
213.55 178.06
215.55 120.6
217.55 72.19
219.55 154.98
221.55 63.09
223.55 180.13
225.55 50.88
227.55 156.83
229.55 131.32
231.55 17.34
233.55 194.88
235.55 43.11
237.55 148.02
239.55 99.49
241.55 227.12
245.38 240.57
247.38 192.96
249.38 50.71
251.38 151.92
253.38 189.15
255.4 53.13
257.38 66.68
259.59 70.91
261.38 117.22
263.38 61.3
265.38 159.75
268.0 196.32
269.39 9.07
271.38 78.09
273.38 13.65
275.39 93.34
277.39 113.75
279.38 121.2
281.38 45.42
283.39 39.35
285.38 152.19
287.38 13.17
289.39 164.47
291.39 81.3
293.39 30.41
295.42 127.14
297.38 36.18
299.39 157.96
301.39 100.32
303.4 39.85
305.39 172.8
307.39 39.87
309.39 68.77
311.39 47.04
313.39 130.6
315.39 62.73
317.39 98.46
319.39 118.35
321.4 13.62
323.39 75.82
325.39 46.21
327.38 83.45
329.38 2.4
331.4 114.76
333.43 68.37
335.39 47.74
337.39 134.46
339.39 134.66
341.39 117.57
343.74 118.35
