0.0 0.05
1.69 9.23
2.54 5.64
3.83 0.05
4.81 7.4
5.81 1.29
11.93 0.02
15.53 1.35
17.0 0.53
18.41 1.84
19.11 1.98
19.97 2.51
20.6 2.46
21.43 2.07
22.68 3.12
23.37 2.8
27.82 0.31
29.79 0.44
32.83 0.22
34.9 0.99
36.61 1.03
38.12 1.59
39.76 2.12
42.5 2.5
44.5 2.25
47.02 0.77
49.44 1.32
51.75 1.6
55.46 1.48
57.41 3.02
59.25 3.8
61.25 4.3
64.0 3.44
66.75 1.31
69.75 0.15
73.8 0.11
77.03 3.53
78.41 3.74
80.52 0.46
81.62 4.54
83.77 3.5
87.75 0.04
90.28 0.07
93.39 0.03
96.38 2.25
98.29 0.27
99.7 3.37
100.86 4.56
103.53 4.8
106.01 1.1
110.01 0.68
113.5 0.06
114.79 4.82
115.88 3.54
117.75 5.25
120.5 5.24
123.29 4.14
125.26 0.68
128.0 3.2
130.02 1.92
132.76 0.53
135.52 4.44
137.5 5.09
140.24 0.04
143.03 2.73
144.93 0.05
151.05 1.46
152.64 3.13
155.12 0.21
156.3 4.87
157.88 2.2
159.75 4.88
161.9 5.05
168.67 0.02
171.14 0.88
172.76 1.11
174.71 0.73
175.95 2.85
177.32 3.97
179.51 4.24
181.52 3.85
184.25 1.18
187.01 1.6
192.33 0.18
194.56 1.38
196.03 1.9
198.51 1.5
199.9 3.63
201.57 3.55
203.76 0.04
206.56 1.8
211.11 1.14
212.19 0.33
213.59 3.85
216.0 4.75
218.77 5.27
220.76 0.39
223.5 0.63
225.51 2.42
231.62 0.36
233.21 1.43
235.43 2.57
236.95 3.08
238.26 3.71
240.52 0.94
243.25 0.23
247.71 1.42
254.05 1.78
255.1 2.93
255.92 3.67
256.71 3.72
258.51 0.13
260.01 3.44
262.75 3.44
264.76 3.3
270.35 0.14
272.9 0.16
274.5 1.85
276.87 2.12
278.86 2.72
280.24 3.67
283.62 0.09
286.17 0.99
291.26 0.52
292.86 0.65
294.18 0.03
295.21 3.17
296.73 2.58
299.51 1.27
301.51 3.1
304.25 1.31
306.27 1.93
309.0 0.9
311.75 1.47
314.21 1.94
316.39 2.51
318.3 2.58
321.26 3.54
323.84 3.15
325.75 0.2
328.56 1.46
331.3 0.3
333.32 2.56
336.03 4.16
338.02 0.11
340.76 5.01
343.64 1.37
347.21 0.01
349.76 0.42
351.81 1.24
353.25 2.96
355.82 3.7
357.76 3.66
360.5 0.49
367.35 0.57
368.87 1.5
372.0 1.46
373.24 1.99
375.21 2.15
376.98 2.01
378.53 3.2
384.19 0.07
385.73 0.46
389.8 0.4
390.86 1.22
392.21 0.92
393.43 2.78
394.62 3.74
397.03 4.19
400.53 0.02
405.24 2.01
406.99 0.57
409.7 0.09
410.88 2.07
412.49 2.04
415.35 1.23
416.9 2.87
419.92 1.34
422.51 1.55
425.65 0.12
430.19 0.03
431.32 1.03
432.69 4.61
433.97 5.08
436.53 5.12
438.64 1.67
441.7 2.09
445.27 1.33
448.84 1.15
451.45 2.04
453.41 2.47
455.19 3.02
456.78 2.8
458.98 1.22
462.01 0.94
466.12 0.01
467.65 1.63
469.03 2.12
471.26 2.62
473.09 3.37
475.5 3.6
477.53 4.42
480.25 1.28
483.0 0.75
485.0 0.58
487.81 0.98
489.85 2.43
492.51 3.39
495.32 5.06
498.72 0.11
502.29 0.7
505.89 0.4
507.42 1.17
510.02 2.27
511.94 2.17
513.61 2.34
515.07 4.23
518.06 0.02
522.68 0.21
524.7 0.4
525.74 2.45
527.24 0.96
528.94 2.51
531.99 2.71
533.77 3.26
536.5 1.22
539.53 0.99
542.6 0.94
546.23 1.87
547.21 1.58
548.62 3.42
550.5 3.49
553.26 0.06
556.28 2.12
559.0 2.28
567.31 0.7
568.97 0.78
570.38 1.03
571.85 0.97
573.0 1.11
575.18 1.51
577.17 1.26
579.75 1.7
581.75 0.6
583.34 1.85
585.33 1.29
587.99 2.09
589.82 2.15
592.76 2.34
594.75 2.53
597.5 3.7
600.32 0.16
603.05 1.51
606.05 0.95
608.43 2.46
610.73 3.46
612.48 2.65
614.59 0.55
617.64 0.73
621.73 0.88
625.11 0.64
627.83 1.63
630.06 2.52
632.48 2.51
635.89 0.13
637.44 1.28
639.01 0.92
640.51 1.24
642.51 0.57
644.59 0.1
646.29 1.52
649.03 1.85
651.76 2.17
655.33 1.18
658.35 1.2
660.39 1.36
662.51 0.79
667.6 2.57
669.85 2.51
672.21 2.47
673.36 3.38
676.14 0.68
679.02 1.49
681.3 0.32
684.25 1.31
685.83 1.56
687.3 1.96
689.1 2.39
691.16 3.27
693.92 0.98
696.46 0.97
700.51 1.15
702.06 1.71
704.07 0.54
705.85 3.26
708.26 3.18
710.25 4.41
713.01 6.04
714.86 0.5
717.78 0.38
723.73 0.16
725.18 1.79
728.47 2.72
730.61 1.8
733.05 1.73
734.63 1.62
738.5 0.63
742.79 1.44
744.79 1.17
746.36 3.01
747.08 3.0
748.51 3.56
751.27 0.99
757.78 1.63
759.79 1.43
761.38 0.48
762.9 1.59
764.9 1.22
766.04 2.4
767.58 2.5
769.48 2.84
772.25 2.86
775.68 0.99
778.74 0.61
782.88 1.21
784.35 0.6
786.01 1.84
787.42 2.09
789.27 2.06
791.78 3.27
797.68 0.01
802.22 1.69
804.27 0.92
805.11 2.1
806.76 2.34
808.3 1.82
809.67 2.34
811.12 3.76
813.78 3.96
817.66 1.13
823.26 1.3
825.21 2.68
826.54 3.6
827.37 2.91
829.0 4.66
830.77 4.36
835.52 0.06
838.58 0.7
842.12 0.14
844.87 2.23
845.9 2.62
847.01 2.56
848.99 2.83
851.26 1.18
853.8 2.56
857.39 0.1
858.9 1.09
862.75 0.61
864.11 2.2
866.15 3.44
867.8 3.36
870.27 0.03
876.53 0.28
878.54 0.86
880.59 0.9
882.59 0.47
884.26 1.49
885.57 2.39
887.36 2.91
890.01 0.11
893.24 0.63
895.54 1.24
897.31 1.48
899.28 2.33
902.0 2.2
904.75 2.57
907.04 0.35
909.5 3.68
912.44 0.98
918.6 0.36
921.11 0.28
922.56 2.42
923.89 2.58
925.32 2.95
927.44 2.19
931.42 0.84
939.06 0.02
940.12 1.5
941.87 1.42
943.6 1.95
945.57 2.96
946.88 3.1
948.19 2.58
951.55 0.87
956.12 0.19
957.17 0.99
958.17 1.76
959.7 1.1
960.99 0.86
963.11 2.39
965.77 0.23
967.76 1.9
970.94 1.43
973.43 1.26
977.21 0.07
979.57 1.45
981.44 1.81
983.92 2.88
985.57 2.91
987.51 3.28
990.37 0.3
993.68 0.3
996.76 0.66
1000.27 0.89
1002.98 2.24
1004.77 2.11
1006.5 2.41
1009.3 0.63
1011.28 1.19
1013.98 1.75
1016.81 0.97
1018.77 0.26
1021.56 0.85
1023.54 1.37
1026.29 1.65
1029.04 1.83
1031.03 0.48
1033.53 1.36
1035.52 1.85
1038.28 1.94
1042.84 1.74
1046.7 2.58
1048.19 3.18
1049.08 3.36
1050.61 2.97
1053.28 1.96
1055.29 2.09
1057.85 3.19
1060.89 3.13
1062.78 0.38
1065.28 0.68
1067.28 2.8
1070.06 4.23
1073.39 0.32
1076.23 1.04
1078.78 0.3
1080.36 0.66
1082.32 0.7
1085.02 1.16
1087.06 3.08
1089.78 5.55
1091.79 3.61
1097.46 0.34
1102.48 0.75
1104.01 1.38
1106.43 1.83
1107.83 1.68
1110.56 1.67
1112.86 0.93
1114.94 1.48
1118.46 0.25
1119.99 0.18
1121.57 1.17
1124.65 0.39
1125.4 2.28
1127.37 2.16
1129.04 3.6
1131.02 3.73
1134.38 0.88
1136.28 1.09
1142.54 0.55
1143.84 2.25
1145.69 2.55
1147.38 3.75
1148.93 3.49
1151.98 0.05
1157.57 0.7
1160.15 0.53
1161.06 2.38
1162.42 0.78
1163.62 2.94
1165.52 4.31
1168.3 3.52
1170.28 5.85
1172.78 0.23
1175.2 1.43
1177.52 1.52
1180.27 2.5
1182.27 2.24
1185.04 3.39
1187.06 5.05
1195.0 0.7
1199.08 0.88
1200.61 0.62
1201.83 1.91
1204.05 2.44
1205.42 1.82
1210.26 0.76
1211.24 1.28
1212.25 1.21
1214.32 0.28
1215.84 0.39
1217.39 1.05
1219.38 1.38
1221.78 3.02
1224.52 2.52
1226.41 3.63
1232.01 0.47
1232.96 0.42
1235.0 0.4
1236.57 2.95
1238.78 4.11
1242.83 1.44
1244.06 5.3
1246.02 5.61
1248.8 0.26
1250.8 3.19
1253.58 0.27
1256.58 0.83
1258.5 2.84
1261.02 3.66
1263.02 4.45
1266.23 0.19
1269.28 1.26
1273.89 1.81
1277.4 2.76
1279.2 3.4
1281.1 4.13
1282.01 4.67
1282.89 4.86
1286.81 0.89
1290.89 0.73
1294.62 1.61
1296.69 2.34
1298.46 2.36
1300.45 3.39
1301.78 3.55
1307.58 1.77
1309.13 0.58
1311.15 0.33
1312.91 2.05
1315.31 1.81
1317.14 0.56
1319.41 0.5
1324.53 0.19
1325.23 4.17
1325.95 4.15
1326.87 1.96
1329.92 0.04
1331.53 3.89
1334.27 5.13
1337.05 5.67
1341.52 1.28
1344.1 1.12
1351.25 0.77
1352.52 2.28
1353.58 1.8
1354.67 2.68
1355.63 3.36
1356.65 2.55
1358.77 3.53
1361.61 0.7
1364.23 1.11
1368.84 0.01
1370.35 1.43
1372.22 2.93
1374.45 0.01
1375.76 4.26
1379.18 0.28
1381.02 0.74
1385.3 0.09
1386.38 1.37
1387.78 0.76
1390.55 0.37
1393.27 3.34
1395.27 4.23
1398.02 5.39
1401.52 0.63
1404.05 0.05
1407.12 1.44
1411.89 0.11
1413.16 3.99
1414.75 3.04
1415.79 4.76
1417.57 4.09
1419.52 1.59
1422.76 1.41
1429.9 0.44
1431.65 4.86
1432.72 4.98
1434.36 4.76
1435.9 4.08
1437.28 2.81
1440.99 1.68
1443.58 0.24
1447.01 1.27
1450.48 2.72
1452.08 5.41
1453.82 5.09
1455.13 6.46
1457.05 7.34
1467.22 0.07
1469.79 0.39
1471.77 1.28
1473.86 0.04
1475.01 1.74
1476.94 0.07
1477.85 2.14
1479.25 1.14
1481.71 0.25
1483.27 1.39
1484.8 0.5
1486.85 0.31
1488.41 0.82
1491.03 1.79
1493.77 2.05
1495.86 2.69
1499.45 0.74
1502.52 0.31
1503.49 3.11
1506.02 2.96
1508.02 2.91
1510.76 2.89
1513.54 3.52
1515.55 3.94
1518.27 3.37
1520.11 0.45
1523.03 2.75
1525.52 3.77
1527.75 0.08
1530.27 0.44
1533.03 2.09
1535.02 6.11
1537.82 4.4
1540.87 0.01
1542.41 1.26
1548.79 0.84
1549.9 1.89
1552.21 2.61
1553.57 2.69
1554.97 2.16
1557.37 0.41
1562.46 0.09
1564.51 2.89
1565.87 2.36
1570.23 0.19
1570.76 3.82
1572.09 0.5
1574.33 3.09
1576.3 4.67
1579.02 2.08
1584.14 0.18
1588.02 0.36
1588.76 1.75
1590.78 2.06
1593.54 3.59
1595.92 0.5
1598.31 3.71
1602.99 0.11
1604.79 1.97
1608.0 0.28
1608.74 3.83
1610.6 3.92
1613.29 0.11
1616.28 0.93
1618.77 0.84
1621.33 0.91
1626.45 2.33
1627.37 5.91
1628.89 0.21
1630.47 0.23
1633.05 6.84
1637.36 1.31
1640.97 1.65
1646.1 2.12
1647.19 1.85
1649.37 2.96
1650.27 2.66
1651.98 3.56
1653.51 3.04
1654.7 0.05
1657.54 0.02
1659.54 1.26
1662.28 1.98
1665.6 0.99
1667.06 3.72
1669.79 3.77
1671.79 7.47
1674.55 1.2
1678.49 0.36
1683.11 0.68
