0.0 85.86
1.01 136.32
3.02 95.13
5.02 11.01
7.02 162.52
9.02 42.2
11.04 176.97
13.02 159.87
15.02 4.55
17.02 173.83
18.86 9.86
21.02 129.57
23.02 199.72
25.02 0.18
27.02 208.72
29.02 10.99
31.02 103.7
33.02 147.93
35.02 169.1
37.0 183.87
39.02 3.41
41.02 184.64
43.02 197.37
45.02 185.14
47.02 164.78
49.02 2.4
51.02 202.02
53.02 0.28
55.02 126.02
57.02 175.15
59.02 2.03
61.02 139.06
63.02 0.27
65.02 206.3
67.02 4.73
69.02 67.35
71.03 231.82
73.02 1.85
75.02 170.96
77.02 3.64
79.02 203.03
81.02 212.95
83.02 262.0
85.02 230.63
87.02 0.27
89.02 179.5
91.02 4.63
93.02 200.55
95.03 150.99
97.02 0.58
99.02 0.12
101.02 4.61
103.02 132.18
105.02 233.0
107.02 14.77
109.02 180.18
111.02 9.89
113.02 201.43
115.02 0.27
117.02 246.39
119.02 241.9
121.02 0.2
123.02 203.44
125.02 0.18
127.02 172.82
129.02 250.25
131.02 230.12
133.02 153.99
135.02 2.81
137.02 210.25
139.02 7.36
141.02 154.44
143.02 248.65
145.02 3.86
147.02 189.98
149.03 5.7
151.02 248.73
153.02 230.06
155.02 0.24
157.02 272.09
159.02 8.05
161.02 262.68
163.02 7.22
165.02 209.2
167.02 269.87
169.02 0.18
171.02 126.6
173.02 8.67
175.02 168.87
177.02 114.91
179.02 183.85
181.02 178.72
183.02 2.33
185.02 180.53
187.03 7.51
189.02 153.91
191.02 231.32
193.02 0.27
195.02 217.67
197.02 3.48
199.02 189.22
201.02 182.91
203.02 1.37
205.02 96.54
207.02 8.12
209.02 239.13
211.02 2.21
213.02 177.38
215.02 116.25
217.02 1.82
219.02 110.07
221.02 10.16
223.02 213.01
225.02 235.01
227.02 20.82
229.02 205.52
231.28 0.17
233.28 174.2
235.28 9.63
237.28 300.65
239.28 216.81
241.28 77.05
243.28 234.72
245.28 9.56
247.28 50.21
249.26 275.97
251.28 207.42
253.28 226.74
255.28 5.24
257.28 12.63
259.28 10.74
261.28 126.96
263.28 106.6
265.28 0.19
267.28 195.9
269.28 9.83
271.28 222.2
273.28 224.86
275.28 127.56
277.25 160.15
279.28 0.25
281.28 72.11
283.28 0.27
285.28 214.27
287.28 184.04
289.28 9.77
291.28 195.66
293.28 8.74
295.28 174.91
297.28 214.62
299.28 233.38
301.28 220.02
303.28 5.43
305.28 244.78
307.28 8.16
309.28 242.0
311.28 208.43
313.28 7.67
315.28 287.01
317.28 3.32
319.28 238.32
321.28 198.57
323.28 213.84
325.28 194.94
327.28 0.27
329.28 251.8
331.28 8.75
333.28 144.93
335.28 167.46
337.28 0.27
339.28 199.11
341.28 11.25
343.28 220.91
345.28 28.83
347.28 195.05
349.28 91.79
351.28 7.81
353.28 228.85
355.28 1.94
357.28 221.27
359.28 235.56
361.28 2.95
363.28 227.08
365.28 9.07
367.28 238.61
369.28 243.34
371.28 229.59
373.28 263.56
375.28 0.5
377.28 245.01
379.28 0.18
381.28 228.9
383.28 220.61
385.28 11.21
387.28 77.48
389.26 11.46
391.28 115.02
393.28 124.87
395.28 213.35
397.28 51.18
399.28 1.64
401.28 0.03
403.28 11.25
405.28 258.54
407.28 257.75
409.28 0.18
411.28 274.36
413.28 0.28
415.28 165.71
417.28 190.59
419.28 243.91
421.28 214.08
423.28 11.14
425.28 169.1
427.28 10.83
429.28 230.47
431.26 141.87
433.28 1.5
435.28 189.74
437.28 6.38
439.28 6.11
441.28 7.04
443.28 23.62
