0.0 70.37
0.82 186.44
2.82 22.39
4.83 183.16
6.84 17.69
8.84 135.42
10.85 147.7
12.86 26.13
14.87 161.16
16.88 37.03
18.89 167.44
20.89 21.87
22.91 151.37
24.92 148.39
26.93 31.73
28.94 153.49
30.95 13.01
32.98 139.09
34.98 164.88
36.99 152.86
39.0 161.49
41.01 20.68
42.76 157.24
44.79 20.69
47.02 135.04
49.03 142.23
50.78 21.42
52.79 134.57
54.79 22.1
56.8 167.9
58.81 118.17
60.82 27.26
62.83 175.76
64.84 0.79
66.84 177.43
68.85 170.55
70.86 176.4
72.87 176.73
74.88 17.0
76.88 150.1
78.9 10.52
80.91 148.78
82.92 188.09
84.92 26.32
86.93 180.42
88.95 10.39
90.96 176.01
92.97 21.81
94.99 146.17
97.0 171.04
99.0 16.4
101.01 211.73
103.03 20.69
105.03 137.26
107.03 203.79
109.04 214.03
111.05 195.06
113.07 20.61
115.07 169.89
116.86 27.01
119.11 188.99
120.86 179.72
122.86 37.51
124.87 142.95
126.89 28.54
128.9 154.09
130.92 194.01
132.94 23.09
134.94 173.25
136.95 19.88
138.97 204.18
140.97 9.36
142.99 200.72
145.0 155.22
147.01 27.65
149.02 133.99
151.02 15.51
153.04 146.37
155.04 168.2
157.06 167.64
159.08 137.65
161.1 28.54
163.11 198.13
164.87 211.63
167.14 196.25
169.14 134.69
170.89 34.64
173.16 208.62
174.93 26.67
176.93 35.29
178.93 135.97
180.95 23.89
182.95 172.1
184.95 20.03
186.97 126.96
188.97 0.95
190.99 181.5
193.0 196.58
195.0 21.45
197.01 193.47
199.03 24.35
201.04 202.31
203.06 200.03
205.07 174.92
207.08 189.91
209.09 17.23
211.1 198.49
213.11 19.0
215.12 162.37
217.13 204.09
219.14 19.38
221.14 186.52
223.15 22.26
225.16 149.84
227.19 138.15
229.2 150.35
231.2 163.38
233.21 25.46
235.22 115.75
236.98 19.62
238.99 113.02
241.0 167.42
243.01 19.45
245.03 145.3
247.03 33.88
249.04 166.48
251.05 111.46
253.06 167.54
255.06 156.31
257.06 38.26
259.07 162.28
261.08 21.51
263.08 123.46
265.1 153.52
267.1 21.02
269.1 195.13
271.12 20.45
273.13 193.64
275.13 161.55
277.15 14.52
279.16 184.69
281.19 6.53
283.2 191.76
285.2 23.78
287.22 144.12
289.23 195.99
291.24 20.22
293.26 189.65
295.27 19.01
297.28 153.62
299.03 207.6
301.06 187.17
303.07 177.2
305.09 23.09
307.11 164.24
309.12 20.44
311.13 195.7
313.15 138.34
315.15 29.1
317.15 146.88
319.16 20.8
321.18 157.97
323.19 185.42
325.19 210.32
327.2 207.11
329.22 30.21
331.22 194.96
333.23 23.88
335.25 183.92
337.26 172.62
339.26 16.55
341.28 165.6
343.29 18.12
345.31 102.05
347.1 24.15
349.32 149.02
351.08 132.74
353.09 27.58
355.09 147.53
357.1 23.97
359.11 155.62
361.12 179.19
363.13 11.88
365.14 158.62
367.15 21.89
369.17 150.9
371.17 173.56
373.19 196.64
375.2 169.71
377.2 16.82
379.21 158.34
381.22 4.71
383.22 181.78
385.22 184.09
387.24 18.62
389.24 127.21
391.25 20.6
393.26 144.01
395.28 160.01
397.3 121.58
399.3 155.35
401.31 19.2
403.33 161.45
405.34 25.32
407.35 178.83
409.35 174.82
411.37 21.31
413.39 157.39
415.4 10.88
417.16 174.46
419.16 165.68
421.16 174.97
423.18 151.05
425.19 24.14
427.2 161.51
429.2 5.89
431.21 145.01
433.23 68.82
435.24 9.17
437.25 176.67
439.26 19.91
441.26 191.76
443.27 24.4
445.28 171.51
447.29 191.09
449.3 19.41
451.3 192.85
453.32 22.94
455.33 201.77
457.35 107.68
459.36 175.67
461.36 175.92
463.38 27.25
465.39 121.8
467.4 29.22
469.41 174.94
471.42 168.93
473.43 20.76
475.44 166.06
477.45 26.92
479.45 171.76
481.21 180.76
483.22 20.47
485.22 171.66
487.24 19.43
489.26 215.15
491.27 116.59
493.28 180.22
495.3 101.22
497.3 20.99
499.31 167.24
501.32 24.85
503.34 84.69
505.35 96.98
507.36 163.38
509.37 146.74
511.38 12.09
513.38 139.53
515.38 18.31
517.39 181.21
519.39 196.54
521.39 23.77
523.4 97.65
525.41 15.96
527.41 192.8
529.42 186.29
531.43 198.54
533.44 195.03
535.45 16.66
537.46 221.74
539.25 25.16
541.49 154.57
543.5 157.37
545.51 22.73
547.52 178.37
549.53 20.22
551.29 184.19
553.31 91.9
555.33 23.44
557.34 168.44
559.35 38.02
561.36 122.48
563.36 0.77
565.38 35.07
567.39 148.92
569.39 24.81
571.4 165.42
573.4 21.14
575.41 159.59
577.43 195.51
579.43 168.24
581.44 30.24
583.47 18.54
585.47 233.99
587.47 20.43
589.48 179.23
591.49 199.54
593.5 17.4
595.5 182.87
597.52 12.6
599.53 161.08
601.54 137.38
603.55 181.88
605.31 196.55
607.57 23.22
609.33 182.38
611.59 19.88
613.35 155.42
615.35 150.32
617.36 7.75
619.39 48.95
621.4 15.75
623.41 147.43
625.43 187.58
627.44 188.14
629.45 182.98
631.47 20.83
633.49 204.24
635.51 19.62
637.53 175.78
639.54 170.29
641.56 18.17
643.58 172.01
645.59 17.43
647.61 187.31
649.39 170.23
651.41 18.9
653.42 191.17
655.44 10.73
657.47 189.89
659.5 16.65
661.52 147.4
663.54 212.51
665.56 21.62
667.57 154.13
669.59 21.92
671.61 154.27
673.64 196.88
675.41 191.54
677.43 205.8
679.45 19.27
681.47 178.45
683.49 20.9
685.51 38.79
687.52 51.72
689.54 13.78
691.56 206.78
693.58 12.72
695.59 191.76
697.6 184.82
699.62 198.49
701.64 220.88
703.65 16.63
705.67 152.72
707.7 36.88
709.46 181.25
711.48 131.73
713.51 10.72
715.53 115.64
717.55 10.19
719.56 144.06
721.58 141.33
723.6 130.32
725.61 130.38
727.64 25.75
729.66 137.11
731.69 29.21
733.7 123.08
735.47 125.99
737.5 19.19
739.52 167.86
741.54 20.89
743.55 157.19
745.57 163.93
747.59 181.87
749.6 169.59
751.62 20.36
753.64 171.09
755.66 0.94
757.68 146.72
759.7 184.49
761.72 11.11
763.73 191.78
765.5 28.99
767.52 172.62
769.54 148.11
771.55 157.63
773.57 142.66
775.59 23.42
777.6 156.11
779.62 18.59
781.64 185.26
783.67 162.5
785.69 20.75
787.71 127.13
789.72 20.99
791.75 190.4
793.52 212.83
795.53 169.54
797.55 135.26
799.57 15.95
801.6 203.73
803.62 23.96
805.64 167.23
807.66 160.26
809.68 7.27
811.69 158.31
813.71 24.87
815.74 168.87
817.75 25.82
819.52 171.64
821.55 199.71
823.57 13.25
825.58 155.68
827.6 10.74
829.62 186.17
831.64 165.4
833.66 24.67
835.68 164.82
837.69 21.07
839.71 184.16
841.73 24.84
843.76 156.98
845.78 146.8
847.8 18.92
849.57 117.92
851.59 23.91
853.61 131.75
855.63 148.48
857.65 25.7
859.66 158.99
