0 15.5
1 3.75
2 9.875
3 15.0
4 20.375
5 30.75
6 40.75
7 44.25
8 55.625
9 62.625
10 79.125
11 15.0
12 0.25
13 19.875
14 50.0
15 30.125
16 39.875
17 12.0
18 12.25
19 11.375
20 43.5
21 45.0
22 38.125
23 41.5
24 42.375
25 56.0
26 27.5
27 31.875
28 64.875
29 78.625
30 95.75
31 82.125
32 12.75
33 3.75
34 15.5
35 13.875
36 35.875
37 51.5
38 61.75
39 95.25
40 99.0
41 92.25
42 86.75
43 97.625
44 105.125
45 95.125
46 23.25
47 9.75
48 11.875
49 11.875
50 12.75
51 13.5
52 10.875
53 13.75
54 13.375
55 11.375
56 15.625
57 13.25
58 14.5
59 14.125
60 13.625
61 15.0
62 11.625
63 15.5
64 12.625
65 15.125
66 12.375
67 12.125
68 11.25
69 15.0
70 12.875
71 12.125
72 14.625
73 13.5
74 18.5
75 30.875
76 38.125
77 52.625
78 51.5
79 44.5
80 56.375
81 61.75
82 59.375
83 65.375
84 64.375
85 74.875
86 79.625
87 70.75
88 88.875
89 94.875
90 94.625
91 91.75
92 81.875
93 102.0
94 103.75
95 120.25
96 124.625
97 119.5
98 105.375
99 123.25
100 112.75
101 132.5
102 120.375
103 73.125
104 128.75
105 97.0
106 85.25
107 91.0
108 91.75
109 69.875
110 66.375
111 44.5
112 6.625
113 57.5
114 2.75
115 22.375
116 1.25
117 0.25
118 2.125
119 5.625
120 2.0
121 14.125
122 14.375
123 8.625
124 22.5
125 25.125
126 25.875
127 28.0
128 34.0
129 39.125
130 40.5
131 40.75
132 60.75
133 59.875
134 70.625
135 74.25
136 58.75
137 76.75
138 79.25
139 75.125
140 77.625
141 89.5
142 82.125
143 76.375
144 61.0
145 47.125
146 66.875
147 65.625
148 65.625
149 62.625
150 58.75
151 60.625
152 69.125
153 11.0
154 14.0
155 3.875
156 0.625
157 0.375
158 4.25
159 10.125
160 13.5
161 10.625
162 14.625
163 13.875
164 22.125
165 25.0
166 31.25
167 43.375
168 48.875
169 8.5
170 3.25
171 0.75
172 0.75
173 3.625
174 15.125
175 13.375
176 36.75
177 39.0
178 45.0
179 20.875
180 0.875
181 1.25
182 12.625
183 14.625
184 41.25
185 45.375
186 59.0
187 52.5
188 57.25
189 62.0
190 62.875
191 63.625
192 65.5
193 71.75
194 70.875
195 81.375
196 62.125
197 74.5
198 65.625
199 92.625
200 96.875
201 84.375
202 85.25
203 72.25
204 84.625
205 80.375
206 103.25
207 78.125
208 101.0
209 97.75
210 87.125
211 93.5
212 68.125
213 44.5
214 49.125
215 58.75
216 58.0
217 53.75
218 49.75
219 56.75
220 38.25
221 7.0
222 1.5
223 14.625
224 13.375
225 0.875
226 15.75
227 20.125
228 5.25
229 0.375
230 0.125
231 12.5
232 15.5
233 14.0
234 13.625
235 15.375
236 26.5
237 38.5
238 48.25
239 55.25
240 60.625
241 67.0
242 60.125
243 70.25
244 83.0
