0.0 1.57
1.42 6.3
3.91 4.64
4.52 0.05
5.23 8.5
6.1 7.89
7.0 6.26
7.94 11.83
9.95 3.89
12.46 5.51
13.96 2.33
15.74 9.76
17.95 9.73
19.95 0.2
20.6 11.27
21.6 9.3
23.15 0.01
24.17 5.86
25.73 0.09
26.48 10.14
28.5 11.15
30.5 10.54
32.75 1.25
35.13 0.04
41.38 0.01
47.78 0.05
50.91 0.87
53.22 0.05
55.31 0.22
57.19 2.77
59.79 0.1
60.73 0.57
61.77 0.33
62.78 2.07
64.03 0.89
65.47 1.15
66.52 5.03
67.45 5.85
68.26 6.45
69.12 6.95
70.11 6.92
70.88 8.29
72.75 8.78
74.75 2.36
77.28 0.88
79.71 9.63
82.17 1.18
86.72 4.84
90.13 7.05
93.81 0.38
95.75 4.67
97.31 7.64
98.75 7.37
99.72 8.64
100.96 9.41
102.66 0.16
105.38 0.7
109.47 8.83
110.45 9.98
112.83 10.64
117.26 3.66
118.58 1.57
120.68 0.37
123.11 0.03
125.22 0.02
126.44 9.49
128.15 1.24
129.99 4.44
131.79 10.52
134.42 0.14
136.01 0.73
137.03 6.41
137.87 1.05
139.29 0.34
140.87 3.54
142.18 0.05
143.57 5.15
144.79 0.81
146.33 0.44
146.98 9.58
148.75 10.59
151.04 0.24
152.75 10.01
156.3 4.52
159.39 6.87
162.26 5.83
167.64 0.15
170.17 0.4
173.49 0.58
174.75 7.84
176.67 0.38
177.64 8.3
179.51 1.86
180.83 6.3
181.88 0.58
182.92 0.23
183.87 4.82
185.55 0.94
186.91 0.77
188.58 5.77
190.44 0.26
191.07 9.64
192.76 0.11
194.96 0.49
196.75 0.2
198.76 0.06
201.88 6.38
202.75 7.52
204.75 0.7
206.75 6.48
208.92 0.25
211.57 0.06
212.75 11.09
214.76 5.09
216.75 8.82
218.75 2.14
220.9 8.9
222.75 9.44
224.75 0.06
227.18 2.2
228.75 1.78
230.75 0.45
232.76 0.02
234.75 3.5
237.33 8.73
238.75 0.93
240.75 1.66
242.75 7.6
244.75 0.36
246.75 8.29
248.75 9.66
250.76 2.34
252.83 10.95
255.18 0.78
257.67 1.84
258.94 0.07
260.76 9.51
262.76 10.13
264.76 3.56
267.05 1.48
269.01 9.14
270.75 7.88
272.75 9.04
274.78 1.89
276.75 9.15
278.76 5.07
281.11 10.56
282.99 1.59
284.93 3.04
288.7 4.19
291.22 1.55
