0.0 55.58
0.87 56.21
2.85 53.46
4.93 55.01
7.12 48.85
8.8 58.94
10.88 50.93
12.94 57.81
15.01 55.55
16.83 61.51
18.97 56.06
21.09 56.69
22.98 58.78
24.9 56.43
26.97 58.06
29.05 50.35
30.86 56.31
32.94 59.49
35.02 58.02
36.84 56.94
38.92 57.63
41.0 50.86
42.82 58.46
44.89 54.97
46.95 56.74
49.03 59.94
51.11 53.78
52.93 59.8
55.01 63.08
57.08 64.47
58.91 60.49
60.98 70.0
63.06 54.81
64.88 59.45
66.96 59.59
69.04 54.57
71.13 51.56
72.95 54.97
75.03 56.77
76.85 63.36
78.93 54.04
81.01 57.9
83.09 56.55
84.88 70.85
86.96 55.61
89.04 58.7
91.12 60.08
92.94 54.53
95.08 57.38
97.22 58.12
98.92 58.49
101.04 59.0
103.08 59.53
105.16 58.55
107.09 61.04
109.06 56.14
111.13 56.09
112.95 59.18
115.04 52.56
117.11 56.29
118.93 53.75
121.01 54.27
123.08 55.53
125.16 55.23
126.98 57.93
129.06 57.16
131.14 58.89
132.96 56.72
135.04 57.59
137.12 55.61
139.2 61.59
141.02 58.33
143.09 56.63
145.17 58.66
146.99 54.85
149.07 59.63
151.14 58.07
152.96 71.53
155.04 57.82
157.12 54.66
158.94 56.85
161.02 53.43
163.1 54.91
164.97 57.51
167.0 55.28
169.08 54.18
171.16 55.52
172.98 61.66
175.05 66.05
177.13 56.15
179.21 57.45
181.03 58.46
183.11 60.23
185.22 57.23
187.03 55.91
189.19 56.4
191.16 52.53
193.08 56.48
195.05 61.64
197.13 56.93
199.23 53.51
201.04 59.86
203.12 58.72
205.21 57.92
207.03 52.51
209.1 53.62
211.19 57.66
213.06 55.31
215.08 52.46
217.16 54.3
219.24 52.46
221.06 61.41
223.14 52.8
225.23 57.88
227.04 60.41
229.11 59.09
231.19 51.24
233.27 57.59
235.08 57.71
237.16 63.44
239.24 56.91
241.07 57.5
243.14 61.67
245.2 57.83
247.28 54.68
249.1 53.3
251.18 57.67
253.26 52.9
255.08 58.62
257.16 55.26
259.24 55.78
261.06 60.71
263.14 54.28
265.22 53.33
267.3 56.54
269.22 58.41
271.19 60.8
273.29 59.87
275.11 57.53
277.19 54.46
279.26 61.35
281.24 58.91
283.16 50.2
285.32 53.1
287.33 60.98
289.13 57.48
291.21 58.72
293.35 57.96
295.14 56.75
297.19 58.29
299.27 55.63
301.09 54.69
303.17 53.97
305.25 56.41
307.33 56.63
309.15 56.04
311.22 57.5
313.34 57.99
315.16 53.49
317.24 59.07
319.31 57.0
321.13 60.14
323.21 59.06
325.29 59.36
327.11 60.74
329.19 54.01
331.27 57.83
333.14 48.15
335.16 72.41
337.24 55.9
339.32 54.21
341.4 55.92
343.22 50.98
345.3 55.5
347.38 53.78
349.2 52.77
351.28 58.96
353.36 54.22
355.18 50.56
357.25 60.49
359.34 52.43
361.41 43.52
363.22 58.73
365.3 62.03
367.37 60.44
369.19 59.37
371.27 54.56
373.36 58.83
375.45 53.82
377.23 51.4
379.31 53.81
381.39 57.89
383.29 51.25
385.29 57.34
387.37 55.01
389.19 52.68
391.29 54.31
393.35 52.16
395.44 57.9
397.26 58.52
399.34 57.87
401.44 57.71
403.26 54.07
405.34 55.75
407.42 50.66
409.24 57.64
411.32 57.95
413.4 58.23
415.22 51.8
417.3 52.77
419.38 53.38
421.2 56.19
423.28 54.31
425.36 58.49
427.45 57.67
429.26 57.58
431.35 55.23
433.43 57.62
435.25 57.62
437.33 54.88
439.41 55.65
441.23 57.54
443.31 46.0
445.39 55.81
447.47 52.35
449.29 55.52
451.38 54.62
453.52 54.89
455.28 53.07
457.38 66.07
459.48 54.13
461.27 54.36
463.33 56.53
465.53 59.74
467.5 52.02
469.31 54.08
471.39 55.85
473.47 58.06
475.29 56.55
477.37 53.18
479.45 60.34
481.53 53.04
483.35 57.53
485.43 54.62
487.52 56.7
489.33 55.86
491.42 58.36
493.49 58.46
495.31 58.32
497.39 54.84
499.47 53.08
501.3 53.59
503.38 54.66
505.45 57.29
507.53 55.28
509.35 56.23
511.43 55.67
513.52 51.42
515.36 60.77
517.42 53.94
519.47 60.16
521.55 52.72
523.47 55.25
525.48 55.15
527.52 42.72
529.58 55.17
531.38 51.75
533.39 49.08
535.46 23.51
537.53 55.77
539.37 55.09
541.44 53.25
543.51 56.45
545.59 57.95
547.56 56.94
549.36 60.11
551.41 39.17
553.46 57.64
555.52 53.47
557.66 56.97
559.43 57.79
561.43 51.77
563.56 50.51
565.56 57.43
567.37 59.01
569.44 54.99
571.53 52.8
573.61 55.54
575.43 52.78
577.51 59.61
579.59 53.73
581.41 56.78
583.48 53.0
585.56 54.62
587.43 60.27
589.46 55.88
591.54 57.95
593.63 55.77
595.44 60.49
597.52 57.62
599.6 55.65
601.43 52.13
603.51 54.24
605.56 55.89
607.64 57.59
609.48 59.96
611.57 51.92
613.64 59.49
615.46 54.09
617.54 56.63
619.62 58.07
621.43 59.61
623.51 54.89
625.6 60.21
627.66 63.67
629.48 11.72
631.56 54.83
633.6 53.61
635.46 52.59
637.46 59.58
639.66 55.05
641.58 53.7
643.7 59.42
645.51 59.46
647.48 56.98
649.59 54.9
651.62 57.84
653.68 54.51
655.49 54.76
657.58 54.38
659.66 53.65
661.47 53.44
663.56 57.66
665.65 58.12
667.48 55.66
669.56 55.71
671.64 58.63
673.7 47.57
675.78 54.47
677.59 57.35
679.68 54.15
681.49 54.89
683.57 58.01
685.65 54.35
687.73 51.65
689.56 58.55
691.64 49.62
693.72 53.05
695.54 59.09
697.62 44.3
699.69 57.22
701.51 54.69
703.59 56.49
705.67 52.75
707.54 51.4
709.57 58.96
711.64 58.03
713.74 51.21
715.55 59.23
717.62 53.23
719.7 53.34
721.84 59.62
723.6 61.73
725.67 53.23
727.77 52.64
729.57 56.5
731.73 53.19
733.73 53.41
735.54 55.26
737.62 51.91
739.69 60.18
741.77 57.71
743.59 61.51
745.68 55.32
747.75 57.64
749.58 55.58
751.66 54.24
753.74 59.05
755.56 57.58
757.64 50.36
759.72 56.18
761.8 56.74
763.62 58.72
765.7 51.25
767.8 52.39
769.62 54.7
771.7 10.27
773.78 48.67
775.85 52.97
777.66 54.92
779.74 55.96
781.83 58.33
783.64 57.06
785.71 57.78
787.79 55.31
789.87 56.43
791.68 64.9
793.8 59.73
795.62 60.45
797.71 48.99
799.78 59.32
801.85 54.7
803.65 55.76
805.73 45.31
807.93 57.98
809.66 54.72
811.7 47.76
813.8 61.66
815.85 54.21
817.67 57.52
819.76 56.27
821.97 58.77
823.65 64.03
825.81 61.97
827.85 54.84
829.92 58.72
831.72 56.26
833.8 61.33
835.9 55.66
837.81 61.06
839.9 56.9
841.63 54.14
843.7 57.03
845.78 56.43
847.85 58.41
849.68 54.68
851.76 55.82
853.83 57.71
855.66 58.66
857.74 51.28
859.82 55.95
861.66 55.15
863.74 48.21
865.82 57.36
867.89 56.54
869.7 58.58
871.78 55.25
873.86 55.65
875.69 57.18
877.76 56.12
879.84 52.4
881.92 52.42
883.74 55.74
885.83 58.33
887.91 59.67
889.73 60.33
891.81 57.96
893.9 57.63
895.7 56.23
897.79 56.14
899.86 54.79
901.93 55.47
903.75 54.03
905.83 54.78
907.92 51.72
910.0 58.49
911.84 50.97
913.89 61.7
915.92 61.48
917.74 54.85
919.89 54.24
921.95 55.62
923.97 55.2
925.78 54.16
927.84 53.57
929.91 56.94
931.96 58.56
933.77 60.52
935.86 61.4
937.94 59.36
940.01 57.38
941.82 48.22
943.91 54.97
946.02 54.26
947.8 55.69
949.86 54.75
951.94 56.3
953.79 55.9
955.85 58.65
957.93 44.69
960.0 56.63
961.83 53.68
963.91 52.89
965.99 57.8
967.8 55.26
969.92 61.24
972.0 55.95
973.82 56.71
975.9 58.24
977.98 57.58
979.8 53.73
981.88 53.34
983.96 53.46
985.79 58.31
987.87 54.43
989.95 55.66
992.03 57.07
993.85 53.46
995.94 53.73
998.02 54.38
999.85 56.58
1001.93 55.46
1004.05 57.9
1005.89 52.51
1007.96 56.06
1009.92 53.84
1011.85 69.52
1013.93 57.7
1015.99 58.22
1018.07 54.16
1019.89 56.26
1021.97 56.79
1024.05 59.87
1025.87 56.89
1027.92 61.1
1030.0 55.5
1032.08 55.6
1033.9 54.56
1035.98 56.31
1038.06 60.29
1039.88 61.24
1041.96 54.95
1044.03 51.32
1046.11 53.51
1047.93 54.65
1050.01 54.61
1052.09 53.44
1053.91 58.42
1055.99 63.91
1058.07 52.88
1059.88 59.04
1061.96 56.03
1064.04 52.88
1066.12 56.93
1067.94 55.37
1070.01 54.42
1072.09 58.01
1073.91 57.84
1075.99 59.08
1078.07 59.14
1080.14 55.42
1081.96 55.5
1084.03 60.67
1086.11 51.04
1087.93 56.43
1090.01 55.29
1092.13 57.04
1093.91 55.49
1095.99 58.61
1098.09 54.61
1100.14 54.42
1101.96 54.93
1104.03 54.47
1105.99 55.24
1108.27 52.18
1110.03 56.81
1112.17 62.32
1114.27 57.78
1116.01 58.35
1118.09 57.05
1120.17 60.87
1121.99 56.86
1124.07 55.8
1126.15 54.53
1127.96 56.77
1130.04 50.94
1132.12 63.26
1134.2 59.22
1136.03 53.76
1138.11 59.93
1140.19 57.19
1142.01 58.89
1144.09 59.94
1146.17 57.18
1147.99 59.6
1150.07 55.75
1152.15 56.51
1153.97 55.65
1156.05 56.97
1158.13 56.82
1160.21 56.37
1162.03 61.58
1164.11 56.9
1166.2 52.47
1168.03 56.34
1170.1 57.2
1172.18 49.24
1174.0 57.09
1176.08 55.42
1178.17 57.32
1180.25 57.88
1182.07 55.56
1184.17 55.62
1186.23 55.35
1188.05 56.13
1190.13 57.01
1192.29 56.51
1194.31 56.61
1196.09 61.81
1198.3 55.47
1200.25 54.66
1202.07 59.39
1204.15 56.54
1206.22 59.02
1208.04 58.43
1210.12 55.55
1212.18 58.22
1214.26 54.31
1216.09 46.07
1218.16 54.97
1220.22 56.29
1222.04 61.4
1224.12 56.09
1226.22 56.1
1228.3 57.98
1230.12 60.09
1232.2 48.96
1234.27 52.69
1236.07 50.39
1238.16 50.25
1240.24 49.17
1242.3 8.8
1244.07 60.29
1246.12 49.48
1248.16 46.78
1250.21 59.87
1252.28 65.08
1254.06 57.0
1256.1 58.97
1258.14 55.41
1260.2 56.88
1262.27 58.87
1264.32 57.43
1266.14 55.4
1268.19 58.5
1270.26 61.58
1272.32 56.1
1274.11 53.6
1276.19 54.58
1278.24 59.86
1280.35 52.72
1282.27 60.15
1284.16 59.11
1286.24 58.91
1288.36 58.99
1290.24 56.51
1292.22 58.39
1294.3 59.86
1296.12 55.32
1298.19 54.29
1300.27 57.52
1302.35 56.76
1304.16 54.43
1306.24 57.31
1308.32 54.14
1310.14 62.65
1312.22 60.42
1314.3 59.04
1316.37 53.37
1318.19 52.56
1320.27 58.92
1322.35 57.97
1324.15 55.85
1326.24 48.66
1328.32 54.62
1330.14 55.52
1332.23 58.44
1334.29 52.72
1336.15 56.81
1338.19 58.04
1340.27 55.87
1342.35 58.0
1344.42 46.51
1346.25 58.23
1348.33 56.18
1350.41 56.61
1352.22 60.05
1354.3 59.8
1356.38 57.32
1358.2 59.57
1360.28 55.7
1362.36 59.78
1364.44 54.27
1366.26 58.27
1368.34 54.37
1370.49 52.11
1372.24 55.56
1374.34 57.27
1376.4 52.95
1378.22 57.18
1380.3 55.62
1382.38 55.13
1384.25 52.62
1386.28 50.35
1388.36 60.4
1390.56 58.19
1392.27 55.65
1394.43 55.22
1396.47 58.15
1398.26 56.4
1400.33 61.25
1402.41 56.05
1404.23 56.48
1406.31 55.24
1408.39 62.92
1410.47 51.2
1412.29 56.36
1414.36 48.73
1416.44 62.08
1418.26 50.57
1420.33 57.88
1422.41 58.96
1424.49 59.14
1426.31 52.81
1428.39 57.14
1430.47 50.51
1432.29 57.54
1434.36 54.7
1436.43 49.16
1438.51 56.45
1440.33 53.95
1442.42 54.86
1444.5 54.38
1446.32 57.13
1448.4 55.18
1450.48 56.46
1452.3 55.98
1454.38 58.28
1456.46 56.76
1458.29 57.96
1460.36 56.57
1462.44 55.52
1464.52 15.02
1466.35 58.39
1468.42 60.28
1470.56 56.95
1472.38 57.35
1474.4 58.38
1476.47 54.87
1478.55 53.67
1480.44 55.81
1482.44 57.75
1484.55 57.09
1486.34 57.83
1488.4 56.31
1490.48 58.43
1492.56 57.69
1494.37 55.78
1496.45 57.45
1498.52 56.46
1500.61 56.17
1502.41 53.7
1504.49 55.99
1506.57 56.35
1508.39 53.41
1510.47 59.32
1512.55 55.46
1514.37 58.59
1516.45 56.17
1518.52 54.94
1520.34 55.23
1522.42 58.02
1524.5 56.94
1526.59 57.18
1528.4 61.18
1530.47 61.11
1532.55 53.45
1534.62 56.49
1536.43 53.57
1538.51 55.14
1540.59 54.27
1542.41 59.07
1544.5 60.94
1546.57 58.07
1548.65 52.33
1550.47 58.35
1552.55 56.05
1554.75 54.46
1556.52 59.66
1558.51 55.02
1560.66 55.26
1562.42 57.56
1564.5 55.18
1566.6 40.39
1568.66 56.51
1570.48 59.38
1572.55 57.94
1574.62 58.71
1576.44 57.17
1578.52 59.06
1580.6 54.53
1582.42 55.76
1584.5 55.36
1586.59 55.14
1588.4 59.49
1590.49 54.37
1592.58 59.09
1594.65 60.99
1596.47 56.1
1598.56 59.81
1600.64 59.44
1602.46 58.29
1604.54 52.23
1606.62 53.39
1608.44 56.09
1610.53 55.83
1612.61 60.01
1614.43 58.25
1616.52 56.37
1618.59 59.39
1620.68 58.27
1622.5 55.98
1624.59 57.11
1626.66 59.4
1628.48 56.31
1630.56 58.02
1632.64 58.03
1634.72 60.12
1636.54 55.33
1638.62 52.74
1640.7 57.95
1642.52 56.26
1644.6 56.41
1646.77 55.74
1648.48 57.02
1650.56 54.06
1652.76 59.59
1654.72 13.96
1656.62 54.88
1658.64 54.14
1660.71 48.27
1662.52 58.83
1664.61 55.79
1666.69 56.99
1668.5 56.26
1670.59 51.82
1672.68 55.97
1674.5 60.02
1676.58 55.59
1678.66 57.39
1680.74 58.55
1682.56 56.44
1684.63 52.74
1686.71 54.87
1688.53 57.4
1690.61 48.43
1692.69 59.72
1694.77 57.94
1696.59 56.71
1698.66 52.13
1700.74 55.7
1702.55 59.0
1704.63 47.22
1706.71 58.55
1708.53 59.4
1710.61 55.91
1712.69 57.34
1714.73 55.99
1716.8 58.7
1718.64 58.4
1720.72 49.83
1722.78 58.89
1724.6 58.23
1726.69 56.73
1728.77 55.9
1730.58 59.32
1732.66 54.77
1734.73 53.42
1736.81 56.63
1738.63 57.0
1740.7 53.3
1742.77 55.23
1744.83 54.12
1746.64 58.93
1748.72 52.33
1750.8 55.48
1752.62 57.34
1754.7 52.48
1756.78 58.75
1758.6 58.42
1760.68 52.77
1762.75 54.22
1764.83 55.56
1766.65 57.16
1768.72 58.8
1770.8 56.29
1772.6 63.56
1774.68 58.49
1776.76 59.37
1778.85 55.96
1780.67 59.27
1782.74 52.11
1784.82 56.81
1786.64 57.43
1788.72 55.88
1790.8 51.49
1792.62 59.14
1794.7 53.23
1796.79 56.01
1798.86 57.32
1800.68 55.03
1802.77 57.23
1804.86 57.11
1806.67 52.44
1808.75 48.89
1810.83 55.53
1812.64 54.06
1814.72 55.91
1816.8 55.47
1818.88 51.98
1820.7 60.3
1822.77 61.82
1824.85 57.19
1826.92 58.51
1828.84 54.58
1830.81 51.89
1832.89 56.09
1834.71 57.1
1836.79 61.5
1838.95 53.8
1840.69 55.55
1842.75 49.91
1844.83 58.53
1846.91 13.67
1848.72 55.42
1850.8 54.4
1852.88 53.2
1854.71 55.45
1856.79 57.61
1858.85 53.86
1860.93 57.45
1862.75 55.93
1864.83 58.62
1866.91 58.91
1868.98 59.09
1870.8 59.91
1872.88 60.26
1874.7 58.97
1876.78 57.8
1878.86 59.39
1880.95 54.17
1882.77 61.61
1884.85 53.37
1886.93 56.17
1888.75 56.43
1890.82 60.05
1892.9 63.03
1894.97 57.76
1896.79 59.81
1898.87 59.56
1900.96 38.98
1902.78 60.2
1904.85 61.73
1906.93 54.42
1909.01 59.63
1910.83 59.02
1913.0 58.89
1915.12 55.13
1916.88 56.17
1918.9 55.0
1920.96 54.48
1922.77 52.02
1924.85 59.38
1927.04 58.21
1929.06 57.02
1930.94 52.73
1932.91 54.76
1935.05 59.78
1936.82 50.65
1938.9 59.75
1941.01 55.97
1942.79 56.31
1944.87 61.04
1946.95 59.43
1949.03 59.83
1950.85 56.38
1952.94 57.3
1955.03 55.92
1956.84 58.5
1958.92 59.49
1961.0 55.12
1962.82 56.47
1964.91 56.42
1966.98 58.42
1969.06 60.57
1970.87 59.79
1972.96 57.52
1975.03 55.06
1976.84 54.96
1978.91 60.13
1980.97 49.65
1983.04 54.88
1984.87 56.34
1986.95 74.5
1989.02 55.67
1991.1 57.45
1992.92 58.33
1995.0 57.67
1997.09 57.24
1998.9 54.77
2000.98 56.02
2003.08 62.0
2004.9 53.31
2006.98 58.84
2009.05 55.17
2010.88 56.66
2012.96 60.12
2015.03 59.44
2016.86 54.01
2018.95 61.0
2021.06 56.26
2022.86 55.54
2024.92 58.4
2027.13 57.96
2029.21 56.28
2030.91 55.25
2032.99 56.78
2035.06 56.32
2036.88 52.22
2038.96 56.98
2041.04 53.77
2043.12 62.26
2044.94 55.18
2047.02 60.08
2049.09 53.08
2051.17 57.33
2052.99 56.61
2055.07 58.75
2056.88 55.69
2058.95 54.17
2061.03 58.53
2063.11 58.97
2064.93 57.45
2067.01 59.16
2069.08 56.04
2070.91 57.35
2072.99 53.0
2075.07 60.91
2077.15 56.5
2078.96 54.17
2081.04 52.11
2083.12 55.2
2084.94 60.02
2087.02 54.13
2089.08 56.53
2091.16 56.33
2092.98 58.52
2095.06 57.17
2097.14 56.18
2098.96 57.1
2101.04 54.4
2103.11 57.3
2105.19 55.42
2107.01 57.2
2109.09 55.65
2111.19 58.24
2113.01 57.11
2115.08 59.52
2117.16 56.6
2118.99 57.34
2121.06 57.42
2123.14 55.91
2125.2 9.72
2127.02 57.99
2129.1 59.11
2131.18 55.31
2133.0 56.5
2135.08 51.59
2137.15 55.41
2138.98 58.09
2141.04 60.19
2143.12 59.61
2145.2 58.26
2147.03 59.72
2149.12 57.02
2151.18 58.12
2153.26 59.66
2155.08 54.46
2157.15 58.19
2159.24 58.22
2161.05 55.55
2163.13 57.3
2165.21 59.05
2167.03 56.26
2169.1 56.31
2171.19 58.54
2173.01 13.2
2175.09 57.23
2177.17 53.91
2179.25 56.88
2181.07 57.38
2183.15 58.47
2185.23 58.69
2187.05 56.02
2189.13 56.95
2191.21 55.86
2193.08 57.19
2195.1 58.9
2197.18 54.09
2199.39 56.1
2201.09 58.09
2203.15 56.94
2205.23 55.88
2207.05 58.65
2209.13 57.55
2211.21 56.14
2213.29 55.14
2215.15 54.46
2217.19 59.24
2219.26 57.39
2221.08 57.36
2223.15 59.02
2225.23 60.76
2227.32 60.67
2229.13 57.35
2231.21 56.19
2233.29 55.7
2235.11 58.63
2237.19 58.16
2239.28 57.0
2241.1 57.93
2243.17 55.13
2245.26 60.64
2247.07 57.51
2249.15 57.18
2251.22 60.77
2253.08 56.89
2255.11 55.1
2257.2 57.94
2259.28 55.92
2261.36 60.92
2263.18 62.07
2265.26 56.43
2267.34 60.57
2269.16 56.01
2271.24 57.43
2273.32 59.2
2275.13 56.38
2277.21 59.4
2279.29 55.95
2281.38 57.54
2283.2 59.61
2285.28 55.14
2287.36 55.33
2289.18 55.26
2291.26 57.6
2293.44 59.02
2295.16 57.27
2297.33 55.55
2299.31 52.96
2301.18 57.49
2303.21 57.64
2305.44 55.08
2307.37 55.64
2309.18 53.19
2311.26 57.64
2313.34 52.89
2315.43 56.95
2317.24 57.68
2319.34 59.08
2321.42 59.22
2323.23 56.43
2325.32 59.18
2327.39 57.58
2329.21 58.2
2331.29 53.72
2333.37 58.13
2335.45 56.38
2337.28 56.4
2339.35 56.58
2341.45 58.68
2343.27 56.99
2345.34 58.3
2347.42 55.47
2349.25 58.59
2351.32 55.37
2353.4 58.79
2355.22 55.21
2357.31 56.02
2359.38 57.84
2361.46 61.11
2363.28 58.46
2365.37 60.31
2367.44 55.92
2369.26 56.8
2371.32 56.68
2373.2 56.33
2375.22 57.05
2377.3 58.08
2379.38 56.36
2381.46 54.99
2383.28 60.79
2385.36 58.24
2387.44 57.62
2389.26 56.22
2391.36 56.87
2393.42 59.79
2395.5 56.3
2397.32 57.64
2399.41 56.43
2401.48 59.7
2403.35 59.86
2405.39 50.65
2407.46 54.92
2409.29 54.29
2411.36 56.93
2413.44 56.81
2415.53 54.88
2417.35 56.13
2419.43 55.56
2421.5 60.04
2423.32 58.82
2425.4 59.6
2427.48 56.34
2429.3 52.11
2431.38 58.3
2433.46 57.61
2435.28 55.82
2437.36 56.4
2439.44 55.64
2441.52 56.57
2443.34 56.24
2445.41 62.39
2447.49 56.73
2449.31 59.63
2451.39 53.86
2453.47 59.06
2455.54 56.76
2457.36 60.52
2459.44 58.4
2461.52 57.88
2463.34 55.38
2465.43 51.16
2467.51 57.42
2469.33 56.0
2471.41 55.1
2473.48 57.57
2475.56 50.35
2477.38 54.49
2479.45 58.45
2481.53 53.89
2483.43 59.63
2485.42 57.65
2487.5 59.87
2489.58 61.43
2491.41 52.46
2493.51 53.4
2495.57 57.61
2497.37 55.65
2499.45 55.1
2501.54 59.09
2503.36 60.21
2505.44 60.24
2507.52 55.33
2509.6 55.99
2511.42 54.63
2513.5 57.55
2515.58 58.38
2517.39 65.28
2519.49 69.22
2521.56 60.43
2523.38 65.13
2525.46 67.42
2527.52 65.57
2529.6 68.28
2531.42 61.81
2533.5 59.5
2535.58 53.56
2537.4 55.62
2539.48 56.25
2541.57 60.28
2543.63 59.46
2545.45 61.92
2547.52 50.9
2549.6 59.66
2551.42 54.49
2553.5 59.92
2555.58 57.34
2557.66 54.9
2559.49 66.91
2561.57 54.86
2563.65 54.52
2565.47 61.13
2567.56 56.49
2569.63 58.91
2571.45 55.97
2573.53 59.21
2575.63 60.73
2577.43 59.58
2579.5 65.17
2581.56 59.32
2583.64 67.48
2585.46 57.57
2587.54 60.29
2589.63 66.42
2591.71 56.86
2593.53 53.56
2595.62 57.48
2597.44 57.59
2599.51 67.45
2601.6 62.53
2603.45 63.66
2605.48 11.53
2607.55 60.31
2609.63 54.13
2611.7 59.69
2613.51 58.22
2615.6 67.28
2617.68 51.22
2619.49 55.72
2621.55 63.47
2623.63 56.5
2625.71 63.76
2627.53 60.51
2629.61 61.29
2631.69 66.32
2633.51 60.41
2635.6 54.44
2637.68 60.59
2639.5 61.82
2641.58 60.43
2643.66 59.71
2645.48 61.01
2647.56 73.73
2649.64 65.92
2651.72 62.9
2653.54 66.22
2655.62 68.53
2657.69 63.61
2659.77 55.0
2661.6 59.46
2663.76 60.3
2665.78 68.74
2667.56 63.91
2669.7 53.74
2671.71 60.56
2673.56 54.7
2675.67 60.5
2677.81 59.44
2679.79 57.6
2681.61 58.13
2683.74 54.44
2685.76 55.96
2687.6 50.7
2689.66 56.7
2691.9 15.61
2693.82 57.43
2695.64 58.78
2697.72 56.04
2699.59 57.57
2701.62 53.1
2703.7 52.49
2705.77 59.92
2707.6 60.19
2709.68 57.07
2711.74 55.2
2713.82 58.14
2715.64 57.83
2717.72 67.94
2719.79 60.08
2721.61 52.97
2723.69 52.79
2725.77 62.62
2727.6 62.62
2729.66 62.62
2731.75 62.62
2733.82 56.16
2735.65 56.05
2737.73 53.98
2739.8 58.47
2741.62 57.84
2743.71 56.92
2745.76 73.1
2747.58 54.92
2749.83 62.24
2751.62 58.58
2753.68 48.88
2755.73 56.7
2757.77 56.86
2759.82 58.24
2761.86 55.64
2763.66 56.21
2765.79 56.88
2767.8 56.52
2769.86 56.88
2771.7 57.26
2773.63 55.88
2775.7 52.67
2777.76 59.87
2779.84 66.46
2781.68 58.68
2783.76 56.76
2785.84 61.85
2787.66 58.94
2789.74 64.52
2791.82 74.85
2793.9 62.54
2795.72 63.51
2797.8 58.02
2799.88 58.3
2801.7 64.23
2803.78 64.54
2805.86 64.11
2807.68 62.75
2809.76 66.0
2811.85 65.04
2813.93 57.45
2815.76 57.2
2817.84 51.4
2819.66 58.94
2821.74 48.63
2823.82 59.49
2825.89 59.19
2827.71 50.35
2829.78 56.69
2831.87 68.63
2833.95 64.79
2835.77 55.71
2837.85 53.89
2839.93 57.94
2841.75 53.86
2843.82 58.57
2845.9 52.47
2847.72 60.16
2849.8 59.63
2851.88 55.51
2853.96 56.1
2855.78 57.61
2857.86 57.57
2859.94 59.53
2861.76 54.12
2863.9 62.25
2865.96 57.15
2867.82 55.99
2869.86 55.22
2871.94 56.24
2873.76 56.24
2875.84 56.24
2877.92 56.24
2880.0 56.24
2881.81 56.24
2883.89 56.24
2885.97 56.24
2887.78 56.24
2889.84 55.87
2891.92 61.11
2893.75 53.26
2895.85 54.3
2897.93 55.49
2900.0 63.93
2901.82 56.8
2903.9 66.04
2905.98 61.66
2907.8 62.26
2909.88 58.28
2911.96 57.03
2913.78 54.31
2915.85 59.8
2917.93 54.97
2920.01 56.08
2921.83 50.04
2923.95 54.44
2925.77 57.38
2927.84 60.42
2929.92 57.1
2932.0 64.5
2933.82 55.59
2935.91 57.12
2938.0 57.15
2940.13 60.28
2941.88 63.19
2943.96 53.44
2946.04 62.99
2947.86 63.23
2950.05 58.13
2952.01 62.37
2953.93 55.51
2955.9 55.8
2957.97 59.52
2960.05 62.74
2961.89 55.63
2964.01 56.6
2966.04 57.81
2967.86 55.36
2969.94 62.85
2972.03 55.3
