0.0 30.11
1.34 77.34
3.34 42.08
5.34 12.44
7.34 15.27
9.34 31.44
11.34 0.98
13.34 13.05
15.34 116.62
17.34 71.74
19.34 0.41
21.42 27.66
23.34 25.87
25.4 68.92
27.34 31.64
29.42 104.53
31.34 147.54
33.34 17.87
35.34 107.19
37.34 24.99
39.34 117.61
41.34 132.11
43.34 41.03
45.34 162.57
47.34 31.98
49.34 166.99
51.34 32.36
53.34 34.95
55.34 83.77
57.34 25.59
59.34 97.83
61.34 32.24
63.4 124.23
65.34 66.96
67.34 124.05
69.35 227.28
71.34 24.85
73.4 160.38
75.34 34.39
77.4 145.98
79.34 145.98
81.34 25.59
83.35 109.29
85.35 25.94
87.34 105.05
89.42 72.62
91.34 70.54
93.34 80.26
95.65 97.24
97.42 119.35
99.59 82.73
101.42 86.33
103.42 86.33
105.34 86.33
107.65 126.48
109.65 32.44
111.67 96.19
113.67 96.19
115.61 96.19
117.6 96.19
119.6 25.3
121.6 106.04
123.67 100.48
125.59 100.48
127.67 28.57
129.67 31.55
131.67 68.6
133.59 68.6
135.6 102.54
137.39 41.68
139.59 71.69
141.6 58.37
143.67 132.21
145.65 132.21
147.65 20.13
149.67 56.61
151.6 45.9
153.67 128.0
155.65 123.29
157.59 18.17
159.66 153.16
161.59 102.07
163.59 75.73
165.6 126.16
167.6 42.27
169.6 134.08
171.65 24.6
173.65 201.27
175.65 74.82
177.65 22.43
179.65 133.71
181.6 44.63
183.6 108.41
185.6 25.04
187.65 164.02
189.59 87.65
191.65 31.87
193.59 181.64
195.6 25.74
197.59 67.96
199.6 167.6
201.6 31.83
203.59 119.12
205.59 33.13
207.6 152.81
209.6 65.42
211.59 62.45
213.65 101.44
215.65 33.27
217.6 133.75
219.66 19.15
221.66 124.79
223.59 172.02
225.59 41.88
227.65 151.68
229.59 31.29
231.59 97.39
233.6 25.93
235.6 70.03
237.65 116.05
239.65 35.46
241.59 87.29
243.59 25.89
245.59 13.01
247.59 85.08
249.67 32.56
251.67 188.49
253.59 24.98
255.59 153.05
257.6 26.03
259.65 124.79
261.65 54.25
263.65 24.51
265.65 145.08
267.61 31.64
