0.0 0.32
53.87 0.32
59.04 0.4
62.39 0.36
65.94 0.36
72.22 0.33
78.57 0.36
83.58 0.33
86.72 0.34
89.64 0.36
92.47 0.36
99.32 0.35
108.07 0.36
116.33 0.36
121.54 0.31
124.43 0.35
127.13 0.37
131.6 0.34
135.63 0.36
137.94 0.34
141.37 0.37
145.29 0.34
150.92 0.35
155.59 0.37
158.94 0.36
162.79 0.33
167.31 0.32
170.82 0.34
173.38 0.37
176.1 0.31
179.93 0.34
182.46 0.34
184.42 0.36
186.02 0.33
189.29 0.32
193.63 0.36
197.31 0.34
200.83 0.35
203.98 0.33
206.38 0.36
208.87 0.37
212.02 0.34
215.83 0.18
221.32 0.34
225.92 0.35
229.42 0.33
235.48 0.36
241.27 0.35
243.77 0.33
246.6 0.34
249.0 0.33
254.42 0.4
258.97 0.38
262.73 0.35
266.71 0.35
270.6 0.33
274.23 0.38
277.58 0.32
282.34 0.35
285.54 0.38
289.72 0.33
293.58 0.4
297.54 0.34
301.53 0.34
304.53 0.33
306.92 0.34
310.8 0.35
314.21 0.34
317.79 0.38
320.68 0.36
323.72 0.34
326.31 0.37
329.36 0.36
332.23 0.35
334.85 0.31
337.64 0.35
340.2 0.37
342.99 0.36
346.37 0.37
349.15 0.34
352.79 0.33
355.42 0.32
358.53 0.37
361.22 0.37
363.95 0.39
366.46 0.35
368.99 0.33
372.08 0.34
374.85 0.37
378.35 0.33
381.23 0.19
384.06 0.39
387.12 0.39
388.0 0.32
389.3 0.37
390.16 0.39
391.06 0.32
393.88 0.37
397.67 0.34
401.74 0.39
404.12 0.37
407.59 0.34
411.95 0.34
416.11 0.36
420.63 0.36
423.97 0.33
427.87 0.34
431.72 0.34
436.0 0.36
440.96 0.41
445.26 0.36
448.82 0.35
452.1 0.35
455.61 0.33
459.78 0.39
463.72 0.34
468.02 0.35
472.35 0.34
475.21 0.35
478.3 0.35
481.37 0.37
485.75 0.36
488.89 0.36
492.23 0.35
495.03 0.23
497.71 0.36
500.74 0.37
503.46 0.33
506.5 0.37
509.22 0.34
512.41 0.34
515.12 0.36
518.27 0.32
521.5 0.36
524.15 0.34
526.96 0.34
530.19 0.35
533.63 0.36
537.63 0.36
541.63 0.36
544.81 0.35
547.52 0.36
552.41 0.35
556.52 0.34
560.08 0.33
563.79 0.34
567.49 0.36
571.13 0.32
575.47 0.38
578.32 0.34
581.37 0.37
584.74 0.35
588.43 0.37
591.15 0.35
594.37 0.35
597.43 0.36
600.19 0.36
603.43 0.36
606.46 0.35
609.7 0.34
614.23 0.35
616.99 0.36
620.16 0.38
