0.0 1.12
0.51 0.41
1.12 6.74
1.86 1.09
3.85 1.06
5.87 4.45
7.85 1.71
9.85 1.2
11.85 0.76
13.85 4.65
15.87 5.8
17.85 0.85
19.85 5.6
21.85 0.59
23.85 1.83
25.85 3.08
27.85 0.44
29.86 2.06
31.87 0.74
33.87 0.29
35.85 6.55
37.85 1.27
39.85 2.29
41.85 4.8
43.85 2.98
45.86 3.79
47.85 0.57
49.85 2.01
51.85 0.59
53.85 1.38
55.82 3.6
57.85 0.32
59.85 1.73
61.85 0.78
63.85 1.07
65.85 0.56
67.85 0.16
69.85 1.54
71.85 6.16
73.85 0.78
75.85 1.54
77.87 0.69
79.85 3.02
81.86 5.42
83.85 3.0
85.85 3.93
87.86 2.44
89.85 4.84
91.85 2.97
93.85 0.42
95.85 4.2
97.85 0.72
99.85 0.91
101.87 0.61
103.83 0.57
105.86 7.22
107.86 1.04
109.9 1.43
111.86 0.98
113.85 0.64
115.85 3.58
117.85 0.78
119.85 4.89
121.87 3.5
123.87 1.39
125.85 3.9
127.82 0.87
129.85 3.31
131.85 25.28
133.85 8.35
135.85 1.48
137.85 6.14
139.85 2.67
141.85 1.23
143.85 1.01
145.86 4.66
147.85 3.24
149.88 11.69
151.85 0.55
153.85 0.44
155.86 12.44
157.85 0.74
159.85 4.24
161.85 1.47
163.86 3.06
165.85 0.46
167.85 0.14
169.85 2.95
171.85 10.34
173.85 0.97
175.82 0.67
177.86 19.53
179.85 1.92
181.85 0.68
183.85 6.56
185.85 6.4
187.85 2.29
189.85 2.19
191.87 21.64
193.85 22.49
195.85 6.35
197.85 17.09
199.85 11.36
201.85 0.14
203.85 8.38
205.85 1.31
207.85 4.6
209.86 21.64
211.85 7.66
213.85 19.57
215.85 0.14
217.85 3.2
219.85 0.71
221.85 1.19
223.85 6.38
225.85 0.71
227.85 5.89
229.85 0.27
231.85 1.66
233.85 8.68
235.85 20.51
237.86 9.98
239.86 6.47
242.1 32.99
244.1 5.68
246.11 9.24
248.1 0.84
250.1 10.99
251.85 12.08
254.1 6.7
256.1 9.43
258.1 2.0
260.11 0.3
262.1 2.89
264.1 0.15
266.1 9.79
268.1 2.98
270.1 1.77
272.1 2.91
274.1 0.93
276.1 10.44
278.1 0.28
280.12 10.04
282.11 0.43
284.1 0.71
286.1 7.65
288.1 0.44
290.1 12.46
292.11 0.45
294.1 3.26
296.1 7.18
298.1 0.15
300.11 8.65
302.1 1.12
304.12 2.67
306.1 0.75
308.1 0.73
310.11 6.32
312.1 0.52
314.1 20.52
316.12 0.64
318.1 8.11
320.1 6.05
322.1 1.79
324.12 0.61
