0.0 0.61
1.41 0.55
2.14 0.58
3.28 0.4
5.12 1.01
6.54 0.48
7.88 0.58
8.89 0.6
10.47 0.55
12.61 0.5
15.13 0.86
18.18 0.44
21.4 0.52
22.08 0.75
23.71 1.65
24.66 1.26
26.18 1.19
26.94 0.68
27.67 1.3
28.74 1.53
29.94 1.93
32.26 0.65
33.17 0.31
38.05 0.47
40.45 1.42
42.11 1.77
44.63 0.54
45.98 0.48
49.03 1.34
52.15 0.44
54.69 0.8
56.39 0.47
58.88 0.51
60.69 1.16
62.4 1.29
64.95 0.37
66.12 0.5
67.66 0.85
70.42 0.48
72.35 0.54
75.23 0.95
77.18 0.5
80.02 0.5
83.31 0.42
84.35 0.58
86.81 0.85
88.26 0.56
90.44 0.55
91.47 0.42
93.51 1.59
97.14 0.45
98.18 1.27
99.49 0.15
100.74 1.83
101.93 0.91
104.41 0.14
105.97 2.21
108.95 1.78
112.2 0.07
113.95 0.56
114.84 0.49
116.91 1.27
119.27 0.61
121.63 0.61
124.85 0.47
126.35 0.41
127.78 0.66
129.31 0.53
131.07 0.58
133.08 0.44
135.15 0.46
138.24 0.35
139.52 0.84
141.58 0.45
144.82 0.37
145.5 0.46
147.2 0.16
148.37 0.91
152.44 1.68
155.03 1.12
155.78 1.92
157.87 0.46
162.54 0.52
165.92 0.52
166.52 0.57
167.95 0.54
169.07 0.48
172.61 0.49
173.42 0.93
174.68 0.83
176.01 0.66
179.66 0.27
180.8 0.49
181.39 1.44
182.21 0.62
183.3 0.96
185.81 1.94
187.32 0.71
191.95 0.55
194.32 0.42
196.45 0.54
201.75 1.75
202.84 0.63
205.72 2.27
206.66 1.19
208.15 0.58
209.28 0.33
213.11 0.23
214.35 0.76
215.53 0.49
217.68 0.56
218.58 0.54
220.04 0.39
224.98 0.48
226.31 0.92
229.02 0.45
230.81 0.57
231.84 0.49
233.04 1.06
236.39 0.41
237.95 0.94
241.05 0.43
242.84 1.63
245.16 0.77
250.41 0.28
251.46 0.56
252.08 1.76
252.73 1.5
256.35 0.55
257.79 0.53
260.05 0.78
262.16 0.56
263.81 0.55
270.59 0.17
271.59 0.62
275.09 0.49
278.34 0.71
280.79 1.22
282.67 0.22
283.89 1.38
286.02 1.45
287.55 1.1
288.96 0.04
289.8 0.45
290.46 1.26
292.54 0.49
294.01 0.5
296.49 0.62
300.12 0.23
303.04 0.83
305.35 0.58
308.34 0.39
312.19 0.61
314.89 0.62
316.16 0.45
316.98 0.84
321.45 0.01
323.15 0.38
327.7 0.22
330.01 0.01
332.4 0.19
333.47 0.93
340.27 1.13
341.05 1.66
343.21 1.34
344.8 0.34
345.49 1.42
350.53 1.81
351.54 2.57
352.91 0.59
354.11 0.59
356.59 0.62
358.12 0.95
361.08 0.41
364.64 0.21
366.56 0.22
372.32 0.03
374.11 0.29
375.92 0.44
376.86 0.75
384.19 0.3
385.47 0.26
386.79 0.26
388.04 0.13
391.02 0.26
396.71 0.31
398.03 1.45
406.62 1.02
410.43 0.21
412.11 0.55
420.01 0.47
425.89 0.2
430.73 0.28
432.63 0.17
437.37 0.18
444.77 0.03
450.88 0.46
455.62 0.28
458.28 0.03
459.7 0.04
460.42 0.02
460.94 0.63
471.99 0.0
474.14 0.18
475.5 0.71
478.21 0.99
478.9 0.22
479.42 0.03
480.5 1.24
483.42 0.88
488.76 0.2
492.09 0.17
494.68 0.04
497.58 0.9
502.58 0.19
503.83 0.53
504.71 0.52
507.62 0.11
511.42 0.03
514.2 0.65
522.79 0.05
531.07 0.22
532.2 0.55
532.83 1.17
533.98 0.04
538.68 1.16
539.62 1.46
541.89 0.79
543.18 0.66
552.64 1.33
558.48 0.0
563.42 0.28
564.21 0.23
567.54 0.19
568.5 0.03
572.58 0.23
573.68 0.23
574.93 0.22
577.53 0.42
578.85 0.2
579.64 0.95
582.51 1.26
583.79 0.34
585.68 0.22
588.17 0.53
593.19 0.01
594.94 0.68
596.37 1.19
623.39 0.51
625.04 0.51
626.04 1.22
632.81 0.02
633.99 0.87
636.89 0.01
638.94 0.03
640.47 0.38
642.13 0.09
644.52 0.15
646.96 0.21
650.9 0.02
654.51 0.12
658.36 0.23
661.34 0.03
662.54 0.11
667.99 0.41
674.56 0.01
685.04 0.48
686.66 0.5
687.18 1.36
689.87 0.21
691.65 1.54
693.61 0.49
700.98 0.57
705.6 1.16
710.35 0.07
715.18 0.22
718.73 0.6
720.9 0.3
726.92 0.14
728.38 0.51
730.54 0.52
734.94 0.02
738.06 0.89
744.15 0.2
748.66 0.11
750.81 0.01
751.56 0.02
752.66 0.07
758.36 0.22
759.62 0.01
775.46 0.07
776.71 1.0
779.54 0.91
780.72 0.55
783.7 0.75
787.69 0.02
792.44 0.22
798.44 0.85
801.71 0.21
805.97 0.08
808.45 0.29
810.0 0.87
810.98 0.57
811.74 0.91
813.36 0.04
814.72 0.02
817.52 1.16
819.79 1.03
823.24 1.06
832.49 0.21
840.42 0.19
846.9 0.4
850.22 0.38
852.28 0.64
855.6 1.03
858.83 1.13
867.91 0.16
871.68 0.42
874.81 0.37
879.08 0.5
881.54 0.02
884.13 0.02
885.86 0.51
886.76 0.75
887.79 0.58
889.68 0.01
891.9 0.09
893.84 0.05
895.16 0.2
898.88 0.24
902.25 0.42
903.91 0.03
906.17 0.55
907.78 1.29
909.24 0.01
909.88 1.14
911.06 0.65
912.12 0.03
915.28 0.01
919.13 0.03
923.66 0.23
927.52 0.1
934.5 0.01
936.08 0.49
938.0 0.44
940.97 0.41
942.98 0.16
945.14 0.64
945.86 0.28
947.23 0.36
950.45 1.26
951.92 0.25
956.04 0.55
957.9 0.21
958.78 0.47
962.06 0.6
964.54 0.47
967.13 0.63
969.86 1.01
974.67 0.17
976.9 0.02
978.82 0.36
979.34 0.84
980.69 1.11
982.09 1.23
982.86 1.08
984.56 0.94
986.67 1.54
989.4 1.35
991.36 1.55
993.16 1.8
994.01 1.45
996.74 0.18
1006.55 0.15
1009.09 0.58
1012.74 1.1
1013.98 0.02
1015.37 1.49
1016.64 0.77
1017.95 0.75
1019.79 0.16
1021.83 0.17
1022.95 0.25
1024.68 0.03
1027.2 0.02
1028.21 0.27
1032.23 0.17
1034.2 0.16
1036.09 0.03
1047.03 0.1
1049.41 0.19
1052.84 0.32
1054.68 0.38
1058.26 0.92
1060.11 0.94
1075.4 0.02
1080.64 0.24
1087.09 0.42
1097.74 0.02
1104.2 0.37
1105.86 0.45
1114.13 0.02
1116.43 0.24
1125.09 0.97
1128.63 0.01
1131.96 0.64
1152.42 0.0
1161.33 0.02
1163.21 0.22
1164.28 0.19
1168.51 0.14
1170.51 0.04
1177.78 0.19
1187.86 0.19
1197.3 0.41
1199.76 0.25
1200.95 0.81
1201.96 0.65
