0.0 0.54
3.66 0.59
4.45 0.61
5.01 0.9
5.63 0.86
6.26 1.77
6.85 3.04
8.0 3.54
9.21 2.92
18.41 0.7
20.67 0.55
23.27 0.04
23.87 0.42
24.5 3.62
25.72 2.57
27.56 1.48
41.01 0.66
44.59 0.09
46.19 1.15
46.88 2.56
47.87 2.64
48.47 3.45
49.24 3.46
51.83 0.6
58.89 0.35
63.43 0.01
67.08 0.31
69.47 0.26
70.48 0.06
71.09 0.38
71.77 1.6
72.41 2.79
73.28 2.94
75.32 0.95
81.9 0.74
83.71 0.14
84.32 0.91
85.51 0.28
87.43 0.48
88.92 0.7
90.88 0.4
91.86 1.03
96.55 0.42
98.24 0.48
99.93 0.35
101.54 0.36
103.7 0.58
104.76 0.43
105.51 0.62
108.46 0.21
110.43 0.83
112.63 0.67
114.22 0.86
114.97 1.49
115.53 3.76
119.82 0.51
120.79 0.02
123.9 0.17
126.31 0.63
127.27 0.48
129.03 0.78
131.04 0.66
132.74 1.16
135.32 0.95
137.99 0.3
141.22 0.62
143.76 0.57
145.64 0.54
147.85 0.57
149.01 0.44
151.44 0.67
153.07 0.4
158.03 0.5
159.75 0.61
161.75 0.6
163.58 0.5
165.58 0.53
166.84 0.67
167.86 0.48
168.65 0.83
169.58 1.48
181.35 0.82
182.01 0.43
183.76 0.02
184.32 0.73
185.86 0.31
187.0 0.74
190.46 0.01
191.53 0.71
193.56 0.63
195.42 0.1
197.14 0.78
198.48 0.3
200.11 1.0
202.72 1.56
205.08 0.18
207.48 0.31
212.43 0.01
213.88 0.49
214.96 0.62
216.61 0.59
218.71 0.06
220.0 0.76
221.0 1.27
222.9 0.99
224.19 0.68
225.61 0.61
228.11 0.92
233.34 0.33
236.27 0.61
238.34 0.5
240.51 0.54
242.07 0.93
243.74 0.91
244.69 0.65
247.1 0.66
248.83 0.52
251.92 0.87
253.08 0.55
254.42 0.62
257.1 0.47
258.78 0.35
260.71 0.82
262.67 0.42
263.18 0.54
265.96 0.8
267.68 1.23
269.34 1.09
270.72 1.23
275.4 1.31
278.35 0.38
279.69 0.34
281.86 0.08
282.62 0.51
283.34 0.76
285.9 0.01
286.59 0.9
287.56 0.61
288.14 1.18
289.52 0.77
291.51 0.72
293.51 0.85
295.51 0.21
297.51 1.52
299.72 3.14
303.38 0.61
308.86 0.78
310.69 0.71
313.84 0.05
316.72 0.08
320.08 0.68
322.14 0.28
323.44 0.44
326.73 0.15
329.33 0.47
330.87 0.56
331.75 0.72
333.2 0.54
334.27 0.73
335.67 0.82
337.87 0.76
338.71 1.78
339.6 2.98
340.1 2.08
341.15 3.05
343.12 4.24
345.48 0.85
351.22 0.29
354.98 0.86
356.64 0.11
357.52 1.22
358.66 1.73
360.67 0.18
362.34 1.01
364.47 1.16
366.08 0.67
368.79 0.34
371.74 0.66
375.54 0.11
378.31 0.42
379.33 1.09
380.7 1.14
383.43 1.3
385.03 0.93
387.62 0.95
389.05 0.9
390.44 1.16
392.5 0.97
394.32 0.26
396.62 0.88
397.78 0.99
400.05 0.28
402.64 0.44
404.97 0.6
407.24 0.57
409.24 0.56
410.21 0.9
410.86 1.66
411.53 3.32
412.93 1.98
415.48 0.61
423.9 0.05
427.11 0.05
428.52 0.36
429.36 1.09
429.97 1.72
431.62 0.14
435.17 2.43
436.09 3.76
437.03 2.8
444.22 0.07
446.68 0.83
448.86 0.1
451.06 0.12
453.21 0.66
454.72 0.5
455.78 0.77
456.76 0.58
459.13 0.15
460.87 0.44
462.39 0.56
464.42 0.21
467.79 0.03
470.71 0.3
472.49 0.13
473.21 1.17
473.75 0.68
476.78 0.08
479.8 0.26
482.08 0.32
484.39 0.09
485.44 0.44
487.4 0.58
488.64 0.55
489.2 1.82
489.74 1.75
490.79 3.08
491.77 3.06
493.42 2.96
496.01 3.15
498.05 1.31
505.04 0.24
507.76 0.25
511.14 0.5
512.45 0.1
513.68 1.18
515.4 0.78
517.56 0.68
518.43 2.31
519.34 1.94
520.4 3.02
521.49 1.99
524.99 0.32
529.69 0.53
532.09 0.52
534.8 0.4
537.39 0.05
538.53 0.53
540.2 0.09
542.03 0.66
543.32 0.3
544.21 0.81
545.15 0.86
546.66 0.6
550.69 0.63
554.44 0.5
557.32 0.37
558.69 0.54
560.25 0.55
561.35 0.62
563.42 0.02
564.98 0.31
566.18 0.5
567.86 0.84
569.83 0.88
572.95 0.24
576.6 0.23
578.6 0.4
580.37 0.49
582.11 0.57
583.62 0.58
584.36 0.69
586.49 0.54
588.89 0.7
589.91 0.79
591.4 0.35
592.9 1.16
596.52 0.04
599.32 0.83
600.59 0.86
603.07 0.55
605.02 0.91
606.75 0.57
608.86 1.0
610.56 0.7
612.03 0.97
612.72 0.16
613.68 0.42
615.19 0.79
619.67 0.04
622.29 0.8
623.8 1.12
625.21 1.22
626.85 0.87
628.51 0.73
630.16 1.02
631.39 1.21
633.27 1.12
635.49 0.97
637.73 0.6
642.73 0.91
645.7 0.13
647.71 0.78
649.45 0.55
650.66 1.08
651.98 1.17
652.86 1.33
654.04 0.75
656.63 1.02
659.34 1.73
661.92 1.15
665.52 0.62
667.78 0.21
669.77 1.18
672.01 1.1
674.47 0.64
676.04 1.29
678.45 0.96
680.37 0.07
682.77 0.42
685.98 0.4
687.18 0.78
688.4 0.9
689.39 0.3
691.72 0.71
692.81 1.11
694.17 1.03
695.82 0.43
697.76 0.12
700.75 0.52
703.88 0.85
705.23 0.91
706.49 0.18
708.38 0.69
710.55 0.9
713.12 0.71
715.47 0.46
718.61 0.04
720.69 0.92
722.13 0.73
723.9 0.17
725.17 0.44
726.62 0.87
728.37 1.04
729.46 0.95
730.54 1.02
731.91 0.09
737.57 0.26
739.97 0.51
743.04 0.46
746.13 0.49
748.45 0.71
749.24 0.57
750.22 0.61
751.32 0.64
752.84 0.7
755.1 0.46
756.28 1.17
758.11 0.3
761.98 0.05
764.19 0.26
765.93 0.35
768.08 0.65
769.45 0.52
771.25 0.48
771.86 0.59
773.67 0.5
775.37 0.23
777.94 0.07
780.21 0.32
782.17 0.81
784.37 0.69
786.04 0.32
787.9 0.6
789.06 0.75
792.02 0.61
794.05 0.59
796.74 0.53
798.37 0.95
799.78 0.84
800.76 2.62
801.5 2.31
802.23 2.8
803.01 2.47
804.84 3.11
806.84 3.14
808.84 3.98
810.85 2.36
813.48 2.99
814.85 2.71
816.86 0.87
818.84 2.27
820.84 1.23
822.85 3.33
824.89 2.4
826.84 3.24
828.86 3.39
830.87 0.83
832.84 3.45
834.85 2.4
836.87 1.84
838.85 2.75
840.85 2.57
842.84 2.72
844.84 2.69
846.84 3.66
848.85 2.31
850.84 2.99
852.84 2.65
854.84 2.83
856.84 2.86
858.87 3.41
860.84 2.77
862.85 1.72
864.84 2.71
866.84 1.49
868.85 2.4
870.84 2.45
872.87 1.68
874.85 0.53
876.89 1.4
879.2 2.39
881.47 1.61
885.19 0.17
889.06 1.58
894.28 0.25
896.21 0.38
898.17 0.87
900.04 0.87
901.61 1.21
902.57 1.64
903.71 1.21
905.66 0.32
907.92 0.45
909.33 0.52
918.13 0.14
919.78 0.46
921.29 0.18
922.63 0.18
925.2 0.54
926.58 0.99
927.18 1.45
927.98 2.88
929.39 2.98
931.46 2.92
933.33 1.98
935.21 2.58
940.96 0.21
941.54 1.08
943.27 2.48
944.96 3.03
946.07 2.58
947.53 2.96
949.31 2.88
950.47 2.89
952.01 3.43
955.25 0.72
963.78 0.81
964.52 1.25
965.15 1.16
965.73 3.62
967.24 2.09
969.55 2.35
975.39 0.24
977.73 0.19
978.83 4.28
979.86 2.51
980.65 3.39
982.45 2.03
984.18 2.69
986.66 2.52
987.34 2.91
989.43 1.54
994.21 3.37
997.64 1.62
999.83 2.17
1001.43 2.05
1005.0 1.21
1006.69 2.63
1008.93 1.13
1009.85 1.77
1010.59 3.27
1011.16 2.76
1015.06 0.34
1017.27 3.0
1018.79 2.54
1020.53 1.16
1022.91 1.13
1024.2 2.46
1027.17 0.28
1028.44 1.24
1029.29 1.35
1030.27 2.89
1035.23 2.65
1036.63 3.19
1041.44 1.65
1043.63 0.2
1045.8 1.67
1047.41 3.38
1048.85 1.65
1052.27 3.07
1053.66 3.24
1056.41 1.27
1060.86 0.63
1063.07 2.1
1064.37 1.08
1065.44 2.36
1066.81 3.21
1068.14 2.27
1068.77 1.91
1070.82 3.33
1073.31 0.42
1074.12 0.86
1076.11 1.78
1079.14 1.07
1088.24 2.0
1089.33 2.44
1089.97 3.4
1090.5 3.46
1091.16 3.41
1092.36 3.63
1095.02 2.24
1097.72 0.34
1100.4 2.15
1102.01 1.53
1106.2 0.11
1109.24 1.54
1110.58 3.61
1111.48 2.89
1112.11 2.67
1112.8 3.04
1113.44 2.8
1114.13 2.71
1116.28 2.67
1117.49 2.64
1118.69 3.28
1120.1 3.7
1121.67 1.42
1129.98 2.72
1131.78 2.18
1133.18 2.48
1135.13 2.95
1137.06 2.58
1140.49 1.86
1142.34 2.71
1143.79 2.6
1148.52 0.03
1151.88 1.0
1152.61 2.22
1153.28 3.29
1154.55 2.52
1155.67 2.8
1157.02 2.91
1158.49 2.04
1160.44 2.59
1162.2 3.03
1165.02 3.57
1166.29 2.85
1168.0 2.8
1170.76 2.26
1172.33 3.58
1174.35 3.55
1176.78 2.69
1178.82 3.17
1183.42 1.96
1187.84 2.7
1189.32 2.09
1190.6 1.57
1191.98 1.67
1193.48 1.82
1195.04 2.21
1198.1 1.61
1200.34 1.69
1202.1 2.09
1203.84 1.98
1206.12 1.4
1207.48 1.85
1208.29 2.03
1209.2 1.94
1210.42 1.7
1213.84 1.48
1216.48 1.42
1218.14 2.61
1220.13 2.72
1222.04 3.26
1223.28 2.23
1225.58 2.59
1226.96 2.57
1228.19 2.73
1229.36 2.72
1230.47 2.64
1231.82 2.15
1232.98 2.95
1234.16 2.13
1236.12 2.6
1239.45 2.79
1242.44 3.2
1246.81 0.6
1251.69 1.64
1255.11 0.56
1257.94 1.5
1261.68 1.73
1264.04 1.06
1265.61 1.56
1267.43 1.11
1268.12 1.33
1268.83 1.55
1270.38 1.19
1272.04 1.39
1273.1 1.56
1273.72 3.07
1274.62 2.84
1277.27 0.07
1282.08 0.28
1286.12 0.65
1287.52 0.65
1290.9 0.04
1291.48 0.56
1294.19 0.08
1296.07 0.01
1297.72 0.48
1300.41 0.04
1301.34 0.46
1301.88 0.54
1303.26 0.1
1303.89 0.73
1304.88 2.03
1305.71 3.72
1306.97 3.35
1308.17 3.5
1309.71 2.71
1311.19 2.95
1313.21 2.65
1317.68 2.68
1330.75 0.63
1332.28 0.54
1334.74 0.07
1335.75 0.41
1337.46 0.41
1339.3 0.59
1340.21 1.23
1341.04 3.14
1342.11 3.51
1343.33 3.31
1348.98 0.59
1351.2 0.25
1352.57 0.14
1353.56 0.16
1355.5 0.08
1356.84 0.39
1359.19 0.39
1360.88 0.09
1362.5 0.59
1365.94 0.07
1366.82 0.38
1367.73 0.51
1370.92 0.36
1372.28 0.66
1375.38 0.42
1376.37 0.64
1377.33 0.56
1378.73 0.63
1379.65 0.75
1381.2 0.58
1381.76 0.88
1385.0 0.92
1386.87 0.57
1389.26 0.53
1392.67 0.36
1395.14 0.51
1397.68 0.95
1399.08 0.72
1400.42 0.58
1401.92 0.35
1403.86 1.13
1405.89 1.07
1407.54 0.86
1410.6 0.37
1412.13 1.3
1413.6 1.35
1415.3 1.07
1417.15 0.85
1419.97 1.14
1423.43 0.09
1426.04 0.71
1428.6 0.74
1431.41 0.68
1432.27 1.18
1433.33 0.79
1434.67 0.39
1435.69 0.38
1437.47 0.94
1439.61 0.57
1441.44 1.17
1443.22 0.32
1445.19 0.53
1447.46 1.96
1452.02 0.43
1455.37 0.52
1457.62 0.51
1459.06 1.01
1460.52 0.68
1461.87 1.01
1464.82 1.0
1467.2 0.44
1468.7 0.69
1470.32 0.79
1471.96 0.49
1473.64 0.64
1476.1 0.45
1478.18 0.68
1482.1 0.48
1483.67 0.81
1485.65 0.73
1487.19 0.14
1488.04 1.28
1489.89 0.79
1491.69 0.38
1493.4 0.38
1496.4 0.25
1500.44 0.47
1503.32 0.51
1505.72 0.37
1507.06 0.4
1509.32 0.57
1510.94 0.78
1512.75 0.31
1514.6 0.51
1518.12 0.24
1519.04 0.33
1519.91 0.37
1521.45 0.42
1523.04 0.41
1525.18 0.41
1526.9 0.48
1528.61 0.31
1529.69 0.42
1532.24 0.42
1534.95 0.14
1536.2 0.46
1538.4 0.79
1539.19 0.97
1540.22 0.97
1541.13 0.79
1544.1 1.06
1546.85 0.21
1548.96 0.34
1551.65 0.07
1554.15 0.41
1556.46 0.43
1558.04 0.54
1559.42 0.43
1561.01 0.44
1563.88 0.58
1565.31 0.37
1567.24 0.66
1569.22 0.14
1571.64 0.67
1572.87 0.6
1574.32 0.58
1576.55 0.75
1579.13 0.12
1581.8 0.09
1583.98 0.33
1588.28 0.02
1589.13 0.51
1591.23 0.43
1593.22 0.57
1594.62 0.07
1595.96 0.16
1597.69 0.56
1600.9 0.11
1602.31 0.49
1604.17 0.36
1605.13 0.6
1607.79 0.55
1608.87 0.13
1610.21 0.48
1612.26 0.17
1613.62 0.66
1615.08 0.5
1617.02 0.47
1619.71 0.79
1622.8 0.25
1625.91 0.68
1627.94 0.2
1629.71 0.81
1630.48 0.71
1632.72 0.2
1634.04 0.91
1635.94 0.2
1637.5 0.94
1640.08 1.16
1644.14 0.53
1647.47 0.5
1649.54 0.46
1652.02 0.99
1653.37 0.82
1654.99 0.62
1657.56 1.1
1659.59 0.95
1661.88 0.12
1663.45 0.81
1665.35 0.21
1667.32 0.12
1669.25 0.61
1670.78 0.52
1672.6 0.65
1674.36 0.1
1675.53 0.96
1676.4 1.33
1678.88 1.03
1681.45 1.12
1683.56 0.84
1684.72 0.56
1688.25 0.06
1689.8 0.7
1690.86 0.79
1692.64 0.06
1693.79 1.1
1696.66 0.11
1699.76 0.68
1701.74 0.47
1703.82 0.75
1705.6 0.66
1708.21 0.62
1711.56 0.62
1713.06 0.11
1714.59 0.51
1715.36 0.68
1716.45 0.32
1720.27 0.63
1722.68 0.64
1724.11 0.31
1725.15 0.67
1727.8 0.29
1729.42 0.61
1731.1 0.21
1732.89 0.74
1735.13 0.09
1737.47 0.11
1738.39 0.6
1741.0 0.02
1743.48 0.5
1745.28 0.38
1746.95 0.58
1749.46 0.46
1751.93 0.15
1753.8 0.24
1757.81 0.54
1759.55 0.29
1761.21 0.43
1764.24 0.37
1765.98 0.73
1766.93 0.7
1768.04 0.52
1769.15 0.5
1772.45 0.34
1774.32 0.52
1775.76 0.7
1778.74 0.52
1781.6 0.17
1784.21 0.45
1788.45 0.28
1789.38 0.42
1790.42 0.32
1792.59 0.24
1794.41 0.4
1795.76 0.15
1797.37 0.1
1798.83 0.42
1801.14 0.03
1802.25 0.53
1805.9 0.01
1807.5 0.6
1809.62 0.3
1810.55 0.8
1812.04 0.62
1813.91 0.54
1816.35 0.45
1819.57 0.35
1821.16 0.08
1823.76 0.34
1825.52 0.39
1826.9 0.44
1829.12 0.44
1831.95 0.41
1835.55 0.33
1837.73 0.13
1838.26 0.45
1840.3 0.33
1842.5 0.38
1844.54 0.36
1845.05 0.7
1848.01 0.51
1850.56 0.77
1852.94 0.32
1854.65 0.41
1856.74 0.12
1858.46 0.17
1860.53 0.46
1862.4 0.34
1864.83 0.37
1867.3 0.26
1868.39 0.6
1869.77 0.67
1871.87 0.43
1873.46 0.41
1874.52 0.59
1876.36 0.71
1879.68 0.11
1881.51 0.23
1883.09 0.37
1886.71 0.6
1887.5 0.72
1889.35 0.72
1891.29 0.04
1893.12 0.53
1896.38 0.16
1901.07 0.15
1905.07 0.51
1906.02 0.53
1907.0 0.39
1907.62 0.6
1909.13 0.55
1910.27 0.48
1912.37 0.63
1914.27 0.33
1917.17 0.08
1919.1 0.34
1921.33 0.35
1923.08 0.57
1923.9 0.51
1925.85 0.69
1928.09 0.06
1929.74 0.62
1931.95 0.51
1934.42 0.19
1937.18 0.1
1939.57 0.18
1941.0 0.74
1942.84 0.49
1945.35 0.13
1946.64 0.9
1948.3 0.7
1950.0 0.97
1951.73 0.57
1953.99 0.01
1955.54 0.99
1958.06 0.18
1961.31 0.49
1963.48 0.37
1964.64 0.32
1966.3 0.42
1968.07 0.18
1969.47 0.97
1972.81 0.75
1974.91 0.88
1976.88 0.56
1978.84 0.3
1980.64 0.97
1981.94 0.9
1983.67 1.51
1985.25 1.39
1987.02 1.45
1988.75 1.18
1990.5 0.79
1993.19 0.97
2000.88 0.72
2001.63 0.6
2003.37 0.43
2004.88 0.65
2006.57 0.78
2008.11 0.46
2009.6 0.67
2011.07 0.79
2012.72 0.65
2015.39 0.54
2017.43 0.16
2020.05 0.34
2021.9 0.38
2022.69 1.59
2023.73 1.35
2025.36 0.39
2026.95 0.86
2028.81 0.72
2033.76 0.71
2035.53 0.83
2037.39 0.73
2039.16 0.17
2040.86 0.43
2042.02 0.79
2044.94 0.28
2046.5 1.11
2047.54 0.29
2049.23 0.8
2051.14 0.73
2052.96 1.53
2055.08 0.6
2057.43 1.01
2065.21 0.53
2067.36 0.19
2069.31 0.48
2071.22 0.43
2076.23 0.22
2077.55 0.3
2078.73 0.06
2079.38 0.36
2080.45 0.36
2083.33 0.2
2084.68 0.34
2086.29 0.64
2086.99 0.31
2089.37 0.62
2091.19 0.25
2093.22 0.27
2094.79 0.62
2096.09 0.48
2097.72 0.5
2099.84 0.5
2102.0 0.36
2103.81 0.46
2104.73 1.38
2105.57 2.19
2107.33 0.66
2108.64 0.96
2111.31 0.75
2114.74 0.73
2117.13 0.48
2119.26 0.78
2120.59 0.88
2121.89 0.85
2124.19 1.01
2126.1 0.06
2128.26 0.91
2129.58 1.05
2131.75 0.47
2134.84 0.01
2136.68 0.59
2138.5 0.38
2141.28 0.15
2143.01 1.04
2144.39 0.75
2145.98 0.81
2147.41 0.8
2149.88 0.96
2153.03 0.57
2154.92 0.6
2156.88 0.69
2158.48 0.75
2160.87 0.02
2163.29 0.62
2165.38 0.72
2169.42 0.39
2171.49 0.52
2172.46 0.73
2173.98 0.6
2175.76 0.62
2177.34 0.46
2179.47 0.47
2181.09 0.63
2184.94 0.19
2187.57 0.02
2190.61 0.2
2192.48 0.41
2193.59 0.38
2195.03 0.88
2195.8 1.5
2197.11 2.49
2199.55 2.71
2207.29 0.16
2211.75 0.02
2213.32 0.51
2215.26 0.07
2215.88 2.7
2216.79 2.19
2217.94 2.97
2219.15 2.34
2220.52 3.15
2222.44 3.88
2223.03 3.76
2228.33 0.4
2233.88 0.93
2235.08 1.31
2235.65 1.12
2238.46 1.82
2239.37 3.5
2241.05 0.39
2242.04 3.05
2243.79 0.11
2248.63 0.95
2251.58 0.02
2252.6 1.83
2253.9 2.37
2257.59 0.13
2262.37 1.06
2265.14 0.13
2265.84 0.98
2266.73 0.53
2267.5 0.8
2268.56 1.2
2269.75 1.32
2270.65 1.41
2271.76 1.12
2272.74 3.25
2274.39 2.85
2277.32 1.02
2279.24 0.5
2286.49 0.63
2288.82 0.56
2290.28 0.02
2292.44 2.08
2293.04 3.04
2294.0 2.89
2294.93 3.33
2296.24 2.95
2305.19 0.73
2306.87 0.55
2308.37 0.46
2310.04 0.56
2312.0 0.46
2313.12 0.67
2313.74 1.58
2317.46 0.07
2319.02 0.35
2321.55 0.51
2324.13 0.11
2325.31 0.76
2327.24 0.1
2328.37 0.79
2329.25 1.05
2330.61 0.36
2331.57 1.1
2333.5 0.46
2336.28 0.35
2337.69 0.79
2340.7 0.6
2342.77 0.45
2344.78 0.64
2347.04 0.37
2350.74 0.41
2352.87 0.52
2354.63 0.37
2356.19 0.66
2357.4 0.48
2358.44 0.35
2359.23 0.63
2361.08 0.53
2362.86 0.72
2363.79 2.35
2364.72 2.23
2366.26 2.36
2368.64 1.43
2371.12 0.11
2377.36 0.89
2381.02 0.79
2382.48 0.93
2383.39 1.46
2384.41 3.11
2385.11 3.28
2386.12 2.36
2394.4 0.48
2396.8 0.06
2399.43 0.58
2401.41 0.67
2402.56 1.18
2403.21 2.36
2404.51 0.58
2408.27 0.45
2411.33 0.79
2414.86 0.53
2415.99 0.44
2416.96 0.65
2418.69 0.33
2420.24 0.55
2422.81 0.68
2424.19 0.06
2425.61 0.58
2427.19 0.65
2430.47 0.34
2434.06 0.44
2434.74 0.6
2436.38 1.0
2437.65 0.62
2439.0 0.66
2441.39 0.28
2443.65 0.44
2445.86 0.45
2447.92 0.43
2450.39 0.7
2452.77 0.1
2454.2 0.66
2455.23 0.66
2456.38 0.7
2457.81 0.47
2459.61 0.38
2461.06 0.68
2461.62 1.76
2462.99 2.95
2465.3 0.3
2472.66 0.46
2475.43 0.72
2477.07 0.93
2477.76 1.32
2478.6 1.95
2479.22 2.6
2479.91 3.98
2480.69 3.19
2481.39 2.93
2483.39 0.29
2492.07 0.63
2494.78 0.41
2495.57 1.21
2496.66 2.99
2497.41 3.17
2498.06 2.79
2500.47 0.53
2506.05 0.2
2510.8 0.32
2512.11 0.66
2512.85 3.38
2513.54 3.35
2514.65 2.76
2515.79 2.81
2516.95 3.38
2520.48 0.03
2527.48 0.6
2528.24 0.79
2529.3 1.79
2530.09 1.02
2531.27 3.4
2532.49 2.91
2534.17 2.27
2538.38 0.23
2542.06 0.37
2544.06 0.81
2546.42 0.99
2547.67 0.99
2550.43 0.78
2551.68 3.04
2552.25 2.97
2553.4 3.25
2554.98 3.32
2555.94 3.0
2557.46 2.75
2559.26 2.45
2563.72 0.64
2567.63 0.43
2570.12 1.48
2571.27 2.71
2573.02 1.23
2577.06 0.37
2581.27 0.48
2582.42 0.65
2583.84 0.17
2584.43 1.06
2586.73 0.85
2588.1 1.34
2589.14 2.77
2591.71 1.07
2597.17 0.51
2599.29 0.46
2601.85 0.57
2603.88 0.55
2605.45 0.02
2607.91 0.07
2609.79 0.34
2612.43 0.2
2613.6 0.45
2614.89 0.3
2616.41 0.02
2617.65 0.77
2619.37 0.71
2621.09 0.53
2623.18 0.58
2624.5 0.89
2626.41 0.62
2628.36 0.51
2630.78 0.38
2633.16 0.61
2634.78 0.55
2636.5 0.92
2637.79 0.48
2639.55 0.88
2641.36 0.27
2643.03 0.72
2645.0 0.39
2648.93 0.35
2650.41 0.68
2651.18 0.68
2654.21 0.49
2656.5 0.61
2660.25 0.11
2662.7 0.34
2666.44 0.22
2670.16 0.23
2670.94 0.23
2673.29 0.23
2674.11 0.16
2677.8 0.23
2679.88 0.28
2681.69 0.15
2684.03 0.23
2685.79 0.21
2687.63 0.3
2688.38 0.45
2690.17 0.3
2692.4 0.38
2694.11 0.31
2696.32 0.02
2697.79 0.36
2700.08 0.29
2701.49 0.31
2703.09 0.28
2705.43 0.32
2707.19 0.35
2709.27 0.6
2710.4 0.42
2711.47 0.93
2713.43 0.89
2715.44 0.7
2717.09 1.0
2718.47 0.99
2720.12 1.08
2722.09 0.14
2725.23 0.72
2727.45 0.86
2730.14 0.33
2732.13 0.09
2733.06 0.79
2734.55 0.56
2736.05 1.02
2738.18 0.59
2740.94 0.11
2743.68 0.49
2745.85 0.6
2748.89 0.33
2750.96 0.44
2753.66 0.11
2755.04 0.58
2757.06 0.44
2758.75 0.61
2760.39 0.66
2763.2 0.02
2764.49 0.64
2768.13 0.01
2769.66 0.26
2772.19 0.02
2773.61 0.52
2774.97 0.45
2776.62 0.54
2777.99 0.55
2780.65 0.76
2782.84 0.5
2785.43 0.08
2786.84 0.26
2787.65 0.46
2788.67 0.31
2791.82 0.62
2795.24 0.6
2796.05 0.63
2800.47 0.41
2802.16 0.14
2805.39 0.39
2807.61 0.58
2809.09 0.5
2810.37 0.49
2811.15 0.45
2811.66 0.62
2814.12 0.11
2815.52 0.49
2820.22 0.2
2821.83 0.02
2822.58 0.54
2824.34 0.03
2826.49 0.33
2828.89 0.02
2830.21 0.54
2832.54 0.78
2833.12 0.89
2835.04 0.44
2840.38 0.03
2842.18 0.32
2843.85 0.18
2844.8 0.04
2846.1 0.36
2848.01 0.1
2849.31 0.45
2850.16 0.2
2856.51 0.41
2857.42 0.32
2858.11 0.42
2859.86 0.39
2862.15 0.69
2863.93 0.67
2865.22 0.15
2867.71 0.16
2870.21 0.71
2872.29 0.5
2874.07 0.46
2876.01 0.96
2877.12 0.92
2879.47 0.64
2881.51 0.9
2882.66 0.82
2885.08 0.6
2888.4 0.27
2891.1 0.54
2893.8 0.35
2895.04 0.26
2897.5 0.28
2899.97 0.28
