0.0 3.06
0.98 2.87
1.5 3.3
2.13 3.38
2.72 4.26
3.32 3.63
4.18 3.21
5.13 3.15
7.66 2.68
11.02 1.52
13.04 2.92
15.26 2.92
16.24 3.62
17.68 3.66
20.21 1.74
23.71 2.59
25.45 3.6
27.62 3.14
29.32 4.34
30.7 5.09
32.0 5.79
33.26 4.87
35.38 5.05
37.13 7.38
40.82 3.53
42.66 5.93
44.39 3.04
46.06 0.32
47.25 6.08
49.13 8.01
51.14 10.25
53.13 7.05
55.13 5.29
57.13 9.68
59.13 6.26
61.13 9.06
63.13 9.85
65.14 0.96
67.14 10.0
69.13 9.16
71.13 6.55
73.13 9.07
75.38 0.06
77.38 4.14
79.38 6.85
81.38 7.94
83.38 1.56
85.15 2.37
87.39 6.4
89.38 4.2
91.38 6.99
93.38 5.28
95.38 3.86
97.38 5.53
99.2 0.84
101.39 4.2
103.38 4.77
105.38 4.3
107.38 4.26
109.22 5.63
111.38 3.55
113.38 2.37
115.38 4.25
117.38 4.05
119.38 5.2
121.39 4.61
123.38 5.54
125.38 7.04
127.38 6.89
129.38 4.39
131.39 3.84
133.38 5.63
135.38 6.6
137.21 0.39
139.39 0.25
141.38 3.93
143.38 3.79
145.38 2.77
147.39 3.52
149.38 5.32
151.38 4.71
153.38 5.03
155.38 4.48
157.4 5.82
159.38 5.03
161.38 5.31
163.38 7.2
165.39 0.26
167.38 5.23
169.38 5.66
171.39 5.39
173.55 7.35
175.38 6.31
177.33 1.96
179.42 2.18
181.38 6.61
183.38 6.87
185.38 0.06
187.26 0.47
189.38 4.85
191.39 3.99
193.38 3.65
195.39 4.76
197.38 5.12
199.38 4.53
201.38 3.9
203.39 3.88
205.38 4.36
207.39 5.97
209.38 4.69
211.38 6.14
213.39 5.75
215.38 0.07
217.38 3.6
219.38 5.1
221.38 4.86
223.39 4.38
225.39 1.66
227.38 4.17
229.38 4.45
231.38 7.1
233.38 4.73
235.38 6.91
237.38 7.78
239.38 7.09
241.39 7.37
243.38 7.64
245.33 0.89
247.38 0.91
249.39 6.26
251.38 3.39
253.38 4.53
255.38 4.87
257.38 6.24
259.38 6.24
261.38 5.58
263.38 5.71
265.38 6.25
267.39 5.29
269.39 3.59
271.39 4.6
273.38 7.42
275.38 4.4
277.38 6.24
279.38 8.68
281.39 6.6
283.38 6.57
285.38 6.5
287.38 5.81
289.39 6.6
291.38 7.79
293.39 9.02
295.39 7.34
297.38 6.82
299.38 10.05
301.39 6.01
303.38 4.67
305.38 5.23
307.38 7.58
309.38 7.23
311.38 8.86
313.38 6.46
315.39 5.66
317.38 7.31
319.79 8.05
321.39 8.59
323.39 7.08
325.38 6.4
327.63 7.67
329.64 9.33
331.63 6.93
333.63 5.15
335.63 6.8
337.63 5.47
339.63 2.36
341.63 6.3
343.64 5.47
345.63 6.28
347.63 4.41
349.64 6.28
351.63 6.27
353.64 4.28
355.64 4.51
357.63 6.2
359.64 7.63
361.63 4.16
363.65 5.16
365.63 7.58
367.64 5.08
369.63 7.14
371.64 10.76
373.63 7.51
375.63 7.51
377.63 7.34
379.63 0.69
381.63 4.17
383.64 4.08
385.64 5.84
387.63 6.93
389.63 6.77
391.63 5.29
393.63 10.33
395.63 10.05
397.63 6.49
399.63 8.62
401.76 2.55
403.59 1.38
405.63 0.83
407.63 8.27
409.63 7.64
411.63 2.73
413.64 7.42
415.63 5.64
417.64 9.33
419.64 9.01
421.63 6.19
423.64 8.19
425.64 11.75
427.63 8.01
429.64 9.24
431.64 8.18
433.63 7.83
435.64 8.36
437.63 8.78
439.64 5.64
441.63 4.33
443.65 5.11
445.65 6.2
447.64 4.54
449.64 6.08
451.63 5.02
453.64 5.44
455.64 6.11
457.64 8.57
459.64 6.86
461.63 5.07
463.64 8.69
465.64 6.07
467.63 7.32
469.7 4.73
471.63 6.12
473.64 6.76
475.8 3.44
477.63 6.5
479.64 2.33
481.64 4.79
483.63 7.12
485.64 6.58
487.64 5.96
489.63 6.99
491.64 8.3
493.64 5.48
495.64 6.57
497.64 8.01
499.64 8.87
501.63 5.31
504.16 2.97
505.78 0.47
507.63 5.52
509.64 4.86
511.63 6.07
513.64 6.46
515.64 5.32
517.64 6.74
519.63 5.09
521.64 6.86
523.64 6.82
525.64 4.49
527.64 7.03
529.63 5.3
531.63 7.53
533.64 6.52
535.63 10.21
537.64 6.99
539.63 6.62
541.64 3.41
543.64 5.68
545.63 6.79
547.64 8.05
549.63 6.14
551.63 7.77
553.64 7.42
555.65 5.98
557.63 6.93
559.64 6.83
561.63 9.7
563.63 7.79
565.64 5.92
567.64 8.09
569.63 5.53
571.63 6.23
573.64 4.69
575.88 4.63
577.89 7.02
579.65 5.43
581.89 4.56
583.89 0.15
585.88 4.27
587.89 5.5
589.88 4.54
591.89 6.9
593.88 3.83
595.89 0.45
597.88 4.73
599.88 1.25
601.88 5.38
603.89 5.71
605.89 6.1
607.89 5.39
609.89 9.04
611.89 9.3
613.89 8.71
615.88 9.9
617.89 8.47
619.88 4.44
621.89 10.48
623.89 10.6
625.89 6.37
627.89 5.87
629.88 5.12
631.88 5.91
633.88 5.29
635.89 7.21
637.89 5.84
639.88 3.69
641.88 8.92
643.89 6.55
645.72 0.2
647.89 1.13
649.88 3.88
651.79 6.15
653.74 6.95
655.89 7.1
657.88 8.7
659.89 8.01
661.88 3.41
663.89 4.96
665.89 7.93
667.88 8.05
670.16 0.98
672.4 1.41
674.33 0.7
675.89 5.32
677.89 3.99
680.82 2.52
681.77 5.19
683.89 4.65
685.88 5.66
687.88 6.91
689.88 6.09
691.89 6.08
693.88 6.23
695.88 9.86
697.89 9.23
699.88 9.21
701.89 7.09
703.89 7.01
705.89 5.1
707.89 5.83
709.89 3.14
711.89 9.32
713.89 8.2
715.89 4.35
717.89 9.58
719.89 8.79
721.88 9.86
723.89 8.17
725.88 10.16
727.88 7.07
729.88 3.88
731.89 7.78
733.88 6.09
735.88 6.47
737.9 5.78
739.89 6.6
741.89 9.78
743.89 9.27
745.89 9.96
747.88 9.21
749.89 8.02
751.89 6.71
753.88 11.01
755.88 8.17
757.89 8.17
759.88 9.01
761.89 9.01
763.89 10.63
765.89 10.9
767.88 7.96
769.88 5.06
771.88 6.34
773.89 7.46
775.89 10.56
777.89 10.46
779.9 0.06
781.88 3.63
783.89 5.5
785.88 5.48
787.89 5.0
789.88 6.9
791.89 6.2
793.88 5.82
796.09 5.4
797.9 6.83
799.89 6.86
801.89 7.51
803.88 6.94
805.89 6.82
807.89 7.05
809.9 6.45
811.88 5.83
813.89 6.58
815.89 2.16
817.89 6.16
819.89 8.15
821.88 8.85
823.88 7.9
825.89 9.06
828.14 10.51
830.13 9.2
832.14 11.06
833.91 9.29
836.14 6.95
838.14 10.28
840.16 9.03
842.15 5.54
844.14 5.59
846.14 7.48
848.14 6.6
850.14 6.19
852.14 6.08
854.14 7.99
856.14 7.94
858.13 3.84
860.13 5.09
862.14 4.38
864.14 6.09
866.14 6.08
868.15 4.72
870.14 4.82
872.16 3.94
874.14 6.42
876.14 5.93
878.14 2.96
880.14 8.84
882.13 9.15
884.15 9.22
886.15 6.54
888.13 7.0
890.14 6.66
892.13 0.05
894.13 7.73
896.14 6.79
898.13 7.96
900.14 9.05
902.14 3.57
904.14 7.72
906.14 7.76
908.13 7.78
910.14 6.69
912.14 8.67
914.14 7.57
916.14 7.74
918.16 5.98
920.14 6.04
922.14 5.92
924.14 6.97
926.15 6.5
928.14 5.56
930.14 7.65
932.14 4.93
934.13 7.86
936.53 7.86
938.14 5.74
940.14 4.74
942.13 5.38
944.14 6.03
946.13 6.38
948.14 6.37
950.13 2.37
952.14 4.91
954.14 5.62
956.13 7.86
958.13 8.13
960.14 7.24
962.14 7.81
964.14 6.61
966.14 5.99
968.13 9.82
970.14 9.95
972.13 8.56
974.14 6.82
976.14 5.98
978.14 8.34
980.14 6.76
982.14 7.57
984.14 10.98
986.14 5.73
988.14 7.87
990.14 10.02
992.14 8.1
994.14 11.8
996.14 6.85
998.14 9.14
1000.14 0.39
1002.14 2.34
1004.14 7.04
1006.14 6.66
1008.14 9.69
1010.15 7.28
1012.15 8.06
1014.14 11.72
1016.13 6.24
1018.14 8.04
1020.14 10.28
1022.14 9.43
1024.14 12.33
1026.14 10.1
1028.14 7.49
1030.14 11.36
1032.14 12.03
1034.14 6.82
1036.14 3.04
1038.14 6.8
1040.15 2.23
1042.14 7.76
1044.14 8.02
1046.14 4.68
1048.14 0.13
1050.14 7.65
1052.14 7.21
1054.14 8.09
1056.14 7.45
1058.14 7.94
1060.14 8.6
1062.14 5.8
1064.14 5.93
1066.14 0.33
1068.14 6.83
1070.14 7.36
1072.14 7.26
1074.14 7.73
1076.14 9.89
1078.39 7.08
1080.39 6.57
1082.39 6.33
1084.39 5.09
1086.39 6.78
1088.38 7.62
1090.39 5.86
1092.39 7.43
1094.39 7.8
1096.39 1.5
1098.38 9.14
1100.39 6.46
1102.23 7.35
1104.39 6.6
1106.39 6.44
1108.39 7.69
1110.39 10.43
1112.4 10.53
1114.39 9.02
1116.39 6.17
1118.39 8.95
1120.39 5.24
1122.4 8.17
1124.39 5.89
1126.39 7.65
1128.39 7.46
1130.39 6.85
1132.4 8.65
1134.39 9.05
1136.37 7.84
1138.39 6.8
1140.39 5.44
1142.39 7.61
1144.39 8.04
1146.39 9.05
1148.39 8.98
1150.39 9.78
1152.39 9.06
1154.39 7.21
1156.39 7.21
1158.39 6.8
1160.47 2.33
1162.57 7.73
1164.42 5.32
1166.39 5.53
1168.39 8.79
1170.39 10.11
1172.39 9.67
1174.39 9.39
1176.39 7.08
1178.39 8.4
1180.39 11.54
1182.39 7.26
1184.37 10.08
1186.4 12.01
1188.39 6.68
1190.39 6.72
1192.39 8.68
1194.39 8.37
1196.39 6.9
1198.39 7.25
1200.39 0.76
1202.39 5.08
1204.4 11.16
1206.39 9.06
1208.38 8.06
1210.39 10.18
1212.39 11.2
1214.39 2.1
1216.39 7.05
1218.39 10.44
1220.39 11.12
1222.39 8.15
1224.39 6.6
1226.38 5.07
1228.39 10.21
1230.39 9.42
1232.41 8.69
1234.38 10.25
1236.39 7.56
1238.39 0.13
1240.39 8.62
1242.39 10.66
1244.39 7.41
1246.39 8.42
1248.39 1.13
1250.39 6.02
1252.38 4.84
1254.39 4.89
1256.39 4.17
1258.39 3.68
1260.38 5.54
1262.39 5.97
1264.39 5.52
1266.39 6.11
1268.39 5.77
1270.4 7.05
1272.38 6.82
1274.4 7.08
1276.39 7.85
1278.39 6.51
1280.38 6.75
1282.39 7.56
1284.39 7.1
1286.65 7.49
1288.64 7.74
1290.64 6.83
1292.64 8.83
1294.64 10.17
1296.64 9.2
1298.64 9.03
1300.64 10.59
1302.65 10.34
1304.64 9.58
1306.64 10.6
1308.65 12.2
1310.64 11.74
1312.64 11.66
1314.64 10.45
1316.64 13.09
1318.64 13.36
1320.64 14.13
1322.64 8.68
1324.64 13.48
1326.64 14.14
1328.64 12.68
1330.64 15.29
1332.64 11.36
1334.64 9.02
1336.64 9.02
1338.63 14.12
1340.64 14.12
1342.64 10.72
1344.64 13.51
1346.64 5.51
1348.65 15.42
1350.64 11.03
1352.65 11.03
1354.64 5.61
1356.64 8.49
1358.64 9.26
1360.64 12.42
1362.65 13.03
1364.64 10.31
1366.64 10.41
1368.64 10.82
1370.64 6.54
1372.64 0.07
1374.64 6.74
1376.64 3.48
1378.64 4.36
1380.64 5.66
1382.64 8.12
1384.64 5.02
1386.64 8.0
1388.64 6.3
1390.64 7.95
1392.64 8.15
1394.64 8.47
1396.64 7.12
1398.64 9.76
1400.64 7.65
1402.64 8.82
1404.64 7.81
1406.64 9.71
1408.64 8.12
1410.65 9.58
1412.64 6.83
1414.65 8.58
1416.64 9.53
1418.64 7.42
1420.64 9.66
1422.64 10.68
1424.64 6.42
1426.64 6.53
1428.64 11.28
1430.64 11.88
1432.64 5.45
1434.65 7.16
1436.64 10.61
1438.64 13.06
1440.64 8.91
1442.64 8.91
1444.65 7.59
1446.64 11.46
1448.65 10.12
1450.64 11.94
1452.64 8.45
1454.64 8.17
1456.64 8.17
1458.64 8.17
1460.64 8.17
1462.64 8.17
1464.64 6.17
1466.64 3.75
1468.64 7.25
1470.64 6.72
1472.64 4.06
1474.64 8.22
1476.64 9.2
1478.64 4.94
1480.64 5.28
1482.64 6.81
1484.64 9.75
1486.64 4.67
1488.64 9.69
1490.64 10.42
1492.64 9.07
1494.64 9.9
1496.64 8.35
1498.64 5.14
1500.64 5.02
1502.64 10.55
1504.64 4.55
1506.64 8.39
1508.64 5.03
1510.64 6.92
1512.64 10.44
1514.64 6.63
1516.64 5.01
1518.64 0.07
1520.65 5.85
1522.64 6.17
1524.64 4.13
1526.64 0.02
1528.64 4.42
1530.64 2.28
1532.64 4.87
1534.64 4.54
1536.89 4.41
1538.89 4.85
1540.89 5.71
1542.89 4.72
1544.89 5.53
1546.89 5.12
1548.89 6.42
1550.89 6.05
1552.89 6.06
1554.9 6.68
1556.9 5.35
1558.88 6.95
1560.89 8.22
1562.89 9.45
1564.89 10.68
1566.89 9.98
1568.89 4.06
1570.89 5.78
1572.89 5.45
1574.89 4.63
1576.89 5.3
1578.89 3.88
1580.89 6.46
1582.88 6.45
1584.89 8.62
1586.89 7.31
1588.89 6.39
1590.89 5.85
1592.89 7.39
1594.89 7.09
1596.89 8.31
1598.89 6.78
1600.89 6.87
1602.89 7.7
1604.89 7.68
1606.88 4.89
1608.89 0.42
1610.89 5.59
1612.89 9.03
1614.89 8.13
1616.89 6.13
1618.89 9.04
1620.89 8.04
1622.89 8.33
1624.89 9.27
1626.89 10.01
1628.89 8.26
1630.88 6.62
1632.89 10.08
1634.89 7.74
1636.89 3.39
1638.89 8.81
1640.89 7.37
1642.89 11.28
1644.89 8.48
1646.89 6.36
1648.89 13.41
1650.89 0.07
1652.89 9.41
1654.88 8.69
1656.89 0.38
1658.92 4.34
1660.89 8.27
1662.89 9.58
1664.89 9.43
1666.89 10.7
1668.89 10.77
1670.89 4.81
1672.89 8.63
1674.89 8.62
1676.89 7.91
1678.88 10.85
1680.89 4.36
1682.89 0.66
1684.89 7.36
1686.89 0.12
1688.9 5.69
1690.89 7.48
1692.89 6.62
1694.89 8.02
1696.89 9.94
1698.89 5.52
1700.89 5.99
1702.87 6.52
1704.89 9.85
1706.89 8.55
1708.89 6.43
1710.89 6.24
1712.9 10.81
1714.89 9.85
1716.89 8.72
1718.89 8.62
1720.89 7.82
1722.89 10.57
1724.89 7.74
1726.9 8.64
1728.89 9.04
1730.89 4.57
1732.9 1.23
1734.89 5.24
1736.89 6.12
1738.89 8.64
1740.89 9.05
1742.89 7.89
1744.89 5.5
1746.89 6.59
1748.89 4.64
1750.89 5.85
1752.89 9.13
1754.89 7.81
1756.89 1.51
1758.89 4.33
1760.9 7.32
1762.89 5.61
1764.89 6.25
1766.89 7.9
1768.89 7.19
1770.89 7.56
1772.89 6.07
1774.9 6.72
1776.89 7.79
1778.89 6.01
1780.89 6.68
1782.89 7.01
1784.89 4.98
1787.14 0.3
1789.14 5.2
1791.14 6.96
1793.14 7.41
1795.14 1.51
1797.14 7.69
1798.9 9.08
1801.14 8.73
1803.14 8.53
1805.14 9.1
1807.14 6.69
1809.14 5.86
1811.14 5.98
1813.13 9.4
1815.14 10.03
1817.14 8.13
1819.15 12.3
1821.14 9.78
1823.14 14.19
1825.14 0.58
1827.14 1.27
1829.02 3.61
1831.14 2.7
1833.14 4.58
1835.14 4.76
1837.13 4.82
1839.14 4.99
1841.14 6.34
1843.14 6.0
1845.14 6.21
1847.14 8.05
1849.14 4.94
1851.14 7.23
1853.14 8.8
1855.14 9.02
1857.14 5.35
1859.14 7.15
1861.16 8.12
1863.14 5.11
1865.14 8.02
1867.14 10.77
1869.14 6.5
1871.14 10.92
1873.14 10.77
1875.14 5.75
1877.14 10.72
1879.14 4.84
1881.14 5.44
1883.14 10.32
1885.14 9.94
1887.14 0.39
1889.14 5.43
1891.14 10.59
1893.14 5.87
1895.14 9.66
1897.14 6.19
1899.14 10.42
1901.14 8.39
1903.14 9.66
1905.14 8.66
1907.14 9.69
1909.14 12.64
1911.14 10.39
1913.15 6.75
1915.14 12.21
1917.14 7.46
1919.14 9.5
1921.14 10.96
1923.14 6.12
1925.14 9.52
1927.14 10.85
1929.14 9.76
1931.14 5.97
1933.14 12.72
1935.14 0.16
1937.14 0.32
1939.14 7.5
1941.14 7.03
1943.14 6.36
1945.14 5.94
1947.14 0.22
1949.14 10.07
1951.14 5.86
1953.14 8.52
1955.14 9.47
1957.14 8.79
1959.14 7.57
1961.14 5.75
1963.14 8.41
1965.14 7.75
1967.15 6.94
1969.14 5.26
1971.14 7.81
1973.14 10.27
1975.14 9.19
1977.15 9.5
1979.14 5.23
1981.14 4.75
1983.14 6.19
1985.14 11.31
1987.14 8.83
1989.14 8.1
1991.14 5.97
1993.39 7.52
1995.39 7.49
1997.39 11.71
1999.39 9.87
2001.39 10.63
2003.39 12.29
2005.4 12.97
2007.4 13.04
2009.39 14.75
2011.39 8.04
2013.39 7.74
2015.39 3.8
2017.39 7.46
2019.39 8.78
2021.39 9.95
2023.39 10.19
2025.39 0.07
2027.39 9.49
2029.37 12.13
2031.39 10.27
2033.39 11.41
2035.39 12.02
2037.39 11.75
2039.39 11.64
2041.39 7.13
2043.39 11.56
2045.39 6.57
2047.39 11.09
2049.39 10.39
2051.39 10.74
2053.38 7.36
2055.39 0.29
2057.39 9.21
2059.39 7.57
2061.39 8.25
2063.39 11.81
2065.39 6.1
2067.39 9.36
2069.39 12.41
2071.39 10.6
2073.39 11.27
2075.39 9.33
2077.38 6.37
2079.39 6.37
2081.39 6.37
2083.4 6.37
2085.4 6.37
2087.39 6.37
2089.4 0.37
2091.39 5.8
2093.39 6.45
2095.39 5.22
2097.39 6.94
2099.39 8.28
2101.4 6.5
2103.39 7.21
2105.39 8.45
2107.39 6.71
2109.39 5.47
2111.39 11.39
2113.39 8.12
2115.39 8.39
2117.39 8.22
2119.39 7.71
2121.39 8.41
2123.39 8.48
2125.36 6.99
2127.39 6.71
2129.39 10.27
2131.39 9.6
2133.39 7.9
2135.39 8.45
2137.39 10.87
2139.39 0.08
2141.39 9.15
2143.39 6.87
2145.32 0.09
2147.39 4.96
2149.39 5.45
2151.39 5.53
2153.39 6.85
2155.39 6.6
2157.39 6.76
2159.39 3.91
2161.39 7.61
2163.39 5.66
2165.4 7.66
2167.4 9.39
2169.39 5.77
2171.39 5.93
2173.37 9.71
2175.39 9.09
2177.39 9.42
2179.39 6.1
2181.38 6.63
2183.39 8.5
2185.39 7.43
2187.39 5.52
2189.39 10.57
2191.39 0.05
2193.39 6.83
2195.39 0.43
2197.39 5.2
2199.39 6.07
2201.39 7.76
2203.39 8.27
2205.39 7.91
2207.39 7.13
2209.39 6.64
2211.39 0.07
2213.39 4.61
2215.39 5.81
2217.39 5.13
2219.39 3.79
2221.38 5.04
2223.39 5.04
2225.39 4.14
2227.39 4.08
2229.39 4.82
2231.7 3.87
2233.92 0.36
2235.39 5.54
2237.39 5.47
2239.4 4.24
2241.64 5.65
2243.64 4.87
2245.44 5.91
2247.64 5.05
2249.64 6.01
2251.65 4.79
2253.64 5.31
2255.64 7.9
2257.64 7.01
2259.64 7.25
2261.64 8.55
2263.64 8.11
2265.64 9.48
2267.64 10.25
2269.64 11.92
2271.64 11.12
2273.64 9.81
2275.64 11.01
2277.64 12.22
2279.64 14.7
2281.64 12.12
2283.65 11.45
2285.64 13.04
2287.64 10.82
2289.64 12.09
2291.64 10.05
2293.64 14.56
2295.64 7.56
2297.64 2.13
2299.64 0.08
2301.64 9.03
2303.65 7.19
2305.64 0.91
2307.63 8.12
2309.64 7.46
2311.64 6.47
2313.64 9.04
2315.64 7.94
2317.64 8.31
2319.65 3.33
2321.64 9.16
2323.64 8.48
2325.64 7.16
2327.64 7.59
2329.64 10.85
2331.65 12.92
2333.64 11.09
2335.64 10.35
2337.64 3.79
2339.64 6.98
2341.65 12.31
2343.64 7.83
2345.64 12.33
2347.64 10.73
2349.64 6.93
2351.65 8.16
2353.64 8.51
2355.64 6.46
2357.64 10.35
2359.64 11.57
2361.64 6.7
2363.64 0.11
2365.65 6.11
2367.64 7.9
2369.64 5.87
2371.64 8.62
2373.64 8.4
2375.64 8.6
2377.64 8.77
2379.62 7.14
2381.64 9.56
2383.64 9.74
2385.64 1.62
2387.64 7.45
2389.64 2.59
2391.64 5.24
2393.64 9.67
2395.64 8.05
2397.64 8.52
2399.64 9.05
2401.64 9.58
2403.64 5.8
2405.64 0.45
2407.64 9.54
2409.64 5.6
2411.64 8.42
2413.64 5.18
2415.64 5.48
2417.64 8.07
2419.64 5.9
2421.64 6.49
2423.64 9.88
2425.64 0.2
2427.64 5.89
2429.64 0.64
2431.64 4.98
2433.64 6.35
2435.64 5.67
2437.64 6.0
2439.64 5.59
2441.64 6.3
2443.64 7.99
2445.64 5.87
2447.82 5.6
2449.96 0.3
2452.41 1.03
2454.18 0.9
2455.75 2.64
2457.63 3.08
2459.64 2.27
2461.64 4.31
2463.64 4.87
2465.64 5.99
2467.64 5.77
2469.91 0.23
2471.64 6.11
2473.64 7.5
2475.63 7.51
2477.64 5.94
2479.64 5.52
2481.64 5.8
2483.64 6.2
2485.64 5.48
2487.64 0.51
2489.64 0.5
2491.89 4.62
2493.64 3.44
2495.9 1.79
2497.89 5.67
2499.68 4.62
2501.89 5.27
2503.89 5.03
2505.89 5.85
2507.89 6.38
2509.89 1.56
2511.89 4.64
2513.89 5.94
2515.9 6.86
2517.89 5.89
2519.89 6.33
2521.89 7.07
2523.7 8.13
2525.89 6.43
2527.89 9.51
2529.89 5.63
2531.89 10.78
2533.89 6.31
2535.89 10.12
2537.89 9.91
2539.89 10.12
2541.89 8.15
2543.89 10.31
2545.89 10.58
2547.9 6.82
2549.89 7.5
2551.89 5.53
2553.9 1.65
2555.96 4.77
2557.89 5.7
2559.89 4.87
2561.89 5.4
2563.9 5.39
2565.89 5.55
2567.89 5.69
2570.16 4.08
2571.89 4.7
2573.89 5.53
2575.89 4.42
2577.89 6.26
2579.89 4.71
2581.89 6.97
2583.89 6.0
2585.89 5.27
2587.89 8.4
2589.89 8.42
2591.9 8.06
2593.89 9.07
2595.89 6.83
2597.89 9.51
2599.89 10.7
2601.89 9.84
2603.89 9.34
2605.89 7.08
2607.89 10.84
2609.89 10.41
2611.89 7.69
2613.89 10.71
2615.89 11.36
2617.89 11.18
2619.9 5.96
2621.9 8.33
2623.89 5.78
2625.89 1.08
2627.89 5.48
2629.89 6.2
2631.89 7.15
2633.89 5.86
2635.89 6.47
2637.9 6.64
2639.89 6.37
2641.89 8.88
2643.89 2.37
2645.89 7.91
2647.89 8.7
2649.89 5.97
2651.89 9.55
2653.89 9.63
2655.89 11.2
2657.89 9.2
2659.89 11.65
2661.89 10.86
2663.89 10.12
2665.89 6.01
2667.9 6.15
2669.9 8.28
2671.89 13.5
2673.9 13.31
2675.89 9.28
2677.9 13.27
2679.89 5.8
2681.89 7.84
2683.89 7.74
2685.89 10.73
2687.89 10.25
2689.88 13.47
2691.89 9.77
2693.89 13.1
2695.89 11.35
2697.89 7.29
2699.89 8.05
2702.14 10.06
2704.14 0.07
2706.15 5.61
2708.14 2.0
2710.14 4.24
2712.14 7.25
2714.14 6.09
2716.15 5.63
2718.14 0.08
2720.2 4.55
2722.19 4.51
2724.14 4.61
2726.14 4.89
2728.14 4.97
2730.14 6.07
2732.14 7.0
2734.14 7.78
2736.14 9.42
2738.14 8.87
2740.14 8.67
2742.14 11.12
2744.14 13.99
2746.14 10.92
2748.22 5.29
2750.14 0.07
2752.14 9.97
2754.13 0.03
2756.14 6.25
2758.14 9.41
2760.14 6.19
2762.0 9.32
2764.14 4.57
2766.14 7.05
2768.14 9.17
2770.14 10.43
2772.14 10.51
2774.15 6.35
2776.14 9.95
2778.28 5.76
2780.14 10.94
2782.14 10.02
2784.14 12.64
2786.14 14.62
2788.14 3.39
2790.14 7.67
2792.14 9.97
2794.14 0.12
2796.14 10.0
2798.14 8.0
2800.15 7.28
2802.12 15.05
2804.14 9.61
2806.15 14.45
2808.14 1.55
2810.14 14.43
2812.14 14.43
2814.15 5.7
2816.14 16.26
2818.14 10.78
2820.14 1.43
2822.15 9.15
2824.14 10.61
2826.16 17.47
2828.14 19.03
2830.14 19.03
2832.14 1.89
2834.14 13.35
2836.08 0.49
2838.14 0.22
2840.14 0.17
2842.14 6.19
2844.14 7.53
2846.15 8.99
2848.14 7.86
2850.12 10.71
2852.14 10.74
2854.14 8.2
2856.57 6.73
2858.14 8.5
2860.14 10.0
2862.14 5.69
2864.14 8.9
2866.14 10.35
2868.14 10.97
2870.14 6.34
2872.14 9.39
2874.16 10.75
2876.14 10.75
2878.14 10.75
2880.14 10.75
2882.14 10.75
2884.14 10.75
2886.14 10.75
2888.14 10.75
2890.14 10.75
2892.14 10.75
2894.15 10.28
2896.14 7.9
2898.13 2.34
2900.14 7.9
2902.14 12.42
2904.14 5.08
2906.14 7.84
2908.26 1.44
2910.14 0.38
2912.14 8.31
2914.14 7.89
2916.14 7.82
2918.14 0.05
2920.14 9.54
2922.13 7.89
2924.14 10.16
2926.14 8.95
2928.14 11.6
2930.16 13.87
2932.14 12.5
2934.3 4.9
2936.15 3.92
2938.14 9.77
2940.14 11.16
2942.14 9.19
2944.14 8.57
2946.15 6.26
2948.15 5.96
2950.39 9.81
2952.39 8.31
2954.39 9.79
2956.39 7.43
2958.4 5.61
2961.21 5.38
2962.4 6.25
2964.4 0.4
2966.39 4.54
2968.39 6.94
2970.18 6.2
2972.39 6.2
2974.39 3.49
2976.39 5.49
2978.4 6.44
2980.4 6.44
2982.39 7.62
2984.39 6.5
2986.39 6.42
2988.39 7.26
2990.39 2.04
2992.39 6.25
2994.4 5.26
2996.39 4.37
2998.54 4.1
3000.39 3.29
3002.4 2.6
3004.4 3.59
3006.39 2.4
3008.4 3.94
3010.39 4.75
3012.39 4.91
3014.39 6.36
3016.39 5.22
3018.39 5.93
3020.39 6.51
3022.39 7.02
3024.4 5.22
3027.62 0.66
3028.83 4.49
3030.39 6.35
3032.39 5.36
3034.39 6.05
3036.4 6.32
3038.39 1.83
3040.39 8.79
3042.39 7.98
3044.39 5.58
3046.39 8.66
3048.39 6.76
3050.39 6.12
3052.39 5.84
3054.39 0.05
3056.39 0.11
3058.39 5.56
3060.39 5.52
3062.39 5.12
3064.39 3.31
3066.39 4.49
3068.4 5.61
3070.39 7.45
3072.39 6.48
3074.39 4.87
3076.3 0.1
3078.39 3.97
3080.39 4.06
3082.39 3.12
3084.51 3.77
3086.9 3.49
3088.84 2.89
3090.66 4.14
3092.64 1.97
3094.39 7.28
3096.39 0.64
3098.39 9.41
3100.4 6.29
3102.39 10.12
3104.41 1.4
3106.39 7.27
3108.4 7.62
3110.4 9.57
3112.39 6.32
3114.39 10.35
3116.48 6.32
3118.39 8.03
3120.39 9.83
3122.39 10.5
3124.48 1.96
3126.39 10.23
3128.39 11.86
3130.39 12.6
3132.39 14.32
3134.39 12.85
3136.39 0.6
3138.39 9.4
3140.39 12.72
3142.39 8.52
3144.39 10.75
3146.39 11.05
3148.39 1.14
3150.39 7.26
3152.39 15.87
3155.51 0.48
3156.39 1.78
3158.39 11.78
3160.42 1.24
3162.39 6.62
3164.39 6.12
3166.39 4.52
3168.43 2.2
3170.64 6.06
3172.64 6.06
3174.64 6.06
3176.66 6.06
3178.64 6.06
3180.64 6.08
3182.64 9.05
3184.64 8.3
3186.65 8.59
3188.64 8.09
3190.65 12.43
3192.64 8.58
3194.64 8.37
3196.64 3.16
3198.64 15.32
3200.47 8.62
3202.65 1.18
3204.65 8.14
3206.99 0.68
3208.64 6.4
3210.64 6.6
3212.64 8.22
3214.64 5.16
3216.64 8.99
3218.64 8.64
3220.64 1.92
3222.64 9.24
3224.63 9.74
3226.65 7.55
3228.64 9.06
3230.64 10.0
3232.64 7.21
3234.65 10.14
3236.65 8.27
3238.64 6.66
3240.64 8.44
3242.64 9.25
3244.64 8.5
3246.64 9.92
3248.64 8.57
3250.64 7.87
3252.64 12.12
3254.64 12.12
3256.65 12.12
3258.64 12.12
3260.64 12.12
3262.64 12.12
3264.65 12.12
3266.64 12.12
3268.64 5.47
3270.65 6.28
3272.64 6.8
3274.65 6.53
3276.64 8.03
3278.64 10.31
3280.64 6.17
3282.64 10.24
3284.64 10.89
3286.64 7.73
3288.64 10.52
3290.64 10.51
3292.64 8.77
3294.64 12.01
3296.65 8.64
3298.65 7.91
3300.64 11.97
3302.64 11.97
3304.64 11.28
3306.64 12.9
3308.64 12.9
3310.64 7.07
3312.64 11.51
3314.64 10.23
3316.65 6.78
3318.64 11.94
3320.63 12.57
3322.65 6.05
3324.64 7.19
3326.64 8.76
3328.64 8.76
3330.64 8.02
3332.64 8.17
3334.65 6.33
3336.64 8.89
3338.64 8.72
3340.64 5.5
3342.64 7.24
3344.66 6.64
3346.64 0.02
3348.64 7.3
3350.64 7.99
3352.64 6.7
3354.64 7.83
3356.64 6.89
3358.64 0.32
3360.65 8.9
3362.64 8.3
3364.65 8.2
3366.64 9.39
3368.66 8.09
3370.64 9.33
3372.64 7.5
3374.64 9.56
3376.65 0.75
3378.64 11.97
3380.64 11.36
3382.64 7.63
3384.64 9.6
3386.64 11.05
3388.64 6.4
3390.64 0.24
3392.64 8.74
3394.64 5.7
3396.64 5.26
3398.64 0.07
3400.64 6.55
3402.65 5.33
3404.64 8.22
3406.64 5.3
3408.64 5.89
3410.89 8.1
3412.9 8.12
3414.89 7.52
3416.89 8.25
3418.89 8.18
3420.89 0.71
3422.89 5.96
3424.89 6.54
3426.89 6.96
3428.89 7.85
3430.9 7.51
3432.89 5.67
3434.9 8.05
3436.89 1.29
3438.89 6.27
3440.89 9.66
3442.89 8.03
3444.89 9.94
3446.89 9.35
3448.89 8.83
3450.89 10.09
3452.89 11.34
3454.91 6.51
3456.89 9.9
3458.89 12.92
3460.89 6.65
3462.9 13.11
3464.89 13.49
3466.89 5.8
3468.9 6.93
3470.89 13.91
3472.89 14.19
3474.89 14.19
3476.89 14.19
3478.9 6.35
3480.9 7.22
3482.9 8.93
3484.89 7.32
3486.89 8.28
3488.89 8.85
3490.89 7.43
3492.89 8.94
3494.89 10.06
3496.89 6.65
3498.89 9.63
3500.89 10.64
3502.9 10.64
3504.89 9.06
3506.9 9.54
3508.89 8.13
3510.9 10.55
3512.9 10.58
3514.89 10.36
3516.9 11.91
3518.89 3.15
3520.89 7.69
3522.89 6.42
3524.89 8.47
3526.9 8.47
3528.89 8.47
3530.89 10.42
3532.9 10.42
3534.9 10.49
3536.89 10.49
3538.89 4.01
3540.89 5.48
3542.89 7.29
3544.89 7.29
3546.89 11.61
3548.89 11.61
3550.89 4.95
3552.89 5.53
3554.89 6.58
3556.89 6.52
3558.89 10.45
3560.9 10.45
3562.89 10.45
3564.89 4.66
3566.89 0.24
3568.89 4.06
3570.89 2.64
3572.89 4.8
3574.9 4.82
3576.89 4.73
3578.89 5.06
3580.89 5.16
3582.89 4.52
3584.9 6.65
3586.89 7.78
3588.89 6.83
3590.89 9.64
3592.89 5.99
3594.9 5.39
3596.89 6.65
3598.89 8.32
3600.89 7.7
3602.89 0.26
3604.89 0.07
3606.89 9.81
3608.89 8.25
3610.9 8.72
3612.9 8.3
3614.89 0.4
3616.9 8.06
3618.9 9.08
3620.89 6.82
3622.9 6.12
3624.89 5.06
3626.9 0.58
3628.9 4.52
3630.89 0.99
3632.9 4.36
3634.89 3.2
3636.89 3.66
3638.9 4.52
3640.89 3.44
3642.89 4.47
3644.89 5.54
3646.89 5.96
3648.89 5.46
3650.9 3.95
3652.89 4.08
3654.89 4.08
3656.9 7.19
3659.15 3.82
3661.15 4.28
3663.14 0.26
3665.14 0.77
3667.14 4.52
3669.14 4.5
3670.93 3.14
3673.14 4.86
3675.14 4.86
3677.14 5.0
3679.15 5.0
3681.14 5.0
3683.14 5.0
3685.15 4.59
3687.14 5.41
3689.14 4.61
3691.14 6.57
3693.15 8.11
3694.96 5.83
3697.14 7.21
3699.14 4.68
3701.14 0.06
3703.14 0.38
3705.14 5.0
3707.14 4.52
3709.14 5.25
3711.14 6.91
3713.15 7.99
3715.14 10.9
3717.14 10.9
3719.14 6.38
3721.15 11.69
3723.15 7.54
3725.14 0.06
3727.14 9.31
3729.67 0.86
3731.59 10.49
3733.71 9.65
3736.98 0.86
3737.9 10.07
3739.43 7.1
3740.99 7.99
3743.14 5.28
3745.14 6.24
3747.14 5.63
3749.15 1.42
3751.14 5.83
3753.29 7.25
3755.6 11.4
3757.14 8.69
3759.25 8.13
3761.82 0.44
3763.34 7.08
3765.79 5.19
3768.14 6.67
3770.08 6.69
3771.62 5.98
3773.55 5.73
3775.47 6.63
3777.52 6.8
3780.25 5.49
3781.97 7.54
3783.14 9.39
3785.14 6.64
3787.14 3.5
3789.16 0.66
3791.15 6.97
3794.19 0.1
3795.95 5.04
3797.48 2.01
3799.15 4.88
3801.15 5.03
3803.21 4.98
3805.14 6.39
3807.98 0.18
3810.34 3.68
3811.16 4.06
3813.14 2.45
3816.09 1.47
3817.9 3.51
3819.26 4.89
3821.15 5.19
3823.14 6.24
3825.14 6.24
3827.14 5.36
3829.14 7.22
3831.14 8.81
3833.15 7.15
3835.14 9.21
3837.14 4.99
3839.14 2.75
3841.15 9.55
3843.14 7.05
3846.55 2.2
3847.79 5.01
3849.14 4.64
3851.14 4.69
3853.14 5.44
3855.14 4.89
3857.14 6.64
3859.14 6.52
3861.14 5.26
3863.14 5.23
3865.39 8.23
3867.18 6.42
3869.19 5.84
3871.27 8.42
3873.26 0.79
3875.39 11.12
3877.41 7.33
3879.39 6.23
3881.84 1.36
3883.19 9.11
3885.39 7.78
3887.29 5.84
3889.4 0.77
3891.52 1.96
3893.39 4.47
3895.39 5.04
3897.39 5.06
3899.22 0.95
3901.39 4.71
3903.39 5.21
3905.46 4.04
3907.39 5.15
3909.39 6.33
3912.62 0.96
3914.37 3.77
3916.36 5.0
3918.62 1.79
3921.2 0.27
3921.98 3.9
3923.39 3.71
3925.41 3.93
3927.39 3.78
3929.39 3.59
3931.39 4.75
3933.39 4.44
3935.4 4.25
3937.39 5.61
3939.39 3.99
3941.32 5.94
3944.7 4.97
3947.55 6.15
3948.26 6.3
3949.33 8.51
3951.26 7.33
3954.11 5.3
3955.42 8.84
3957.39 11.16
3959.4 8.67
3962.46 6.39
3966.21 1.49
3967.11 5.48
3969.08 3.56
3971.05 3.56
3973.04 3.56
3975.04 3.56
3977.04 3.56
3979.05 1.32
3981.06 3.7
3983.05 4.65
3985.05 4.95
3987.04 5.31
3989.04 3.98
3991.04 4.89
3993.04 6.02
3995.04 4.6
3997.04 5.39
3999.04 5.85
4001.04 3.33
4003.05 1.91
4005.05 3.57
4007.04 2.48
4009.04 3.36
4011.05 3.83
4013.05 3.19
4015.05 3.83
4017.05 3.8
4019.04 3.97
4021.03 3.94
4023.05 4.53
4025.04 4.55
4027.04 5.38
4029.04 4.59
4031.04 5.33
4033.04 4.69
4035.04 3.56
4037.04 5.57
4039.05 4.74
4041.08 4.84
4043.04 4.63
4045.04 6.79
4047.05 6.26
4049.05 7.0
4051.05 7.21
4053.04 8.25
4055.05 8.28
4057.05 8.2
4059.04 6.85
4061.04 0.45
4063.04 5.13
4065.04 5.49
4067.04 4.78
4069.04 6.03
4071.04 5.09
4073.05 7.31
4075.04 8.8
4077.04 9.85
4079.05 3.77
4081.04 7.3
4083.05 7.83
4085.04 6.65
4087.04 6.48
4089.05 8.8
4091.04 0.32
4093.04 7.18
4095.05 2.79
4097.1 2.97
4099.05 6.36
4101.04 5.48
4103.05 7.69
4105.05 7.64
4107.05 6.59
4109.04 4.11
4111.04 4.07
4113.04 6.97
4115.3 0.59
4117.04 7.07
4119.3 7.25
4121.29 5.74
4123.29 6.42
4125.29 3.44
4127.3 5.96
4129.29 5.72
4131.29 5.21
4133.3 5.97
4135.3 5.34
4137.29 8.33
4139.8 0.88
4141.26 5.35
4143.3 4.52
4145.3 5.3
4147.29 4.19
4149.29 3.78
4151.34 3.63
4153.29 5.77
4156.52 0.23
4158.57 1.0
4160.73 4.19
4162.85 3.49
4163.58 3.76
4165.1 3.98
4167.3 3.6
4169.3 3.9
4171.29 3.29
4173.29 3.91
4175.3 2.61
4177.29 0.11
4179.3 2.63
4181.29 3.05
4183.29 2.84
4185.3 2.67
4187.3 3.16
4189.14 3.46
4191.29 3.49
4193.3 2.96
4195.3 4.58
4197.29 3.22
4199.3 4.6
4201.3 4.5
4203.3 4.52
4205.29 5.65
4207.3 4.19
4209.3 5.03
4211.29 5.31
4213.3 6.25
4215.3 6.19
4217.3 5.9
4219.29 7.21
4221.3 6.82
4223.29 7.46
4225.29 8.12
4227.3 3.8
4229.3 5.76
4231.3 7.19
4233.29 8.99
4235.3 5.33
4237.29 8.18
4239.3 7.8
4241.3 5.81
4243.3 8.12
4245.29 0.34
4247.3 5.15
4249.3 0.13
4251.3 4.9
4253.29 4.05
4255.3 4.65
4257.3 3.49
4259.3 5.3
4261.3 5.96
4263.3 4.79
4265.29 3.75
4267.3 5.93
4269.3 4.76
4271.28 2.64
4273.3 1.1
4275.29 0.76
4277.51 2.83
4279.3 2.24
4281.3 1.35
4283.45 2.34
4285.29 2.82
4287.31 3.24
4289.3 3.05
4291.29 2.92
4293.29 2.72
4295.3 3.1
4297.3 4.17
4299.29 8.18
4301.29 5.22
4303.3 5.23
4305.3 1.95
4307.3 4.18
4309.29 4.39
4311.29 6.76
4313.29 8.45
4315.3 5.47
4317.3 8.37
4319.29 7.44
4321.29 4.79
4323.3 4.37
4325.3 6.12
4327.3 1.63
4329.58 2.53
4331.29 0.68
4333.29 2.93
4335.29 2.4
4337.3 2.78
4339.29 2.76
4341.3 3.06
4343.3 3.67
4345.29 3.82
4347.29 2.45
4349.3 3.89
4351.29 6.06
4353.29 5.42
4355.3 6.76
4357.3 6.77
4359.3 7.98
4361.29 4.17
4363.29 0.37
4365.29 4.74
4367.3 6.47
4369.55 5.24
4371.53 4.92
4373.55 0.23
4375.54 7.4
4377.55 6.09
4379.55 0.19
4381.55 4.07
4383.54 6.06
4385.54 3.15
4387.56 4.48
4389.54 4.52
4391.61 0.92
4393.54 4.49
4395.55 4.2
4397.55 4.37
4399.56 3.88
4401.66 3.11
4403.55 3.61
4405.42 3.8
4407.55 2.41
4409.56 3.88
4411.55 3.47
4413.71 3.32
4415.41 3.67
4419.0 0.34
4420.83 3.36
4422.99 3.08
4425.48 2.6
4427.21 4.07
4428.4 3.68
4429.47 4.43
4431.54 4.15
4433.55 0.2
4435.55 5.82
4437.54 0.32
4439.55 3.35
4441.55 3.84
4443.46 2.08
4445.55 4.27
4447.55 3.83
4449.55 3.79
4451.55 4.4
4453.55 5.22
4455.55 5.3
4457.55 3.33
4459.55 4.35
4461.55 4.11
4463.55 4.03
4465.55 5.78
4467.54 3.06
4469.55 4.17
4471.55 3.65
4473.55 5.56
4475.55 5.05
4478.1 0.23
4479.55 3.2
4481.55 5.27
4483.54 3.05
4485.55 3.75
4487.55 3.65
4489.55 3.28
4491.78 1.07
4493.55 0.87
4495.55 2.95
4498.14 2.16
4499.92 2.04
4501.54 3.06
4503.55 3.41
4505.55 3.47
4507.55 2.57
4509.55 3.09
4511.78 2.18
4513.55 2.45
4515.54 4.08
4517.54 2.77
4519.56 3.18
4521.55 3.56
4523.55 2.51
4525.55 2.62
4527.55 2.53
4529.55 2.68
4531.55 2.56
4533.55 3.0
4535.55 2.66
4537.55 2.61
4539.54 2.18
4541.55 2.75
4544.04 2.2
4546.54 3.25
4547.57 3.02
4549.55 3.17
4551.54 3.23
4553.55 2.39
4555.55 3.6
4557.55 3.08
4559.54 3.9
4561.55 2.49
4563.54 2.59
4565.55 2.65
4567.55 2.81
4569.55 3.33
4571.55 0.99
4573.8 4.21
4575.8 3.2
4577.82 2.44
4580.25 2.52
4582.06 2.52
4584.61 2.14
4586.0 2.34
4587.68 2.65
4590.03 2.66
4592.0 2.61
4594.98 2.96
4598.37 3.1
4600.48 3.05
4602.88 2.51
4604.87 2.54
4606.76 2.57
4609.15 2.92
4611.51 3.3
4613.96 2.6
4616.06 2.47
4618.1 2.52
4619.66 3.99
4620.58 4.13
4621.33 3.62
4621.97 3.82
4623.8 3.18
4625.8 3.53
4627.8 2.8
4629.8 3.53
4631.9 3.04
4633.8 3.1
4635.64 2.39
4637.8 3.84
4639.79 3.84
4641.8 2.55
4643.8 2.72
4645.8 5.06
4647.78 0.19
4649.79 4.27
4651.8 0.01
4653.8 0.78
4655.8 4.02
4657.8 4.89
4659.79 5.13
4661.8 4.1
4663.8 4.51
4665.8 7.16
4667.79 7.05
4669.8 7.45
4671.8 5.78
4673.78 1.37
4675.8 0.59
4677.8 2.3
4679.8 2.49
4681.8 2.82
4683.69 2.84
4685.8 2.5
4687.8 2.78
4689.8 3.69
4691.8 3.07
4693.8 4.17
4695.8 2.33
4697.8 2.84
4699.8 2.5
4701.97 2.39
4703.8 2.91
4705.8 3.19
4707.79 3.08
4709.8 2.99
4711.8 3.52
4713.8 3.26
4715.8 3.02
4717.8 4.81
4719.8 5.11
4721.95 4.39
4723.8 3.82
4725.8 3.82
4727.8 4.91
4729.8 4.94
4731.8 3.99
4733.79 3.55
4736.78 2.64
4739.08 1.25
4741.12 2.57
4743.18 2.38
4745.71 0.33
4747.8 2.54
4750.58 0.43
4751.8 2.36
4753.88 2.2
4755.74 1.94
4757.78 2.58
4759.01 3.76
4760.23 3.0
4761.8 3.97
4763.8 3.84
4765.8 3.48
4767.8 2.6
4771.31 2.55
4773.46 1.75
4776.15 1.75
4776.81 2.09
4779.06 2.53
4781.6 2.75
4783.58 2.05
4786.0 1.87
4788.51 2.1
4791.53 1.91
4792.46 2.81
4793.24 2.49
4794.45 2.44
4795.8 2.7
4797.8 2.72
4799.8 2.96
4801.8 2.85
4803.8 3.13
4805.8 2.89
4807.8 2.12
4809.8 2.75
4811.8 2.23
4813.8 2.53
4815.8 2.25
4817.8 2.63
4819.81 2.27
4822.05 1.76
4824.05 1.72
4826.05 2.49
4828.05 2.45
4830.05 2.55
4832.05 2.27
4834.05 2.81
4836.05 2.49
4838.05 1.06
4840.05 2.32
4841.96 2.28
4844.05 2.48
4846.05 2.52
4848.05 2.36
4850.05 2.98
4852.05 3.28
4854.05 2.07
4856.05 3.07
4858.05 2.26
4860.05 2.24
4862.05 3.5
4864.05 2.3
4865.88 3.96
4868.05 3.51
4870.05 3.3
4872.05 3.86
4874.05 3.61
4876.05 3.6
4878.05 2.35
4880.06 3.52
4882.05 4.2
4884.05 0.28
4886.05 3.58
4888.05 4.15
4889.92 3.55
4892.05 4.29
4894.05 3.65
4896.02 1.14
4898.05 3.03
4900.05 4.08
4902.05 4.08
4904.09 3.82
4906.05 4.93
4908.05 4.22
4910.05 3.98
4912.05 4.42
4914.04 3.13
4916.05 3.25
4918.05 3.69
4920.05 4.73
4922.05 4.87
4924.05 2.31
4926.05 2.87
4928.05 3.81
4930.05 3.95
4932.05 4.12
4934.05 4.11
4936.05 3.89
4938.05 4.49
4940.05 6.65
4942.05 6.94
4944.05 0.24
4946.05 0.05
4948.05 3.99
4950.05 3.9
4952.05 5.23
4954.05 4.51
4956.05 0.16
4958.05 1.13
4960.05 3.33
4962.05 4.19
4964.05 4.47
4966.05 3.68
4968.05 5.04
4970.05 6.19
4972.05 4.72
4974.05 4.63
4976.05 2.96
4978.05 3.05
4980.05 0.66
4982.05 5.18
4984.05 4.86
4986.05 7.37
4988.05 6.27
4990.05 7.6
4992.05 7.8
4994.05 8.52
4996.05 2.55
4998.05 5.61
5000.05 11.28
5002.05 7.59
5004.05 8.09
5006.05 7.4
5008.05 8.27
5010.05 9.05
5012.05 8.45
5014.05 9.4
5016.04 7.36
5018.08 6.59
5020.05 4.18
5022.05 6.68
5024.05 7.99
5026.05 0.19
5028.05 0.61
5030.05 0.23
5032.05 4.39
5034.05 3.72
5036.05 5.16
5038.05 4.64
5040.05 1.48
5042.05 1.32
5044.05 4.03
5046.05 4.54
5048.05 5.85
5050.05 6.62
5052.05 5.93
5054.05 4.91
5056.56 0.32
5058.06 6.91
5060.05 7.02
5062.05 6.38
5064.05 7.39
5066.05 8.87
5068.05 8.06
5070.05 8.06
5072.29 8.06
5074.3 8.06
5076.3 8.06
5078.3 7.67
5080.3 7.47
5082.3 5.18
5084.3 5.18
5086.3 5.18
5088.3 2.26
5090.3 4.9
5092.3 4.9
5094.3 5.54
5096.3 5.68
5098.3 6.14
5100.3 5.36
5102.3 4.61
5104.3 6.22
5106.3 4.38
5108.3 5.03
5110.3 4.18
5112.3 3.26
5114.3 6.07
5116.3 4.1
5118.31 0.34
5120.3 3.92
5122.3 3.41
5124.3 3.99
5126.3 3.62
5128.3 4.6
5130.2 5.57
5132.3 3.58
5134.3 4.2
5136.3 4.46
5138.3 3.9
5140.3 3.54
5142.3 4.71
5144.29 5.13
5146.3 5.64
5148.3 4.96
5150.3 4.85
5152.3 5.22
5154.3 4.0
5156.3 6.11
5158.3 3.41
5160.3 4.53
5162.3 4.32
5164.3 6.28
5166.3 5.32
5168.29 5.47
5170.3 7.12
5172.3 7.07
5174.3 8.94
5176.3 9.3
5178.3 5.79
5180.3 8.61
5182.3 10.02
5184.3 11.73
5186.3 7.52
5188.3 10.58
5190.3 4.83
5192.3 11.09
5194.3 5.07
5196.3 0.15
5198.3 1.58
5200.3 4.38
5202.3 4.22
5204.3 4.92
5206.3 5.22
5208.3 3.65
5210.3 4.01
5212.3 5.25
5214.3 4.94
5216.31 4.23
5218.3 5.1
5220.3 4.12
5222.3 4.43
5224.3 3.33
5226.29 2.95
5228.29 4.47
5230.3 3.88
5232.96 3.62
5234.38 3.88
5236.3 5.23
5239.13 0.51
5241.7 5.24
5243.61 5.91
5245.3 5.76
5246.3 7.72
5248.3 7.63
5250.3 11.28
5252.3 10.02
5254.3 0.37
5256.3 1.53
5258.3 0.58
5260.3 5.73
5262.3 5.65
5264.29 6.76
5266.3 7.47
5268.3 8.29
5270.55 10.86
5272.3 9.65
5274.3 5.19
5276.3 3.94
5278.3 5.92
5280.3 6.73
5282.55 11.15
5284.55 9.0
5286.55 6.1
5288.32 12.93
5290.55 12.79
5292.55 9.49
5294.55 10.58
5296.55 13.01
5298.55 14.82
5300.55 13.47
5302.55 13.47
5304.55 8.81
5306.55 12.17
5308.55 6.16
5310.55 6.16
5312.42 6.16
5314.55 4.53
5316.55 4.53
5318.55 8.42
5320.55 8.5
5322.56 5.21
5324.54 6.11
5326.55 6.49
5328.55 4.45
5330.55 4.11
5332.55 5.73
5334.55 4.23
5336.55 3.55
5338.55 4.33
5340.55 3.62
5342.55 5.11
5344.55 5.07
5346.55 3.16
5348.55 4.51
5350.55 4.88
5352.55 4.94
5354.55 4.04
5356.55 4.62
5358.55 4.59
5360.56 5.59
5362.55 4.44
5364.55 3.53
5366.55 4.39
5368.87 0.62
5370.76 2.29
5372.55 3.3
5374.55 3.75
5376.55 2.61
5378.55 3.47
5380.54 2.84
5382.55 3.64
5384.54 3.82
5386.54 4.57
5388.55 3.55
5390.55 3.12
5392.55 4.85
5394.55 3.15
5396.55 4.46
5399.05 2.52
5400.55 3.36
5402.55 3.35
5404.87 2.9
5406.69 4.42
5408.62 5.79
5410.55 4.04
5412.55 5.45
5415.02 4.05
5416.55 3.93
5418.57 3.93
5420.55 3.93
5422.55 3.93
5424.6 4.13
5426.55 3.17
5428.55 3.38
5430.87 5.0
5433.03 5.77
5435.43 3.8
5437.33 5.34
5438.5 5.69
5440.55 4.36
5442.55 6.71
5444.96 6.09
5448.14 6.14
5450.74 5.52
5451.99 5.46
5453.72 7.05
5455.22 7.83
5456.55 6.25
5458.55 6.25
5460.55 6.25
5462.55 5.79
5464.55 5.94
5466.86 8.52
5469.99 6.86
5471.86 6.19
5473.22 6.68
5475.42 2.17
5476.54 4.32
5478.56 3.55
5480.56 1.87
5482.56 3.84
5484.55 4.5
5486.55 5.24
5488.55 5.13
5490.55 5.26
5492.55 5.85
5494.55 5.56
5496.55 6.95
5498.55 7.63
5500.55 7.54
5502.55 5.76
5504.55 6.52
5506.55 8.39
5508.55 9.57
5510.55 8.35
5512.55 8.54
5514.55 2.68
5516.55 5.49
5518.55 6.62
5520.55 5.24
5522.55 8.87
5524.55 8.69
5526.55 9.29
5528.55 7.92
5530.58 0.15
5532.8 0.44
5534.59 0.93
5536.8 7.07
5538.81 5.07
5540.8 5.46
5542.8 5.42
5544.8 6.19
5546.8 6.65
5548.8 5.71
5550.8 4.62
5552.8 3.78
5554.8 4.7
5556.8 5.51
5558.8 6.0
5560.8 6.27
5562.8 6.88
5564.8 7.73
5566.8 3.54
5568.8 4.84
5570.8 3.49
5572.8 1.15
5574.8 3.99
5576.8 3.66
5578.8 4.14
5580.8 5.48
5582.8 6.16
5584.8 5.83
5586.8 5.42
5588.8 4.45
5590.83 5.43
5592.8 5.97
5594.8 3.58
5596.8 3.82
5598.81 5.4
5600.8 4.25
5602.8 5.1
5604.8 3.89
5606.8 3.83
5608.8 1.04
5610.8 3.49
5612.8 4.08
5614.79 5.27
5616.8 3.97
5618.8 5.34
5620.81 6.78
5622.8 5.96
5624.8 2.19
5626.8 3.84
5628.8 3.79
5630.8 3.81
5632.8 4.28
5634.8 4.08
5636.8 3.8
5638.79 3.14
5640.8 5.11
5642.81 4.86
5644.8 6.26
5646.8 5.24
5648.8 5.09
5650.8 3.94
5652.8 6.17
5654.8 5.41
5656.8 6.46
5658.8 6.64
5660.8 7.73
5662.79 1.37
5665.03 0.32
5667.14 5.76
5669.17 5.89
5671.5 3.75
5674.33 5.4
5676.37 5.47
5678.58 6.66
5680.19 4.82
5681.81 4.65
5683.56 4.06
5685.43 5.49
5687.22 4.02
5688.81 2.69
5690.8 5.18
5692.8 4.21
5694.8 3.08
5696.8 5.39
5698.8 5.26
5700.8 5.15
5702.8 6.92
5704.8 6.86
5706.8 7.63
5708.8 5.93
5710.8 7.43
5712.8 7.61
5714.8 6.58
5716.8 6.07
5718.8 6.61
5720.8 7.54
5723.05 0.52
5724.8 1.32
5726.8 3.55
5728.8 4.55
5730.8 4.71
5732.8 5.88
5734.79 6.91
5736.8 6.45
5738.8 7.5
5740.8 8.51
5742.8 9.7
5744.8 8.93
5746.8 11.02
5748.81 11.29
5750.8 13.98
5752.8 7.67
5754.8 7.29
5756.8 10.53
5758.84 13.1
5761.77 7.33
5763.05 8.0
5765.05 9.0
5767.05 1.54
5769.05 4.09
5771.04 8.92
5773.05 9.43
5775.05 7.65
5777.05 2.66
5779.05 8.76
5781.05 9.26
5782.92 9.84
5785.06 0.5
5787.05 7.52
5789.05 7.48
5791.06 6.15
5793.05 3.47
5794.94 0.3
5797.04 3.85
5799.05 5.14
5801.05 4.95
5803.05 4.94
5805.05 5.71
5807.05 6.45
5809.05 8.12
5811.05 6.2
5813.05 7.52
5815.05 8.82
5817.04 11.7
5819.05 10.46
5821.12 0.01
5823.05 9.29
5825.05 7.04
5827.05 10.41
5829.05 7.87
5831.05 6.93
5833.05 3.37
5835.05 0.36
5837.05 6.32
5839.05 5.09
5841.05 6.14
5843.05 6.74
5845.05 7.05
5847.05 6.92
5849.05 6.48
5851.05 6.27
5853.05 8.18
5855.05 7.75
5857.05 8.06
5859.05 9.08
5861.05 8.75
5863.05 8.75
5865.05 8.75
5867.05 0.25
5869.05 1.05
5871.05 6.62
5873.05 5.04
5875.05 3.77
5877.05 5.24
5879.05 2.79
5881.05 0.56
5883.05 2.72
5885.05 4.33
5887.05 4.88
5889.05 4.66
5891.05 4.15
5893.05 4.94
5895.05 5.82
5897.05 6.02
5899.05 4.83
5901.05 4.76
5903.05 3.98
5905.05 4.63
5907.05 5.64
5909.05 4.26
5911.38 6.16
5913.05 6.75
5915.05 4.76
5917.32 2.07
5919.05 7.99
5921.36 1.28
5923.02 3.45
5925.05 5.16
5927.05 4.2
5929.05 3.99
5931.05 4.9
5933.05 4.92
5935.05 6.26
5937.05 6.48
5939.05 5.43
5941.05 6.18
5943.01 7.31
5945.05 5.09
5947.05 7.21
5949.05 7.44
5951.05 6.56
5953.05 4.68
5955.05 6.19
5957.05 5.57
5959.06 4.68
5961.05 6.77
5963.05 6.94
5965.05 5.52
5967.05 6.67
5969.05 6.57
5971.05 1.3
5973.05 6.18
5975.05 4.39
5977.05 5.47
5979.1 3.97
5981.15 4.31
5983.05 5.26
5985.05 6.5
5987.3 6.27
5989.29 6.36
5991.05 6.44
5993.3 6.18
5995.3 5.66
5997.3 7.83
5999.3 6.47
6001.3 6.51
6003.3 7.7
6005.3 5.46
6007.3 4.68
6009.3 4.68
6011.3 4.2
6013.29 6.73
6015.3 3.87
6017.3 4.11
6019.3 4.2
6021.3 3.43
6023.3 4.44
6025.3 3.64
6027.3 3.67
6029.3 3.71
6031.3 3.38
6033.3 4.87
6035.3 3.13
6037.29 4.0
6039.3 3.34
6041.3 4.48
6043.3 3.34
6045.3 4.16
6047.3 3.27
6049.3 5.39
6051.3 4.62
6053.3 4.09
6055.3 4.09
6057.3 4.09
6059.3 4.09
6061.3 4.09
6063.3 4.09
6065.3 4.09
6067.3 0.32
6069.3 2.41
6071.3 2.69
6073.3 2.6
6075.3 2.91
6077.3 3.08
6079.3 3.25
6081.3 3.5
6083.3 2.05
6085.3 3.62
6087.3 3.23
6089.3 3.02
6091.3 3.21
6093.3 3.3
6095.3 2.22
6097.3 3.07
6099.3 4.08
6101.3 3.9
6103.3 3.71
6105.3 3.48
6107.3 3.24
6109.29 4.82
6111.39 0.26
6113.3 2.48
6115.3 3.53
6117.3 2.18
6119.3 3.22
6121.3 2.95
6123.3 2.82
6125.3 2.42
6127.3 2.27
6129.3 4.57
6131.3 4.1
6133.3 2.86
6135.3 3.84
6137.3 0.12
6139.3 2.9
6141.3 0.24
6143.3 4.21
6145.3 2.62
6147.3 3.46
6149.3 0.13
6151.3 3.38
6154.12 1.86
6156.14 0.27
6157.42 2.88
6159.3 2.15
6161.3 2.74
6163.96 2.17
6166.04 3.12
6168.12 3.83
6170.47 2.43
6172.77 3.15
6175.16 2.86
6178.22 3.81
6180.87 3.07
6183.61 3.12
6186.81 2.51
6189.05 2.77
6189.84 2.25
6191.6 2.64
6193.02 4.14
6194.34 4.38
6196.34 0.2
6198.34 4.49
6200.34 2.6
6202.34 4.46
6204.33 4.83
6206.34 4.54
6208.34 4.73
6210.34 4.15
6212.34 4.16
6214.34 3.66
6216.34 3.95
6218.34 3.77
6220.34 2.57
6222.34 2.59
6224.34 3.78
6226.34 2.61
6228.34 3.08
6230.34 4.5
6232.34 4.89
6234.34 3.96
6236.34 4.96
6238.34 4.2
6240.59 5.31
6242.58 2.94
6244.59 4.73
6246.59 4.95
6248.38 3.1
6251.53 0.57
6253.53 2.94
6255.96 2.55
6256.78 2.61
6259.65 1.77
6260.59 1.8
6262.59 2.99
6264.68 1.98
6266.58 1.85
6268.59 2.36
6270.59 2.5
6272.59 2.65
6274.63 2.99
6276.48 2.45
6278.59 3.56
6280.59 2.59
6282.59 2.12
6284.59 3.0
6286.59 2.68
6288.59 3.59
6290.58 3.6
6292.59 4.16
6294.59 3.73
6296.59 3.59
6298.59 2.1
6300.43 3.19
6302.59 3.99
6304.59 2.25
6306.59 3.02
6308.67 3.56
6310.59 2.59
6312.59 3.57
6314.58 2.57
6316.59 3.28
6318.6 3.35
6320.59 3.15
6322.59 3.14
6324.59 3.78
6326.59 4.37
6328.59 3.37
6330.59 3.7
6332.59 4.26
6334.59 2.33
6336.59 2.72
6338.59 2.32
6340.59 0.09
6342.59 2.95
6344.6 2.41
6346.59 2.21
6348.59 3.01
6350.59 2.56
6352.59 2.96
6354.59 3.57
6356.59 3.84
6358.59 3.71
6360.59 4.09
6362.59 4.04
6364.59 3.41
6366.52 3.44
6368.59 5.03
6370.48 1.01
6372.59 4.19
6374.59 3.69
6376.67 3.66
6379.12 4.84
6380.59 4.87
6382.59 3.09
6384.59 4.82
6386.59 4.7
6388.74 3.21
6390.59 5.05
6392.52 4.55
6394.63 3.58
6396.59 4.45
6398.59 4.53
6400.59 4.54
6402.8 6.28
6404.59 6.17
6406.61 1.51
6408.74 3.93
6411.0 4.05
6412.74 3.07
6414.55 0.02
6416.59 5.64
6419.56 2.93
6421.03 5.12
6422.59 5.34
6425.66 0.2
6428.14 5.57
6430.33 0.14
6431.93 4.13
6432.7 5.46
6434.58 6.38
6436.59 0.16
6438.59 0.63
6440.59 5.67
6442.59 5.78
6444.84 5.19
6446.84 5.21
6448.84 4.71
6450.84 5.14
6452.84 3.64
6454.76 1.17
6456.84 5.51
6458.63 6.4
6461.53 0.26
6462.84 4.17
6464.84 5.29
6466.84 4.79
6468.84 7.06
6470.84 6.83
6472.84 5.6
6474.84 6.64
6476.84 7.75
6478.84 6.42
6480.84 7.53
6482.85 7.6
6484.84 4.76
6486.84 6.74
6488.84 6.9
6490.84 6.02
6492.84 8.77
6494.84 7.3
6496.84 6.6
6498.84 5.09
6500.84 7.2
6502.84 3.52
6504.84 0.13
6506.84 8.26
6508.84 0.03
6510.84 7.49
6512.84 8.0
6514.84 4.4
6516.73 3.66
6518.84 7.36
6520.84 0.61
6522.71 3.81
6524.84 7.69
6526.68 0.15
6528.84 5.46
6530.68 6.78
6532.84 4.01
6534.84 3.98
6536.85 5.85
6538.84 4.98
6540.84 6.73
6542.84 6.6
6544.84 5.84
6546.84 7.38
6548.85 5.71
6550.84 6.52
6552.84 8.31
6554.84 5.59
6556.84 5.81
6558.84 7.45
6560.84 8.07
6562.84 7.76
6564.89 5.39
6568.97 0.16
6571.22 3.55
6572.88 3.07
6575.12 0.29
6576.53 4.64
6577.59 3.83
6578.84 4.74
6582.07 0.18
6584.59 2.17
6586.4 3.07
6588.03 2.77
6589.93 2.94
6592.26 2.35
6594.11 2.85
6596.12 2.74
6597.75 2.94
6599.43 3.75
6602.54 0.15
6604.44 3.11
6606.72 2.61
6608.68 3.19
6611.41 2.75
6613.12 4.23
6614.46 4.56
6615.84 4.09
6617.27 3.79
6619.23 0.65
6620.84 4.17
6622.84 4.4
6624.84 5.14
6626.84 4.69
6628.84 4.38
6630.84 4.53
6632.84 5.85
6635.25 6.09
6636.84 4.45
6639.42 4.28
6640.96 4.18
6642.84 5.83
6644.84 5.72
6647.26 0.81
6648.81 4.89
6650.84 2.21
6653.96 2.22
6655.39 5.09
6656.92 5.0
6658.84 6.06
6660.84 6.41
6662.84 7.06
6664.84 5.79
6666.85 4.66
6668.84 7.02
6670.84 4.45
6672.84 4.8
6674.84 5.68
6676.84 5.82
6678.84 0.14
6680.84 5.59
6682.84 0.33
6684.84 2.44
6686.84 5.18
6688.84 2.88
6690.84 5.73
6692.84 5.04
6695.09 4.48
6697.09 5.17
6699.09 5.59
6701.09 4.74
6703.53 4.43
6704.97 3.94
6707.2 5.56
6709.07 7.23
6710.99 4.85
6713.83 7.08
6716.62 5.73
6719.4 5.33
6721.94 4.28
6724.28 4.92
6728.16 1.15
6731.27 3.07
6731.95 2.73
6732.85 3.54
6733.86 3.33
6735.14 2.99
6736.9 2.67
6739.68 2.2
6740.97 3.66
6741.77 4.59
6743.03 2.84
6745.09 3.72
6747.09 5.18
6749.09 4.32
6751.09 5.96
6753.09 5.87
6755.09 3.83
6757.09 3.52
6759.09 0.31
6761.16 3.13
6763.41 0.26
6765.1 4.56
6767.09 4.49
6769.09 2.83
6771.1 4.65
6773.09 5.09
6775.09 4.0
6777.09 4.62
6779.09 5.54
6781.09 6.21
6783.09 6.6
6785.09 4.83
6787.09 0.68
6789.77 0.24
6791.14 0.69
6793.09 4.26
6795.09 4.32
6797.1 4.43
6799.1 2.78
6801.09 4.58
6803.09 4.89
6805.09 4.44
6807.09 4.64
6809.1 4.22
6811.09 5.38
6813.09 3.72
6815.09 4.77
6816.97 0.03
6819.31 3.08
6821.09 3.8
6823.09 2.71
6825.1 2.64
6827.42 1.13
6829.0 3.39
6831.83 2.57
6834.38 2.48
6836.28 3.18
6838.35 1.92
6840.68 2.55
6842.51 2.49
6844.73 1.84
6847.0 2.4
6849.04 2.68
6850.69 3.66
6851.89 4.4
6853.04 3.52
6855.09 4.93
6857.09 4.95
6859.09 6.14
6861.09 5.04
6863.09 5.37
6865.09 7.22
6867.09 6.88
6869.09 4.1
6871.09 3.81
6873.09 6.97
6875.09 1.14
6877.14 4.18
6879.09 5.67
6881.09 6.28
6883.09 6.17
6885.09 7.2
6887.09 7.47
6889.09 7.1
6891.05 4.32
6893.09 7.41
6895.09 6.89
6897.09 1.7
6899.09 8.23
6901.1 6.0
6903.79 0.45
6906.17 1.66
6907.5 4.62
6909.09 5.0
6911.09 4.06
6913.63 0.27
6916.73 0.7
6920.0 3.49
6920.76 3.77
6922.31 3.15
6923.75 4.49
6925.09 4.77
6927.09 6.42
6929.09 4.76
6931.09 7.02
6933.09 0.22
6935.09 5.31
6937.09 6.89
6939.09 6.33
6941.09 6.05
6943.34 6.43
6945.09 8.53
6947.34 8.45
6949.34 7.79
6951.59 0.49
6953.15 4.8
6955.34 5.2
6957.34 1.25
6959.35 6.59
6961.34 5.65
6963.34 0.06
6965.48 2.01
6967.36 3.15
6969.39 0.16
6971.34 0.77
6973.34 3.29
6975.34 3.32
6977.17 3.74
6979.33 3.1
6981.34 4.25
6983.34 3.88
6985.34 3.37
6987.22 3.33
6989.34 2.97
6991.16 2.89
6993.34 2.86
6995.34 2.94
6997.34 3.18
6999.34 3.21
7001.34 3.37
7003.34 3.74
7006.24 2.84
7008.36 3.46
7010.01 2.68
7011.66 2.06
7014.39 3.48
7016.28 4.38
7018.11 0.07
7019.35 2.93
7021.34 3.01
7023.75 2.28
7025.91 4.27
7027.74 3.12
7029.26 3.35
7031.34 2.94
7033.34 2.97
7035.34 3.16
7037.36 3.52
7039.34 0.62
7041.34 3.38
7043.34 4.61
7045.35 6.02
7047.34 4.22
7049.34 4.96
7051.34 6.6
7053.34 6.28
7055.34 7.36
7057.34 8.73
7059.35 0.07
7061.34 5.95
7063.35 7.64
7065.34 4.89
7067.34 4.74
7069.34 2.0
7071.34 0.11
7073.34 2.54
7075.34 4.86
7077.34 6.35
7079.34 0.68
7081.34 0.65
7083.28 0.07
7085.34 3.8
7087.72 4.09
7089.35 4.03
7091.35 3.68
7093.34 3.85
7095.34 4.47
7097.34 4.64
7099.34 4.23
7101.34 4.23
7103.34 4.06
7105.34 4.06
7107.34 3.89
7109.34 4.11
7111.34 5.87
7113.34 5.44
7115.34 5.99
7117.34 5.32
7119.34 4.98
7121.34 7.02
7123.35 6.09
7125.34 6.37
7127.34 6.4
7129.34 7.02
7131.35 7.02
7133.34 4.41
7135.34 4.41
7137.34 4.66
7139.34 8.37
7141.34 8.37
7143.34 8.37
7145.34 8.37
7147.34 4.84
7149.34 0.06
7151.34 0.52
7153.35 2.47
7155.59 2.98
7157.59 3.8
7159.59 3.94
7161.59 3.88
7163.59 3.25
7165.59 3.22
7167.59 3.42
7169.59 3.24
7171.59 3.8
7174.45 3.64
7176.07 4.58
7178.09 6.23
7181.13 4.49
7182.78 6.89
7183.79 6.82
7185.59 4.95
7187.59 5.79
7189.59 7.24
7191.59 4.35
7193.87 3.63
7195.59 5.56
7197.59 0.36
7199.43 7.8
7201.59 6.18
7203.59 6.04
7205.59 7.72
7207.59 7.02
7209.74 0.97
7211.59 0.47
7213.59 4.2
7215.6 5.92
7217.59 4.49
7219.59 4.68
7221.59 3.79
7224.47 2.2
7225.64 3.37
7229.55 0.41
7231.66 2.22
7233.21 2.39
7234.23 2.42
7235.59 2.42
7238.22 2.54
7240.56 2.94
7241.67 2.55
7243.6 2.24
7245.59 2.68
7247.71 1.83
7251.13 1.98
7253.35 2.8
7255.15 3.48
7257.5 3.01
7259.17 2.88
7261.22 2.77
7264.3 2.44
7267.34 2.87
7268.92 3.55
7270.34 2.97
7272.55 3.03
7274.04 4.57
7275.69 3.78
7276.75 6.83
7277.56 7.17
7279.6 7.99
7281.59 0.26
7283.59 8.05
7285.59 9.08
7287.59 6.15
7289.59 8.99
7291.6 7.71
7293.59 8.65
7295.6 9.38
7297.59 9.63
7299.59 2.73
7301.59 10.9
7303.62 8.92
7307.16 13.28
7309.23 0.51
7311.44 4.86
7313.0 2.81
7314.18 3.28
7315.59 3.84
7317.59 3.73
7319.59 4.43
7321.59 5.15
7323.59 4.55
7325.6 5.06
7327.57 4.66
7329.59 4.15
7332.51 4.34
7336.83 2.99
7338.66 4.46
7339.56 4.96
7343.28 4.41
7344.64 6.88
7345.4 6.3
7347.12 0.63
7349.32 0.28
7351.12 8.88
7353.12 1.14
7355.13 2.21
7357.12 5.81
7359.12 0.13
7361.12 4.0
7363.12 4.25
7365.12 0.27
7367.12 5.82
7369.12 5.23
7371.13 5.82
7373.12 0.14
7375.12 2.73
7377.12 4.04
7379.12 4.37
7381.12 6.63
7383.12 4.76
7385.13 6.57
7387.12 7.3
7389.12 0.44
7391.13 3.74
7393.12 7.66
7395.12 7.72
7397.13 7.51
7399.12 5.97
7401.12 6.49
7403.37 6.16
7405.38 8.53
7407.38 6.89
7409.38 9.05
7411.52 9.11
7413.84 5.18
7415.29 4.49
7420.59 2.39
7421.99 0.45
7423.48 0.56
7424.93 3.78
7426.93 4.03
7428.93 6.05
7430.98 0.61
7432.85 3.42
7434.88 3.36
7436.93 3.59
7439.46 1.31
7441.19 3.82
7443.04 3.62
7444.93 4.97
7446.76 5.83
7448.94 4.33
7450.93 6.88
7452.93 8.31
7454.85 0.29
7456.93 5.98
7458.94 0.09
7460.94 6.55
7462.93 7.35
7464.94 8.58
7466.94 1.26
7468.93 4.79
7470.94 6.58
7472.93 4.56
7474.93 1.15
7476.94 4.73
7479.62 0.5
7480.94 5.69
7482.93 4.74
7484.93 2.97
7486.93 3.86
7488.93 5.54
7490.93 6.57
7492.94 6.83
7494.93 6.72
7496.93 0.33
7498.93 5.38
7500.94 6.85
7502.93 4.64
7504.93 8.75
7506.94 8.64
7508.93 5.72
7510.94 8.42
7512.94 8.81
7514.93 7.87
7516.94 8.03
7518.94 6.46
7520.93 7.7
7522.93 1.67
7524.93 10.37
7526.94 8.44
7528.93 0.04
7530.93 0.71
7532.93 10.02
7534.94 9.26
7536.94 13.16
7538.93 9.18
7540.94 8.93
7542.93 11.57
7544.92 3.38
7548.35 3.39
7549.5 1.09
7550.94 3.0
7552.94 4.47
7554.94 5.35
7556.93 3.9
7558.93 6.73
7560.95 7.28
7562.94 7.08
7564.93 8.18
7566.94 6.72
7569.12 5.08
7570.93 5.2
7572.94 6.55
7574.94 6.08
7576.93 7.53
7578.94 6.49
7580.94 7.23
7582.93 7.23
7584.93 6.72
7586.94 5.58
7588.93 6.62
7590.94 6.62
7592.93 6.55
7595.59 9.52
7597.44 11.19
7599.21 10.29
7600.94 6.9
7602.94 9.95
7605.13 1.4
7606.93 3.86
7608.94 4.09
7611.69 0.39
7612.93 3.89
7615.79 2.34
7617.01 0.69
7618.93 3.47
7620.93 4.67
7622.93 2.89
7624.93 3.46
7627.44 1.09
7630.26 4.2
7631.2 6.83
7632.94 7.53
7634.93 7.09
7636.94 7.09
7638.94 4.06
7640.93 7.0
7642.93 7.04
7644.94 6.0
7646.94 6.07
7649.68 5.35
7650.93 7.72
7652.99 5.92
7655.18 3.21
7657.19 4.12
7659.18 4.74
7661.18 5.23
7664.55 0.56
7666.45 1.89
7667.35 4.57
7669.18 3.89
7675.64 3.24
7677.04 2.84
7679.07 4.74
7680.41 2.05
7681.01 5.1
7681.64 6.48
7683.19 5.27
7685.18 3.89
7687.18 4.73
7689.18 4.42
7691.19 6.35
7693.19 4.9
7695.19 6.2
7698.53 5.57
7700.38 6.0
7702.39 1.99
7705.04 0.54
7706.65 0.2
7708.33 6.94
7709.42 6.89
7711.18 6.81
7713.18 0.26
7715.18 0.74
7717.19 3.42
7719.18 0.55
7721.18 2.29
7723.18 6.11
7725.21 6.64
7727.18 7.15
7729.18 7.15
7731.19 6.27
7733.18 8.31
7735.18 5.89
7737.18 10.47
7739.19 7.05
7741.18 0.36
7743.19 9.36
7745.18 0.14
7747.19 1.39
7749.18 3.95
7751.19 9.26
7753.18 4.88
7755.19 10.85
7757.19 9.26
7759.18 4.81
7761.18 4.45
7763.19 13.09
7765.19 1.22
7767.19 4.82
7769.19 4.35
7771.19 0.27
7773.18 5.65
7775.19 6.73
7777.19 6.83
7779.18 4.35
7781.19 7.22
7783.19 6.7
7785.19 0.18
7787.19 3.72
7789.19 4.76
7791.2 6.08
7793.19 5.7
7795.18 3.74
7797.18 1.62
7800.77 0.83
7802.17 0.65
7803.53 3.61
7805.18 3.25
7807.18 2.57
7809.18 3.44
7811.19 3.29
7813.19 2.69
7815.18 3.44
7817.38 0.62
7819.19 0.49
7821.19 3.46
7823.18 4.54
7825.18 3.36
7827.19 2.96
7829.19 4.54
7831.18 5.53
7833.18 5.35
7835.18 5.45
7837.19 6.5
7839.19 5.88
7842.4 1.39
7844.17 0.63
7845.71 2.12
7847.18 3.25
7849.19 3.14
7851.18 3.14
7853.19 2.89
7855.19 4.51
7857.44 5.29
7859.19 3.77
7861.19 3.88
7863.44 4.56
7866.37 1.03
7867.29 4.1
7869.29 1.98
7871.44 3.73
7873.44 2.72
7875.49 2.85
7877.52 0.3
7879.43 3.2
7881.23 4.52
7883.44 6.75
7885.43 5.41
7887.44 5.89
7889.43 4.75
7891.43 3.98
7893.33 5.18
7895.43 0.38
7897.44 0.34
7899.44 5.72
7901.43 4.43
7903.44 3.66
7905.44 3.38
7907.43 3.45
7909.44 3.35
7911.45 4.83
7913.44 3.47
7915.44 5.26
7917.43 8.91
7919.59 0.15
7921.44 0.57
7923.44 0.87
7925.44 4.8
7927.43 1.53
7929.44 4.73
7931.44 4.99
7933.44 3.75
7935.43 4.99
7937.44 5.37
7939.44 4.72
7941.44 4.43
7943.44 4.25
7945.64 5.16
7947.68 7.9
7949.44 6.24
7951.42 8.46
7953.44 5.07
7955.42 6.26
7957.44 0.8
7959.44 2.3
7961.43 1.1
7963.44 1.0
7965.43 3.65
7967.44 3.65
7969.44 3.65
7971.44 3.65
7973.43 3.65
7975.44 3.65
7977.44 3.65
7979.44 3.65
7981.43 3.65
7983.44 3.65
7985.44 3.65
7987.43 3.65
7989.44 2.42
7991.44 1.8
7993.43 1.67
7995.43 1.93
7997.46 1.54
7999.43 1.53
8001.44 1.94
8003.43 1.91
8005.44 2.15
8007.43 1.8
8009.44 2.11
8011.44 1.84
8013.43 1.96
8015.43 1.8
8018.11 1.85
8020.22 1.75
8023.72 1.75
8026.43 1.75
8029.4 1.7
8031.87 1.96
8034.23 2.23
8035.28 2.59
8037.19 2.56
8038.38 3.11
8039.21 3.59
8039.91 3.22
8041.43 2.54
8043.44 3.59
8045.43 3.5
8047.43 4.28
8049.44 4.41
8051.44 4.09
8053.93 3.88
8055.6 3.81
8058.24 3.73
8061.5 2.7
8063.49 3.79
8065.46 5.18
8067.49 5.25
8068.69 5.74
8069.98 5.8
8071.56 6.33
8074.14 6.8
8078.28 6.05
8080.22 6.04
8083.18 6.11
8085.13 5.97
8086.4 4.8
8089.04 0.67
8089.83 5.0
8091.25 4.89
8093.25 5.63
8095.25 6.31
8097.25 6.07
8099.26 4.93
8101.24 5.22
8103.25 0.16
8105.25 3.93
8107.25 4.16
8109.25 3.68
8111.5 3.4
8113.5 2.25
8115.5 0.42
8117.51 1.57
8119.5 1.57
8121.5 2.71
8123.38 3.2
8125.5 3.42
8127.5 2.96
8129.5 3.7
8131.5 4.52
8133.5 4.18
8135.5 3.71
8137.46 2.36
8139.5 4.26
8141.5 5.87
8143.51 6.1
8145.34 1.08
8147.3 4.69
8149.5 3.81
8151.58 4.49
8153.4 3.4
8155.5 3.41
8157.5 4.93
8159.5 6.47
8161.5 3.14
8163.3 5.2
8165.5 4.66
8167.51 4.66
8169.5 4.66
8171.5 6.79
8173.5 4.88
8175.5 5.56
8177.5 6.15
8179.5 6.84
8181.5 5.85
8183.5 4.66
8186.55 1.13
8188.49 3.13
8189.54 6.41
8191.52 4.79
8193.53 0.27
8195.5 1.87
8197.5 0.05
8199.51 4.31
8201.5 5.11
8203.5 4.97
8205.5 4.18
8207.51 4.18
8209.5 4.18
8211.5 5.28
8213.5 5.92
8215.5 6.55
8217.5 4.39
8219.92 3.12
8221.5 4.32
8223.5 5.23
8225.5 5.23
8227.5 5.23
8229.5 5.23
8231.5 5.23
8233.5 5.23
8235.51 5.8
8237.5 2.97
8239.5 3.29
8241.5 5.0
8243.5 4.95
8246.03 6.22
8247.5 5.85
8249.5 6.8
8251.5 4.69
8253.49 4.69
8257.85 0.22
8258.55 5.12
8259.81 4.87
8261.5 4.21
8263.5 5.07
8265.5 6.11
8267.5 6.88
8269.5 0.37
8271.5 5.11
8273.5 5.11
8275.5 6.96
8277.5 6.83
8279.5 7.99
8281.5 5.19
8283.49 1.94
8285.5 6.98
8287.5 8.37
8289.51 5.0
8291.5 5.88
8293.5 5.49
8295.5 7.05
8297.51 1.18
8299.49 8.31
8301.5 10.06
8303.5 0.41
8305.5 4.09
8307.64 2.29
8309.5 4.19
8311.5 4.54
8313.5 6.23
8315.49 0.07
8319.13 3.15
8321.08 1.32
8322.65 2.76
8324.06 2.8
8325.72 3.21
8327.5 3.17
8329.5 3.41
8332.31 3.92
8334.04 3.56
8335.66 4.17
8337.5 3.2
8339.5 4.26
8341.7 2.63
8343.77 3.61
8346.21 5.34
8348.22 5.76
8351.07 4.23
8352.84 6.44
8353.97 8.66
8356.87 0.71
8357.92 7.54
8359.49 7.49
8361.75 8.31
8363.89 8.17
8366.94 0.93
8368.79 5.81
8371.17 1.08
8373.32 5.65
8375.48 1.2
8378.45 1.22
8380.01 7.72
8383.3 1.0
8386.04 0.5
8388.5 3.7
8390.06 5.23
8391.79 5.0
8392.58 7.1
8393.6 5.78
8394.55 8.51
8395.75 6.9
8397.75 0.13
8399.81 4.03
8401.75 2.49
8403.75 8.69
8405.75 8.66
8407.66 0.26
8409.75 11.04
8411.75 6.84
8414.74 4.6
8415.97 7.21
8417.75 1.27
8419.75 5.48
8421.75 5.2
8423.75 0.46
8425.75 7.27
8427.86 2.13
8429.75 7.8
8431.75 7.28
8433.75 1.46
8435.75 0.14
8437.75 10.61
8439.75 6.36
8441.75 10.46
8443.75 2.51
8445.75 6.12
