0.0 133.79
1.23 126.77
3.05 30.65
5.12 129.92
7.18 27.61
9.26 132.51
11.09 161.91
13.17 143.73
15.23 183.35
17.29 2.59
19.09 220.39
21.15 36.5
23.2 221.1
25.26 255.01
27.05 5.18
29.13 295.99
31.2 33.67
33.25 186.99
35.32 265.77
37.12 204.87
39.2 149.58
41.28 25.15
43.07 216.23
45.14 30.84
47.24 171.19
49.06 150.78
51.16 30.37
53.24 152.44
55.27 29.78
57.08 162.95
59.16 228.84
61.2 22.15
63.3 187.0
65.11 19.79
67.19 187.51
69.23 29.55
71.28 259.07
73.07 244.43
75.16 23.94
77.2 220.6
79.28 28.61
81.32 120.9
83.11 140.93
85.21 25.89
87.29 163.96
89.12 5.57
91.21 146.71
93.26 25.2
95.33 173.54
97.59 170.87
99.6 28.85
101.63 98.76
103.64 26.32
105.64 168.81
107.68 212.93
109.71 171.59
111.72 296.71
113.73 6.76
115.76 194.34
117.78 302.24
119.8 196.97
121.8 256.03
123.8 190.06
125.82 302.24
127.84 32.03
129.85 204.25
131.86 345.63
133.86 300.27
135.87 238.6
137.89 41.08
139.9 361.79
141.92 4.06
143.94 307.97
145.96 366.1
147.96 327.46
149.97 280.33
151.99 1.45
154.01 354.93
156.01 383.59
158.03 304.94
160.05 308.62
162.07 300.49
164.08 273.07
166.1 7.38
168.13 323.24
170.13 283.15
172.15 239.14
174.16 364.19
175.23 2.31
178.2 284.24
179.21 351.82
181.23 1.37
183.24 202.23
185.26 7.12
187.27 240.96
189.29 285.55
191.31 277.1
193.33 325.05
195.36 31.63
197.37 263.73
199.39 310.29
201.4 324.25
203.4 266.24
205.4 0.72
207.41 337.55
209.42 28.57
211.43 247.48
213.45 211.22
215.47 189.69
217.5 288.16
219.52 5.07
221.53 302.55
223.54 1.93
225.55 349.1
227.58 332.28
229.6 389.59
231.61 308.49
233.62 41.57
235.64 283.5
237.66 204.63
239.68 312.57
241.69 316.69
243.72 280.35
245.72 208.7
247.73 26.49
249.74 218.05
251.76 262.38
253.77 328.72
255.78 248.95
257.79 7.99
259.8 356.02
261.81 322.08
263.84 248.3
265.88 264.2
267.88 2.94
269.92 263.85
271.93 1.38
273.95 353.9
275.96 313.38
277.96 231.8
279.96 257.69
281.98 32.69
283.99 200.54
286.01 25.3
288.03 175.72
290.03 217.38
292.04 6.34
294.06 227.69
296.07 20.77
298.08 269.13
300.11 319.4
302.13 278.33
304.16 266.35
306.19 274.45
308.19 269.08
310.2 28.97
312.22 314.3
314.25 247.0
316.25 316.84
318.27 215.58
320.29 42.56
322.29 271.33
323.34 35.77
326.32 282.68
328.34 314.49
329.35 290.73
331.35 105.17
333.36 364.63
335.37 344.72
337.4 186.67
339.41 11.78
341.44 270.46
343.44 328.39
345.45 319.88
347.47 379.4
349.48 341.73
351.49 304.76
353.5 29.49
355.51 325.12
357.52 308.48
359.53 314.71
361.56 315.96
363.58 24.49
365.58 109.8
367.58 36.53
369.58 313.13
371.6 1.52
373.62 338.35
375.64 368.52
377.66 2.05
379.69 360.52
381.7 343.44
383.7 329.17
385.71 320.51
387.72 362.43
389.74 293.11
391.74 10.07
393.76 24.33
395.77 240.99
397.78 382.75
399.79 393.72
401.81 22.04
403.81 185.31
405.82 255.15
407.82 275.42
409.85 285.54
411.87 327.67
413.88 351.82
415.92 8.76
417.93 287.49
419.93 356.01
421.96 326.25
423.96 347.3
425.99 29.58
428.03 279.06
430.05 26.29
432.07 153.78
434.09 243.02
436.12 278.65
438.11 185.89
440.14 33.24
442.15 157.39
444.17 240.3
446.2 200.28
448.22 230.3
450.25 200.06
452.26 326.52
454.3 0.96
456.34 313.4
458.35 280.2
460.37 299.84
462.39 383.02
464.4 3.13
466.43 392.23
468.43 1.77
470.46 413.78
472.49 421.43
474.5 8.87
475.5 400.13
477.52 318.95
479.53 279.11
481.54 14.49
483.56 20.21
485.58 301.35
487.59 18.13
489.6 251.57
491.63 178.15
493.64 299.99
495.67 111.23
497.68 2.97
499.7 322.35
501.72 332.86
503.73 39.77
505.76 181.71
507.79 42.37
509.81 260.46
511.83 3.15
513.84 275.05
515.86 327.54
517.88 291.43
519.9 217.11
521.94 2.77
523.93 375.74
525.97 19.58
528.0 340.55
530.0 345.23
532.04 379.39
534.05 405.13
536.07 6.08
538.09 312.36
540.11 329.86
542.12 315.44
544.14 274.59
546.17 37.68
548.19 330.06
550.2 1.9
552.23 128.95
554.25 331.1
556.26 0.73
558.28 315.63
560.29 5.11
562.3 285.33
564.33 8.47
566.35 291.35
568.38 293.58
570.4 186.85
572.41 131.25
574.44 19.18
576.45 219.98
578.48 11.73
580.49 352.93
582.51 357.43
584.52 254.76
586.53 334.93
588.55 31.06
590.57 25.25
592.58 312.69
594.59 354.64
596.61 344.8
597.65 7.26
599.64 237.61
601.65 312.46
603.67 354.55
605.7 228.28
607.72 1.83
609.74 201.82
611.74 276.68
613.76 383.88
615.77 337.56
617.77 26.11
619.8 316.57
621.81 200.18
623.84 323.96
625.84 216.05
627.86 24.01
629.87 303.99
631.91 27.07
633.94 268.99
635.96 299.35
637.98 348.86
639.98 230.88
642.01 1.47
644.04 242.65
646.06 3.51
648.07 82.85
650.09 299.18
652.12 303.13
654.15 283.44
656.15 2.65
658.16 297.07
660.19 297.52
662.2 267.5
664.21 182.14
666.22 20.89
668.24 219.85
670.25 1.46
672.27 183.63
674.3 290.07
676.32 325.11
678.33 111.11
680.34 6.64
682.35 278.55
684.39 35.15
686.39 335.69
688.42 296.47
690.42 308.1
692.45 6.4
694.48 9.54
696.49 223.07
698.5 325.47
700.51 292.18
702.52 60.16
704.54 278.26
706.55 266.64
708.58 33.32
710.6 263.87
712.6 292.96
714.61 243.05
716.61 353.73
718.62 26.95
720.63 257.67
722.64 25.36
724.66 211.09
726.67 208.35
728.71 28.26
730.71 207.09
731.76 34.62
734.75 273.48
736.76 270.55
737.77 130.71
739.79 193.56
741.8 296.24
743.82 304.11
745.82 299.24
747.82 225.78
749.83 152.94
751.84 2.07
753.86 150.18
755.87 218.98
757.9 232.17
759.93 166.14
761.95 32.3
763.96 167.66
765.98 33.75
768.0 228.91
770.0 163.94
772.01 212.64
774.02 207.88
776.05 25.2
778.06 258.54
780.07 175.63
782.1 307.69
784.11 262.62
786.12 260.83
788.15 301.59
790.16 22.86
792.19 209.5
794.21 273.13
796.22 220.81
798.24 209.63
800.26 4.14
802.26 247.74
804.27 34.29
806.28 327.56
808.3 280.78
810.31 168.05
812.34 262.88
814.35 10.32
816.36 159.91
818.37 226.31
820.4 191.01
822.4 216.26
824.42 32.04
826.44 255.01
828.45 27.13
830.47 308.72
832.5 344.33
834.51 32.38
836.52 208.56
838.55 18.11
840.56 286.84
842.57 228.58
844.59 285.62
846.62 219.56
848.63 255.36
850.64 309.09
852.65 35.1
854.68 338.66
856.7 0.44
858.71 33.17
860.73 266.95
862.75 5.11
864.78 280.32
866.79 8.25
868.81 192.72
870.84 248.3
872.85 329.55
874.85 240.81
875.89 32.23
878.9 187.69
880.91 314.34
881.92 243.01
883.94 252.58
885.96 4.76
887.99 276.56
890.0 310.73
892.02 122.66
894.03 87.64
896.05 24.61
898.06 243.05
900.08 192.04
902.11 201.08
904.14 120.74
906.15 200.21
908.18 148.28
910.19 2.95
912.22 223.84
914.23 231.46
916.26 195.15
918.28 157.84
920.3 5.2
922.32 113.21
924.35 33.78
926.36 86.57
928.38 64.99
930.4 73.44
932.41 118.65
934.43 87.38
936.45 93.72
938.47 134.0
940.49 121.16
942.5 98.32
944.52 147.56
946.55 148.61
948.56 25.62
950.58 189.96
952.58 154.57
954.61 184.01
956.65 164.69
958.66 24.55
960.67 174.0
962.7 41.85
964.72 242.9
966.75 0.51
968.74 301.21
970.77 288.73
972.78 5.29
974.8 275.62
976.83 320.47
978.84 291.28
980.86 285.77
982.89 287.56
984.88 348.79
986.9 31.04
988.92 330.94
990.94 65.02
992.96 38.96
994.99 311.25
996.02 2.98
999.02 371.38
1001.03 344.79
1002.03 296.77
1004.04 282.06
1006.05 5.04
1008.07 296.25
1010.08 352.65
1012.09 295.72
1014.11 318.64
1016.13 2.86
1018.14 340.39
1020.15 310.95
1022.18 292.61
1024.2 284.85
1026.21 375.56
1028.24 235.12
1030.26 3.58
1032.29 363.71
1034.31 163.34
1036.32 119.03
1038.35 103.03
1040.36 6.76
1042.38 389.03
1044.41 33.27
1046.42 126.38
1048.44 139.71
1050.46 53.44
1052.46 70.92
1054.46 31.04
1056.48 117.99
1058.48 89.76
1060.5 113.35
1062.51 84.75
1064.53 150.78
1066.53 128.58
1068.56 2.9
1070.57 142.59
1072.59 168.93
1074.6 191.23
1076.62 184.75
1078.63 2.22
1080.64 180.83
1082.67 39.44
1084.68 177.65
1086.69 167.73
1088.71 184.63
1090.73 166.46
1092.74 20.78
1094.76 242.92
1096.77 188.24
1098.78 173.27
1100.79 239.37
1102.8 25.78
1104.82 222.22
1106.83 29.7
1108.84 240.87
1110.85 186.97
1112.92 153.1
1114.94 274.05
1116.94 3.92
1118.96 230.18
1120.99 208.16
1123.0 340.98
1125.01 284.04
1127.03 242.68
1129.05 279.65
1130.45 0.74
1133.07 235.48
1135.11 336.5
1137.12 321.12
1139.13 218.21
1140.17 1.76
1142.16 302.78
1144.17 230.23
1146.19 347.46
1148.21 361.73
1150.23 2.23
1152.25 316.03
1154.26 167.04
1156.29 301.5
1158.31 337.14
1160.31 42.12
1162.34 323.35
1164.35 24.11
1166.37 288.54
1168.38 248.9
1170.38 310.16
1172.4 300.7
1174.42 28.05
1176.44 288.91
1178.45 201.85
1180.46 257.01
1182.48 321.26
1184.5 366.35
1186.51 352.71
1188.51 32.87
1190.53 251.44
1192.54 304.4
1194.56 302.71
1196.58 366.93
1198.6 5.88
1200.62 343.21
1202.63 293.06
1204.63 228.58
1206.64 207.14
1208.64 352.47
1210.66 243.27
1212.69 27.96
1214.71 380.0
1216.71 289.93
1218.73 224.58
1220.75 200.74
1222.76 5.92
1224.77 149.19
1226.79 0.78
1228.82 390.43
1230.84 367.14
1232.87 360.94
1234.89 279.67
1236.91 2.53
1238.92 349.08
1240.97 265.67
1243.0 47.37
1245.02 244.99
1247.02 279.38
1249.03 283.2
1251.04 13.72
1253.05 141.66
1255.08 290.5
1257.11 199.13
1259.14 221.06
1261.14 34.51
1263.16 82.1
1265.18 31.65
1267.19 221.81
1269.19 252.86
1271.2 248.36
1273.23 308.94
1274.27 0.98
1277.26 266.07
1279.27 233.68
1281.28 429.45
1283.3 207.52
1285.32 310.37
1286.32 102.86
1288.33 380.42
1290.36 313.0
1292.37 295.81
1294.4 5.0
1296.42 405.59
1298.44 312.98
1300.44 341.04
1302.47 294.27
1304.51 329.66
1306.52 279.62
1308.52 22.7
1310.52 227.57
1312.55 255.32
1314.57 315.24
1316.59 281.24
1318.6 20.0
1320.62 329.17
1322.63 0.56
1324.66 319.07
1326.68 160.32
1328.69 305.19
1330.72 330.09
1332.75 2.62
1334.78 289.34
1336.79 168.28
1338.8 68.27
1340.8 266.87
1342.81 178.06
1344.81 200.25
1346.84 19.68
1348.85 277.28
1350.89 289.5
1352.89 30.68
1354.91 272.35
1356.94 7.66
1358.97 322.04
1360.99 283.07
1363.0 287.93
1365.02 312.26
1367.03 6.13
1369.04 241.45
1371.06 34.59
1373.07 238.2
1375.07 215.43
1377.09 22.07
1379.1 343.6
1381.13 22.23
1383.15 288.09
1385.18 29.05
1387.18 311.59
1389.18 342.51
1391.21 264.37
1393.23 266.45
1395.24 19.32
1397.25 226.56
1399.28 235.39
1401.28 27.31
1403.29 196.83
1405.32 1.48
1407.35 232.58
1409.37 24.19
1411.39 178.7
1413.42 253.49
1415.43 254.19
1416.43 242.26
1418.45 297.98
1420.48 295.85
1422.5 0.38
1424.5 363.11
1426.52 324.61
1428.55 3.29
1430.58 257.67
1432.59 374.04
1434.59 301.7
1436.6 322.2
1438.61 10.89
1440.64 143.41
1442.65 277.86
1444.68 181.15
1446.7 334.66
1448.71 306.72
1450.73 301.64
1452.75 31.09
1454.75 335.1
1456.76 269.23
1458.78 229.04
1460.79 358.1
1462.8 3.92
1464.82 278.98
1466.83 28.94
1468.84 191.55
1470.86 310.52
1472.87 247.48
1474.89 335.21
1476.92 18.92
1478.93 295.86
1480.95 229.34
1482.96 334.06
1484.97 235.83
1486.99 53.27
1489.02 275.58
1491.03 12.31
1493.05 262.68
1495.06 328.25
1497.07 305.06
1499.09 213.59
1501.12 8.7
1503.13 298.53
1505.14 0.33
1507.15 339.37
1509.18 244.17
1511.19 239.98
1513.21 275.97
1515.24 12.23
1517.24 327.29
1519.25 258.06
1521.27 312.11
1523.29 330.91
1525.31 38.13
1527.32 316.11
1529.35 2.29
1531.36 293.85
1533.39 352.79
1535.4 304.68
1537.42 188.7
1539.43 4.52
1541.45 218.46
1543.47 173.38
1545.48 213.61
1547.51 299.32
1549.52 367.07
1551.54 320.66
1552.59 25.1
1554.56 169.72
1556.58 374.27
1558.6 39.37
1560.62 300.5
1562.64 262.09
1564.65 357.13
1566.67 298.59
1568.68 334.91
1570.69 312.16
1572.69 25.04
1574.72 336.12
1576.74 248.24
1578.76 254.2
1580.79 270.14
1582.81 27.15
1584.83 315.73
1586.83 26.18
1588.85 299.71
1590.88 238.3
1592.9 304.83
1594.9 287.31
1596.92 31.2
1598.94 313.23
1600.95 311.11
1602.96 322.15
1604.97 118.7
1606.99 327.1
1608.99 241.44
1611.01 32.55
1613.03 229.64
1615.03 251.77
1617.06 267.97
1619.07 157.77
1621.09 7.14
1623.1 226.87
1625.11 13.9
1627.11 234.72
1629.12 195.37
1631.13 239.83
1633.15 210.63
1635.15 1.87
1637.16 215.66
1639.17 201.13
1641.19 198.29
1643.2 250.56
1645.22 3.14
1647.23 219.68
1649.24 21.87
1651.25 281.25
1653.26 289.13
1655.27 335.71
1657.28 354.46
1659.3 4.36
1661.31 187.68
1663.33 270.21
1665.34 236.4
1667.35 260.51
1669.37 265.9
1671.38 234.01
1673.39 25.9
1675.41 279.49
1677.42 284.42
1679.43 32.76
1681.44 225.45
1683.46 26.56
1685.47 257.06
1687.49 17.27
1689.5 192.07
1691.5 195.79
1693.51 219.67
1695.52 245.3
1697.55 8.52
1699.56 220.79
1701.57 277.14
1703.59 280.38
1705.6 285.87
1707.62 216.53
1709.63 196.51
1711.65 16.94
1713.65 157.23
1715.66 282.73
1717.67 282.89
1719.68 305.44
1720.74 4.37
1723.71 285.51
1725.72 244.21
1726.95 25.96
1728.76 258.84
1730.82 20.43
1732.84 157.13
1734.86 237.74
1736.87 85.09
1738.88 231.05
1740.9 33.38
1742.93 135.82
1744.93 131.46
1746.94 198.72
1748.95 175.49
1750.97 196.46
1752.99 128.87
1755.0 2.63
1757.02 229.11
1759.03 176.77
1761.03 217.56
1763.05 273.18
1765.07 26.32
1767.09 275.39
1769.11 3.55
1771.12 327.37
1773.15 274.74
1775.16 30.86
1777.16 290.59
1779.17 19.58
1781.18 350.22
1783.21 390.56
1785.22 333.07
1787.23 350.66
1789.25 34.07
1791.25 86.62
1793.26 31.27
1795.29 147.01
1797.31 119.46
1799.33 138.52
1801.35 122.94
1803.36 25.79
1805.39 130.9
1807.4 156.2
1809.43 176.94
1811.45 171.74
1813.46 22.74
1815.48 147.26
1817.49 0.75
1819.51 132.8
1821.53 135.83
1823.54 168.46
1825.55 145.41
1827.56 28.82
1829.58 186.95
1831.59 24.34
1833.59 198.81
1835.61 203.41
1837.63 229.97
1839.69 257.22
1841.66 18.03
1843.68 154.83
1845.7 211.81
1847.73 227.13
1849.76 155.52
1851.79 33.23
1853.78 179.09
1855.8 41.46
1857.82 244.79
1859.84 165.9
1861.86 224.1
1863.87 273.54
1864.92 20.64
1866.91 235.8
1868.93 145.52
1870.95 272.52
1872.97 222.64
1874.98 23.41
1876.98 245.2
1878.99 266.39
1881.0 213.55
1883.0 293.96
1885.03 25.0
1887.05 252.71
1889.08 16.26
1891.08 347.46
1893.1 229.63
1895.12 289.04
1897.14 156.19
1899.15 20.59
1901.17 207.67
1903.19 197.89
1905.21 264.82
1907.23 286.97
1909.26 22.06
1911.28 201.87
1913.31 42.73
1915.31 168.53
1917.35 228.45
1919.36 247.21
1921.4 210.67
1923.4 19.9
1925.43 216.86
1927.45 164.88
1929.46 201.98
1931.49 207.63
1933.51 210.87
1935.53 295.9
1937.55 1.47
1939.56 245.64
1941.59 225.34
1943.59 309.4
1945.62 328.88
1947.63 25.97
1949.66 311.93
1951.68 33.28
1953.7 345.98
1955.71 293.7
1957.74 334.78
1959.74 308.76
1961.75 31.72
1963.76 336.85
1965.78 351.54
1967.8 301.91
1969.82 250.46
1971.82 26.72
1973.84 236.31
1975.86 31.17
1977.89 150.25
1979.89 155.74
1981.92 213.43
1983.93 241.68
1984.98 7.58
1987.99 162.22
1989.99 32.53
1992.01 170.13
1993.03 207.34
1995.06 32.99
1997.06 76.65
1999.08 143.64
2001.11 205.84
2003.13 157.35
2005.13 41.35
2007.16 139.01
2009.18 3.64
2011.2 188.47
2013.22 173.82
2015.24 103.42
2017.26 94.08
2019.28 27.88
2021.3 92.6
2023.32 74.41
2025.34 85.68
2027.36 94.57
2029.38 84.46
2031.4 18.43
2033.42 109.35
2035.44 114.35
2037.45 132.68
2039.48 118.4
2041.5 107.63
2043.51 2.41
2045.52 105.5
2047.55 79.39
2049.56 115.59
2051.58 168.31
2053.61 177.59
2055.62 18.84
2057.65 26.21
2059.66 176.94
2061.67 109.11
2063.67 155.16
2065.7 157.54
2067.71 173.43
2069.72 171.02
2071.73 4.89
2073.74 194.21
2075.77 151.52
2077.8 39.97
2079.81 175.65
2081.82 25.19
2083.85 50.6
2085.87 25.23
2087.89 216.8
2089.91 170.21
2091.94 162.72
2093.96 235.45
2095.97 3.22
2098.0 162.73
2100.01 213.68
2102.03 271.41
2104.06 291.15
2106.07 288.66
2108.09 293.92
2109.13 3.7
2112.11 203.44
2113.12 241.48
2115.13 25.73
2117.16 282.61
2119.16 343.01
2121.19 201.67
2123.21 360.84
2125.22 28.49
2127.24 202.97
2129.27 29.1
2131.29 364.51
2133.31 295.03
2135.32 298.84
2137.33 255.14
2139.35 26.59
2141.35 215.06
2143.37 226.6
2145.38 249.41
2147.39 258.9
2149.41 30.89
2151.41 139.78
2153.42 32.26
2155.42 210.95
2157.43 260.33
2159.44 227.41
2161.44 199.36
2163.46 6.56
2165.48 238.04
2167.51 6.86
2169.52 219.62
2171.53 151.55
2173.54 84.74
2175.55 39.25
2177.55 4.48
2179.58 189.94
2181.6 206.24
2183.63 280.57
2185.64 290.48
2187.66 203.7
2189.69 216.18
2191.71 14.08
2193.73 202.89
2195.75 251.9
2197.76 166.72
2199.78 157.61
2201.81 35.27
2203.83 235.26
2205.85 205.02
2207.87 194.39
2209.88 159.34
2211.91 181.78
2213.92 223.47
2215.95 24.25
2217.96 186.68
2219.97 252.99
2221.99 264.43
2224.02 221.88
2226.05 190.79
2228.08 171.51
2230.08 1.96
2232.11 163.75
2234.12 165.5
2236.13 159.97
2238.14 180.37
2240.17 4.45
2242.19 236.51
2244.22 204.14
2246.23 209.16
2248.24 181.24
2250.24 17.32
2252.25 217.01
2253.28 6.54
2256.29 119.13
2257.3 0.75
2259.32 28.04
2261.33 159.26
2263.35 92.97
2265.36 258.19
2267.37 31.0
2269.38 240.7
2271.4 213.12
2273.41 19.39
2275.44 196.96
2277.45 227.74
2279.49 211.93
2281.48 261.03
2283.51 5.39
2285.52 258.2
2287.55 33.07
2289.58 188.09
2291.6 156.59
2293.64 202.81
2295.63 231.97
2297.64 2.17
2299.67 214.35
2301.68 202.08
2303.7 250.97
2305.71 253.35
2307.74 264.31
2309.75 187.08
2311.75 11.13
2313.77 250.95
2315.8 137.85
2317.81 264.35
2319.81 244.92
2321.83 1.49
2323.84 201.25
2325.85 222.69
2327.87 306.78
2329.9 12.61
2331.92 269.69
2333.93 260.29
2335.96 3.64
2337.96 238.86
2339.99 247.36
2342.02 312.01
2344.04 231.66
2346.07 242.45
2348.09 329.18
2350.12 28.98
2352.14 250.43
2354.15 201.4
2356.19 288.49
2358.19 254.74
2360.22 4.64
2362.23 191.66
2364.26 25.3
2366.28 217.76
2368.31 177.94
2370.34 79.7
2372.35 184.2
2373.43 1.47
2376.39 157.94
2378.42 0.78
2379.43 17.79
2381.46 182.68
2383.47 167.81
2385.5 207.03
2387.5 153.0
2389.5 299.46
2391.51 184.6
2393.53 3.72
2395.54 266.47
2397.56 308.94
2399.58 250.84
2401.6 258.2
2403.62 17.72
2405.66 273.43
2407.66 4.56
2409.67 313.85
2411.68 225.27
2413.69 338.99
2415.71 292.77
2417.71 34.12
2419.74 240.57
2421.77 298.06
2423.8 0.61
2425.8 302.63
2427.81 297.71
2429.82 304.1
2431.83 0.58
2433.86 274.7
2435.87 213.92
2437.88 293.58
2439.88 0.51
2441.9 27.98
2443.9 257.45
2445.94 6.31
2447.95 302.28
2449.96 346.43
2451.98 33.08
2454.0 279.95
2456.04 3.29
2458.04 166.21
2460.06 176.65
2462.08 193.06
2464.1 127.19
2466.08 140.52
2468.1 149.44
2470.11 4.75
2472.12 131.0
2474.13 128.95
2476.16 121.12
2478.16 81.04
2480.17 37.03
2482.19 103.15
2484.21 161.17
2486.22 142.5
2488.24 152.02
2490.24 106.38
2492.26 119.75
2494.27 3.01
2496.31 152.97
2498.33 0.72
2500.34 153.75
2502.34 156.42
2504.37 15.28
2506.39 165.67
2508.43 11.02
2510.43 183.72
2512.44 164.92
2514.45 79.59
2516.47 231.72
2518.48 6.47
2520.5 7.63
2522.51 229.6
2524.52 231.83
2526.53 236.16
2528.54 218.12
2530.56 233.04
2531.56 9.09
2533.56 257.47
2535.59 302.24
2537.61 22.31
2539.63 242.51
2541.65 220.93
2543.66 212.02
2545.7 141.45
2547.72 10.67
2549.74 43.08
2551.75 5.6
2553.77 82.54
2555.78 111.6
2557.8 142.84
2559.81 116.87
2561.82 116.63
2563.82 142.43
2565.84 154.78
2567.85 155.22
2569.86 139.99
2571.88 188.25
2573.91 83.1
2575.92 0.58
2577.95 176.97
2579.95 226.09
2581.96 220.84
2583.97 153.62
2585.98 16.73
2588.01 259.91
2590.02 4.02
2592.03 174.44
2594.05 198.13
2596.08 222.04
2598.09 233.6
2600.11 35.42
2602.13 209.7
2604.16 259.25
2606.17 184.5
2608.19 196.3
2610.23 299.87
2612.24 194.76
2614.27 2.94
2616.29 206.76
2618.32 205.71
2620.34 34.97
2622.35 192.05
2624.38 20.79
2626.39 277.6
2628.41 3.87
2630.42 314.19
2632.44 272.51
2634.46 336.81
2636.47 358.44
2638.52 4.49
2640.54 340.38
2642.56 269.33
2644.56 320.13
2646.58 384.55
2648.61 35.44
2650.62 272.88
2651.66 33.79
2654.67 18.26
2655.68 262.06
2657.69 8.1
2659.71 248.25
2661.71 337.77
2663.73 230.98
2665.75 279.26
2667.75 351.93
2669.76 333.02
2671.77 3.2
2673.79 275.28
2675.8 308.67
2677.8 352.09
2679.82 290.08
2681.83 5.06
2683.85 331.69
2685.88 4.1
2687.88 208.58
2689.9 239.17
2691.92 172.36
2693.94 142.83
2695.96 15.89
2697.98 119.11
2699.98 1.24
2702.0 264.38
2704.03 152.02
2706.04 282.86
2708.05 217.74
2710.05 35.18
2712.08 205.82
2714.11 236.73
2716.12 218.44
2718.14 287.19
2720.16 2.58
2722.17 257.28
2724.18 186.51
2726.2 252.63
2728.21 254.97
2730.23 269.32
2732.26 261.11
2734.27 1.77
2736.29 320.98
2738.31 88.81
2740.32 276.82
2742.34 235.93
2744.35 2.04
2746.36 278.54
2748.39 18.07
2750.4 213.22
2752.42 317.18
2754.44 273.03
2756.45 327.22
2758.48 4.46
2760.5 250.6
2762.52 260.58
2764.55 330.43
2766.58 274.46
2768.59 307.29
2770.61 283.74
2772.61 12.79
2774.64 265.59
2776.64 271.18
2778.65 304.48
2780.66 218.86
2782.68 29.75
2784.71 211.37
2785.77 18.19
2788.76 206.76
2790.79 173.96
2792.81 189.77
2793.83 163.03
2795.84 172.46
2797.86 95.3
2799.87 183.31
2801.88 22.08
2803.89 160.25
2805.91 41.43
2807.92 216.1
2809.93 166.35
2811.93 229.67
2813.95 214.84
2815.96 2.47
2817.99 250.61
2820.0 225.27
2822.01 11.64
2824.04 267.85
2826.06 304.12
2828.07 0.52
2830.07 3.41
2832.09 142.11
2834.1 189.39
2836.12 192.55
2838.14 176.53
2840.17 22.95
2842.17 202.08
2844.18 200.44
2846.19 273.19
2848.2 225.95
2850.21 46.09
2852.23 236.89
2854.24 2.36
2856.24 243.85
2858.25 190.23
2860.26 277.34
2862.28 205.56
2864.3 33.97
2866.3 202.12
2868.32 29.89
2870.33 232.3
2872.35 259.18
2874.36 244.1
2876.39 209.1
2878.4 0.61
2880.41 249.59
2882.43 225.17
2884.44 209.7
2886.46 193.19
2888.47 211.83
2890.48 98.63
2892.5 2.58
2894.51 185.47
2896.52 252.36
2898.55 210.93
2900.57 183.4
2902.58 39.09
2904.58 1.76
2906.59 221.97
2908.62 190.94
2910.63 222.31
2912.65 254.63
2914.67 208.54
2916.68 2.22
2918.69 152.11
2920.71 219.37
2922.73 218.28
2924.74 181.04
2926.76 4.35
2928.77 171.63
2930.78 1.77
2932.78 250.99
2934.79 244.43
2936.81 220.86
2938.81 241.07
2940.83 25.19
2942.86 221.7
2944.87 288.52
2946.9 196.97
2948.91 0.68
2950.92 258.3
2952.92 222.17
2953.96 29.7
2956.96 227.4
2957.96 206.13
2959.97 11.16
2961.99 183.84
2964.02 245.63
2966.04 277.0
2968.06 236.96
2970.07 34.35
2972.07 241.46
2974.08 26.04
2976.12 162.3
2978.12 73.81
2980.12 221.08
2982.13 236.56
2984.15 29.0
2986.24 255.38
2988.19 179.68
2990.19 183.68
2992.2 203.44
2994.2 37.83
2996.22 197.0
2998.25 29.0
3000.26 209.25
3002.28 212.65
3004.3 243.56
3006.31 195.32
3008.33 17.12
3010.33 264.04
3012.35 19.28
3014.36 261.9
3016.38 265.03
3018.4 297.63
3020.41 313.37
3022.41 11.04
3024.41 247.94
3026.45 215.97
3028.48 263.05
3030.49 247.56
3032.51 189.78
3034.52 225.5
3036.52 1.17
3038.55 261.19
3040.56 152.18
3042.59 233.01
3044.6 158.3
3046.6 23.7
3048.62 191.7
3050.64 218.6
3052.67 240.17
3054.68 259.89
3056.71 246.03
3058.73 186.51
3060.75 3.68
3062.77 207.37
3064.78 200.59
3066.8 191.06
3068.83 174.13
3070.83 28.78
3072.85 218.46
3074.88 18.33
3076.91 292.56
3078.91 253.47
3080.91 27.45
3082.93 309.64
3084.93 41.67
3086.94 183.62
3088.95 237.85
3090.99 259.65
3093.0 284.43
3095.01 268.7
3097.03 171.07
3099.05 2.93
3101.08 252.58
3103.1 248.01
3105.1 229.31
3107.11 292.7
3108.16 27.15
3110.13 254.58
3112.14 229.03
3114.16 217.44
3116.18 315.32
3118.2 29.76
3120.19 171.5
3122.2 199.42
3124.21 250.2
3126.23 245.14
3128.24 3.76
3130.28 223.72
3132.28 3.02
3134.29 158.35
3136.3 162.1
3138.31 201.72
3140.34 257.09
3142.36 2.36
3144.37 197.78
3146.39 253.84
3148.41 248.41
3150.43 237.33
3152.43 5.9
3154.46 225.13
3156.47 3.49
3158.48 182.03
3160.49 236.12
3162.49 263.87
3164.52 156.48
3166.52 14.77
3168.55 195.22
3170.57 284.75
3172.59 245.57
3174.6 235.34
3176.6 283.37
3178.62 217.75
3180.63 25.26
3182.64 268.09
3184.67 225.52
3186.68 278.07
3188.71 251.19
3190.72 3.54
3192.73 247.15
3194.76 3.93
3196.75 183.3
3198.77 290.23
3200.78 249.7
3202.81 230.04
3204.83 14.94
3206.83 261.4
3208.84 202.13
3210.86 272.63
3212.87 292.65
3214.88 278.05
3216.88 160.55
3218.9 2.38
3220.91 171.73
3222.93 0.46
3224.94 197.31
3226.95 313.79
3228.97 5.75
3230.98 234.48
3232.99 225.55
3235.0 278.28
3237.01 317.77
3239.03 125.12
3241.04 241.08
3243.05 3.9
3245.06 208.08
3247.1 258.99
3249.1 27.84
3251.11 197.66
3253.12 3.51
3255.13 246.84
3257.15 4.66
3259.18 252.4
3261.19 124.82
3263.22 238.64
3265.23 161.62
3267.25 29.75
3269.26 196.25
3271.27 255.76
3273.31 221.33
3274.32 97.86
3276.33 21.59
3278.33 199.11
3280.36 147.6
3282.37 80.37
3284.41 285.01
3286.41 29.42
3288.44 209.45
3290.45 166.11
3292.47 29.88
3294.49 150.07
3296.51 27.19
3298.53 128.21
3300.54 23.68
3302.54 81.16
3304.57 120.29
3306.57 120.32
3308.59 70.12
3310.61 41.43
3312.63 101.21
3314.65 127.72
3316.66 92.25
3318.69 60.93
3320.7 105.65
3322.73 136.04
3324.75 2.88
3326.76 135.06
3328.77 137.04
3330.79 182.72
3332.79 188.32
3334.82 4.85
3336.84 154.21
3338.87 4.3
3340.87 271.6
3342.88 239.65
3344.88 243.17
3346.91 255.13
3348.93 17.55
3350.95 174.96
3352.95 198.24
3354.98 241.91
3357.0 227.92
3359.02 277.17
3361.03 185.63
3363.07 36.91
3365.07 310.65
3367.08 282.01
3369.1 27.47
3371.11 295.8
3373.15 17.04
3375.15 332.94
3377.16 3.0
3379.19 284.04
3381.2 50.03
3383.2 31.46
3385.21 312.64
3387.22 26.59
3389.24 318.77
3391.24 299.11
3393.26 273.1
3395.26 342.21
3397.28 306.09
3399.29 166.88
3401.3 6.38
3403.32 168.59
3405.32 241.98
3407.34 0.71
3409.36 213.13
3411.36 25.81
3413.37 28.91
3415.38 167.46
3417.39 240.05
3419.42 221.32
3421.43 70.05
3423.44 236.77
3424.46 305.55
3426.47 246.38
3428.48 295.81
3430.5 7.66
3432.51 279.11
3434.51 190.69
3436.52 330.8
3438.54 308.53
3440.55 296.87
3442.56 0.58
3444.57 41.42
3446.59 210.01
3448.59 176.06
3450.61 167.31
3452.62 147.69
3454.62 42.12
3456.63 164.29
3458.65 197.2
3460.67 175.8
3462.7 215.76
3464.71 256.23
3466.72 154.12
3468.74 31.53
3470.76 166.75
3472.79 229.83
3474.79 197.75
3476.79 238.09
3478.8 1.5
3480.81 204.49
3482.82 24.56
3484.83 206.32
3486.83 219.78
3488.84 159.71
3490.85 254.27
3492.88 16.42
3494.88 224.6
3496.89 228.23
3498.9 274.97
3500.91 10.67
3502.94 59.79
3504.97 284.26
3507.0 27.62
3509.01 194.57
3511.03 236.77
3513.04 288.52
3515.05 107.07
3517.06 27.8
3519.08 278.23
3521.1 25.28
3523.1 220.68
3525.11 230.55
3527.13 192.98
3529.15 319.34
3531.18 4.76
3533.21 264.81
3535.22 89.2
3537.23 340.47
3539.26 268.23
3541.27 19.33
3543.3 203.67
3545.31 11.18
3547.32 173.02
3549.34 81.76
3551.36 168.63
3553.37 168.74
3555.39 3.88
3557.4 151.89
3559.42 178.49
3561.44 210.55
3563.45 209.11
3565.47 173.38
3567.5 202.3
3569.52 20.38
3571.53 160.87
3573.53 189.69
3575.57 176.98
3577.58 203.03
3578.59 213.21
3581.6 140.95
3582.6 154.89
3584.61 153.6
3586.63 135.87
3588.64 1.15
3590.65 165.88
3592.66 215.42
3594.68 163.74
3596.69 237.89
3598.71 41.36
3600.72 213.66
3602.75 40.11
3604.77 243.07
3606.79 215.01
3608.8 191.71
3610.82 208.37
3612.83 31.95
3614.86 86.45
3616.88 153.86
3618.89 161.33
3620.9 151.72
3622.91 167.59
3624.92 178.62
3626.94 5.5
3628.95 209.4
3630.96 197.17
3632.97 106.33
3634.98 169.37
3636.98 32.06
3639.0 148.61
3641.0 191.97
3643.03 228.85
3645.02 150.81
3647.04 226.57
3649.05 227.1
3651.07 3.95
3653.07 172.55
3655.09 167.38
3657.1 394.65
3659.12 196.99
3661.14 15.94
3663.15 269.87
3665.16 32.09
3667.18 265.55
3669.2 186.32
3671.2 258.21
3673.22 231.73
3675.23 1.93
3677.24 169.34
3679.26 205.86
3681.29 253.41
3683.29 201.74
3685.32 260.45
3687.34 239.29
3689.36 5.26
3691.37 216.88
3693.39 239.33
3695.42 231.85
3697.43 245.21
3699.45 3.03
3701.47 324.93
3703.47 12.6
3705.5 237.36
3707.52 362.15
3709.53 10.51
3711.53 287.68
3713.54 24.84
3715.55 278.11
3717.57 210.61
3719.59 34.65
3721.59 283.85
3723.6 6.07
3725.6 252.23
3727.61 3.19
3729.63 258.68
3731.64 199.82
3733.65 289.29
3735.66 295.21
3737.68 5.39
3739.68 236.38
3741.69 227.34
3743.69 219.62
3745.71 294.91
3747.72 45.06
3749.74 231.91
3750.77 2.91
3753.78 290.17
3754.78 246.02
3756.79 1.4
3758.81 210.72
3760.83 250.52
3762.83 225.97
3764.83 214.15
3766.87 141.06
3768.88 248.74
3770.89 21.49
3772.92 249.53
3774.94 320.52
3776.95 199.63
3778.98 215.53
3781.0 15.45
3783.02 249.09
3785.05 118.77
3787.06 230.9
3789.08 234.44
3791.08 217.84
3793.11 215.07
3795.11 7.86
3797.12 234.24
3799.14 39.52
3801.16 199.13
3803.18 176.09
3805.18 0.73
3807.19 265.76
3809.2 1.61
3811.23 227.82
3813.23 261.15
3815.24 193.67
3817.25 258.99
3819.26 26.49
3821.29 182.29
3823.3 185.14
3825.32 235.18
3827.35 81.66
3829.36 197.68
3831.37 171.89
3833.39 5.93
3835.4 159.98
3837.41 155.49
3839.44 154.4
3841.45 114.2
3843.49 6.59
3845.52 158.54
3847.53 33.29
3849.55 194.43
3851.56 179.11
3853.57 32.77
3855.59 184.27
3857.61 22.65
3859.63 193.01
3861.64 205.21
3863.66 204.17
3865.67 180.47
3867.67 213.53
3869.67 201.54
3871.69 5.01
3873.7 207.98
3875.71 164.13
3877.72 169.83
3879.74 229.4
3881.74 21.45
3883.75 191.03
3885.78 190.29
3887.79 221.25
3889.8 0.63
3891.81 246.02
3893.82 210.49
3895.84 16.29
3897.85 239.3
3899.86 232.15
3901.87 209.7
3903.88 160.29
3904.93 25.75
3907.89 208.56
3908.94 18.59
3911.92 72.19
3912.93 192.21
3914.96 3.63
3916.98 166.11
3918.99 197.21
3921.0 234.73
3923.03 245.71
3925.04 3.19
3927.06 193.95
3929.08 2.99
3931.08 169.11
3933.09 177.9
3935.09 170.31
3937.1 170.31
3939.11 34.63
3941.11 192.8
3943.14 259.14
3945.16 214.38
3947.17 252.82
3949.18 3.02
3951.19 288.61
3953.2 3.57
3955.2 40.97
3957.23 287.04
3959.24 220.54
3961.26 183.35
3963.27 10.81
3965.29 298.24
3967.3 371.86
3969.31 311.53
3971.32 336.65
3973.33 272.05
3975.35 298.33
3977.37 24.35
3979.39 295.75
3981.4 353.77
3983.4 234.92
3985.43 171.99
3987.43 30.65
3989.44 332.07
3991.45 277.32
3993.48 15.47
3995.48 279.42
3997.5 321.79
3999.52 229.18
4001.52 4.5
4003.55 164.8
4005.56 220.66
4007.57 256.83
4009.58 193.71
4011.59 18.01
4013.61 124.79
4015.62 18.54
4017.63 227.22
4019.64 178.24
4021.66 68.82
4023.67 173.76
4025.71 5.9
4027.71 259.01
4029.72 199.97
4031.73 277.86
4033.75 225.78
4035.78 37.64
4037.78 265.79
4039.8 21.39
4041.81 211.57
4043.83 288.05
4045.84 35.48
4047.87 146.93
4049.88 24.85
4051.89 145.05
4053.91 32.92
4055.92 153.58
4057.93 127.95
4059.94 168.16
4061.96 140.6
4063.97 8.1
4065.99 163.03
4068.0 150.55
4070.02 176.25
4072.04 127.49
4074.05 45.35
4076.06 157.11
4078.07 26.31
4080.07 191.54
4081.08 220.49
4084.11 12.36
4085.11 178.54
4087.12 169.63
4089.13 203.94
4091.14 215.97
4093.16 16.18
4095.17 292.45
4097.19 2.58
4099.19 298.29
4101.2 233.98
4103.22 200.58
4105.23 130.33
4107.26 25.17
4109.27 267.62
4111.3 327.43
4113.31 291.39
4115.33 368.92
4117.35 327.3
4119.37 280.75
4121.39 22.74
4123.4 298.35
4125.43 303.21
4127.43 275.27
4129.44 341.62
4131.45 3.14
4133.45 267.12
4135.48 9.82
4137.49 332.14
4139.5 318.66
4141.52 290.15
4143.55 300.09
4145.55 2.92
4147.56 293.65
4149.58 308.04
4151.6 357.67
4153.62 258.56
4155.64 326.36
4157.65 249.0
4159.65 7.11
4161.66 356.29
4163.68 176.77
4165.69 0.5
4167.72 300.76
4169.72 1.97
4171.73 259.45
4173.77 297.75
4175.78 259.21
4177.79 263.64
4179.81 28.05
4181.82 106.69
4183.83 23.58
4185.84 238.28
4187.85 228.35
4189.87 223.48
4191.88 228.61
4193.9 22.76
4195.91 154.02
4197.93 31.52
4199.94 220.57
4201.96 206.33
4203.98 32.67
4205.99 194.04
4208.0 1.55
4210.03 172.16
4212.04 170.03
4214.07 9.06
4216.09 173.31
4218.1 190.91
4220.11 188.87
4222.12 3.92
4224.14 164.84
4226.15 174.23
4228.18 149.84
4230.21 229.85
4231.26 0.66
4234.23 237.86
4235.24 202.61
4238.25 26.76
4240.27 191.57
4241.28 264.86
4243.29 57.87
4245.32 269.04
4247.33 262.51
4249.35 274.67
4251.36 0.96
4253.37 207.08
4255.4 213.11
4257.42 236.96
4259.43 216.07
4261.45 0.58
4263.47 273.71
4265.5 16.88
4267.51 232.17
4269.52 209.57
4271.54 226.61
4273.56 0.74
4275.57 5.85
4277.59 172.73
4279.6 3.89
4281.61 175.21
4283.62 127.33
4285.63 124.17
4287.63 234.86
4289.64 3.2
4291.64 199.87
4293.66 215.41
4295.67 179.31
4297.7 208.11
4299.7 0.74
4301.71 230.68
4303.72 34.43
4305.74 194.29
4307.76 179.46
4309.77 59.26
4311.78 191.09
4313.79 0.97
4315.81 185.93
4317.83 255.71
4319.85 204.58
4321.85 217.08
4323.87 186.28
4325.87 190.21
4327.89 20.88
4329.9 224.48
4331.93 183.04
4333.95 190.02
4335.95 210.55
4337.95 0.46
4339.96 177.47
4341.96 41.16
4343.99 205.73
4346.0 202.46
4348.01 266.3
4350.04 256.2
4352.03 20.67
4354.04 225.07
4356.07 255.33
4358.07 212.18
4360.09 155.26
4362.09 197.46
4364.1 237.03
4366.12 4.96
4368.14 24.93
4370.15 198.99
4372.18 172.76
4374.19 67.39
4376.21 1.7
4378.22 154.06
4380.22 187.96
4382.23 248.2
4384.24 265.16
4386.24 272.64
4388.26 177.14
4390.29 3.97
4392.32 286.65
4394.33 173.1
4396.33 178.17
4398.35 242.46
4400.37 8.76
4402.38 186.56
4403.42 22.1
4406.42 198.39
4407.43 163.96
4409.44 10.04
4411.45 132.55
4413.47 179.52
4415.48 197.08
4417.51 222.32
4419.52 3.69
4421.55 173.91
4423.55 31.63
4425.58 229.13
4427.61 182.93
4429.61 222.04
4431.63 183.49
4433.66 13.13
4435.68 193.83
4437.68 179.6
4439.69 175.36
4441.71 188.18
4443.73 198.46
4445.75 158.11
4447.76 0.6
4449.78 141.3
4451.8 220.78
4453.82 239.64
4455.83 74.14
4457.85 0.74
4459.87 156.25
4461.92 31.8
4463.93 156.75
4465.96 252.39
4467.97 233.02
4470.0 312.92
4472.0 20.91
4474.0 254.39
4476.03 333.01
4478.04 212.9
4480.06 302.28
4482.07 5.05
4484.08 314.07
4486.09 31.54
4488.11 37.65
4490.11 42.3
4492.13 267.43
4494.14 146.42
4496.15 25.59
4498.16 246.33
4500.18 287.64
4502.2 263.86
4504.21 201.19
4506.23 268.4
4508.24 296.96
4510.27 14.52
4512.27 211.46
4514.29 300.05
4516.31 306.09
4518.31 146.97
4520.34 34.59
4522.36 242.22
4524.37 5.01
4526.37 285.8
4528.38 298.51
4530.39 355.36
4532.41 368.64
4534.43 3.96
4536.45 248.94
4538.47 380.76
4540.49 26.95
4542.51 208.07
4544.52 161.74
4546.52 270.5
4547.56 27.95
4550.56 313.55
4552.59 300.63
4553.59 189.88
4555.6 265.52
4557.61 298.16
4559.63 263.1
4561.64 261.43
4563.65 160.07
4565.65 274.09
4567.66 1.93
4569.67 281.61
4571.68 249.3
4573.7 210.95
4575.73 268.9
4577.74 25.88
4579.74 94.07
4581.76 237.0
4583.77 260.86
4585.78 291.19
4587.79 67.07
4589.8 260.69
4591.81 8.57
4593.83 288.74
4595.85 299.0
4597.87 236.16
4599.88 308.77
4601.9 32.61
4603.92 165.43
4605.93 31.33
4607.96 185.05
4609.97 176.94
4611.99 198.04
4614.0 254.97
4616.01 7.18
4618.02 246.82
4620.03 224.94
4622.04 290.95
4624.06 84.52
4626.07 265.03
4628.09 4.91
4630.09 22.8
4632.12 300.94
4634.13 290.01
4636.15 337.95
4638.16 259.96
4640.19 20.09
4642.2 323.28
4644.2 338.48
4646.22 338.66
4648.23 348.49
4650.24 282.84
4652.26 312.78
4654.27 32.84
4656.28 321.06
4658.3 201.31
4660.31 218.11
4662.31 193.59
4664.35 5.59
4666.37 357.3
4668.38 3.67
4670.39 324.14
4672.41 331.31
4674.42 383.45
4676.43 275.3
4678.45 31.72
4680.46 367.53
4682.48 231.23
4684.52 229.02
4686.53 256.39
4688.56 302.33
4690.58 280.34
4692.6 29.72
4694.61 235.13
4696.61 230.15
4698.63 253.58
4700.65 302.46
4702.64 4.09
4704.65 183.63
4706.68 25.22
4708.67 202.69
4710.7 227.62
4712.71 205.66
4714.73 238.31
4715.79 17.14
4717.75 169.87
4719.76 196.76
4721.76 38.76
4723.78 213.43
4725.8 185.64
4727.83 237.59
4729.84 173.7
4731.85 53.69
4733.87 226.74
4735.88 4.4
4737.91 242.78
4739.92 4.62
4741.92 188.21
4743.94 247.68
4745.97 30.09
4747.99 262.05
4750.02 9.55
4752.03 235.06
4754.07 245.92
4756.07 190.93
4758.08 188.66
4760.09 6.24
4762.12 133.19
4764.14 272.78
4766.15 212.28
4768.17 206.77
4770.19 266.86
4772.22 185.32
4774.25 17.89
4776.27 268.14
4778.28 197.36
4780.3 261.45
4782.33 137.59
4784.34 0.58
4786.35 210.36
4788.37 17.14
4790.39 192.2
4792.38 170.11
4794.41 212.99
4796.43 179.98
4798.45 25.93
4800.48 235.14
4802.5 178.56
4804.54 240.81
4806.56 181.34
4808.59 205.36
4810.62 128.66
4812.63 21.87
4814.66 192.83
4816.66 143.56
4818.68 254.64
4820.69 84.44
4822.71 1.46
4824.72 186.22
4826.76 40.12
4828.78 232.19
4830.79 204.36
4832.82 240.09
4834.83 200.96
4835.87 2.41
4837.86 162.49
4839.87 194.42
4841.89 1.21
4843.91 187.89
4845.92 3.63
4847.95 215.82
4849.96 171.3
4851.99 187.55
4854.0 221.61
4856.03 18.95
4858.03 148.85
4860.06 187.76
4862.08 210.46
4864.1 189.83
4866.12 39.77
4868.13 158.89
4870.13 29.26
4872.15 218.01
4874.17 192.07
4876.19 153.0
4878.2 202.05
4880.22 15.67
4882.23 199.63
4884.25 175.07
4886.26 177.64
4888.28 241.43
4890.31 204.41
4892.32 294.06
4894.34 5.81
4896.36 259.93
4898.38 203.29
4900.39 193.28
4902.4 205.55
4904.43 222.33
4906.45 231.96
4908.48 5.39
4910.5 169.89
4912.52 224.87
4914.54 194.02
4916.56 226.1
4918.58 4.78
4920.61 183.26
4922.61 106.94
4924.64 225.64
4926.67 213.17
4928.67 233.86
4930.68 266.57
4931.99 37.8
4934.09 212.63
4936.15 269.4
4938.21 220.66
4940.04 190.73
4942.1 42.92
4944.18 251.7
