0 58.125
1 97.0
2 108.25
3 125.0
4 143.75
5 167.5
6 190.0
7 215.0
8 217.5
9 227.5
10 226.25
11 203.75
12 200.0
13 182.5
14 205.0
15 215.0
16 198.75
17 202.5
18 197.5
19 222.5
20 180.0
21 185.0
22 212.5
23 187.5
24 232.5
25 196.25
26 148.75
27 92.25
28 107.125
29 88.25
30 43.875
31 18.375
32 17.0
33 21.75
34 18.125
35 18.125
36 16.0
37 16.625
38 13.125
39 14.0
40 13.0
41 12.0
42 9.375
43 12.0
44 12.25
45 14.75
46 26.5
47 58.875
48 61.125
49 70.0
50 78.125
51 67.125
52 55.0
53 70.625
54 87.25
55 95.375
56 99.375
57 94.625
58 12.5
59 13.875
60 15.0
61 100.5
62 107.625
63 128.75
64 101.25
65 84.375
66 81.375
67 89.0
68 89.25
69 59.875
70 57.75
71 59.875
72 97.875
73 85.375
74 102.625
75 90.75
76 111.5
77 92.0
78 84.625
79 88.875
80 86.5
81 98.375
82 58.75
83 15.5
84 39.625
85 8.25
86 9.375
87 12.0
88 5.375
89 15.25
90 14.875
91 35.375
92 27.25
93 81.75
94 106.125
95 98.25
96 96.125
97 137.5
98 137.5
99 112.375
100 131.25
101 147.5
102 146.25
103 138.75
104 109.0
105 124.625
106 171.25
107 140.0
108 148.75
109 150.0
110 165.0
111 102.75
112 145.0
113 163.75
114 160.0
115 155.0
116 119.75
117 123.75
118 122.375
119 31.125
120 128.75
121 197.5
122 195.0
123 133.75
124 173.75
125 150.0
126 140.0
127 170.0
128 150.0
129 173.75
130 165.0
131 132.5
132 135.0
133 132.5
134 128.75
135 130.0
136 138.75
137 103.5
138 142.5
139 150.0
140 141.25
141 142.5
142 147.5
143 118.375
144 122.75
145 86.75
146 85.125
147 49.0
148 9.5
149 11.75
150 64.25
151 86.0
152 88.0
153 14.0
154 13.25
155 31.375
156 69.25
157 31.375
158 29.875
159 4.625
160 28.375
161 10.625
162 13.0
163 15.375
164 15.125
165 13.875
166 13.875
167 10.875
168 15.125
169 5.625
170 5.875
171 5.0
172 3.125
173 22.875
174 64.625
175 82.125
176 74.0
177 84.875
178 79.5
179 96.125
180 14.625
181 13.625
182 44.625
183 33.5
184 3.875
185 7.5
186 9.5
187 2.25
188 2.375
189 1.875
190 2.5
191 2.875
192 5.5
193 5.625
194 0.625
195 3.375
196 7.375
197 16.125
198 8.5
199 1.625
200 11.625
201 5.375
202 12.75
203 18.25
204 17.625
205 22.125
206 34.125
207 44.375
208 52.25
209 43.25
210 34.75
211 24.625
212 20.75
213 21.625
214 20.25
215 34.5
216 4.375
217 15.625
218 14.5
219 19.75
220 39.0
221 36.125
222 45.625
223 46.625
224 59.25
225 68.5
226 67.75
227 92.125
228 100.25
229 119.5
230 105.5
231 140.0
232 166.25
233 135.0
234 160.0
235 150.0
236 166.25
237 173.75
238 138.75
239 135.0
240 162.5
241 20.125
242 3.0
243 0.75
244 4.125
245 2.875
246 0.375
247 3.625
248 0.5
249 14.0
250 15.25
251 14.5
252 47.875
253 74.25
254 85.0
255 86.5
256 63.75
257 48.25
258 27.625
259 13.5
260 15.625
261 14.0
262 20.625
263 22.625
264 22.875
265 25.0
266 25.25
267 26.5
268 24.25
269 73.75
270 106.25
271 143.75
272 138.75
273 126.25
274 110.75
275 130.0
276 117.5
277 107.125
278 122.375
279 131.25
280 151.25
281 157.5
282 125.0
283 123.625
284 142.5
285 121.125
286 148.75
287 146.25
288 141.25
289 135.0
290 127.5
291 130.0
292 131.25
293 137.5
294 142.5
295 166.25
296 176.25
297 146.25
298 155.0
299 150.0
300 157.5
301 167.5
302 125.0
303 136.25
304 126.25
305 181.25
306 148.75
307 120.125
308 106.25
309 33.875
310 2.125
311 13.25
312 14.75
313 1.5
314 23.625
315 27.125
316 30.75
317 30.625
318 33.375
319 30.5
320 35.75
321 35.25
322 32.5
323 35.75
324 32.75
325 76.75
326 109.0
327 166.25
328 152.5
329 155.0
330 187.5
331 142.5
332 168.75
333 147.5
334 205.0
335 170.0
336 176.25
337 155.0
338 96.5
339 133.75
340 117.625
341 196.25
342 178.75
343 202.5
344 183.75
345 191.25
346 141.25
347 151.25
348 160.0
349 175.0
350 218.75
351 171.25
352 191.25
353 122.375
354 160.0
355 173.75
356 150.0
357 152.5
358 151.25
359 158.75
360 132.5
361 206.25
362 183.75
363 152.5
364 163.75
365 177.5
366 168.75
367 155.0
368 198.75
369 223.75
370 161.25
371 216.25
372 215.0
373 207.5
374 176.25
375 200.0
376 173.75
377 156.25
378 165.0
379 168.75
380 216.25
381 151.25
382 210.0
383 152.5
384 183.75
385 178.75
386 213.75
387 177.5
388 205.0
389 196.25
390 163.75
391 193.75
392 196.25
393 218.75
394 183.75
395 158.75
396 140.0
397 152.5
398 145.0
399 173.75
400 191.25
401 171.25
402 113.625
403 86.875
404 93.5
405 92.875
406 97.875
407 104.875
408 96.875
409 93.75
410 88.5
411 76.5
412 79.125
413 69.0
414 76.875
415 54.125
416 58.875
417 6.25
418 1.25
419 11.25
420 12.75
421 14.5
422 17.625
423 32.25
424 38.0
425 55.625
426 12.875
427 15.125
428 14.875
429 15.625
430 10.5
431 11.25
432 10.25
433 8.0
434 8.875
435 10.375
436 14.0
437 12.75
438 15.625
439 14.375
440 14.625
441 12.125
442 13.875
443 58.875
444 60.625
445 68.75
446 69.375
447 82.75
448 80.75
449 93.125
450 71.125
451 86.625
452 115.375
453 90.75
454 140.0
455 12.875
456 13.375
457 64.25
458 120.75
459 127.5
460 132.5
461 135.0
462 138.75
463 65.5
464 12.125
465 12.125
466 60.5
467 75.375
468 127.5
469 14.0
470 11.875
471 73.5
472 130.0
473 130.0
474 136.25
475 137.5
476 124.375
477 123.75
478 142.5
479 74.5
480 14.125
481 12.625
482 13.25
483 14.0
484 12.875
485 15.375
486 12.375
487 3.5
488 61.25
489 59.625
490 65.875
491 76.125
492 79.5
493 79.625
494 80.0
495 85.75
496 85.75
497 63.125
498 71.0
499 75.625
500 81.375
501 115.0
502 103.625
503 89.625
504 82.0
505 15.5
506 26.0
507 26.375
508 24.75
509 13.375
510 30.5
511 13.625
512 8.0
513 0.25
514 1.375
515 1.5
516 15.25
517 13.75
518 11.375
519 14.5
520 13.125
521 14.625
522 13.25
523 10.5
524 12.75
525 15.0
526 15.5
527 14.375
528 13.5
529 14.625
530 15.5
531 13.375
532 14.125
533 10.875
534 15.625
535 15.125
536 13.5
537 13.125
538 11.75
539 15.125
540 13.75
541 14.875
542 14.25
543 13.375
544 14.125
545 15.375
546 12.125
547 11.5
548 10.875
549 14.125
550 15.0
551 13.375
552 11.125
553 13.625
554 12.5
555 15.5
556 13.25
557 15.5
558 14.875
559 13.875
560 15.125
561 14.5
562 14.0
563 12.25
564 15.125
565 13.25
566 13.25
567 13.0
568 15.625
569 14.625
570 50.625
571 61.5
572 60.125
573 61.25
574 57.375
575 70.5
576 51.375
577 44.875
578 54.875
579 15.25
580 13.625
581 15.375
582 12.5
583 13.25
584 14.875
585 14.0
586 15.5
587 13.125
588 10.125
589 15.625
590 11.625
591 14.25
592 15.125
593 13.75
594 11.75
595 14.75
596 12.875
597 11.75
598 14.75
599 14.625
600 15.0
601 15.125
602 13.0
603 14.875
604 14.0
605 14.625
606 13.875
607 13.375
608 9.625
609 13.5
610 14.0
611 14.875
612 11.375
613 11.625
614 13.625
615 14.875
616 13.75
617 10.0
618 15.625
619 14.875
620 15.5
621 15.5
622 13.5
623 14.625
624 11.5
625 15.5
626 15.0
627 14.75
628 14.125
629 14.375
630 12.25
631 15.0
632 14.75
633 13.75
634 15.25
635 14.875
636 15.375
637 32.25
638 46.375
639 53.0
640 47.25
641 57.5
642 59.75
643 61.125
644 74.25
645 75.75
646 73.875
647 38.75
648 14.125
649 30.75
650 56.75
651 49.5
652 52.5
653 58.0
654 61.875
655 60.125
656 68.625
657 62.375
658 65.625
659 54.875
660 71.75
661 90.125
662 67.25
663 83.625
664 59.5
665 66.125
666 53.5
667 82.875
668 79.875
669 88.25
670 62.0
671 97.25
672 92.5
673 103.25
674 101.25
675 90.875
676 55.625
677 36.375
678 17.25
679 1.5
680 1.75
681 1.125
682 2.5
683 0.25
684 10.75
685 13.5
686 14.875
687 15.125
688 2.625
689 3.375
690 5.375
691 10.875
692 21.625
693 45.375
694 64.875
695 21.375
696 15.375
697 28.75
698 57.0
699 64.75
700 61.75
701 56.0
702 52.125
703 58.125
704 38.125
705 43.625
706 51.875
707 53.75
708 41.75
709 54.5
710 54.5
711 66.75
712 71.875
713 63.5
714 60.0
715 78.0
716 58.0
717 51.75
718 51.25
719 9.125
720 4.375
721 9.75
722 35.375
723 1.625
724 11.25
725 15.5
726 33.5
727 57.125
728 31.125
729 65.625
730 60.75
731 55.375
732 64.625
733 12.875
734 10.625
735 42.625
736 42.875
737 50.125
738 60.0
739 56.75
740 50.75
741 49.0
742 41.375
743 40.125
744 44.25
745 56.375
746 53.5
747 64.375
748 59.0
749 30.625
750 13.125
751 26.375
752 49.125
753 56.125
754 48.375
755 57.0
756 55.0
757 54.375
758 13.875
759 14.375
760 45.5
761 11.875
762 14.875
763 13.0
764 17.875
765 49.0
766 47.0
767 42.0
768 45.375
769 42.125
770 47.5
771 43.875
772 50.875
773 49.625
774 50.5
775 46.625
776 38.75
777 18.0
778 43.625
779 50.25
