0.0 164.82
2.17 332.61
4.18 0.35
6.17 317.8
8.17 365.92
10.17 0.36
12.17 407.35
14.17 0.35
16.17 366.71
18.17 398.49
20.18 360.97
22.17 407.58
24.17 0.35
26.17 429.54
28.18 0.36
30.17 418.72
32.17 492.68
34.17 0.32
36.17 428.84
38.18 0.3
40.17 460.98
42.17 495.06
44.17 558.33
46.17 464.47
48.17 0.36
50.17 556.41
52.18 0.36
54.17 561.09
56.17 518.13
58.17 0.34
60.17 447.43
62.18 0.34
64.17 441.4
66.17 460.67
68.17 520.75
70.17 424.11
72.17 0.36
74.17 461.4
76.17 0.37
78.17 499.45
80.17 424.65
82.17 0.32
84.17 429.79
86.17 0.36
88.17 459.77
90.17 556.52
92.17 526.93
94.17 508.0
96.18 0.39
98.17 541.8
100.17 0.34
102.17 587.94
104.17 360.46
106.17 0.38
108.17 514.48
110.17 0.35
112.17 507.0
114.17 513.96
116.17 457.61
118.17 526.36
120.18 0.37
122.17 527.04
124.17 0.29
126.17 538.77
128.17 502.13
130.17 0.36
132.18 524.06
134.17 0.35
136.17 31.67
138.17 31.67
140.17 0.3
142.17 2.8
144.17 0.36
146.17 355.83
148.17 0.36
150.17 13.75
152.17 21.77
154.17 0.3
156.17 56.28
158.17 49.94
160.18 56.58
162.17 41.05
164.17 56.48
166.17 36.14
168.17 56.44
170.17 56.54
172.17 58.19
174.17 76.96
176.17 76.79
178.42 75.28
180.42 76.35
182.42 78.24
184.42 58.99
186.22 82.87
188.42 77.11
190.42 93.71
192.42 91.43
194.42 97.19
196.42 86.63
198.42 83.25
200.42 104.02
202.42 104.5
204.43 116.44
206.42 0.43
208.43 62.11
210.21 48.17
212.43 115.61
214.43 77.23
216.43 0.19
218.43 129.53
220.42 0.32
222.43 163.27
224.44 210.22
226.42 0.32
228.43 207.1
230.45 0.34
232.44 92.2
234.25 0.39
236.42 92.2
238.42 93.43
240.42 102.12
242.42 100.79
244.44 128.15
246.42 133.16
248.43 138.51
250.42 154.95
252.42 157.9
254.42 3.8
256.42 201.33
258.43 0.32
260.42 77.91
262.44 178.89
264.42 0.33
266.42 193.82
268.42 0.36
270.42 192.41
272.43 169.87
274.42 191.21
276.43 170.68
278.42 1.52
280.42 135.88
282.42 4.07
284.42 142.57
286.42 176.81
288.42 6.43
290.42 164.46
292.42 0.34
294.42 176.26
296.42 128.62
298.42 182.64
300.42 205.07
302.42 0.36
304.43 234.62
306.42 0.36
308.42 231.2
310.42 241.73
312.42 0.36
314.43 213.62
316.42 0.3
318.43 301.81
320.42 236.71
322.42 302.22
324.42 303.15
326.42 0.33
328.42 318.77
330.42 0.29
332.42 308.63
334.42 413.05
336.42 0.36
338.42 386.86
340.42 0.34
342.42 396.82
344.43 343.02
346.42 400.39
348.42 448.55
350.42 0.36
352.42 426.72
354.42 0.37
356.42 488.74
358.42 488.24
360.42 5.05
362.42 458.42
364.42 0.34
366.42 392.3
368.43 465.34
370.42 364.19
372.42 435.58
374.42 0.36
376.43 429.06
378.43 0.36
380.42 419.62
382.43 342.07
384.42 0.32
386.42 513.48
388.42 0.33
390.42 527.38
392.42 421.59
394.42 499.76
396.42 439.95
398.42 0.3
400.42 433.33
402.43 8.0
404.42 532.15
406.42 558.95
408.42 0.35
410.43 555.91
412.43 0.32
414.42 467.71
416.42 507.65
418.43 445.02
420.42 560.44
422.42 0.36
424.42 554.0
426.42 0.34
428.42 500.46
430.42 473.03
432.67 0.35
434.68 496.82
436.67 0.33
438.67 508.67
440.67 504.82
442.67 486.65
444.67 412.53
446.68 0.37
448.67 529.95
450.67 6.82
452.67 519.07
454.68 528.38
456.68 0.32
458.67 319.7
460.89 0.35
462.67 467.1
464.67 475.54
466.67 488.96
468.67 428.07
470.67 0.36
472.67 518.03
474.68 0.29
476.67 468.61
478.67 581.85
480.67 0.36
482.67 586.06
484.67 0.37
486.68 573.98
488.67 497.66
490.67 605.09
492.67 454.01
494.68 2.26
496.67 537.26
498.67 0.36
500.67 432.18
502.67 565.87
504.69 0.37
506.67 486.66
508.68 0.36
510.67 568.89
512.67 589.08
514.67 456.03
516.67 555.73
518.67 0.32
520.67 0.36
522.67 8.23
524.67 580.27
526.67 452.85
528.68 0.32
530.67 497.64
532.67 3.02
534.67 488.59
536.67 528.26
538.67 448.55
540.68 507.67
542.67 0.36
544.68 594.42
546.68 0.36
548.68 485.87
550.67 580.73
552.67 0.34
554.67 391.28
556.68 0.36
558.67 611.35
560.67 528.52
562.67 581.21
564.67 541.5
566.67 7.92
568.68 393.38
570.67 0.36
572.67 575.18
574.69 584.5
576.67 0.36
578.67 575.98
580.67 0.36
582.68 518.19
584.67 565.68
586.67 499.36
588.67 405.38
590.68 0.34
592.68 573.23
594.67 0.36
596.67 579.69
598.67 420.36
600.67 0.34
602.67 595.64
604.67 0.36
606.68 613.0
608.68 543.53
610.67 515.42
612.67 437.1
614.67 0.36
616.67 560.53
618.68 0.31
620.67 472.12
622.67 577.03
624.68 0.36
626.68 24.53
628.67 0.36
630.67 554.14
632.67 541.96
634.67 536.92
636.67 577.68
638.67 0.32
640.67 513.19
642.67 5.03
644.68 493.51
646.67 553.93
648.68 0.37
650.67 402.53
652.67 0.33
654.67 423.67
656.68 543.97
658.68 507.18
660.67 552.14
662.67 0.36
664.67 545.31
666.67 0.37
668.68 489.66
670.67 558.65
672.67 0.37
674.68 485.43
676.67 0.36
678.68 532.31
680.67 470.17
682.67 520.59
684.68 432.44
686.92 5.19
688.92 526.21
690.92 7.35
692.92 539.03
694.93 468.87
696.92 540.51
698.93 387.27
700.92 0.36
702.92 372.32
704.75 0.37
706.93 572.27
708.92 559.37
710.92 0.36
712.93 449.01
714.92 0.36
716.93 461.78
718.93 538.12
720.93 422.05
722.92 465.11
724.93 0.34
726.93 548.59
728.76 0.25
730.92 428.76
732.93 431.81
734.93 0.37
736.92 490.08
738.93 0.36
740.93 369.15
742.93 496.74
744.93 540.04
746.92 415.39
748.92 0.34
750.93 452.85
752.75 0.35
754.92 392.63
756.92 450.97
758.93 0.34
760.92 402.5
762.92 0.37
764.93 388.57
766.93 434.01
768.94 418.73
770.93 435.56
772.93 0.34
774.92 452.6
776.93 0.35
778.93 459.68
780.92 468.71
782.93 0.35
784.93 430.82
786.93 0.37
788.93 412.9
790.93 436.7
792.93 386.51
794.93 439.38
796.92 0.34
798.93 470.04
800.93 0.37
802.93 511.58
804.92 422.02
806.93 0.36
808.92 500.04
810.92 0.34
812.93 502.24
814.93 487.54
816.93 454.47
818.93 490.85
820.92 0.36
822.93 376.31
824.92 0.36
826.93 383.65
828.92 422.11
830.92 0.37
832.92 501.17
834.93 0.35
836.93 505.23
838.93 455.68
840.92 509.28
842.93 452.54
844.93 0.36
846.93 546.12
848.93 0.36
850.92 512.24
852.93 420.79
854.93 0.37
856.92 425.04
858.92 0.36
860.92 518.72
862.93 515.31
864.93 515.31
866.93 266.22
868.92 0.37
870.93 282.51
872.93 0.36
874.93 302.42
876.93 290.69
878.92 0.3
880.93 298.65
882.93 0.37
884.93 299.15
886.93 294.73
888.93 309.5
890.93 236.26
892.93 0.36
894.93 142.43
896.92 8.62
898.93 139.15
900.93 98.39
902.93 0.37
904.93 148.42
906.93 0.37
908.93 87.79
910.93 86.39
912.93 130.95
914.93 134.42
916.93 0.35
918.93 137.64
920.93 0.34
922.93 123.12
924.92 134.14
926.93 9.44
928.93 118.67
930.93 0.36
932.93 139.25
934.93 149.45
936.93 150.0
938.93 155.95
940.93 0.36
943.18 181.17
945.18 0.36
947.18 30.18
949.17 70.23
951.18 0.31
953.18 82.99
955.18 7.52
957.18 66.61
958.97 52.97
961.18 52.97
963.18 52.97
965.19 86.12
967.18 86.12
969.18 71.89
971.18 80.12
973.18 89.58
975.18 105.16
977.18 104.11
979.18 0.37
981.18 80.65
982.98 121.1
985.18 106.46
987.19 142.52
989.18 0.12
991.19 75.62
993.19 8.48
995.18 55.67
997.19 142.22
999.18 3.87
1001.18 141.28
1003.18 137.98
1005.19 143.93
1007.0 0.36
1009.18 152.9
1011.18 130.06
1013.18 0.32
1015.18 147.41
1017.18 0.36
1019.18 142.45
1021.18 125.68
1023.18 157.89
1025.18 164.65
1027.18 0.36
1029.18 65.97
1031.18 0.7
1033.18 172.07
1035.18 165.21
1037.18 0.31
1039.18 213.76
1041.18 8.32
1043.18 204.09
1045.18 230.26
1047.18 194.51
1049.18 180.21
1051.18 0.38
1053.18 252.02
1055.18 0.36
1057.18 1.17
1059.18 335.51
1061.18 0.38
1063.18 392.59
1065.18 0.31
1067.18 377.35
1069.18 350.46
1071.18 384.2
1073.18 355.68
1075.18 0.38
1077.18 365.89
1079.18 9.62
1081.18 412.35
1083.18 448.02
1085.18 2.25
1087.18 370.48
1089.18 10.79
1091.18 316.26
1093.19 399.18
1095.18 0.37
1097.18 443.91
1099.18 1.73
1101.18 0.77
1103.18 9.63
1105.18 450.46
1107.18 385.55
1109.18 0.23
1111.18 448.56
1113.21 8.66
1115.18 443.22
1117.18 407.19
1119.18 0.26
1121.18 396.83
1123.18 1.35
1125.18 475.31
1127.18 0.36
1129.19 470.85
1131.18 428.74
1133.19 0.32
1135.18 495.92
1137.18 8.36
1139.18 402.51
1141.18 393.55
1143.18 0.36
1145.18 374.79
1147.18 0.38
1149.18 114.03
1151.18 0.36
1153.18 420.0
1155.18 399.89
1157.22 0.29
1159.18 252.0
1161.18 7.21
1163.18 417.21
1165.18 452.56
1167.18 19.29
1169.18 0.29
1171.18 0.36
1173.18 459.46
1175.18 0.37
1177.18 475.21
1179.18 368.97
1181.18 3.31
1183.18 482.53
1185.18 8.22
1187.18 464.17
1189.18 487.92
1191.18 485.0
1193.18 0.3
1195.18 0.31
1197.43 495.84
1199.43 8.08
1201.43 495.89
1203.43 455.66
1205.43 0.34
1207.43 486.03
1209.43 0.31
1211.43 459.42
1213.43 479.95
1215.43 454.89
1217.43 186.51
1219.43 0.35
1221.43 348.97
1223.43 0.39
1225.45 469.38
1227.43 418.14
1229.43 0.35
1231.43 403.25
1233.43 8.38
1235.43 437.18
1237.43 446.05
1239.43 0.4
1241.43 408.62
1243.43 0.33
1245.43 438.57
1247.43 0.36
1249.43 339.73
1251.43 391.7
1253.43 0.25
1255.43 336.68
1257.7 0.36
1259.43 461.88
1261.43 501.2
1263.43 356.36
1265.43 499.58
1267.43 4.2
1269.43 490.08
1271.43 0.36
1273.43 507.27
1275.43 228.99
1277.43 100.59
1279.43 189.38
1281.43 7.78
1283.43 300.92
1285.43 332.05
1287.43 299.71
1289.43 214.01
1291.43 0.36
1293.43 326.45
1295.43 7.86
1297.43 308.3
1299.43 277.37
1301.43 0.31
1303.43 101.86
1305.43 0.36
1307.44 141.05
1309.44 113.94
1311.43 137.38
1313.43 137.38
1315.43 0.36
1317.44 123.91
1319.43 1.7
1321.43 131.58
1323.43 121.24
1325.43 0.36
1327.43 156.35
1329.43 4.17
1331.43 150.96
1333.43 126.59
1335.43 111.85
1337.43 156.09
1339.43 0.31
1341.43 159.95
1343.44 8.41
1345.43 100.09
1347.43 138.73
1349.43 0.36
1351.43 156.92
1353.43 0.37
1355.43 151.96
1357.43 28.48
1359.43 49.7
1361.43 68.71
1363.43 0.34
1365.43 69.3
1367.43 69.3
1369.43 60.4
1371.43 74.7
1373.43 104.42
1375.43 104.42
1377.43 3.66
1379.43 113.68
1381.43 113.68
1383.43 107.65
1385.43 95.62
1387.43 132.98
1389.43 148.36
1391.43 8.25
1393.43 134.18
1395.43 106.41
1397.43 0.36
1399.43 108.4
1401.44 0.32
1403.43 108.16
1405.43 145.4
1407.43 143.18
1409.43 133.67
1411.43 0.37
1413.43 98.01
1415.43 13.8
1417.43 142.41
1419.44 158.02
1421.43 0.34
1423.43 178.37
1425.43 3.94
1427.43 175.47
1429.44 206.79
1431.43 148.72
1433.43 77.5
1435.43 3.57
1437.43 51.55
1439.43 54.96
1441.43 62.81
1443.43 72.87
1445.44 90.92
1447.43 89.08
1449.43 101.95
1451.43 88.67
1453.5 75.62
1455.68 15.29
1457.68 105.81
1459.68 78.82
1461.68 109.11
1463.68 0.26
1465.68 112.96
1467.68 115.08
1469.68 143.15
1471.68 161.56
1473.68 0.37
1475.68 210.97
1477.51 0.36
1479.68 220.15
1481.68 149.27
1483.69 0.32
1485.68 226.55
1487.68 0.35
1489.68 242.88
1491.68 265.68
1493.68 281.45
1495.68 262.19
1497.68 0.4
1499.68 326.28
1501.5 0.36
1503.68 336.23
1505.68 286.86
1507.68 0.36
1509.68 368.13
1511.68 0.36
1513.69 338.41
1515.68 310.5
1517.68 359.3
1519.68 343.43
1521.68 4.49
1523.68 372.31
1525.68 8.25
1527.68 410.12
1529.68 429.61
1531.68 425.59
1533.68 425.14
1535.68 0.35
1537.68 430.46
1539.68 413.69
1541.69 491.8
1543.68 450.1
1545.68 0.36
1547.69 521.65
1549.68 0.36
1551.68 492.55
1553.68 488.71
1555.68 0.21
1557.68 436.95
1559.68 0.36
1561.68 489.08
1563.68 529.75
1565.68 7.9
1567.68 531.62
1569.68 0.4
1571.69 532.67
1573.68 7.56
1575.68 486.0
1577.68 462.9
1579.68 0.34
1581.68 544.74
1583.69 13.19
1585.68 508.71
1587.68 448.1
1589.68 434.46
1591.69 4.08
1593.68 0.33
1595.68 530.32
1597.68 7.79
1599.68 0.34
1601.68 255.54
1603.68 0.37
1605.68 177.93
1607.68 0.34
1609.68 436.6
1611.68 443.6
1613.68 0.33
1615.68 459.44
1617.68 0.35
1619.68 452.03
1621.68 7.56
1623.68 48.23
1625.68 59.84
1627.68 0.36
1629.68 52.84
1631.68 56.12
1633.68 58.29
1635.68 64.8
1637.68 79.27
1639.68 65.58
1641.68 74.16
1643.68 80.78
1645.65 61.94
1647.68 104.76
1649.68 85.81
1651.68 94.02
1653.68 105.96
1655.68 116.78
1657.68 128.9
1659.68 106.14
1661.68 116.81
1663.68 119.07
1665.68 0.35
1667.68 141.48
1669.68 10.8
1671.68 132.59
1673.69 158.54
1675.68 0.37
1677.68 147.66
1679.68 0.37
1681.68 157.36
1683.68 109.07
1685.68 117.16
1687.68 158.87
1689.68 0.23
1691.68 118.85
1693.68 0.36
1695.68 114.9
1697.68 201.97
1699.68 0.36
1701.68 181.36
1703.68 0.34
1705.68 199.71
1707.75 0.36
1709.93 175.26
1711.93 172.56
1713.93 0.36
1715.93 198.92
1717.93 0.33
1719.93 173.1
1721.93 200.6
1723.93 0.36
1725.93 149.03
1727.94 0.37
1729.93 189.39
1731.76 0.35
1733.93 162.02
1735.93 203.85
1737.93 0.3
1739.93 172.23
1741.93 0.32
1743.93 237.16
1745.93 192.78
1747.93 0.36
1749.94 228.96
1751.93 0.36
1753.93 227.41
1755.75 0.36
1757.93 251.18
1759.93 255.57
1761.93 0.42
1763.93 278.57
1765.94 0.35
1767.93 258.14
1769.93 292.73
1771.93 0.36
1773.93 306.19
1775.93 0.36
1777.93 314.46
1779.93 0.36
1781.93 253.33
1783.93 288.41
1785.94 0.36
1787.93 325.09
1789.94 0.32
1791.93 333.13
1793.93 327.48
1795.93 322.52
1797.93 234.8
1799.94 0.36
1801.93 306.01
1803.93 0.33
1805.93 304.02
1807.93 329.17
1809.93 0.36
1811.93 328.94
1813.93 8.22
1815.93 326.55
1817.93 296.3
1819.93 0.36
1821.93 264.08
1823.93 245.48
1825.94 288.92
1827.93 0.32
1829.93 257.04
1831.93 323.37
1833.93 0.36
1835.93 272.42
1837.93 0.31
1839.93 208.41
1841.93 227.7
1843.93 0.36
1845.93 224.74
1847.93 0.36
1849.93 219.64
1851.93 220.86
1853.94 253.7
1855.94 253.54
1857.94 0.36
1859.93 224.18
1861.94 0.33
1863.93 283.04
1865.94 295.86
1867.93 0.34
1869.94 267.3
1871.94 0.36
1873.93 180.54
1875.93 0.36
1877.94 151.44
1879.93 190.05
1881.94 0.32
1883.94 172.11
1885.94 0.36
1887.93 104.66
1889.93 181.56
1891.93 8.88
1893.94 103.09
1895.94 0.36
1897.93 152.19
1899.93 0.36
1901.94 189.88
1903.94 206.03
1905.94 0.36
1907.93 275.58
1909.93 229.36
1911.93 286.08
1913.94 306.98
1915.93 325.7
1917.94 322.34
1919.93 0.36
1921.93 317.95
1923.93 0.3
1925.93 327.49
1927.94 317.64
1929.93 0.36
1931.94 255.43
1933.94 0.35
1935.93 318.13
1937.93 311.59
1939.94 0.34
1941.94 295.5
1943.93 0.36
1945.93 300.72
1947.93 0.36
1949.94 380.55
1951.93 374.86
1953.93 0.36
1955.93 389.85
1957.93 7.85
1959.94 413.57
1962.19 325.48
1964.19 0.31
1966.19 269.41
1968.19 0.41
1970.19 461.75
1972.21 0.24
1974.19 195.77
1976.2 313.62
1978.18 0.32
1980.2 467.1
1982.19 9.61
1984.21 409.42
1986.19 352.8
1988.19 0.23
1990.23 323.94
1992.19 0.32
1994.21 317.64
1996.18 10.28
1998.18 431.53
2000.19 406.83
2002.2 0.16
2004.19 252.75
2006.19 0.37
2008.19 179.86
2010.18 376.22
2012.21 378.83
2014.22 411.12
2016.26 0.21
2018.2 9.32
2020.29 7.21
2022.19 114.97
2024.2 128.87
2026.19 0.37
2028.19 441.84
2030.19 10.74
2032.19 351.34
2034.18 350.95
2036.2 398.33
2038.19 357.41
2040.19 0.36
2042.27 28.1
2044.18 5.68
2046.19 195.6
2048.18 342.17
2050.19 1.44
2052.19 262.46
2054.19 0.15
2056.18 349.91
2058.19 513.49
2060.19 511.31
2062.18 479.19
2064.19 7.61
2066.18 187.52
2068.19 0.31
2070.29 527.15
2072.19 310.87
2074.18 0.35
2076.19 452.84
2078.19 1.95
2080.18 455.9
2082.19 406.71
2084.18 384.99
2086.19 533.18
2088.19 0.38
2090.18 229.32
2092.18 1.42
2094.2 457.12
2096.19 428.07
2098.18 0.36
2100.18 522.4
2102.19 3.52
2104.19 400.46
2106.19 457.41
2108.19 471.12
2110.19 491.03
2112.19 0.35
2114.18 328.17
2116.19 0.36
2118.19 492.77
2120.19 548.5
2122.19 0.34
2124.19 493.32
2126.19 0.31
2128.19 510.45
2130.18 471.45
2132.19 314.53
2134.18 429.32
2136.19 0.36
2138.19 505.99
2140.18 0.36
2142.18 535.75
2144.18 511.9
2146.19 0.36
2148.18 544.21
2150.19 0.36
2152.19 266.99
2154.18 331.86
2156.18 355.89
2158.19 531.73
2160.19 0.36
2162.19 512.03
2164.18 0.34
2166.19 437.77
2168.18 517.16
2170.19 0.32
2172.2 488.24
2174.18 0.35
2176.18 480.57
2178.19 538.34
2180.19 532.85
2182.19 416.65
2184.19 10.26
2186.19 518.26
2188.19 0.35
2190.19 121.75
2192.18 480.77
2194.18 0.35
2196.44 540.76
2198.44 0.36
2200.43 478.95
2202.26 0.36
2204.44 528.66
2206.44 558.78
2208.43 0.36
2210.44 545.07
2212.44 0.37
2214.44 542.74
2216.43 409.5
2218.43 0.35
2220.43 426.78
2222.44 4.37
2224.44 447.92
2226.27 0.29
2228.44 467.2
2230.44 462.68
2232.44 0.32
2234.43 459.96
2236.43 0.36
2238.44 474.05
2240.44 455.24
2242.44 421.53
2244.44 444.04
2246.44 0.34
2248.44 419.97
2250.26 0.36
2252.43 492.33
