0.0 70.32
2.04 77.46
4.04 24.1
6.04 68.19
8.04 72.21
10.04 77.17
12.04 67.95
14.04 77.81
16.04 40.5
18.04 78.31
20.04 69.29
22.04 70.3
24.04 58.52
26.04 78.18
28.04 76.46
30.04 77.65
32.04 48.81
34.04 16.31
36.04 77.2
38.04 74.58
40.04 4.82
42.04 26.24
44.04 71.44
46.03 71.02
48.04 78.33
50.04 72.89
52.04 78.51
54.04 73.12
56.04 77.73
58.04 72.03
60.04 1.32
62.04 20.83
64.04 78.53
66.04 60.7
68.04 77.14
70.04 9.57
72.04 58.02
74.04 2.63
76.04 73.38
78.04 73.12
80.04 77.94
82.04 63.12
84.04 77.85
86.58 65.32
88.04 5.99
90.04 77.51
92.04 47.88
94.04 77.54
96.04 0.19
98.03 71.44
100.04 77.55
102.04 75.64
104.04 78.06
106.04 71.76
108.04 79.29
110.6 17.46
112.04 78.38
114.04 10.81
116.04 9.47
118.04 65.15
120.04 12.81
122.04 77.91
124.04 72.95
126.04 77.3
128.04 74.17
130.04 77.07
132.04 0.89
134.04 2.92
136.04 62.92
138.03 51.06
140.04 66.99
142.04 49.23
144.04 73.06
146.04 65.36
148.04 10.06
150.04 78.42
152.04 76.9
154.04 9.17
156.04 77.8
158.04 14.05
160.04 59.63
162.04 69.04
164.04 77.84
166.04 52.23
168.04 10.1
170.04 0.12
172.04 39.43
174.04 10.52
176.04 78.52
178.04 78.57
180.04 0.16
182.04 0.26
184.04 72.01
186.04 79.62
188.04 76.87
190.04 78.37
192.04 25.38
194.04 77.38
196.05 17.28
198.04 77.69
200.04 75.52
202.04 75.6
204.04 9.88
206.04 0.56
208.04 45.49
210.04 77.71
212.04 67.51
214.04 73.06
216.04 6.7
218.04 1.49
220.04 9.19
222.04 78.33
224.04 31.09
226.04 76.78
228.04 32.94
230.29 33.99
232.29 27.59
234.29 23.77
236.29 30.45
238.29 9.16
240.29 2.84
242.29 13.99
244.29 2.08
246.29 76.14
248.29 76.66
250.29 78.06
252.11 67.94
254.29 78.13
256.29 75.35
258.29 78.18
260.29 65.97
262.29 78.36
264.29 73.8
266.29 79.09
268.29 72.66
270.29 75.18
272.29 9.53
274.29 70.38
276.11 12.32
278.29 17.03
280.29 0.17
282.29 6.66
284.29 22.66
286.29 55.85
288.29 11.89
290.29 41.62
292.29 13.21
294.29 6.45
296.29 11.45
298.29 9.45
300.11 17.58
302.29 4.98
304.29 18.18
306.57 74.94
308.29 0.54
310.29 9.31
312.29 7.93
314.29 28.73
316.29 13.74
318.29 18.41
320.29 24.59
322.29 23.55
324.29 24.46
326.29 17.86
328.29 7.94
330.29 23.0
332.29 2.53
334.29 65.74
336.29 77.95
338.29 73.68
340.29 79.31
342.29 21.18
344.29 69.7
346.29 0.24
348.29 64.08
350.29 53.62
352.29 76.7
354.29 75.07
356.29 10.34
358.29 79.28
360.29 77.91
362.29 30.73
364.29 78.25
366.29 62.71
368.29 16.03
370.29 77.32
372.29 71.26
374.29 70.39
376.29 19.92
378.29 63.84
380.29 75.94
382.29 9.5
384.29 3.61
386.29 7.42
388.29 8.9
390.29 77.19
392.29 77.97
394.29 6.04
396.29 65.8
398.29 49.54
400.29 5.96
402.29 77.47
404.29 37.26
406.29 77.59
408.29 77.81
410.29 64.93
412.29 62.57
414.29 0.94
416.29 76.57
418.29 4.79
420.29 72.44
422.29 74.03
424.29 41.1
426.29 9.69
428.29 70.44
430.29 77.24
432.29 77.68
434.29 66.69
436.29 0.42
438.29 66.99
440.29 60.77
442.29 59.16
444.29 78.32
446.29 63.21
448.29 55.47
450.29 5.71
452.29 75.7
454.29 9.5
456.29 6.34
458.29 78.4
460.29 78.22
462.29 8.6
464.29 76.49
466.29 6.12
468.29 11.22
470.29 34.5
472.29 65.43
474.29 0.19
476.29 0.38
478.29 35.43
480.54 77.21
482.36 19.71
484.54 59.29
486.55 61.69
488.54 25.07
490.54 79.07
492.54 9.6
494.54 6.03
496.54 67.38
498.54 75.81
500.54 77.22
502.54 78.01
504.54 67.3
506.36 77.91
508.54 37.0
510.54 6.94
512.54 78.03
514.54 77.82
516.54 62.99
518.54 77.78
520.54 77.47
522.54 73.83
524.54 77.39
526.54 74.72
528.54 76.17
530.36 78.48
532.54 27.77
534.54 75.8
536.54 78.21
538.54 33.66
540.54 77.79
542.54 71.64
544.54 77.12
546.54 38.56
548.54 44.2
550.54 68.14
552.54 66.69
554.54 67.49
556.54 66.66
558.54 70.97
560.54 13.22
562.54 78.15
564.54 40.64
566.54 33.66
568.54 59.87
570.54 0.37
572.54 72.97
574.54 69.43
576.54 73.22
578.54 78.36
580.54 69.82
582.54 56.84
584.54 8.93
586.54 17.55
588.54 9.29
590.54 70.9
592.54 0.14
594.54 21.19
596.54 19.05
598.54 9.32
600.54 7.26
602.54 24.88
604.54 2.37
606.54 19.78
608.54 19.04
610.54 17.87
612.54 30.32
614.54 2.14
616.54 68.21
618.54 22.42
620.54 18.21
622.55 10.2
624.54 14.47
626.54 9.32
628.55 18.49
630.54 14.56
632.54 12.11
634.54 3.87
636.54 18.65
638.54 18.18
640.54 57.63
642.54 16.59
644.54 4.79
646.54 38.33
648.54 3.57
650.54 13.73
652.54 20.9
654.54 22.77
656.54 9.64
658.54 28.76
660.54 24.96
662.54 18.99
664.54 18.79
666.54 20.04
668.54 62.02
670.54 9.32
672.54 24.27
674.54 9.12
676.54 11.92
678.54 16.41
680.54 12.4
682.54 34.98
684.54 9.19
686.54 6.93
688.54 1.07
690.54 77.78
692.54 0.15
694.54 76.27
696.54 60.66
698.54 9.36
700.54 10.18
702.54 77.95
704.54 76.93
706.54 72.67
708.55 7.76
710.54 77.1
712.54 60.4
714.54 77.98
716.54 77.03
718.54 76.13
720.54 28.43
722.54 30.31
724.54 66.55
726.54 1.65
728.54 76.85
730.79 7.63
732.79 9.57
734.79 24.03
736.79 4.69
738.79 11.09
740.79 8.37
742.81 77.6
744.79 77.14
746.79 77.96
748.79 62.0
750.79 76.93
752.79 77.27
754.79 7.81
756.79 8.78
758.79 4.32
760.79 73.17
762.79 76.58
764.79 60.34
766.79 53.6
768.79 57.98
770.79 76.91
772.79 75.8
774.79 51.27
776.79 79.11
778.79 78.44
780.79 9.54
782.8 6.76
784.79 78.69
786.79 77.04
788.79 66.14
790.79 77.17
792.79 47.91
794.79 78.32
796.79 75.77
798.79 77.47
800.79 20.12
802.79 76.23
804.79 17.27
806.79 77.17
808.79 78.02
810.79 75.12
812.79 74.1
814.79 58.55
816.79 74.82
818.79 11.68
820.79 78.98
822.79 9.42
824.79 78.67
826.79 77.56
828.79 77.54
830.79 50.01
832.79 2.46
834.79 48.07
836.79 76.49
838.79 14.8
840.79 39.61
842.79 23.15
844.79 77.41
846.79 78.52
848.79 75.51
850.79 0.96
852.79 75.74
854.79 7.48
856.79 21.39
858.79 65.93
860.79 77.33
862.79 20.52
864.79 77.58
866.79 73.03
868.79 78.4
870.79 54.94
872.79 10.77
874.79 2.3
876.79 77.94
878.8 77.2
880.79 46.61
882.79 78.53
884.79 2.11
886.79 63.43
888.79 2.84
890.79 26.53
892.79 48.83
894.79 2.65
896.79 55.09
898.79 75.71
900.79 47.5
902.79 77.98
904.79 2.85
906.79 77.71
908.79 76.38
910.79 16.91
912.79 0.16
914.79 19.93
916.79 2.31
918.79 6.03
920.79 8.23
922.79 32.76
924.79 48.76
926.79 58.71
928.79 73.13
930.79 77.82
932.79 0.35
934.79 71.76
936.79 32.62
938.79 10.18
940.79 34.53
942.79 63.67
944.79 64.5
946.79 64.19
948.79 9.3
950.79 77.14
952.79 24.09
954.79 78.36
956.79 17.82
958.79 9.42
960.79 30.67
962.79 78.11
964.79 76.56
966.79 77.44
968.79 35.95
970.79 77.37
972.79 42.05
974.79 67.33
976.79 58.37
978.79 69.77
981.04 48.33
983.04 75.23
985.04 13.42
987.04 9.53
989.04 32.81
991.04 23.31
993.04 77.94
995.04 37.05
997.04 76.78
999.04 9.38
1000.86 77.62
1003.04 70.42
1005.04 61.77
1007.04 77.73
1009.04 0.35
1011.04 77.05
1013.04 77.92
1015.04 77.92
1017.04 77.49
1019.04 77.2
1021.04 77.2
1023.04 77.67
1024.87 29.12
1027.04 20.51
1029.04 19.09
1031.04 7.19
1033.04 14.86
1035.04 57.59
1037.04 51.68
1039.04 51.53
1041.04 57.74
1043.04 55.35
1045.04 65.13
1047.04 65.45
1048.87 52.33
1051.04 65.31
1053.04 75.71
1055.04 8.49
1057.04 77.99
1059.04 64.8
1061.04 77.16
1063.04 55.87
1065.04 63.97
1067.04 30.8
1069.04 34.91
1071.04 0.57
1073.04 10.85
1075.04 1.39
1077.04 30.41
1079.04 42.61
1081.04 21.25
1083.04 25.49
1085.04 42.16
1087.04 43.4
1089.04 47.43
1091.04 58.5
1093.04 31.28
1095.04 45.68
1097.04 8.88
1099.05 3.39
1101.04 46.16
1103.04 13.02
1105.04 2.99
1107.04 8.62
1109.05 11.98
1111.04 10.42
1113.04 5.95
1115.04 31.42
1117.04 31.58
1119.04 38.6
1121.04 35.57
1123.04 6.16
1125.04 41.23
1127.04 37.36
1129.04 40.26
1131.04 29.52
1133.04 32.0
1135.04 40.33
1137.04 40.24
1139.05 40.54
1141.04 49.53
1143.04 48.22
1145.04 23.13
1147.04 10.3
1149.04 16.57
1151.04 4.01
1153.04 66.02
1155.04 9.16
1157.04 6.03
1159.04 77.37
1161.04 75.31
1163.04 2.07
1165.04 77.49
1167.04 0.81
1169.05 17.83
1171.04 11.18
1173.04 1.12
1175.04 47.05
1177.04 39.63
1179.04 58.6
1181.04 27.89
1183.04 24.44
1185.04 76.73
1187.04 3.75
1189.04 18.1
1191.04 49.72
1193.04 49.19
1195.04 12.7
1197.04 24.02
1199.04 15.37
1201.04 7.88
1203.04 8.67
1205.04 6.15
1207.04 11.48
1209.04 44.45
1211.09 4.73
1213.04 44.25
1215.04 4.42
1217.04 52.61
1219.04 11.68
1221.04 59.58
1223.04 4.58
1225.04 0.08
1227.04 10.32
1229.04 19.9
1231.12 42.61
1233.29 78.09
1235.29 71.72
1237.29 78.13
1239.29 74.95
1241.29 68.85
1243.29 74.94
1245.29 77.61
1247.29 74.19
1249.29 77.01
1251.29 13.84
1253.29 78.51
1255.11 64.24
1257.29 1.64
1259.29 78.01
1261.29 9.19
1263.29 77.51
1265.29 9.54
1267.3 78.12
1269.3 47.46
1271.3 77.56
1273.29 62.63
1275.3 79.25
1277.29 66.78
1279.11 76.35
1281.3 29.99
1283.3 59.9
1285.3 79.04
1287.29 17.27
1289.29 77.91
1291.3 21.76
1293.3 77.73
1295.29 77.52
1297.29 77.36
1299.29 76.94
1301.3 4.7
1303.29 78.83
1305.29 6.82
1307.29 57.63
1309.3 76.05
1311.29 9.64
1313.29 76.85
1315.29 9.27
1317.29 57.93
1319.3 72.82
1321.3 77.75
1323.3 76.65
1325.3 8.37
1327.3 78.71
1329.3 73.08
1331.3 66.59
1333.3 65.3
1335.3 77.64
1337.3 49.17
1339.29 68.94
1341.29 70.41
1343.29 77.93
1345.29 61.18
1347.3 77.69
1349.29 69.67
1351.3 77.45
1353.3 77.84
1355.3 78.51
1357.3 65.68
1359.3 9.28
1361.3 64.97
1363.3 72.6
1365.31 67.66
1367.3 77.31
1369.3 74.93
1371.3 9.03
1373.3 27.29
1375.29 78.03
1377.3 34.97
1379.3 46.99
1381.3 63.58
1383.3 19.23
1385.3 73.02
1387.3 39.99
1389.3 63.9
1391.3 77.24
1393.3 44.3
1395.3 77.54
1397.3 79.52
1399.3 77.05
1401.3 74.39
1403.3 77.08
1405.3 72.59
1407.3 76.1
1409.3 9.61
1411.3 3.85
1413.3 77.47
1415.3 2.29
1417.3 22.64
1419.3 77.33
1421.3 63.58
1423.3 77.78
1425.3 72.97
1427.3 57.41
1429.3 10.28
1431.3 70.04
1433.3 78.43
1435.3 76.29
1437.3 4.0
1439.3 0.7
1441.3 74.59
1443.3 77.33
1445.3 64.0
1447.3 73.08
1449.3 73.34
1451.3 66.1
1453.3 44.57
1455.3 77.82
1457.3 65.7
1459.3 63.21
1461.3 48.11
1463.29 75.49
1465.3 61.04
1467.3 71.82
1469.3 63.3
1471.3 78.99
1473.3 57.16
1475.3 18.05
1477.3 9.13
1479.3 7.61
1481.55 79.34
1483.55 7.57
1485.55 22.5
1487.55 18.24
1489.55 77.28
1491.55 61.75
1493.55 77.72
1495.55 66.67
1497.55 79.44
1499.55 75.58
1501.59 31.58
1503.55 13.92
1505.55 70.26
1507.55 3.11
1509.55 77.28
1511.55 3.34
1513.55 78.6
1515.55 43.25
1517.55 63.32
1519.55 16.31
1521.55 3.28
1523.55 77.74
1525.55 76.92
1527.55 76.98
1529.55 75.21
1531.55 66.03
1533.55 78.65
1535.55 76.6
1537.55 79.87
1539.55 73.95
1541.55 77.87
1543.55 61.57
1545.55 78.11
1547.55 46.11
1549.55 71.11
1551.55 74.81
1553.55 78.1
1555.55 76.58
1557.55 77.47
1559.55 76.38
1561.55 78.42
1563.55 65.04
1565.55 19.6
1567.55 40.11
1569.55 77.56
1571.55 71.62
1573.55 14.93
1575.55 70.93
1577.55 78.05
1579.55 59.56
1581.55 78.17
1583.55 64.14
1585.55 77.38
1587.55 75.61
1589.55 76.26
1591.55 75.75
1593.55 5.02
1595.55 77.71
1597.55 75.37
1599.55 78.04
1601.55 60.15
1603.55 76.87
1605.55 76.18
1607.55 78.1
1609.55 38.19
1611.55 78.0
1613.55 24.21
1615.55 78.29
1617.55 7.14
1619.55 76.89
1621.55 78.21
1623.55 4.8
1625.55 77.09
1627.55 76.57
1629.55 78.73
1631.55 68.7
1633.55 60.93
1635.55 66.67
1637.55 77.96
1639.55 35.4
1641.55 2.94
1643.55 78.36
1645.55 19.4
1647.55 75.87
1649.55 37.99
1651.55 77.91
1653.55 10.45
1655.55 77.8
1657.55 72.59
1659.55 8.99
1661.55 72.89
1663.55 76.97
1665.55 7.36
1667.55 79.18
1669.55 27.27
1671.55 78.37
1673.55 20.67
1675.55 78.54
1677.55 78.4
1679.55 76.7
1681.55 75.99
1683.55 78.3
1685.55 62.99
1687.55 78.33
1689.55 75.04
1691.55 77.22
1693.55 61.48
1695.55 4.0
1697.55 77.48
1699.55 74.15
1701.55 78.36
1703.55 73.89
1705.55 0.12
1707.56 78.08
1709.55 78.01
1711.55 10.04
1713.55 78.25
1715.55 73.69
1717.55 0.18
1719.55 69.73
1721.55 65.16
1723.55 77.82
1725.55 7.91
1727.55 0.36
1729.55 78.19
1731.8 45.65
1733.8 77.46
1735.8 33.4
1737.8 78.19
1739.8 2.72
1741.81 52.43
1743.8 78.66
1745.8 76.12
1747.8 49.98
1749.62 77.27
1751.8 6.58
1753.8 78.66
1755.8 63.67
1757.8 78.1
1759.8 78.39
1761.8 7.57
1763.8 75.62
1765.8 75.81
1767.8 1.46
1769.8 72.56
1771.8 8.67
1773.62 78.28
1775.8 74.5
1777.8 77.63
1779.8 78.14
1781.8 42.25
1783.8 77.78
1785.8 6.16
1787.8 78.07
1789.8 78.39
1791.8 1.87
1793.8 9.57
1795.8 77.14
1797.62 9.58
1799.8 78.68
1801.8 1.92
1803.8 77.84
1805.8 64.16
1807.8 9.03
1809.8 78.5
1811.8 4.6
1813.8 78.7
1815.8 78.03
1817.8 9.5
1819.8 49.24
1821.8 9.6
1823.8 71.4
1825.8 2.5
1827.82 4.71
1829.8 1.35
1831.8 9.6
1833.8 72.1
1835.8 7.31
1837.8 76.96
1839.8 68.83
1841.8 9.53
1843.8 64.45
1845.8 77.77
1847.8 5.77
1849.8 77.02
1851.8 69.99
1853.8 20.39
1855.8 78.53
1857.8 22.7
1859.8 72.49
1861.8 78.71
1863.8 0.17
1865.8 77.96
1867.8 58.08
1869.8 77.92
1871.8 49.74
1873.8 77.78
1875.8 34.72
1877.8 77.48
1879.8 22.23
1881.8 67.79
1883.8 42.39
1885.8 77.32
1887.8 59.03
1889.8 71.76
1891.8 64.17
1893.8 78.39
1895.8 6.05
1897.8 77.56
1899.8 76.69
1901.8 9.96
1903.8 70.39
1905.8 6.76
1907.8 78.72
1909.8 13.12
1911.8 77.33
1913.8 9.43
1915.8 78.04
1917.8 9.57
1919.8 74.73
1921.8 10.17
1923.8 78.52
1925.8 6.08
1927.8 77.92
1929.8 5.32
1931.8 77.71
1933.8 11.09
1935.8 78.02
1938.34 78.36
1939.8 28.46
1941.8 77.09
1943.8 7.66
1945.8 68.04
1947.8 77.53
1949.8 10.26
1951.8 9.49
1953.8 18.15
1955.8 1.54
1957.8 18.87
1959.8 0.71
1961.8 9.42
1963.81 15.85
1965.8 78.22
1967.81 4.77
1969.8 77.3
1971.8 78.86
1973.8 11.29
1975.8 69.62
1977.8 7.21
1979.8 72.0
1982.05 8.18
1984.05 65.37
1986.05 55.8
1988.05 78.13
1990.05 17.89
1992.05 79.45
1994.05 65.57
1996.05 11.71
1998.05 7.3
2000.05 78.43
2002.05 66.88
2004.05 77.76
2006.05 76.05
2008.05 67.05
2010.05 61.42
2012.05 6.35
2014.05 77.31
2016.05 15.31
2018.05 36.46
2020.05 1.68
2022.05 67.37
2024.05 78.24
2026.05 56.59
2028.05 78.18
2030.05 33.39
2032.05 6.18
2034.05 79.43
2036.05 7.49
2038.05 76.97
2040.05 60.32
2042.05 77.83
2044.05 49.89
2046.05 77.88
2048.05 43.32
2050.05 77.37
2052.05 72.44
2054.05 78.47
2056.05 66.3
2058.05 77.9
2060.05 33.64
2062.05 77.18
2064.05 2.13
2066.05 36.24
2068.05 36.24
2070.05 40.95
2072.05 72.92
2074.05 6.97
2076.05 21.1
2078.05 21.1
2080.05 21.1
2082.05 40.34
2084.06 71.78
2086.05 71.78
2088.05 71.78
2090.05 60.69
2092.05 71.04
2094.05 78.04
2096.05 77.33
2098.05 77.56
2100.05 77.56
2102.05 76.35
2104.05 77.27
2106.05 77.27
2108.05 78.9
2110.05 78.9
2112.05 78.9
2114.05 77.5
2116.05 68.97
2118.05 78.83
2120.05 77.33
2122.05 78.59
2124.05 78.59
2126.05 51.38
2128.05 51.38
2130.05 51.38
2132.05 51.38
2134.05 51.38
2136.05 51.38
2138.05 51.38
2140.05 77.83
2142.05 77.83
2144.05 77.83
2146.05 77.83
2148.05 77.83
2150.05 2.11
2152.05 76.55
2154.05 9.4
2156.05 78.49
2158.05 9.32
2160.05 33.26
2162.05 77.04
2164.05 77.04
2166.05 77.04
2168.05 77.04
2170.05 77.04
2172.05 77.04
2174.05 77.04
2176.05 77.04
2178.05 9.6
2180.05 77.78
2182.05 77.0
2184.05 72.76
2186.05 77.24
2188.05 10.23
2190.05 77.56
2192.05 9.61
2194.05 78.46
2196.05 77.87
2198.05 16.39
2200.05 69.41
2202.05 70.9
2204.05 8.57
2206.05 69.95
2208.05 9.61
2210.05 7.12
2212.05 10.66
2214.05 10.13
2216.05 70.29
2218.05 7.15
2220.05 69.01
2222.05 79.52
2224.05 7.34
2226.05 78.71
2228.05 77.84
2230.05 78.29
2232.3 76.29
2234.3 0.9
2236.3 3.54
2238.3 71.19
2240.3 77.87
2242.3 77.87
2244.12 77.41
2246.3 77.41
2248.3 77.41
2250.3 77.41
2252.3 77.41
2254.3 77.41
2256.3 77.41
2258.3 77.41
2260.3 77.41
2262.3 77.41
2264.3 77.41
2266.3 77.41
2268.12 79.08
2270.3 79.08
2272.3 79.08
2274.3 79.08
2276.3 79.08
2278.3 79.08
2280.3 79.08
2282.3 79.08
2284.3 79.08
2286.3 79.08
2288.3 79.08
2290.3 79.08
2292.12 79.08
2294.3 79.08
2296.3 79.08
2298.3 79.08
2300.3 79.08
2302.3 79.08
2304.3 79.08
2306.3 76.88
2308.3 76.88
2310.3 76.88
2312.3 76.88
2314.3 76.88
2316.3 76.88
2318.3 76.88
2320.3 76.88
2322.3 76.88
2324.3 76.88
2326.3 76.88
2328.3 76.88
2330.3 76.88
2332.3 76.88
2334.3 76.88
2336.3 76.88
2338.3 76.88
2340.3 76.88
2342.3 77.35
2344.3 77.35
2346.3 77.35
2348.3 77.35
2350.3 77.35
2352.3 77.35
2354.3 77.35
2356.3 76.15
2358.3 76.25
2360.3 71.05
2362.3 78.93
2364.31 78.93
2366.3 78.93
2368.3 77.33
2370.3 75.86
2372.3 78.41
2374.3 77.88
2376.3 78.57
2378.3 76.63
2380.3 47.84
2382.3 79.2
2384.3 59.12
2386.3 69.55
2388.3 78.01
2390.3 78.01
2392.3 78.01
2394.3 78.01
2396.3 3.71
2398.3 78.59
2400.3 75.3
2402.3 3.33
2404.3 77.02
2406.3 5.32
2408.83 9.46
2410.3 37.85
2412.3 46.73
2414.3 73.22
2416.3 72.27
2418.3 77.7
2420.3 71.21
2422.3 77.8
2424.3 77.67
2426.3 76.39
2428.3 77.76
2430.3 76.38
2432.3 76.38
2434.3 77.59
2436.3 77.59
2438.3 73.48
2440.3 4.55
2442.3 78.8
2444.3 77.65
2446.3 9.47
2448.3 78.21
2450.3 4.77
2452.3 76.75
2454.3 76.75
2456.3 8.99
2458.3 79.05
2460.3 77.86
2462.3 1.86
2464.3 0.96
2466.3 77.53
2468.3 78.41
2470.3 77.96
2472.3 77.96
2474.3 78.07
2476.3 77.48
2478.3 78.46
2480.3 8.89
2482.55 77.71
2484.56 71.47
2486.55 2.78
2488.55 5.4
2490.55 77.5
2492.55 71.27
2494.55 45.96
2496.55 48.43
2498.37 67.7
2500.55 67.7
2502.55 67.7
2504.55 67.7
2506.55 4.03
2508.55 78.32
2510.55 78.32
2512.55 78.32
2514.55 78.32
2516.55 78.32
2518.55 78.32
2520.55 78.32
2522.37 78.32
2524.55 78.32
2526.55 78.32
2528.55 78.32
2530.55 78.32
2532.55 78.32
2534.55 78.32
2536.55 78.32
2538.55 78.32
2540.55 78.32
2542.55 78.32
2544.55 78.32
2546.37 78.32
2548.55 78.32
2550.55 78.32
2552.55 9.03
2554.55 71.45
2556.55 9.57
2558.55 77.78
2560.55 8.5
2562.55 49.95
2564.56 4.24
2566.55 77.3
2568.55 78.53
2570.58 78.53
2572.55 78.53
2574.55 3.64
2576.55 77.65
2578.55 23.71
2580.55 68.21
2582.56 42.87
2584.55 77.51
2586.55 64.51
2588.55 77.46
2590.55 73.16
2592.55 76.95
2594.55 14.32
2596.55 70.4
2598.55 5.19
2600.55 39.87
2602.55 54.88
2604.56 78.49
2606.55 77.2
2608.55 77.88
2610.55 63.02
2612.55 55.74
2614.55 78.04
2616.55 73.24
2618.55 78.87
2620.55 67.65
2622.55 64.51
2624.55 9.57
2626.55 76.64
2628.56 14.08
2630.55 78.37
2632.55 5.15
2634.55 78.39
2636.55 77.31
2638.55 77.31
2640.55 77.31
2642.55 77.31
2644.56 76.07
2646.85 76.07
2648.55 9.57
2650.55 72.88
2652.55 76.78
2654.56 77.12
2656.55 77.12
2658.55 0.72
2660.55 32.51
2662.55 32.51
2664.55 32.51
2666.55 32.51
2668.55 32.51
2670.55 32.51
2672.55 32.51
2674.55 32.51
2676.55 32.51
2678.56 39.59
2680.56 3.92
2682.56 75.92
2684.56 69.04
2686.55 9.43
2688.55 69.37
2690.55 6.37
2692.55 41.66
2694.55 77.3
2696.56 77.68
2698.55 78.62
2700.56 77.7
2702.56 76.41
2704.55 77.87
2706.56 72.4
2708.56 78.46
2710.56 79.11
2712.56 3.31
2714.56 77.13
2716.56 77.13
2718.56 77.13
2720.55 77.13
2722.56 77.13
2724.56 77.13
2726.55 77.13
2728.55 77.13
2730.55 77.13
2732.81 76.99
2734.81 76.99
2736.81 78.37
2738.81 77.7
2740.81 78.68
2742.8 79.48
2744.81 9.53
2746.81 78.38
2748.81 78.31
2750.8 76.64
2752.81 78.76
2754.81 78.76
2756.81 78.76
2758.8 78.76
2760.8 78.76
2762.8 78.76
2764.81 78.76
2766.81 78.76
2768.81 78.76
2770.81 78.76
2772.81 78.76
2774.81 78.76
2776.81 78.76
2778.81 78.76
2780.81 78.76
2782.81 78.76
2784.81 78.76
2786.81 78.76
2788.81 77.98
2790.81 75.86
2792.81 70.56
2794.81 75.92
2796.81 75.92
2798.81 75.92
2800.81 75.92
2802.81 75.92
2804.81 75.92
2806.8 75.92
2808.8 75.92
2810.8 75.92
2812.81 75.92
2814.81 75.92
2816.81 75.92
2818.81 75.92
2820.81 76.7
2822.81 76.9
2824.81 76.9
2826.81 76.9
2828.81 76.9
2830.81 76.9
2832.81 76.9
2834.81 76.9
2836.81 76.9
2838.81 76.9
2840.81 76.9
2842.81 75.78
2844.81 70.84
2846.81 77.08
2848.81 78.81
2850.81 78.13
2852.81 78.23
2854.81 78.26
2856.81 39.19
2858.81 70.21
2860.81 78.39
2862.81 78.39
2864.81 10.28
2866.81 71.58
2868.81 76.8
2870.81 77.26
2872.81 77.26
2874.81 78.34
2876.81 78.34
2878.81 76.8
2880.81 76.8
2882.81 9.41
2884.81 75.76
2886.81 76.72
2888.81 76.07
2890.81 72.72
2892.81 9.46
2894.81 6.76
2896.81 78.36
2898.81 78.36
2900.81 78.36
2902.81 72.49
2904.81 78.3
2906.81 76.71
2908.81 1.42
2910.81 77.65
2912.81 72.85
2914.81 76.42
2916.81 76.42
2918.81 76.42
2920.81 76.42
2922.81 77.35
2924.81 77.66
2926.8 9.91
2928.81 5.89
2930.81 77.28
2932.81 77.89
2934.81 77.89
2936.81 77.89
2938.81 77.89
2940.81 75.86
2942.81 77.83
2944.81 1.22
2946.81 78.31
2948.81 72.71
2950.81 76.72
2952.81 77.37
2954.81 77.21
2956.81 77.09
2958.81 0.73
2960.81 77.8
2962.81 72.77
2964.81 9.25
2966.81 78.19
2968.81 78.13
2970.81 78.11
2972.81 78.59
2974.81 77.62
2976.81 76.15
2978.81 78.21
2980.81 1.93
2983.06 71.06
2985.06 77.4
2987.06 78.01
2989.06 73.26
2991.06 73.26
2992.88 73.26
2995.06 1.59
2997.06 39.67
2999.06 9.46
3001.06 78.04
3003.06 77.04
3005.06 77.04
3007.06 72.58
3009.06 8.13
3011.06 77.64
3013.06 8.21
3015.06 75.4
3016.88 78.55
3019.06 78.55
3021.06 78.55
3023.06 78.09
3025.06 6.56
3027.06 78.92
3029.06 7.3
3031.06 38.72
3033.06 38.72
3035.06 78.37
3037.06 76.15
3039.06 76.15
3040.88 77.81
3043.06 77.1
3045.06 77.55
3047.06 9.57
3049.06 72.59
3051.06 72.49
3053.06 0.96
3055.06 78.02
3057.06 75.71
3059.06 78.0
3061.06 71.93
3063.06 1.76
3065.06 78.01
3067.06 72.21
3069.06 72.21
3071.07 72.21
3073.06 76.52
3075.06 71.16
3077.06 77.98
3079.06 75.7
3081.06 75.7
3083.07 75.7
3085.06 77.69
3087.06 5.39
3089.06 77.96
3091.06 78.4
3093.06 3.83
3095.06 9.5
3097.06 5.57
3099.06 9.54
3101.06 78.2
3103.06 72.14
3105.06 72.96
3107.06 73.14
3109.06 72.53
3111.06 70.76
3113.06 77.39
3115.06 66.03
3117.06 71.66
3119.06 9.53
3121.06 76.72
3123.06 70.8
3125.06 54.63
3127.06 78.33
3129.06 78.33
3131.06 77.97
3133.35 76.63
3135.06 78.03
3137.06 79.99
3139.06 77.04
3141.06 77.52
3143.06 9.42
3145.06 76.94
3147.06 78.22
3149.06 51.99
3151.06 77.79
3153.06 0.12
3155.06 77.82
3157.06 77.66
3159.06 77.66
3161.06 77.66
3163.06 72.24
3165.06 77.97
3167.06 9.5
3169.06 76.25
3171.06 9.54
3173.06 4.76
3175.06 77.16
3177.06 78.12
3179.06 4.43
3181.06 69.36
3183.06 77.21
3185.06 9.4
3187.06 1.98
3189.06 72.04
3191.06 9.54
3193.07 78.22
3195.06 9.43
3197.06 78.24
3199.06 77.99
3201.06 77.75
3203.06 77.75
3205.06 78.51
3207.06 1.15
3209.06 77.98
3211.06 68.87
3213.06 78.56
3215.06 78.47
3217.06 77.05
3219.06 78.37
3221.06 77.57
3223.06 77.19
3225.06 72.15
3227.06 72.15
3229.06 77.7
3231.06 77.7
3233.31 77.71
3235.31 65.6
3237.31 65.6
3239.31 0.19
3241.31 76.57
3243.36 77.55
3245.31 75.75
3247.13 77.87
3249.31 72.32
3251.31 78.28
3253.31 78.28
3255.31 76.62
3257.31 76.62
3259.31 78.3
3261.31 77.76
3263.31 80.74
3265.31 78.56
3267.31 77.73
3269.31 77.62
3271.13 77.62
3273.31 77.62
3275.31 77.62
3277.31 77.93
3279.31 72.48
3281.31 77.39
3283.31 77.39
3285.31 77.39
3287.31 77.39
3289.31 77.39
3291.31 77.39
3293.31 70.9
3295.13 70.9
3297.31 70.9
3299.31 77.64
3301.31 78.13
3303.31 13.36
3305.31 77.92
3307.31 13.92
3309.31 78.76
3311.31 78.76
3313.31 78.67
3315.31 78.67
3317.31 78.67
3319.31 78.67
3321.31 78.67
3323.31 78.67
3325.31 78.67
3327.31 3.06
3329.31 73.29
3331.31 73.29
3333.31 73.29
3335.31 73.29
3337.31 73.29
3339.31 73.29
3341.31 73.29
3343.31 73.29
3345.31 76.17
3347.31 2.5
3349.31 77.98
3351.31 77.61
3353.31 78.51
3355.31 50.51
3357.31 77.83
3359.31 0.19
3361.31 76.81
3363.31 66.44
3365.31 76.67
3367.31 77.24
3369.31 72.15
3371.31 47.44
3373.31 9.56
3375.31 1.57
3377.31 77.91
3379.31 77.68
3381.31 1.04
3383.31 0.18
3385.31 47.05
3387.31 77.41
3389.31 78.13
3391.31 9.22
3393.31 77.02
3395.31 79.6
3397.31 77.1
3399.31 78.5
3401.31 78.2
3403.31 77.95
3405.31 49.65
3407.31 77.68
3409.31 77.17
3411.31 78.84
3413.33 78.08
3415.31 77.84
3417.31 77.84
3419.31 77.84
3421.31 77.84
3423.31 77.84
3425.31 77.32
3427.31 76.61
3429.31 76.61
3431.31 76.61
3433.31 76.61
3435.31 76.61
3437.31 0.49
3439.31 76.14
3441.31 71.71
3443.31 77.24
3445.31 9.59
3447.31 76.72
3449.31 32.24
3451.31 77.39
3453.31 71.83
3455.31 59.73
3457.31 75.63
3459.31 9.6
3461.31 78.78
3463.31 78.78
3465.31 78.78
3467.31 78.78
3469.31 78.78
3471.31 78.78
3473.31 78.78
3475.31 78.78
3477.31 78.78
3479.31 78.78
3481.31 78.78
3483.57 78.78
3485.56 78.78
3487.56 77.94
3489.56 77.78
3491.56 77.78
3493.56 77.78
3495.56 77.78
3497.56 77.78
3499.56 77.78
3501.56 77.78
3503.56 77.78
3505.56 77.78
3507.56 78.63
3509.56 78.71
3511.56 78.71
3513.56 78.71
3515.56 78.71
3517.56 78.71
3519.56 78.71
3521.56 78.71
3523.56 78.71
3525.56 78.71
3527.56 78.71
3529.56 78.71
3531.56 78.71
3533.56 78.71
3535.56 9.63
3537.56 78.86
3539.56 77.56
3541.56 9.53
3543.56 70.29
3545.56 77.26
3547.56 78.17
3549.56 77.91
3551.56 7.73
3553.56 76.78
3555.56 67.32
3557.56 2.28
3559.56 77.83
3561.56 76.21
3563.56 76.21
3565.56 76.21
3567.56 76.21
3569.58 76.21
3571.56 76.21
3573.56 78.06
3575.56 77.57
3577.56 77.28
3579.56 77.28
3581.56 77.28
3583.56 77.28
3585.56 77.28
3587.56 77.28
3589.56 77.28
3591.56 77.28
3593.56 9.33
3595.56 76.16
3597.56 77.91
3599.56 78.32
3601.56 4.62
3603.56 78.43
3605.56 46.97
3607.56 77.09
3609.56 79.08
3611.56 73.05
3613.56 9.44
3615.56 77.54
3617.56 76.55
3619.56 5.07
3621.56 77.55
3623.56 67.62
3625.56 76.63
3627.56 76.91
3629.56 78.28
3631.56 77.3
3633.56 76.61
3635.56 78.41
3637.56 77.19
3639.56 78.88
3641.56 78.88
3643.56 78.88
3645.56 78.74
3647.56 78.09
3649.56 78.09
3651.56 71.05
3653.56 2.88
3655.56 71.14
3657.56 1.67
3659.56 77.56
3661.56 9.48
3663.56 9.1
3665.56 77.43
3667.56 6.66
3669.56 77.73
3671.56 1.7
3673.56 14.03
3675.56 77.3
3677.56 4.17
3679.57 29.96
3681.56 29.96
3683.56 29.96
3685.56 29.96
3687.56 29.96
3689.56 29.96
3691.56 29.96
3693.56 29.96
3695.56 29.96
3697.56 29.96
3699.56 29.96
3701.56 29.96
3703.56 37.58
3705.56 3.43
3707.56 78.62
3709.56 78.62
3711.56 78.62
3713.56 78.62
3715.56 78.62
3717.56 78.62
3719.56 78.62
3721.56 78.62
3723.56 78.62
3725.56 78.53
3727.56 78.53
3729.57 78.53
3731.56 78.53
3733.81 78.53
3735.81 78.53
3737.81 78.53
3739.82 78.53
3741.63 78.53
3743.81 78.53
3745.81 77.53
3747.81 77.53
3749.81 77.53
3751.81 72.36
3753.81 72.36
3755.82 76.88
3757.81 76.88
3759.81 77.27
3761.81 77.27
