0.0 4.4
0.84 1.95
1.42 4.34
1.95 4.51
2.67 4.64
3.66 1.64
4.49 5.33
5.54 0.44
8.51 1.25
11.67 1.39
14.54 1.33
16.5 4.99
17.23 5.04
18.92 2.36
20.15 0.46
21.91 1.17
24.32 1.37
26.84 3.52
28.96 4.4
30.0 4.25
31.4 4.48
33.44 1.38
35.73 4.63
38.79 4.73
41.79 1.03
44.56 1.13
47.0 1.12
48.01 1.25
48.66 2.05
50.0 0.37
51.3 0.71
53.26 1.39
55.32 1.25
57.39 4.33
58.16 4.67
59.29 4.4
61.2 1.56
64.46 4.54
68.38 4.38
71.64 0.55
74.18 1.24
76.21 0.94
77.19 1.14
78.23 2.22
80.38 1.44
82.14 4.25
83.08 4.54
85.13 3.5
87.67 0.55
89.26 0.69
91.81 4.47
94.57 4.11
96.34 4.35
97.25 4.45
98.0 6.01
100.33 0.47
102.47 1.71
104.34 4.53
106.11 4.39
107.85 4.1
109.99 0.56
112.96 1.58
114.83 4.4
116.55 4.11
118.68 5.97
122.39 4.54
123.72 4.03
125.13 4.65
126.75 4.26
129.14 4.05
131.87 3.62
133.12 4.39
135.32 4.41
136.61 5.33
139.9 0.76
141.8 0.89
144.04 5.58
146.21 5.57
148.24 0.47
151.01 0.42
153.4 0.67
154.62 0.81
155.86 6.75
158.14 2.51
159.19 0.71
161.07 0.81
163.4 1.23
165.49 1.2
167.3 0.43
168.85 0.57
170.36 5.29
173.6 1.49
176.46 4.54
179.03 0.67
180.57 0.43
181.53 0.71
183.04 1.04
184.87 1.4
187.64 4.2
190.37 3.71
192.35 4.32
193.63 6.02
195.26 4.46
196.89 0.89
199.12 1.03
201.88 2.47
203.53 1.35
205.23 1.05
207.5 0.4
213.6 0.02
215.16 2.49
216.48 2.49
218.02 2.49
220.09 2.47
221.22 3.69
223.08 0.22
223.83 1.11
224.87 0.44
226.05 0.86
228.22 1.0
230.74 4.52
233.91 4.54
236.26 0.54
237.25 3.63
238.38 4.66
239.57 0.46
241.13 4.62
243.07 0.48
244.43 2.13
246.3 0.33
248.24 1.0
250.89 1.82
252.94 2.51
255.36 0.7
258.11 0.84
261.39 1.09
263.96 0.87
265.26 1.58
268.51 0.72
270.29 0.37
272.02 1.35
275.19 0.38
277.59 0.23
279.84 1.71
281.14 4.55
282.91 1.46
284.56 0.69
286.08 1.42
287.45 4.88
289.91 1.55
292.25 3.42
295.02 2.95
297.26 3.32
299.81 0.59
301.72 0.31
302.81 1.5
303.78 0.58
305.39 0.83
306.85 0.63
308.29 0.55
309.78 0.63
311.18 3.4
313.12 0.71
315.31 1.12
317.47 3.18
318.69 3.4
322.18 1.32
324.7 1.34
327.47 0.21
331.31 4.37
332.61 4.18
333.69 4.41
335.36 4.65
336.69 0.15
337.85 1.55
339.19 0.6
340.51 1.03
341.91 0.65
343.94 1.14
345.94 6.61
347.82 0.02
349.85 0.97
352.07 1.65
353.98 4.57
356.0 4.34
358.06 3.42
360.11 0.32
363.5 0.1
366.01 1.98
368.35 2.34
369.95 3.98
371.45 5.24
373.5 1.08
375.34 1.09
378.08 0.33
382.49 1.56
387.32 2.18
390.66 0.07
393.17 0.71
394.99 0.21
396.11 1.45
397.14 1.97
398.05 2.02
399.15 4.16
400.1 4.29
401.12 3.37
402.38 0.79
403.59 1.09
404.83 0.24
407.0 0.87
409.36 5.46
411.97 4.76
414.83 4.67
417.52 4.14
419.95 5.53
422.21 1.71
424.27 1.62
426.1 3.2
427.94 0.53
430.0 1.04
431.99 1.4
434.28 2.49
437.12 4.49
438.63 4.18
439.57 4.24
440.44 0.12
443.01 1.15
446.04 1.57
449.11 1.85
451.19 1.51
452.65 4.55
454.45 3.89
456.11 3.92
457.69 0.47
459.67 1.09
461.65 1.38
463.69 0.98
465.78 0.9
468.21 2.13
470.9 3.34
472.77 1.99
474.81 1.82
477.16 0.64
478.86 0.62
480.66 2.18
482.8 2.88
484.02 1.55
487.51 3.84
489.94 4.34
492.11 4.7
494.14 0.83
496.01 0.51
498.76 0.64
501.08 1.4
502.77 0.07
504.4 1.57
506.26 2.94
508.52 1.28
509.74 5.3
511.61 0.99
512.66 0.85
513.79 2.62
515.28 1.24
517.11 1.91
518.86 1.4
521.43 4.3
523.29 3.94
525.74 0.47
527.66 0.83
529.84 4.35
532.53 4.2
535.14 5.2
538.01 2.75
541.07 0.49
543.98 1.31
544.67 1.17
545.49 0.58
546.75 8.43
547.97 0.8
549.39 1.35
551.03 1.92
552.45 2.14
553.95 1.84
555.99 1.26
558.45 1.47
561.4 4.48
564.37 0.31
567.47 4.35
570.48 4.44
573.26 0.53
575.69 1.33
577.52 4.32
579.12 4.32
580.48 4.25
581.57 5.96
582.83 0.4
584.95 0.79
586.87 1.67
588.94 1.98
589.87 5.03
590.94 0.54
592.71 0.98
595.69 0.34
598.45 1.81
602.54 2.57
603.76 1.3
604.91 2.81
606.42 4.9
608.66 2.71
611.12 1.51
613.38 2.36
615.84 4.54
618.1 4.41
619.15 6.13
620.87 0.71
623.22 4.43
626.1 3.5
628.57 5.18
630.54 0.93
631.97 1.5
633.06 1.4
634.68 1.13
636.8 1.29
639.51 0.34
643.81 3.04
645.0 2.74
646.93 0.55
649.06 6.17
650.3 0.6
650.87 4.81
652.31 3.96
653.93 1.83
655.73 1.42
657.38 1.11
659.36 1.82
661.5 2.57
663.37 4.31
665.85 4.6
668.24 0.26
670.69 2.19
673.63 0.67
676.18 0.57
678.32 0.97
680.61 0.91
683.02 2.45
683.82 3.18
684.57 4.9
685.93 2.8
687.12 0.46
689.49 1.33
692.07 1.37
695.35 4.92
697.02 0.69
698.57 2.99
700.43 2.13
702.68 3.81
704.76 3.14
706.41 0.36
708.23 0.71
709.44 1.24
710.79 1.15
712.95 6.17
716.63 2.31
718.38 3.42
719.74 3.01
721.42 3.3
725.58 1.61
729.27 0.69
730.37 5.66
731.76 1.7
733.02 2.26
735.06 0.11
736.22 4.32
737.41 0.13
738.98 1.37
741.35 1.87
744.25 0.98
747.45 0.83
750.77 3.54
754.97 4.34
756.01 2.01
756.78 0.58
757.91 2.09
759.94 1.0
762.81 0.71
764.5 1.4
765.55 1.26
766.37 1.21
767.62 0.54
771.29 3.04
773.85 0.28
775.78 0.34
777.68 2.99
778.73 4.03
780.86 0.41
783.51 1.42
784.71 0.43
786.72 0.31
787.8 2.49
790.68 4.22
794.02 0.06
797.41 0.55
798.49 2.56
799.23 4.03
800.16 5.05
802.38 6.27
804.6 0.67
806.65 1.14
808.81 0.58
811.19 1.06
813.89 3.6
816.22 3.6
817.11 6.95
818.67 0.34
820.03 1.27
822.17 1.69
825.39 3.3
828.87 3.51
829.76 2.59
833.2 0.28
835.5 4.31
836.06 6.38
836.98 1.27
838.01 4.95
839.53 0.77
843.95 4.41
845.82 1.85
846.75 0.46
847.56 6.52
849.66 0.45
851.48 3.42
854.06 3.6
855.36 2.8
856.89 6.05
859.25 1.14
861.38 0.4
863.76 0.3
867.13 1.61
868.7 0.97
869.94 4.08
870.94 1.36
873.85 6.37
876.33 8.46
880.82 1.15
882.71 0.33
883.79 0.66
885.03 0.54
886.7 1.24
888.71 1.06
890.97 0.29
894.56 0.69
895.63 5.31
898.18 1.69
899.48 0.18
901.08 1.28
902.97 0.05
904.9 1.84
907.24 1.74
908.85 3.9
909.88 5.71
912.01 0.86
914.38 1.53
916.61 2.54
919.71 4.46
922.46 4.45
923.67 3.55
924.6 4.33
927.05 3.61
928.04 5.59
930.16 1.17
931.85 0.69
935.05 0.68
937.33 1.14
938.79 0.8
940.18 1.51
941.64 2.07
942.79 1.93
943.87 2.08
945.37 1.16
946.73 1.8
948.75 0.2
950.58 1.5
953.22 3.33
956.71 1.1
962.9 1.26
967.71 0.42
968.77 2.64
969.47 4.24
970.21 6.4
970.79 0.69
971.86 2.22
973.29 0.69
975.48 1.11
977.56 2.35
979.52 0.69
980.88 4.27
982.18 4.26
983.63 4.02
985.04 6.47
987.63 3.23
991.52 4.51
993.1 3.76
994.02 6.32
994.95 0.61
996.6 0.84
999.88 4.31
1003.3 4.18
1005.91 0.57
1008.56 1.39
1011.32 4.06
1013.61 4.49
1015.06 2.54
1017.13 0.77
1019.08 1.73
1020.54 1.36
1022.37 1.13
1027.09 0.39
1028.59 3.04
1029.9 3.25
1031.13 0.12
1033.98 1.12
1036.34 3.46
1038.68 3.25
1042.15 3.17
1043.17 4.03
1045.11 1.27
1046.78 0.16
1048.5 1.68
1049.55 1.47
1050.54 1.49
1051.82 0.74
1053.39 1.02
1055.21 1.07
1057.25 1.08
1058.94 0.94
1061.09 0.57
1063.47 1.92
1065.6 2.85
1067.5 1.82
1069.1 0.76
1071.56 0.74
1074.71 3.38
1077.68 3.49
1080.23 6.38
1082.58 0.69
1084.56 4.44
1087.1 4.5
1089.53 0.91
1092.11 1.46
1093.1 5.72
1094.65 0.37
1096.2 0.9
1098.45 0.24
1099.57 2.27
1103.09 0.1
1105.08 2.35
1106.78 2.17
1107.9 3.79
1109.33 5.08
1111.08 0.76
1112.61 1.5
1114.29 1.05
1116.13 2.27
1117.94 5.01
1119.27 2.3
1121.49 1.68
1124.82 0.99
1127.93 1.14
1129.91 0.47
1133.37 0.87
1134.83 2.76
1137.91 2.42
1139.0 1.59
1139.56 4.71
1140.08 5.02
1140.72 5.8
1142.25 0.19
1143.51 1.26
1145.28 0.61
1147.05 0.9
1151.1 4.43
1155.22 4.58
1158.77 0.28
1160.06 3.82
1161.23 3.84
1162.81 3.84
1164.01 5.39
1164.97 0.56
1166.14 0.37
1169.39 4.51
1172.83 4.38
1175.58 1.46
1178.04 1.22
1179.12 1.57
1180.46 3.03
1181.45 0.87
1183.56 1.8
1186.77 4.4
1188.29 4.63
1192.35 1.66
1194.74 1.43
1196.78 3.33
1198.12 1.04
1199.99 1.03
1201.47 1.47
1203.14 1.75
1204.74 2.37
1206.18 2.35
1207.46 2.51
1210.43 4.34
1214.24 1.45
1215.88 5.03
1217.12 0.38
1218.48 1.09
1219.66 1.03
1220.97 1.02
1222.17 0.82
1223.35 7.84
1224.81 0.96
1227.24 1.2
1228.62 0.06
1231.27 0.34
1233.28 0.11
1235.3 0.47
1237.31 0.71
1239.33 1.2
1241.35 0.76
1243.38 0.43
1245.39 0.87
1246.67 4.86
1249.43 0.38
1251.44 2.79
1253.47 6.39
1255.47 5.34
1257.16 0.68
1258.94 1.66
1262.11 3.43
1264.32 4.5
1265.31 4.52
1267.61 3.99
1268.91 5.59
1270.83 6.81
1273.67 0.21
1274.95 0.64
1276.89 0.37
1278.71 0.65
1280.72 0.76
1282.74 1.44
1284.75 1.75
1286.76 2.9
1288.89 1.59
1290.87 4.33
1292.86 1.32
1295.72 1.82
1298.24 1.29
1299.15 4.18
1301.66 4.51
1303.28 4.7
1304.93 6.38
1306.93 0.3
1308.95 0.39
1310.96 0.23
1312.98 0.37
1315.1 5.81
1317.0 0.89
1319.05 1.12
1321.05 0.34
1323.01 1.35
1326.27 4.52
1328.7 6.14
1330.85 0.57
1332.49 0.72
1334.56 1.04
1336.56 8.55
1338.07 2.13
1339.92 1.22
1340.92 0.93
1343.25 0.98
1345.26 1.01
1347.3 11.88
1349.3 0.51
1351.32 0.57
1353.32 0.11
1355.33 0.31
1357.36 0.63
1359.35 0.46
1361.36 8.2
1363.46 0.31
1365.41 3.33
1366.82 6.29
1369.46 1.01
1372.62 4.12
1375.27 4.55
1376.5 3.89
1377.8 3.75
1379.55 0.68
1381.59 0.34
1383.54 0.87
1385.67 1.03
1387.04 3.35
1389.68 1.55
1391.68 7.48
1393.7 1.01
1395.72 0.38
1397.74 0.57
1398.97 0.47
1400.92 0.44
1402.93 0.85
1405.83 0.51
1409.62 1.97
1411.25 2.15
1412.8 2.9
1413.59 5.02
1414.92 5.17
1416.93 5.01
1418.97 5.78
1420.99 0.25
1425.25 2.48
1429.7 2.14
1434.83 0.35
1435.59 1.61
1437.34 1.61
1438.7 2.07
1439.48 3.25
1441.63 0.94
1443.91 1.26
1445.49 4.81
1447.25 3.08
1448.58 0.58
1450.41 0.2
1452.54 0.51
1453.5 0.47
1454.06 0.11
1455.26 0.21
1457.34 0.63
1459.29 0.93
1461.3 1.93
1463.31 0.92
1465.33 2.39
1467.35 2.61
1469.38 1.6
1471.39 1.18
1473.12 0.02
1475.44 0.91
1477.43 0.66
1479.46 1.43
1481.45 1.78
1483.47 1.71
1485.48 1.9
1487.51 2.16
1489.54 2.3
1491.55 2.3
1493.57 2.3
1495.59 0.33
1496.93 0.06
1499.6 0.29
1501.62 0.07
1503.0 1.06
1505.66 1.65
1507.68 2.53
1509.71 3.85
1510.96 3.98
1513.75 4.94
1515.77 4.75
1517.79 3.68
1519.82 5.23
1521.94 0.18
1523.15 0.02
1525.87 1.12
1529.01 0.84
1529.76 0.88
1533.5 0.88
1535.7 2.38
1536.51 2.49
1537.62 4.5
1539.0 0.1
1541.39 0.82
1543.82 0.38
1549.39 1.34
1553.75 0.18
1555.52 0.69
1556.94 3.01
1557.73 3.68
1559.03 4.48
1559.73 4.63
1562.12 0.82
1563.7 3.13
1567.32 0.11
1573.05 1.71
1574.42 1.09
1575.04 1.74
1576.65 2.72
1578.15 5.01
1578.83 6.25
1579.82 0.29
1581.54 1.0
1583.84 2.28
1586.53 1.38
1589.05 4.15
1591.77 1.27
1594.54 0.61
1597.62 2.3
1599.49 0.28
1600.51 1.95
1602.61 3.84
1603.75 6.56
1605.1 0.37
1607.4 1.21
1609.47 2.53
1610.79 4.74
1612.29 4.4
1614.87 0.15
1618.37 1.69
1620.87 0.61
1623.42 1.22
1625.8 1.82
1627.42 2.53
1629.44 3.24
1630.75 4.19
1631.88 3.93
1632.93 3.23
1634.99 0.14
1636.64 0.25
1638.31 0.07
1641.27 0.48
1643.94 0.21
1645.78 2.69
1646.8 3.21
1648.35 5.25
1649.65 0.23
1651.65 4.17
1654.71 0.09
1659.14 0.1
1662.34 0.32
1664.85 0.16
1666.39 0.02
1667.7 2.33
1668.65 2.69
1669.53 3.98
1670.88 5.84
1672.42 0.61
1675.43 1.88
1677.71 4.54
1681.16 0.14
1683.97 1.59
1687.44 0.84
1689.84 0.05
1691.04 1.46
1693.99 0.11
1696.45 0.49
1697.69 1.08
1698.81 1.43
1699.67 2.77
1700.31 2.52
1701.13 5.2
1702.38 0.05
1703.68 4.95
1705.24 0.66
1707.18 1.13
1709.2 1.32
1711.24 0.36
1713.24 0.76
1715.27 1.26
1717.27 1.56
1719.31 6.32
1720.98 0.38
1723.88 1.06
1727.87 0.06
1731.87 0.81
1733.75 0.44
1734.82 1.33
1736.66 3.18
1738.9 1.22
1740.39 1.69
1744.8 0.06
1746.01 0.44
1750.93 0.04
1753.51 0.86
1754.54 2.42
1755.25 3.04
1756.63 1.65
1757.74 2.1
1759.04 4.16
1761.67 2.32
1762.95 1.92
1765.46 0.7
1766.85 0.11
1767.98 0.89
1770.95 1.85
1772.44 2.23
1775.51 3.53
1777.25 2.02
1779.02 3.59
1780.23 4.69
1782.47 3.53
1785.85 0.05
1789.04 0.35
1791.4 5.63
1793.85 0.17
1795.95 0.38
1796.99 1.41
1799.78 0.11
1803.42 0.05
1804.92 0.91
1806.12 0.4
1807.66 0.55
1808.47 0.35
1809.19 0.98
1812.12 0.08
1815.86 0.38
1818.69 0.79
1819.87 0.95
1822.74 0.66
1825.21 0.74
1827.41 0.99
1829.8 1.3
1830.63 0.45
1831.57 1.17
1833.05 0.9
1835.56 0.14
1837.27 0.89
1839.05 0.03
1840.12 0.26
1841.43 0.22
1843.52 0.13
1844.77 1.8
1846.25 2.82
1847.33 4.72
1848.62 6.02
1851.15 0.59
1853.17 0.6
1855.19 0.28
1857.6 2.0
1862.09 0.08
1867.68 1.66
1869.0 2.29
1869.7 3.05
1870.77 4.71
1872.26 0.86
1872.95 3.17
1873.81 0.55
1875.08 0.59
1877.37 6.87
1878.57 5.07
1881.4 0.05
1883.05 0.35
1885.06 5.35
1887.45 0.42
1889.47 5.64
1891.41 0.41
1893.16 1.66
1895.53 1.83
1897.56 1.61
1898.65 1.14
1901.59 1.32
1902.6 0.19
1904.61 0.27
1906.91 0.07
1909.52 1.2
1912.73 2.2
1915.34 5.18
1917.09 1.85
1918.74 1.24
1920.61 2.62
1922.12 1.83
1923.18 6.13
1924.78 1.42
1926.81 4.51
1928.82 0.21
1931.08 0.4
1932.89 1.43
1936.85 1.39
1938.97 4.33
1939.75 5.21
1941.4 0.71
1942.99 0.82
1944.76 2.41
1947.01 0.37
1950.54 2.37
1952.12 5.4
1953.94 0.75
1955.53 0.67
1957.09 0.74
1959.1 1.03
1961.14 0.36
1962.92 0.96
1965.18 2.78
1967.23 0.65
1968.87 0.22
1971.25 0.94
1972.96 0.24
1975.51 2.73
1977.38 0.65
1979.7 1.05
1982.06 2.2
1983.7 4.41
1985.01 5.57
1987.4 3.86
1988.89 5.13
1991.99 1.94
1996.72 2.31
1998.47 0.2
2000.53 2.69
2001.59 3.93
2003.37 6.07
2005.13 0.17
2006.21 1.3
2007.54 0.42
2008.87 0.24
2011.13 5.99
2013.53 0.04
2015.27 0.68
2017.7 4.8
2019.39 1.59
2021.03 1.0
2022.84 0.71
2024.81 1.81
2027.37 1.46
2030.02 3.07
2032.46 1.44
2036.31 0.51
2038.55 0.98
2040.19 3.56
2041.8 4.0
2043.78 0.99
2045.77 1.24
2046.82 1.36
2048.27 3.27
2049.8 0.24
2050.9 0.58
2053.15 1.75
2055.05 1.14
2057.08 0.22
2059.14 0.04
2061.02 1.45
2063.0 0.36
2065.26 0.56
2068.8 0.51
2070.84 2.46
2072.31 3.37
2073.82 3.23
2075.39 1.97
2076.91 5.19
2079.37 4.85
2081.32 2.42
2084.54 1.36
2087.65 0.3
2090.51 5.29
2091.84 0.79
2093.19 0.74
2094.7 0.83
2095.76 0.6
2097.35 1.34
2099.51 1.51
2101.52 6.75
2103.54 0.55
2105.49 0.44
2108.49 2.05
2110.83 1.92
2112.83 2.65
2113.88 5.23
2114.86 6.42
2117.68 0.7
2119.37 0.45
2121.11 0.67
2123.73 1.43
2125.88 0.44
2127.88 0.21
2130.85 0.11
2135.36 0.99
2139.81 0.56
2142.21 2.37
2143.24 3.79
2144.06 3.57
2144.7 6.19
2145.59 1.46
2146.98 0.76
2148.52 0.13
2150.56 0.18
2152.44 0.2
2154.78 2.03
2156.92 1.58
2159.89 2.01
2164.74 1.12
2167.51 1.6
2168.79 3.87
2169.37 5.15
2170.82 1.23
2172.27 0.83
2173.67 1.48
2175.69 0.66
2177.92 0.02
2180.91 0.31
2182.74 0.25
2184.9 0.6
2189.31 0.49
2191.59 1.54
2193.66 1.61
2194.57 4.67
2195.95 6.11
2197.33 0.44
2199.22 0.02
2201.04 0.36
2203.12 0.12
2205.75 1.0
2210.08 0.37
2211.76 1.96
2212.43 3.6
2213.05 5.43
2213.72 4.24
2214.49 0.2
2217.09 4.76
2219.12 0.54
2221.14 6.69
2223.16 0.18
2225.18 0.26
2227.2 0.36
2229.22 0.27
2231.24 1.54
2233.28 0.29
2235.29 4.16
2237.29 0.23
2238.81 0.7
2240.74 1.13
2242.77 4.55
2244.79 4.55
2247.44 5.25
2249.4 0.82
2250.7 0.49
2253.43 0.71
2254.67 0.49
2257.47 0.74
2258.56 2.67
2261.5 0.46
2262.52 0.16
2264.53 7.37
2266.56 0.22
2268.58 0.15
2270.6 0.16
2272.61 0.18
2274.63 0.89
2276.65 0.86
2278.67 3.63
2280.68 0.22
2282.71 0.44
2284.73 1.23
2286.76 1.0
2288.77 0.99
2290.79 0.49
2292.83 7.61
2294.82 0.52
2296.84 1.41
2298.86 1.54
2300.88 1.35
2302.89 0.95
2304.91 0.79
2306.94 0.42
2308.96 1.09
2310.97 1.5
2312.99 2.17
2315.0 1.17
2317.02 0.21
2319.04 5.79
2321.07 0.87
2323.08 1.45
2325.08 0.13
2327.09 0.13
2329.12 1.29
2333.76 1.88
2340.45 0.02
2345.13 0.25
2346.26 0.85
2347.15 0.68
2347.97 0.87
2348.95 0.86
2349.51 0.98
2350.22 1.28
2351.11 0.47
2352.0 4.22
2352.66 5.8
2355.49 0.72
2359.31 2.38
2363.71 0.61
2367.11 1.57
2369.75 0.63
2372.16 0.41
2373.39 1.89
2375.43 0.02
2376.99 4.11
2377.9 5.36
2378.77 0.11
2380.49 1.8
2383.52 0.02
2386.19 0.28
2387.95 1.58
2389.46 1.5
2390.75 3.87
2393.83 1.3
2395.94 1.74
2397.97 1.71
2399.45 1.68
2400.76 2.89
2402.34 0.08
2404.42 0.14
2406.01 0.28
2407.9 0.8
2412.15 3.78
2415.14 0.5
2416.37 1.72
2417.58 2.22
2418.45 2.39
2421.08 0.26
2423.13 1.13
2424.73 6.16
2427.5 2.81
2428.61 4.65
2430.43 3.67
2431.21 4.34
2432.57 5.44
2434.58 5.95
2436.6 4.1
2438.62 0.18
2440.64 0.57
2442.64 0.55
2444.68 0.85
2446.71 2.83
2448.71 1.11
2450.73 5.76
2452.76 5.73
2454.78 0.3
2456.79 1.07
2458.8 1.26
2460.81 3.45
2462.81 2.1
2465.03 4.35
2467.74 0.65
2470.76 5.31
2473.22 0.98
2474.7 4.57
2475.67 4.49
2476.74 3.94
2478.42 4.51
2481.0 4.13
2483.04 5.22
2485.02 0.65
2486.54 0.59
2488.96 4.49
2490.91 1.88
2493.08 4.62
2494.6 2.94
2497.11 3.99
2498.76 1.46
2500.31 1.15
2503.15 1.13
2504.37 0.36
2507.2 0.11
2508.8 10.06
2511.03 0.39
2514.02 0.64
2516.44 1.86
2517.85 1.94
2519.51 1.03
2520.92 3.72
2522.44 5.49
2524.36 1.86
2526.37 0.13
2529.72 2.46
2534.49 1.72
2536.35 3.47
2537.52 5.29
2538.26 5.13
2539.09 0.3
2540.51 0.6
2542.53 6.16
2544.53 0.48
2546.53 0.11
2548.59 0.24
2550.57 0.25
2552.59 0.21
2554.63 0.29
2556.61 4.59
2558.96 0.09
2562.33 0.8
2566.52 1.17
2569.07 0.39
2570.76 2.28
2571.81 3.56
2572.97 6.4
2574.43 0.48
2575.8 0.42
2576.89 4.75
2578.81 0.54
2586.59 0.55
2590.6 1.5
2591.24 2.58
2591.78 2.21
2592.64 3.63
2594.69 1.65
2598.33 0.11
2602.08 1.3
2603.5 1.89
2605.4 0.14
2606.74 0.71
2608.73 0.26
2610.57 1.12
2613.18 0.02
2615.38 0.18
2616.22 1.16
2617.31 1.26
2618.04 3.57
2618.62 3.03
2619.37 4.41
2621.16 5.5
2622.82 0.73
2624.74 1.51
2626.62 1.12
2629.22 4.45
2631.25 3.67
2632.47 4.33
2635.26 3.91
2637.26 2.46
2638.85 1.64
2641.31 4.44
2642.93 2.86
2644.9 0.68
2646.64 0.65
2648.8 0.48
2651.29 1.79
2655.27 0.15
2657.28 2.44
2660.57 1.0
2666.38 0.79
2668.88 1.1
2669.97 1.58
2671.1 1.41
2672.07 1.86
2673.19 3.58
2674.52 3.19
2676.05 1.86
2677.81 0.51
2679.26 1.26
2680.84 1.55
2682.36 0.85
2683.83 0.23
2684.89 0.63
2686.78 1.25
2688.69 0.82
2690.69 0.91
2692.71 0.17
2694.73 0.13
2696.74 0.15
2698.76 10.1
2700.78 0.44
2702.8 0.58
2704.82 0.16
2706.83 3.35
2713.58 1.79
2715.43 2.53
2716.42 4.14
2717.1 5.89
2717.67 1.78
2718.94 0.18
2720.99 0.23
2722.97 0.22
2725.0 0.26
2727.0 0.16
2729.02 0.16
2731.04 0.64
2733.05 0.1
2735.06 0.23
2737.08 0.38
2739.1 4.66
2741.12 0.43
2743.15 10.43
2745.18 0.34
2747.2 0.55
2749.2 0.28
2751.22 0.53
2752.56 0.53
2755.23 1.18
2756.89 0.32
2759.27 0.68
2760.7 1.02
2763.3 0.36
2766.3 2.13
2773.38 0.4
2778.59 2.22
2779.43 3.27
2780.11 4.13
2781.32 4.77
2782.16 5.69
2783.17 0.75
2784.41 0.74
2785.31 2.56
2786.94 1.16
2788.64 1.63
2789.45 1.35
2790.79 3.94
2793.6 0.59
2795.31 0.87
2796.62 1.38
2798.64 0.67
2800.65 0.36
2802.68 5.25
2804.83 0.2
2806.69 0.24
2808.7 0.66
2810.73 0.68
2812.75 0.17
2814.77 0.85
2816.78 0.27
2818.81 0.42
2820.8 5.39
2822.83 0.39
2824.87 0.61
2826.9 0.54
2829.63 0.3
2832.12 1.38
2834.68 0.09
2836.46 2.08
2839.43 1.69
2841.56 4.44
2842.58 6.54
2843.67 0.44
2844.82 1.13
2847.07 0.76
2849.08 6.74
2851.08 0.4
2853.11 0.95
2855.11 0.35
2856.96 1.18
2858.82 1.64
2861.18 0.84
2863.21 0.37
2864.89 0.69
2866.93 0.76
2868.86 1.04
2871.25 2.5
2873.42 3.08
2875.28 4.05
2876.85 3.6
2879.32 4.23
2881.33 0.33
2884.09 1.54
2891.31 2.48
2893.55 1.09
2895.64 0.83
2899.02 0.18
2901.19 1.77
2902.05 1.62
2903.96 1.5
2905.33 3.44
2906.25 2.63
2907.2 5.63
2907.93 0.54
2908.95 1.64
2911.12 0.79
2913.55 1.12
2915.28 4.37
2917.44 2.88
2918.34 4.47
2919.41 5.3
2920.84 4.75
2923.67 0.1
2925.68 0.06
2927.7 0.34
2929.7 4.72
2930.74 0.81
2933.73 0.44
2935.76 7.12
2936.78 0.2
2938.77 0.31
2940.78 0.44
2942.8 0.58
2944.83 4.34
2946.84 0.28
2948.87 0.63
2950.9 1.37
2952.92 0.78
2954.88 1.33
2957.96 0.12
2963.21 0.96
2965.89 0.4
2967.01 2.24
2970.7 1.37
2972.77 3.02
2974.28 3.25
2975.16 2.15
2976.19 4.12
2978.07 0.25
2981.22 0.28
2984.01 3.1
2985.65 4.52
2988.18 0.42
2990.59 1.63
2993.24 0.24
2995.21 3.71
2995.96 3.98
2996.89 1.95
2997.5 6.25
2998.2 0.06
2999.03 0.06
3001.29 0.07
3003.31 0.4
3005.03 2.11
3007.33 1.53
3009.21 0.18
3011.38 5.6
3013.41 6.08
3014.9 0.41
3017.45 4.04
3019.46 4.86
3021.49 6.54
3023.05 0.19
3025.52 1.96
3027.53 5.29
3030.6 1.11
3033.46 4.64
3034.78 0.06
3035.82 0.2
3037.78 0.35
3039.92 0.15
3041.96 2.63
3044.32 2.63
3045.58 2.75
3047.76 4.22
3049.77 4.92
3051.79 3.93
3053.8 0.37
3055.45 0.38
3057.7 0.06
3059.29 0.6
3060.88 2.2
3062.92 2.13
3064.9 3.21
3066.92 4.25
3068.93 6.22
3070.93 0.11
3072.96 0.12
3074.97 6.91
3076.99 1.22
3079.01 0.11
3080.94 0.28
3083.82 0.32
3086.78 1.47
3090.05 2.74
3091.06 4.13
3091.66 5.08
3093.13 5.73
3095.16 2.41
3097.18 0.71
3099.2 4.58
3101.24 0.42
3103.24 0.55
3105.11 0.09
3107.28 3.51
3109.3 5.54
3111.32 0.1
3113.7 0.99
3115.79 4.42
3118.16 4.64
3120.34 0.75
3122.55 0.95
3124.83 0.81
3126.82 1.89
3129.74 1.51
3132.14 1.61
3133.35 1.74
3135.04 2.27
3136.38 4.08
3137.47 4.96
3139.59 0.47
3141.59 0.37
3143.71 0.34
3145.63 6.63
3147.64 6.6
3149.66 0.34
3151.4 4.62
3153.27 0.74
3155.25 0.57
3157.16 0.65
3159.74 7.02
3161.2 0.44
3163.79 1.1
3165.5 0.79
3167.0 1.17
3169.88 1.25
3171.31 0.48
3173.87 1.16
3175.78 0.9
3177.69 1.01
3179.51 0.68
3181.3 4.97
3183.27 1.49
3185.49 2.99
3187.53 3.61
3189.43 0.48
3191.18 0.96
3193.14 1.37
3195.49 4.31
3197.04 4.05
3199.04 2.36
3201.06 4.12
3203.06 3.47
3205.07 0.17
3207.08 0.25
3209.11 1.23
3211.13 0.38
3213.14 0.52
3215.16 1.21
3217.21 0.42
3219.05 1.6
3221.16 2.01
3223.23 5.7
3225.25 0.37
3227.29 0.28
3229.3 0.59
3231.49 1.43
3233.73 4.53
3236.08 4.31
3238.71 0.69
3240.39 0.64
3242.42 0.95
3244.64 1.07
3246.73 1.62
3249.52 4.37
3251.39 4.66
3254.1 0.2
3256.07 3.74
3257.39 4.99
3258.86 6.3
3260.99 1.0
3262.14 3.84
3264.37 1.5
3265.65 0.8
3267.65 0.81
3269.79 5.27
3271.34 1.32
3273.72 0.3
3275.38 1.56
3277.66 1.32
3279.75 1.74
3283.0 2.66
3286.37 1.16
3293.3 0.99
3296.57 0.06
3298.66 1.54
3300.29 0.69
3304.82 0.01
3306.61 0.04
3308.23 0.02
3309.4 0.47
3310.12 0.7
3311.28 0.55
3313.59 0.02
3315.24 0.32
3318.62 0.49
3319.69 0.18
3321.11 0.24
3321.99 0.3
3323.94 0.19
3325.04 0.21
3326.78 0.32
3327.53 0.3
3328.86 0.25
3330.48 0.99
3332.45 1.89
3334.52 3.49
3336.53 3.88
3339.09 2.85
3341.3 0.29
3343.07 2.41
3344.94 6.9
3346.58 0.31
3348.62 0.44
3350.62 0.39
3352.62 0.69
3354.63 0.72
3356.56 4.3
3358.66 0.16
3360.68 0.54
3362.73 1.43
3364.71 1.04
3366.42 0.13
3368.78 2.34
3370.46 1.87
3372.77 0.44
3375.18 4.08
3377.27 4.38
3379.22 0.14
3380.93 0.61
3382.86 1.11
3384.88 0.06
3386.89 0.09
3388.92 0.1
3390.95 4.05
3392.96 0.08
3394.99 0.17
3397.01 0.2
3399.04 0.16
3401.08 6.59
3403.08 0.14
3405.1 0.3
3407.12 0.22
3409.13 1.23
3410.65 1.41
3413.15 1.61
3415.2 3.18
3417.19 0.65
3418.85 1.3
3420.82 9.86
3423.25 2.76
3425.27 0.09
3427.28 0.38
3428.5 7.94
3431.44 0.21
3433.38 0.09
3437.01 1.36
3439.87 1.71
3442.73 2.84
3444.11 4.88
3445.06 1.3
3446.26 0.35
3447.18 0.25
3449.46 0.57
3451.49 0.19
3452.71 1.7
3455.51 4.66
3456.7 0.46
3458.53 0.6
3460.56 2.21
3462.58 4.2
3464.61 0.93
3466.63 1.59
3468.65 1.81
3470.68 1.25
3472.68 4.59
3474.7 0.18
3476.71 0.62
3479.76 1.5
3481.76 0.91
3483.61 4.5
3485.04 3.94
3486.81 3.68
3488.83 0.4
3490.84 0.14
3492.72 0.05
3495.04 2.09
3496.55 5.57
3498.92 0.62
3500.94 0.65
3502.96 4.27
3505.02 0.22
3506.99 0.23
3509.0 2.48
3511.42 1.34
3514.34 4.61
3516.71 5.67
3519.54 0.55
3521.29 0.82
3521.94 0.75
3523.34 0.31
3525.23 0.61
3527.06 1.01
3529.57 4.56
3531.08 3.81
3532.94 4.16
3534.77 4.25
3536.9 0.95
3539.27 1.05
3542.01 0.01
3543.84 0.74
3546.4 2.16
3548.5 0.46
3549.74 3.43
3551.56 0.19
3553.89 0.63
3556.56 1.64
3557.97 0.36
3559.33 2.91
3561.02 0.97
3562.7 0.22
3564.68 0.52
3567.36 3.04
3569.29 1.66
3570.72 1.35
3573.59 3.75
3575.7 1.03
3578.05 2.08
3581.48 4.48
3583.77 4.99
3586.04 0.02
3587.04 0.19
3588.19 0.31
3589.23 6.79
3590.67 4.34
3592.77 3.3
3594.79 1.01
3596.88 4.15
3598.85 3.71
3600.84 3.72
3602.72 4.36
3604.72 0.25
3606.94 1.3
3609.51 0.86
3612.4 1.49
3613.47 4.3
3614.82 0.32
3616.96 1.14
3619.36 1.61
3621.34 4.47
3623.04 3.74
3625.04 1.03
3626.73 3.23
3629.08 4.39
3631.1 6.73
3633.11 0.2
3635.14 0.77
3637.12 1.1
3639.14 0.93
3640.93 0.36
3643.17 1.08
3644.74 2.0
3647.23 0.63
3648.76 1.04
3651.29 0.81
3653.37 0.27
3654.97 0.62
3657.76 0.78
3660.48 3.52
3662.17 1.66
3663.87 0.33
3665.08 2.5
3667.44 0.41
3669.47 4.83
3671.14 0.22
3673.5 1.12
3675.2 0.66
3677.71 1.65
3679.29 0.73
3681.67 1.06
3683.16 4.68
3685.06 1.18
3687.63 0.74
3688.82 0.3
3691.77 7.05
3693.67 7.87
3695.68 5.32
3696.91 0.63
3699.34 0.7
