0.0 52.4
0.53 60.57
1.16 66.76
1.68 77.95
3.24 77.95
5.25 77.95
7.24 77.95
9.24 77.95
11.25 77.95
13.25 77.95
15.24 76.85
17.24 76.77
19.25 77.27
21.25 77.27
23.24 77.27
25.25 79.36
27.24 78.46
29.24 78.46
31.24 78.46
33.25 78.46
35.25 78.46
37.24 78.46
39.24 78.46
41.24 78.46
43.25 78.46
45.24 78.46
47.25 78.46
49.25 78.46
51.25 78.46
53.26 78.46
55.25 78.46
57.24 78.46
59.24 78.46
61.26 78.46
63.21 82.72
65.25 82.72
67.26 82.72
69.24 82.72
71.25 82.72
73.25 82.72
75.24 82.13
77.24 82.13
79.24 82.42
81.24 82.18
83.24 82.18
85.25 82.18
87.23 82.18
89.25 85.96
91.25 85.96
93.24 85.96
95.24 85.96
97.25 85.96
99.25 86.38
101.24 86.38
103.24 86.38
105.25 85.39
107.26 85.39
109.25 85.39
111.23 85.39
113.24 85.39
115.25 85.39
117.24 85.39
119.25 87.81
121.24 87.81
123.26 87.81
125.25 87.52
127.24 87.24
129.25 88.93
131.24 90.63
133.25 89.59
135.25 90.31
137.25 90.31
139.25 90.31
141.25 90.31
143.25 89.38
145.25 89.38
147.26 89.38
149.48 89.38
151.27 89.38
153.49 89.38
155.49 89.38
157.5 56.35
159.49 55.63
161.5 55.63
163.5 59.85
165.5 59.85
167.5 62.31
169.49 67.0
171.5 68.42
173.48 67.99
175.49 67.99
177.5 67.99
179.49 67.99
181.5 67.99
183.5 67.99
185.5 67.99
187.51 67.99
189.49 67.8
191.49 67.8
193.5 67.8
195.5 67.8
197.46 67.8
199.49 67.8
201.5 67.8
203.5 67.8
205.49 67.8
207.49 67.8
209.5 67.8
211.5 67.8
213.49 67.8
215.5 67.8
217.5 67.8
219.49 67.8
221.49 67.8
223.49 67.8
225.5 67.8
227.49 67.8
229.49 67.8
231.5 67.8
233.49 67.8
235.5 67.8
237.5 67.8
239.49 67.8
241.49 67.8
243.5 67.8
245.47 67.8
247.5 67.8
249.49 67.8
251.5 67.8
253.49 45.73
255.49 45.73
257.5 45.18
259.5 45.06
261.49 48.76
263.5 48.76
265.51 48.76
267.5 48.76
269.47 48.76
271.49 48.76
273.5 48.76
275.49 48.76
277.49 48.76
279.49 48.76
281.49 50.32
283.5 52.18
285.51 54.03
287.5 54.03
289.5 54.03
291.5 54.03
293.47 54.03
295.5 54.03
297.49 54.03
