0.0 19.67
1.76 32.68
3.8 32.4
5.83 32.41
7.77 38.36
9.69 37.03
11.74 37.03
13.8 39.56
15.88 39.56
17.7 39.56
19.76 39.56
21.85 39.56
23.94 39.56
25.72 39.56
27.79 39.56
29.88 39.56
31.94 39.56
33.72 39.56
35.82 39.56
37.85 39.56
39.89 42.27
41.97 47.93
43.79 46.28
45.91 46.28
47.73 46.28
49.83 49.24
51.92 45.64
53.95 50.3
55.76 53.65
57.81 58.98
59.86 63.7
61.92 63.7
63.95 63.7
65.77 63.7
67.84 63.7
69.92 63.7
71.98 63.7
73.82 63.7
75.86 63.7
77.96 63.7
79.77 63.7
81.84 63.7
83.89 63.7
85.98 63.7
87.79 63.7
89.86 63.7
91.94 63.7
93.75 63.7
95.85 63.7
97.91 63.7
100.01 63.7
101.84 63.7
103.77 64.13
105.76 62.45
107.85 63.35
109.93 63.35
112.0 63.35
113.8 69.6
115.88 76.94
117.92 76.22
120.04 75.37
121.85 82.89
123.92 83.31
125.78 92.91
127.85 92.91
129.92 92.91
132.0 92.91
134.04 88.07
135.88 95.59
137.94 93.55
140.04 96.58
141.82 96.58
143.91 96.58
146.02 96.58
147.87 94.66
149.94 94.66
152.04 94.66
153.83 94.66
155.92 94.66
157.99 94.66
160.05 94.66
161.88 94.66
163.97 94.66
166.08 94.66
167.86 94.66
169.94 94.66
172.02 94.66
174.09 94.66
175.92 94.66
177.99 94.66
180.02 94.66
182.1 94.66
183.92 94.66
185.97 94.66
188.02 94.66
189.96 94.66
191.87 94.66
193.96 94.66
196.02 94.66
198.07 94.66
199.88 94.66
201.96 94.66
203.99 94.66
206.03 94.66
207.85 94.66
209.93 94.66
211.99 94.66
214.09 94.66
215.91 94.66
217.98 94.66
220.07 94.66
221.89 94.66
223.96 94.66
226.03 94.66
228.11 94.66
229.91 94.66
231.96 94.66
234.04 94.66
236.12 94.66
237.94 94.66
240.0 94.66
242.06 94.66
244.12 94.66
245.91 94.66
248.0 94.66
250.07 94.66
252.12 94.66
253.91 94.66
256.0 94.66
258.06 94.66
260.14 94.66
261.97 94.66
264.03 94.66
266.09 94.66
268.16 94.66
269.98 94.66
272.04 94.66
274.12 94.66
275.97 94.66
278.04 94.66
280.07 94.66
282.16 94.66
284.2 94.66
286.03 94.66
288.09 87.1
290.17 90.53
292.0 96.42
294.08 95.83
296.12 95.83
298.2 95.83
300.0 95.83
302.12 95.83
304.79 95.83
306.01 95.83
308.08 95.83
310.03 71.75
312.17 64.17
314.23 62.31
316.04 62.31
318.11 62.31
320.17 62.31
321.99 1.09
324.05 43.55
326.14 4.22
328.21 74.63
330.0 76.68
332.1 80.35
334.05 84.67
336.01 69.83
338.05 78.91
340.14 87.19
342.2 89.51
344.03 88.61
346.06 76.55
348.14 76.55
350.21 86.32
352.27 86.81
354.1 96.45
356.18 70.24
358.13 70.24
360.08 70.24
362.16 70.24
364.25 70.24
366.09 70.24
368.15 70.24
370.22 70.24
372.04 70.24
374.11 70.24
376.16 70.24
378.22 70.24
380.04 70.24
382.11 70.24
384.13 70.24
386.2 70.24
388.28 70.24
390.06 70.24
392.15 70.24
394.22 70.24
396.05 87.86
398.08 90.59
400.15 91.39
402.25 91.39
404.06 91.39
406.13 91.39
408.21 91.39
410.3 88.26
412.09 88.26
414.15 88.26
416.26 88.26
418.3 88.26
420.13 88.26
422.23 88.26
424.29 88.26
426.11 88.26
428.17 88.26
430.1 88.26
432.29 88.26
434.12 88.26
436.18 88.26
438.26 88.26
440.08 88.26
442.13 88.26
444.16 88.26
446.24 88.26
448.28 88.26
450.33 88.26
452.12 88.26
455.04 88.26
456.24 5.89
458.26 6.35
460.3 6.69
462.13 6.17
464.22 6.68
466.29 7.89
468.34 9.04
470.14 9.09
472.2 10.54
474.27 7.8
476.32 11.58
478.36 5.98
480.15 13.72
482.23 14.14
484.29 7.71
486.34 15.99
488.14 18.18
490.38 16.29
492.27 19.46
494.32 20.69
496.38 23.15
