0.0 0.04
2.14 0.7
2.65 0.11
5.13 3.32
14.27 0.07
14.92 0.61
16.43 0.69
18.23 0.09
19.18 7.85
22.39 0.55
23.19 7.41
25.18 9.23
27.18 5.3
29.15 5.72
31.17 0.11
33.21 10.35
35.21 5.07
37.8 5.23
39.18 7.61
41.18 7.44
43.19 5.95
45.18 7.46
47.18 1.16
49.2 10.36
51.19 12.52
53.18 5.89
55.18 5.59
57.18 8.3
59.18 12.36
61.19 9.63
63.18 12.0
65.18 0.08
67.18 12.71
69.18 8.42
71.18 12.99
73.22 8.51
75.19 9.45
77.18 5.7
79.43 0.33
81.18 9.59
83.18 8.54
85.18 6.98
87.18 7.38
89.18 1.8
91.43 13.35
93.43 3.75
95.44 9.24
97.43 11.36
99.79 2.68
101.39 3.86
103.43 0.05
109.77 0.05
110.55 0.47
111.11 9.43
111.83 6.15
117.25 0.05
118.12 5.84
120.16 3.61
121.05 5.49
123.09 5.33
136.51 5.33
137.34 4.07
137.88 4.07
147.19 0.19
148.93 2.54
149.53 1.94
150.54 1.98
151.88 1.98
152.69 5.27
153.4 4.52
154.82 4.75
155.54 4.47
157.3 0.78
158.96 9.56
160.96 9.38
162.97 9.68
164.96 11.46
166.96 8.62
168.97 11.04
170.96 11.34
172.96 10.0
174.96 10.26
176.96 6.49
178.96 12.0
180.96 12.27
182.96 12.72
184.96 12.33
186.95 12.27
188.96 3.62
190.97 5.64
192.96 2.09
195.06 15.85
196.97 1.91
199.0 6.46
243.32 0.05
243.95 0.54
245.43 0.54
246.21 0.54
247.04 0.54
250.05 0.57
251.09 2.18
253.64 0.35
254.56 1.33
255.23 3.35
255.99 4.36
256.75 5.18
257.77 4.73
259.02 2.52
260.29 7.41
261.62 4.64
263.65 8.78
265.73 6.19
267.73 0.44
270.32 1.98
273.36 6.4
274.34 4.49
275.74 12.18
277.73 13.12
279.96 8.34
281.73 10.08
283.73 13.67
285.74 12.47
287.71 13.3
289.73 14.06
291.91 10.18
301.73 2.91
302.29 6.51
303.49 1.48
304.47 19.63
306.47 16.66
308.47 0.65
310.48 21.57
312.47 3.65
314.49 5.65
316.45 13.36
318.47 17.35
320.47 12.69
322.48 12.73
324.48 19.89
326.47 16.75
328.47 17.41
330.47 13.19
332.47 22.06
334.47 21.89
336.47 21.0
338.47 21.05
340.48 15.04
342.47 18.21
344.48 24.78
346.47 21.47
348.47 23.35
350.47 27.07
352.47 23.75
354.47 27.11
356.48 24.23
358.47 5.05
360.47 17.54
362.47 0.03
364.47 14.36
366.47 5.88
368.47 5.53
370.47 16.87
372.47 19.89
374.47 25.4
376.47 23.12
378.47 15.02
380.47 13.45
382.47 24.19
384.48 23.78
386.47 24.97
388.47 17.59
390.48 21.6
392.47 17.28
394.48 28.27
396.47 0.41
398.47 19.45
400.47 20.31
402.47 27.99
404.5 1.62
406.47 21.17
408.47 18.59
410.48 27.67
412.47 3.34
414.56 0.38
416.47 12.94
418.47 13.9
420.47 21.07
422.48 24.19
424.48 24.22
426.47 15.97
428.47 17.47
430.47 24.78
432.72 2.76
434.72 16.8
436.72 15.76
438.73 16.01
440.76 2.77
442.6 6.21
444.74 20.6
446.73 2.1
451.04 0.3
453.47 3.18
454.76 0.46
456.33 5.22
460.29 0.48
463.63 0.44
466.73 0.88
468.65 2.28
470.77 3.91
471.85 3.3
473.25 4.53
474.45 2.23
475.85 4.61
476.94 4.06
477.68 4.89
478.76 7.33
480.9 1.61
482.65 2.82
484.72 6.93
486.78 8.4
488.76 10.55
490.81 2.23
492.87 6.81
494.82 12.62
496.87 1.41
498.72 4.56
501.93 0.03
504.4 5.27
505.19 8.82
506.72 8.21
508.72 9.85
510.72 15.59
512.76 15.43
514.72 15.43
516.72 15.84
518.82 15.09
521.87 2.04
522.72 8.2
524.73 19.49
526.85 14.78
529.93 1.14
530.74 1.14
532.72 4.53
534.73 1.65
536.91 3.83
538.72 5.38
540.72 0.7
542.72 8.69
544.72 9.29
546.82 13.15
548.72 14.3
550.72 15.2
552.96 0.92
554.72 16.83
556.76 14.7
558.73 2.49
562.79 0.87
565.12 3.36
565.97 5.41
567.77 4.67
569.31 3.34
570.91 6.7
572.76 7.49
574.72 6.1
576.72 9.42
578.76 6.5
580.77 4.57
582.72 3.76
584.72 6.76
586.73 7.63
588.72 6.12
590.72 4.27
592.74 5.59
594.72 13.41
596.72 13.68
598.77 14.04
600.72 15.24
602.73 15.87
606.09 3.27
607.18 1.32
608.73 8.95
610.74 4.78
612.72 13.78
614.72 14.16
616.73 9.14
618.78 13.14
620.72 3.76
622.77 3.5
624.78 3.29
626.78 5.45
628.8 1.39
630.72 14.09
632.73 13.82
634.72 15.92
636.72 16.48
638.73 6.33
640.72 1.82
642.72 15.55
644.78 14.76
646.73 10.36
648.73 13.12
650.72 16.77
652.72 16.46
654.72 8.32
656.72 9.59
658.72 19.44
660.72 19.31
662.78 16.3
664.72 11.95
666.79 2.72
668.74 4.36
670.72 5.11
672.72 10.98
674.72 12.91
676.72 14.68
679.0 14.68
681.18 3.37
682.98 14.57
684.96 14.12
686.98 8.61
688.97 7.25
690.98 14.46
692.97 14.11
694.99 16.11
696.99 12.76
698.97 3.61
700.97 2.08
702.97 10.24
704.98 16.07
706.97 16.07
708.95 16.07
710.97 12.03
712.97 9.02
714.97 8.84
716.98 8.11
718.99 6.21
721.1 6.21
723.0 6.21
724.98 4.44
727.01 8.95
728.98 7.28
730.97 5.95
732.91 7.17
734.97 12.56
736.98 8.53
738.98 4.51
740.97 10.4
742.98 13.95
745.07 2.55
747.01 11.46
748.98 14.22
750.97 15.37
752.97 14.26
754.98 9.03
756.89 9.35
758.97 19.41
761.0 15.8
762.99 0.05
764.97 13.31
766.97 10.66
769.65 19.3
771.18 0.63
772.98 15.37
777.93 0.43
786.37 0.63
787.89 1.15
789.83 0.4
795.51 1.17
796.25 2.59
797.22 2.42
798.34 3.54
799.27 4.05
800.53 3.65
801.22 7.74
801.98 8.63
803.08 5.24
804.95 9.23
806.09 6.17
807.34 4.29
808.68 8.89
810.66 10.28
812.67 10.21
814.66 7.37
816.67 11.87
818.67 8.78
820.69 7.11
822.66 0.88
824.66 11.77
826.93 6.74
828.58 9.15
830.67 8.24
832.66 15.4
834.67 8.31
836.67 13.37
838.66 14.16
840.66 11.72
842.66 19.15
844.67 16.06
846.69 16.06
848.67 1.16
850.66 18.0
852.66 17.72
854.66 21.15
856.66 20.93
858.66 20.87
860.68 20.87
862.74 4.14
864.68 8.38
866.69 10.86
868.67 17.15
870.67 19.08
872.67 10.4
874.72 2.96
876.61 8.42
878.66 9.52
880.66 12.32
882.67 15.23
884.66 10.16
886.67 18.78
888.67 10.89
890.66 18.71
892.67 15.01
894.66 15.25
896.66 18.42
898.67 12.66
900.67 18.96
902.66 11.23
904.68 15.21
906.67 14.72
908.67 0.22
910.67 4.41
912.66 5.39
914.68 6.78
916.67 8.67
918.66 8.95
920.66 9.52
922.91 8.93
924.66 9.39
926.66 12.04
928.91 13.77
930.66 16.22
932.91 16.71
934.67 2.91
936.91 0.03
938.91 12.85
940.91 5.15
942.91 10.36
944.91 19.78
946.93 14.44
948.91 20.79
950.92 13.21
952.91 13.21
954.91 0.06
956.92 16.83
958.91 13.85
960.91 12.52
962.92 14.81
964.85 2.47
966.92 1.1
968.92 2.16
970.92 0.72
972.91 20.93
974.91 23.87
976.91 25.35
978.91 0.1
980.91 17.81
982.96 15.93
985.03 14.2
986.93 13.02
988.91 1.97
990.94 9.15
992.93 3.54
994.91 6.86
996.91 15.07
998.91 11.75
1000.93 1.78
1002.91 1.14
1004.91 16.69
1006.91 13.23
1008.91 19.37
1010.99 15.86
1012.95 4.33
1014.91 13.14
1016.91 0.08
1018.91 17.99
1020.89 13.39
1022.91 5.54
1024.91 20.81
1026.91 2.43
1028.92 10.38
1030.91 19.88
1032.93 14.59
1034.97 14.59
1036.91 9.99
1038.91 18.48
1040.91 19.9
1042.91 0.03
1044.91 21.61
1046.93 21.58
1048.92 16.8
1050.95 16.9
1052.91 21.74
1054.91 22.34
1056.91 21.32
1058.91 21.45
1060.92 15.3
1062.91 9.42
1064.91 0.06
1066.91 11.47
1068.91 13.59
1070.96 8.75
1072.91 12.66
1074.91 14.81
1076.91 15.49
1078.91 17.83
1080.91 14.29
1082.93 20.47
1084.91 19.92
1086.91 17.1
1089.01 2.87
1090.95 0.02
1092.91 3.8
1094.92 10.23
1096.91 6.07
1098.91 10.45
1100.92 13.6
1102.91 13.94
1104.91 17.7
1106.91 2.17
1108.94 20.03
1111.04 5.01
1112.91 1.02
1114.97 4.76
1116.91 4.97
1118.91 19.12
1120.91 19.55
1122.98 23.09
1124.91 23.09
1127.0 18.56
1128.91 0.78
1130.93 14.69
1132.91 5.11
1134.93 28.17
1136.92 24.83
1138.91 24.48
1140.95 16.26
1142.94 2.21
1144.91 0.82
1146.92 15.69
1148.95 0.05
1150.91 5.12
1152.91 4.45
1154.91 28.13
1156.93 24.55
1158.91 0.29
1160.95 27.48
1162.98 2.56
1164.91 24.25
1166.91 29.24
1168.92 14.79
1170.91 18.43
1172.91 20.68
1174.93 3.24
1176.91 11.85
1178.91 27.97
1180.92 18.98
1183.42 1.44
1185.16 5.04
1187.16 2.15
1189.16 28.22
1191.17 21.51
1193.2 7.41
1195.16 25.99
1197.16 21.1
1199.16 19.53
1201.16 27.75
1203.06 21.38
1205.17 27.47
1208.67 27.47
1210.82 11.19
1212.78 3.95
1214.79 18.63
1216.8 18.46
1218.79 16.38
1220.81 7.64
1222.78 4.72
1224.78 23.91
1226.72 21.95
1228.8 17.54
1230.78 17.18
1232.78 27.46
1234.78 27.39
1236.79 23.3
1238.78 13.75
1240.81 1.2
1242.79 0.17
1244.78 11.37
1246.78 15.54
1248.78 8.54
1250.69 14.06
1252.78 11.76
1254.78 0.63
1256.79 1.85
1258.78 14.34
1260.78 8.96
1262.87 10.27
1264.78 7.54
1266.78 1.29
1268.78 12.59
1270.78 17.2
1272.79 16.67
1274.73 15.6
1276.78 5.43
1278.78 10.08
1280.79 16.0
1282.78 9.53
1284.78 11.7
1286.78 21.06
1288.78 15.88
1290.89 10.5
1292.78 4.33
1294.8 4.17
1296.79 9.69
1298.87 11.04
1300.78 10.72
1302.81 8.16
1304.78 10.99
1306.78 13.09
1308.79 14.76
1310.78 14.57
1312.78 10.56
1314.78 18.45
1316.78 14.38
1318.79 14.27
1320.83 5.32
1322.68 9.0
1324.79 13.94
1327.71 5.54
1328.78 1.18
1330.78 22.48
1332.78 16.61
1334.78 26.06
1336.79 25.0
1338.8 27.26
1340.83 2.39
1342.78 1.04
1344.78 22.7
1346.79 27.34
1348.92 23.91
1350.81 3.09
1352.81 0.08
1354.78 14.27
1356.78 11.38
1358.79 20.34
1360.91 2.66
1364.27 1.64
1364.82 15.99
1366.78 18.82
1368.78 23.04
1370.78 21.11
1372.78 22.42
1374.78 26.21
1376.8 5.15
1378.78 22.0
1380.79 4.74
1382.9 21.06
1384.92 2.0
1386.79 7.5
1388.79 21.44
1390.78 14.91
1393.77 10.53
1398.22 1.1
1398.96 7.88
1400.19 0.3
1423.03 2.12
1425.34 1.91
1426.29 9.62
1429.15 2.45
1432.86 1.57
1439.54 0.08
1440.97 2.24
1441.88 4.32
1443.1 5.23
1444.26 5.77
1444.9 6.77
1445.97 3.96
1446.91 7.65
1448.41 7.14
1455.3 1.53
1455.88 4.35
1456.61 3.0
1457.33 4.06
1458.53 1.99
1459.95 2.71
1462.03 5.26
1464.37 2.15
1473.81 0.37
1485.63 0.37
1486.59 5.16
1487.58 5.16
1488.21 2.89
1489.13 1.58
1489.92 5.35
1491.12 1.73
1493.29 2.99
1495.17 6.15
1497.17 2.34
1500.16 2.79
1510.97 1.2
1511.55 3.37
1512.34 2.87
1512.89 2.94
1518.44 0.04
1521.15 0.5
1522.16 1.61
1522.68 2.61
1523.18 4.23
1523.84 3.87
1524.53 2.15
1526.56 1.81
1528.61 4.44
1530.53 2.99
1532.55 4.99
1534.53 5.3
1536.55 4.38
1538.53 6.36
1540.53 6.74
1542.57 5.4
1544.54 6.41
1546.55 8.51
1548.53 8.61
1550.53 8.78
1552.56 8.85
1554.53 4.13
1556.53 4.13
1558.53 9.52
1560.49 5.87
1562.53 6.06
1564.53 6.06
1566.53 9.47
1568.53 9.13
1570.53 6.2
1572.53 8.38
1574.53 9.16
1576.55 5.91
1578.55 11.72
1580.53 12.58
1582.52 8.81
1584.53 8.36
1586.54 8.36
1588.52 12.45
1590.53 12.36
1593.25 9.7
1594.55 6.12
1596.53 10.82
1598.52 9.48
1600.53 8.83
1602.53 12.57
1604.55 12.11
1606.56 5.1
1608.53 11.94
1610.53 11.03
1612.53 6.91
1614.94 1.15
1626.93 0.86
1630.44 0.86
1630.97 0.86
1631.49 1.21
1632.29 1.47
1632.79 5.95
1633.4 9.0
1635.4 7.31
1637.4 6.88
1639.4 8.7
1641.4 0.1
1643.65 0.16
1645.65 14.36
1647.65 7.97
1649.65 7.65
1651.65 7.64
1653.65 11.65
1655.65 7.73
1657.65 14.46
1659.65 14.6
1661.65 17.32
1663.65 17.23
1665.65 4.91
1667.65 16.97
1669.66 12.07
1671.65 10.37
1673.65 19.57
1675.65 19.57
1677.65 18.19
1679.65 8.47
1681.65 19.04
1683.66 19.34
1685.66 0.06
1687.8 14.78
1689.66 0.08
1691.65 11.3
1693.65 18.4
1695.65 2.23
1697.66 13.29
1699.66 14.62
1701.65 11.39
1703.65 16.82
1705.66 10.03
1707.65 16.07
1709.67 16.66
1711.65 14.69
1713.67 16.12
1715.65 9.0
1717.66 5.55
1719.65 0.31
1721.65 4.54
1723.65 10.79
1725.65 10.23
1727.65 15.03
1729.65 0.58
1731.65 13.37
1733.65 18.67
1735.65 18.67
1737.65 18.67
1739.66 9.29
1741.65 9.29
1743.65 10.66
1745.65 20.12
1747.65 19.25
1749.65 16.59
1751.65 12.98
1753.65 15.73
1755.65 14.67
1757.65 15.32
1759.72 12.41
1761.65 3.31
1763.66 19.1
1765.65 13.01
1767.65 6.66
1769.7 15.19
1771.65 0.07
1773.66 2.03
1775.66 11.0
1777.65 6.14
1779.65 10.57
1781.69 8.41
1783.66 1.83
1785.66 3.01
1787.66 6.27
1789.67 6.74
1791.65 12.75
1793.66 7.22
1795.66 0.08
1797.66 9.67
1799.65 4.74
1801.65 8.27
1803.65 13.33
1805.65 0.98
1807.66 4.15
1809.65 4.23
1811.65 18.23
1813.66 16.99
1839.48 0.06
1846.13 0.07
1847.83 0.2
1851.55 0.28
1859.56 0.11
1863.0 0.13
1863.87 0.28
1871.77 0.2
1874.01 0.47
1880.77 0.35
1883.55 0.3
1885.99 0.44
1894.07 0.04
1895.73 0.3
1896.91 0.57
1897.76 0.54
1899.54 0.31
1901.33 0.34
1904.96 0.13
1906.45 0.23
1907.24 0.36
1925.21 0.5
1926.68 0.58
1927.97 0.27
1928.81 0.69
1929.52 0.71
1931.48 0.73
1932.83 0.49
1934.06 0.96
1935.92 0.99
1940.93 0.88
1941.76 0.81
1945.4 1.0
1947.52 0.9
1949.41 0.93
1955.91 0.17
1962.41 0.11
1968.04 0.11
1969.48 0.21
1970.21 0.4
1971.03 0.6
1971.78 0.47
1986.92 0.2
1988.53 0.11
1989.97 0.62
1990.79 1.26
1991.84 2.28
1992.53 2.6
1993.11 2.06
1993.89 4.62
1994.43 5.53
1995.06 5.61
1995.58 6.75
1996.35 4.23
1998.4 7.36
2000.45 7.33
2002.45 5.85
2004.45 5.85
2006.47 9.11
2008.45 9.76
2010.45 10.61
2012.45 9.57
2014.45 8.65
2016.45 10.86
2018.46 11.07
2020.45 12.17
2022.39 7.75
2024.45 8.94
2026.45 11.11
2028.45 8.84
2030.45 10.78
2032.45 14.48
2034.45 8.8
2036.45 13.66
2038.45 4.02
2040.45 14.55
2042.45 16.64
2044.45 11.42
2046.38 4.05
2048.45 13.93
2050.45 18.71
2052.45 16.33
2054.45 16.33
2056.45 19.8
2058.45 16.35
2060.46 17.07
2062.45 13.96
2064.45 20.11
2066.45 16.38
2068.45 0.91
2070.36 11.35
2072.45 0.18
2074.45 18.87
2076.45 16.95
2078.45 1.26
2080.47 14.59
2082.45 12.04
2084.45 18.68
2086.45 14.16
2088.45 11.78
2090.45 13.69
2092.46 19.92
2094.45 19.92
2096.45 19.92
2098.46 17.01
2100.45 5.86
2102.45 18.59
2104.45 15.65
2106.45 14.12
2108.45 15.77
2110.46 19.97
2112.45 0.45
2114.45 20.03
2116.45 14.85
2118.45 16.76
2120.45 16.75
2122.46 16.75
2124.45 12.68
2126.45 7.96
2128.45 13.82
2130.45 17.29
2132.45 17.2
2134.45 22.72
2136.45 20.53
2138.45 19.44
2140.45 15.87
2142.45 17.6
2144.45 24.25
2146.47 21.53
2148.45 21.53
2150.45 21.53
2152.45 13.45
2154.45 12.53
2156.45 13.59
2158.45 20.29
2160.45 1.01
2162.45 15.64
2164.71 18.9
2166.46 18.42
2168.45 15.39
2170.7 0.11
2172.7 16.3
2174.45 21.39
2176.7 16.68
2178.7 13.06
2180.7 13.11
2182.7 17.05
2184.7 18.84
2186.7 20.9
2188.7 17.61
2190.7 5.12
2192.7 16.1
2194.7 14.63
2196.7 0.2
2198.7 23.41
2200.7 22.01
2202.7 22.31
2204.7 23.74
2206.7 19.85
2208.7 26.35
2210.7 23.55
2212.7 18.84
2214.7 18.08
2216.7 28.23
2218.7 28.23
2220.7 0.09
2222.7 0.06
2224.7 4.17
2226.72 24.26
2228.7 24.7
2230.7 24.69
2232.7 19.51
2234.7 0.05
2236.7 26.52
2238.71 16.97
2240.7 25.55
2242.7 26.33
2244.7 26.33
2246.7 0.47
2248.7 28.71
2250.7 25.51
2252.7 8.6
2254.7 16.09
2256.7 16.09
2258.7 5.06
2260.7 16.89
2262.7 14.34
2264.7 19.13
2266.7 17.16
2268.7 16.38
2270.7 17.51
2272.7 21.19
2274.7 21.19
2276.7 15.94
2278.7 9.15
2280.7 18.02
2282.7 21.96
2284.7 18.9
2286.7 7.88
2288.7 2.01
2290.7 13.55
2292.7 13.76
2294.7 10.16
2296.7 16.4
2298.71 17.84
2300.71 16.29
2303.23 23.19
2305.33 0.52
2306.7 0.6
2309.66 1.75
2310.83 2.48
2312.74 6.8
2314.82 5.03
2316.71 6.36
2318.72 4.99
2320.71 4.66
