0.0 0.28
3.9 0.1
6.54 0.27
8.06 0.97
10.36 0.5
14.49 0.55
15.32 0.03
19.17 0.3
20.35 0.2
21.85 0.33
23.31 0.61
24.67 0.11
27.17 0.3
29.95 0.23
32.45 0.79
35.59 0.8
36.22 1.11
40.33 0.72
44.53 1.09
48.81 0.56
50.92 0.55
51.72 0.91
52.53 0.79
57.16 1.1
60.41 0.15
61.38 0.71
65.68 0.97
69.07 0.4
69.86 0.18
71.3 0.24
73.35 0.73
74.29 0.13
79.27 0.03
79.96 1.08
92.44 0.34
93.01 0.48
93.89 0.49
95.15 0.16
98.47 0.19
100.12 0.1
102.83 0.05
105.31 0.14
107.73 0.14
108.33 0.86
109.24 0.87
110.08 0.17
115.65 1.2
117.53 0.08
118.06 0.55
118.84 0.36
120.64 0.07
122.57 1.45
131.26 0.59
132.03 0.81
134.0 0.03
136.59 0.73
138.25 0.27
139.75 0.69
141.34 0.28
142.79 0.05
144.73 0.41
150.3 0.62
154.1 1.25
156.9 0.73
159.77 0.18
162.03 0.44
165.02 0.4
166.52 0.29
172.62 0.41
173.28 0.67
175.49 0.4
178.27 0.98
179.92 0.49
181.65 0.15
182.31 1.09
185.05 1.1
187.49 0.02
191.28 0.07
194.38 0.79
195.48 0.74
201.2 0.79
203.05 0.87
203.69 0.15
205.65 0.37
206.18 0.71
207.02 0.44
207.81 0.72
209.29 0.86
213.68 0.2
214.74 0.28
216.8 0.26
218.35 0.32
219.6 0.54
220.16 0.2
222.13 0.67
225.24 0.04
225.98 0.88
228.6 0.24
229.98 0.35
230.95 0.71
232.64 0.04
242.19 0.14
250.41 0.25
252.54 0.72
253.9 0.44
255.56 0.97
258.27 1.45
262.22 0.69
264.48 1.08
266.35 0.11
269.31 0.97
274.54 0.18
279.25 0.47
280.28 0.5
283.07 0.41
286.53 0.59
289.12 1.04
291.1 0.97
292.56 1.11
295.17 0.13
296.74 1.23
301.29 0.29
302.99 0.19
305.74 0.31
306.8 0.54
307.98 0.28
312.1 0.2
315.71 0.87
317.91 0.87
319.99 0.11
321.46 1.09
322.03 0.54
323.03 0.12
325.63 0.82
327.1 1.36
327.69 0.68
332.35 0.73
337.07 0.24
345.41 0.44
349.55 0.32
352.81 0.96
354.2 0.98
357.07 0.72
358.75 0.82
361.42 1.09
366.5 0.15
367.91 0.18
370.29 0.28
371.01 0.68
372.83 0.55
373.74 0.11
376.89 0.91
377.67 0.65
378.49 0.79
380.86 0.72
382.58 0.87
384.52 0.66
386.57 0.98
390.3 0.28
391.3 0.78
393.82 1.01
394.83 0.11
396.09 0.39
399.75 0.11
401.65 0.27
402.99 0.97
407.85 0.79
409.6 0.24
413.0 0.11
414.26 0.41
420.38 0.18
427.3 0.54
429.11 0.65
430.7 0.27
432.56 0.03
433.58 1.09
436.42 0.47
439.91 1.23
440.9 0.62
441.48 0.15
443.74 0.55
446.71 0.31
448.7 0.1
451.86 0.17
452.65 0.25
453.95 0.71
455.51 1.08
456.71 0.18
459.02 0.97
461.27 0.29
462.71 0.28
464.27 0.41
465.06 1.24
469.38 0.89
472.51 0.79
473.61 0.97
475.63 0.1
477.84 1.09
479.21 1.09
480.86 0.82
482.35 0.14
486.18 0.16
488.94 0.14
491.49 1.08
493.89 0.44
494.94 0.97
499.08 0.39
500.41 0.4
502.37 1.09
505.01 0.36
506.9 1.21
511.7 0.39
512.74 1.14
514.06 0.94
515.49 1.08
517.99 0.27
519.7 0.18
521.9 0.11
526.26 0.03
527.21 0.97
530.62 0.54
532.01 0.03
532.96 0.82
534.43 0.97
538.23 0.16
542.54 0.22
543.14 0.29
543.66 0.73
545.73 1.09
547.86 0.49
549.45 1.21
552.25 0.55
555.75 0.72
557.13 0.23
557.73 0.48
562.13 0.19
564.42 0.14
567.68 0.69
568.71 0.84
570.24 0.09
572.91 0.24
577.86 0.97
578.72 0.98
580.61 0.2
582.87 0.13
586.99 0.87
589.3 0.97
590.6 0.63
593.21 0.34
595.69 0.33
597.47 0.65
601.08 0.88
602.5 0.93
604.25 0.16
608.09 0.91
610.81 1.24
611.66 1.11
614.67 0.86
616.16 0.14
618.09 0.5
619.26 0.34
624.61 0.97
628.05 0.97
631.5 0.32
633.11 0.24
635.82 0.96
637.32 1.25
639.01 1.02
642.86 0.5
645.8 0.36
650.15 0.66
652.17 0.99
655.7 0.17
660.69 0.57
663.31 0.97
666.28 0.54
671.74 0.2
675.88 1.25
677.13 0.31
680.23 0.39
681.44 0.72
682.18 0.26
685.42 0.3
689.29 0.8
690.28 1.37
692.65 0.98
695.09 0.69
699.66 0.32
703.54 0.36
705.8 1.23
706.92 1.27
708.05 1.21
710.15 0.41
712.33 0.26
715.33 0.22
716.23 0.25
717.8 0.54
719.01 0.58
722.41 0.55
723.95 1.49
724.82 1.07
728.08 0.87
728.85 1.09
730.96 0.13
733.68 0.09
734.85 0.14
738.9 0.31
740.03 1.09
740.79 0.97
741.83 1.1
743.01 0.5
746.77 0.59
749.5 0.22
753.47 0.23
754.59 0.8
760.29 0.09
764.14 0.39
765.01 0.59
766.31 0.03
768.24 0.97
772.43 0.19
775.31 0.97
777.15 0.18
778.14 0.6
779.13 1.08
780.74 0.96
782.0 0.28
785.78 0.37
787.08 1.09
788.33 0.41
790.17 1.29
794.02 0.82
794.73 0.97
796.18 1.09
799.71 1.23
801.07 1.17
802.41 0.77
804.22 1.43
804.77 1.11
806.82 0.03
808.46 0.85
811.38 1.09
815.51 0.11
819.42 0.54
824.95 1.35
828.03 0.13
829.98 0.11
830.82 0.91
831.41 0.9
832.19 0.3
836.05 0.22
838.98 0.03
841.99 0.11
844.15 0.46
845.93 1.09
847.77 0.26
849.49 0.27
851.89 1.01
855.55 0.82
860.83 0.08
863.23 0.88
864.36 0.59
867.61 0.03
870.2 0.11
871.64 1.01
873.72 0.18
875.32 0.32
877.31 0.24
878.13 0.97
881.89 0.07
884.13 0.39
885.03 0.14
886.25 0.03
889.61 0.35
890.46 0.27
892.06 0.12
893.03 0.47
902.17 0.33
903.55 0.11
905.09 0.03
905.89 0.13
909.44 0.98
910.38 0.73
911.09 0.55
913.96 0.23
915.06 1.08
919.55 0.24
921.77 0.72
922.99 1.09
923.94 0.11
924.79 0.27
928.53 1.09
934.49 0.15
938.17 0.16
939.57 0.54
942.7 0.86
945.57 0.44
946.15 0.4
947.26 0.49
950.16 0.2
952.97 1.17
954.6 0.36
956.67 0.18
957.61 0.14
962.83 0.82
964.28 0.98
965.43 0.6
966.25 0.43
972.83 0.54
973.8 0.78
974.94 0.82
975.6 0.98
976.48 0.11
980.34 0.97
981.7 0.1
987.88 0.16
989.56 0.28
990.16 0.59
991.82 0.54
992.5 0.13
996.16 0.03
999.09 0.54
1000.89 0.1
1003.33 0.33
1004.19 1.21
1006.88 0.87
1008.35 0.26
1011.57 0.23
1012.87 0.17
1014.0 0.17
1015.79 0.93
1016.73 0.74
1020.21 0.87
1022.02 0.19
1024.37 0.86
1029.93 0.15
1032.09 0.15
1033.52 0.69
1035.2 0.49
1037.09 0.41
1042.18 0.16
1042.96 0.16
1045.95 0.16
1047.33 0.28
1048.8 0.37
1049.81 0.28
1050.74 0.79
1052.51 1.09
1053.26 0.03
1061.83 0.16
1068.05 0.26
1070.03 0.13
1071.57 0.41
1072.65 1.09
1077.62 0.42
1081.99 0.39
1087.84 0.15
1094.02 0.56
1098.67 0.28
1104.38 0.26
1107.88 0.11
1111.81 0.43
1113.63 0.8
1117.73 0.15
1119.33 0.35
1121.05 0.55
1125.01 0.2
1126.72 0.2
1128.0 0.17
1130.77 0.47
1131.28 0.93
1132.28 0.86
1134.27 1.09
1136.63 0.09
1138.76 0.22
1143.7 0.33
1144.97 0.32
1148.23 0.8
1149.13 0.78
1150.86 0.86
1153.71 0.63
1155.29 0.55
1157.16 0.79
1158.08 0.58
1159.0 0.66
1164.05 0.04
1165.74 0.11
1168.22 0.87
1170.52 0.99
1171.66 0.5
1174.43 1.01
1175.36 1.01
1179.68 1.07
1181.3 0.97
1183.86 0.93
1185.48 0.71
1189.31 0.13
1191.37 0.73
1193.24 0.53
1195.29 0.13
1197.61 0.23
1200.42 0.28
1203.34 0.71
1204.56 0.73
1206.44 1.09
1207.44 0.57
1208.36 1.21
1209.34 0.83
1210.56 0.15
1214.05 0.81
1221.33 0.13
1222.71 0.13
1224.82 1.02
1228.21 0.09
1228.96 0.73
1230.88 0.75
1234.79 0.2
1236.95 1.01
1238.27 1.21
1240.93 1.23
1242.96 0.97
1243.52 1.09
1246.16 0.11
1252.63 0.2
1254.71 0.18
1256.4 0.2
1257.99 0.39
1259.15 0.5
1262.85 1.18
1267.35 0.09
1268.86 0.2
1270.12 0.25
1272.15 0.2
1272.78 0.6
1273.94 1.02
1279.5 1.09
1283.08 0.56
1284.58 0.78
1286.76 0.61
1288.59 0.4
1290.09 1.21
1291.47 0.99
1295.61 0.18
1301.84 0.55
1305.47 0.11
1306.56 0.82
1307.69 0.97
1308.19 0.58
1309.43 1.12
1311.93 0.51
1314.19 0.92
1315.3 0.89
1320.89 0.32
1322.5 1.01
1324.28 0.61
1328.28 0.18
1332.54 0.18
1333.96 0.83
1334.81 0.37
1335.65 0.5
1337.11 0.19
1339.34 0.5
1340.17 0.12
1346.23 0.21
1351.0 0.55
1354.71 0.16
1357.11 0.76
1360.27 0.12
1361.05 0.68
1363.67 0.77
1366.64 0.66
1367.23 1.09
1368.03 1.09
1369.22 1.28
1370.91 0.11
1378.72 0.34
1379.72 1.37
1382.04 1.09
1384.41 0.24
1386.41 1.12
1391.82 0.39
1396.23 0.11
1398.35 0.15
1403.13 0.25
1405.95 0.64
1407.18 1.09
1410.51 0.97
1411.85 0.48
1413.61 0.15
1414.87 0.5
1421.76 0.73
1424.05 0.2
1425.32 0.16
1428.27 0.67
1432.27 0.67
1434.56 1.45
1441.1 0.44
1443.77 0.79
1446.99 0.97
1449.48 0.03
1452.0 0.97
1456.91 0.13
1462.28 0.95
1465.84 0.11
1469.74 0.41
1472.77 1.18
1477.76 0.52
1480.12 0.6
1483.41 0.12
1487.93 0.1
1489.74 0.52
1491.58 0.48
1492.7 1.09
1493.2 0.96
1496.17 0.5
1497.97 1.45
1501.96 0.44
1506.64 0.2
1509.78 0.2
1510.43 0.27
1511.82 0.44
1512.78 0.45
1513.45 1.12
1515.37 0.63
1516.98 0.92
1519.0 0.6
1519.79 1.21
1521.94 0.86
1525.19 0.8
1528.21 1.06
1530.98 0.46
1532.09 0.41
1533.89 0.54
1538.57 0.47
1540.18 0.65
1542.07 0.81
1545.55 0.27
1548.16 0.67
1552.48 0.14
1556.01 0.16
1559.2 1.08
1561.31 0.83
1562.13 0.87
1565.22 0.09
1567.22 0.2
1568.45 0.12
1569.15 0.24
1569.82 0.59
1570.88 0.93
1577.52 0.18
1582.9 0.57
1585.08 0.93
1587.18 0.97
1588.48 0.08
1589.68 0.71
1590.65 0.45
1592.27 0.34
1594.38 1.08
1601.46 0.22
1602.24 0.25
1603.01 0.24
1604.98 0.41
1606.48 0.11
1607.2 0.95
1608.3 0.33
1612.91 0.22
1614.81 0.36
1616.27 1.23
1617.71 0.03
1618.54 1.14
1620.82 0.03
1623.37 0.25
1624.29 0.95
1626.55 1.1
1628.2 0.76
1631.5 0.73
1632.5 1.09
1635.62 0.51
1639.68 0.57
1643.36 0.56
1646.56 0.55
1648.51 0.44
1651.42 0.2
1653.52 0.38
1654.3 0.97
1655.82 1.09
1662.51 0.46
1663.32 0.13
1664.67 0.19
1666.15 0.14
1670.95 1.17
1672.55 0.4
1673.95 0.71
1676.14 0.54
1677.45 0.76
1678.98 1.09
1680.26 0.11
1683.06 1.01
1687.64 0.22
1688.85 0.17
1691.22 0.12
1691.89 0.31
1693.11 0.24
1693.98 0.58
1700.04 0.22
1703.03 0.44
1704.85 0.56
1705.8 1.22
1710.01 1.12
1713.37 0.27
1713.92 0.86
1716.43 0.18
1719.92 0.33
1722.45 0.71
1727.27 0.18
1732.24 0.65
1735.12 0.5
1740.41 0.94
1745.28 0.73
1748.72 0.97
1751.3 0.03
1755.1 0.87
1756.89 0.14
1760.81 0.09
1765.59 0.4
1770.64 0.15
1775.44 0.15
1779.17 0.03
1781.45 1.09
1786.77 0.43
1792.56 1.09
1797.15 0.47
1799.29 0.78
1803.15 0.16
1808.28 0.03
1811.5 0.81
1813.37 0.89
1817.5 0.03
1821.8 1.15
1824.05 0.03
1825.62 1.41
1829.9 0.15
1832.77 0.15
1834.84 0.57
1836.09 0.87
1838.03 0.58
1841.67 0.41
1843.68 0.27
1846.18 0.25
1847.92 0.12
1849.63 0.43
1852.06 0.64
1853.66 0.65
1855.67 0.81
1857.06 0.1
1860.02 0.97
1861.5 0.03
1862.34 1.0
1863.48 0.73
1865.88 0.11
1869.8 0.24
1871.82 0.16
1874.1 0.94
1875.77 0.2
1876.75 0.87
1879.8 0.79
1882.97 1.09
1886.18 0.18
1888.06 0.18
1889.24 0.24
