0.0 0.35
2.87 0.76
4.51 0.22
12.76 0.11
15.64 0.24
16.74 0.6
18.47 0.83
19.71 0.07
25.71 0.47
26.51 0.87
27.03 0.97
30.63 0.88
34.01 0.44
34.74 0.15
38.27 0.14
41.82 0.73
43.95 0.24
46.53 0.22
49.77 0.2
51.5 0.62
52.14 0.86
54.12 0.4
55.91 0.87
58.25 0.43
58.77 0.89
62.64 0.77
65.02 0.68
66.53 0.92
67.69 0.4
69.85 0.54
74.02 0.17
76.92 0.22
78.93 0.98
81.33 0.4
81.87 0.65
83.31 0.68
85.66 0.41
88.83 0.58
89.7 0.62
91.74 0.83
93.09 0.06
94.86 0.51
95.5 0.67
98.57 0.3
100.77 0.5
102.0 0.81
102.86 0.18
104.49 0.23
106.15 0.55
109.27 0.79
109.97 0.44
110.48 0.48
111.83 0.67
113.94 0.93
119.17 1.0
123.08 0.27
123.58 0.58
124.61 0.33
125.96 0.77
127.61 0.03
129.62 0.84
132.53 0.55
133.89 0.85
136.86 0.62
137.6 0.57
139.61 0.07
142.74 0.27
143.98 0.74
146.54 0.58
147.6 0.8
151.6 0.49
152.82 0.73
155.11 0.07
160.11 0.18
161.32 0.62
163.08 0.07
164.0 0.66
165.49 0.26
168.03 0.07
176.16 0.15
177.9 0.43
178.48 0.43
179.92 0.41
180.78 0.82
181.81 0.68
185.02 0.71
187.36 0.67
190.75 0.79
192.83 0.41
194.81 0.97
196.81 0.62
198.82 0.96
200.81 0.91
202.85 0.31
204.94 0.2
208.48 0.68
211.61 0.66
216.21 0.57
221.11 0.67
224.79 0.63
226.2 0.44
229.58 0.08
231.3 0.81
233.31 0.31
234.19 0.58
235.62 0.35
236.58 0.47
238.31 0.06
239.75 0.3
242.29 0.06
245.08 0.38
247.54 0.54
250.87 0.58
252.87 0.51
255.44 0.07
257.94 0.03
262.5 0.55
265.86 0.54
268.36 0.55
270.72 0.33
272.16 0.27
273.29 0.73
275.55 0.08
277.29 0.03
278.35 0.54
281.12 0.61
282.43 0.62
317.4 0.03
325.06 0.12
