0.0 34.6
1.91 5.14
3.9 37.38
5.9 36.42
7.9 38.77
9.9 39.41
11.91 35.68
13.91 39.09
15.91 32.67
17.91 39.29
19.9 37.32
21.9 36.63
23.9 33.75
25.9 33.07
27.91 39.34
29.91 30.22
31.91 35.67
33.91 37.31
35.91 49.62
37.9 37.75
39.9 38.21
41.9 37.97
43.9 40.98
46.0 39.16
48.0 40.46
49.91 36.48
51.91 36.84
53.91 38.27
55.9 41.32
57.9 37.68
59.9 37.86
61.92 38.49
63.91 35.65
65.91 38.92
67.91 40.59
69.91 42.87
71.9 38.97
73.9 35.75
75.9 37.24
77.9 32.7
79.91 42.05
81.92 38.92
83.91 36.86
85.91 41.17
87.92 41.32
89.9 41.38
91.9 43.94
93.9 43.52
95.92 39.89
97.91 31.36
99.91 40.84
101.91 41.16
103.91 39.99
105.91 42.74
107.9 31.51
109.9 41.12
111.9 42.39
113.92 42.63
115.91 42.46
117.91 37.8
120.0 41.92
122.02 6.66
123.91 43.38
125.91 41.79
127.9 43.83
129.92 37.53
131.92 39.56
133.91 15.03
135.91 39.42
137.91 39.73
139.91 31.89
141.9 31.68
143.9 40.82
145.9 29.08
147.92 29.08
149.91 39.96
151.91 37.23
153.91 34.58
155.91 30.71
157.91 39.79
159.91 32.8
161.9 36.77
163.9 38.15
165.92 31.1
167.92 42.55
169.91 26.97
171.91 38.11
173.91 27.07
175.91 32.62
177.9 42.5
179.9 37.88
181.92 39.02
183.92 37.25
185.91 39.28
187.91 40.2
189.91 31.52
191.91 48.3
193.98 2.27
195.9 45.07
197.92 32.14
199.92 34.38
201.91 31.63
203.91 37.93
205.91 40.6
207.91 5.64
209.91 34.69
211.9 32.08
214.15 38.55
215.92 42.17
217.92 37.61
219.92 43.81
222.16 34.76
224.16 38.2
226.01 40.06
228.16 39.67
230.16 39.43
232.17 34.37
234.17 36.37
236.16 35.57
238.17 30.27
240.16 42.61
242.16 44.79
244.16 34.61
246.15 40.12
248.15 34.47
250.01 38.68
252.16 40.79
254.16 38.46
256.17 42.64
258.17 34.27
260.16 40.5
262.16 22.19
264.16 21.89
266.17 24.79
268.17 22.06
270.16 29.47
272.16 7.6
274.07 29.21
276.16 26.64
278.16 34.56
280.16 27.06
282.15 25.07
284.17 20.97
286.17 28.25
288.17 24.14
290.17 32.61
292.16 22.25
294.16 20.79
296.16 30.05
298.03 20.43
300.17 28.48
302.17 28.18
304.17 28.06
306.17 23.36
308.16 26.0
310.16 29.4
312.16 11.73
314.16 35.84
316.16 30.8
318.17 33.9
320.17 33.64
322.02 35.86
324.16 32.89
326.16 41.21
328.16 29.36
330.16 35.22
332.16 34.53
334.17 42.13
336.17 31.21
338.17 42.24
340.17 41.59
342.16 12.7
344.16 40.87
346.16 16.32
348.16 38.85
354.25 32.4
354.92 36.24
355.67 39.7
357.67 36.11
359.66 38.66
361.66 36.43
363.66 40.75
365.66 40.68
367.67 40.81
369.67 42.7
371.67 43.61
373.67 34.98
375.66 37.53
377.66 32.58
379.66 41.52
381.66 42.92
383.66 44.53
385.67 35.29
387.67 35.96
389.67 36.24
391.67 41.45
393.66 30.28
395.66 38.74
397.66 34.44
399.66 36.5
401.66 41.29
403.67 41.1
405.67 33.9
407.67 26.26
409.67 5.37
411.66 37.04
413.66 39.3
415.66 29.59
