0.0 0.26
0.65 1.42
1.66 0.12
2.28 2.05
3.29 0.04
4.07 2.44
5.36 1.94
6.06 0.66
7.91 2.46
8.73 0.15
9.99 1.28
12.11 1.43
13.15 1.61
15.14 0.06
17.15 0.11
19.17 2.78
21.15 3.31
23.15 1.85
26.8 0.04
27.94 5.65
29.13 0.05
31.16 0.33
33.19 2.51
35.16 2.51
37.18 0.23
39.18 4.18
41.21 0.14
43.18 0.99
45.18 5.93
47.17 8.8
49.2 0.09
51.16 0.44
53.18 0.17
55.26 3.07
57.18 0.13
59.17 0.27
61.18 0.12
63.17 10.47
65.18 0.13
67.17 2.06
69.18 5.03
71.18 2.24
73.95 10.78
75.16 1.62
77.2 0.08
79.47 3.5
81.33 4.77
83.2 0.22
85.22 4.33
87.17 8.49
89.18 8.29
91.17 2.08
93.18 0.29
95.16 4.17
97.33 0.39
99.16 0.43
101.21 0.09
103.17 2.5
105.21 0.13
107.25 0.24
109.43 2.45
111.18 2.94
113.27 2.94
115.17 0.04
117.76 0.37
120.19 1.84
121.96 0.97
123.35 0.92
125.79 2.1
127.93 3.83
129.19 0.53
131.43 3.49
136.85 0.23
140.08 5.19
142.25 2.32
143.87 0.55
146.03 0.18
147.41 0.1
149.15 0.6
150.17 5.18
151.59 9.06
152.97 0.16
154.05 10.77
155.88 11.83
157.32 7.91
159.8 8.09
161.41 0.88
163.42 0.12
165.42 0.58
167.49 5.13
169.4 10.04
171.42 1.89
173.5 0.52
175.42 0.31
177.41 3.43
179.43 0.64
181.25 3.59
183.42 1.07
185.4 0.47
187.63 0.1
189.4 0.89
191.43 16.11
193.42 0.84
195.42 0.49
197.5 10.65
199.43 0.16
203.0 7.68
203.9 13.13
205.68 0.22
207.49 0.06
209.52 1.93
211.42 0.06
213.41 1.33
215.42 2.46
217.41 4.2
219.67 0.88
221.54 0.03
223.43 1.21
225.41 7.93
227.71 0.26
229.41 11.39
231.42 12.09
233.41 17.27
235.42 0.33
237.41 6.3
239.42 5.02
241.41 11.98
243.43 0.14
245.41 1.21
247.45 0.23
249.91 6.89
251.42 2.09
253.4 1.98
255.43 0.77
257.84 0.12
259.42 0.3
261.4 0.27
263.43 2.32
265.41 7.18
267.42 0.35
269.55 0.07
271.63 0.06
273.41 3.69
275.46 7.02
277.4 0.03
279.54 2.35
281.55 1.88
283.45 0.2
285.43 0.81
287.43 2.08
289.41 2.42
291.44 0.16
293.4 0.47
295.58 3.52
297.41 1.89
299.45 0.04
301.41 0.31
303.44 6.39
305.57 0.03
307.5 0.06
310.08 0.13
312.98 0.3
314.52 0.47
315.99 0.63
317.41 6.54
319.43 0.11
321.6 11.9
323.42 7.65
325.42 7.65
327.42 0.37
329.96 0.25
331.53 4.55
333.41 0.72
335.43 13.06
337.41 0.43
339.42 14.51
341.47 7.53
343.42 8.38
345.42 0.02
347.51 0.85
349.9 0.66
351.49 2.24
353.43 0.42
355.42 6.22
357.6 0.58
359.43 3.26
361.67 0.1
363.55 2.05
365.67 17.76
367.43 0.03
369.67 0.04
371.76 0.16
373.68 1.65
376.38 0.04
379.75 0.09
382.26 0.23
384.39 0.25
385.23 4.72
386.09 8.58
388.43 9.4
389.45 0.62
391.69 8.63
393.66 0.06
395.69 0.24
397.66 13.5
399.67 0.27
401.67 6.51
403.65 2.84
405.65 0.88
407.65 2.62
409.65 0.12
411.65 6.28
413.65 0.26
415.65 12.75
417.48 0.02
419.66 0.05
421.65 2.58
423.65 0.95
425.65 13.68
427.7 0.15
429.71 1.33
431.5 0.07
433.66 0.34
435.65 0.27
437.73 3.11
439.66 0.29
441.65 2.84
443.65 5.12
445.66 1.83
447.65 0.22
449.65 1.15
451.65 0.04
453.66 0.21
455.67 2.7
457.7 2.7
459.65 2.7
461.66 1.68
463.83 0.06
465.66 0.1
467.66 1.75
469.66 1.86
471.65 0.33
473.66 1.66
475.66 1.02
477.67 0.05
479.66 0.6
483.07 0.03
486.08 2.73
489.13 0.21
490.6 2.1
491.33 1.19
491.94 0.36
493.65 0.93
495.67 0.23
497.65 3.05
499.66 5.45
501.79 6.84
503.65 7.61
506.26 0.25
507.81 8.01
509.67 9.88
511.66 1.42
513.65 0.04
515.68 0.93
517.67 13.55
