0.0 28.45
2.01 370.72
4.02 21.09
6.02 234.22
8.02 380.69
10.01 26.02
12.04 328.59
14.02 25.4
16.01 305.94
18.01 52.63
20.02 0.03
22.01 379.35
24.01 24.69
26.01 359.15
28.01 25.04
30.02 277.33
32.0 64.66
34.01 21.83
36.0 85.56
38.02 8.87
40.0 210.63
42.0 210.63
44.0 46.11
46.0 46.11
48.0 24.63
50.0 120.46
52.0 20.82
54.0 203.72
56.0 203.72
58.0 9.06
60.0 119.09
62.0 25.16
64.0 94.57
66.0 115.6
68.0 133.05
70.0 110.36
72.0 128.66
74.25 114.17
76.25 29.39
78.25 135.37
80.25 153.11
82.25 113.84
84.25 143.85
86.25 24.73
88.25 152.3
90.03 151.91
92.25 174.43
94.26 191.06
96.25 27.82
98.25 182.25
100.26 31.69
102.25 224.4
104.25 261.82
106.26 170.8
108.26 135.08
110.25 25.54
112.25 222.99
114.04 24.91
116.26 237.64
118.25 231.95
120.25 25.35
122.26 271.38
124.25 24.82
126.25 236.18
128.26 300.13
130.25 264.87
132.25 213.65
134.25 25.11
136.25 134.33
138.26 20.46
140.25 240.31
142.25 233.0
144.25 22.88
146.25 243.37
148.25 20.58
150.26 282.46
152.26 0.4
154.25 200.09
156.25 230.17
158.25 24.8
160.25 272.06
162.25 24.73
164.25 333.5
166.25 255.21
168.25 25.7
170.25 267.28
172.25 27.4
174.25 308.66
176.25 74.45
178.25 291.31
180.25 260.69
182.25 22.0
184.25 187.26
186.25 25.16
188.25 91.1
190.25 244.38
192.25 20.57
194.25 291.0
196.25 20.44
198.25 298.72
200.25 219.11
202.25 263.24
204.25 213.19
206.25 27.01
208.25 298.33
210.25 17.73
212.25 29.94
214.25 279.46
216.25 9.71
218.25 356.41
220.25 25.36
222.25 243.27
224.25 309.95
226.25 291.05
228.26 262.83
230.25 20.55
232.25 310.54
234.25 25.57
236.25 153.02
238.25 205.67
240.25 10.26
242.25 196.46
244.25 20.58
246.25 208.81
248.25 302.33
250.25 266.66
252.25 81.61
254.25 25.52
256.25 345.33
258.25 30.58
260.25 292.17
262.25 296.01
264.25 24.81
266.25 241.88
268.25 25.54
270.25 225.48
272.25 300.02
274.25 339.97
276.25 291.47
278.25 26.08
280.25 263.08
282.25 13.69
284.25 307.04
286.25 276.91
288.25 25.55
290.25 293.83
292.28 24.65
294.25 390.21
296.25 360.56
298.26 391.42
300.26 38.86
302.25 18.66
304.26 315.5
306.26 25.86
308.26 67.44
310.26 252.3
312.27 24.61
314.26 180.15
316.26 25.28
318.26 340.96
320.26 406.36
322.26 1.46
324.26 56.87
326.26 18.03
328.26 352.56
330.26 25.28
332.26 240.09
334.5 285.02
336.51 25.43
338.5 285.14
340.5 25.02
342.5 370.83
344.5 345.56
346.5 371.58
348.5 353.84
350.51 25.54
352.5 256.08
354.5 20.61
356.5 85.63
358.5 345.08
360.5 21.0
362.5 387.78
364.5 21.53
366.51 177.69
368.5 341.16
370.54 378.83
372.5 363.72
374.5 18.24
376.51 371.47
378.5 25.18
380.5 370.0
382.5 154.15
384.5 24.4
386.5 374.25
388.5 25.46
390.5 455.29
392.5 193.67
394.5 138.06
396.5 145.43
398.5 15.93
400.5 365.08
402.5 24.91
404.5 358.95
406.5 32.83
408.53 143.8
410.52 244.43
412.5 25.73
414.5 290.7
416.5 288.87
418.5 296.76
420.5 328.58
422.5 25.22
424.5 344.65
426.5 25.33
428.5 304.66
430.5 198.66
432.5 25.52
434.5 106.53
436.54 9.11
438.5 317.75
440.5 260.14
442.5 297.56
444.5 233.74
446.5 25.41
448.5 228.17
450.5 21.12
452.5 275.51
454.5 227.94
456.5 291.17
458.5 180.45
460.5 25.11
462.5 279.27
464.5 347.31
466.5 6.68
468.5 0.99
470.5 27.12
472.5 325.43
474.53 25.53
476.5 330.81
478.5 229.73
480.5 25.32
482.5 251.34
484.5 25.53
486.5 197.78
488.5 357.35
490.51 236.61
492.5 57.56
494.5 24.71
496.5 264.54
498.5 25.12
500.5 0.37
502.5 327.55
504.5 25.34
506.5 306.06
508.5 21.58
510.5 153.13
512.5 371.92
514.5 315.56
516.5 355.19
518.5 25.53
520.5 326.58
522.5 24.68
524.5 272.94
526.5 323.88
528.5 21.49
530.5 247.44
532.5 21.34
534.5 14.18
536.5 353.32
538.5 332.09
540.5 368.52
542.5 15.53
544.5 345.51
546.5 25.53
548.5 0.43
550.5 358.42
552.5 24.84
554.5 312.58
556.5 24.93
558.51 305.6
560.52 14.48
562.5 33.6
564.51 43.88
566.51 43.22
568.5 117.17
570.5 24.42
572.5 20.71
574.5 79.89
576.5 252.95
578.5 185.06
580.75 24.91
582.75 269.21
584.55 22.5
586.76 0.04
588.75 151.98
590.75 25.58
592.75 301.79
594.75 22.67
596.75 281.58
598.75 147.69
600.75 239.5
602.75 317.65
604.75 20.94
606.75 361.11
608.55 25.69
610.75 368.54
612.75 202.89
614.75 23.56
616.76 79.23
618.75 18.27
620.75 275.13
622.75 104.69
624.75 314.56
626.75 228.37
628.76 24.57
630.75 256.61
632.76 25.32
634.75 311.87
636.76 405.67
638.75 24.84
640.75 97.13
642.75 25.48
644.75 340.22
646.76 352.23
648.75 47.77
650.77 373.27
652.75 25.32
654.75 339.66
656.75 25.46
658.76 317.68
660.75 0.23
662.75 25.54
664.75 149.82
666.75 24.93
668.75 194.0
670.75 205.73
672.75 214.36
674.76 262.96
676.76 20.23
678.76 239.92
680.75 25.52
682.78 263.44
684.75 238.31
686.75 26.65
688.75 297.55
690.75 28.08
692.75 320.29
694.75 288.2
696.75 325.3
698.75 302.02
700.75 24.64
702.75 254.14
704.75 25.53
706.76 304.96
708.75 327.2
710.76 8.48
712.76 29.04
714.75 24.73
716.75 367.19
718.75 14.63
720.75 293.12
722.75 383.47
724.75 8.56
726.75 298.61
728.75 25.35
730.76 276.48
732.75 331.48
734.75 25.32
736.75 297.64
738.76 25.63
740.75 313.88
742.76 362.78
744.76 399.22
746.75 290.74
748.76 23.95
750.76 267.62
752.75 25.48
754.76 10.07
756.76 176.9
758.75 20.19
760.76 308.31
762.75 25.4
764.75 216.18
766.75 69.27
768.75 261.86
770.76 307.19
772.76 24.98
774.75 224.44
776.75 27.2
778.76 311.12
780.75 316.1
782.76 20.89
784.76 130.92
786.79 25.34
788.75 313.19
790.75 317.84
792.76 304.09
794.75 331.13
796.76 25.03
798.75 218.25
800.75 24.56
802.75 287.82
804.76 209.04
806.76 11.76
808.76 220.34
810.76 25.91
812.75 63.02
814.75 181.27
816.75 211.0
818.75 228.54
820.75 25.54
822.75 160.96
824.75 25.36
826.76 218.7
828.76 190.24
830.75 25.8
832.75 213.26
835.0 25.8
837.01 209.62
838.8 20.08
841.01 234.49
843.0 264.37
845.01 25.37
847.0 263.08
849.0 21.34
851.0 105.94
853.0 140.01
855.0 25.43
857.0 157.96
859.0 25.41
861.01 125.01
862.8 21.6
865.0 133.41
867.0 93.73
869.0 113.64
871.0 113.64
873.0 18.46
875.01 152.54
877.0 155.15
879.0 153.4
881.0 144.86
883.0 25.22
885.0 189.44
887.0 24.57
889.0 121.32
891.0 215.31
893.0 25.09
895.01 200.11
897.0 21.56
899.0 193.6
901.0 233.09
903.0 25.49
905.0 140.71
907.0 20.78
909.0 230.93
911.0 24.9
913.0 303.55
915.0 40.9
917.0 25.04
919.0 288.48
921.0 21.28
923.0 279.95
925.02 255.84
927.0 255.1
929.01 297.53
931.01 21.09
933.0 121.02
935.0 24.73
937.0 315.84
939.0 221.87
941.01 22.78
943.0 311.94
945.0 23.9
947.0 317.85
949.0 347.93
951.0 5.24
953.0 309.57
955.0 25.38
957.0 300.27
959.0 20.81
961.01 256.1
963.01 334.8
965.0 25.46
967.02 162.72
969.0 26.42
971.0 213.22
973.0 256.68
975.0 117.91
977.0 210.55
979.0 22.13
981.0 264.16
983.0 24.52
985.0 298.6
987.0 357.31
989.01 10.63
991.0 309.17
993.37 23.86
995.01 53.59
997.0 354.07
999.0 281.93
1001.0 269.89
1003.0 25.41
1005.01 315.69
1007.0 21.51
1009.0 355.79
1011.02 341.73
1013.0 13.67
1015.0 183.18
1017.0 25.94
1019.0 208.19
1021.0 337.22
1023.0 353.46
1025.0 0.7
1027.0 26.29
1029.0 315.65
1031.0 26.56
1033.02 378.38
1035.0 191.67
1037.03 20.94
1039.0 276.01
1041.0 25.9
1043.0 363.93
1045.01 326.75
1047.0 311.88
1049.0 146.75
1051.0 25.38
1053.01 317.55
1055.0 24.84
1057.0 278.22
1059.02 306.72
1061.02 24.83
1063.0 302.54
1065.01 21.22
1067.0 41.38
1069.0 251.85
1071.01 221.8
1073.0 255.65
1075.0 24.05
1077.0 237.7
1079.0 24.58
1081.0 307.33
1083.0 324.98
1085.0 30.66
1087.26 268.92
1089.26 20.73
1091.26 382.53
1093.26 327.08
1095.26 300.51
1097.28 327.8
1099.26 26.36
1101.26 0.04
1103.26 24.67
1105.26 280.61
1107.26 373.23
1109.26 24.63
1111.26 325.35
1113.26 21.18
1115.26 36.79
1117.26 92.84
1119.26 148.29
1121.26 176.71
1123.26 25.34
1125.27 202.37
1127.26 20.72
1129.26 342.07
1131.26 298.01
1133.26 23.15
1135.26 345.9
1137.26 21.94
1139.26 340.43
1141.26 282.35
1143.26 414.23
1145.26 331.18
1147.26 25.18
1149.26 277.41
1151.26 20.66
1153.26 297.55
1155.26 204.09
1157.26 8.11
1159.26 399.29
1161.26 110.75
1163.26 147.04
1165.26 174.85
1167.28 195.63
1169.26 202.06
1171.26 25.62
1173.26 242.98
1175.26 24.33
1177.29 287.28
1179.25 6.85
1181.26 34.67
1183.26 21.6
1185.26 61.02
1187.26 81.04
1189.26 105.04
1191.26 124.08
1193.26 124.03
1195.26 25.34
1197.26 179.75
1199.25 25.19
1201.26 200.94
1203.26 6.33
1205.25 25.93
1207.26 190.12
1209.26 25.49
1211.26 191.75
1213.25 226.78
1215.25 242.76
1217.25 192.28
1219.26 24.37
1221.25 211.88
1223.26 9.75
1225.25 204.9
1227.26 199.38
1229.25 25.27
1231.26 232.21
1233.25 24.91
1235.25 228.07
1237.26 243.07
1239.25 223.82
1241.25 223.87
1243.26 25.19
1245.26 163.34
1247.26 24.69
1249.26 187.91
1251.26 168.85
1253.25 16.36
1255.26 228.01
1257.26 21.41
1259.25 240.82
1261.25 101.05
1263.26 103.78
1265.29 105.6
1267.25 25.78
1269.25 172.35
1271.26 21.16
1273.26 212.4
1275.26 19.52
1277.25 18.21
1279.26 18.21
1281.25 24.84
1283.25 195.53
1285.26 172.77
1287.27 237.86
1289.25 0.03
1291.26 24.89
1293.25 265.72
1295.26 25.28
1297.26 191.25
1299.26 180.66
1301.25 24.58
1303.25 204.59
1305.25 21.78
1307.25 176.95
1309.25 220.44
1311.25 83.6
1313.26 189.61
1315.28 22.9
1317.26 228.96
1319.26 25.58
1321.26 247.47
1323.26 193.73
1325.26 25.58
1327.26 267.78
1329.26 25.78
1331.26 237.43
1333.26 240.81
1335.25 212.68
1337.51 212.68
1339.5 8.47
1341.51 102.13
1343.5 66.42
1345.51 113.0
1347.5 113.15
1349.51 130.61
1351.5 134.79
1353.51 25.35
1355.51 113.24
1366.0 125.44
