0.0 0.44
0.62 46.19
2.61 15.89
4.61 29.74
6.61 8.92
8.62 306.56
10.61 9.62
12.62 300.44
14.62 313.04
16.62 3.83
18.62 291.85
20.62 5.61
22.86 304.84
24.72 3.84
26.87 290.51
28.87 303.48
30.87 8.28
32.88 286.97
34.87 7.81
36.87 317.54
38.87 184.45
40.87 295.07
42.87 324.82
44.88 6.21
46.87 317.98
48.73 8.7
50.87 306.71
52.87 280.21
54.88 8.29
56.88 300.47
58.88 5.28
60.87 284.61
62.87 304.72
64.88 11.79
66.87 328.61
68.88 7.81
70.87 337.94
72.72 8.27
74.87 193.2
76.87 308.8
78.87 6.37
80.87 251.84
82.87 6.38
84.87 205.63
86.87 336.8
88.87 10.59
90.86 280.08
92.88 9.83
94.87 166.68
96.87 246.05
98.87 188.09
100.88 229.56
102.87 3.76
104.87 235.09
106.87 5.4
108.87 249.43
110.88 245.96
112.81 245.96
114.87 246.41
116.88 9.76
118.87 169.63
120.75 4.18
122.88 134.25
124.88 162.21
126.87 8.1
128.87 37.28
130.88 30.55
132.87 131.49
134.87 184.34
136.87 188.79
138.87 205.97
140.87 5.42
142.87 212.21
144.87 245.95
146.88 240.17
148.87 237.06
150.88 8.52
152.88 207.19
154.88 6.68
156.88 239.01
158.87 268.03
160.87 287.9
162.87 283.95
164.87 4.33
166.87 258.25
168.87 6.38
170.87 282.23
172.87 254.64
174.87 5.31
176.88 315.55
178.87 7.81
180.87 313.87
182.87 165.03
184.88 302.78
186.87 251.44
188.87 8.7
190.87 319.38
192.88 8.5
194.88 322.4
196.88 314.89
198.88 6.38
200.87 153.05
202.87 8.48
204.88 241.07
206.87 254.18
208.87 255.51
210.88 256.34
212.88 9.66
214.88 292.94
216.87 4.39
218.87 211.4
220.88 278.92
222.87 9.81
224.87 307.68
226.87 6.71
228.87 244.15
230.88 217.71
232.88 11.1
234.88 289.25
236.87 7.42
238.87 288.69
240.87 5.51
242.88 265.18
244.87 208.56
246.87 7.86
248.87 230.28
250.87 6.23
252.87 309.38
254.87 296.31
256.88 264.52
258.87 310.18
260.87 8.28
262.87 265.2
264.87 6.51
266.87 184.28
268.87 243.18
270.87 6.77
273.13 215.75
275.12 8.41
277.12 254.0
278.88 226.48
281.12 268.0
283.12 266.17
285.12 6.94
287.13 298.96
289.12 9.8
291.13 272.91
293.13 201.63
295.12 5.89
297.12 267.71
299.12 6.77
301.12 316.35
302.97 7.45
305.13 272.96
307.12 228.5
309.12 8.09
311.13 256.54
313.12 5.96
315.13 329.56
317.12 210.1
319.13 5.35
321.12 329.06
323.12 8.32
325.13 181.14
326.97 8.76
329.12 193.11
331.12 182.81
333.12 7.78
335.12 223.62
337.13 9.06
339.12 257.67
341.12 243.58
343.13 8.6
345.12 266.2
347.12 5.55
349.12 283.54
350.98 8.47
353.12 222.57
355.13 170.29
357.12 8.74
359.13 276.42
361.12 9.52
363.13 257.15
365.12 308.08
367.13 7.55
369.12 228.47
371.13 8.27
373.13 78.52
374.98 8.36
377.12 316.87
379.13 306.45
381.12 7.52
383.13 254.54
385.12 8.31
387.13 253.37
389.13 255.59
391.13 294.4
393.13 192.55
395.13 6.09
397.13 213.11
399.0 6.67
401.12 299.64
403.13 304.29
405.13 5.5
407.12 244.23
409.13 7.78
411.12 228.21
413.12 250.49
415.13 8.72
417.13 241.91
419.12 216.92
421.13 70.53
423.12 9.42
425.12 212.4
427.12 252.82
429.12 7.79
431.12 242.98
433.12 7.26
435.12 250.53
437.12 255.38
439.12 3.29
441.13 252.67
443.12 5.7
445.13 243.81
447.12 8.75
449.13 216.24
451.12 231.28
453.12 7.92
455.13 219.55
457.12 8.05
459.12 256.25
461.13 185.2
463.12 162.47
465.13 252.47
467.12 7.44
469.13 220.29
471.12 9.43
473.12 152.64
475.12 245.49
477.13 220.09
479.13 147.65
481.12 7.83
483.13 91.69
485.13 77.48
487.12 9.84
489.13 107.95
491.12 9.84
493.12 104.06
495.13 114.87
497.12 114.87
499.13 114.87
501.12 114.87
503.13 116.62
505.12 7.2
507.12 148.98
509.12 163.24
511.13 207.21
513.13 233.16
515.13 8.5
517.13 197.19
519.12 7.87
521.13 283.78
523.38 202.75
525.38 9.57
527.37 309.69
529.38 5.35
531.38 193.82
533.38 276.56
535.38 212.39
537.38 202.73
539.38 9.85
541.38 197.6
543.38 222.72
545.37 221.02
547.38 227.92
549.38 8.52
551.37 238.95
553.38 8.13
555.38 240.74
557.38 245.21
559.37 239.3
561.38 230.75
563.37 6.14
565.38 246.73
567.37 8.56
569.38 245.97
571.38 249.41
573.38 5.96
575.38 240.82
577.38 9.75
579.38 234.76
581.37 176.73
583.38 272.88
585.38 260.15
587.38 9.01
589.38 286.65
591.37 8.64
593.37 206.89
595.38 295.69
597.38 8.57
599.38 230.91
601.37 9.62
603.37 208.09
605.37 265.61
607.38 273.65
609.38 199.3
611.38 8.64
613.38 282.25
615.38 7.71
617.42 236.04
619.38 201.34
621.38 8.78
623.38 233.39
625.37 9.76
627.38 263.96
629.38 208.3
631.38 311.12
633.38 309.02
635.37 5.31
637.38 252.67
639.39 5.37
641.37 47.15
643.38 240.01
645.38 9.79
647.38 240.59
649.37 7.72
651.38 318.11
653.38 322.87
655.38 232.23
657.38 202.12
659.37 5.37
661.38 208.99
663.38 10.04
665.38 256.92
667.37 180.01
669.38 5.52
671.37 293.67
673.38 8.91
675.38 161.38
677.38 285.28
679.38 269.6
681.37 228.16
683.38 7.53
685.37 210.56
687.37 5.14
689.38 323.42
691.38 286.66
693.37 7.82
695.38 259.81
697.38 5.41
699.37 251.72
701.38 275.65
703.38 278.89
705.38 228.06
707.38 5.5
709.38 303.97
711.38 8.23
713.38 212.17
715.37 300.51
717.37 9.6
719.38 242.33
721.37 5.72
723.38 295.63
725.38 240.92
727.38 256.35
729.38 301.53
731.38 8.02
733.38 321.09
735.38 7.15
737.37 50.37
739.38 253.38
741.38 7.22
743.38 299.09
745.39 8.23
747.38 240.05
749.38 199.66
751.38 313.1
753.38 328.5
755.37 7.09
757.38 233.5
759.38 8.54
761.38 196.16
763.37 194.04
765.38 8.57
767.38 235.06
769.38 5.73
771.38 186.65
773.38 196.45
775.62 218.45
777.62 11.74
779.62 9.73
781.63 190.99
783.62 5.75
785.63 210.79
787.63 221.52
789.63 228.38
791.63 230.39
793.63 8.75
795.63 257.13
797.48 6.25
799.63 269.78
801.63 44.91
803.63 8.12
805.63 185.24
807.64 9.71
809.63 244.6
811.63 266.56
813.64 286.2
815.63 32.92
817.63 5.7
819.62 283.1
821.48 8.06
823.63 205.87
825.63 291.52
827.63 8.05
829.62 285.0
831.63 4.79
833.63 301.05
835.63 313.91
837.63 194.87
839.63 308.6
841.62 9.72
843.63 320.28
845.49 3.27
847.64 320.8
849.63 274.89
851.63 6.8
853.63 332.09
855.63 9.79
857.62 262.11
859.63 323.79
861.62 182.68
863.62 191.18
865.63 9.66
867.63 306.72
869.47 7.96
871.62 321.28
873.63 322.74
875.63 7.87
877.63 280.2
879.64 4.38
881.63 315.81
883.64 252.55
885.63 249.36
887.63 247.61
889.62 7.2
891.64 317.26
893.63 8.6
895.63 237.16
897.62 237.1
899.62 7.82
901.63 188.55
903.63 5.45
905.62 166.93
907.64 191.41
909.63 249.63
911.63 244.19
913.64 9.66
915.63 294.46
917.6 2.7
919.63 83.47
921.64 122.9
923.63 9.67
925.63 223.98
927.62 9.53
929.63 210.35
931.63 295.04
933.63 226.88
935.63 197.19
937.64 7.75
939.63 226.13
941.64 5.43
943.64 309.12
945.63 167.65
947.63 9.61
949.63 207.84
951.64 8.83
953.63 210.35
955.64 244.38
957.62 238.36
959.62 263.71
961.64 7.22
963.63 249.5
965.64 8.97
967.63 277.09
969.63 282.9
971.62 7.05
973.64 225.19
975.63 8.74
977.62 177.26
979.63 215.55
981.62 225.53
983.63 217.0
985.63 5.48
987.63 191.55
989.63 7.19
991.63 258.15
993.63 238.47
995.63 8.62
997.63 137.74
999.63 9.86
1001.64 287.1
1003.64 259.35
1005.63 7.56
1007.63 237.33
1009.63 8.71
1011.63 193.65
1013.63 7.86
1015.63 304.93
1017.63 315.08
1019.63 8.09
1021.64 274.35
1023.88 9.15
1025.63 315.81
1027.88 217.04
1029.89 8.12
1031.88 249.61
1033.88 8.69
1035.88 317.97
1037.88 5.9
1039.89 316.74
1041.87 245.49
1043.88 9.9
1045.88 295.25
1047.88 4.14
1049.88 282.03
1051.88 249.18
1053.88 201.92
1055.87 247.5
1057.89 4.97
1059.88 299.69
1061.88 5.29
1063.88 313.17
1065.88 288.71
1067.88 9.02
1069.88 0.74
1071.87 5.5
1073.88 248.39
1075.88 251.6
1077.88 209.64
1079.88 246.89
1081.88 6.87
1083.88 238.88
1085.89 7.47
1087.89 186.72
1089.88 217.83
1091.89 6.7
1093.88 297.89
1095.88 7.89
1097.88 303.19
1099.88 217.21
1101.89 287.17
1103.88 0.23
1105.88 5.26
1107.89 292.95
1109.88 8.0
1111.89 310.22
1113.88 267.42
1115.88 156.09
1117.89 225.69
1119.88 5.66
1121.88 25.36
1123.88 94.13
1125.88 105.73
1127.88 109.48
1129.88 133.56
1131.88 150.84
1133.88 9.82
1135.88 172.82
1137.89 179.99
1139.88 7.31
1141.88 223.07
1143.89 5.47
1145.87 214.65
1147.89 0.13
1149.88 234.05
1151.88 232.65
1153.89 9.69
1155.88 246.48
1157.88 7.64
1159.88 264.05
1161.88 233.31
1163.89 5.61
1165.88 274.08
1167.89 8.74
1169.88 251.83
1171.89 240.53
1173.89 258.53
1175.88 286.94
1177.89 5.36
1179.88 281.84
1181.89 9.46
1183.88 228.74
1185.88 234.31
1187.88 10.0
1189.88 192.81
1191.88 8.48
1193.89 298.35
1195.89 187.08
1197.88 307.33
1199.89 303.34
1201.88 7.96
1203.89 321.01
1205.88 8.0
1207.88 224.39
1209.88 186.77
1211.88 8.51
1213.88 225.03
1215.88 9.52
1217.88 225.14
1219.89 220.12
1221.88 209.86
1223.89 241.5
1225.88 5.5
1227.88 275.99
1229.88 8.02
1231.88 298.15
1233.89 257.18
1235.88 5.49
1237.88 312.22
1239.88 312.48
1241.88 306.34
1243.88 318.4
1245.88 301.98
1247.88 296.93
1249.88 4.93
1251.88 309.07
1253.88 9.76
1255.88 174.64
1257.89 153.82
1259.89 6.95
1261.88 173.88
1263.88 6.97
1265.88 169.25
1267.88 159.56
1269.88 178.91
1271.88 158.07
1274.13 9.72
1276.14 160.41
1278.13 9.75
1280.14 176.21
1282.13 174.94
1284.13 173.31
1286.13 173.14
1288.14 10.02
1290.14 159.72
1291.99 9.99
1294.13 175.45
1296.13 178.67
1298.13 6.74
1300.13 162.31
1302.14 6.75
1304.13 188.39
1306.13 152.58
1308.13 192.93
1310.13 190.68
1312.13 6.41
1314.13 193.4
1315.94 189.07
1318.14 193.01
1320.14 180.57
1322.13 7.0
1324.13 199.72
1326.13 5.53
1328.13 206.96
1330.13 191.63
1332.13 206.07
1334.13 203.97
1336.13 8.46
1338.14 221.95
1339.99 9.92
1342.13 235.41
1344.14 240.5
1346.14 8.37
1348.13 233.49
1350.13 9.43
1352.13 246.9
1354.13 214.83
1356.13 238.34
1358.13 242.16
1360.14 5.52
1362.13 251.04
1363.99 5.64
1366.13 203.12
1368.14 221.24
1370.13 9.2
1372.13 215.09
1374.13 7.05
1376.13 187.14
1378.14 191.04
1380.13 209.98
1382.13 211.34
1384.13 9.64
1386.13 206.12
1388.13 6.26
1390.13 210.16
1392.13 209.45
1394.13 8.46
1396.13 205.95
1398.13 7.32
1400.14 205.47
1402.13 207.48
1404.14 206.43
1406.13 212.57
1408.13 7.61
1410.13 196.74
1412.12 9.69
1414.13 214.22
1416.14 192.94
1418.13 8.84
1420.13 201.92
1422.14 9.99
1424.14 196.13
1426.14 191.44
1428.14 204.01
1430.14 206.32
1432.13 9.06
1434.14 200.26
1436.13 8.97
1438.13 183.88
1440.14 195.79
1442.14 7.89
1444.13 188.88
1446.14 202.73
1448.14 190.4
1450.14 179.81
1452.13 223.04
1454.13 239.14
1456.14 8.07
1458.14 164.4
1460.14 5.19
1462.14 197.55
1464.14 189.21
1466.14 10.02
1468.14 204.23
1470.14 8.29
1472.14 265.43
1474.14 221.07
1476.14 287.51
1478.14 267.12
1480.14 6.57
1482.14 286.69
1484.14 7.65
1486.13 253.87
1488.14 241.33
1490.13 5.42
1492.14 194.6
1494.13 0.23
1496.13 249.96
1498.13 238.16
1500.14 206.41
1502.14 233.29
1504.14 9.02
1506.13 273.41
1508.13 9.07
1510.13 259.75
1512.13 277.21
1514.14 9.94
1516.13 229.17
1518.14 2.91
1520.14 281.1
1522.23 9.39
1524.14 23.1
1526.14 144.23
1528.14 6.42
1530.38 284.53
1532.38 6.76
1534.38 158.44
1536.39 70.01
1538.38 8.92
1540.38 89.03
1542.38 9.96
1544.39 151.63
1546.23 5.42
1548.38 16.92
1550.38 14.73
1552.38 90.66
1554.38 110.67
1556.38 110.67
1558.39 110.67
1560.39 112.02
1562.38 113.09
1564.38 120.48
1566.38 125.98
1568.38 125.98
1570.19 125.98
1572.38 109.64
1574.38 89.37
1576.39 7.63
1578.39 55.2
1580.38 55.2
1582.39 55.2
1584.38 55.2
1586.39 108.82
1588.39 105.05
1590.39 110.41
1592.39 110.41
1594.39 110.41
1596.39 111.39
1598.4 111.39
1600.39 111.39
1602.39 111.39
1604.38 111.39
1606.39 111.39
1608.38 111.39
1610.39 117.02
1612.38 21.95
1614.38 9.99
1616.38 22.87
1618.38 66.54
1620.39 81.35
1622.38 104.12
1624.38 10.04
1626.39 152.1
1628.38 6.97
1630.39 49.48
1632.38 111.5
1634.38 6.33
1636.38 11.16
1638.38 12.2
1640.39 15.44
1642.38 15.44
1644.38 15.44
1646.39 42.57
1648.38 9.06
1650.38 119.61
1652.38 10.16
1654.39 122.23
1656.39 123.7
1658.38 122.74
1660.39 120.95
1662.39 10.0
1664.38 143.82
1666.38 9.93
1668.38 165.36
1670.38 163.24
1672.39 6.9
1674.38 174.81
1676.38 9.06
1678.39 189.76
1680.39 186.69
1682.38 196.72
1684.39 189.35
1686.38 4.22
1688.39 195.87
1690.38 6.09
1692.38 185.64
1694.38 165.05
1696.39 6.28
1698.38 158.27
1700.39 5.68
1702.38 128.02
1704.39 153.96
1706.39 157.27
1708.39 157.14
1710.38 5.52
1712.39 86.34
1714.38 6.22
1716.38 62.63
1718.39 62.63
1720.38 62.63
1722.39 62.63
1724.38 62.63
1726.38 62.63
1728.39 62.63
1730.38 62.63
1732.38 62.63
1734.38 62.63
1736.39 62.63
1738.38 62.63
1740.39 62.63
1742.39 62.63
1744.39 62.63
1746.39 62.63
1748.38 62.63
1750.39 62.63
1752.38 62.63
1754.39 62.63
1756.38 62.63
1758.39 62.63
1760.38 62.63
1762.39 62.63
1764.38 62.63
1766.39 62.63
1768.39 62.63
1770.39 62.63
1772.39 62.63
1774.64 62.63
1776.4 62.63
1778.64 62.63
1780.64 62.63
1782.64 62.63
1784.64 62.63
1786.64 62.63
1788.63 62.63
1790.63 62.63
1792.64 62.63
1794.64 62.63
1796.64 62.63
1798.63 62.63
1800.64 62.63
1802.64 62.63
1804.64 62.63
1806.63 62.63
1808.64 62.63
1810.64 62.63
1812.64 62.63
1814.63 62.63
1816.64 62.63
1818.63 62.63
1820.64 62.63
1822.64 62.63
1824.64 62.63
1826.63 88.66
1828.64 112.4
1830.64 8.24
1832.64 117.56
1834.64 9.26
1836.63 77.84
1838.63 118.41
1840.63 6.08
1842.63 87.57
1844.64 6.59
1846.64 123.75
1848.64 110.96
1850.64 132.08
1852.64 138.71
1854.64 8.74
1856.63 119.83
1858.63 94.77
1860.64 69.89
1862.64 44.28
1864.63 10.0
1866.64 126.76
1868.64 10.13
1870.64 138.37
1872.63 144.84
1874.63 167.56
1876.64 188.58
1878.63 10.03
1880.63 76.73
1882.64 9.3
1884.64 107.57
1886.63 106.79
1888.63 112.39
1890.63 114.02
1892.64 9.94
1894.64 112.33
1896.63 121.83
1898.64 103.9
1900.63 121.14
1902.63 121.14
1904.63 113.54
1906.64 9.11
1908.64 103.39
1910.64 128.41
1912.63 8.85
1914.63 139.04
1916.64 9.88
1918.64 148.1
1920.64 155.52
1922.64 155.52
1924.64 73.01
1926.65 7.48
1928.64 146.61
1930.64 7.35
1932.64 150.01
1934.64 149.59
1936.64 7.23
1938.64 102.57
1940.64 7.74
1942.64 76.21
1944.64 110.82
1946.64 108.04
1948.63 113.87
1950.63 125.48
1952.64 122.59
1954.63 8.32
1956.63 133.12
1958.63 143.15
1960.64 5.2
1962.63 145.29
1964.63 5.43
1966.64 191.7
1968.64 206.34
1970.64 61.5
1972.64 43.85
1974.63 59.89
1976.64 170.43
1978.64 9.75
1980.64 86.83
1982.64 27.2
1984.63 5.87
1986.63 22.98
1988.63 22.98
1990.63 22.98
1992.64 85.29
1994.64 85.29
1996.64 85.29
1998.64 85.29
2000.64 85.29
2002.64 85.29
2004.64 85.29
2006.64 85.29
2008.65 87.74
2010.64 87.74
2012.64 87.74
2014.63 87.74
2016.63 87.74
2018.64 87.74
2020.64 87.74
2022.64 11.47
2024.64 107.91
2026.88 7.96
2028.89 132.37
2030.89 141.92
2032.88 149.38
2034.88 155.71
2036.89 10.12
2038.89 95.82
2040.74 8.32
2042.89 49.98
2044.9 164.25
2046.9 9.65
2048.89 186.19
2050.89 9.58
2052.89 207.36
2054.89 229.29
2056.89 197.2
2058.89 225.41
2060.88 7.95
2062.88 231.91
2064.74 8.58
2066.88 185.09
2068.88 190.3
2070.88 7.02
2072.9 100.99
2074.89 8.48
2076.89 0.14
2078.88 92.5
2080.9 212.33
2082.89 162.31
2084.89 10.47
2086.89 240.32
2088.74 8.99
2090.89 250.58
2092.89 226.5
2094.89 7.44
2096.89 246.48
2098.89 8.29
2100.89 253.1
2102.88 200.8
2104.88 250.49
2106.88 120.59
2108.88 7.44
2110.89 34.75
2112.75 8.16
2114.89 106.18
2116.89 106.18
2118.9 106.18
2120.89 106.18
2122.9 109.73
2124.92 115.43
2126.88 115.43
2128.89 98.16
2130.88 98.16
2132.9 98.16
2134.89 98.16
2136.89 98.16
2138.9 98.16
2140.9 98.16
2142.88 98.16
2144.89 98.16
2146.89 98.16
2148.89 98.16
2150.89 132.66
2152.89 142.46
2154.9 150.94
2156.9 7.2
2158.9 160.11
2160.89 6.94
2162.9 97.57
2164.89 92.31
2166.9 9.98
2168.9 83.39
2170.89 97.98
2172.89 93.25
2174.88 97.43
2176.89 97.2
2178.9 96.76
2180.89 97.28
2182.9 114.4
2184.89 114.4
2186.9 114.4
2188.9 114.4
2190.88 114.4
2192.9 114.4
2194.89 114.4
2196.89 114.4
2198.9 113.88
2200.89 113.88
2202.89 118.24
2204.88 9.95
2206.88 104.73
2208.88 116.05
2210.9 119.74
2212.88 93.52
2214.89 9.9
2216.89 99.87
2218.89 4.67
2220.9 106.64
2222.89 104.49
2224.88 83.61
2226.89 43.79
2228.9 43.79
2230.89 43.79
2232.89 43.79
2234.89 43.79
2236.89 44.49
2238.89 44.49
2240.9 44.49
2242.89 44.49
2244.89 44.49
2246.89 44.49
2248.88 44.49
2250.89 44.49
2252.89 44.49
2254.89 44.49
2256.89 44.49
2258.89 111.72
2260.89 110.22
2262.89 110.99
2264.9 110.99
2266.89 110.99
2268.89 110.99
2270.89 110.99
2272.9 110.99
2274.89 110.99
2277.15 110.99
2278.9 110.99
2281.15 110.99
2283.14 110.99
2285.14 110.99
2287.14 110.99
2289.14 110.99
2291.14 110.99
2293.14 126.94
2294.99 10.43
2297.14 24.97
2299.15 34.92
2301.15 7.59
2303.14 35.05
2305.14 35.51
2307.15 35.48
2309.15 40.77
2311.14 42.82
2313.14 53.04
2315.14 51.21
2317.14 61.07
2318.95 76.09
2321.15 90.06
2323.14 99.81
2325.15 108.29
2327.15 125.0
2329.14 9.48
2331.14 121.03
2333.14 58.79
2335.14 10.0
2337.14 123.84
2339.15 8.88
2341.15 93.19
2342.99 10.23
2345.14 96.43
2347.14 85.02
2349.14 85.02
2351.14 85.02
2353.15 87.8
2355.14 113.49
2357.15 105.14
2359.13 105.14
2361.14 105.14
2363.14 9.55
2365.14 130.31
2367.0 9.68
2369.14 90.28
2371.14 90.13
2373.15 4.71
2375.15 125.26
2377.14 7.45
2379.14 130.87
2381.15 125.41
2383.14 7.96
2385.14 98.01
2387.15 8.04
2389.14 49.89
2391.14 49.89
2393.14 51.8
2395.15 105.15
2397.15 106.25
2399.15 126.17
2401.14 9.97
2403.14 131.51
2405.14 69.86
2407.15 9.98
2409.14 77.49
2411.15 8.76
2413.14 52.14
2415.14 110.41
2417.15 111.6
2419.14 113.06
2421.14 133.78
2423.14 130.34
2425.14 8.47
2427.15 114.77
2429.14 134.71
2431.14 9.2
2433.15 124.64
2435.15 8.13
2437.14 133.3
2439.14 6.47
2441.15 83.26
2443.15 83.26
2445.14 7.26
2447.15 131.59
2449.14 7.52
2451.15 137.24
2453.15 130.67
2455.15 106.87
2457.15 103.9
2459.15 6.34
2461.14 32.91
2463.15 50.63
2465.14 116.57
2467.15 88.88
2469.15 8.89
2471.14 106.06
2473.14 9.93
2475.14 79.49
2477.15 130.97
2479.15 7.85
2481.14 152.31
2483.15 5.4
2485.14 116.0
2487.15 7.17
2489.14 52.97
2491.14 48.97
2493.14 7.82
2495.14 117.45
2497.14 10.21
2499.14 138.4
2501.15 84.97
2503.15 10.03
2505.15 98.1
2507.15 122.73
2509.14 122.73
2511.15 122.73
2513.14 139.56
2515.14 142.78
2517.15 9.75
2519.14 118.33
2521.4 5.24
2523.39 144.63
2525.14 149.06
2527.39 9.89
2529.4 111.03
2531.39 4.14
2533.15 153.64
2535.39 10.12
2537.4 134.09
2539.4 82.51
2541.4 8.07
2543.39 92.34
2545.39 8.68
2547.39 101.79
2549.4 101.79
2551.4 101.79
2553.39 101.79
2555.4 103.77
2557.39 124.68
2559.39 130.26
2561.4 128.77
2563.39 128.77
2565.4 10.06
2567.4 146.98
2569.4 7.24
2571.39 115.29
2573.39 111.67
2575.4 99.21
2577.39 129.07
2579.4 9.81
2581.39 102.52
2583.4 10.37
2585.4 107.51
2587.39 114.83
2589.39 8.64
2591.39 127.54
2593.4 130.04
2595.4 118.78
2597.4 124.71
2599.39 127.33
2601.4 129.45
2603.39 9.95
2605.4 117.47
2607.39 8.81
2609.39 130.04
2611.4 133.82
2613.39 133.82
2615.4 131.09
2617.4 7.48
2619.39 130.45
2621.4 121.38
2623.4 135.18
2625.39 138.28
2627.39 10.09
2629.39 36.28
2631.39 7.57
2633.4 104.99
2635.39 103.94
2637.39 103.94
2639.4 109.35
2641.39 9.88
2643.4 120.62
2645.4 141.37
2647.39 149.72
2649.39 147.34
2651.39 8.06
2653.4 153.97
2655.4 5.4
2657.4 155.18
2659.4 144.67
2661.4 7.55
2663.39 160.29
2665.39 6.75
2667.4 135.9
2669.4 132.39
2671.39 143.06
2673.39 80.95
2675.39 8.01
2677.39 144.5
2679.39 127.57
2681.39 142.1
2683.39 135.42
2685.39 7.06
2687.4 139.66
2689.4 10.25
2691.41 96.58
2693.39 96.58
2695.4 122.58
2697.4 77.17
2699.4 9.94
2701.39 63.26
2703.4 8.09
2705.4 115.8
2707.39 81.64
2709.4 8.1
2711.39 124.93
2713.4 104.91
2715.4 104.91
2717.39 122.74
2719.39 127.67
2721.39 114.41
2723.4 7.64
2725.39 108.16
2727.39 9.82
2729.4 52.79
2731.39 107.17
2733.4 109.25
2735.48 110.82
2737.43 110.82
2739.4 110.82
2741.39 110.82
2743.39 110.82
2745.39 110.82
2747.4 110.82
2749.39 110.82
2751.4 113.3
2753.4 113.3
2755.39 113.3
2757.39 113.3
2759.39 113.3
2761.39 113.3
2763.39 113.3
2765.4 113.3
2767.39 113.3
2769.4 113.3
2771.4 10.25
2773.4 141.05
2775.4 10.05
2777.4 171.86
2779.64 172.8
2781.64 29.49
2783.65 121.96
2785.65 8.25
2787.64 11.05
2789.49 9.95
2791.64 13.12
2793.64 13.12
2795.64 13.12
2797.65 42.69
2799.64 40.92
2801.65 46.95
2803.64 49.53
2805.64 49.97
2807.64 55.95
2809.65 57.31
2811.65 63.25
2813.45 61.21
2815.64 61.94
2817.64 61.94
2819.64 77.71
2821.64 86.41
2823.65 87.38
2825.64 98.84
2827.64 106.67
2829.65 112.25
2831.65 117.32
2833.64 9.9
2835.65 108.34
2837.56 0.17
2839.65 124.4
2841.66 117.56
2843.64 10.18
2845.65 133.85
2847.65 9.26
2849.65 93.36
2851.64 138.47
2853.64 133.07
2855.64 133.07
2857.65 140.11
2859.64 140.11
2861.49 10.26
2863.64 136.72
2865.65 141.64
2867.65 6.53
2869.65 110.21
2871.65 7.44
2873.65 115.11
2875.65 113.01
2877.65 113.01
2879.65 113.01
2881.65 8.93
2883.65 114.68
2885.65 108.01
2887.64 108.01
2889.64 49.48
2891.65 9.28
2893.64 76.66
2895.64 100.47
2897.64 101.08
2899.65 101.08
2901.65 101.08
2903.65 101.08
2905.64 101.08
2907.64 113.78
2909.65 9.92
2911.64 129.19
2913.64 100.84
2915.65 9.99
2917.65 163.62
2919.67 10.31
2921.65 169.0
2923.65 121.34
2925.64 121.34
2927.64 128.2
2929.65 9.99
2931.64 107.08
2933.64 6.03
2935.64 52.65
2937.64 38.25
2939.65 38.25
2941.64 38.25
2943.65 38.25
2945.65 38.25
2947.64 38.25
2949.64 38.25
2951.65 38.25
2953.65 38.25
2955.64 38.25
2957.64 113.56
2959.65 111.29
2961.65 111.29
2963.65 111.29
2965.65 111.29
2967.66 111.29
2969.65 111.29
2971.65 111.29
2973.65 111.29
2975.64 111.29
2977.65 113.31
2979.64 113.31
2981.66 113.31
2983.65 113.31
2985.65 113.31
2987.65 113.31
2989.64 113.31
2991.64 113.31
2993.64 113.31
2995.65 113.31
2997.64 113.31
2999.65 113.31
3001.65 113.31
3003.64 113.31
3005.65 9.03
3007.65 126.35
3009.65 126.78
3011.65 9.91
3013.65 119.1
3015.65 7.64
3017.65 126.63
3019.64 128.62
3021.66 123.24
3023.65 134.08
3025.89 9.35
3027.9 140.0
3029.89 9.93
3031.9 106.86
3033.9 45.05
3035.89 9.99
3037.9 38.18
3039.89 38.18
3041.9 38.18
3043.9 0.12
3045.9 116.68
3047.9 117.8
3049.91 5.24
3051.89 23.45
3053.89 7.82
3055.9 34.03
3057.9 34.03
3059.89 34.03
3061.89 45.11
3063.9 65.28
3065.9 78.61
3067.9 91.07
3069.91 96.56
3071.9 113.65
3073.89 8.25
3075.91 123.1
3077.91 9.86
3079.9 118.53
3081.91 111.06
3083.89 5.49
3085.9 124.51
3087.89 135.94
3089.9 133.4
3091.91 135.47
3093.9 132.22
3095.9 132.92
3097.9 7.38
3099.9 132.4
3101.9 10.05
3103.9 127.12
3105.9 129.6
3107.9 9.91
3109.9 129.5
3111.9 9.2
3113.9 85.17
3115.9 142.24
3117.9 139.31
3119.9 139.31
3121.89 139.31
3123.9 147.12
3125.9 8.93
3127.89 151.99
3129.9 153.67
3131.9 6.97
3133.9 167.44
3135.9 7.28
3137.9 181.03
3139.89 169.92
3141.89 188.74
3143.9 184.86
