0.0 113.98
1.08 179.68
2.91 29.22
4.99 144.07
7.07 24.3
9.16 186.66
10.98 165.42
13.06 30.96
15.15 166.82
16.98 27.47
19.05 186.05
21.13 20.71
22.96 140.77
25.05 197.07
27.12 27.32
28.95 203.7
31.27 30.69
33.15 30.69
35.32 31.08
37.0 31.08
39.08 1.6
41.17 30.22
42.99 210.62
45.07 25.74
47.15 164.2
48.98 206.64
51.05 26.49
53.14 117.32
55.22 24.3
57.04 209.31
59.12 110.88
61.2 169.86
63.03 109.95
65.1 16.98
67.19 161.77
69.01 23.03
71.1 125.74
73.17 113.26
75.0 34.54
77.07 33.21
79.15 26.43
81.24 39.35
83.06 147.54
85.15 141.62
87.23 122.41
89.05 27.44
91.13 139.71
93.22 27.23
95.03 107.55
97.12 122.45
99.19 23.96
101.02 148.88
103.1 30.38
105.18 174.53
107.27 211.77
109.08 156.5
111.17 249.77
113.25 28.01
115.07 108.82
117.16 24.6
119.25 272.81
121.06 97.11
123.15 20.4
125.22 128.42
127.06 24.8
129.13 121.27
131.22 95.04
133.3 99.65
135.12 110.63
137.2 29.69
139.28 108.61
141.1 19.56
143.18 133.41
145.27 162.92
147.09 29.14
149.18 188.49
151.25 28.46
153.08 233.04
155.15 172.85
157.24 125.58
159.33 44.98
161.14 27.28
163.23 130.56
165.31 34.34
167.14 197.23
169.22 219.04
171.31 26.69
173.13 212.21
175.21 24.59
177.29 107.04
179.12 126.6
181.19 149.54
183.28 73.65
185.1 24.32
187.18 100.72
189.27 30.36
191.09 100.9
193.18 126.38
195.26 29.71
197.34 75.93
199.16 19.49
201.24 6.18
203.09 27.09
205.14 188.81
207.22 249.79
209.31 25.46
211.13 112.98
213.21 25.12
215.3 162.71
217.11 237.84
219.19 25.84
221.28 224.77
223.37 22.4
225.19 105.48
227.27 144.51
229.34 253.69
231.17 254.37
233.26 26.79
235.35 178.03
237.19 24.83
239.26 251.58
241.35 262.52
243.16 21.36
245.24 190.01
247.33 24.06
249.15 223.97
251.24 259.33
253.32 194.12
255.18 153.46
257.27 27.3
259.34 165.14
261.18 31.73
263.24 169.41
265.34 142.2
267.42 24.38
269.25 139.82
271.33 17.32
