0.0 0.42
2.03 16.97
4.03 94.0
6.03 71.91
8.03 72.15
10.04 74.5
12.03 86.43
14.03 75.63
16.03 79.61
18.03 92.43
20.03 10.46
22.03 89.65
24.03 76.18
26.03 40.87
28.03 58.37
30.03 83.09
32.04 87.7
34.03 72.99
36.03 44.26
38.03 72.78
40.03 73.15
42.03 76.64
44.03 20.11
46.03 59.81
48.03 61.89
50.04 87.17
52.03 67.06
54.03 47.69
56.03 74.67
58.03 38.55
60.03 53.76
62.06 55.49
64.05 62.98
66.03 80.53
68.03 87.74
70.03 86.64
72.04 84.5
74.04 67.47
76.03 81.09
78.03 75.56
80.03 54.97
82.04 60.16
84.03 90.76
86.04 66.35
88.04 47.89
90.03 75.8
92.04 83.81
94.03 73.36
96.04 97.98
98.04 55.06
100.03 73.28
102.04 83.56
104.04 95.82
106.03 72.51
108.04 78.33
110.28 82.81
112.03 40.23
114.08 87.29
116.29 79.91
118.28 55.54
120.28 13.98
122.29 73.17
124.28 75.48
126.29 11.88
128.29 75.35
130.28 51.07
132.29 100.11
134.29 96.63
136.34 36.18
138.08 78.67
140.28 86.2
142.28 81.45
144.29 54.22
146.28 63.57
148.28 48.55
150.28 85.87
152.28 62.33
154.29 75.69
156.29 81.2
158.29 86.87
160.3 67.39
162.28 69.52
164.28 65.91
166.29 48.77
168.28 68.92
170.29 68.58
172.29 67.93
174.28 60.45
176.28 82.41
178.29 48.35
180.28 89.05
182.29 58.37
184.28 83.89
186.28 71.93
188.29 65.17
190.29 81.79
192.29 81.79
194.29 83.91
196.29 83.91
198.28 83.91
200.28 83.91
202.28 86.87
204.28 88.95
206.29 79.38
208.28 37.01
210.29 71.52
212.28 61.53
214.31 62.71
216.28 65.03
218.28 65.03
220.28 65.03
222.29 65.03
224.28 65.03
226.28 56.95
228.29 56.67
230.28 67.91
232.29 82.01
234.28 86.79
236.28 80.45
238.29 55.5
240.28 89.78
242.28 73.72
244.29 35.7
246.29 45.41
248.29 60.11
250.29 60.11
252.28 74.15
254.28 41.17
256.29 24.54
258.28 42.36
260.29 67.19
262.28 67.98
264.28 67.98
266.29 43.83
268.28 37.61
270.29 48.99
272.28 56.56
274.28 63.77
276.29 71.4
278.29 74.01
280.29 70.7
282.29 64.62
284.28 69.25
286.29 69.25
288.28 29.76
290.32 49.55
292.28 74.0
294.29 74.0
296.29 66.8
298.29 41.85
300.29 49.58
302.29 67.15
304.29 28.52
306.29 49.6
308.29 60.17
310.29 60.17
312.29 68.54
314.29 46.09
316.29 91.84
318.29 91.3
320.29 82.74
322.29 92.74
324.29 92.66
326.28 87.69
328.29 67.64
330.29 84.27
332.29 68.41
334.29 32.98
336.29 66.61
338.29 66.61
340.3 101.45
342.29 85.45
344.28 77.32
346.3 77.33
348.3 82.06
350.29 86.73
352.29 85.76
354.29 83.21
356.29 87.88
358.54 49.5
360.29 75.58
362.29 40.7
364.54 71.04
366.54 71.04
368.29 62.33
370.29 88.12
372.29 73.14
374.54 73.58
376.54 68.67
378.54 73.97
380.54 59.05
382.54 69.06
384.55 24.11
386.6 70.15
388.54 89.39
