0.0 0.4
5.7 1.03
6.36 1.08
7.19 0.2
7.69 0.58
8.29 0.54
9.53 0.64
13.75 0.64
16.12 0.37
17.06 0.29
18.69 0.55
19.35 1.09
21.58 0.49
23.56 0.35
28.02 0.33
31.78 0.47
34.82 0.63
35.73 0.2
37.63 2.39
41.87 0.01
43.15 2.91
43.81 1.49
44.67 0.75
47.41 1.07
49.89 0.41
52.46 1.85
65.28 0.4
65.87 0.93
67.14 0.99
71.43 0.03
73.94 0.6
76.11 0.51
77.25 0.48
81.65 0.27
83.71 0.28
85.7 0.32
86.52 1.31
87.88 1.71
89.68 1.12
93.07 0.03
95.01 0.67
95.63 0.74
96.52 1.59
101.69 1.27
103.03 0.65
104.63 1.37
105.5 0.7
106.76 0.44
110.11 0.33
114.07 0.81
116.8 1.74
118.57 0.15
119.75 1.51
122.3 0.51
125.31 0.54
130.12 0.52
133.35 0.4
135.51 0.24
136.74 0.21
138.49 0.02
141.01 0.43
141.51 0.78
143.55 1.18
144.46 2.22
146.35 1.1
148.56 0.63
152.31 0.6
154.6 0.52
155.14 0.36
158.05 0.19
161.82 1.02
162.55 1.56
164.81 0.58
165.73 0.22
167.4 2.27
169.3 0.58
173.03 0.66
175.35 0.26
176.28 0.78
178.27 0.48
179.31 0.42
181.76 0.48
186.88 0.24
188.28 0.37
192.01 0.26
193.44 0.26
195.23 0.49
195.75 1.63
198.07 0.55
200.05 0.55
205.94 0.38
207.07 0.33
208.17 0.4
209.17 0.71
209.87 0.22
217.0 0.32
218.23 0.3
219.77 0.44
220.42 1.63
221.15 1.29
226.09 0.34
229.41 0.52
230.34 0.6
231.31 0.03
232.31 0.85
233.38 0.68
235.68 1.76
236.31 1.57
240.62 0.92
243.61 1.25
246.5 0.82
251.46 0.61
253.19 0.21
253.7 0.22
254.62 0.39
255.28 2.03
257.54 0.5
263.17 0.64
268.19 0.11
269.26 0.2
270.11 0.44
271.27 0.56
272.5 2.63
273.55 0.48
275.18 1.28
277.75 0.8
279.9 1.69
284.67 1.18
288.45 0.02
289.39 0.37
291.32 0.34
293.05 0.38
294.44 0.85
296.05 1.44
301.4 0.21
303.14 0.42
306.82 0.44
307.95 0.83
309.57 0.74
310.43 0.69
311.74 0.34
315.28 0.53
315.93 2.62
323.23 0.24
324.64 0.24
325.5 0.38
327.05 0.62
327.8 0.82
330.57 0.41
332.62 0.66
335.33 0.41
336.77 0.38
341.32 0.21
344.91 0.33
345.56 0.8
348.9 1.11
349.45 0.78
350.5 0.31
352.44 0.45
353.94 0.52
354.79 0.74
359.36 0.01
360.92 0.25
362.24 0.26
363.53 0.59
364.77 0.56
366.09 1.25
371.07 0.6
371.89 1.24
372.9 1.1
375.16 0.93
382.69 0.3
387.9 0.25
389.68 0.24
391.73 2.25
394.13 0.36
395.33 0.5
399.82 0.07
405.14 0.2
411.2 0.3
412.72 0.18
413.37 0.57
414.33 0.37
415.17 0.38
419.15 0.23
420.53 0.26
421.15 0.9
423.18 1.11
424.98 0.97
429.74 0.16
430.89 0.2
432.65 0.22
433.65 0.54
434.4 0.8
435.69 0.48
436.28 0.46
437.49 0.56
438.1 0.4
438.62 0.78
440.24 0.03
441.07 0.9
448.69 0.41
449.8 0.63
451.41 0.85
459.03 0.22
459.88 0.69
460.73 1.61
462.95 1.43
467.11 0.37
470.72 0.44
476.47 0.36
477.27 0.5
478.93 1.33
479.51 0.04
482.39 0.53
487.11 0.53
488.02 0.69
488.99 0.07
489.76 2.53
498.0 0.42
499.52 0.49
500.33 0.49
501.26 0.53
501.87 1.22
504.07 0.1
507.43 0.29
509.0 0.31
510.72 0.83
511.27 2.23
512.55 1.1
514.2 0.54
519.78 0.49
520.69 0.03
522.27 1.16
525.69 0.52
529.75 0.83
530.62 0.79
531.32 1.53
534.04 0.54
536.45 0.41
540.76 0.69
544.27 0.53
545.78 0.53
546.59 0.59
547.7 0.46
548.68 1.24
549.82 0.26
550.7 0.52
553.63 0.25
557.75 1.39
559.68 1.11
560.19 0.38
561.01 2.03
564.1 0.25
570.06 0.33
571.29 0.42
572.05 0.39
573.98 1.09
576.98 0.03
578.07 1.82
579.16 0.52
579.97 0.53
581.81 0.53
583.5 0.49
587.59 0.62
589.82 1.14
590.71 1.45
592.04 0.96
592.68 0.91
596.15 0.15
598.28 0.34
600.0 0.47
604.83 0.95
605.54 0.97
606.96 0.31
608.45 0.22
609.02 0.5
610.55 1.28
615.59 1.2
616.64 0.03
618.79 0.2
620.97 0.32
621.95 2.13
627.61 0.37
630.11 0.74
631.51 1.05
636.45 0.72
637.75 0.55
638.78 0.49
640.97 0.55
644.67 0.18
647.74 0.41
653.94 0.25
661.75 0.21
663.29 0.88
664.06 1.01
664.79 1.75
667.25 0.23
669.63 0.23
672.28 0.67
673.7 0.72
675.27 0.44
676.56 0.56
679.02 0.52
683.63 0.22
688.64 0.15
689.61 0.4
690.4 0.98
691.28 1.27
692.37 0.57
692.95 0.95
696.17 1.14
698.42 0.03
700.06 2.14
705.66 0.22
706.23 0.36
707.07 1.41
708.08 0.36
708.85 0.48
711.78 0.79
713.31 1.79
719.3 0.9
720.04 0.5
726.33 0.24
728.38 0.88
729.5 0.41
734.18 1.05
736.3 1.84
738.92 0.51
743.41 0.41
745.11 0.04
745.98 0.56
746.7 0.56
748.64 1.07
751.01 1.83
755.22 2.25
756.66 1.97
760.49 0.04
762.92 0.27
764.26 0.13
766.95 0.42
767.64 0.97
768.68 2.37
770.94 1.18
775.43 0.01
776.25 1.12
780.59 1.42
781.48 1.47
782.32 1.64
783.68 0.86
785.3 1.0
787.17 0.91
788.65 0.57
791.15 0.54
796.26 0.31
796.86 0.51
797.75 1.27
799.51 1.76
800.72 1.83
805.02 0.91
806.38 0.57
812.39 0.24
813.36 0.24
814.89 0.49
816.54 1.54
820.32 0.62
822.48 2.04
824.02 1.1
826.24 0.22
831.03 1.47
832.62 1.17
833.88 0.25
839.2 1.1
841.37 1.1
842.71 1.72
845.14 0.42
849.26 0.91
849.98 1.49
851.92 0.28
854.27 0.61
855.42 0.6
859.81 0.46
861.4 0.64
865.21 0.12
865.91 0.43
868.37 0.57
873.6 0.38
874.3 0.03
875.08 0.9
876.55 1.17
878.4 1.34
880.02 0.2
885.62 0.22
887.42 0.43
888.75 0.35
889.88 0.81
890.54 0.51
892.19 0.1
894.37 0.53
897.99 0.16
899.96 0.16
902.67 0.26
904.51 0.21
908.08 0.43
908.58 0.58
909.37 0.99
910.64 0.81
912.61 0.58
913.97 0.92
914.71 1.46
916.93 2.12
922.21 0.18
923.86 0.27
926.25 0.24
927.47 0.37
929.1 0.32
929.98 0.38
933.5 0.63
936.3 1.1
937.04 1.15
937.81 1.06
939.3 1.85
943.58 0.64
944.2 1.43
951.57 1.17
952.77 2.7
953.91 1.65
954.56 1.37
960.03 1.08
961.47 0.66
962.04 1.31
963.76 0.85
964.58 1.24
966.83 2.06
973.0 0.89
973.76 1.09
974.29 1.54
974.81 2.15
976.25 0.18
977.06 0.89
978.45 1.14
988.01 0.31
988.81 0.7
990.43 0.36
992.1 1.22
993.0 0.19
994.27 0.23
994.88 0.68
998.14 0.54
1000.29 1.05
1002.86 0.54
1004.02 1.12
1004.96 1.5
1009.87 0.05
1011.12 0.02
1012.87 0.57
1018.26 2.33
1019.83 2.23
1020.86 0.67
1022.28 0.44
1025.58 0.4
1033.28 0.51
1033.93 0.75
1038.89 0.34
1041.17 0.38
1043.77 0.58
1044.47 0.5
1046.34 0.58
1046.98 0.76
1047.69 0.04
1053.68 0.75
1054.45 2.07
1057.75 0.36
1060.26 0.78
1062.18 0.54
1064.23 0.18
1067.58 0.64
