0.0 2.65
1.84 6.13
2.81 9.39
3.7 0.07
5.8 3.35
8.05 7.28
9.23 3.17
10.87 0.39
12.0 10.3
12.84 10.63
13.63 5.77
14.16 9.1
14.75 11.59
17.04 1.71
18.63 3.19
20.9 6.22
22.78 12.13
24.32 3.08
26.33 4.84
28.35 8.63
30.34 7.7
32.33 3.22
34.32 11.25
37.77 8.44
39.26 2.17
40.33 6.97
42.33 5.59
44.34 3.87
46.35 9.3
48.35 9.85
50.33 8.17
52.32 10.04
54.54 6.19
57.06 5.37
58.39 5.58
60.35 5.65
62.32 4.54
64.54 2.22
70.02 3.19
80.0 3.9
81.16 6.38
82.93 1.08
83.59 7.46
84.88 4.64
86.48 5.28
87.29 10.93
87.97 3.9
88.63 4.69
94.5 4.16
98.86 5.58
101.93 3.2
102.5 4.72
103.03 0.82
103.8 7.51
104.5 3.73
105.26 4.12
108.76 1.02
113.55 5.03
117.86 4.47
118.49 10.48
119.22 4.45
120.68 5.37
123.36 6.04
126.82 0.03
130.05 1.85
132.17 2.29
134.01 4.98
134.87 3.67
135.68 2.25
136.48 3.65
138.34 4.65
138.95 9.71
141.01 1.67
143.0 9.51
145.01 6.18
146.99 8.96
149.04 0.23
151.01 9.64
153.01 8.29
155.32 8.73
157.02 3.84
159.03 2.65
161.0 10.36
163.0 11.31
166.53 4.72
170.26 2.09
174.04 0.05
177.08 2.87
179.0 4.74
180.05 6.8
181.65 8.74
184.49 4.24
186.98 2.57
188.28 2.33
189.54 5.08
190.75 8.49
191.96 4.69
196.49 4.17
197.99 3.45
199.27 4.78
200.26 6.66
201.41 6.0
202.52 4.21
203.88 5.38
205.44 4.43
207.47 4.77
212.85 4.38
216.93 3.21
220.54 0.2
221.44 3.62
222.32 5.3
223.84 5.09
227.45 2.78
229.1 7.52
230.54 1.85
231.63 8.14
233.55 8.39
234.71 3.43
235.5 8.34
237.55 5.06
238.13 5.09
241.27 1.98
244.64 6.34
247.67 2.09
251.18 4.99
254.85 0.81
255.85 2.77
256.53 6.31
257.83 9.36
260.39 3.31
262.18 4.15
263.56 4.94
264.12 4.86
265.39 7.88
268.61 5.32
270.52 0.84
272.39 5.03
274.15 3.42
275.83 2.63
277.48 3.76
278.92 6.23
281.55 3.25
284.92 4.86
288.08 3.07
291.35 4.36
294.54 2.24
296.25 2.93
297.04 1.69
298.4 4.07
299.87 3.75
301.2 2.97
305.37 0.83
308.8 4.59
310.47 7.7
311.43 4.54
313.27 3.41
314.14 7.61
314.9 5.94
316.26 5.74
317.54 3.37
319.12 8.89
320.79 5.11
327.83 4.08
332.29 5.08
333.06 7.23
334.61 2.97
335.34 7.13
335.91 7.81
336.78 10.65
338.94 2.95
340.21 12.12
345.1 4.81
350.29 5.37
351.8 5.73
353.45 8.83
355.18 2.87
356.47 5.63
358.06 9.2
358.58 9.19
360.36 0.13
361.62 4.41
363.5 1.63
364.82 7.52
366.13 1.23
366.91 6.46
368.8 0.34
370.79 3.15
372.8 5.4
374.82 2.82
376.86 2.56
378.8 7.76
380.79 3.39
382.83 5.66
384.81 7.33
386.79 4.8
388.78 8.07
390.8 11.0
392.83 2.97
394.79 10.11
396.79 11.7
398.79 11.08
400.79 2.68
405.91 6.7
407.72 4.52
408.93 9.23
413.44 1.86
418.52 4.33
420.23 6.51
421.56 6.31
422.33 6.9
423.41 10.27
424.48 7.18
425.46 3.21
426.24 5.38
426.84 3.04
428.82 2.55
430.79 0.03
432.79 4.55
434.79 6.28
436.83 8.32
438.83 2.93
440.8 5.76
442.82 10.03
444.78 11.1
446.84 6.96
448.81 12.55
450.82 7.04
453.23 7.24
455.48 8.36
456.82 4.64
458.88 2.22
460.77 5.54
465.44 4.52
469.69 1.54
473.06 2.47
474.37 6.59
476.0 1.28
478.67 7.87
480.3 4.13
482.54 7.21
484.99 5.2
486.99 2.07
488.18 6.19
489.85 2.23
491.7 4.53
493.11 2.65
494.4 1.95
494.99 4.67
496.02 2.58
498.9 2.27
500.44 6.71
504.53 3.35
508.86 4.44
510.39 3.52
512.28 5.27
514.69 3.16
515.98 3.07
517.23 3.08
518.82 3.52
519.96 3.15
522.38 3.89
525.33 9.07
526.71 4.96
527.92 6.24
529.34 1.79
529.9 6.26
534.08 2.37
538.65 3.36
541.46 7.4
544.37 0.84
545.87 9.71
547.97 3.35
549.06 0.22
549.76 9.15
551.08 1.32
551.91 5.44
553.06 4.27
556.67 3.26
561.1 1.34
565.51 2.32
567.01 7.91
568.04 2.53
569.94 5.54
571.64 3.59
572.51 4.91
574.75 5.52
576.69 5.85
578.72 4.55
581.18 4.18
583.2 3.96
584.68 7.76
586.63 0.25
589.02 1.72
589.87 9.65
591.99 2.53
594.72 1.83
597.38 2.69
599.84 5.68
601.18 4.75
602.83 6.32
603.59 5.78
604.63 4.61
606.99 5.36
609.61 8.42
613.25 4.19
616.54 1.91
618.47 5.78
620.22 5.14
622.64 4.87
625.32 4.44
626.63 3.26
627.84 3.36
628.74 6.76
629.82 6.6
631.59 7.43
633.15 7.54
635.26 6.98
638.08 4.7
639.29 3.94
640.71 2.64
641.53 7.29
643.51 2.05
644.78 3.39
646.71 6.58
648.7 2.52
651.18 6.76
653.68 8.32
656.47 4.57
659.72 1.69
661.32 5.88
662.1 2.69
662.91 2.39
664.7 5.67
666.7 10.45
669.42 8.35
674.03 0.68
676.14 0.21
678.16 3.63
680.04 4.26
682.15 3.37
683.8 1.62
684.74 3.71
685.66 4.11
686.7 5.58
688.73 5.39
690.7 4.39
692.7 4.63
694.7 8.56
696.7 6.95
698.71 5.86
700.92 9.43
703.02 8.84
705.19 1.72
708.45 4.64
712.57 6.98
716.79 3.06
719.55 3.91
722.53 3.43
723.52 5.18
724.38 3.25
725.59 1.98
728.37 4.83
730.03 7.75
731.68 2.9
733.76 4.96
735.24 4.76
736.01 12.95
738.09 0.65
739.64 5.33
743.0 4.14
745.26 1.64
746.26 4.3
748.58 4.73
750.25 5.14
754.07 0.09
755.22 9.18
757.67 3.34
758.71 2.27
760.2 4.49
761.58 3.77
765.46 0.03
768.0 2.07
769.76 4.79
771.8 8.0
774.14 5.1
778.02 2.25
779.46 4.01
780.46 4.71
781.51 2.48
783.36 5.89
784.94 3.09
786.37 10.1
797.84 6.98
798.58 6.17
799.39 3.87
800.24 9.39
801.0 9.44
803.32 3.72
805.24 3.28
806.92 0.41
808.3 5.01
809.81 8.53
811.57 4.28
812.86 2.15
815.41 2.65
818.56 4.64
820.9 1.45
822.52 6.63
825.55 3.58
826.86 3.83
828.06 5.05
829.32 3.98
830.93 8.84
832.62 4.01
836.06 8.13
840.16 4.44
843.23 3.5
845.31 4.42
846.8 3.43
848.52 3.03
849.45 4.47
850.56 6.41
851.7 6.71
853.01 4.18
854.66 6.82
858.19 2.6
861.22 6.29
863.43 2.84
865.3 7.62
867.48 3.56
868.88 4.5
869.85 5.23
871.66 4.84
874.24 3.79
875.89 5.83
877.94 5.68
880.01 5.34
880.74 6.5
883.11 2.37
885.06 4.86
887.35 5.3
888.3 6.08
889.7 6.58
891.84 2.37
894.34 3.27
896.52 0.58
898.3 6.77
900.54 4.86
902.42 6.73
904.56 4.39
906.59 3.62
908.61 3.29
910.73 3.73
912.42 6.57
913.82 2.9
915.52 6.26
916.9 2.51
919.37 6.05
922.75 2.32
925.31 3.71
927.16 1.86
931.47 2.1
933.27 5.71
934.38 6.26
935.52 8.4
937.35 5.68
940.29 1.41
942.6 7.92
945.99 3.48
949.02 6.22
950.01 8.46
950.81 5.76
952.59 1.29
953.58 2.82
954.16 6.59
956.67 6.49
961.79 2.23
964.67 0.03
966.55 3.25
968.23 3.45
969.02 6.35
969.88 9.24
972.33 1.15
974.29 8.35
975.91 7.14
977.25 2.36
980.67 4.27
982.14 3.44
986.74 2.78
987.69 1.61
988.46 2.79
989.1 6.29
990.14 6.95
991.58 8.96
993.7 2.13
997.42 2.43
1004.52 3.38
1005.8 2.91
1006.91 7.61
1007.92 3.33
1009.91 1.9
1010.84 7.43
1012.57 10.09
1013.8 4.69
1015.35 4.71
1016.79 4.24
1018.38 4.74
1019.51 8.57
1021.29 3.76
1022.49 2.61
1024.45 3.33
1026.8 0.02
1029.59 3.0
1034.02 2.33
1036.6 0.59
1037.9 6.11
1039.8 0.05
1041.32 1.2
1042.7 4.78
1043.24 7.62
1044.47 4.24
1046.45 5.36
1048.44 7.01
1050.44 4.05
1052.49 5.52
1054.44 5.63
1056.45 5.27
1058.44 4.84
1060.44 9.3
1062.47 7.0
1064.44 7.51
1066.34 9.74
1068.44 4.47
1070.46 7.01
1074.19 2.11
1074.87 5.12
1076.44 7.95
1078.56 6.87
1080.46 7.44
1082.45 4.01
1084.45 8.73
1086.44 3.88
1088.48 3.24
1091.82 3.04
1092.38 5.92
1094.44 7.55
1096.48 7.16
1098.45 7.16
1100.45 3.14
1102.47 2.26
1105.62 4.4
1106.87 9.58
1109.35 0.68
1111.55 4.56
1114.31 6.43
1116.81 2.6
1120.49 1.8
1122.57 5.77
1124.52 1.15
1125.27 3.86
1126.04 4.59
1126.65 5.39
1128.45 5.14
1130.51 0.04
1132.45 3.34
1134.44 5.9
1136.46 1.88
1138.68 5.39
1140.69 9.65
1142.5 4.41
1144.76 8.38
1147.47 2.61
1149.8 4.69
1151.8 4.07
1154.89 3.32
1159.39 4.36
1161.79 1.84
1163.76 4.56
1165.13 5.92
1166.43 5.18
1168.68 4.46
1170.52 6.3
1171.74 3.78
1175.24 3.14
1177.05 5.03
1180.07 2.31
1181.28 5.4
1182.27 3.28
1183.25 6.95
1184.75 3.9
1186.59 3.55
1190.79 1.88
1194.36 4.05
1200.11 3.66
1201.5 4.8
1202.35 7.25
1203.2 5.59
1204.25 2.02
1204.92 4.15
1205.55 3.94
1206.46 5.39
1208.45 2.47
1210.69 4.96
1212.73 5.19
1214.47 3.88
1220.32 1.95
1222.61 3.99
1224.04 5.09
1225.82 2.1
1227.93 5.03
1230.46 3.37
1232.17 4.47
1234.59 4.62
1237.36 1.57
1239.69 4.88
1240.6 3.74
1243.11 2.24
1244.89 6.04
1246.39 3.76
1248.19 7.58
1249.53 2.93
1251.47 6.72
1253.25 6.32
1255.18 5.57
1257.83 3.62
1259.5 8.18
1260.57 7.79
1261.42 6.66
1263.14 3.41
1264.41 5.62
1266.4 3.69
1268.4 5.63
1270.42 5.97
1272.42 5.89
1274.41 11.44
1276.5 9.86
1278.48 7.89
1280.43 5.31
1282.6 3.39
1284.4 10.12
1286.4 6.22
1288.46 3.74
1290.74 7.51
1293.0 6.28
1295.06 9.15
1298.01 1.47
1301.06 3.5
1304.32 5.98
1309.93 0.51
1311.09 4.59
1312.38 7.84
1314.34 4.22
1315.48 9.87
1316.68 9.23
1319.46 0.72
1320.41 6.3
1321.37 5.17
1324.46 0.16
1325.54 7.7
1326.63 5.77
1327.69 8.58
1330.54 7.07
1331.73 5.39
1335.86 0.28
1339.03 5.2
1341.14 3.57
1344.28 2.22
1346.86 0.02
1348.65 3.61
1351.2 4.96
1354.75 6.26
1355.39 8.78
1356.42 7.75
1357.89 4.62
1359.84 8.0
1361.69 4.69
1364.65 1.73
1366.07 0.68
1370.98 0.04
1375.27 3.09
1376.69 2.82
1377.36 3.55
1377.92 3.15
1378.94 5.12
1380.96 1.46
1382.48 4.49
1383.41 6.63
1384.21 3.74
1385.56 1.73
1386.16 6.15
1388.04 7.38
1390.02 3.53
1392.03 8.5
1394.01 4.55
1396.03 3.66
1398.03 5.37
1400.04 9.2
1402.04 4.64
1404.05 5.87
1406.03 5.83
1408.03 2.95
1410.06 6.18
1412.03 4.21
1414.04 11.69
1416.0 6.43
1418.08 8.19
1420.04 5.17
1422.03 3.9
1424.05 8.4
1426.02 4.33
1428.05 5.24
1430.13 7.81
1432.5 3.78
1434.16 6.16
1436.42 6.72
1438.35 4.79
1440.26 2.36
1443.02 4.39
1445.08 1.48
1447.28 3.19
1448.68 6.5
1450.05 4.54
1453.74 0.35
1455.21 9.34
1456.36 2.65
1458.04 5.5
1460.04 6.09
1462.2 0.36
1464.43 7.96
1468.16 2.05
1472.64 3.42
1474.45 6.6
1475.3 9.75
1476.04 7.49
1477.9 3.64
1480.12 3.97
1481.69 5.59
1483.96 6.01
1485.71 4.06
1487.98 3.75
1489.95 6.21
1492.16 2.03
1494.56 1.66
1495.6 5.29
1496.39 5.2
1498.3 4.87
1500.27 9.25
1502.74 1.49
1506.87 2.8
1509.21 1.54
1511.95 0.87
1513.32 5.14
1513.84 9.07
1515.89 6.64
1517.88 5.59
1519.88 7.61
1521.89 8.03
1523.87 6.73
1525.87 3.4
1527.89 4.55
1530.01 4.54
1531.88 6.02
1533.87 4.34
1535.76 6.73
1537.98 2.91
1539.89 7.81
1541.9 6.28
1543.87 4.97
1545.88 4.28
1547.9 4.99
1549.87 11.1
1551.88 6.17
1553.87 3.42
1555.85 8.75
1557.89 7.39
1559.88 4.99
1561.87 7.63
1563.89 5.4
1565.9 9.88
1567.89 8.05
1569.88 6.12
1571.87 4.84
1573.88 3.92
1575.89 7.67
1577.89 3.94
1579.87 2.64
1581.87 9.63
1583.9 5.2
1585.88 3.98
1587.87 9.84
1589.88 3.2
1591.86 4.07
1594.02 3.0
1595.87 5.16
1598.01 7.65
1599.88 4.57
1602.17 8.47
1603.9 4.26
1605.9 7.21
1607.8 3.34
1609.86 8.43
1611.88 5.87
1613.92 3.69
1615.91 7.26
1617.89 8.51
1620.11 7.33
1621.93 7.64
1623.89 3.25
1625.88 10.01
1627.87 6.37
1629.91 3.13
1631.89 5.95
1633.87 5.95
1635.89 10.75
1637.88 9.98
1640.31 2.24
1641.9 10.32
1644.11 4.2
1645.88 6.38
1647.88 6.84
1649.9 5.85
1651.88 3.21
1653.95 8.82
1656.98 12.04
1661.27 1.87
1665.52 6.98
1667.95 6.22
1670.54 3.32
1675.1 5.16
1676.32 4.02
1676.88 6.85
1677.55 9.2
1678.19 5.89
1679.31 2.74
1679.86 3.39
1680.57 8.16
1681.91 6.87
1683.88 9.74
1685.91 4.88
1687.89 8.72
1689.88 5.54
1691.89 3.38
1693.91 9.8
1695.9 6.34
1697.87 7.53
1700.14 5.37
1702.42 11.13
1706.37 3.11
1712.67 3.9
1713.71 7.67
1714.67 7.37
1715.65 4.89
1718.21 2.71
1721.08 3.89
1722.98 4.28
1724.63 5.72
1726.59 2.65
1730.39 2.14
1732.25 4.93
1734.05 12.03
1734.98 1.32
1735.68 5.29
1737.23 10.27
1739.22 1.67
1742.16 3.22
1744.95 7.2
1745.69 5.54
1748.05 2.15
1750.4 3.06
1751.89 9.38
1753.14 7.22
1755.16 3.66
1756.57 3.72
1758.29 2.5
1759.59 2.64
1762.33 3.69
1763.87 4.22
1766.49 5.75
1767.78 4.53
1771.24 1.37
1772.43 9.36
1773.29 9.31
1774.42 1.29
1776.95 3.68
1780.02 4.09
1782.16 2.75
1782.91 5.49
1784.35 4.79
1787.7 3.26
1790.21 4.45
1794.46 4.06
1796.56 1.27
1799.35 5.24
1802.18 3.52
1804.15 2.12
1806.21 4.94
1807.61 5.34
1810.24 0.1
1811.21 5.44
1812.4 2.05
1814.06 4.03
1816.7 2.98
1819.63 2.4
1821.79 2.55
1823.39 0.05
1824.68 1.31
1826.14 1.02
1827.19 3.53
1828.26 3.6
1829.94 4.57
1831.78 5.84
1832.83 7.05
1834.13 3.55
1836.13 1.91
1838.1 5.62
1840.18 2.03
1842.13 2.66
1844.14 1.32
1846.28 4.09
1848.25 9.6
1850.19 4.47
1852.16 4.42
1854.14 6.87
1856.24 7.44
1858.41 3.53
1860.33 2.33
1862.12 4.79
1864.12 4.98
1866.33 6.3
1868.17 5.48
1870.2 6.5
1872.13 4.12
1874.11 5.92
1876.12 7.28
1878.15 9.58
1880.13 6.13
1882.12 5.92
1884.13 4.12
1886.16 7.94
1888.14 11.62
1890.13 6.1
1892.12 8.16
1894.13 5.04
1896.42 6.0
1898.56 2.08
1900.94 9.84
1902.14 10.7
1904.12 5.99
1906.14 8.76
