0.0 45.19
2.03 85.92
4.01 85.92
6.02 82.01
8.0 0.28
10.0 113.9
12.0 136.36
14.0 134.0
15.99 3.69
18.0 3.75
19.99 64.02
21.99 106.53
24.0 118.01
25.99 145.82
28.0 158.85
30.0 10.9
32.0 154.17
33.99 10.33
36.0 134.15
38.04 186.19
39.99 0.34
42.0 163.05
44.0 16.53
46.01 220.36
47.99 212.42
49.99 172.93
51.99 4.47
53.99 0.11
56.0 69.04
58.0 0.36
59.99 219.04
62.0 143.97
63.99 0.45
66.0 201.48
67.99 13.1
70.0 118.23
72.0 83.48
74.01 183.92
76.0 73.81
77.99 10.21
80.0 173.68
81.99 8.58
83.99 65.11
86.25 180.45
88.24 0.39
90.25 161.05
92.25 14.83
94.24 187.32
96.11 6.79
98.25 85.19
100.25 242.56
102.24 0.36
104.25 248.52
106.24 13.92
108.24 182.64
110.24 57.95
112.24 57.95
114.38 123.54
116.24 0.33
118.24 165.62
120.24 233.89
122.24 0.28
124.23 247.79
126.25 0.42
128.24 92.19
130.24 0.34
132.25 217.77
135.24 213.17
137.25 0.88
140.0 204.9
142.24 250.25
144.24 233.96
146.24 269.97
148.24 270.71
150.25 266.51
152.25 7.75
154.24 91.53
156.24 9.94
158.24 267.62
160.65 219.13
162.65 185.73
164.66 196.13
166.65 0.45
168.67 205.16
170.67 217.6
172.66 196.07
174.66 161.19
176.65 10.69
178.65 202.04
180.66 178.39
182.66 230.49
184.65 174.99
186.65 228.82
189.65 169.07
191.66 0.41
194.65 70.08
254.65 70.08
