0.0 0.2
60.1 0.36
63.4 0.34
67.02 0.35
70.2 0.36
73.34 0.36
76.74 0.35
79.59 0.34
82.46 0.34
86.41 0.34
90.61 0.32
93.71 0.36
96.18 0.36
98.93 0.33
101.33 0.34
104.29 0.35
106.9 0.35
110.67 0.35
114.12 0.37
118.02 0.36
122.07 0.32
126.37 0.33
129.13 0.37
131.23 0.37
133.41 0.33
137.38 0.34
140.89 0.36
145.08 0.36
149.43 0.31
154.27 0.36
158.09 0.34
161.62 0.34
165.4 0.34
168.09 0.35
171.16 0.36
173.5 0.36
175.78 0.32
178.85 0.36
181.74 0.36
184.63 0.35
187.29 0.34
189.8 0.36
191.48 0.38
193.36 0.34
196.11 0.34
198.65 0.35
201.65 0.35
203.79 0.38
206.46 0.36
210.0 0.35
213.28 0.33
216.38 0.36
219.18 0.37
221.41 0.37
222.7 0.34
224.0 0.36
227.88 0.37
231.28 0.34
234.85 0.39
238.15 0.34
241.23 0.34
244.68 0.36
247.41 0.34
250.05 0.35
252.68 0.36
255.8 0.37
258.37 0.36
260.58 0.35
263.57 0.36
264.9 0.34
267.07 0.37
270.05 0.36
274.9 0.35
279.51 0.35
284.06 0.35
289.19 0.36
294.65 0.31
300.03 0.37
302.98 0.37
304.12 0.36
305.68 0.34
307.08 0.37
308.7 0.36
311.86 0.39
314.28 0.33
317.37 0.31
319.8 0.37
322.58 0.33
325.21 0.34
327.53 0.35
329.86 0.37
332.32 0.33
333.85 0.41
335.18 0.36
336.95 0.38
338.98 0.37
340.35 0.34
342.07 0.36
343.4 0.34
345.13 0.37
346.16 0.36
347.91 0.34
348.9 0.33
350.56 0.36
353.33 0.36
355.41 0.34
357.69 0.35
359.17 0.38
362.42 0.33
366.08 0.36
368.1 0.34
370.19 0.34
372.12 0.34
374.03 0.35
375.94 0.37
377.91 0.35
379.51 0.29
381.07 0.36
382.99 0.38
383.9 0.37
385.1 0.34
387.03 0.34
387.95 0.36
391.18 0.35
392.23 0.4
393.91 0.36
394.9 0.37
395.72 0.33
397.91 0.39
400.77 0.36
405.92 0.36
411.06 0.33
416.5 0.36
422.51 0.37
427.43 0.36
432.87 0.39
437.82 0.36
442.92 0.36
447.15 0.34
450.49 0.35
454.44 0.37
457.83 0.36
459.99 0.34
462.81 0.37
464.7 0.36
466.49 0.38
467.94 0.32
469.83 0.36
472.9 0.33
476.16 0.35
479.35 0.37
