0.0 42.18
1.2 20.36
3.79 20.36
5.8 45.84
7.8 47.71
9.81 46.86
11.84 53.23
13.85 54.17
15.86 54.34
17.86 54.34
19.89 57.68
21.9 56.19
23.92 64.95
25.94 63.46
27.95 64.3
29.96 64.3
31.97 64.3
33.99 70.69
36.0 60.76
38.03 65.45
40.04 69.0
42.05 74.86
44.07 76.75
46.08 72.38
48.09 77.05
50.1 74.62
52.1 76.95
54.11 76.23
56.12 76.81
58.13 76.81
60.14 82.52
62.16 75.47
64.16 79.31
66.18 79.32
67.29 86.22
70.21 89.13
72.23 89.13
74.23 89.13
76.24 83.55
78.25 88.77
80.26 101.28
81.26 102.67
84.28 102.67
86.3 109.08
87.3 92.64
89.32 96.47
91.33 104.52
93.36 104.52
95.36 104.52
97.38 104.52
99.39 99.23
101.41 99.23
103.41 99.23
105.44 102.13
107.46 111.76
109.48 109.37
111.5 109.37
113.52 109.37
115.54 109.37
117.56 109.37
119.57 110.97
121.58 114.58
123.6 110.08
125.61 110.08
127.63 103.67
129.64 116.65
131.65 111.9
133.66 109.91
135.66 6.35
137.66 83.35
139.67 80.83
141.7 80.83
143.71 80.83
145.72 113.53
147.73 83.76
149.75 109.92
151.76 109.92
153.78 109.92
155.78 106.01
157.82 78.19
159.83 78.19
161.84 78.19
163.84 78.19
165.85 78.19
167.86 78.19
169.87 106.64
171.88 103.11
173.89 103.11
175.91 103.11
177.92 103.11
179.94 103.11
181.96 103.11
183.96 103.11
185.98 103.11
188.0 103.11
190.0 103.11
192.03 103.11
194.05 103.11
196.06 103.11
198.07 103.11
200.09 103.11
202.11 103.11
204.12 103.11
206.14 103.11
208.17 103.11
210.18 105.11
212.19 111.06
214.2 105.23
216.21 105.23
218.22 105.23
220.23 105.23
222.24 105.23
224.26 105.23
226.26 105.23
228.27 105.23
230.28 105.23
232.29 105.23
234.31 105.23
236.33 105.23
238.34 113.78
240.34 97.05
242.36 97.05
244.38 108.47
246.38 119.79
248.4 74.19
249.49 111.77
252.42 122.79
254.43 120.31
256.43 7.41
258.44 116.74
259.61 5.85
261.46 118.35
263.48 61.02
265.5 6.16
267.52 114.04
269.53 116.33
271.54 106.4
273.55 90.79
275.57 79.49
277.57 47.48
279.61 65.35
281.65 103.5
283.66 95.54
285.67 105.82
287.69 105.82
289.7 92.54
291.71 92.54
293.72 92.54
295.74 92.54
297.74 92.54
299.76 97.79
301.78 92.14
303.79 98.48
305.8 100.21
307.82 100.21
309.82 100.21
311.83 100.21
313.86 100.21
315.87 99.42
317.88 97.07
319.9 93.09
321.93 99.69
323.93 100.16
325.96 100.4
327.98 103.08
329.99 102.5
332.01 108.15
334.03 101.26
336.04 106.68
338.05 105.45
340.06 106.84
342.08 104.4
344.08 104.4
346.09 104.4
348.1 104.4
350.13 104.4
352.14 104.4
354.15 104.4
356.16 104.4
358.18 104.4
360.22 90.6
362.23 104.04
364.24 101.09
366.25 101.09
368.26 101.09
370.28 92.77
372.3 92.92
374.31 111.06
376.33 111.06
378.35 111.89
380.37 106.31
382.38 108.16
385.41 110.36
386.42 110.36
388.45 102.58
390.47 101.69
392.49 101.69
394.5 114.03
396.53 114.03
398.54 105.21
400.56 103.73
402.58 114.02
403.75 6.11
405.6 114.87
407.61 122.64
409.62 122.14
411.64 127.07
413.66 126.31
415.66 126.31
417.67 126.31
419.68 126.31
421.7 115.11
423.7 115.11
425.72 115.11
427.73 115.11
429.75 115.11
431.77 108.05
433.78 93.8
435.8 93.8
437.83 93.8
439.84 93.8
441.85 102.38
443.88 104.61
445.89 99.97
447.89 99.97
449.92 99.97
451.92 99.97
453.94 99.97
455.95 99.97
457.95 99.97
459.95 105.74
461.97 105.74
463.97 105.74
465.99 105.74
467.99 105.74
469.99 105.74
472.01 105.74
474.01 105.74
476.04 105.74
478.02 105.74
480.05 105.74
482.06 105.74
484.08 104.33
486.08 93.83
488.08 102.3
490.11 107.41
492.12 107.41
494.12 107.41
496.15 107.41
498.15 107.41
500.17 107.41
502.17 107.41
504.19 101.79
506.2 101.79
508.2 106.11
510.21 106.71
512.23 113.84
514.24 116.8
516.24 116.8
518.25 112.01
520.26 106.83
522.27 116.55
524.28 116.55
526.29 20.57
528.3 36.79
530.3 43.38
532.31 34.92
534.34 7.64
536.35 20.1
538.35 43.12
540.36 48.81
542.37 48.29
544.37 48.88
546.38 48.88
548.39 48.88
550.4 48.88
552.41 48.88
554.42 48.88
556.45 48.88
558.45 50.91
560.46 51.21
562.48 55.01
564.49 52.69
566.5 52.69
568.51 52.69
570.52 52.69
572.52 58.79
574.52 58.79
576.55 58.79
578.55 58.79
580.57 58.79
582.59 58.79
584.6 54.69
586.61 61.95
588.62 61.95
590.63 61.95
592.64 61.95
594.66 61.95
596.68 61.95
598.69 61.95
600.7 61.95
602.71 61.95
604.72 61.95
606.73 61.95
608.74 61.95
609.84 61.95
612.77 61.95
614.78 61.95
616.79 61.95
618.8 61.95
620.81 61.95
621.82 61.95
623.93 61.95
625.85 61.95
627.87 61.95
629.89 61.95
631.92 61.95
633.94 61.95
635.95 61.95
637.96 61.95
639.97 61.95
641.98 61.95
643.99 61.95
646.0 61.95
648.01 61.95
650.02 61.95
652.04 59.93
655.06 70.13
656.06 71.03
658.07 71.03
660.08 71.03
662.1 71.03
664.11 71.03
666.12 68.24
668.13 68.24
670.14 68.24
672.16 68.24
674.17 68.24
676.18 68.24
678.19 68.24
680.21 68.24
682.22 68.24
684.24 68.24
686.26 68.24
688.28 68.24
690.3 68.24
692.31 68.24
694.33 68.24
696.35 68.24
698.37 68.24
700.38 68.24
702.39 68.24
704.42 68.24
706.45 68.24
708.46 68.24
710.48 68.24
712.5 68.24
714.51 68.24
716.53 68.24
718.55 68.24
720.56 68.24
722.58 68.24
724.6 68.24
726.62 68.24
728.63 68.24
730.65 68.24
732.67 68.24
734.68 68.24
736.7 68.24
738.71 68.24
740.72 68.24
742.73 68.24
744.74 68.24
746.75 68.24
748.76 68.24
750.77 68.24
752.78 68.24
754.8 68.24
756.81 68.24
758.82 68.24
760.84 68.24
762.85 68.24
764.86 65.17
766.87 67.36
768.88 67.36
770.9 67.36
772.91 67.36
774.92 67.36
776.93 67.36
778.04 67.36
780.95 67.36
782.96 67.36
784.97 67.36
786.98 67.36
787.99 67.36
791.01 67.36
792.02 67.36
794.03 73.56
796.05 73.56
798.09 72.88
800.1 72.88
802.12 72.88
804.15 72.88
806.17 72.88
808.18 72.88
810.19 72.88
812.2 72.88
814.22 72.88
816.22 72.88
818.24 72.88
820.27 67.31
822.3 67.31
824.32 67.31
826.33 67.31
828.35 67.31
830.37 66.35
832.37 66.35
834.39 66.35
836.4 66.35
838.43 66.35
840.45 71.29
842.47 71.29
844.49 71.29
846.5 71.29
848.5 71.29
850.51 71.29
852.53 71.29
854.54 71.29
856.56 71.29
858.58 71.29
860.59 71.29
862.62 71.29
864.63 71.29
866.63 71.29
868.64 71.29
870.64 71.29
872.64 71.29
874.66 71.29
876.7 71.29
878.69 71.29
880.71 71.29
882.74 71.29
884.77 71.29
886.77 71.29
888.81 71.29
890.83 71.29
892.84 71.29
894.85 71.29
896.85 71.29
898.88 71.29
900.9 71.29
902.91 71.29
904.93 71.29
906.94 71.29
908.94 71.29
910.96 71.29
912.98 71.29
914.99 71.29
917.0 71.29
919.01 71.29
921.02 71.29
923.03 71.29
925.04 71.29
927.05 71.29
929.06 71.29
931.07 71.29
933.08 71.29
935.09 71.29
936.19 61.69
939.13 61.69
941.14 77.88
943.16 73.73
944.18 74.19
946.21 82.66
948.22 78.99
950.22 81.92
952.24 95.53
954.27 85.27
956.29 101.11
958.31 99.6
960.31 99.6
962.32 99.3
964.33 102.74
966.33 102.74
968.35 102.74
970.35 102.74
972.37 102.74
974.39 102.74
976.41 102.74
978.42 102.74
980.44 112.57
982.44 110.58
984.46 110.58
986.49 110.58
988.49 110.58
990.5 110.58
992.51 110.58
994.53 110.58
996.56 87.04
998.56 115.85
1000.56 103.39
1002.56 118.76
1004.57 5.75
1006.57 113.99
1008.58 120.45
1010.6 104.19
1012.61 104.19
1014.66 7.74
1016.66 118.13
1018.68 6.06
1020.68 90.39
1022.71 9.8
1024.73 23.16
1026.73 94.84
1028.74 94.84
1030.74 85.4
1032.76 94.69
1034.78 94.08
1036.8 94.08
1038.83 94.08
1040.84 96.61
1042.87 96.57
1044.88 96.57
1046.91 89.47
1048.91 97.92
1050.92 97.92
1052.94 99.06
1054.95 99.06
1056.98 99.06
1059.0 99.06
1061.03 99.06
1063.04 99.06
1065.06 99.06
1067.08 92.9
1069.09 98.39
1071.11 104.43
1073.14 100.21
1075.14 100.21
1077.15 100.21
1079.18 100.21
1081.19 101.52
1083.2 99.65
1085.21 99.65
1087.22 99.65
1089.24 99.65
1091.24 99.65
1093.26 99.65
1094.36 99.65
1097.3 99.65
1098.31 99.65
1100.32 99.65
1102.33 99.65
1104.35 99.65
1106.36 99.65
1108.39 89.91
1110.4 103.43
1112.43 102.41
1114.45 100.49
1116.46 90.51
1118.48 102.61
1120.51 113.53
1122.54 113.53
1124.55 116.18
1126.58 117.62
1128.59 115.87
1130.62 116.28
1132.64 114.56
1134.68 7.22
1136.69 115.3
1138.71 108.16
1140.74 107.68
1142.75 58.64
1144.78 106.37
1146.8 54.06
1148.83 77.35
1150.82 77.35
1152.84 77.35
1154.85 77.35
1156.88 77.35
1158.91 77.35
1160.94 77.35
1162.96 77.35
1164.98 77.35
1166.99 77.35
1169.02 77.35
1171.03 77.35
1173.06 77.35
1175.08 77.35
1177.09 77.35
1179.11 77.35
1181.14 77.35
1183.16 77.35
1185.16 107.38
1187.18 99.05
1189.19 99.05
1191.2 99.05
1193.23 99.05
1195.25 99.05
1197.26 99.05
1199.26 99.05
1201.28 99.05
1203.3 99.05
1205.3 99.05
1207.31 99.05
1209.32 99.05
1211.34 113.26
1213.34 113.26
1214.42 113.26
1217.35 113.26
1219.37 113.26
1221.37 113.26
1223.4 113.26
1224.5 113.26
1227.43 113.26
1228.52 113.26
1230.46 113.26
1232.47 113.26
1234.5 113.26
1236.53 113.26
1238.54 113.26
1240.58 113.26
1242.58 113.26
1244.61 113.26
1246.64 113.26
1248.64 113.26
1250.65 113.26
1252.68 113.26
1254.69 113.26
1256.72 113.26
1258.74 113.26
1260.75 113.26
1262.77 113.26
1264.78 113.26
1266.8 113.26
1268.82 117.04
1270.82 117.04
1272.82 117.04
1274.83 117.04
1276.86 117.04
1278.86 22.12
1280.87 22.12
1282.88 6.33
1284.9 8.83
1286.93 23.1
1288.95 25.04
1290.97 28.18
1292.97 33.99
1295.0 35.42
1297.01 35.29
1299.03 35.29
1301.05 35.29
1303.06 33.14
1305.1 33.14
1307.12 33.14
1309.13 32.67
1311.15 32.67
1313.16 36.8
1315.27 36.8
1317.18 36.8
1319.19 36.8
1321.2 40.06
1323.21 37.39
1325.24 39.4
1327.24 35.32
1329.26 38.26
1331.27 38.26
1333.29 38.26
1335.31 38.26
1337.32 38.26
1339.33 38.26
1341.35 41.87
1343.36 40.49
1345.38 41.65
1347.39 43.35
1349.42 46.98
1351.43 46.98
1353.45 47.27
1355.46 53.77
1357.48 53.77
1358.57 53.77
1361.5 52.36
1363.52 54.2
1365.53 55.55
1367.55 55.55
1369.55 54.1
1370.58 58.03
1372.58 58.03
1374.6 58.03
1376.6 58.03
1378.61 58.03
1380.64 58.03
1382.64 58.03
1384.64 58.98
1386.64 58.98
1388.65 58.98
1390.66 58.98
1392.69 58.98
1394.72 58.98
1396.73 58.98
1398.76 58.98
1400.79 58.98
1402.82 58.98
1404.83 58.98
1406.82 58.76
1408.86 57.01
1410.89 58.34
1412.91 58.34
1414.94 58.34
1416.96 61.96
1418.98 61.96
1420.99 61.96
1423.0 61.96
1425.01 61.96
1427.04 61.96
1429.06 61.96
1431.08 61.96
1433.09 61.96
1435.12 61.96
1437.12 61.96
1439.14 61.96
1441.15 61.96
1443.15 61.96
1445.17 61.96
1447.19 61.96
1449.2 61.96
1451.2 61.96
1453.22 61.96
1455.24 61.76
1457.25 69.36
1459.26 69.63
1461.28 68.37
1463.3 72.43
1465.31 76.81
1467.33 95.15
1469.35 92.72
1471.35 91.37
1473.35 106.66
1475.37 105.59
1478.41 98.35
1479.42 112.46
1481.42 111.82
1483.43 103.28
1485.44 103.28
1487.46 106.61
1489.47 7.06
1491.5 106.92
1493.64 113.08
1495.53 125.54
1497.55 125.54
1499.58 7.62
1501.58 18.83
1502.76 6.11
1505.64 2.46
1507.66 21.16
1509.69 24.56
1511.7 25.39
1513.73 29.45
1515.74 28.15
1516.76 28.32
1518.77 29.25
1520.79 34.22
1522.79 32.98
1524.82 38.25
1526.84 42.34
1528.87 45.68
1530.89 45.68
1532.9 49.29
1534.9 49.3
1537.94 6.56
1538.95 53.07
1540.97 53.07
1543.0 52.39
1545.02 52.39
1547.04 48.37
1549.07 52.98
1551.07 52.98
1553.08 52.98
1555.08 52.98
1557.1 52.36
1559.13 55.27
1561.18 55.27
1563.16 55.27
1565.18 53.29
1567.2 54.24
1569.2 51.09
1571.21 51.09
1573.22 62.57
1575.23 62.57
1577.24 62.57
1579.26 62.57
1581.29 62.57
1583.3 62.57
1585.33 62.57
1587.34 62.57
1589.37 62.57
1591.38 62.57
1593.4 62.57
1595.41 62.57
1597.42 62.57
1599.43 62.57
1601.43 62.57
1603.46 62.57
1605.53 62.57
1607.5 62.57
1609.51 62.57
1611.54 62.57
1613.56 62.57
1615.58 62.57
1617.6 62.57
1619.61 62.57
1621.64 62.57
1623.64 62.57
1625.65 62.57
1627.68 62.57
1629.71 62.57
1631.73 62.57
1633.74 62.57
1635.74 62.57
1636.85 62.57
1639.79 62.57
1641.82 62.57
1643.85 62.57
1644.86 62.57
1646.88 62.57
1648.89 62.57
1650.9 62.57
1652.92 62.57
1654.95 62.57
1656.98 62.57
1659.0 62.57
1661.03 62.57
1663.03 62.57
1665.05 62.57
1667.07 62.57
1669.11 62.57
1671.13 62.57
1673.16 62.57
1675.18 62.57
1677.18 62.57
1679.21 62.57
1681.24 62.92
1683.27 70.8
1685.28 70.8
1687.31 67.7
1689.33 67.7
1691.34 67.7
1693.35 67.7
1695.36 67.7
1697.38 67.7
1699.39 67.7
1701.4 67.7
1703.42 67.7
1705.43 67.7
1707.45 67.7
1709.46 67.7
1711.49 67.7
1713.5 67.7
1715.5 68.31
1717.52 68.31
1719.54 68.31
1721.55 68.31
1723.56 68.31
1725.57 68.31
1727.58 68.31
1729.59 68.31
1731.61 68.31
1733.62 68.31
1735.63 68.31
1737.64 68.31
1739.65 68.31
1741.66 68.31
1743.67 68.31
1745.68 68.31
1747.69 68.31
1749.7 68.31
1751.71 68.31
1753.72 68.31
1755.73 68.31
1757.74 68.31
1759.75 68.31
1761.76 68.31
1763.77 68.31
1765.78 68.31
1767.8 68.31
1769.8 68.31
1771.82 68.31
1773.82 68.31
1775.84 68.31
1777.85 68.31
1779.86 68.31
1781.87 68.31
1783.9 68.31
1785.89 68.31
1787.9 68.31
1789.91 68.31
1791.92 68.31
1793.93 68.31
1795.03 68.31
1797.95 68.31
1799.97 68.31
1801.98 68.31
1803.99 68.31
1805.09 68.31
1808.01 68.31
1810.02 68.31
1811.02 68.31
1814.04 68.31
1815.04 68.31
1817.05 68.31
1819.06 68.31
1821.07 68.31
1823.12 68.31
1825.14 68.31
1827.17 68.31
1829.18 68.31
1831.19 68.31
1833.21 68.31
1835.22 68.31
1837.23 68.31
1839.26 68.31
1841.27 68.31
1843.3 68.31
1845.33 68.31
1847.34 68.31
1849.36 68.31
1851.38 68.31
1853.41 68.31
1855.41 68.31
1857.42 68.31
1859.42 68.31
1861.45 68.31
1863.47 68.31
1865.48 68.31
1867.49 68.31
1869.49 68.31
1871.51 68.31
1873.53 68.31
1875.54 68.31
1877.55 68.31
1879.56 68.31
1881.57 68.31
1883.59 68.31
1885.62 68.31
1887.63 68.31
1889.65 68.31
1891.67 68.31
1893.68 68.31
1895.69 68.31
1897.7 68.31
1899.7 68.31
1901.71 68.31
1903.74 68.31
1905.75 68.31
1907.77 68.31
1909.79 68.31
1911.79 68.31
1913.81 68.31
1915.82 68.31
1917.83 68.31
1919.84 68.31
1921.85 68.31
1923.87 68.31
1925.87 77.67
1927.9 77.67
1929.91 77.67
1931.92 77.67
1933.93 77.67
1935.95 77.67
1937.97 77.67
1939.98 77.67
1942.01 77.67
1944.02 77.67
1946.04 77.67
1948.06 77.67
1949.16 77.67
1952.09 77.67
1954.12 77.67
1956.15 77.67
1957.16 77.67
1959.17 77.67
1961.19 77.67
1963.2 77.67
1965.22 77.67
1967.23 77.67
1969.25 77.67
1971.27 77.67
1973.29 77.67
1975.31 77.67
1977.32 77.67
1979.34 77.67
1981.35 77.67
1983.37 77.67
1985.38 77.67
1987.4 77.67
1989.41 74.79
1991.42 85.21
1993.43 89.75
1995.45 85.52
1997.46 85.5
1999.48 85.5
2001.49 85.5
2003.51 85.5
2005.52 85.5
2007.54 85.5
2009.55 85.5
2011.57 85.5
2013.59 85.5
2015.61 85.5
2017.62 85.5
2019.64 85.5
2021.65 85.5
2023.67 85.5
2025.69 85.5
2027.7 89.16
2029.72 88.27
2031.74 88.62
2033.77 84.84
2035.78 96.82
2037.8 92.55
2039.81 116.67
2041.82 106.8
2043.83 118.71
2045.84 117.23
2047.85 117.23
2049.88 111.69
2051.89 106.31
2053.9 115.02
2055.92 117.75
2057.93 117.75
2059.95 5.94
2061.96 18.31
2063.97 2.47
2065.98 6.32
2068.01 7.92
2070.03 22.06
2072.05 21.01
2074.06 20.78
2076.07 25.75
2078.08 24.2
2080.09 24.62
2082.1 29.86
2084.12 31.5
2086.13 34.84
2088.14 33.81
2090.16 38.54
2092.17 40.28
2094.18 38.13
2096.2 36.02
2097.3 41.38
2100.23 39.52
2102.25 42.74
2104.28 41.87
2106.29 41.87
2107.4 41.87
2110.32 41.05
2112.34 41.05
2113.34 41.05
2115.36 41.05
2117.36 41.05
2119.39 41.05
2121.39 41.05
2123.41 41.05
2125.43 41.05
2127.45 41.05
2129.45 41.05
2131.46 41.05
2133.48 41.05
2135.49 41.05
2137.49 41.05
2139.5 41.05
2141.51 41.05
2143.52 41.05
2145.53 41.05
2147.55 41.05
2149.56 41.05
2151.56 41.05
2153.59 41.05
2155.6 41.05
2157.61 41.05
2159.62 41.05
2161.63 41.05
2163.64 41.05
2165.65 41.05
2167.65 41.05
2169.66 41.05
2171.67 41.05
2173.7 41.05
2175.71 41.05
2177.73 41.05
2179.76 41.05
2181.77 41.05
2183.79 42.35
2185.79 42.35
2187.81 42.35
2189.82 45.38
2191.85 45.38
2193.86 47.98
2195.88 47.98
2197.91 47.98
2199.93 46.88
2201.94 46.88
2203.96 46.88
2205.98 46.88
2208.0 46.88
2210.02 46.88
2212.04 46.88
2214.05 46.88
2216.06 46.88
2218.09 46.88
2220.1 46.88
2222.12 46.88
2224.14 53.7
2226.15 53.7
2228.16 53.7
2230.18 53.7
2232.19 53.7
2234.21 53.7
2236.21 53.7
2238.24 53.7
2240.26 53.7
2242.27 53.7
2244.27 53.7
2246.28 53.7
2248.3 53.7
2250.32 53.7
2252.33 54.25
2254.33 54.25
2256.34 54.25
2258.34 54.25
2260.37 54.25
2262.37 54.25
2264.38 54.25
2265.48 56.22
2268.41 55.23
2270.42 65.72
2272.44 65.72
2274.45 67.98
2275.54 69.89
2278.47 72.45
2279.48 73.45
2282.5 73.98
2283.5 71.85
2285.54 79.19
2287.55 79.19
2289.56 78.38
2291.56 84.61
2293.58 74.97
2295.61 74.97
2297.62 83.76
2299.63 79.74
2301.65 82.88
2303.65 82.88
2305.66 82.88
2307.68 82.88
2309.69 82.88
2311.7 82.88
2313.72 82.88
2315.74 82.88
2317.76 82.88
2319.77 82.88
2321.8 82.88
2323.81 82.88
2325.83 82.88
2327.84 82.88
2329.86 82.88
2331.87 82.88
2333.89 81.47
2335.9 81.96
2337.9 81.95
2339.91 80.12
2341.93 80.12
2343.94 80.12
2345.96 80.12
2347.98 80.12
2349.99 80.12
2352.01 80.12
2354.01 80.12
2356.02 80.12
2358.02 80.12
2360.03 75.62
2362.05 73.71
2364.06 73.71
2366.08 73.71
2368.08 73.71
2370.1 73.71
2372.11 78.07
2374.11 78.07
2376.14 78.07
2378.15 78.07
2380.16 78.07
2382.18 78.07
2384.19 80.79
2386.21 80.5
2388.23 76.8
2390.25 73.67
2392.26 96.72
2394.28 93.76
2396.29 107.84
2398.31 92.03
2400.33 105.61
2402.35 102.83
2404.38 112.25
2406.4 112.25
2408.4 109.67
2410.44 6.24
2412.46 77.7
2414.48 117.75
2416.5 118.19
2418.51 111.8
2420.52 111.8
2422.55 111.8
2424.57 110.03
2426.58 74.5
2428.6 106.25
2430.61 106.81
2432.62 112.56
2433.73 111.95
2435.66 105.54
2437.69 101.34
2439.7 99.5
2441.71 110.27
2443.74 110.27
2445.75 110.27
2447.76 110.27
2449.78 110.27
2451.8 110.27
2453.81 110.27
2455.81 110.27
2457.82 110.27
2459.83 110.27
2461.85 110.27
2463.85 110.27
2465.86 110.27
2467.88 110.27
2469.89 110.27
2471.91 110.27
2473.93 110.27
2475.94 110.27
2477.95 110.27
2479.98 110.27
2481.99 110.27
2484.0 110.27
2486.01 110.27
2488.03 110.27
2490.04 110.27
2492.06 114.23
2494.07 99.75
2496.08 109.58
2498.1 114.16
2500.11 120.4
2502.13 6.34
2504.14 61.55
2506.14 69.48
2508.15 66.45
2510.16 56.4
2512.16 56.4
2514.17 75.26
2516.2 77.0
2518.21 90.37
2520.22 88.95
2522.24 89.54
2524.25 89.54
2526.26 89.54
2528.29 89.54
2530.3 89.54
2532.32 89.54
2534.32 89.54
2536.34 89.54
2538.36 89.54
2540.37 89.54
2542.4 89.54
2544.41 77.55
2546.42 66.81
2548.43 73.28
2550.45 73.28
2552.46 73.28
2554.48 73.28
2556.49 73.28
2558.51 73.28
2560.52 73.28
2562.52 73.28
2564.55 73.28
2566.56 84.39
2568.58 0.08
2570.59 40.05
2572.6 40.05
2574.6 40.05
2576.61 40.05
2578.64 40.05
2580.67 40.05
2582.68 40.84
2584.69 59.8
2586.7 59.8
2588.7 59.8
2590.72 59.8
2591.81 59.8
2594.73 59.8
2596.74 59.8
2598.76 59.8
2600.77 59.8
2601.86 59.8
2604.79 59.8
2606.8 59.8
2608.81 59.8
2610.83 59.8
2611.83 59.8
2613.86 59.8
2615.86 59.8
2617.88 59.8
2619.89 86.03
2621.9 87.73
2623.92 90.41
2625.95 96.69
2627.96 100.09
2629.98 100.09
2631.99 100.09
2634.0 100.09
2636.01 100.09
2638.01 100.09
2640.03 100.09
2642.04 100.09
2644.05 100.09
2646.06 100.09
2648.09 100.09
2650.09 100.09
2652.09 100.09
2654.11 95.66
2656.13 95.66
2658.15 95.66
2660.17 95.66
2662.18 95.66
2664.18 99.44
2666.2 99.44
2668.21 99.44
2670.22 99.44
2672.23 99.44
2674.25 99.44
2676.28 99.44
2678.29 99.44
2680.31 99.44
2682.33 99.44
2684.34 99.44
2686.35 99.44
2688.37 99.44
2690.39 106.19
2692.4 106.19
2694.41 106.19
2696.43 106.19
2698.45 106.19
2700.47 106.19
2702.48 106.19
2704.5 106.19
2706.5 106.19
2708.52 106.19
2710.54 106.19
2712.55 106.19
2714.57 106.19
2716.59 106.19
2718.6 106.19
2720.63 98.12
2722.66 105.9
2724.67 107.11
2726.69 107.11
2728.71 107.11
2730.72 107.11
2732.74 107.11
2734.75 98.28
2736.77 98.28
2738.78 98.28
2740.8 98.28
2742.8 98.28
2744.81 98.28
2746.82 98.28
2748.84 98.28
2750.86 98.28
2752.88 98.28
2754.9 98.28
2756.9 98.28
2758.92 98.28
2760.02 98.28
2762.96 98.28
2764.98 98.28
2767.01 98.28
2768.01 98.28
2770.02 98.28
2772.03 98.28
2774.05 98.28
2776.07 98.28
2778.08 113.14
2780.09 105.93
2782.11 103.82
2784.13 103.82
2786.15 103.82
2788.17 103.82
2790.19 103.82
2792.2 103.82
2794.22 103.82
2796.24 103.82
2798.26 103.82
2800.27 103.82
2802.31 103.82
2804.33 103.82
2806.35 103.82
2808.37 103.82
2810.39 103.82
2812.4 103.82
2814.41 103.82
2816.42 103.82
2818.43 103.82
2820.45 103.82
2822.46 103.82
2824.48 103.82
2826.49 103.82
2828.51 103.82
2830.54 103.82
2832.55 103.82
2834.56 103.82
2836.58 102.28
2838.6 102.28
2840.61 102.28
2842.63 102.28
2844.64 102.28
2846.64 102.28
2848.66 102.28
2850.66 102.28
2852.68 102.28
2854.71 102.28
2856.76 102.28
2858.77 102.28
2860.79 102.28
2862.81 102.28
2864.82 102.28
2866.85 102.28
2868.86 102.28
2870.88 102.28
2872.17 102.28
2874.45 102.28
2876.48 102.28
2878.51 102.28
2880.52 102.28
2882.55 102.28
2884.57 102.28
2886.57 102.28
2888.6 102.28
2890.62 102.28
2892.65 102.28
2894.67 102.28
2896.7 102.28
2898.71 102.28
2900.73 102.28
2902.74 102.28
2904.75 102.28
2906.77 102.28
2908.78 102.28
2910.79 102.28
2912.81 102.28
2914.84 102.28
2916.85 102.28
2918.85 102.28
2920.86 102.28
2922.87 102.28
2924.89 102.28
2926.91 102.28
2928.92 102.28
2930.94 102.28
2932.96 102.28
2934.98 102.28
2936.98 102.28
2939.0 102.28
2941.02 102.28
2943.04 102.28
2945.06 102.28
2947.07 102.28
2949.09 102.28
2951.1 102.28
2952.2 102.28
2955.15 102.28
2957.18 102.28
2958.19 102.28
2960.2 102.28
2962.21 102.28
2964.23 102.28
2966.23 102.28
2968.26 102.28
2970.26 102.28
2972.29 102.28
2974.31 102.28
2976.32 102.28
2978.32 102.28
2980.34 102.28
2982.34 102.28
2984.37 102.28
2986.38 102.28
2988.38 102.28
2990.4 102.28
2992.42 102.28
2994.43 102.28
2996.44 102.28
2998.46 102.28
3000.5 105.92
3002.51 107.5
3004.52 115.37
3006.54 115.37
3008.56 115.37
3010.57 115.37
3012.59 115.37
3014.61 115.37
3016.63 115.37
3018.64 115.37
3020.64 115.37
3022.66 115.37
3024.69 115.37
3026.7 115.37
3028.71 115.37
3030.72 115.37
3032.74 115.37
3034.77 101.56
3036.8 102.61
3038.81 102.61
3040.84 98.16
3042.86 92.62
3044.88 78.43
3046.9 78.43
3048.91 78.43
3050.95 78.43
3052.96 78.43
3054.98 78.43
3057.0 88.59
3059.02 106.79
3061.03 106.79
3063.05 105.57
3065.07 105.57
3067.1 110.69
3069.12 110.07
3071.13 115.74
3073.16 102.66
3075.17 119.18
3077.19 119.18
3079.22 119.18
3081.22 119.18
3083.23 119.18
3085.26 119.18
3086.43 6.13
3089.27 107.69
3091.29 107.69
3092.3 108.97
3095.31 106.02
3096.32 117.86
3098.33 74.09
3100.35 27.28
3102.38 6.11
3104.39 44.42
3106.4 111.11
3108.42 101.1
3110.45 101.1
3112.46 101.1
3114.47 113.7
3116.5 113.7
3118.51 113.7
3120.52 113.7
3122.53 113.7
3124.54 113.7
3126.55 97.66
3128.57 110.23
3130.59 107.52
3132.61 107.52
3134.62 107.52
3136.63 107.52
3138.64 107.52
3140.64 107.52
3142.66 107.52
3144.67 107.52
3146.69 107.52
3148.7 99.6
3150.72 7.32
3152.73 37.83
3154.73 37.83
3156.75 37.83
3158.78 90.27
3160.79 101.15
3162.81 101.15
3164.84 101.15
3166.88 101.15
3168.91 101.15
3170.93 101.15
3172.95 101.15
3174.97 101.15
3176.98 1.99
3179.0 98.91
3181.02 101.09
3183.04 101.09
3185.06 101.09
3187.07 101.09
3189.09 94.29
3191.12 94.29
3193.14 94.29
3195.16 94.29
3197.17 94.29
3199.2 94.29
3201.2 94.29
3203.21 94.29
3205.21 94.29
3207.22 94.29
3209.23 94.29
3211.24 94.29
3213.26 94.29
3215.28 94.29
3217.3 94.29
3219.3 94.29
3221.31 94.29
3223.33 94.29
3225.35 94.29
3227.37 94.29
3229.39 94.29
3230.48 94.29
3233.42 94.29
3235.42 94.29
3237.44 94.29
3239.45 94.29
3240.54 94.29
3243.46 104.95
3244.56 102.72
3246.49 112.93
3248.49 120.0
3250.52 120.0
3252.53 120.0
3254.56 120.0
3256.58 110.08
3258.59 110.14
3260.6 5.97
3262.63 109.65
3264.64 5.84
3266.65 81.72
3268.67 107.39
3270.68 108.41
3272.72 110.25
3274.72 109.68
3276.73 115.79
3278.73 107.21
3280.74 111.98
3282.75 111.98
3284.76 111.98
3286.78 111.98
3288.79 6.19
3290.82 58.01
3292.85 58.01
3294.87 58.01
3296.88 99.45
3298.9 94.72
3300.92 94.72
3302.94 94.72
3305.34 94.72
3306.73 94.72
3309.21 94.72
3311.23 94.72
3313.25 94.72
3315.26 94.72
3317.27 94.72
3319.28 94.72
3321.3 94.72
3323.33 90.85
3325.34 110.56
3327.38 110.56
3329.39 110.56
3331.4 110.56
3333.41 110.56
3335.44 110.56
3337.46 103.96
3339.47 103.96
3340.57 103.96
3343.5 103.96
3345.51 103.96
3347.51 103.96
3349.53 103.96
3350.64 103.96
3353.58 103.96
3354.59 103.96
3356.61 103.96
3358.62 103.96
3360.62 103.96
3362.63 103.96
3364.65 103.96
3366.67 103.96
3368.67 103.96
3370.68 103.96
3372.69 103.96
3374.7 103.96
3376.72 103.96
3378.74 103.96
3380.76 103.96
3382.78 103.96
3384.79 103.96
3386.82 103.96
3388.84 103.96
3390.84 103.96
3392.87 103.96
3394.89 103.96
3396.9 103.96
3398.92 103.96
3400.95 103.96
3402.96 103.96
3404.98 103.96
3406.99 103.96
3409.02 103.96
3411.03 103.96
3413.05 103.96
3415.06 103.96
3417.08 103.96
3419.09 103.96
3421.1 103.96
3423.12 103.96
3425.14 103.96
3427.15 103.96
3429.18 103.96
3431.18 111.49
3433.2 111.49
3435.22 111.49
3437.24 111.49
3439.24 111.49
3441.26 111.49
3443.26 111.49
3445.28 111.49
3447.29 117.18
3449.3 115.08
3451.32 115.08
3453.34 115.08
3455.37 41.59
3457.38 6.09
3459.39 113.25
3461.41 121.31
3463.43 121.31
3465.45 110.84
3467.45 110.84
3469.46 85.1
3471.47 5.95
3473.48 49.18
3475.5 49.18
3477.5 61.82
3479.52 61.82
3481.53 61.82
3483.55 61.82
3485.58 61.82
3487.59 61.82
3489.6 61.82
3491.62 85.06
3493.64 85.06
3494.74 85.06
3497.67 98.44
3499.69 100.2
3501.7 95.91
3503.7 95.91
3505.71 98.63
3507.74 99.97
3508.75 99.97
3510.76 94.64
3512.77 94.64
3514.78 96.7
3516.79 98.4
3518.81 98.4
3520.81 98.4
3522.81 98.4
3524.81 98.4
3526.83 98.4
3528.83 98.4
3530.84 98.4
3532.85 98.4
3534.86 98.4
3536.88 98.4
3538.88 98.4
3540.9 98.4
3542.91 98.4
3544.91 98.4
3546.91 98.4
3548.94 98.4
3550.96 98.4
3552.98 98.4
3554.98 98.4
3556.99 95.8
3559.01 111.12
3561.02 102.07
3563.03 102.07
3565.04 102.07
3567.05 102.07
3569.06 102.07
3571.07 102.07
3573.07 102.07
3575.1 102.07
3577.12 0.19
3579.82 8.77
3581.13 10.51
3583.15 12.75
3585.16 14.63
3587.17 17.22
3589.19 16.49
3591.19 16.04
3593.21 20.22
3595.23 23.09
3597.24 22.35
3599.27 22.98
3601.28 24.28
3603.29 27.35
3605.31 30.07
3607.34 32.1
3609.37 35.67
3611.37 37.84
3613.38 37.06
3615.4 52.23
3617.4 51.48
3619.42 64.14
3621.44 72.06
3623.46 63.39
3625.5 79.69
3627.53 71.58
3629.55 75.09
3631.57 79.29
3633.58 74.67
3635.6 74.67
3637.62 74.67
3639.64 74.67
3641.66 86.74
3643.81 85.45
3645.69 84.56
3647.72 84.56
3649.72 84.56
3651.74 84.56
3653.75 84.56
3655.75 84.56
3657.76 88.26
3659.77 88.26
3661.8 88.26
3662.9 88.26
3665.83 88.26
3666.92 88.26
3669.85 88.26
3671.85 88.26
3673.86 88.26
3675.88 88.26
3676.98 88.17
3679.89 88.17
3681.9 88.17
3683.9 88.17
3685.9 88.17
3687.92 88.17
3689.92 88.17
3691.01 88.17
3693.93 88.17
3694.93 88.17
3696.94 88.17
3698.95 85.5
3700.97 87.88
3702.97 87.23
3704.99 94.59
3707.0 90.97
3710.03 90.97
3711.03 90.97
3713.05 90.97
3715.06 90.97
3717.09 91.74
3719.12 91.74
3721.13 91.74
3723.14 91.74
3725.14 91.74
3727.14 91.74
3729.16 91.74
3731.16 91.74
3733.2 91.74
3735.21 91.74
3737.24 91.74
3739.25 91.74
3741.26 91.74
3743.28 91.74
3745.29 91.74
3747.3 91.74
3749.32 91.74
3751.35 91.74
3753.35 91.74
3755.38 91.74
3757.4 91.74
3759.42 94.99
3761.43 94.99
3763.46 94.99
3765.47 97.44
3767.49 97.44
3769.5 97.44
3771.52 97.44
3773.54 97.44
3775.54 97.44
3777.56 97.44
3779.58 97.44
3781.59 97.44
3783.61 97.44
3785.64 97.44
3787.65 97.44
3789.66 97.44
3791.67 97.44
3793.69 97.44
3795.72 97.44
3797.74 97.44
3799.75 97.44
3801.75 97.44
3803.76 97.44
3805.77 97.44
3807.77 97.44
3809.8 97.44
3811.8 97.44
3813.81 97.44
3815.83 97.44
3817.83 97.44
3819.85 97.44
3821.86 97.44
3823.87 97.44
3825.89 97.44
3827.9 97.44
3829.9 97.44
3831.9 97.44
3833.91 97.44
3835.92 97.44
3838.24 97.44
3839.96 97.44
3841.96 97.44
3843.97 97.44
3845.07 97.44
3847.98 97.44
3849.99 97.44
3852.02 97.44
3854.03 97.44
3856.04 97.44
3858.06 97.44
3859.21 97.44
3862.09 97.44
3864.1 97.44
3865.11 97.44
3867.12 97.44
3869.14 97.44
3871.16 97.44
3873.18 97.44
3875.19 97.44
3877.2 97.44
3879.2 97.44
3881.21 97.44
3883.22 97.44
3885.24 97.44
3887.26 97.44
3889.28 97.44
3891.28 97.44
3893.29 97.44
3895.31 97.44
3897.33 97.44
3899.35 97.44
3901.37 97.44
3903.39 97.44
3905.41 97.44
3907.42 97.44
3909.44 97.44
3911.45 97.44
3913.45 97.44
3915.46 97.44
3917.47 97.44
3919.49 97.44
3921.5 97.44
3923.53 97.44
3925.56 97.44
3927.56 97.44
3929.57 97.44
3931.59 97.44
3933.59 97.44
3935.59 97.44
3937.6 97.44
3939.61 97.44
3941.63 97.44
3943.63 97.44
3945.64 97.44
3947.65 97.44
3949.66 97.44
3951.68 97.44
3953.69 97.44
3955.7 97.44
3957.73 97.44
3959.72 94.71
3961.73 94.71
3963.75 94.71
3965.76 89.13
3967.77 89.13
3969.8 89.13
3971.83 89.13
3973.85 89.13
3975.85 89.13
3977.86 89.13
3979.88 89.13
3981.91 89.13
3983.92 89.13
3985.94 89.13
3987.94 89.13
3989.97 89.13
3991.98 95.79
3994.02 97.6
3996.03 89.74
3998.06 100.65
4000.09 99.85
4002.1 106.37
4004.12 107.7
4006.13 116.5
4008.13 115.56
4010.16 116.37
4012.18 116.37
4013.27 116.37
4016.19 7.79
4017.36 6.0
4020.21 18.29
4022.22 19.23
4024.27 27.1
4026.24 33.23
4027.35 29.88
4030.28 31.52
4031.29 37.17
4033.32 35.65
4035.33 47.11
4037.34 51.58
4039.35 57.6
4041.38 58.28
4043.38 65.17
4045.41 58.26
4047.42 59.57
4049.45 66.79
4051.48 66.64
4053.48 66.82
4055.51 66.82
4057.53 66.82
4059.54 66.82
4061.56 66.82
4063.58 66.82
4065.59 66.82
4067.62 66.82
4069.64 66.82
4071.65 66.82
4073.65 66.82
4075.68 66.82
4077.69 66.82
4079.7 66.82
4081.7 65.79
4083.7 65.79
4085.74 65.79
4087.74 65.79
4089.76 65.79
4091.77 65.79
4093.8 65.79
4095.81 65.79
4097.82 65.79
4099.82 65.79
4101.84 65.79
4103.85 70.37
4105.87 72.65
4107.87 68.92
4109.9 71.52
4111.91 68.22
4113.94 72.22
4115.97 77.09
4117.97 77.09
4119.99 77.09
4121.99 77.09
4124.01 77.09
4126.02 77.09
4128.04 77.09
4130.05 77.09
4132.07 77.09
4134.07 77.09
4136.08 77.09
4138.1 78.05
4140.11 83.38
4142.12 83.38
4144.13 83.38
4146.14 83.38
4148.16 83.38
4150.17 83.38
4152.18 83.38
4154.19 83.38
4156.2 83.38
4158.23 83.38
4160.23 83.38
4162.26 73.3
4164.28 73.3
4166.28 73.3
4168.3 73.3
4170.3 85.08
4172.32 85.08
4174.33 85.08
4176.35 85.08
4178.36 85.08
4180.38 85.08
4182.41 85.08
4183.43 85.08
4185.45 85.08
4187.46 85.08
4189.48 85.08
4191.48 87.2
4193.5 93.27
4195.52 93.27
4197.54 93.27
4199.56 93.27
4201.59 93.27
4203.6 93.27
4205.62 93.27
4207.63 93.27
4209.63 93.27
4211.65 93.27
4213.65 93.27
4215.68 93.27
4217.7 93.27
4219.72 93.27
4221.74 93.27
4223.76 93.27
4225.76 93.27
4227.78 93.27
4229.8 93.27
4231.84 93.27
4233.87 93.27
4235.89 93.27
4237.91 93.27
4239.93 93.27
4241.94 93.27
4243.95 93.27
4245.96 93.27
4247.99 93.27
4250.02 93.27
4252.02 93.27
4254.04 93.27
4256.04 93.27
4258.05 93.27
4260.06 93.27
4262.06 106.8
4264.08 106.8
4266.09 106.8
4268.11 106.8
4270.13 106.8
4272.14 106.8
4274.16 106.8
4276.18 106.8
4278.19 106.8
4280.19 106.8
4282.2 106.8
4284.22 106.8
4286.23 106.8
4288.24 106.8
4290.26 106.8
4292.29 106.8
4294.29 106.8
4296.3 106.8
4298.31 106.8
4300.32 106.8
4302.33 106.8
4304.35 106.8
4306.36 106.8
4308.37 106.8
4310.38 106.8
4312.39 106.8
4314.4 106.8
4316.41 106.8
4318.42 106.8
4320.44 106.8
4322.44 106.8
4324.5 106.8
4326.46 106.8
4328.47 106.8
4329.57 106.8
4332.51 106.8
4334.53 108.3
4336.53 105.84
4338.55 106.68
4339.64 111.8
4342.59 111.8
4343.59 111.8
4345.6 111.8
4347.61 111.8
4349.63 111.8
4351.65 111.8
4353.65 111.8
4355.66 111.8
4357.68 111.8
4359.69 111.8
4361.7 111.8
4363.73 111.8
4365.74 111.8
4367.76 111.8
4369.77 111.8
4371.78 111.8
4373.78 111.8
4375.79 111.8
4377.81 111.8
4379.83 111.8
4381.84 111.8
4383.84 110.35
4385.84 90.0
4387.87 90.0
4389.89 100.94
4391.89 100.94
4393.9 100.94
4395.91 100.94
4397.92 100.94
4399.94 100.94
4401.95 100.94
4403.96 100.94
4405.97 100.94
4407.98 100.94
4410.0 100.94
4412.01 100.94
4414.02 100.94
4416.04 100.94
4418.05 100.94
4420.07 100.94
4422.08 100.94
4424.1 100.94
4426.11 100.94
4428.12 100.94
4430.15 100.94
4432.15 100.94
4434.16 100.94
4436.18 100.94
4438.18 100.94
4440.2 100.94
4442.21 100.94
4444.22 100.94
4446.24 100.94
4448.25 100.94
4450.26 100.94
4452.27 100.94
4454.28 100.94
4456.29 100.94
4458.3 100.94
4460.32 100.94
4462.33 100.94
4464.34 100.94
4466.36 100.94
4468.37 100.94
4470.38 100.94
4472.41 100.94
4474.43 100.94
4476.44 100.94
4478.46 100.94
4480.47 100.94
4482.48 100.94
4484.49 100.94
4486.5 100.94
4488.51 100.94
4490.52 100.94
4492.53 100.94
4494.54 100.94
4496.54 100.94
4498.56 100.94
4500.57 100.94
4502.58 100.94
4504.6 100.94
4506.6 100.94
4508.62 100.94
4510.65 100.94
4511.74 100.94
4514.68 100.94
4516.68 100.94
4518.69 100.94
4520.7 100.94
4521.79 100.94
4524.73 100.94
4526.75 100.94
4528.78 100.94
4529.79 100.94
4531.81 100.94
4533.84 100.94
4535.85 100.94
4537.87 100.94
4539.88 100.94
4541.9 100.94
4543.91 100.94
4545.92 100.94
4547.94 100.94
4549.95 100.94
4551.98 100.94
4554.0 100.94
4556.01 100.94
4558.03 100.94
4560.05 100.94
4562.06 100.94
4564.09 100.94
4566.1 100.94
4568.12 100.94
4570.13 100.94
4572.15 100.94
4574.17 100.94
4576.2 100.94
4578.21 100.94
4580.22 100.94
4582.24 100.94
4584.26 100.94
4586.28 100.94
4588.3 100.94
4590.32 100.94
4592.33 100.94
4594.34 100.94
4596.35 100.94
4598.37 100.94
4600.39 100.94
4602.41 100.94
4604.43 100.94
4606.44 100.94
4608.46 100.94
4610.48 100.94
4612.5 100.94
4614.51 100.94
4616.53 100.94
4618.54 100.94
4620.56 100.94
4622.57 100.94
4624.6 100.94
4626.6 100.94
4628.63 100.94
4630.64 100.94
4632.66 100.94
4634.67 100.94
4636.69 100.94
4638.8 100.94
4640.72 100.94
4642.74 100.94
4644.75 100.94
4646.78 100.94
4648.79 100.94
4650.81 100.94
4652.82 100.94
4654.85 100.94
4655.95 100.94
4658.87 100.94
4660.9 100.94
4662.9 100.94
4663.92 100.94
4665.94 100.94
4667.96 100.94
4669.97 100.94
4671.98 100.94
4673.99 100.94
4676.08 100.94
4678.02 100.94
4680.04 100.94
4682.05 100.94
4684.07 100.94
4686.09 100.94
4688.11 100.94
4690.13 100.94
4692.15 100.94
4694.17 100.94
4696.18 100.94
4698.18 100.94
4700.19 100.94
4702.2 100.94
4704.22 100.94
4706.23 100.94
4708.25 100.94
4710.26 100.94
4712.28 100.94
4714.3 100.94
4716.3 100.94
4718.32 100.94
4720.34 100.94
4722.35 100.94
4724.37 100.94
4726.39 100.94
4728.4 100.94
4730.42 100.94
4732.43 100.94
4734.45 100.94
4736.48 100.94
4738.49 100.94
4740.51 100.94
4742.52 100.94
4744.53 100.94
4746.55 100.94
4748.57 100.94
4750.58 100.94
4752.6 100.94
4754.6 100.94
4756.61 100.94
4758.64 100.94
4760.67 100.94
4762.68 100.94
4764.7 100.94
4766.73 100.94
4768.74 99.56
4770.75 107.57
4772.76 116.1
4774.77 113.92
4776.79 116.98
4778.82 116.75
4780.82 121.59
4782.85 37.53
4784.88 112.69
4786.9 113.96
4788.92 113.96
4790.94 113.96
4792.95 65.6
4794.97 37.81
4796.98 58.04
4799.01 58.04
4800.1 58.04
4802.03 58.04
4804.06 58.04
4806.08 58.04
4808.1 58.04
4810.13 58.04
4812.15 63.25
4814.17 62.66
4816.19 62.66
4818.2 62.66
4820.22 62.66
4822.23 62.66
4824.24 63.75
4826.27 63.75
4828.29 63.75
4830.31 63.75
4832.33 63.75
4834.35 63.75
4836.36 63.4
4838.38 59.45
4840.4 65.97
4842.41 59.46
4844.43 59.46
4846.44 59.46
4848.46 59.46
4850.48 59.46
4852.49 59.46
4854.5 59.46
4856.52 59.46
4858.53 59.46
4860.54 59.46
4862.55 63.64
4864.57 63.64
4866.59 63.64
4868.61 63.64
4870.63 63.64
4872.65 63.64
4874.67 63.64
4876.68 63.64
4878.69 65.37
4880.71 65.37
4882.73 65.37
4884.75 66.75
4886.76 66.75
4888.77 66.75
4890.78 66.75
4892.8 66.75
4894.82 66.75
4896.83 66.75
4898.85 66.75
4900.86 66.75
4902.87 66.75
4904.89 66.75
4906.91 66.75
4908.92 61.37
4910.94 62.57
4912.96 69.38
4914.97 70.39
4916.98 73.14
4919.0 67.58
4921.02 72.75
4923.04 67.66
4925.05 77.17
4927.07 72.63
4929.1 81.2
4931.13 85.49
4933.14 77.82
4934.24 85.1
4936.18 92.72
4938.19 92.72
4940.21 92.72
4942.24 92.72
4944.25 92.72
4946.32 92.72
4948.28 92.72
4950.29 92.72
4952.3 92.72
4954.32 92.72
4956.35 92.72
4958.36 92.72
4960.39 94.21
4962.41 91.56
4964.43 92.21
4966.44 92.21
4968.46 92.21
4970.48 92.21
4972.51 92.21
4974.53 108.43
4976.54 108.43
4978.56 113.02
4980.58 113.02
4982.6 113.02
4984.62 16.65
4986.64 58.28
4988.66 102.14
4990.68 116.66
4992.71 115.98
4994.72 115.96
4996.75 118.1
4998.77 99.44
5000.78 99.44
5002.79 99.44
5004.8 99.44
5006.81 99.44
5008.83 53.89
5010.84 53.89
5012.86 57.31
5014.88 57.31
5016.89 58.44
5018.9 99.08
5020.93 101.37
5022.94 88.98
5024.96 96.27
5026.97 107.07
5028.99 108.74
5031.09 108.74
5033.02 55.71
5035.03 92.76
5037.05 91.64
5039.08 117.63
5041.09 5.23
5043.1 105.75
5045.11 125.0
5047.13 125.0
5049.15 17.23
5051.17 14.17
5053.18 20.72
5054.3 28.46
5057.22 26.04
5059.23 31.25
5061.24 37.34
5063.25 34.61
5064.36 34.61
5067.28 34.61
5069.3 34.61
5071.32 34.61
5072.33 41.99
5074.35 6.83
5076.37 49.24
5078.4 44.83
5080.41 44.09
5082.43 44.09
5084.45 44.09
5086.46 55.69
5088.48 42.54
5090.5 55.14
5092.52 53.05
5094.54 63.27
5096.56 62.45
5098.57 64.15
5100.58 61.56
5102.6 62.96
5104.62 59.75
5106.63 62.57
5108.65 62.57
5110.65 62.57
5112.67 62.57
5114.69 63.66
5116.7 66.15
5118.71 67.51
5120.72 71.38
5122.74 83.94
5124.75 83.94
5126.77 83.94
5128.78 83.94
5130.8 83.94
5132.81 83.94
5134.83 83.94
5136.84 83.94
5138.86 83.94
5140.87 83.94
5142.89 83.94
5144.9 83.94
5146.92 83.94
5148.94 83.94
5150.96 83.94
5152.97 83.94
5154.99 83.94
5157.0 87.92
5159.01 99.67
5161.04 95.17
5163.05 95.17
5165.07 105.81
5167.08 7.41
5169.09 104.77
5171.1 4.44
5173.11 110.77
5175.14 100.71
5177.16 100.71
5179.18 100.71
5181.2 100.71
5183.22 100.71
5185.24 100.71
5187.26 101.71
5189.29 111.95
5191.3 90.5
5193.37 124.03
5195.33 111.27
5197.34 118.57
5198.52 6.05
5201.37 70.52
5203.39 48.48
5205.4 42.2
5207.41 31.78
5208.51 31.78
5210.43 73.76
5212.53 75.22
5215.46 77.34
5216.47 77.34
5218.5 79.35
5220.5 79.35
5222.52 79.35
5224.54 79.35
5226.55 79.35
5228.63 79.35
5230.59 83.56
5232.61 83.84
5234.64 78.97
5236.66 78.89
5238.7 75.03
5240.7 75.03
5242.72 75.03
5244.73 75.03
5246.75 75.03
5248.77 75.03
5250.8 75.03
5252.81 75.03
5254.82 75.03
5256.86 81.15
5258.88 95.28
5260.89 97.04
5262.91 96.15
5264.93 97.17
5266.94 97.17
5268.96 97.17
5270.97 97.17
5272.99 97.03
5275.0 97.03
5277.02 97.03
5279.04 97.03
5281.06 97.03
5283.08 97.03
5285.1 87.04
5287.11 89.02
5289.12 94.68
5291.14 95.94
5293.16 95.94
5295.17 95.94
5297.19 95.94
5299.19 95.94
5301.22 95.94
5303.23 94.62
5305.23 83.72
5307.25 94.81
5309.26 100.44
5311.3 100.07
5313.29 104.29
5315.31 108.09
5317.32 108.09
5319.34 108.09
5321.36 108.09
5323.38 108.09
5325.39 108.09
5327.43 101.61
5329.45 101.61
5331.46 101.61
5332.57 101.61
5335.5 101.61
5337.52 101.61
5339.53 101.61
5341.56 101.61
5342.66 101.61
5344.58 101.61
5346.61 101.61
5348.63 101.61
5350.64 101.61
5352.66 101.61
5354.68 101.61
5356.69 104.04
5358.7 105.79
5360.72 105.79
5362.76 105.79
5364.75 105.79
5366.78 105.79
5368.77 105.79
5370.79 105.79
5372.81 105.79
5374.83 105.79
5376.85 105.79
5378.87 105.79
5380.89 105.79
5382.91 105.79
5384.93 105.79
5386.94 105.79
5388.97 105.79
5390.97 105.79
5392.99 105.79
5395.01 105.79
5397.03 105.79
5399.05 105.79
5401.07 105.79
5403.1 105.79
5405.14 105.79
5407.14 105.79
5409.15 103.46
5411.17 107.98
5413.18 107.98
5415.2 107.98
5417.22 107.98
5419.24 107.98
5421.25 107.98
5423.27 107.98
5425.3 107.98
5427.31 107.98
5429.32 107.98
5431.34 107.98
5433.38 107.98
5435.39 107.98
5437.41 107.98
5439.42 107.98
5441.44 107.98
5443.46 107.98
5445.47 107.98
5447.49 107.98
5449.5 107.98
5451.52 107.98
5453.54 107.98
5455.55 107.98
5457.57 107.98
5459.58 107.98
5461.61 107.98
5462.73 107.98
5465.62 107.98
5467.64 107.98
5469.66 107.98
5471.69 107.98
5473.7 107.98
5475.71 107.98
5476.71 107.98
5478.73 107.98
5480.74 107.98
5482.76 107.98
5484.78 107.98
5486.79 107.98
5488.81 93.82
5490.82 97.06
5492.83 102.17
5494.85 101.39
5496.87 101.8
5498.87 98.38
5500.89 98.38
5502.9 108.38
5504.91 101.43
5506.93 101.43
5508.94 101.43
5510.95 101.43
5512.97 106.95
5514.98 121.67
5516.99 114.79
5519.0 114.79
5521.01 6.11
5523.02 115.29
5525.04 115.29
5527.05 115.29
5529.07 115.29
5531.08 115.02
5533.09 93.39
5535.1 6.0
5537.12 45.45
5539.13 46.62
5541.14 102.81
5543.16 104.35
5545.17 104.35
5547.18 104.35
5549.2 104.35
5551.21 104.35
5553.22 104.35
5555.23 104.85
5557.26 110.43
5559.34 108.35
5561.26 108.35
5563.33 108.64
5565.29 108.64
5567.31 107.38
5569.34 5.97
5571.33 9.91
5573.36 12.72
5575.38 20.66
5577.41 10.55
5579.41 23.77
5581.41 30.66
5583.44 23.34
5585.47 32.91
5587.5 37.92
5589.51 40.02
5591.51 39.28
5593.51 7.68
5595.53 50.38
5597.53 55.4
5599.56 55.4
5601.58 55.4
5603.59 54.61
5605.59 55.33
5607.61 55.33
5609.62 55.33
5611.63 50.29
5613.64 55.72
5615.66 55.72
5617.66 32.84
5619.67 32.84
5621.69 32.84
5623.69 59.97
5625.69 59.97
5627.71 59.97
5629.74 59.97
5631.74 59.97
5633.74 66.02
5635.74 65.36
5637.76 64.36
5639.77 64.36
5641.78 64.36
5643.79 73.69
5644.9 72.24
5647.83 72.93
5649.84 73.97
5651.85 80.22
5653.86 76.14
5655.9 76.9
5657.9 76.9
5658.9 76.9
5660.91 76.9
5662.93 76.9
5664.93 83.97
5666.93 93.67
5668.94 93.67
5670.96 96.15
5672.98 96.15
5675.0 96.15
5677.03 96.15
5679.04 96.15
5681.06 96.15
5683.1 96.15
5685.12 96.15
5687.13 96.15
5689.17 96.15
5691.18 96.15
5693.2 96.15
5695.21 96.15
5697.22 96.15
5699.25 96.15
5701.26 96.15
5703.26 96.15
5705.27 96.15
5707.29 96.31
5709.32 92.47
5711.33 92.47
5713.36 92.47
5715.01 92.47
