0.0 574.63
1.13 497.82
3.14 36.71
5.13 530.42
7.13 46.7
9.13 134.49
11.13 246.38
13.13 290.79
15.15 537.33
17.13 48.92
19.13 478.11
21.13 51.36
23.13 348.41
25.13 501.83
27.13 44.36
29.13 297.16
31.13 38.5
33.13 521.19
35.13 474.17
37.13 39.37
39.13 518.25
41.12 35.36
43.13 266.74
45.13 26.3
47.13 60.41
49.13 157.17
51.13 51.07
53.13 235.84
55.13 46.76
57.13 251.55
59.13 232.79
61.13 326.12
63.13 225.72
65.13 45.88
67.13 354.54
69.13 31.83
71.13 242.88
73.13 161.47
75.16 37.43
77.13 214.4
79.13 35.81
81.13 279.54
83.13 154.17
85.13 33.37
87.12 147.65
89.13 46.04
91.13 131.67
93.13 30.99
95.13 104.14
97.13 122.49
99.13 46.08
101.13 194.67
103.13 33.39
105.14 185.18
107.13 161.84
109.13 149.31
111.13 183.48
113.13 36.82
115.11 159.49
117.13 33.14
119.13 139.0
121.11 166.98
123.13 38.48
125.11 202.64
127.11 39.2
129.13 119.63
131.12 159.4
133.11 214.4
135.13 264.31
137.11 37.23
139.11 186.16
141.11 35.96
143.11 207.57
145.11 205.32
147.12 39.85
149.11 238.79
151.11 42.97
153.11 268.45
155.11 197.67
157.11 212.02
159.11 156.78
161.11 33.37
163.11 279.27
165.11 29.69
167.11 136.04
169.11 313.81
171.11 130.93
173.36 136.93
175.37 37.84
177.36 258.42
179.36 139.08
181.36 336.12
183.36 319.99
185.36 31.46
187.36 261.07
189.36 42.48
191.36 112.4
193.36 122.79
195.36 33.45
197.36 114.55
199.36 30.75
201.36 191.64
203.37 197.62
205.36 103.13
207.36 233.7
209.36 30.68
211.36 137.73
213.36 30.98
215.36 220.97
217.36 241.18
219.36 39.55
221.36 104.22
223.36 41.77
225.36 224.73
227.36 166.05
229.36 107.37
231.36 203.95
233.36 50.97
235.36 121.96
237.37 31.01
239.36 153.84
241.36 218.32
243.36 39.87
245.36 166.57
247.36 31.09
249.36 131.19
251.36 240.97
253.37 88.21
255.36 295.27
257.36 33.31
259.37 216.85
261.36 25.29
263.36 247.67
265.36 233.69
267.36 34.18
269.37 247.14
271.36 33.49
273.36 344.23
275.37 341.68
277.36 280.43
279.36 272.13
281.37 66.26
283.36 159.76
285.36 33.52
287.36 183.02
289.36 139.7
291.36 46.44
293.36 190.59
295.36 46.13
297.36 193.75
299.36 127.86
301.36 109.69
303.36 208.38
305.36 42.22
307.36 116.39
309.36 30.91
311.36 128.22
313.36 71.39
315.36 47.57
317.36 99.75
319.36 30.99
321.36 99.44
323.36 113.32
325.36 162.45
327.36 81.24
329.36 31.04
331.36 101.98
333.36 30.92
335.36 160.95
337.36 193.13
339.36 187.65
341.36 142.26
343.36 30.99
345.36 228.98
347.36 252.17
349.36 169.32
351.36 130.56
353.36 36.61
355.36 154.61
357.36 27.85
359.36 228.88
361.36 154.75
363.36 40.22
365.36 114.07
367.36 23.65
369.36 120.45
371.36 158.22
373.36 162.08
375.36 94.5
377.36 46.45
379.36 170.25
381.36 30.74
383.37 120.79
385.36 201.38
387.36 251.16
389.36 212.51
391.36 36.63
393.36 217.24
395.36 249.32
397.36 166.88
399.36 250.72
401.36 33.55
403.36 114.16
405.36 31.13
407.36 247.69
409.36 160.66
411.36 46.56
413.36 191.13
415.36 32.5
417.36 188.56
419.36 222.0
421.36 117.86
423.36 201.03
425.36 36.67
427.36 272.97
429.36 35.17
431.36 325.18
433.6 319.23
435.61 144.31
437.6 86.36
439.6 37.57
441.61 225.38
443.39 46.05
445.61 134.27
447.61 147.98
449.62 51.01
451.61 206.15
453.61 36.28
455.61 201.89
457.61 174.03
459.61 141.94
461.61 143.12
463.6 23.0
465.6 148.73
467.61 46.11
469.6 125.83
471.61 70.27
473.61 26.85
475.6 174.96
477.62 33.38
479.6 163.27
481.6 159.24
483.6 101.43
485.61 168.52
487.61 30.99
489.61 116.94
491.61 31.22
493.61 115.41
495.6 186.17
497.61 50.97
499.61 210.6
501.61 37.34
503.59 176.32
505.61 161.43
507.61 206.32
509.61 184.39
511.6 25.78
513.59 108.87
515.61 12.95
517.61 170.98
519.61 251.92
521.6 33.42
523.6 161.73
525.6 31.0
527.6 174.06
529.6 165.05
531.6 103.8
533.6 165.9
535.6 30.75
537.6 170.78
539.59 23.47
541.6 120.54
543.6 169.16
545.6 39.58
547.6 130.74
549.6 46.38
551.6 186.46
553.61 125.4
555.6 181.17
557.6 137.09
559.6 33.52
561.6 83.53
563.59 51.6
565.59 147.65
567.59 121.85
569.6 33.46
571.6 133.1
573.6 41.86
575.6 125.71
577.6 169.91
579.6 88.73
581.6 86.96
583.6 45.6
585.6 167.53
