0.0 2.4
2.67 2.26
3.23 4.34
5.04 5.9
6.46 2.47
7.92 1.81
9.65 4.36
11.6 6.63
12.55 5.66
14.95 0.3
15.62 5.8
16.79 2.08
18.03 3.18
19.67 6.21
21.11 4.21
22.93 2.31
24.78 2.87
27.09 6.51
28.63 4.9
29.86 9.24
31.26 9.01
32.18 10.31
34.56 3.96
37.98 3.71
40.51 4.11
42.21 6.97
44.57 4.06
46.56 6.95
47.73 9.66
49.44 6.84
51.8 3.1
54.46 1.15
58.62 3.31
60.93 3.6
62.46 5.4
64.24 2.37
66.15 2.71
68.34 2.64
70.75 2.81
72.66 4.43
74.47 3.25
75.56 5.21
77.06 5.59
79.32 5.33
81.31 6.5
83.57 7.12
85.57 4.2
87.83 4.84
89.87 5.31
92.06 6.54
94.56 4.39
97.24 4.7
99.24 5.65
102.05 7.09
103.47 7.0
105.58 7.09
107.32 4.61
109.31 0.91
111.56 8.01
113.56 8.49
115.81 4.86
117.82 7.54
120.26 6.11
122.31 7.48
124.32 4.05
126.56 7.9
128.56 7.11
130.76 6.19
132.81 6.67
135.06 4.67
137.31 9.9
139.31 8.74
141.59 9.58
143.57 11.66
145.77 6.17
147.81 7.23
150.06 6.82
152.07 4.07
154.74 4.2
156.33 6.71
158.57 9.3
160.82 2.94
162.82 5.21
164.82 3.31
167.84 3.13
170.72 0.17
172.57 2.95
175.77 1.2
178.11 2.84
179.75 6.16
181.02 4.26
182.87 5.62
185.02 3.13
192.2 2.02
195.53 1.18
196.56 0.64
199.06 1.3
201.19 2.24
201.9 2.84
203.56 3.27
206.5 2.41
209.08 4.97
211.65 1.95
213.89 2.76
215.65 3.67
217.31 4.16
219.05 5.22
220.62 3.24
223.38 3.39
224.82 2.66
227.32 2.68
228.8 6.47
230.79 1.96
233.04 3.77
235.05 4.77
237.31 3.27
239.32 6.64
241.55 3.48
243.82 5.16
245.8 6.13
248.04 0.54
250.04 0.6
252.3 2.5
254.3 5.2
256.54 3.42
258.54 5.09
261.04 1.8
263.04 3.5
265.1 1.34
267.29 5.67
269.29 4.71
271.54 5.49
273.56 6.5
276.04 6.86
278.04 2.85
280.31 5.2
282.29 6.79
284.36 5.88
286.8 8.01
288.79 1.55
291.04 1.16
293.04 5.47
295.29 0.96
297.29 9.09
299.54 7.61
301.54 9.63
303.8 6.54
305.79 0.77
308.04 6.97
310.04 9.88
312.29 8.34
314.54 5.62
316.54 0.93
318.79 4.11
320.79 7.49
323.04 7.77
325.13 7.02
327.54 7.2
330.83 5.08
333.08 3.48
334.83 2.6
336.19 5.82
338.29 5.39
340.29 5.98
342.54 0.72
345.14 5.02
347.94 6.34
349.33 6.4
351.04 6.38
353.36 2.45
356.13 6.85
358.22 6.75
359.55 8.6
361.8 0.86
363.8 7.61
366.04 10.05
368.29 4.21
370.54 9.74
373.15 5.74
375.22 7.09
376.69 6.43
379.04 8.36
381.29 8.38
383.29 7.05
385.54 5.04
387.54 8.07
389.8 8.09
391.8 5.83
394.04 2.96
396.04 4.56
398.29 5.87
400.29 3.55
402.54 6.16
404.79 4.56
406.79 6.04
409.04 7.79
411.04 7.35
413.35 6.25
415.29 4.3
417.54 1.35
419.54 4.41
421.8 3.68
423.82 1.41
426.29 5.15
429.61 1.96
432.01 1.62
434.89 0.86
438.25 4.46
441.03 3.25
443.41 7.21
445.1 9.35
447.89 2.17
449.42 9.09
450.21 8.16
451.19 5.2
451.96 10.02
454.08 4.81
456.31 0.95
458.31 5.57
460.62 3.14
462.51 5.22
465.38 3.64
467.47 5.15
469.08 7.53
471.04 7.01
473.29 5.85
475.32 8.58
477.79 8.28
479.6 8.01
482.08 1.38
484.79 2.63
487.29 3.81
488.55 3.58
490.55 2.46
492.85 3.88
494.79 1.61
497.21 4.32
499.29 4.32
501.29 1.89
503.54 0.69
507.34 1.15
510.97 6.73
512.07 0.28
513.63 3.15
516.04 4.44
518.2 3.97
519.69 2.6
522.87 1.82
526.1 3.97
529.56 3.48
531.21 3.35
534.89 3.42
538.48 3.39
539.32 2.38
540.0 4.24
540.59 5.91
541.15 5.35
542.32 4.09
544.3 4.35
546.55 7.45
548.54 3.37
550.79 4.03
553.16 3.9
555.86 6.05
557.04 5.73
559.55 6.24
561.57 9.8
564.09 5.95
566.04 9.7
568.04 6.14
570.29 7.62
572.91 2.32
575.13 6.86
576.55 2.09
578.79 7.31
583.77 2.71
585.88 4.65
586.95 7.73
587.73 4.38
589.81 6.97
591.79 3.49
595.32 4.6
598.08 4.9
600.81 6.94
603.38 2.23
605.31 4.65
607.46 3.92
612.06 5.17
614.38 4.61
616.56 4.83
619.31 0.47
621.32 4.94
623.63 5.93
625.57 7.47
626.21 6.29
628.08 2.81
630.08 6.7
632.33 3.91
634.34 5.38
636.59 4.66
638.58 3.0
640.84 5.13
642.83 3.7
645.08 7.36
647.08 2.93
649.35 7.06
651.58 7.92
653.58 3.52
655.84 5.71
657.85 5.53
660.09 8.25
662.09 7.58
664.33 0.92
666.33 7.36
668.58 4.8
670.62 5.19
672.84 4.14
674.83 5.99
677.08 2.62
679.33 1.0
681.34 2.93
683.73 1.81
686.21 2.94
688.82 0.96
691.8 3.47
694.82 1.46
698.72 1.83
701.34 1.07
702.98 2.79
704.15 4.13
705.68 5.2
707.79 2.5
710.06 5.02
711.09 6.08
713.1 2.4
715.34 6.01
717.52 4.98
719.63 6.02
721.65 2.89
723.84 2.09
726.09 3.62
728.1 3.03
730.35 5.84
732.34 4.11
734.59 2.52
736.6 3.81
738.84 5.04
740.84 5.51
743.1 5.0
745.1 3.16
747.34 3.0
749.59 5.25
751.61 3.55
753.84 5.41
755.84 5.81
758.12 3.39
760.1 4.18
762.34 3.12
764.35 3.17
766.85 2.67
768.87 2.79
771.11 2.41
773.12 3.25
775.37 1.91
777.62 4.39
779.6 4.39
781.88 4.39
783.86 1.63
786.14 2.23
789.21 2.98
792.78 1.32
794.53 3.87
796.05 4.14
797.73 4.9
799.0 4.08
801.1 5.91
803.1 4.55
805.34 4.33
807.37 3.84
809.6 5.25
811.61 3.24
814.1 3.21
816.09 1.44
818.36 3.33
820.42 5.27
822.6 0.22
824.59 5.6
826.84 2.72
828.86 3.98
831.36 1.44
833.1 2.39
835.35 3.73
837.6 2.21
839.6 4.35
841.85 3.05
843.85 3.64
846.09 5.34
848.1 5.69
850.36 3.37
852.34 5.95
854.6 6.03
856.59 3.03
859.1 5.58
861.34 0.5
863.34 2.43
865.6 2.28
867.6 3.51
869.85 3.75
872.26 3.9
874.11 3.32
876.09 3.46
878.34 3.9
880.4 4.68
882.6 5.04
884.59 2.05
886.84 5.74
889.09 7.38
891.15 2.04
893.38 5.03
895.35 5.23
897.84 4.58
899.6 4.81
901.88 4.91
903.85 3.97
906.16 4.05
908.35 4.25
910.36 5.31
912.84 5.05
914.84 8.07
917.09 8.86
919.09 7.96
921.34 2.11
923.34 2.77
925.59 6.96
927.6 2.11
929.84 7.25
931.78 4.5
934.14 3.66
936.34 7.16
938.34 5.77
940.59 6.81
942.62 7.4
944.84 5.08
946.85 6.07
949.09 7.41
951.12 4.17
953.38 3.43
955.84 2.32
957.85 7.97
960.1 6.07
962.09 8.29
964.35 1.13
966.35 6.43
968.61 7.33
970.6 7.45
972.86 3.2
974.84 6.43
977.09 2.07
979.1 1.95
981.34 7.41
983.59 4.21
985.6 6.08
987.85 6.19
989.84 4.3
992.1 7.05
994.09 3.33
996.35 1.59
998.36 3.43
1000.6 3.75
1002.6 5.92
1004.85 6.06
1006.84 6.3
1009.1 4.67
1011.34 10.09
1013.35 3.7
1015.65 5.39
1017.62 10.17
1019.84 9.83
1021.84 1.17
1024.39 6.06
1026.3 2.83
1028.61 2.46
1030.6 7.19
1032.84 8.37
1035.1 5.13
1037.23 4.68
1039.34 9.04
1041.36 0.79
1043.59 5.66
1045.55 2.3
1047.86 3.25
1049.85 2.98
1052.11 3.21
1054.1 1.29
1056.35 3.7
1058.6 3.15
1060.6 6.25
1063.6 2.1
1064.85 6.08
1067.09 1.18
1069.1 4.64
1071.35 5.18
1073.35 1.79
1075.6 0.35
1077.61 4.38
1080.1 4.47
1082.1 4.55
1084.34 2.19
1086.35 9.1
1088.59 8.25
1090.84 2.37
1092.87 2.08
1095.1 1.03
1097.09 2.77
1099.35 4.89
1101.34 4.38
1103.73 2.82
1105.6 5.7
1107.74 5.2
1109.81 1.34
1112.04 2.02
1114.12 3.28
1116.36 4.25
1118.63 5.89
1120.63 3.61
1122.86 5.25
1125.46 5.72
1127.12 6.34
1129.09 5.19
1131.6 7.63
1133.6 3.16
1135.84 7.7
1137.85 7.74
1140.09 8.37
1142.35 5.57
1144.24 2.8
1146.6 3.4
1148.53 5.71
1150.84 4.83
1152.77 1.61
1155.1 0.65
1157.1 4.91
1159.34 6.02
1161.59 7.41
1163.6 7.15
1165.9 7.3
1167.85 3.57
1170.09 7.33
1172.15 8.84
1174.35 9.05
1176.34 11.24
1178.59 3.66
1180.6 11.05
1182.87 3.88
1184.84 7.43
1187.34 5.82
1189.59 7.41
1191.59 3.3
1193.86 7.68
1195.85 7.45
1198.1 4.28
1200.09 1.09
1202.35 7.93
1204.26 4.69
1206.6 8.91
1208.6 6.18
1210.84 8.35
1212.86 8.26
1215.1 7.3
1217.35 6.55
1219.34 6.01
1221.6 3.22
1223.6 8.58
1225.85 5.99
1227.84 8.74
1230.09 4.13
1232.1 9.72
1234.35 7.11
1236.34 0.43
1238.59 10.21
1240.59 11.4
1243.1 9.76
1245.34 7.26
1247.35 5.15
1249.6 2.88
1251.6 5.81
1253.89 6.06
1255.75 4.66
1258.12 0.37
1260.1 3.01
1262.74 6.11
1264.61 6.63
1266.61 1.3
1268.84 6.82
1270.84 6.64
1273.09 4.12
1275.09 8.13
1277.34 6.15
1279.35 7.81
1281.6 8.43
1283.59 1.51
1285.85 9.26
1288.09 4.72
1290.09 4.89
1292.35 2.82
1294.36 0.71
1296.6 4.39
1298.6 5.37
1300.85 4.92
1302.85 5.61
1305.1 6.44
1307.09 4.48
1309.6 7.96
1311.87 8.02
1313.88 8.16
1316.1 5.42
1318.09 9.1
1320.34 9.97
1322.34 9.7
1324.61 7.71
1326.59 11.25
1328.84 4.52
1330.86 8.84
1333.0 1.13
1335.36 0.74
1337.4 2.39
1339.6 1.95
1342.11 1.6
1345.47 1.29
1350.3 1.55
1352.18 1.06
1353.96 1.97
1355.24 2.37
1356.57 1.08
1357.68 5.03
1358.85 5.77
1360.85 6.31
1363.12 3.31
1365.09 0.99
1367.35 4.37
1369.34 8.86
1371.6 9.15
1373.6 4.36
1376.09 4.37
1378.1 0.45
1380.34 4.78
1382.35 5.83
1384.6 5.55
1386.85 4.01
1388.85 6.62
1391.09 5.1
1393.1 2.34
1395.34 6.81
1397.35 7.46
1399.59 7.94
1401.62 7.81
1403.85 8.12
1405.84 6.41
1408.09 9.46
1410.13 8.66
1412.34 9.39
1414.36 4.78
1416.59 10.9
1418.84 6.1
1420.84 9.97
1423.1 3.38
1425.1 1.63
1427.6 7.09
1429.6 5.02
1431.84 3.32
1434.09 11.08
1436.09 8.46
1438.35 1.66
1440.34 9.47
1442.62 8.63
1444.59 6.93
1446.86 9.39
1448.84 0.14
1451.09 3.75
1453.09 9.08
1455.35 2.77
1457.6 7.8
1459.59 8.43
1461.79 3.9
1463.84 9.12
1466.09 5.93
1468.1 9.85
1470.34 9.08
1472.35 0.4
1475.19 4.43
1476.85 4.91
1478.84 6.15
1481.34 7.35
1483.34 6.92
1485.59 9.86
1487.62 7.24
1489.84 10.09
1491.85 2.86
1494.1 6.08
1496.1 11.93
1498.34 7.72
1500.41 5.92
1502.61 6.23
1504.84 12.15
1506.85 7.85
1509.1 8.38
1511.09 3.17
1513.3 6.6
1515.34 4.95
1517.6 1.31
1519.59 6.51
1521.87 9.84
1523.84 4.78
1526.1 7.88
1528.4 4.9
1530.34 2.71
1532.6 7.98
1534.6 7.72
1536.85 5.99
1538.84 7.75
1541.35 2.2
1543.35 5.97
1545.6 6.06
1547.85 4.62
1549.84 4.41
1552.1 7.56
1554.1 3.15
1556.36 3.84
1558.35 6.29
1560.6 0.2
1562.63 5.89
1564.85 3.83
1566.85 0.6
1569.1 9.11
1571.1 1.89
1573.34 9.25
1575.35 6.47
1577.59 7.27
1579.84 8.66
1581.85 9.14
1584.1 6.82
1586.14 7.39
1588.34 5.6
1590.34 0.03
1592.59 5.84
1594.59 4.65
1596.84 8.15
1598.85 7.9
1601.1 8.14
1603.37 5.86
1605.51 7.28
1607.86 0.65
1609.86 4.72
1612.09 2.81
1614.09 3.82
1616.35 3.9
1618.35 4.6
1620.6 6.08
1622.6 2.69
1624.84 4.71
1626.85 5.61
1629.09 5.8
1631.36 6.93
1633.36 1.84
1635.59 6.41
1637.59 6.84
1639.84 7.2
1641.84 7.08
1644.11 9.66
1646.15 4.47
1648.35 5.41
1650.35 3.6
1652.6 5.76
1654.6 5.45
1656.84 1.44
1659.1 7.73
1661.12 7.25
1663.39 6.83
1665.6 7.11
1667.84 5.98
1669.85 7.96
1672.09 9.87
1674.1 2.08
1676.34 6.23
1678.35 6.51
1680.6 2.35
1682.87 3.32
1684.85 5.88
1687.1 4.29
1689.1 7.02
1691.35 5.1
1693.35 6.71
1695.6 6.86
1697.6 7.81
1699.84 6.55
1701.85 9.7
1704.1 4.26
1706.11 5.95
1708.37 1.04
1710.6 4.07
1712.6 7.17
1714.85 8.11
1717.1 1.14
1719.36 9.71
1721.39 7.3
1723.59 9.09
1725.62 0.55
1727.84 3.54
1729.84 7.96
1732.1 0.86
1734.11 7.26
1736.35 6.99
1738.36 4.86
1740.59 4.12
1742.86 8.33
1744.86 9.16
1747.11 10.42
1749.09 10.06
1751.34 4.68
1753.35 5.18
1755.61 8.61
1757.6 2.72
1759.84 4.65
1761.84 7.9
1764.34 9.18
1766.59 8.98
1768.59 0.1
1770.84 10.19
1772.84 1.43
1775.11 8.18
1777.09 1.87
1779.38 10.03
1781.34 9.75
1783.59 9.93
1785.44 9.76
1787.85 7.99
1789.85 8.33
1792.12 3.98
1794.35 4.27
1796.35 7.11
1798.59 2.6
1800.6 9.41
1802.85 5.99
1804.85 4.64
1807.15 9.33
1809.1 4.1
1811.34 10.25
1813.61 10.03
1815.6 10.8
1817.84 10.4
1819.85 8.1
1822.09 9.47
1824.1 4.46
1826.6 4.59
1828.59 7.6
1830.87 8.32
1832.85 2.42
1835.09 6.96
1837.11 2.49
1839.35 8.66
1841.62 8.58
1843.59 2.35
1845.84 7.99
1847.84 4.62
1850.09 5.63
1852.1 6.94
1854.35 6.71
1856.34 7.25
1858.6 7.74
1860.6 7.53
1862.86 2.94
1864.84 2.5
1867.09 3.56
1869.09 6.43
1871.36 4.38
1873.59 8.24
1875.59 3.15
1877.85 8.03
1879.84 4.82
1882.1 8.12
1884.1 5.32
1886.6 2.68
1888.6 4.06
1890.84 5.09
1892.84 7.89
1895.1 5.79
1897.09 7.95
1899.19 0.78
1901.6 7.74
1903.59 6.47
1905.84 7.13
1907.85 2.69
1910.1 8.61
1912.1 1.84
1914.34 8.79
1916.39 9.98
1918.61 8.63
1920.6 10.95
1922.87 6.39
1924.84 6.83
1927.13 2.43
1929.35 7.11
1931.41 10.19
1933.59 6.16
1935.6 6.07
1938.1 5.61
1940.1 5.54
1942.35 2.99
1944.35 3.66
1946.6 9.91
1948.6 6.61
1950.85 0.78
1953.1 0.86
1955.1 4.43
1957.35 2.89
1959.35 9.99
1961.61 6.12
1963.6 4.23
1965.85 8.31
1967.86 0.49
1970.11 8.79
1972.1 8.82
1974.34 5.79
1976.4 5.51
1978.59 5.21
1980.84 7.25
1982.85 8.04
1985.09 7.43
1987.1 8.95
1989.34 9.32
1991.35 5.53
1993.6 5.89
1995.6 3.26
1998.1 4.34
2000.09 7.94
2002.38 3.77
2004.59 8.09
2006.45 9.01
2008.85 8.51
2010.86 8.44
2013.1 4.52
2015.09 9.87
2017.34 9.56
2019.34 9.77
2021.64 7.07
2023.59 7.07
2025.84 6.96
2027.85 0.34
2030.1 9.55
2032.1 7.73
2034.34 7.37
2036.35 4.26
2038.6 7.73
2040.85 2.9
2042.85 7.12
2045.11 5.94
2047.1 5.98
2049.6 7.74
2051.6 8.78
2053.88 5.31
2055.84 7.93
2057.95 7.45
2060.1 6.88
2062.35 7.47
2064.34 9.29
2066.62 4.17
2068.6 5.79
2070.85 5.04
2073.1 6.13
2075.11 4.88
2077.35 4.94
2079.35 7.02
2081.66 5.81
2083.6 3.5
2085.85 4.65
2087.87 5.42
2090.09 0.33
2092.1 5.82
2094.35 6.97
2096.6 1.98
2098.6 7.27
2100.84 2.91
2102.92 5.96
2105.1 3.83
2107.34 1.96
2109.51 5.56
2111.62 8.29
2113.86 4.08
2115.86 6.7
2118.1 6.47
2120.1 9.18
2122.34 7.91
2124.6 2.76
2126.61 5.71
2128.84 8.25
2130.85 9.61
2133.1 2.29
2135.02 3.61
2137.36 2.14
2139.36 9.58
2141.6 0.26
2143.6 8.17
2145.84 5.57
2147.84 6.81
2150.35 8.35
2152.34 9.84
2154.6 7.48
2156.86 5.97
2158.84 9.24
2160.96 10.23
2163.1 9.47
2165.34 3.11
2167.34 2.92
2169.6 4.56
2171.6 7.64
2173.86 0.54
2175.84 3.47
2178.1 6.42
2180.11 7.81
2182.34 5.21
2184.6 5.65
2186.6 3.03
2188.84 6.0
2190.84 1.42
2193.35 2.41
2195.35 6.77
2197.6 0.24
2199.59 7.14
2201.9 0.5
2204.06 4.92
2206.1 6.61
2208.34 5.92
2210.35 8.76
2212.6 7.17
2214.63 6.06
2216.85 2.28
2218.85 6.22
2221.09 2.76
2223.1 7.37
2225.34 0.65
2227.35 5.84
2229.59 5.27
2231.84 6.32
2233.84 0.19
2236.34 4.48
2238.34 5.64
2240.59 7.9
2242.68 6.12
2244.84 7.64
2246.84 10.03
2249.09 4.15
2251.1 5.25
2253.35 4.27
2255.6 6.87
2257.62 9.86
2259.85 9.47
2261.85 6.22
2264.1 9.45
2266.09 10.62
2268.34 8.4
2270.35 8.25
2272.6 10.08
2274.86 0.85
2276.84 5.29
2279.1 2.05
2281.1 6.34
2283.36 3.69
2285.34 9.4
2287.63 9.63
2289.6 4.29
2291.88 9.95
2293.84 9.6
2296.1 5.45
2298.6 6.43
2300.6 7.66
2302.85 8.39
2304.84 5.52
2307.13 8.63
2309.1 7.62
2311.34 8.88
2313.37 7.53
2315.6 9.87
2317.62 10.76
2319.84 5.31
2321.85 8.93
2324.1 0.4
2326.35 8.67
2328.34 4.46
2330.59 6.85
2332.6 5.74
2334.86 5.27
2336.88 0.78
2339.09 7.62
2341.12 9.22
2343.35 1.36
2345.35 8.13
2347.86 0.72
2350.1 6.13
2352.11 10.34
2354.35 4.69
2356.36 6.9
2358.59 7.8
2360.6 7.19
2362.86 4.92
2364.85 3.3
2367.1 6.07
2369.09 7.66
2371.35 10.42
2373.36 2.55
2375.6 10.04
2377.85 2.46
2379.85 0.33
2382.1 8.25
2384.1 5.38
2386.35 1.55
2388.34 5.0
2390.6 3.23
2392.63 7.81
2394.84 0.44
2397.1 7.45
2399.1 3.71
2401.36 6.2
2403.35 4.55
2405.59 10.37
2407.64 6.29
2409.84 8.43
2411.84 5.25
2414.34 6.23
2416.34 9.35
2418.6 4.94
2420.84 7.13
2422.94 5.28
2425.1 0.57
2427.13 7.74
2429.35 3.83
2431.35 6.64
2433.46 8.04
2435.61 3.11
2437.85 7.53
2439.85 7.88
2442.09 1.58
2444.25 6.48
2446.35 5.69
2448.6 2.32
2450.59 6.22
2452.85 6.03
2454.84 2.94
2457.16 1.62
2459.1 4.61
2461.34 6.3
2463.59 0.14
2465.6 4.75
2467.85 5.95
2469.84 9.17
2472.35 5.89
2474.41 1.78
2476.6 8.4
2478.87 5.55
2481.27 7.81
2483.88 0.19
2485.05 8.45
2487.12 11.72
2489.54 0.29
2492.45 3.18
2494.34 7.22
2495.85 5.41
2497.84 0.99
2500.1 6.36
2502.35 3.83
2505.53 3.18
2506.65 7.68
2508.61 11.1
2511.37 10.3
2512.86 5.65
2515.1 5.2
2517.1 8.3
2519.6 8.32
2521.6 6.82
2523.85 4.87
2525.85 3.47
2528.1 8.9
2530.34 8.52
2532.35 7.52
2534.59 4.19
2540.5 6.4
2543.22 5.73
2544.44 5.89
2545.44 6.84
2546.05 6.87
2550.04 5.82
2551.05 5.27
2554.81 8.24
2556.52 10.41
2559.26 4.27
2561.84 3.41
2563.96 6.11
2565.44 9.64
2566.13 8.65
2566.93 0.22
2569.37 4.65
2571.96 3.0
2575.52 7.62
2577.96 6.2
2578.66 6.99
2579.85 9.24
2582.12 9.43
2584.55 5.8
2587.59 7.4
2590.48 6.3
2593.62 5.1
2595.85 7.02
2597.83 1.98
2599.17 1.18
2602.46 2.63
2603.54 5.58
2604.32 7.8
2607.2 6.11
2611.54 2.92
2613.62 7.83
2615.31 6.59
2616.27 5.46
2616.94 8.84
2618.85 6.06
2621.11 1.8
2623.14 5.62
2625.6 7.64
2627.71 9.7
2630.75 8.75
2632.1 9.7
2634.4 7.31
2637.81 6.05
2639.7 5.0
2640.6 6.35
2642.61 3.83
2645.1 9.38
2647.35 2.11
2649.45 0.49
2651.6 7.05
2653.6 2.53
2655.85 6.93
2657.85 3.25
2660.1 5.67
2662.2 7.67
2664.35 8.65
2666.85 0.03
2668.84 8.57
2671.1 9.17
2673.15 9.04
2675.35 8.01
2677.34 6.71
2679.59 5.48
2681.6 1.16
2683.85 0.6
2686.34 7.73
2688.35 9.01
2690.6 7.26
2692.73 3.1
2694.85 6.71
2696.85 6.85
2699.19 5.54
2701.11 8.02
2703.34 7.22
2705.84 7.23
2707.85 6.7
2710.12 7.51
2712.09 7.48
2714.35 0.59
2716.35 7.97
2718.6 6.77
2720.85 4.93
2723.02 4.25
2725.09 7.8
2727.09 4.77
2729.6 3.83
2731.6 7.89
2733.85 6.03
2735.85 1.26
2738.09 6.01
2740.5 5.39
2742.35 6.0
2744.6 6.89
2746.62 8.04
2749.1 7.15
2751.09 3.53
2753.35 2.96
2755.35 8.04
2757.6 8.09
2759.6 9.68
2761.86 2.53
2764.1 8.57
2766.1 7.68
2768.59 4.85
2770.6 5.8
2772.88 4.94
2774.85 2.94
2777.1 5.71
2779.1 4.83
2781.35 6.33
2783.6 4.55
2785.6 5.93
2787.85 6.66
2789.84 5.93
2792.12 8.76
2794.1 7.5
2796.6 8.37
2799.11 2.63
2800.84 6.43
2802.85 5.73
2805.18 7.18
2807.87 5.01
2810.41 6.73
2811.6 8.11
2813.6 3.44
2816.1 7.16
2818.1 3.51
2820.35 6.27
2822.35 8.24
2824.6 5.52
2826.86 4.09
2828.85 7.1
2831.1 4.76
2833.2 3.87
2835.34 5.96
2837.36 6.65
2839.72 7.89
2842.09 0.66
2844.58 3.47
2847.61 3.6
2849.5 4.55
2853.3 3.5
2856.87 8.29
2860.96 5.6
2864.86 6.62
2865.7 5.14
2868.44 6.03
2870.64 8.11
2872.95 0.31
2874.78 7.79
2875.96 9.07
2878.97 4.26
2880.8 5.21
2883.3 2.82
2884.19 6.37
2885.18 8.84
2886.46 8.38
2889.01 2.33
2890.68 3.04
2891.62 7.58
2893.36 7.5
2894.75 9.13
2896.34 6.77
2899.04 0.95
2900.84 4.52
2902.86 0.47
2905.1 9.0
2907.09 1.49
2909.35 8.25
2912.28 5.48
2913.56 4.92
2915.75 7.13
2917.85 2.83
2920.1 6.94
2922.09 9.16
2924.36 4.1
2926.35 7.13
2928.61 3.69
2930.6 7.89
2932.85 0.19
2935.1 7.62
2937.09 8.62
2939.34 4.82
2941.36 2.97
2943.6 7.48
2945.6 4.72
2947.85 9.42
2949.85 7.04
2952.1 3.77
2954.09 1.46
2956.35 5.49
2958.84 3.48
2960.85 5.36
2965.46 7.64
2970.26 9.48
2972.12 4.46
2973.01 2.35
2973.61 1.82
2974.19 6.98
2975.84 7.85
2977.85 4.88
2980.1 8.7
2982.11 10.52
2984.34 0.24
2986.6 1.38
2988.6 0.11
2990.85 5.92
2992.85 4.35
2995.35 7.5
2997.4 0.59
2999.59 4.61
3001.6 3.52
3003.85 4.21
3005.85 6.83
3008.09 5.32
3010.34 3.83
3012.35 5.0
3014.61 8.38
3016.6 6.07
3018.72 8.31
3020.86 7.15
3023.11 6.55
3025.1 2.03
3027.36 7.84
3029.6 4.81
3032.51 3.66
3036.73 0.47
3041.04 9.27
3047.23 3.84
3048.34 7.28
3050.66 2.53
3053.74 4.94
3054.95 4.09
3056.03 6.98
3057.21 7.33
3058.61 7.16
3060.21 8.34
3061.51 3.34
3062.79 3.28
3064.1 2.7
3065.25 7.95
3066.69 7.68
3068.35 3.88
3070.34 8.54
3072.61 0.8
3074.61 2.04
3076.86 1.72
3078.85 3.72
3081.35 4.48
3083.46 1.88
3085.6 5.52
3087.65 4.4
3089.87 6.9
3091.85 6.83
3094.09 3.2
3096.28 5.9
3098.35 2.76
3100.6 6.89
3102.69 4.45
3104.84 7.07
3106.87 8.15
3109.12 7.53
3111.1 7.6
3113.34 7.17
3115.6 6.64
3117.75 6.14
3120.18 6.17
3122.14 4.28
3128.19 4.48
3133.01 1.49
3135.42 7.18
3137.04 9.82
3139.69 2.11
3141.62 2.6
3143.99 4.45
3145.52 3.09
3147.07 5.23
3149.16 3.59
3151.68 5.2
3154.54 2.03
3156.13 5.45
3158.16 6.19
3159.04 6.2
3160.97 4.22
3163.34 3.63
3165.37 4.44
3167.0 4.83
3168.98 9.5
3171.29 5.2
3172.73 2.83
3173.57 4.27
3174.8 3.91
3176.1 5.55
3178.6 7.89
3180.6 4.04
3182.9 0.81
3184.74 6.34
3187.12 8.22
3189.12 3.48
3191.35 5.83
3193.62 2.39
3195.6 4.39
3197.88 5.29
3200.27 6.23
3202.1 6.24
3204.1 2.71
3206.35 7.96
3208.35 7.0
3210.85 9.86
3213.55 2.55
3215.48 2.41
3217.36 8.29
3219.34 5.6
3221.6 6.06
3223.6 4.53
3225.86 7.81
3227.85 6.23
3230.1 6.65
3232.35 1.89
3234.37 6.47
3236.6 8.84
3238.61 9.15
3241.0 4.41
3243.13 4.85
3245.34 7.48
3247.37 7.81
3249.61 5.53
3251.87 7.2
3254.33 9.21
3256.24 9.3
3258.1 6.19
3260.36 6.58
3262.35 10.95
3264.63 4.56
3266.6 5.61
3268.84 2.21
3270.86 3.18
3273.1 6.28
3275.11 6.17
3277.35 5.3
3279.6 4.98
3281.86 5.46
3284.09 3.59
3286.09 8.22
3288.35 6.59
3290.34 3.74
3292.59 4.51
3295.19 4.52
3297.25 8.46
3299.37 9.07
3301.28 1.48
3303.35 3.73
3305.37 9.26
3307.6 0.94
3309.71 6.72
3312.1 4.73
3314.2 7.18
3316.35 8.37
3318.35 3.79
3320.63 1.0
3322.61 6.09
3324.85 6.39
3327.1 6.29
3329.09 3.2
3334.52 7.92
3336.13 6.71
3338.13 4.62
3339.23 7.13
3340.48 7.64
3341.85 0.16
3344.25 5.86
3346.64 6.09
3348.62 4.91
3350.85 8.74
3352.85 9.42
3355.1 9.89
3357.1 4.97
3359.41 6.0
3361.34 11.24
3363.6 0.33
3365.6 8.24
3367.85 6.22
3370.06 2.29
3372.1 7.61
3374.36 2.62
3376.35 6.09
3378.61 5.52
3380.59 4.43
3382.9 4.22
3384.85 4.38
3387.1 3.47
3389.09 3.21
3391.6 5.15
3393.86 3.64
3395.76 4.7
3398.13 3.34
3400.1 5.54
3402.34 6.72
3404.35 2.53
3406.6 6.69
3408.6 7.35
3410.85 4.64
3412.85 10.4
3415.1 3.47
3417.11 10.61
3419.36 7.06
3421.6 9.2
3423.6 6.21
3425.85 6.55
3427.85 0.45
3430.09 6.29
3432.1 6.27
3434.35 3.34
3436.34 7.19
3438.59 8.16
3440.85 7.54
3442.85 9.9
3445.1 5.65
3447.1 8.65
3449.35 8.45
3451.35 4.93
3453.6 8.31
3455.6 10.72
3458.1 10.69
3460.1 8.25
3462.35 8.57
3464.6 3.34
3466.61 8.88
3468.86 0.55
3470.85 9.88
3473.03 4.81
3475.1 7.65
3477.36 5.67
3479.4 1.75
3481.62 3.99
3483.6 2.08
3485.86 6.36
3488.09 8.4
3490.09 5.58
3492.36 3.51
3494.35 8.29
3496.85 4.24
3498.72 6.81
3501.1 4.84
3503.11 5.43
3505.35 4.72
3507.35 7.22
3509.59 5.36
3511.6 9.96
3513.87 9.11
3516.1 4.2
3518.09 6.46
3520.35 5.74
3522.34 4.77
3524.6 7.51
3526.6 6.52
3528.85 8.86
3530.85 3.82
3533.35 6.09
3535.64 5.64
3537.6 9.03
3539.85 6.12
3541.84 9.48
3544.09 4.58
3546.1 7.5
3548.36 9.45
3550.35 8.95
3552.6 11.99
3554.61 8.53
3556.85 0.33
3559.12 7.5
3561.1 6.17
3563.35 8.26
3565.36 3.28
3567.6 6.77
3569.6 5.32
3571.87 5.89
3574.11 3.47
3576.11 2.86
3578.35 9.0
3580.35 0.7
3582.6 8.65
3584.6 5.4
3587.1 7.19
3589.16 4.72
3592.25 7.17
3593.91 3.14
3595.6 4.46
3597.85 5.88
3599.85 4.42
3602.1 4.09
3604.11 1.37
3606.35 5.38
3608.34 6.69
3610.6 1.79
3612.6 4.91
3614.84 8.67
3616.85 4.56
3619.1 8.51
3621.1 5.5
3623.36 0.13
3625.6 3.63
3627.6 5.45
3629.85 7.32
3632.1 5.93
3634.35 2.57
3636.35 6.51
3638.62 0.64
3640.6 9.91
3642.87 5.7
3645.1 7.6
3647.1 6.15
3649.35 0.79
3651.25 1.41
3653.6 8.15
3655.66 4.01
3658.42 4.14
3661.61 2.96
3663.89 5.64
3664.79 5.61
3666.44 7.64
3668.85 8.17
3670.85 8.66
3674.01 0.21
3675.1 8.57
3677.35 4.43
3679.38 8.51
3681.59 0.23
3683.6 3.98
3685.85 5.45
3687.86 9.39
3690.09 6.54
3692.35 9.5
3694.45 2.24
3696.6 4.11
3698.85 8.32
3701.56 7.85
3703.75 8.43
3706.07 2.48
3707.46 8.12
3709.61 7.94
3711.86 5.1
3713.86 1.0
3716.1 5.22
3718.1 1.0
3720.91 5.68
3722.34 6.04
3724.6 6.3
3726.6 7.26
3728.85 5.36
3731.09 4.21
3733.57 6.03
3735.41 8.3
3737.36 7.67
3739.6 7.68
3741.6 7.08
3743.84 2.8
3745.86 7.4
3748.11 4.85
3750.1 1.4
3752.35 9.3
3754.85 4.1
3756.85 3.89
3759.11 5.58
3761.1 8.23
3763.37 8.61
3765.4 4.56
3767.6 6.51
3769.61 4.93
3772.27 6.39
3774.1 3.78
3776.1 4.75
3778.32 1.66
3780.48 9.01
3782.61 2.42
3784.61 6.14
3786.86 4.58
3788.84 7.63
3791.16 9.35
3795.98 8.74
3797.88 3.07
3802.23 9.32
3804.83 8.0
3806.25 9.12
3809.63 3.54
3810.64 5.98
3811.54 7.33
3813.29 0.27
3814.25 8.65
3815.06 6.11
3816.86 6.17
3819.1 9.37
3821.35 9.76
3823.35 4.16
3825.62 6.19
3827.6 4.14
3830.13 6.38
3832.25 4.03
3834.35 4.06
3836.36 7.51
3838.6 5.64
3840.88 9.22
3842.87 3.58
3845.02 9.14
3847.1 1.97
3849.31 8.68
3851.35 9.8
3853.91 3.44
3855.93 4.55
3858.1 6.52
3860.09 7.16
3862.35 6.81
3864.35 5.38
3866.6 7.53
3868.88 4.85
3871.02 8.85
3873.1 2.6
3875.1 9.13
3877.35 8.99
3879.36 8.89
3881.85 6.95
3883.85 0.33
3886.1 6.51
3888.34 7.53
3890.87 8.05
3892.6 5.49
3894.6 4.45
3896.86 4.13
3898.99 7.56
3901.1 6.72
3903.59 0.06
3905.35 7.13
3908.23 4.91
3910.37 7.67
3915.2 7.98
3918.04 5.39
3920.02 7.88
3921.12 8.86
3922.63 6.95
3924.37 8.03
3926.25 3.34
3927.59 5.06
3929.1 9.57
3931.35 8.36
3933.6 5.51
3935.85 1.46
3937.86 6.89
3940.1 3.16
3942.11 0.86
3944.46 6.39
3946.35 7.65
3948.6 3.22
3950.85 6.11
3953.68 6.96
3956.4 7.94
3958.84 1.44
3959.46 3.9
3961.36 2.5
3963.6 4.12
3965.6 6.05
3967.87 5.34
3970.35 7.81
3972.35 4.11
3974.62 8.81
3976.6 9.53
3978.7 10.85
3980.85 6.65
3983.1 7.38
3985.1 7.68
3987.36 3.44
3989.35 2.96
3991.6 9.14
3993.61 4.76
3995.85 7.35
3998.1 6.25
4000.1 7.36
4002.37 8.73
4004.35 3.61
4006.86 0.82
4008.85 6.67
4011.1 8.03
4013.1 5.11
4015.35 10.16
4017.6 3.07
4019.6 7.16
4021.85 7.5
4023.85 5.82
4026.1 0.44
4028.1 9.18
4030.34 9.8
4032.35 10.42
4034.6 6.3
4036.6 10.08
4039.1 6.15
4041.11 0.2
4043.35 5.99
4045.6 7.61
4047.6 8.42
4049.85 8.99
4051.84 0.52
4054.1 3.01
4056.1 5.42
4058.35 4.79
4060.35 8.67
4062.6 5.07
4064.85 4.91
4066.85 5.96
4069.1 6.67
4071.1 7.67
4073.35 5.27
4075.35 6.99
4077.6 6.91
4079.6 6.69
4082.1 2.63
4084.12 9.01
4086.35 9.01
4088.6 9.65
4090.6 8.53
4093.48 8.26
4094.85 1.95
4097.11 8.97
4099.1 10.69
4101.46 7.25
4105.93 7.5
4107.58 9.11
4108.27 4.15
4110.11 10.05
4112.67 2.16
4115.87 1.75
4117.66 7.22
4119.26 4.98
4120.9 5.96
4122.9 5.5
4125.1 5.8
4127.1 8.42
4129.35 5.79
4132.6 5.93
4133.96 4.17
4136.1 7.98
4138.1 1.29
4140.35 2.5
4142.36 6.4
4144.63 6.99
4146.6 9.23
4148.85 8.19
4150.85 8.22
4153.15 4.84
4155.62 4.96
4157.6 7.48
4159.84 4.55
4161.85 7.61
4164.1 7.1
4166.1 11.01
4168.35 7.55
4170.35 10.02
4172.6 10.1
4174.86 8.53
4176.84 8.95
4179.12 10.31
4181.1 11.34
4183.6 8.94
4185.6 0.03
4187.85 11.27
4189.85 11.74
4192.1 6.08
4194.35 4.56
4196.35 10.22
4198.62 10.85
4200.6 7.49
4202.85 3.53
4204.85 5.97
4207.1 8.76
4209.1 6.71
4211.35 7.81
4213.36 7.7
4215.85 8.26
4218.11 6.08
4220.09 1.67
4222.35 13.03
4224.35 7.11
4226.53 4.61
4228.6 6.82
4230.84 5.5
4232.86 6.74
4235.1 6.76
4237.35 7.55
4239.35 5.02
4241.6 7.55
4243.61 5.31
4245.85 8.41
4247.85 5.86
4250.1 1.96
4252.1 6.64
4254.6 5.26
4256.6 6.45
4258.85 1.08
4261.1 5.38
4263.1 8.73
4265.34 5.05
4267.35 4.31
4269.6 8.62
4271.6 7.67
4273.85 4.33
4275.85 5.69
4278.1 9.4
4280.1 8.01
4282.6 5.63
4284.85 2.33
4286.85 1.23
4289.12 7.83
4291.1 7.19
4293.35 6.95
4295.35 2.37
4297.61 8.56
4299.6 6.56
4301.86 5.75
4303.87 7.24
4306.18 4.98
4308.36 3.69
4310.35 7.21
4312.86 4.64
4314.84 5.41
4317.1 8.04
4319.1 7.54
4321.35 3.23
4323.36 7.88
4325.6 3.47
4327.6 9.37
4329.85 7.8
4332.1 5.42
4335.1 8.43
4337.24 4.47
4338.91 0.13
4341.02 6.22
4343.1 3.67
4344.96 1.63
4347.65 5.93
4349.36 3.77
4351.6 6.68
4353.61 0.79
4355.82 2.93
4357.88 6.59
4360.1 7.72
4362.1 5.32
4364.42 5.69
4366.6 6.53
4368.61 5.21
4371.1 4.13
4373.1 4.8
4375.35 4.34
4377.35 7.69
4379.63 2.3
4381.62 4.34
4383.69 3.01
4386.1 3.53
4388.1 3.7
4390.34 5.88
4392.36 4.04
4397.48 6.16
4399.31 7.26
4400.34 7.81
4401.45 8.0
4404.48 1.2
4407.72 8.95
4409.2 3.61
4411.01 4.15
4413.39 3.5
4414.72 4.55
4416.18 1.08
4418.34 5.61
4420.35 7.18
4422.6 7.5
4424.85 7.5
4426.85 3.6
4429.59 4.77
4431.52 6.55
4433.6 9.32
4435.99 11.2
4437.86 11.26
4440.16 0.6
4442.1 6.73
4444.35 4.03
4448.29 6.55
4449.74 8.57
4450.59 6.58
4452.84 8.66
4454.85 7.96
4457.1 5.58
4459.36 5.12
4461.35 7.81
4463.59 0.45
4465.6 0.38
4468.1 8.74
4470.1 2.86
4472.35 6.59
4474.36 9.49
4476.61 8.13
4478.6 9.57
4480.85 5.0
4483.12 6.22
4485.1 8.4
4487.1 10.5
4489.35 7.21
4491.6 1.75
