0.0 0.22
0.62 1.5
1.52 0.67
4.04 38.35
6.03 38.35
8.02 10.09
10.04 21.75
12.03 21.75
14.05 18.32
16.05 3.08
18.05 30.07
20.02 6.73
22.02 5.86
23.87 17.13
26.06 0.76
28.41 2.96
30.71 6.87
33.12 3.62
34.04 16.41
36.01 7.01
38.03 3.21
40.05 12.36
42.05 5.29
44.04 21.47
46.05 26.06
47.86 19.05
50.04 27.09
52.05 23.83
54.03 17.1
56.02 21.09
58.05 21.69
60.04 4.3
62.02 18.61
64.05 18.61
66.02 18.61
68.02 18.61
70.03 18.61
71.88 26.45
74.02 22.53
76.03 28.35
78.03 27.92
80.03 28.25
82.04 26.74
84.03 29.53
86.04 32.79
88.03 32.79
90.03 32.79
92.04 32.79
94.05 32.79
96.03 32.79
98.04 32.79
100.02 32.79
102.03 32.79
104.03 21.74
106.03 11.7
108.04 24.58
110.03 25.2
112.03 27.54
114.03 3.22
116.03 18.66
118.03 18.66
120.02 18.66
122.03 8.04
124.03 20.7
126.02 30.55
128.02 25.2
130.03 30.07
132.03 25.36
134.03 29.28
136.03 5.37
138.04 26.0
140.03 8.53
142.03 19.42
144.02 26.77
146.03 7.87
148.03 34.99
150.04 27.55
152.03 27.06
154.04 12.28
156.01 25.22
158.04 21.28
160.03 28.69
162.03 14.18
164.03 12.57
166.04 0.36
168.03 11.63
170.03 29.94
172.02 28.83
174.01 29.0
176.04 28.77
178.03 29.44
180.03 34.37
182.03 22.23
184.04 22.12
186.01 34.0
188.04 7.37
190.03 1.27
192.01 29.55
194.04 1.17
196.03 32.31
199.02 5.84
200.16 8.77
202.04 3.95
204.03 3.06
206.02 13.65
208.04 7.15
210.04 13.72
212.64 4.24
215.76 9.88
216.35 3.02
218.04 3.88
220.03 5.29
222.04 0.83
224.04 25.22
226.04 25.58
228.04 27.61
230.04 6.92
232.28 1.18
234.04 7.24
236.05 24.39
238.05 0.84
240.09 0.13
242.03 4.13
244.28 18.1
246.28 25.74
248.29 25.74
250.28 25.74
252.28 25.74
254.28 25.74
256.28 25.74
258.28 25.63
260.28 4.83
262.62 2.52
264.28 32.29
266.28 3.8
268.29 29.51
270.28 17.8
272.16 3.62
276.09 4.66
278.57 15.06
280.18 15.06
282.81 20.03
285.09 4.13
286.83 21.89
288.88 19.23
290.41 10.88
293.3 14.46
294.62 16.25
296.14 7.88
298.17 17.57
300.17 11.12
302.17 23.55
304.27 12.84
306.16 21.8
308.17 26.18
310.17 19.02
312.17 26.09
314.18 3.96
316.17 18.4
318.17 21.93
320.3 0.63
322.17 23.27
324.14 23.5
327.95 1.96
329.54 21.99
331.79 24.97
333.23 4.54
335.03 12.8
336.17 24.73
338.16 20.76
340.17 20.73
342.17 9.01
344.17 0.43
346.17 10.19
348.17 10.81
350.17 25.55
352.17 29.98
354.18 28.67
356.17 27.24
358.17 24.85
360.17 31.93
362.19 0.99
364.17 8.62
366.17 23.81
368.17 33.08
370.17 10.19
372.17 7.09
374.35 4.15
376.56 4.39
378.17 0.91
380.16 12.82
382.17 11.76
384.17 13.04
386.17 15.89
388.17 0.63
390.17 5.71
392.17 12.07
394.17 14.32
396.16 17.77
398.17 2.6
400.17 19.59
402.17 22.1
404.17 27.94
407.23 2.36
410.16 9.33
413.39 2.91
414.51 4.02
415.95 8.19
417.95 10.98
419.96 13.46
421.96 13.63
423.96 15.43
425.96 7.82
427.95 10.03
429.95 0.21
431.95 16.63
433.96 21.52
435.95 21.4
437.95 19.21
439.96 14.35
441.96 6.36
443.95 24.6
445.96 21.66
447.95 20.63
449.95 1.64
451.95 24.14
453.95 19.66
455.95 8.23
457.95 1.15
459.95 20.31
461.96 5.24
463.95 5.32
465.95 6.54
467.95 24.61
469.95 27.03
471.96 25.88
473.95 25.38
475.96 24.38
477.95 27.74
480.2 22.02
482.2 7.06
484.2 28.13
486.19 2.62
488.21 1.0
490.2 33.79
492.21 7.35
494.04 29.64
496.21 30.75
498.2 26.41
500.2 0.51
502.21 28.69
504.2 40.57
506.19 30.12
508.2 45.24
510.2 33.1
512.2 0.93
514.21 38.55
516.21 0.9
518.31 20.21
520.21 36.43
522.22 36.43
524.21 20.32
526.22 0.68
528.22 31.01
530.22 16.44
532.23 37.89
534.22 39.55
536.21 35.15
538.22 7.83
540.23 29.23
542.08 5.92
545.05 1.08
546.22 14.24
548.21 28.11
550.23 29.64
552.2 6.41
554.22 0.16
556.2 0.1
558.22 4.31
560.21 28.18
562.22 37.71
564.22 31.05
566.04 44.32
568.22 0.61
570.21 0.03
572.21 24.83
574.22 35.55
576.21 25.43
578.2 12.51
580.21 23.4
582.22 13.36
584.22 25.69
586.22 0.11
588.23 9.9
590.05 25.28
592.21 17.63
594.22 22.38
596.21 28.58
598.21 26.87
600.21 10.09
602.21 27.57
604.21 6.19
606.2 27.87
608.22 12.05
610.21 22.89
612.21 29.36
614.2 27.3
616.21 27.59
618.2 28.39
621.25 28.21
624.22 18.49
626.78 21.23
627.64 1.75
628.79 1.92
630.22 4.07
632.2 2.95
634.21 2.96
636.21 29.23
638.21 28.54
640.8 6.86
643.0 9.5
645.57 5.7
646.9 10.82
648.25 11.0
650.21 6.2
652.21 23.03
654.21 18.99
656.2 21.46
658.21 18.56
660.2 8.29
662.23 6.41
664.53 1.76
666.2 25.02
668.2 22.34
670.21 30.14
672.2 25.78
674.21 7.98
676.21 25.95
678.2 24.15
680.21 22.05
682.22 23.0
684.21 24.45
686.21 9.74
688.21 19.88
691.47 0.94
692.22 29.44
694.21 1.14
696.21 0.16
700.18 34.3
702.81 4.99
705.78 3.6
707.4 5.4
709.4 21.39
711.92 3.46
713.41 15.49
715.4 23.77
717.4 21.23
719.4 23.88
721.4 0.03
724.56 15.66
725.68 5.46
727.4 0.6
729.4 18.71
731.4 21.2
733.67 19.57
735.66 6.13
737.68 9.01
739.65 22.71
741.66 26.34
743.66 17.53
745.66 29.7
747.66 23.81
749.66 31.22
751.67 10.31
753.47 25.44
756.51 29.14
757.66 26.62
759.66 26.62
761.66 26.62
763.66 23.34
765.66 29.92
767.67 44.06
769.66 15.82
771.82 1.58
775.64 6.73
778.19 24.27
781.19 5.77
783.06 7.86
785.99 6.52
788.02 8.3
790.08 20.62
791.1 14.52
793.95 1.08
795.07 0.62
796.73 22.4
798.18 2.5
798.93 11.53
800.02 5.28
801.67 4.51
803.67 14.36
805.66 0.74
807.66 4.52
809.66 3.76
811.66 17.97
813.65 23.45
815.66 23.11
817.66 27.12
819.67 0.17
821.66 30.48
823.67 30.55
825.65 27.65
827.67 2.55
829.67 28.96
831.66 26.52
833.66 32.4
835.67 17.14
837.67 18.32
839.66 22.14
841.67 22.14
843.67 9.48
