0.0 106.83
2.0 41.43
4.0 41.43
6.0 41.43
8.0 41.43
10.0 41.43
12.0 41.43
14.0 52.25
16.0 90.69
18.0 104.62
20.0 104.62
22.01 105.17
24.0 105.17
26.0 105.17
28.0 105.17
30.0 105.17
32.0 105.17
34.0 105.17
36.0 105.17
38.0 105.17
40.0 105.17
42.0 105.17
44.0 105.17
46.25 105.17
48.26 105.17
50.25 97.66
52.25 106.15
54.25 104.55
56.25 104.55
58.25 104.55
60.25 105.47
62.25 105.47
64.06 105.47
66.25 105.47
68.25 105.47
70.25 105.47
72.25 105.47
74.25 105.47
76.25 105.47
78.25 105.47
80.25 105.47
82.25 105.47
84.25 105.47
86.25 105.47
88.25 105.47
90.25 105.47
92.25 105.47
94.25 105.47
96.25 104.97
98.25 104.97
100.25 104.97
102.25 104.73
104.25 104.73
106.25 104.73
108.25 104.73
110.26 104.73
112.25 104.73
114.25 104.73
116.25 104.73
118.26 104.73
120.25 104.73
122.25 104.73
124.25 104.73
126.25 104.73
128.25 104.73
130.25 104.73
132.25 104.73
134.25 104.73
136.25 104.73
138.25 104.73
140.25 104.73
142.25 104.73
144.25 104.73
146.25 104.73
148.25 104.73
150.25 104.73
152.25 104.73
154.25 104.73
156.25 104.73
158.25 104.49
160.25 105.68
162.25 105.68
164.25 105.68
166.25 105.85
168.26 104.54
170.25 105.15
172.25 105.69
174.25 105.8
176.26 105.68
178.25 104.44
180.25 104.44
182.25 104.44
184.25 105.25
186.25 105.41
188.25 107.1
190.25 107.1
192.25 107.1
194.25 107.1
196.25 107.1
198.25 107.1
200.25 107.1
202.25 107.1
204.25 107.1
206.25 107.1
208.25 107.1
210.25 107.1
212.25 107.1
214.25 107.1
216.25 107.1
218.25 107.1
220.25 107.1
222.25 107.1
224.25 107.1
226.25 107.1
228.25 107.1
230.25 107.1
232.25 107.1
234.25 105.02
236.25 105.62
238.25 105.62
240.25 105.62
242.25 105.82
244.25 105.08
246.25 103.91
248.52 102.99
250.5 105.04
252.5 105.04
254.52 105.04
256.5 105.04
258.5 105.04
260.5 105.04
262.5 106.06
264.5 105.04
266.5 104.21
268.52 104.21
270.32 107.13
272.5 107.13
274.5 107.13
276.51 107.13
278.51 107.13
280.5 107.13
282.5 107.13
284.52 107.13
286.5 107.13
288.5 104.9
290.5 104.9
292.5 104.9
294.5 104.9
296.5 104.9
298.5 104.9
300.5 104.9
302.5 104.9
304.5 104.9
306.5 104.9
308.51 104.9
310.5 104.9
312.5 104.9
314.51 104.9
316.5 104.9
318.51 104.9
320.5 104.9
322.5 104.9
324.52 104.9
326.5 104.9
328.5 104.9
330.52 104.9
332.5 104.9
334.5 104.9
336.5 104.9
338.51 104.9
340.5 104.9
342.52 104.9
344.5 104.9
346.52 104.9
348.5 104.9
350.5 104.9
352.5 104.9
354.51 104.9
356.5 104.9
358.5 104.9
360.5 104.9
362.5 104.9
364.5 104.9
366.5 104.9
368.52 104.9
370.5 104.9
372.51 104.9
374.5 104.9
376.51 104.9
378.5 104.9
380.5 104.9
382.51 104.9
384.5 104.9
386.51 104.53
388.5 104.98
390.51 105.49
392.51 105.93
394.51 105.93
396.51 105.76
398.51 106.65
400.5 105.53
402.51 113.89
404.51 105.07
406.51 106.62
408.51 106.62
410.52 106.62
412.51 105.04
414.51 104.84
416.52 105.56
418.51 105.56
420.51 105.56
422.51 105.56
424.51 105.56
426.51 105.56
428.51 105.56
430.51 104.95
432.51 105.2
434.76 104.4
436.76 104.4
438.57 104.4
440.76 104.4
442.52 104.4
444.76 104.4
446.77 104.4
448.76 104.4
450.76 104.4
452.76 104.4
454.76 104.4
456.76 104.4
458.76 104.4
460.76 104.4
462.57 104.4
464.76 104.4
466.76 104.4
468.76 104.4
470.76 104.4
472.76 104.4
474.76 104.4
476.76 104.4
478.76 104.4
480.76 104.4
482.76 106.14
484.76 106.14
486.57 106.14
488.76 106.14
490.76 106.14
492.76 106.14
494.76 106.14
496.77 106.14
498.76 106.14
500.77 106.14
502.76 106.14
504.76 106.14
506.76 106.14
508.76 106.14
510.76 106.14
512.76 106.14
514.76 106.14
516.76 106.14
518.76 106.14
520.76 106.14
522.76 106.14
524.76 106.14
526.76 106.14
528.77 106.14
530.76 106.14
532.76 106.14
534.77 106.14
536.76 106.14
538.76 106.14
540.76 106.14
542.76 106.14
544.76 106.14
546.76 106.14
548.76 106.14
550.76 106.14
552.76 106.14
554.76 106.14
556.77 106.14
558.76 106.14
560.76 106.14
562.76 106.14
564.76 106.14
566.77 106.14
568.76 106.14
570.76 106.14
572.76 106.14
574.76 106.14
576.76 106.14
578.76 106.14
580.76 106.14
582.77 106.14
584.77 106.14
586.76 106.14
588.76 106.14
590.77 106.14
592.76 106.14
594.76 106.14
596.76 106.14
598.77 106.14
600.76 106.14
602.76 106.14
604.76 106.14
606.77 106.14
608.76 106.14
610.77 106.14
612.77 106.14
614.76 106.14
616.76 106.14
618.76 106.14
620.76 106.14
622.76 106.14
624.77 106.14
626.77 106.14
628.76 106.14
630.76 106.14
632.76 106.14
634.77 106.14
636.76 106.14
638.76 106.14
640.76 106.14
642.76 106.14
644.77 106.14
646.76 106.14
648.76 106.14
650.76 106.14
652.76 106.14
654.76 106.14
656.77 106.14
658.76 106.14
660.76 106.14
662.77 106.14
664.76 106.14
666.78 106.14
668.76 106.14
670.76 106.14
672.76 106.14
674.76 106.14
676.76 105.21
678.76 105.21
680.76 105.21
683.01 105.21
685.03 7.62
687.01 106.9
689.01 104.58
691.02 104.88
692.83 105.72
695.01 94.34
697.02 104.67
699.01 104.67
701.01 105.96
703.01 104.87
705.01 106.01
707.01 106.01
709.02 106.01
711.01 106.01
713.01 106.01
715.01 106.01
716.83 106.01
719.01 106.01
721.02 106.01
723.03 106.01
725.01 106.01
727.01 106.01
729.01 106.01
731.01 106.01
733.01 106.01
735.02 106.01
737.01 106.01
739.01 106.01
740.83 106.01
743.01 106.01
745.01 106.01
747.01 106.01
749.01 106.01
751.02 106.01
753.01 106.01
755.01 106.01
757.01 106.01
759.02 106.01
761.01 106.01
763.01 106.01
765.02 106.01
767.02 106.01
769.02 106.01
771.01 106.01
773.01 106.01
775.01 106.01
777.01 106.01
779.01 106.01
781.01 106.01
783.01 106.01
785.01 106.01
787.02 106.01
789.01 106.01
791.01 106.01
793.02 106.01
795.01 106.01
797.01 106.01
799.02 106.01
801.02 106.01
803.02 106.01
805.01 106.01
807.02 106.01
809.01 106.01
811.02 100.39
813.02 100.39
815.02 100.39
817.02 100.39
819.02 100.39
821.02 100.39
823.02 106.31
825.02 106.01
827.03 107.48
829.02 100.69
831.02 105.77
833.02 107.72
835.02 107.72
837.02 107.72
839.02 105.08
841.02 105.08
843.02 105.08
845.02 105.85
847.02 105.85
849.02 105.85
851.02 105.85
853.02 105.85
855.02 105.85
857.02 106.52
859.02 106.52
861.02 106.52
863.02 104.74
865.02 104.74
867.02 104.74
869.02 104.74
871.02 104.74
873.02 104.74
875.02 104.74
877.02 104.74
879.02 104.74
881.02 104.74
883.02 104.74
885.02 104.74
887.02 104.74
889.02 104.74
891.02 104.74
893.02 104.74
895.02 104.74
897.02 104.74
899.02 104.74
901.03 104.74
903.02 104.74
905.02 104.74
907.02 104.74
909.02 104.74
911.02 104.74
913.02 104.74
915.02 104.74
917.02 104.74
919.02 104.74
921.02 104.74
923.02 104.74
925.02 104.74
927.02 104.74
929.02 104.74
931.02 104.74
933.02 104.74
935.27 104.74
937.27 104.74
939.27 104.74
941.27 104.74
943.27 104.74
945.27 104.74
947.28 104.74
949.27 104.74
951.27 104.74
953.28 104.74
955.27 104.74
957.28 104.74
959.27 104.74
961.27 104.74
963.27 104.74
965.27 104.74
967.27 104.74
969.27 104.74
971.27 104.74
973.27 104.74
975.27 104.74
977.27 104.74
979.27 104.74
981.27 104.74
983.27 104.74
985.27 104.74
987.28 104.74
989.28 104.74
991.27 104.74
993.27 106.09
995.27 106.09
997.27 106.09
999.27 106.09
1001.28 106.09
1003.28 106.09
1005.27 106.09
1007.27 106.09
1009.27 106.09
1011.27 106.09
1013.27 106.09
1015.27 106.09
1017.27 106.09
1019.27 106.09
1021.27 106.09
1023.27 106.09
1025.27 106.09
1027.27 106.09
1029.28 106.09
1031.27 106.09
1033.27 106.09
1035.28 106.09
1037.27 106.09
1039.27 106.09
1041.27 106.09
1043.27 106.09
1045.27 106.09
1047.28 106.09
1049.27 106.09
1051.27 106.09
1053.27 106.09
1055.27 106.09
1057.27 106.09
1059.27 106.09
1061.27 106.09
1063.27 106.09
1065.27 106.09
1067.27 106.09
1069.27 106.08
1071.27 106.08
1073.27 106.08
1075.27 106.08
1077.28 106.08
1079.27 106.08
1081.27 106.08
1083.27 106.08
1085.28 106.08
1087.27 106.08
1089.28 106.08
1091.27 106.08
1093.27 106.08
1095.27 106.08
1097.27 106.08
1099.27 106.08
1101.28 105.02
1103.28 106.15
1105.27 106.46
1107.29 106.43
1109.28 104.52
1111.27 104.52
1113.27 104.52
1115.29 104.52
1117.28 104.52
1119.27 104.52
1121.27 104.52
1123.28 104.52
1125.28 104.52
1127.28 104.52
1129.27 104.52
1131.53 105.31
1133.54 105.82
1135.52 105.13
1137.52 105.36
1139.35 105.0
1141.53 105.73
1143.52 106.77
1145.53 104.73
1147.52 106.28
1149.52 106.28
1151.52 106.28
1153.53 106.28
1155.52 106.28
1157.53 106.28
1159.52 106.28
1161.53 106.28
1163.34 106.28
1165.52 106.28
1167.52 106.28
1169.52 106.28
1171.53 104.81
1173.54 106.57
1175.52 103.95
1177.52 103.95
1179.52 103.95
1181.52 103.95
1183.52 103.95
1185.54 103.95
1187.35 104.56
1189.52 104.56
1191.52 104.56
1193.53 104.56
1195.52 104.56
1197.53 104.56
1199.53 104.56
1201.52 104.56
1203.54 104.56
1205.54 104.56
1207.52 104.56
1209.54 104.56
1211.52 104.56
1213.53 104.56
1215.53 104.56
1217.52 104.56
1219.52 104.56
1221.52 104.56
1223.52 104.56
1225.53 104.56
1227.53 104.56
1229.52 104.56
1231.53 104.56
1233.53 104.56
1235.52 104.56
1237.53 104.56
1239.53 104.56
1241.53 104.56
1243.53 104.56
1245.52 104.56
1247.53 104.56
1249.53 104.56
1251.53 104.56
1253.53 104.56
1255.53 104.56
1257.53 104.56
1259.53 104.56
1261.53 104.56
1263.53 104.56
1265.53 104.56
1267.53 104.56
1269.53 104.56
1271.53 104.56
1273.53 104.56
1275.53 104.56
1277.53 104.56
1279.53 104.56
1281.53 104.56
1283.53 104.56
1285.54 104.56
1287.53 104.56
1289.53 104.56
1291.53 104.56
1293.53 104.56
1295.53 104.56
1297.53 104.56
1299.53 104.56
1301.53 104.56
1303.53 104.56
1305.54 104.56
1307.53 104.56
1309.54 104.56
1311.53 104.56
1313.53 104.56
1315.53 104.56
1317.53 104.56
1319.53 104.56
1321.53 104.56
1323.53 104.56
1325.78 104.56
1327.78 104.56
1329.78 104.56
1331.54 104.56
1333.54 104.56
1335.78 104.56
1337.78 104.56
1339.78 104.56
1341.78 104.56
1343.78 104.56
1345.79 104.56
1347.78 104.56
1349.78 106.58
1351.78 104.69
1353.78 104.69
1355.78 104.69
1357.78 104.69
1359.78 104.69
1361.78 104.69
1363.78 104.69
1365.78 104.69
1367.78 104.69
1369.78 104.69
1371.78 104.69
1373.78 104.69
1375.78 104.69
1377.78 104.69
1379.78 104.69
1381.78 104.69
1383.78 104.69
1385.78 104.69
1387.78 104.69
1389.79 104.69
1391.78 104.69
1393.78 105.06
1395.78 105.06
1397.78 106.45
1399.78 106.04
1401.78 106.04
1403.78 104.06
1405.78 105.22
1407.78 105.11
1409.78 105.53
1411.79 76.17
1413.79 93.76
1415.78 104.95
1417.78 105.35
1419.78 87.17
1421.78 105.27
1423.78 105.4
1425.79 105.83
1427.78 83.41
1429.78 104.86
1431.78 104.3
1433.78 105.2
1435.78 104.77
1437.78 106.21
1439.78 106.21
1441.8 106.21
1443.79 106.21
1445.78 106.21
1447.78 106.21
1449.78 106.21
1451.78 105.2
1453.78 106.85
1455.78 106.85
1457.78 106.85
1459.78 106.85
1461.79 106.85
1463.78 106.85
1465.79 106.85
1467.78 106.85
1469.78 106.85
1471.78 106.85
1473.8 106.85
1475.78 106.85
1477.78 106.85
1479.78 106.85
1481.78 106.85
1483.78 106.85
1485.78 106.85
1487.78 106.85
1489.79 106.85
1491.78 106.85
1493.78 106.85
1495.78 106.85
1497.79 106.85
1499.78 106.85
1501.78 106.85
1503.78 106.85
1505.78 106.85
1507.78 105.44
1509.78 105.39
1511.78 105.61
1513.78 106.16
1515.78 105.79
1517.78 106.1
1519.79 106.87
1521.78 106.21
1523.78 105.4
1525.78 105.27
1527.78 105.08
1529.78 105.98
1531.78 104.97
1533.78 104.51
1535.78 104.58
1537.78 105.09
1539.78 105.65
1541.78 106.24
1543.78 106.26
1545.78 105.19
1547.8 105.38
1549.78 104.79
1551.78 105.24
1553.78 105.07
1555.79 105.5
1557.78 105.79
1559.78 105.03
1561.85 106.27
1564.03 106.27
1566.03 106.27
1568.04 106.27
1570.04 106.27
1572.03 106.27
1574.04 106.27
1576.04 106.27
1578.04 106.27
1580.03 106.27
1582.04 106.27
1584.04 106.27
1585.85 106.27
1588.03 106.27
1590.04 106.27
1592.04 106.27
1594.04 106.27
1596.03 106.27
1598.03 106.27
1600.03 106.27
1602.04 106.27
1604.04 106.27
1606.04 106.27
1608.04 106.27
1609.85 106.27
1612.03 106.27
1614.04 106.27
1616.04 106.27
1618.04 106.27
1620.04 106.27
1622.04 106.27
1624.03 106.27
1626.04 106.27
1628.04 106.27
1630.04 106.27
1632.04 106.27
1634.04 106.27
1636.04 106.27
1638.04 106.27
1640.04 106.27
1642.04 106.27
1644.04 106.27
1646.04 106.27
1648.04 106.27
1650.04 106.27
1652.04 106.27
1654.04 106.27
1656.04 106.27
1658.04 106.27
1660.04 106.27
1662.04 106.27
1664.04 106.27
1666.04 106.27
1668.04 106.27
1670.04 106.27
1672.04 106.27
1674.04 106.27
1676.04 106.27
1678.04 106.27
1680.04 106.27
1682.04 106.27
1684.04 106.27
1686.04 106.27
1688.04 106.27
1690.04 106.27
1692.05 106.27
1694.04 106.27
1696.04 106.27
1698.04 106.27
1700.04 106.27
1702.05 106.27
1704.04 106.27
1706.04 106.27
1708.04 106.27
1710.05 106.27
1712.04 106.27
1714.05 106.27
1716.04 106.27
1718.04 106.27
1720.04 106.27
1722.05 106.27
1724.04 106.27
1726.04 106.27
1728.04 106.27
1730.04 106.27
1732.04 106.27
1734.04 106.27
1736.04 106.27
1738.04 106.27
1740.04 106.27
1742.04 106.27
1744.04 106.27
1746.04 106.27
1748.04 106.27
1750.04 106.27
1752.04 106.27
1754.05 106.27
1756.04 106.27
1758.04 106.27
1760.29 106.27
1762.29 106.27
1764.29 106.27
1766.29 106.27
1768.29 106.27
1770.29 106.27
1772.29 106.27
1774.29 106.27
1776.29 106.27
1778.3 106.27
1780.29 106.27
1782.29 106.27
1784.29 106.27
1786.3 106.27
1788.29 106.27
1790.29 106.27
1792.3 106.27
1794.29 106.27
1796.29 106.27
1798.29 106.27
1800.29 106.27
1802.29 106.27
1804.29 106.27
1806.3 106.27
1808.29 106.27
1810.29 106.27
1812.29 106.27
