0.0 73.11
0.96 123.06
2.98 145.94
4.98 51.43
6.98 27.43
8.96 185.19
10.98 10.43
12.98 181.84
14.97 201.18
16.97 31.76
18.97 193.72
20.97 23.59
22.96 193.61
24.96 232.41
26.98 247.65
28.97 246.57
30.98 34.18
32.98 180.29
34.97 24.21
36.97 271.9
38.97 124.74
40.98 13.3
43.23 208.93
44.98 19.4
46.98 49.53
49.0 24.39
50.98 215.38
52.98 266.14
55.22 28.8
57.22 284.43
59.23 32.36
61.23 124.14
63.22 118.45
65.23 32.51
67.23 279.79
69.23 32.19
71.22 310.85
73.0 21.33
75.22 319.61
77.22 278.98
79.23 19.27
81.23 370.29
83.22 11.77
85.22 408.28
87.22 158.67
89.23 9.97
91.22 128.35
93.22 0.68
95.22 179.24
97.22 34.9
99.22 192.16
101.23 158.92
103.23 34.91
105.23 140.42
107.24 20.57
109.22 226.77
111.23 204.7
113.22 18.21
115.22 252.37
117.23 32.82
119.23 162.14
121.23 25.23
123.23 280.99
125.23 280.02
127.23 34.81
129.23 271.15
131.23 26.7
133.23 307.45
135.23 294.83
137.23 17.26
139.23 245.39
141.22 25.23
143.22 256.7
145.24 19.9
147.23 344.6
149.23 330.24
151.23 22.02
153.24 343.18
155.24 20.66
157.23 206.71
159.24 254.41
161.23 33.65
163.23 179.25
165.24 0.73
167.24 237.8
169.24 26.29
171.24 231.95
173.24 220.42
175.23 30.29
177.24 130.75
179.24 31.13
181.24 247.62
183.24 254.06
185.23 34.6
187.23 246.23
189.23 26.69
191.23 133.82
193.23 16.24
195.23 286.01
197.23 286.66
199.23 29.07
201.23 238.05
203.23 0.8
205.23 295.02
207.24 223.27
209.23 24.46
211.23 296.66
213.23 18.65
215.23 219.18
217.23 0.83
219.24 287.71
221.24 142.15
223.25 25.77
225.24 24.39
227.24 20.44
229.24 33.28
231.24 34.33
233.23 35.57
235.24 35.02
237.24 28.57
239.23 33.86
241.24 35.14
243.25 33.95
245.24 33.95
247.25 26.23
249.24 35.14
251.24 37.39
253.24 58.88
255.24 71.18
257.24 66.62
259.24 110.33
261.24 119.93
263.24 129.64
265.24 30.94
267.24 128.81
269.24 172.61
271.25 34.58
273.24 210.89
275.25 33.74
277.24 145.67
279.24 273.89
281.24 176.41
283.25 178.43
285.24 25.54
287.24 166.9
289.24 30.15
291.24 242.08
293.25 136.95
295.25 23.03
297.24 240.37
299.24 33.39
301.24 191.5
303.24 100.78
305.24 24.05
307.24 165.28
309.25 18.71
311.25 185.5
313.24 26.75
315.5 125.96
317.49 176.81
319.25 25.99
321.25 113.85
323.5 31.14
325.49 162.13
327.5 137.85
329.49 165.2
331.49 160.41
333.5 34.65
335.49 103.1
337.5 23.08
339.5 186.45
341.5 176.82
343.5 34.01
345.49 168.05
347.5 8.61
349.5 220.68
351.5 272.21
353.5 165.24
355.5 253.55
357.51 10.92
359.5 282.37
361.49 15.19
363.5 308.19
365.5 304.8
367.5 23.27
369.5 278.54
371.51 25.7
373.5 211.84
375.5 198.06
377.5 247.42
379.5 172.63
381.5 29.54
383.5 282.61
385.51 25.01
387.5 142.33
389.5 165.57
391.53 14.06
393.51 91.69
395.5 29.78
397.51 136.56
399.5 144.84
401.51 161.07
403.5 176.15
405.51 20.11
407.5 98.58
409.51 129.65
411.5 94.33
413.51 209.24
415.5 27.61
417.5 113.88
419.51 26.84
421.51 247.05
423.51 299.3
425.52 210.35
427.51 266.33
429.5 25.03
431.51 311.89
433.51 167.41
435.5 249.02
437.52 258.32
439.51 5.01
441.51 204.67
443.5 21.12
445.5 293.29
447.5 240.71
449.51 147.31
451.51 157.05
453.51 13.99
455.51 260.14
457.52 27.25
459.5 47.14
461.52 291.31
463.51 26.75
465.51 308.75
467.51 10.6
469.51 282.82
471.51 384.44
473.51 367.33
475.51 395.55
477.51 25.5
479.51 287.64
481.51 7.5
483.51 29.53
485.51 114.88
487.51 25.11
489.51 34.58
491.51 18.06
493.51 382.88
