0.0 12.66
1.53 14.86
3.51 17.85
5.76 18.55
7.69 19.57
9.76 15.59
11.76 23.29
13.76 25.4
15.76 20.2
17.77 24.73
19.77 21.0
21.76 21.0
23.77 29.33
25.76 21.27
27.77 26.64
29.76 23.65
31.67 29.01
33.76 30.54
35.76 29.34
37.76 26.58
39.76 39.37
41.76 42.9
43.76 37.54
45.76 37.54
47.76 2.23
49.77 5.39
51.76 27.94
53.77 31.25
55.62 36.58
57.77 36.41
59.76 36.47
61.77 32.41
63.77 35.59
65.77 38.53
67.77 35.26
69.76 25.44
71.77 40.13
73.77 29.29
75.77 29.29
77.76 29.29
79.62 46.7
81.76 39.4
83.76 49.2
85.77 41.68
87.77 18.09
89.76 20.22
91.77 24.45
93.76 53.09
95.76 53.09
97.76 52.86
99.76 38.8
101.76 38.8
103.64 38.8
105.76 51.51
107.77 36.52
109.76 54.0
111.77 60.81
113.76 4.86
115.76 29.41
117.76 27.96
119.77 5.89
121.75 28.49
123.76 30.99
125.76 60.27
127.68 60.27
129.77 44.22
131.77 40.06
133.76 65.39
135.76 11.78
137.76 38.73
139.76 21.27
141.77 30.2
143.77 31.46
145.77 5.92
147.76 37.5
149.76 38.5
151.76 38.5
153.76 23.42
155.77 7.59
157.76 28.85
159.76 9.86
161.76 34.36
163.76 36.14
165.76 5.38
167.77 38.59
169.76 30.44
171.76 30.44
173.77 8.93
175.77 29.83
177.77 39.98
179.76 36.29
181.77 37.58
183.77 6.13
185.77 41.38
187.76 45.7
189.77 26.8
191.77 45.41
193.76 45.41
195.77 47.7
197.77 47.7
199.77 31.31
201.77 41.42
203.76 49.71
205.77 49.71
207.76 48.61
209.77 43.72
211.76 13.49
213.77 11.86
215.76 12.71
217.76 13.29
219.76 10.91
221.77 16.25
223.76 17.7
225.76 16.67
227.76 17.89
229.76 13.4
231.77 24.53
233.76 24.15
235.76 29.95
237.76 27.46
239.76 28.02
241.76 22.47
243.77 27.2
245.77 29.72
247.76 33.97
249.76 20.36
251.76 34.49
253.76 38.07
256.0 29.0
258.01 31.05
260.01 40.24
261.93 37.93
264.01 40.74
266.03 42.74
268.0 42.74
270.01 32.9
272.0 23.57
274.0 37.59
276.0 49.15
278.0 5.62
280.03 42.09
282.0 35.0
284.0 48.11
285.87 40.73
288.0 42.48
290.0 42.48
292.01 18.11
294.01 49.23
296.03 53.63
298.0 53.63
300.01 55.61
302.0 50.98
304.0 9.48
306.02 45.69
308.0 51.2
309.98 58.09
312.0 50.3
314.01 64.54
316.0 62.4
318.01 60.73
