0.0 3.53
0.72 248.39
2.72 44.05
4.71 304.4
6.97 130.42
8.97 245.19
10.97 323.2
12.97 50.69
20.21 324.22
22.22 31.39
24.22 310.01
26.22 62.18
28.22 350.5
30.22 318.62
32.22 39.23
34.22 216.94
36.22 8.08
38.22 248.54
40.22 235.42
42.22 116.43
44.22 268.11
46.22 114.26
48.22 255.45
50.22 24.08
52.22 295.04
54.22 337.47
56.22 30.46
58.22 332.51
60.22 21.38
62.22 131.93
64.22 158.94
66.22 76.18
68.22 250.16
70.22 77.26
72.22 29.2
74.22 69.98
76.22 238.98
78.22 293.43
80.22 42.87
82.22 62.8
84.22 63.11
86.22 314.81
88.22 273.65
90.22 37.8
92.22 233.11
94.21 72.33
96.22 268.58
98.22 73.11
100.22 255.17
102.22 296.05
104.22 88.24
106.22 67.11
108.22 73.7
110.22 120.42
112.22 155.79
114.22 78.27
116.22 268.13
118.22 41.44
120.22 289.43
122.22 51.21
124.22 116.46
126.22 239.62
128.22 61.23
130.22 169.26
132.22 69.1
134.22 237.06
136.22 197.43
138.22 74.82
140.22 191.56
142.22 56.12
144.22 134.63
146.22 51.74
148.22 223.83
150.22 222.45
152.22 240.29
154.22 160.34
156.22 43.1
158.22 148.71
160.22 149.17
162.22 80.55
164.22 194.28
166.22 81.08
168.22 251.67
170.22 52.92
172.22 163.06
174.22 242.5
176.22 66.27
178.22 148.02
180.22 133.7
182.22 141.23
184.22 254.56
186.22 40.7
188.22 245.2
190.22 76.67
192.22 210.49
194.22 64.57
196.22 214.87
198.22 156.46
200.22 102.18
202.22 251.56
204.22 70.87
206.21 243.25
208.22 256.93
210.22 64.93
212.22 303.59
214.22 75.33
216.22 287.18
218.22 125.18
220.22 230.11
222.22 227.8
224.22 59.37
226.22 289.2
228.22 68.73
230.22 189.14
232.22 313.56
234.22 70.34
