0.0 79.12
0.62 93.9
2.62 113.5
4.64 109.43
6.62 81.13
8.61 1.94
10.61 90.22
12.62 90.22
14.62 120.84
16.62 122.05
18.62 93.39
20.64 129.82
22.62 86.97
24.62 97.31
26.61 122.07
28.64 126.61
30.62 86.83
32.64 123.02
34.61 110.57
36.64 134.47
38.62 88.6
40.63 84.69
42.62 86.96
44.63 126.89
46.62 17.29
48.63 133.91
50.62 118.59
52.63 122.59
54.62 109.41
56.62 4.13
58.61 81.95
60.63 119.94
62.62 62.95
64.64 108.71
66.62 0.25
68.64 44.03
70.62 6.17
72.64 82.52
74.61 98.56
76.64 100.41
78.62 106.49
80.64 1.93
82.87 146.72
84.64 12.39
86.88 112.71
88.64 103.66
90.88 8.06
92.65 90.25
94.88 1.82
96.9 64.86
98.88 64.38
100.9 2.95
102.88 118.98
104.9 14.61
106.87 131.16
108.89 0.27
110.87 90.36
112.9 98.44
114.87 1.48
116.87 103.42
118.9 15.62
120.89 46.79
122.87 120.88
124.9 107.14
126.85 117.32
128.9 0.28
130.87 160.7
132.88 14.5
134.88 159.43
136.89 109.06
138.88 5.09
140.9 121.05
142.88 12.57
144.9 132.79
146.88 159.04
148.89 131.44
150.87 154.62
152.9 0.28
154.88 134.12
156.89 0.28
158.87 150.55
160.9 131.14
162.87 12.75
164.89 108.34
166.88 7.03
168.89 136.74
170.88 121.06
172.9 83.58
174.88 124.52
176.9 135.11
178.87 0.14
180.9 116.49
182.88 50.44
184.9 92.78
186.88 92.78
188.9 110.63
190.87 115.53
192.9 129.88
194.88 109.46
196.87 109.46
198.88 93.1
200.9 46.5
202.88 51.29
204.9 79.38
206.87 79.38
208.9 83.19
210.87 101.92
212.9 95.81
214.88 55.78
216.9 60.99
218.88 30.97
220.9 81.46
222.88 52.16
224.9 2.27
226.88 116.5
228.9 11.15
230.87 64.1
232.93 116.94
234.88 5.87
236.9 116.34
238.88 0.28
240.89 69.55
242.87 53.73
244.9 68.64
246.88 91.15
248.9 0.24
250.88 55.72
252.86 0.27
254.88 135.71
256.9 100.14
258.88 2.54
260.9 111.72
262.88 0.28
264.9 73.03
266.85 98.96
268.89 75.29
270.88 125.04
272.89 91.73
274.88 81.86
276.9 77.54
278.85 110.96
280.89 110.96
282.88 126.93
284.9 137.65
286.88 85.73
288.89 120.6
290.88 110.68
292.9 101.99
294.88 124.41
296.89 0.28
298.88 112.96
300.88 100.71
302.87 119.89
304.9 134.98
306.87 1.96
308.88 119.49
310.88 89.13
312.9 76.32
314.88 84.24
316.88 66.26
318.87 114.03
320.9 7.75
322.88 89.75
324.9 89.75
326.87 123.38
328.89 127.03
330.88 137.65
332.9 95.12
335.14 10.71
336.89 90.93
338.92 49.52
340.88 99.16
343.14 77.34
344.9 79.71
347.13 128.79
348.89 115.9
351.14 115.9
353.14 123.64
355.13 95.98
357.14 102.71
359.14 4.24
361.16 91.75
362.92 70.85
365.13 98.93
367.14 100.31
369.14 1.94
371.13 116.21
373.14 114.71
375.13 114.71
377.14 111.89
379.14 129.11
381.14 132.92
383.14 17.89
385.14 128.55
386.92 140.37
389.14 127.56
391.14 121.63
393.14 12.96
395.14 82.6
397.14 4.74
399.14 150.94
401.14 120.81
403.13 8.49
405.14 37.83
407.14 1.68
409.14 56.52
411.11 79.57
413.14 82.25
415.14 0.52
417.14 89.94
419.13 33.97
421.14 86.36
423.14 94.86
425.14 31.23
427.13 10.9
429.14 40.94
431.14 82.51
433.14 69.91
435.14 90.55
437.15 69.0
439.14 36.09
441.14 94.61
443.14 72.14
445.14 72.37
447.14 93.66
449.14 67.49
451.14 66.15
453.14 69.64
455.14 75.58
457.14 91.69
459.14 83.52
461.14 58.49
463.13 99.46
465.13 86.83
467.14 113.1
469.13 111.7
471.13 84.54
473.14 83.23
475.14 81.5
477.16 57.64
479.14 84.1
481.14 89.96
483.14 91.97
485.16 26.82
487.14 81.36
489.13 108.55
491.14 93.25
493.14 7.83
495.13 92.32
497.14 95.84
499.14 111.65
501.14 70.14
503.14 105.15
505.14 119.11
507.13 122.76
509.12 89.5
511.14 100.91
513.14 126.15
515.14 146.49
517.16 0.89
519.14 96.82
521.13 129.57
523.14 132.8
525.14 165.66
527.14 12.72
529.14 143.79
531.14 8.22
533.14 137.32
535.14 97.94
537.14 11.64
539.14 138.95
541.14 1.73
543.14 158.39
545.14 192.91
547.14 191.11
549.14 196.3
551.13 0.28
553.14 111.16
555.11 3.05
557.14 108.89
559.14 150.72
561.14 0.55
563.14 100.59
565.14 1.66
567.12 51.02
569.14 128.45
571.14 165.08
573.14 120.05
575.14 0.45
577.13 160.46
579.13 9.27
581.16 90.37
583.14 128.64
585.14 1.48
587.4 153.93
589.14 1.4
591.4 166.76
593.14 120.75
595.4 136.87
597.13 101.22
599.39 0.37
601.38 149.34
603.4 1.69
605.37 159.06
607.4 142.82
609.38 12.5
611.4 112.18
613.38 11.04
615.4 161.92
617.24 0.28
619.4 126.97
621.37 78.6
623.4 0.25
625.38 73.96
627.4 73.96
629.36 93.24
631.4 77.06
633.37 106.74
635.4 88.49
637.37 129.88
639.4 113.79
641.22 2.23
643.4 115.52
645.38 78.18
647.4 2.23
649.38 121.76
651.4 114.11
653.38 131.92
655.4 110.24
657.38 124.79
659.38 101.29
661.38 133.37
663.4 105.14
665.38 124.82
667.4 68.02
669.37 127.53
671.4 96.77
673.38 42.94
675.4 107.85
677.38 105.86
679.4 135.92
681.37 0.25
683.4 108.15
685.38 0.28
687.4 156.57
689.38 2.49
691.4 150.33
693.38 138.71
695.4 0.25
697.38 161.13
699.4 3.62
701.38 145.16
703.4 151.53
705.38 0.27
707.39 95.2
709.38 0.28
711.4 135.8
713.38 0.25
715.4 128.37
717.36 161.69
719.4 1.65
721.38 148.8
723.4 157.22
725.37 114.94
727.4 119.2
729.38 111.59
731.4 76.24
733.38 2.56
735.4 104.01
737.38 108.81
739.4 116.84
741.38 129.17
743.4 127.0
745.38 126.77
747.39 123.25
749.38 115.2
751.4 134.07
753.38 119.46
755.4 132.99
757.38 0.28
759.4 143.76
761.38 0.49
763.4 144.17
765.38 111.1
767.4 0.28
769.38 102.44
771.4 0.28
773.38 120.55
775.4 146.06
777.36 1.12
779.4 39.02
781.38 0.24
783.4 159.6
785.38 0.28
787.4 153.2
789.38 153.2
791.4 1.7
793.37 122.7
795.4 0.28
797.38 113.57
799.37 140.38
801.38 0.55
803.4 107.1
805.38 0.25
807.38 92.06
809.36 0.28
811.4 125.49
813.38 33.69
815.4 73.94
817.38 127.24
819.4 10.7
821.38 55.33
823.4 144.24
825.38 8.67
827.4 92.36
829.38 0.28
831.4 110.35
833.38 92.17
835.4 115.41
837.64 130.34
839.4 118.26
841.64 117.28
843.4 1.68
845.64 102.59
847.4 107.4
849.64 6.33
851.66 85.15
853.64 92.63
855.66 134.2
857.64 74.14
859.66 0.19
861.64 123.96
863.66 107.0
865.64 121.87
867.66 16.08
869.64 111.19
871.66 84.1
873.64 103.84
875.66 85.07
877.64 66.54
879.66 61.13
881.64 78.75
883.66 76.92
885.64 109.01
887.66 103.69
889.64 87.85
891.66 108.29
893.64 92.89
895.66 83.83
897.64 111.07
899.66 101.79
901.64 95.19
903.66 82.32
905.64 111.94
907.66 66.74
909.64 108.12
911.66 123.55
913.64 128.81
915.66 44.18
917.62 88.58
919.66 146.0
921.64 15.56
923.66 136.66
925.64 3.33
927.66 138.35
929.64 16.82
931.66 81.62
933.64 105.94
935.66 0.28
937.64 116.56
939.66 10.98
941.64 108.77
943.66 105.77
945.64 136.02
947.64 134.06
949.64 11.23
951.66 104.57
953.64 88.16
955.66 121.49
957.64 115.25
959.66 16.65
961.64 84.97
963.66 68.49
965.64 130.39
967.66 147.28
969.64 143.22
971.66 100.2
973.61 105.76
975.66 81.85
977.64 10.61
979.66 60.51
981.64 90.59
983.66 7.69
985.64 66.1
987.66 6.6
989.64 80.02
991.64 93.41
993.64 109.97
995.66 81.11
997.64 12.81
999.66 126.92
1001.64 9.31
1003.66 135.41
1005.64 119.89
1007.68 0.17
1009.64 143.15
1011.64 2.23
1013.64 92.38
1015.66 108.52
1017.64 121.92
1019.66 138.71
1021.64 0.27
1023.66 124.54
1025.64 1.95
1027.66 126.18
1029.64 139.73
1031.66 13.22
1033.64 119.42
1035.66 5.11
1037.64 110.82
1039.66 118.62
1041.64 103.8
1043.66 120.27
1045.64 4.72
1047.66 137.3
1049.64 1.7
1051.66 119.16
1053.64 125.49
1055.66 117.07
1057.64 99.84
1059.64 9.33
1061.64 79.52
1063.66 114.88
1065.64 123.0
1067.66 126.26
1069.64 131.56
1071.66 96.18
1073.62 5.36
1075.66 113.53
1077.64 98.04
1079.66 1.66
1081.64 96.91
1083.66 0.28
1085.9 129.42
1087.64 122.59
1089.9 132.69
1091.66 108.49
1093.88 4.47
1095.66 119.83
1097.9 1.95
1099.66 110.34
1101.86 137.57
1103.88 85.41
1105.9 97.43
1107.88 0.28
1109.88 119.87
1111.7 80.61
1113.9 44.9
1115.88 84.49
1117.9 126.76
1119.88 126.71
1121.9 6.66
1123.88 86.67
1125.9 111.51
1127.88 78.11
1129.9 116.74
1131.88 123.59
1133.9 89.48
1135.72 103.42
1137.9 109.52
1139.88 108.47
1141.88 56.01
1143.88 128.01
1145.9 3.35
1147.88 104.75
1149.9 106.5
1151.88 15.05
1153.9 96.85
1155.88 129.4
1157.9 143.45
1159.74 0.32
1161.88 121.29
1163.88 155.57
1165.9 0.27
1167.88 136.87
1169.88 0.28
1171.88 87.01
1173.9 84.1
1175.88 156.15
1177.9 157.55
1179.88 0.27
1181.9 108.38
1183.74 0.25
1185.9 127.51
1187.88 89.19
1189.9 0.28
1191.88 128.1
1193.9 0.27
1195.88 65.28
1197.9 139.91
1199.88 148.07
1201.88 67.83
1203.88 12.21
1205.88 73.53
1207.86 1.93
1209.9 106.55
1211.88 110.8
1213.9 87.13
1215.88 92.76
1217.9 99.5
1219.88 121.97
1221.9 107.96
1223.88 58.71
1225.9 73.14
1227.88 73.14
1229.88 124.5
1231.88 71.56
1233.9 128.18
1235.88 67.29
1237.88 104.67
1239.88 71.55
1241.9 12.17
1243.88 30.99
1245.9 151.29
1247.88 123.44
1249.9 128.41
1251.88 6.59
1253.9 112.43
1255.88 1.1
1257.9 115.03
1259.88 111.5
1261.88 98.47
1264.34 45.04
1265.9 2.75
1267.88 132.19
1269.87 110.73
1271.88 145.07
1273.9 55.07
1275.86 1.72
1277.88 72.55
1279.88 1.94
1281.9 121.31
1283.88 144.28
1285.9 0.25
1287.88 98.88
1289.9 0.28
1291.88 89.02
1293.9 86.36
1295.88 126.48
1297.9 94.47
1299.88 2.22
1301.9 99.28
1303.86 0.25
1305.88 62.97
1307.88 96.43
1309.9 12.52
1311.88 94.08
1313.9 0.29
1315.88 147.16
1317.88 103.01
1319.86 72.77
1321.9 144.43
1323.88 0.38
1325.9 94.1
1328.14 0.28
1329.88 44.63
1332.14 4.41
1333.88 0.24
1336.14 60.08
1337.9 53.16
1340.14 61.38
1342.16 32.39
1344.14 58.87
1346.16 48.45
1348.14 63.04
1350.16 75.5
1352.14 79.47
1354.16 50.11
1356.14 54.1
1358.14 48.94
1360.14 67.02
1362.16 58.87
1364.14 54.51
1366.16 79.21
1368.14 80.69
1370.16 89.1
1372.14 89.12
1374.16 85.23
1376.14 18.3
1378.14 85.68
1380.14 106.61
1382.16 86.3
1384.14 58.32
1386.17 90.22
1388.14 106.53
1390.16 117.17
1392.14 30.89
1394.14 111.19
1396.14 126.45
1398.16 111.53
1400.14 0.27
1402.14 134.32
1404.14 125.59
1406.14 9.81
1408.14 145.0
1410.16 0.27
1412.14 33.09
1414.16 155.99
1416.14 112.24
1418.14 74.49
1420.14 0.75
1422.14 78.34
1424.14 94.82
1426.14 110.01
1428.14 143.41
1430.16 2.19
1432.14 141.22
1434.14 0.27
1436.14 77.08
1438.16 94.34
1440.14 69.51
1442.16 74.13
1444.14 6.06
1446.16 42.99
1448.14 79.71
1450.14 79.71
1452.14 130.69
1454.15 6.11
1456.14 140.72
1458.14 0.28
1460.14 66.69
1462.16 113.88
1464.13 138.44
1466.16 73.94
1468.14 0.28
1470.16 73.49
1472.14 0.82
1474.13 45.22
1476.14 25.89
1478.16 58.32
1480.14 109.0
1482.16 0.28
1484.14 75.81
1486.16 150.99
1488.14 50.4
1490.15 2.43
1492.14 0.24
1494.14 119.22
1496.14 85.01
1498.16 26.16
1500.14 83.46
1502.16 80.8
1504.14 112.92
1506.14 4.47
1508.14 94.16
1510.16 109.5
1512.14 123.51
1514.13 97.88
1516.14 56.1
1518.16 99.53
1520.14 0.27
1522.16 117.81
1524.12 74.8
1526.16 5.85
1528.14 91.08
1530.16 2.06
1532.12 146.71
1534.12 114.88
