0.0 1042.0
1.16 1057.43
3.17 1366.74
5.18 216.79
7.17 1681.79
9.16 215.13
11.42 2019.82
13.42 2222.96
15.42 213.95
17.42 377.91
19.42 219.89
21.42 384.98
23.21 215.22
25.43 376.97
27.42 526.35
29.42 217.53
31.42 1109.48
33.43 216.14
35.42 1022.93
37.41 1927.59
39.42 217.07
41.42 2358.2
43.42 217.07
45.42 460.48
47.21 215.68
49.42 363.03
51.42 429.94
53.42 215.04
55.42 2191.1
57.42 215.41
59.42 2044.3
61.42 1279.63
63.41 214.68
65.42 104.92
67.41 219.51
69.42 588.47
71.42 210.84
73.43 46.6
75.42 308.23
77.42 219.04
79.42 63.92
81.42 219.04
83.42 1338.52
85.42 1958.23
87.42 217.62
89.42 64.71
91.42 212.6
93.42 325.83
95.43 216.6
97.43 345.61
99.42 463.93
101.42 218.19
103.42 1518.47
105.42 102.5
107.42 220.45
109.42 35.95
111.42 217.53
113.42 41.2
115.42 214.95
117.42 1958.83
119.41 220.75
121.42 1405.31
123.42 794.66
125.42 201.45
127.44 2281.78
129.42 220.37
131.41 915.18
133.42 758.69
135.42 221.23
137.42 183.26
139.41 218.47
141.42 372.36
143.42 217.07
145.42 493.63
147.42 531.67
149.42 210.14
151.42 171.45
153.42 214.49
155.42 384.81
157.42 83.67
159.42 221.82
161.43 275.66
163.42 215.68
165.41 217.27
167.41 216.79
169.41 426.77
171.41 4.79
173.42 185.45
175.42 278.0
177.42 210.84
179.42 1319.56
181.42 2255.63
183.42 220.66
185.42 629.56
187.42 217.81
189.42 1378.9
191.42 217.91
193.42 834.89
195.41 292.17
197.42 212.6
199.41 2393.08
201.42 219.04
203.43 289.42
205.42 2025.13
207.42 215.22
209.42 79.09
211.42 208.07
213.42 177.2
215.41 106.28
217.42 83.39
219.42 589.08
221.44 215.04
223.42 1905.91
225.43 216.6
227.42 608.59
229.42 608.59
231.42 631.27
233.42 1087.7
235.42 214.86
237.42 1493.93
239.41 210.14
241.42 1259.22
243.42 674.58
245.42 196.45
247.42 1769.21
249.42 214.95
251.42 1790.07
253.42 2029.82
255.43 216.69
257.42 1967.82
259.43 219.6
261.68 339.18
263.67 217.16
265.66 1586.94
267.67 1717.5
269.67 213.5
271.67 1803.06
273.67 218.94
275.67 1450.97
277.67 780.33
279.67 215.68
281.67 1927.2
283.67 214.95
285.67 2047.04
287.67 218.94
289.66 2312.55
291.68 2265.25
293.67 219.04
295.66 2144.53
297.67 217.53
299.67 2223.1
301.42 2206.23
303.42 215.04
305.42 2442.36
307.42 211.45
309.42 2200.65
311.67 219.41
313.67 36.49
315.67 22.59
317.67 216.88
319.67 193.97
321.68 217.81
323.67 1858.99
325.66 988.19
327.68 219.04
329.66 2247.02
331.67 215.41
333.66 1044.48
335.67 211.89
337.67 1693.99
339.68 1739.94
341.67 213.41
343.68 944.99
345.67 214.4
347.67 1756.31
349.67 527.02
351.67 204.54
353.67 1197.79
355.68 214.13
357.68 417.98
359.67 215.68
361.68 1057.57
363.66 103.85
365.67 218.0
367.67 599.85
369.67 206.88
371.7 1492.91
373.66 1369.05
375.67 1415.34
377.67 1407.88
379.68 214.68
381.68 223.55
383.66 218.09
385.67 120.82
387.67 83.94
389.68 204.54
391.68 84.81
393.66 215.31
395.67 152.52
397.66 868.81
399.67 1196.13
401.67 938.27
403.67 214.77
405.67 1716.48
407.68 216.23
409.67 2188.06
411.67 2291.44
413.67 216.05
415.67 2361.44
417.68 212.16
419.68 2197.73
421.67 1806.11
423.66 2416.05
425.67 2101.22
427.66 214.22
429.66 2405.95
431.67 213.68
433.67 2073.64
435.67 863.26
437.68 187.1
439.67 376.02
441.67 467.76
443.68 14.46
445.67 638.11
447.67 22.87
449.67 90.02
451.67 219.22
453.68 56.96
455.67 215.04
457.67 2472.22
459.67 1564.9
461.68 218.47
463.67 9.15
465.67 215.86
467.68 2536.63
469.67 2034.78
471.66 2345.25
473.67 2621.96
475.68 215.13
477.68 106.97
479.68 219.6
481.67 285.38
483.68 294.07
485.67 217.53
487.68 4.65
489.67 218.85
491.67 743.72
493.67 366.89
495.67 319.22
497.67 1769.64
499.67 219.6
501.67 1367.17
503.67 218.28
505.68 92.25
507.67 173.72
509.67 212.78
511.92 2106.7
513.92 217.81
515.92 2317.98
517.71 215.13
519.93 2224.84
521.92 1874.48
523.93 212.78
525.92 1651.85
527.92 217.25
529.91 2221.54
531.92 1666.53
533.92 215.77
535.92 2265.66
537.93 214.58
539.92 910.22
541.7 203.88
543.92 2327.63
545.92 2362.96
547.92 212.34
549.92 1547.37
551.93 208.58
553.93 871.95
555.93 2360.06
557.91 221.33
559.92 2259.33
561.91 216.51
563.92 841.55
565.91 210.14
567.92 303.77
569.92 60.35
571.92 211.54
573.92 576.31
575.93 211.19
577.92 178.35
579.92 329.19
581.92 355.72
583.93 328.53
585.93 214.13
587.93 106.07
589.91 213.86
591.91 96.25
593.92 1396.85
595.92 214.49
597.92 32.43
599.92 217.44
601.92 577.95
603.92 1724.33
605.93 216.88
607.92 160.54
609.92 214.58
611.93 139.09
613.91 219.13
615.92 177.91
617.93 217.44
619.92 212.07
621.91 50.41
623.93 215.22
625.91 392.75
627.93 164.74
629.92 386.83
631.92 580.68
633.92 220.46
635.92 738.69
637.91 172.1
639.92 332.98
641.92 1121.87
643.92 214.58
645.93 1396.59
647.93 219.41
649.92 137.14
651.92 1623.85
653.92 218.47
655.92 426.38
657.93 214.22
659.93 283.9
661.91 212.87
663.93 105.64
665.92 1760.08
667.92 218.75
669.92 1769.19
671.92 219.41
673.92 1080.29
675.92 201.14
677.92 214.04
679.92 693.78
681.93 218.47
683.92 58.34
685.91 218.37
687.92 1763.2
689.92 2383.76
691.93 213.86
693.92 369.84
695.92 208.32
697.92 2209.3
699.92 374.98
701.91 220.37
703.91 1194.72
705.92 215.31
707.93 1807.05
709.91 215.59
711.93 1490.58
713.92 1920.25
715.93 216.51
717.92 885.47
719.91 218.75
721.93 2026.64
723.92 2159.55
725.92 215.96
727.92 2077.26
729.92 210.92
731.92 2294.76
733.91 182.06
735.92 1592.68
737.92 2253.24
739.92 217.34
741.92 375.96
743.92 215.13
745.93 2511.94
747.93 244.8
749.92 36.76
751.92 68.34
753.92 214.31
755.92 656.12
757.91 216.6
759.92 383.28
762.17 467.47
764.17 116.33
766.17 1335.96
768.17 215.77
770.16 135.53
771.95 219.32
774.17 2357.21
776.17 1546.44
778.17 209.7
780.17 2078.18
782.18 214.77
784.18 2451.4
786.17 1440.01
788.17 213.59
790.16 2172.61
792.17 214.04
794.17 2465.34
795.95 220.75
798.17 2291.78
800.17 2183.04
802.17 217.07
804.17 1968.45
806.17 220.95
808.17 2192.34
810.17 2269.54
812.18 107.68
814.18 37.64
816.16 217.16
818.17 281.08
820.16 214.31
822.17 188.31
824.16 2587.44
826.17 216.05
828.17 785.29
830.16 216.32
832.17 330.12
834.17 278.93
836.17 216.69
838.17 58.05
840.17 217.62
842.17 58.61
844.16 218.0
846.18 1189.66
848.18 421.21
850.17 216.88
852.17 1442.7
854.17 217.16
856.17 2271.89
858.17 2390.89
860.17 214.77
862.17 2061.41
864.17 213.59
866.18 368.29
868.16 213.86
870.17 173.1
872.17 924.7
874.17 216.88
876.17 1067.21
878.17 218.56
880.18 1041.27
882.17 1671.85
884.17 215.22
886.17 1780.31
888.16 218.56
890.17 1851.05
892.16 216.42
894.18 1326.57
896.17 826.01
898.17 213.68
900.17 176.35
902.17 216.88
904.17 530.51
906.17 180.03
908.17 217.62
910.16 1529.29
912.17 211.98
914.18 1120.77
916.16 216.42
918.16 1358.9
920.17 78.68
922.17 214.77
924.17 783.4
926.17 218.56
928.17 322.53
930.17 327.77
932.17 216.14
934.17 111.56
936.17 206.88
938.18 373.6
940.16 141.22
942.17 174.16
944.18 31.95
946.17 214.68
948.16 24.09
950.17 103.33
952.17 90.89
954.17 91.51
956.17 199.7
958.17 910.81
960.17 214.86
962.17 1918.73
964.16 212.07
966.18 1800.65
968.17 468.87
970.17 216.42
972.17 316.77
974.18 215.31
976.17 1193.29
978.19 92.77
980.17 213.23
982.16 1714.38
984.17 216.97
986.18 1169.35
988.16 218.0
990.18 12.43
992.17 145.67
994.16 217.16
996.17 349.0
998.17 217.44
1000.17 114.63
1002.17 685.56
1004.17 216.6
1006.17 1823.15
1008.18 209.44
1010.17 483.19
1012.42 219.32
1014.41 340.45
1016.42 1820.79
1018.42 219.41
1020.42 850.37
1022.42 216.79
1024.42 1801.97
1026.42 1237.9
1028.42 218.75
1030.42 1839.7
1032.42 215.41
1034.43 1770.14
1036.42 200.18
1038.42 1851.23
1040.42 1259.2
1042.42 219.13
1044.43 23.12
1046.42 216.42
1048.41 1402.42
1050.42 1730.03
1052.43 215.22
1054.42 1419.91
1056.41 210.05
1058.42 14.2
1060.42 219.32
1062.43 611.14
1064.42 608.61
1066.42 108.12
1068.42 591.14
1070.41 179.03
1072.42 444.89
1074.43 916.89
1076.42 205.87
1078.41 600.65
1080.42 117.19
1082.42 313.92
1084.42 214.04
1086.43 107.47
1088.42 1340.61
1090.42 213.77
1092.42 1729.47
1094.42 216.88
1096.42 1053.66
1098.42 826.53
1100.42 209.1
1102.42 1244.64
1104.42 215.86
1106.42 842.5
1108.43 218.37
1110.42 995.23
1112.42 1170.78
1114.42 213.41
1116.41 1017.52
1118.42 202.74
1120.42 980.78
1122.42 1255.78
1124.43 210.84
1126.42 1334.61
1128.42 219.99
1130.41 1460.88
1132.42 214.58
1134.42 1571.38
1136.42 1606.71
1138.43 214.77
1140.42 1863.06
1142.43 215.68
1144.42 1594.59
1146.42 1842.69
1148.42 211.01
1150.41 1258.13
1152.42 213.59
1154.42 2014.59
1156.42 218.0
1158.42 1779.75
1160.43 312.38
1162.42 207.47
1164.42 77.22
1166.42 207.55
1168.42 559.74
1170.42 129.06
1172.43 290.54
1174.42 277.36
1176.42 217.62
1178.42 616.87
1180.42 215.22
1182.42 332.17
1184.42 331.54
1186.42 216.88
1188.42 450.53
1190.41 217.34
1192.42 218.53
1194.42 1570.49
1196.42 1863.25
1198.43 1898.18
1200.43 217.07
1202.43 501.07
1204.42 217.53
1206.42 941.36
1208.42 869.88
1210.41 216.14
1212.42 73.05
1214.43 203.64
1216.42 831.42
1218.42 776.81
1220.42 1882.65
1222.42 866.13
1224.42 206.79
1226.42 124.91
1228.42 213.23
1230.42 374.94
1232.42 638.74
1234.43 211.45
1236.43 1803.73
1238.42 205.95
1240.41 1636.97
1242.42 1829.25
1244.41 1779.06
1246.42 1628.41
1248.42 219.04
1250.42 1675.98
1252.42 218.37
1254.42 1842.13
1256.42 492.66
1258.42 125.47
1260.42 1677.0
1262.67 215.59
1264.67 363.35
1266.46 215.22
1268.68 232.21
1270.67 205.55
1272.68 215.5
1274.67 194.47
1276.66 210.31
1278.68 325.23
1280.66 131.11
1282.67 217.34
1284.67 360.76
1286.67 205.12
1288.67 404.05
1290.45 214.13
1292.68 689.22
1294.68 261.79
1296.68 215.77
1298.67 1759.99
1300.67 217.91
1302.68 40.59
1304.68 203.22
1306.66 331.6
1308.67 742.48
1310.67 216.14
1312.68 115.7
1314.66 211.63
1316.68 4.73
1318.67 381.56
1320.67 217.07
1322.67 473.58
1324.68 217.62
1326.67 2183.08
1328.67 1635.36
1330.67 218.66
1332.67 427.27
1334.67 216.6
1336.68 1741.3
1338.66 218.19
1340.67 2143.9
1342.68 419.1
1344.66 212.25
1346.68 1127.88
1348.67 216.05
1350.67 52.49
1352.67 406.42
1354.68 220.27
1356.67 46.96
1358.67 204.54
1360.67 63.46
1362.66 218.0
1364.67 175.61
1366.67 154.0
1368.68 201.85
1370.66 360.07
1372.67 220.18
1374.66 227.9
1376.67 9.47
1378.68 99.9
1380.67 648.32
1382.67 218.94
1384.68 311.65
1386.66 215.77
1388.68 59.68
1390.68 146.5
1392.68 216.79
1394.68 265.04
1396.68 218.66
1398.68 267.98
1400.68 869.83
1402.68 343.73
1404.68 111.51
1406.67 217.81
1408.67 570.04
1410.66 216.42
1412.68 482.19
1414.67 354.84
1416.67 213.5
1418.67 477.95
1420.67 211.89
1422.68 55.64
1424.68 197.76
1426.67 219.6
1428.67 798.81
1430.66 217.62
1432.67 930.58
1434.67 212.78
1436.68 1069.75
1438.67 1316.04
1440.67 214.86
1442.68 1611.16
1444.67 213.59
1446.67 1071.99
1448.67 55.07
1450.67 215.5
1452.7 166.7
1454.67 211.27
1456.67 1102.06
1458.66 214.86
1460.67 1776.34
1462.67 1188.97
1464.68 218.09
1466.67 1678.74
1468.68 211.72
1470.67 1850.07
1472.66 250.57
1474.68 216.23
1476.67 43.92
1478.67 215.13
1480.67 1526.22
1482.66 216.32
1484.67 1891.48
1486.68 2067.33
1488.67 218.56
1490.66 1874.98
1492.67 217.53
1494.68 1851.43
1496.67 2278.02
1498.68 206.88
1500.68 1712.57
1502.66 215.5
1504.67 590.95
1506.66 214.04
1508.68 1791.32
1510.67 1799.53
1512.92 216.79
1514.93 1955.3
1516.92 210.4
1518.92 1584.81
1520.92 1338.52
1522.92 214.04
1524.92 1407.62
1526.92 214.95
1528.92 9.44
1530.94 215.41
1532.92 1110.73
1534.93 516.26
1536.93 218.09
1538.92 1420.65
1540.92 218.85
1542.93 322.41
1544.93 282.28
1546.92 218.56
1548.92 106.64
1550.91 253.19
1552.92 134.46
1554.92 217.91
1556.93 1739.77
1558.92 1786.62
1560.92 216.32
1562.92 1503.31
1564.92 219.7
1566.92 2003.21
1568.92 977.09
1570.93 211.89
1572.92 244.02
1574.92 214.49
1576.92 738.18
1578.92 219.04
1580.92 816.92
1582.92 1136.96
1584.92 212.96
1586.92 1176.24
1588.92 217.07
1590.92 1573.67
1592.92 1305.85
1594.94 1789.95
1596.93 462.29
1598.93 217.34
1600.93 144.3
1602.92 216.42
1604.92 19.21
1606.93 1410.42
1608.92 216.32
1610.92 238.06
1612.93 217.07
1614.92 273.01
1616.93 411.14
1618.92 164.03
1620.93 31.88
1622.92 215.04
1624.93 724.47
1626.93 212.69
1628.93 350.0
1630.92 144.15
1632.92 217.34
1634.93 304.1
1636.92 220.27
1638.93 236.86
1640.92 58.58
1642.92 157.37
1644.92 464.88
1646.92 211.1
1648.92 465.5
1650.92 211.98
1652.92 177.51
1654.93 175.46
1656.92 216.32
1658.93 161.89
1660.91 212.96
1662.93 37.86
1664.92 143.23
1666.91 663.71
1668.93 302.23
1670.92 213.86
1672.92 686.05
1674.92 219.04
1676.92 383.73
1678.92 375.16
1680.93 102.08
1682.92 81.94
1684.93 211.27
1686.92 501.1
1688.93 204.14
1690.92 31.23
1692.93 1395.7
1694.93 110.74
1696.93 139.23
1698.93 212.51
1700.92 160.78
1702.92 77.68
1704.92 211.27
1706.93 176.41
1708.92 217.34
1710.91 659.49
1712.91 1014.81
1714.91 1920.07
1716.93 252.93
1718.92 216.42
1720.92 653.17
1722.92 211.19
1724.92 377.53
1726.93 970.13
1728.91 217.81
1730.92 1125.36
1732.92 218.19
1734.92 1850.51
1736.91 1952.45
1738.92 1894.38
1740.92 2081.42
1742.92 215.13
1744.92 1759.51
1746.92 216.23
1748.92 1568.66
1750.92 1781.04
1752.92 216.51
1754.92 1380.2
1756.93 208.92
1758.92 2007.03
1760.93 1669.8
1763.18 111.56
1765.18 1181.92
1767.17 214.68
1769.17 1186.69
1771.18 211.63
1773.17 2116.41
1775.16 1636.94
1777.17 210.49
1779.17 2118.21
1781.18 216.51
1783.17 410.1
1784.96 219.89
1787.17 33.01
1789.17 1003.75
1791.16 214.4
1793.16 209.87
1795.18 213.05
1797.18 1353.19
1799.17 13.22
1801.16 217.16
1803.17 841.14
1805.18 216.88
1807.17 1081.62
1808.99 108.42
1811.17 656.74
1813.17 932.53
1815.17 219.6
1817.17 1195.22
1819.17 214.95
1821.17 584.44
1823.17 758.01
1825.17 103.4
1827.18 743.06
1829.17 220.37
1831.17 1059.27
1833.16 217.44
1835.16 1610.46
1837.17 2038.88
1839.16 213.05
1841.17 1765.58
1843.17 213.14
1845.17 2120.18
1847.18 1338.86
1849.17 221.72
1851.17 139.37
1853.17 215.04
1855.17 788.47
1857.16 216.69
1859.17 28.14
1861.18 285.59
1863.17 216.88
1865.17 39.18
1867.18 212.43
1869.18 49.66
1871.18 13.67
1873.17 59.3
1875.16 102.04
1877.17 209.7
1879.17 30.32
1881.16 217.62
1883.18 679.18
1885.17 117.66
1887.16 216.79
1889.17 19.26
1891.18 215.31
1893.18 360.84
1895.16 741.82
1897.17 219.99
1899.16 245.83
1901.17 218.66
1903.17 136.91
1905.17 216.23
1907.17 127.62
1909.18 12.12
1911.16 218.85
1913.17 9.44
1915.18 217.81
1917.18 264.34
1919.17 349.68
1921.19 195.62
1923.17 61.98
1925.18 219.89
1927.17 470.03
1929.17 216.69
1931.17 255.65
1933.18 325.05
1935.18 222.11
1937.17 882.11
1939.17 220.56
1941.17 1249.19
1943.18 1307.83
1945.17 215.77
1947.17 457.98
1949.17 214.13
1951.16 172.88
1953.16 180.37
1955.18 554.36
1957.18 118.01
1959.16 216.32
1961.18 82.39
1963.17 217.44
1965.18 203.47
1967.17 101.78
1969.18 274.24
1971.17 340.71
1973.17 216.6
1975.18 988.98
1977.16 193.75
1979.17 671.2
1981.17 206.44
1983.17 215.68
1985.18 177.33
1987.18 217.16
1989.18 65.05
1991.17 52.21
1993.17 172.48
1995.17 122.0
1997.18 215.68
1999.18 197.52
2001.17 213.23
2003.17 219.52
2005.18 138.7
2007.18 217.44
2009.17 404.46
2011.43 215.13
2013.42 400.63
2015.23 216.23
2017.42 953.19
2019.42 33.11
2021.42 214.68
2023.42 47.07
2025.43 214.04
2027.42 187.86
2029.41 27.52
2031.42 213.77
2033.43 9.12
2035.43 217.81
2037.42 797.7
2039.22 213.77
2041.42 148.31
2043.42 119.72
2045.42 212.6
2047.42 455.87
2049.43 216.42
2051.42 94.95
2053.42 148.42
2055.43 216.6
2057.42 122.87
2059.43 216.05
2061.43 535.76
2063.42 214.68
2065.42 85.44
2067.42 365.56
2069.42 218.56
2071.42 1409.91
2073.43 214.95
2075.43 1544.84
2077.42 1573.78
2079.42 210.31
2081.42 1857.84
2083.42 217.44
2085.43 911.13
2087.42 216.97
2089.43 1618.06
2091.42 2111.9
2093.42 212.69
2095.43 238.58
2097.43 217.81
2099.43 955.86
2101.42 1018.25
2103.43 220.95
2105.42 401.77
2107.41 186.41
2109.42 1530.05
2111.41 210.92
2113.42 800.0
2115.43 1558.86
2117.42 215.59
2119.43 146.85
2121.43 214.95
2123.41 87.52
2125.41 265.25
2127.42 212.87
2129.43 176.15
2131.42 212.16
2133.42 241.77
2135.41 217.34
2137.43 290.17
2139.42 351.18
2141.43 213.59
2143.43 221.98
2145.42 215.96
2147.42 82.5
2149.44 449.14
2151.42 209.87
2153.42 652.93
2155.42 215.31
2157.41 626.73
2159.41 212.16
2161.43 770.29
2163.43 924.7
2165.42 218.0
2167.42 1430.49
2169.42 220.27
2171.42 670.56
2173.43 38.04
2175.42 942.66
2177.42 18.0
2179.43 218.28
2181.43 708.77
2183.41 214.95
2185.42 352.75
2187.43 2057.31
2189.42 218.37
2191.41 2415.42
2193.43 219.22
2195.42 13.76
2197.42 94.8
2199.43 216.42
2201.42 173.43
2203.43 218.47
2205.43 577.18
2207.42 213.14
2209.42 287.93
2211.42 124.41
2213.42 218.0
2215.42 1066.95
2217.43 218.19
2219.42 208.89
2221.42 28.57
2223.42 222.99
2225.43 238.44
2227.42 217.44
2229.42 192.57
2231.43 212.6
2233.42 102.11
2235.43 47.72
2237.43 216.23
2239.42 315.43
2241.42 214.13
2243.42 27.28
2245.42 674.57
2247.44 219.22
2249.43 1151.82
2251.42 211.98
2253.41 1298.5
2255.42 211.19
2257.43 1482.8
2259.42 1375.93
2261.42 214.77
2263.68 1002.64
2265.67 210.05
2267.68 1600.07
2269.67 1702.01
2271.67 217.81
2273.68 1772.4
2275.67 221.72
2277.68 1606.37
2279.68 215.86
2281.67 721.06
2283.68 187.87
2285.68 216.97
2287.67 2172.35
2289.68 214.77
2291.67 331.89
2293.68 1712.6
2295.67 213.41
2297.68 55.76
2299.67 215.68
2301.67 1802.68
2303.68 219.6
2305.68 2043.14
2307.67 1880.45
2309.68 209.27
2311.67 1611.61
2313.69 215.68
2315.68 1748.88
2317.68 1842.03
2319.67 217.81
2321.67 2136.66
2323.68 215.68
2325.67 306.62
2327.67 211.63
2329.67 1085.58
2331.66 184.34
2333.67 214.04
2335.68 405.7
2337.68 215.86
2339.68 425.05
2341.67 681.69
2343.68 216.51
2345.67 123.75
2347.68 217.44
2349.68 4.72
2351.68 218.37
2353.68 1877.73
2355.66 1982.51
2357.67 212.25
2359.68 259.52
2361.67 216.51
2363.68 13.9
2365.68 36.88
2367.67 195.47
2369.68 134.69
2371.68 214.58
2373.68 173.41
2375.67 212.87
2377.67 485.03
2379.67 720.52
2381.68 214.13
2383.69 50.57
2385.67 213.59
2387.68 68.54
2389.68 460.62
2391.66 804.41
2393.68 27.64
2395.67 219.22
2397.67 291.57
2399.68 218.28
2401.67 74.69
2403.68 8.96
2405.68 216.32
2407.67 376.65
2409.67 188.63
2411.68 804.83
2413.68 912.91
2415.66 1217.81
2417.68 1385.81
2419.67 214.58
2421.67 767.66
2423.66 105.33
2425.67 318.33
2427.67 361.24
2429.67 213.41
2431.68 91.16
2433.68 213.23
2435.67 12.77
2437.68 372.0
2439.68 2222.75
2441.68 2153.98
2443.68 218.28
2445.68 124.67
2447.68 217.44
2449.67 2041.91
2451.66 23.6
2453.68 218.0
2455.68 1550.58
2457.68 213.32
2459.67 805.25
2461.68 2253.37
2463.68 2168.5
2465.68 1886.66
2467.68 218.85
2469.67 1725.65
2471.68 213.41
2473.67 2349.11
2475.68 1872.8
2477.68 212.07
2479.66 1659.27
2481.68 214.04
2483.67 2197.34
2485.68 1875.28
2487.67 2272.0
2489.68 2429.08
2491.68 215.96
2493.68 1807.37
2495.68 217.25
2497.68 2311.07
2499.68 1263.43
2501.68 215.31
2503.68 2033.43
2505.67 218.19
2507.68 1150.72
2509.68 1527.9
2511.93 1734.08
2513.92 1921.57
2515.93 215.41
2517.93 1609.79
2519.92 217.81
2521.92 2180.99
2523.92 1890.18
2525.92 216.05
2527.92 2179.24
2529.93 218.09
2531.92 2033.75
2533.72 217.07
2535.93 1728.61
2537.93 2251.9
2539.92 215.13
2541.94 2075.45
2543.93 217.53
2545.93 166.67
2547.93 486.05
2549.92 346.95
2551.93 54.45
2553.92 216.97
2555.93 78.72
2557.71 102.21
2559.93 100.53
2561.92 178.56
2563.93 214.49
2565.92 425.51
2567.92 97.51
2569.93 116.95
2571.92 295.96
2573.92 293.96
2575.94 571.03
2577.93 214.22
2579.93 716.31
2581.92 214.04
2583.92 18.87
2585.93 194.07
2587.93 216.97
2589.93 387.3
2591.92 217.25
2593.92 41.02
2595.92 42.96
2597.93 220.75
2599.93 117.32
2601.93 216.6
2603.92 1931.79
2605.92 216.51
2607.93 1187.19
2609.93 1961.53
2611.93 212.78
2613.92 779.23
2615.94 217.16
2617.92 1263.15
2619.93 1626.16
2621.93 27.49
2623.93 1033.25
2625.93 215.68
2627.93 316.06
2629.92 102.23
2631.92 1155.36
2633.93 1504.04
2635.93 217.91
2637.93 278.05
2639.92 217.44
2641.93 1356.93
2643.93 261.76
2645.93 101.29
2647.92 457.39
2649.93 218.37
2651.93 288.77
2653.92 215.86
2655.92 540.5
2657.93 275.57
2659.92 219.13
2661.93 2213.23
2663.92 212.87
2665.93 540.22
2667.93 181.63
2669.93 98.59
2671.93 975.78
2673.93 215.77
2675.93 2151.42
2677.92 200.65
2679.93 1162.72
2681.92 27.96
2683.93 214.68
2685.92 885.08
2687.92 215.68
2689.93 179.66
2691.91 408.66
2693.93 605.21
2695.92 59.3
2697.93 216.88
2699.93 533.63
2701.92 217.62
2703.94 854.4
2705.93 1097.92
2707.93 211.8
2709.93 136.95
2711.92 218.09
2713.93 315.98
2715.93 125.94
2717.93 188.81
2719.93 78.95
2721.93 214.31
2723.92 44.4
2725.92 218.0
2727.93 189.89
2729.93 214.37
2731.92 215.77
2733.93 173.1
2735.93 212.25
2737.93 398.6
2739.93 121.64
2741.93 117.01
2743.93 78.92
2745.92 219.22
2747.93 143.17
2749.94 216.69
2751.92 756.41
2753.92 879.62
2755.93 216.97
2757.92 1216.66
2759.92 218.28
2761.93 1766.74
