0.0 5.44
0.72 5.41
1.51 5.19
2.55 5.43
3.6 5.52
4.99 5.45
6.48 5.42
7.93 4.86
9.77 5.46
11.87 4.92
13.89 5.27
15.87 5.55
17.87 5.25
19.87 5.64
21.88 5.48
23.88 5.48
25.87 5.22
27.88 4.75
29.88 4.18
31.87 5.27
33.87 3.99
36.14 3.0
37.78 5.44
39.88 5.44
41.88 5.17
43.88 5.31
45.88 5.32
47.89 5.47
49.87 5.33
51.81 5.47
53.88 5.38
55.88 5.57
57.88 5.49
59.88 5.15
61.88 5.31
63.89 5.36
65.87 5.26
67.87 5.31
69.88 5.22
71.88 5.49
73.88 4.9
75.88 5.46
77.88 5.28
79.88 5.23
81.87 5.51
83.87 5.24
85.88 5.22
87.88 5.42
89.88 5.45
91.88 5.32
93.88 5.23
95.88 5.3
97.87 5.18
99.87 5.26
101.87 5.48
103.88 5.38
105.88 5.34
107.87 5.16
109.87 5.55
111.88 5.25
113.89 5.48
115.87 5.34
117.87 5.44
119.88 5.5
121.88 5.23
123.87 5.22
125.88 5.22
127.88 5.26
129.87 5.45
131.87 5.3
133.87 5.26
135.87 5.42
137.88 4.84
140.13 5.34
142.13 5.25
144.04 5.46
146.17 5.24
148.06 5.22
150.12 5.51
152.12 5.16
154.13 5.51
156.13 5.18
158.13 5.28
160.13 5.25
162.13 5.28
164.14 5.2
166.12 5.18
168.12 5.16
170.12 5.14
172.06 5.26
174.13 5.32
176.13 5.51
178.12 5.53
180.14 5.42
182.12 5.41
184.12 5.23
186.12 5.45
188.13 5.42
190.13 5.51
192.13 5.29
194.12 5.18
196.05 5.17
198.12 5.13
200.12 5.23
202.12 5.5
204.13 4.93
206.13 5.18
208.12 5.18
210.13 5.47
212.12 5.47
214.14 5.12
216.12 5.44
