0.0 6.36
0.62 6.77
2.01 5.16
3.04 7.24
4.2 0.17
5.72 5.85
6.81 6.17
7.64 7.29
8.7 8.91
10.16 0.98
11.51 6.13
12.98 0.38
14.81 2.04
15.89 5.81
17.14 6.26
19.21 6.02
21.22 7.94
23.23 6.5
25.23 0.68
27.21 3.5
29.22 6.91
31.2 5.93
33.22 7.68
35.21 1.12
37.23 4.34
39.24 5.68
41.22 6.56
43.22 5.84
45.24 6.07
47.21 6.53
49.22 6.94
51.25 4.93
53.23 7.0
55.22 6.25
57.22 7.48
59.22 7.76
61.37 6.2
63.71 6.16
65.54 6.27
68.44 5.37
70.49 0.37
72.91 5.19
75.54 0.33
78.06 6.33
80.36 6.4
82.37 6.53
84.17 4.56
85.58 7.14
86.98 6.67
88.25 6.74
89.13 6.69
91.23 6.91
93.24 7.35
95.23 8.02
97.23 0.28
99.21 7.64
101.22 6.16
103.22 5.63
105.41 1.35
107.29 1.74
109.89 5.85
111.22 2.58
113.22 0.14
115.22 6.22
117.23 6.59
119.22 5.87
121.24 6.04
123.23 6.45
125.23 7.4
127.24 3.7
129.22 6.67
131.23 7.24
133.22 6.13
135.24 6.43
137.23 8.35
139.22 5.9
141.23 5.65
143.22 7.5
145.22 0.87
147.21 6.02
149.22 5.58
151.18 5.79
153.24 0.24
155.23 5.78
157.25 5.75
159.23 2.72
161.23 8.83
163.23 8.87
165.22 8.89
167.22 10.65
169.23 11.23
171.22 1.31
173.22 0.76
175.21 6.12
177.23 6.46
179.22 7.42
181.22 5.59
183.24 5.7
185.22 6.13
187.21 5.89
189.23 5.79
191.22 6.59
193.22 0.79
195.22 5.83
197.22 1.05
199.21 5.49
201.24 5.54
203.22 5.37
205.21 0.86
207.24 3.99
209.21 5.32
211.23 4.73
213.24 3.78
215.22 5.75
217.2 5.86
219.22 4.86
221.22 4.54
223.22 3.77
225.49 5.44
227.47 0.25
229.34 0.37
231.46 3.5
233.26 4.53
235.9 3.83
238.01 5.75
239.45 6.07
241.48 5.91
243.47 6.6
245.48 5.99
247.48 5.36
249.47 6.0
251.47 6.58
253.48 0.07
255.47 0.55
257.47 4.55
259.48 5.49
261.43 5.76
263.47 2.14
265.47 5.21
267.49 4.2
269.47 4.28
271.47 4.63
273.47 3.66
275.49 5.6
277.47 6.74
279.47 1.24
281.48 5.48
283.48 6.36
285.45 5.45
287.48 4.53
289.48 6.28
291.46 3.52
293.47 5.56
295.48 5.07
297.48 5.4
299.47 5.57
301.48 5.57
303.49 6.01
305.47 5.49
307.48 4.4
309.45 6.67
311.48 6.14
313.47 6.82
315.37 5.74
317.47 5.56
319.44 2.56
321.47 5.82
323.47 1.25
325.47 1.37
327.47 6.51
329.47 4.54
331.48 6.42
333.44 3.19
335.47 4.97
337.47 1.02
339.47 3.1
341.47 6.08
343.47 5.03
345.49 4.93
347.47 4.88
349.48 6.0
351.48 5.3
353.46 6.51
355.47 6.2
357.37 5.58
359.47 1.73
361.48 5.24
363.47 4.72
365.48 5.24
367.48 4.32
369.47 5.12
371.48 5.63
373.47 2.27
375.47 0.31
377.48 4.77
379.49 4.26
382.5 2.09
386.04 2.39
389.78 1.05
393.06 3.13
396.71 0.07
397.74 3.71
399.41 3.53
400.64 6.23
402.13 1.29
403.64 0.37
404.44 4.96
405.07 4.22
405.98 5.48
407.49 5.19
409.48 6.34
411.49 4.94
413.47 5.46
415.48 4.26
417.5 4.47
419.48 5.8
422.13 5.64
424.6 5.0
427.6 4.07
430.93 4.36
432.36 4.95
433.1 4.73
435.28 0.54
437.04 3.41
439.04 4.77
441.26 2.67
