0 5.125
1 5.125
2 5.75
3 2.5
4 0.25
5 13.625
6 10.375
7 9.75
8 13.375
9 18.75
10 23.875
11 18.75
12 14.625
13 14.75
14 15.375
15 38.5
16 49.5
17 63.75
18 47.25
19 49.5
20 67.625
21 74.25
22 85.75
23 42.375
24 1.0
25 1.0
26 1.375
27 10.25
28 10.375
29 13.0
30 14.5
31 11.375
32 14.25
33 72.25
34 153.75
35 143.75
36 117.75
37 10.125
38 1.25
39 15.25
40 62.625
41 118.75
42 124.75
43 128.75
44 168.75
45 147.5
46 118.625
47 80.625
48 15.75
49 2.875
50 0.25
51 12.125
52 11.5
53 15.375
54 14.625
55 10.625
56 62.0
57 78.125
58 73.125
59 80.375
60 66.875
61 82.75
62 97.5
63 10.125
64 11.875
65 14.875
66 13.75
67 15.125
68 19.0
69 40.125
70 24.75
71 59.875
72 61.375
73 62.0
74 54.75
75 51.625
76 51.625
77 58.5
78 57.0
79 55.0
80 17.125
81 15.125
82 24.625
83 15.25
84 17.0
85 62.0
86 15.125
87 28.75
88 17.125
89 13.375
90 13.5
91 14.0
92 13.5
93 12.875
94 13.375
95 11.875
96 12.125
97 12.125
98 11.875
99 11.25
100 7.5
101 14.875
102 19.5
103 91.5
104 94.75
105 99.125
106 97.0
107 98.125
108 94.5
109 94.25
110 97.125
111 95.0
112 86.375
113 100.625
114 77.75
115 73.75
116 88.625
117 81.375
118 104.875
119 14.375
120 11.375
121 14.5
122 28.375
123 71.875
124 73.25
125 60.875
126 38.125
127 20.75
128 18.875
129 9.375
130 6.375
131 7.375
132 7.125
133 7.5
134 13.875
135 14.75
136 64.375
137 75.125
138 79.5
139 59.875
140 79.375
141 80.375
142 78.375
143 79.375
144 80.875
145 91.5
146 98.375
147 98.75
148 90.0
149 102.25
150 99.25
151 110.375
152 99.0
153 125.0
154 128.75
155 135.0
156 136.25
157 135.0
158 142.5
159 130.0
160 160.0
161 143.75
162 140.0
163 165.0
164 165.0
165 78.0
166 12.625
167 15.5
168 132.5
169 178.75
170 161.25
171 160.0
172 128.75
173 85.125
174 1.25
175 15.125
176 10.875
177 12.5
178 14.0
179 31.875
180 66.25
181 78.625
182 46.75
183 34.625
184 22.5
185 33.375
186 15.5
187 25.25
188 53.5
189 26.125
190 17.625
191 17.125
192 18.0
193 18.5
194 16.625
195 15.5
196 15.75
197 14.625
198 11.75
199 16.375
200 14.125
201 14.375
202 15.25
203 15.625
204 14.75
205 15.125
206 16.125
207 8.5
208 16.375
209 10.875
210 11.875
211 15.375
212 15.0
213 38.875
214 21.125
215 10.375
216 11.0
217 16.75
218 61.5
219 63.375
220 32.5
221 12.625
222 13.75
223 14.25
224 22.625
225 56.125
226 58.75
227 59.875
228 59.0
229 60.375
230 64.625
231 65.25
232 67.125
233 59.125
234 31.875
235 24.875
236 13.625
237 28.5
238 55.625
239 64.375
240 62.125
241 60.375
242 56.125
243 57.625
244 61.75
245 62.0
246 65.375
247 59.125
248 52.125
249 26.375
