0.0 90.4
0.72 93.11
2.72 82.94
4.72 62.89
6.72 81.65
8.72 90.79
10.72 90.79
12.72 93.96
14.72 93.96
16.72 90.71
18.72 90.71
20.79 90.71
22.72 90.71
24.72 7.74
26.72 15.69
28.72 18.52
30.72 20.09
32.72 23.16
34.72 27.13
36.72 30.56
38.72 32.73
40.72 34.71
42.72 38.01
44.72 40.95
46.72 45.08
48.72 47.21
50.72 49.18
52.72 52.06
54.72 57.72
56.72 56.56
58.72 56.79
60.72 52.09
62.72 61.63
64.72 60.04
66.72 63.46
68.72 67.72
70.72 69.54
72.72 69.54
74.72 67.59
76.72 67.59
78.72 64.17
80.72 72.2
82.72 74.96
84.72 79.78
86.72 80.16
88.72 73.9
90.72 77.85
92.72 77.85
94.72 77.85
96.72 79.51
98.72 79.51
100.72 76.83
102.72 73.46
104.72 81.61
106.73 81.94
108.72 86.84
110.72 83.56
112.72 90.14
114.72 90.14
116.72 87.38
118.72 89.72
120.72 95.0
122.72 92.3
124.72 94.82
126.72 94.82
128.72 94.82
130.72 91.09
132.72 91.09
134.72 91.09
136.72 91.09
138.72 91.09
140.79 92.2
142.72 92.2
144.72 92.11
146.72 89.78
148.72 89.78
150.72 93.59
152.72 89.09
154.72 92.12
156.72 90.81
158.72 84.87
160.72 94.57
162.72 89.02
164.72 89.06
166.72 70.59
168.72 91.26
170.72 91.26
172.97 91.26
174.97 91.26
176.97 79.44
178.97 95.56
180.97 91.41
182.97 91.09
184.97 91.09
186.79 90.24
188.97 93.9
190.97 96.2
192.97 90.56
194.97 92.04
196.97 92.04
198.97 92.04
200.97 92.04
202.97 92.04
204.98 92.04
206.97 92.04
208.97 92.04
210.79 92.04
212.97 95.44
214.97 91.21
216.97 9.86
218.97 93.41
220.97 90.95
222.97 90.95
224.97 82.72
226.97 82.72
228.97 89.96
230.97 93.61
232.97 91.94
234.79 96.31
236.97 96.31
238.97 96.31
240.97 96.31
242.97 96.31
244.97 94.34
246.97 83.82
248.97 83.98
250.97 83.98
252.97 83.98
254.97 83.98
256.97 93.1
258.97 92.12
260.97 93.95
262.97 80.51
264.97 88.81
266.97 93.1
268.97 88.14
270.97 90.9
272.97 95.88
274.97 91.74
276.97 91.74
278.97 9.97
280.97 45.57
282.97 45.57
284.97 45.57
286.98 45.57
288.97 45.57
290.97 45.57
292.97 45.57
294.97 45.57
296.97 45.57
298.97 62.56
300.97 62.56
302.97 62.56
304.97 62.56
306.97 90.04
308.97 92.47
310.97 89.53
312.97 87.43
314.97 87.43
316.97 87.43
318.97 91.67
320.97 91.67
322.97 91.67
324.97 84.13
326.97 91.76
328.97 91.76
330.97 91.76
332.97 91.76
334.97 91.76
336.97 91.76
338.97 91.76
340.97 91.76
342.97 91.76
344.97 91.76
346.97 91.76
348.97 95.16
350.97 95.16
352.97 95.16
354.97 95.16
356.97 95.16
358.97 95.16
360.96 87.91
362.97 87.91
364.97 87.91
366.97 87.91
368.97 87.91
370.97 91.57
372.97 91.57
374.97 91.57
376.97 91.57
378.98 91.57
381.04 0.23
382.97 39.44
384.97 41.78
386.97 41.78
388.97 41.78
390.97 41.78
392.97 89.42
394.97 89.42
396.97 69.38
398.97 69.38
400.97 69.38
402.97 69.38
404.97 69.38
406.97 69.38
408.97 69.38
410.97 69.38
412.97 69.38
414.97 83.43
416.97 0.19
418.97 91.97
420.98 88.52
423.22 90.53
425.22 89.0
427.22 91.59
429.22 91.59
431.22 82.08
433.22 87.97
435.22 91.2
437.22 92.92
439.22 92.92
441.22 92.92
443.22 92.92
445.22 92.92
447.22 92.92
449.22 92.92
451.22 92.92
453.22 92.92
455.22 92.92
457.22 92.92
459.22 92.92
461.22 90.12
463.22 93.83
465.22 93.83
467.22 93.83
469.22 93.83
471.22 93.83
473.22 93.83
475.22 93.83
477.22 86.35
479.22 79.76
481.22 89.27
483.22 92.21
485.22 91.85
487.22 80.65
489.22 88.31
491.22 1.19
493.22 92.63
495.22 91.67
497.22 94.09
499.22 94.09
501.27 94.09
503.32 94.09
505.22 94.09
507.22 94.09
509.22 96.53
511.22 83.77
513.22 83.77
515.22 81.98
517.22 95.86
519.22 96.01
521.22 96.01
523.22 96.01
525.22 96.11
527.22 0.51
529.22 44.01
531.22 45.49
533.22 45.49
535.22 45.49
537.22 90.53
539.22 79.71
541.22 91.82
543.22 93.31
545.22 90.73
547.22 94.98
549.22 94.98
551.22 90.69
553.22 90.93
555.22 88.99
557.22 90.25
559.22 93.76
561.22 93.66
563.22 92.2
565.22 93.76
567.22 90.91
569.22 91.84
571.22 95.92
573.22 92.71
575.22 82.29
577.22 92.99
579.22 92.99
581.22 88.56
583.22 88.56
585.22 93.85
587.22 93.85
589.22 93.85
591.22 93.85
593.22 93.85
595.22 0.18
597.22 42.55
599.22 42.55
601.22 42.55
603.22 42.55
605.22 42.55
607.22 42.55
609.22 42.55
611.22 42.68
613.22 42.68
615.22 42.68
617.22 42.68
619.22 42.68
621.22 42.68
623.22 42.68
625.22 42.68
627.22 42.68
629.22 42.68
631.22 42.68
633.22 42.68
635.22 43.23
637.22 0.58
639.22 11.39
641.22 12.73
643.22 13.87
645.22 18.6
647.22 18.6
649.22 18.6
651.22 18.6
653.22 18.6
655.22 18.6
657.22 18.6
659.22 18.6
661.22 18.6
663.22 18.6
665.22 18.6
667.22 18.6
669.22 18.52
671.22 11.46
673.47 20.29
675.47 20.22
677.47 31.87
679.47 38.82
681.33 46.0
683.47 55.43
685.47 56.9
687.47 46.5
689.47 64.86
691.47 64.86
693.47 83.57
695.47 83.59
697.47 84.61
699.47 84.61
701.47 83.78
703.47 88.36
705.3 73.13
707.47 74.9
709.47 82.36
711.47 92.01
713.47 85.01
715.47 89.47
717.47 61.22
719.47 95.96
721.47 92.26
723.47 93.61
725.47 93.99
727.47 90.47
729.29 94.65
731.47 94.65
733.47 94.65
735.47 93.37
737.47 93.37
739.47 93.37
741.47 93.37
743.47 93.37
745.47 93.37
747.47 93.37
749.47 93.37
751.47 93.37
753.31 93.37
755.47 93.37
757.47 92.43
759.47 90.97
761.47 90.97
763.47 90.97
765.47 90.97
767.47 90.97
769.47 95.23
771.47 58.8
773.47 80.08
775.47 92.05
777.47 92.05
779.47 79.7
781.47 79.7
783.47 79.89
785.47 79.89
787.47 79.89
789.47 79.89
791.47 92.04
793.47 92.04
795.47 92.46
