0.0 271.69
0.92 384.43
2.91 360.9
4.91 53.56
6.91 250.75
8.91 264.7
10.91 39.93
12.91 270.83
14.91 23.02
16.91 348.62
18.91 351.41
20.91 17.25
22.91 12.58
24.91 17.59
26.91 310.73
28.91 51.35
30.91 87.67
32.91 169.91
35.16 47.08
37.17 305.92
39.16 48.44
41.17 337.24
43.16 345.25
45.16 323.92
47.16 346.56
49.16 46.05
51.16 277.02
53.16 19.83
55.16 318.62
57.16 288.56
59.16 50.93
61.16 366.48
63.16 68.4
65.16 350.73
67.17 352.2
69.16 41.9
71.16 351.38
73.16 55.2
75.16 380.3
77.16 59.99
79.16 332.93
81.16 374.6
83.16 46.07
85.16 77.13
87.16 63.17
89.16 373.52
91.16 372.68
93.16 363.35
95.16 260.12
97.16 54.68
99.16 385.14
101.16 50.13
103.16 285.02
105.16 286.79
107.16 30.94
109.16 288.6
111.16 53.93
113.16 223.76
115.17 269.45
117.16 288.69
119.16 424.34
121.16 53.55
123.16 386.74
125.16 44.23
127.17 378.67
129.16 3.95
131.16 53.12
133.17 351.03
135.17 53.32
137.16 326.89
139.16 411.41
141.16 299.42
143.16 399.94
145.16 76.73
147.16 378.79
149.16 48.22
151.17 358.14
153.16 338.98
155.16 31.61
157.16 348.16
159.16 49.22
161.16 123.38
163.16 164.8
165.16 112.25
167.16 2.45
169.16 47.82
171.16 200.77
173.16 65.4
175.17 232.02
177.16 234.95
179.16 63.53
181.16 204.85
183.16 58.73
185.16 259.02
187.16 210.44
189.16 216.87
191.16 86.71
193.16 34.71
195.16 156.52
197.16 54.21
199.16 219.09
201.16 184.28
203.16 53.37
205.16 436.97
207.16 56.27
209.16 415.0
