0.0 2.8
1.21 2.53
2.13 2.48
3.02 2.57
4.01 2.62
5.39 2.17
6.62 2.58
7.47 2.51
8.44 2.55
10.12 1.78
11.91 1.59
15.89 1.34
17.84 2.0
18.45 1.97
19.49 1.94
20.51 2.57
21.8 2.54
23.82 2.06
26.85 1.84
29.66 1.77
34.59 0.64
37.86 1.03
40.26 0.28
42.59 0.79
45.36 0.17
46.72 1.94
48.58 1.56
50.76 1.31
52.61 2.31
53.9 1.05
55.08 2.14
56.31 0.52
58.39 0.02
60.7 2.21
61.93 2.65
63.85 2.51
65.31 2.52
66.61 2.63
68.01 2.64
69.96 2.42
73.69 1.34
77.45 2.64
82.05 2.61
85.37 2.63
89.05 0.54
90.53 1.91
92.87 1.93
94.16 2.6
94.95 2.49
95.78 2.62
99.3 2.44
102.66 1.07
104.44 0.88
105.89 0.19
107.63 2.61
109.28 1.63
110.36 2.63
111.24 2.59
112.23 2.37
113.03 2.63
118.41 1.38
122.1 2.59
122.84 2.58
124.04 2.5
125.82 2.59
127.97 2.68
130.96 2.61
132.52 0.89
134.18 2.39
136.0 2.13
136.95 2.55
139.74 2.58
143.16 2.62
146.33 2.6
148.63 1.71
150.74 2.48
151.75 2.57
153.09 0.81
154.63 2.6
156.91 2.42
159.49 1.49
161.23 1.61
162.24 2.46
163.42 2.64
165.43 2.21
168.47 2.61
171.36 2.58
173.08 2.53
177.56 1.12
178.14 1.62
180.24 1.55
181.79 0.05
183.45 0.67
188.3 0.82
189.09 0.91
190.77 1.02
192.86 1.15
194.12 1.38
197.81 2.06
198.66 1.94
200.03 1.84
202.6 1.34
208.4 2.52
209.26 2.47
211.29 1.92
212.84 2.61
214.25 2.62
215.74 2.6
218.46 1.49
221.4 1.89
222.77 1.16
223.93 2.54
226.74 1.09
228.92 0.47
231.04 1.31
235.46 1.04
236.41 2.79
237.39 2.53
238.26 2.5
239.43 2.64
240.44 2.56
249.65 0.5
251.32 0.5
252.17 0.39
254.9 0.7
255.44 0.87
256.71 1.43
258.39 1.3
259.99 1.95
261.21 2.64
262.04 2.43
263.89 1.95
266.21 1.97
267.7 2.64
269.36 2.52
271.75 1.99
273.58 1.87
278.5 1.07
282.87 1.02
283.82 1.07
285.87 0.91
287.14 1.13
288.63 1.28
290.94 2.65
292.96 2.34
295.18 2.62
296.83 2.63
298.63 2.62
300.5 2.63
302.31 2.45
305.09 2.57
306.51 2.59
307.37 2.62
310.7 2.45
312.56 2.62
314.78 2.42
316.58 2.14
318.97 2.6
321.05 1.24
322.97 2.63
324.65 2.43
326.23 2.63
327.88 2.63
330.01 0.51
331.91 2.62
334.07 2.37
335.08 2.64
337.52 2.57
339.84 2.44
340.96 2.62
341.64 0.83
343.13 0.51
344.83 2.38
346.35 2.5
349.17 2.67
350.73 2.59
352.72 2.47
354.26 2.61
367.43 2.64
368.05 2.49
368.62 2.6
369.63 1.96
371.36 2.3
372.27 2.5
373.16 2.64
373.99 2.61
375.59 2.47
377.03 2.35
378.56 2.37
382.44 2.69
385.34 2.62
389.82 2.64
392.07 2.61
393.0 2.53
394.0 2.62
396.2 1.91
397.8 0.05
399.18 2.63
401.0 2.35
402.1 2.63
403.55 2.45
406.15 2.63
407.62 1.82
408.93 2.5
410.34 2.02
411.42 1.18
413.58 2.62
416.33 2.54
418.18 2.62
421.08 2.62
423.52 0.41
425.78 1.16
427.63 2.64
428.61 2.63
429.99 2.54
431.31 2.67
434.44 2.67
437.46 0.67
441.29 2.75
443.35 0.96
445.98 2.75
447.11 2.29
448.67 2.55
450.74 2.62
455.05 2.35
457.3 0.81
458.82 1.35
460.5 0.86
462.72 1.15
465.23 1.38
467.02 2.62
468.05 2.54
469.53 2.63
471.98 0.64
474.14 1.45
475.63 2.63
477.46 2.48
478.85 2.59
484.85 2.23
490.87 0.76
491.6 2.62
492.19 2.64
494.0 2.62
494.83 2.63
496.39 2.48
497.97 2.63
500.27 2.64
502.16 2.62
503.9 0.9
506.78 2.64
513.37 2.63
514.97 2.28
516.82 2.62
518.98 0.34
520.3 2.67
521.81 2.63
524.38 2.24
526.82 2.61
528.59 2.68
531.42 1.58
536.2 0.26
537.27 0.26
538.19 0.79
541.37 0.92
542.29 1.0
543.36 2.77
544.9 2.55
548.15 0.85
551.54 0.06
552.85 0.9
554.57 2.2
555.29 2.62
556.78 2.61
558.32 2.55
560.54 2.67
562.4 2.58
565.49 2.58
567.05 1.73
569.07 2.57
571.06 2.5
573.57 2.65
575.72 2.65
576.89 2.63
578.39 2.51
580.69 2.36
583.12 2.61
585.09 2.72
586.37 2.54
588.0 2.6
590.51 2.13
607.02 2.61
608.21 2.55
609.6 2.63
611.55 2.39
613.72 2.56
615.68 2.58
618.06 2.55
619.7 2.61
622.04 2.6
624.3 2.63
626.37 2.63
628.49 2.59
630.44 2.61
632.2 2.45
633.57 2.61
635.93 0.37
638.4 2.42
640.08 2.62
642.81 0.75
644.84 2.57
646.44 2.63
647.1 2.48
648.5 2.6
650.02 2.54
651.94 2.29
653.15 2.64
654.71 2.59
656.42 2.68
657.9 2.45
659.8 2.67
661.95 1.33
662.95 2.64
664.15 2.64
665.85 2.46
667.87 2.6
669.29 2.47
671.52 2.57
675.18 2.52
678.65 2.69
682.84 2.24
684.93 2.66
686.15 2.62
688.21 0.93
690.6 1.78
692.0 1.41
693.49 2.52
694.94 2.63
