0.0 245.86
0.98 358.6
2.96 129.4
4.96 30.39
6.96 162.91
8.96 285.66
10.97 25.92
12.96 301.4
14.97 27.44
16.96 195.37
18.96 314.27
20.96 285.06
22.96 222.75
24.96 37.13
26.96 297.85
28.97 39.52
30.96 170.87
32.97 176.55
34.96 41.56
36.96 114.52
38.96 33.52
40.96 98.06
42.96 107.42
44.96 41.47
46.97 104.41
48.96 51.79
50.97 141.0
52.96 27.73
54.96 118.86
56.96 66.54
58.96 38.11
60.96 186.06
62.98 31.27
64.97 183.64
66.97 129.43
68.97 195.76
70.96 219.95
72.96 27.36
74.96 237.02
76.96 35.88
78.96 219.17
80.96 140.47
82.97 46.69
84.97 252.17
86.97 33.85
88.96 180.07
90.96 271.22
92.96 263.59
94.96 266.94
96.96 24.38
98.96 206.53
100.96 30.65
102.97 246.2
104.97 247.08
106.96 21.94
108.96 223.34
110.96 17.82
112.96 325.69
114.96 341.79
116.96 322.6
118.96 196.37
120.97 37.57
122.96 151.78
124.96 43.78
126.96 178.4
128.96 238.51
130.96 24.62
132.96 196.47
134.97 27.04
136.96 180.39
138.96 188.08
140.97 292.03
142.97 141.83
144.96 40.84
146.96 170.66
148.96 38.82
150.96 44.01
152.97 232.82
154.96 30.8
156.97 228.48
158.97 32.84
160.96 136.58
162.96 246.01
165.21 178.61
167.21 161.23
169.21 38.35
171.22 186.55
173.22 23.26
175.21 138.36
177.22 132.14
179.22 188.88
181.21 80.14
183.21 26.65
185.21 244.31
187.21 22.83
189.21 222.57
191.22 249.44
193.22 27.8
195.22 234.55
197.21 40.83
199.21 146.16
201.21 166.69
203.21 33.65
205.21 175.71
207.22 26.39
209.22 129.04
211.22 36.62
213.22 188.41
215.22 93.8
217.21 40.84
219.21 203.65
221.21 26.43
223.21 219.77
225.21 207.34
227.22 248.03
229.22 197.78
231.22 36.1
233.21 246.99
235.21 26.61
237.21 192.2
239.21 165.28
241.21 26.47
243.22 51.24
245.22 24.75
247.22 129.6
249.21 151.98
251.21 28.11
253.21 235.32
255.21 29.79
257.21 122.27
259.21 38.81
261.21 157.82
263.22 172.19
265.22 37.51
267.22 155.32
269.21 26.14
271.21 128.38
273.21 224.17
275.21 182.06
277.22 150.06
279.22 32.68
281.21 197.75
283.22 28.2
285.22 286.85
287.21 313.31
289.21 38.66
291.21 262.8
293.21 27.53
295.22 287.27
297.22 173.11
299.22 170.67
301.22 234.78
303.22 28.86
305.21 285.63
307.21 18.13
309.21 270.37
311.21 209.41
313.21 38.32
315.22 347.24
317.22 44.74
319.22 235.92
321.22 362.53
323.22 348.95
325.21 272.36
327.21 28.42
329.21 269.2
331.22 22.18
333.22 388.98
335.22 307.84
337.22 28.04
339.22 320.14
341.21 21.28
343.21 196.16
345.21 211.31
347.22 19.96
349.22 258.19
351.22 26.06
353.21 253.89
355.22 150.15
357.21 286.61
359.21 151.19
361.21 23.38
363.21 151.51
365.21 39.88
367.22 136.55
369.22 269.12
371.22 22.95
373.22 161.78
375.21 21.43
377.21 318.08
379.21 20.91
381.21 305.54
383.21 268.79
385.22 18.17
387.21 359.35
389.21 25.99
391.22 307.98
393.22 152.11
395.21 51.51
397.21 197.48
399.21 40.6
401.21 249.29
403.22 22.97
405.22 227.19
407.22 258.3
409.21 22.37
411.22 302.16
413.21 22.39
415.46 254.7
417.46 299.16
419.46 260.17
421.22 148.02
423.47 32.09
425.47 243.8
427.46 31.5
429.46 271.83
431.46 206.07
433.46 28.32
435.46 164.35
437.46 30.87
439.47 63.34
441.46 195.64
443.47 210.85
445.46 164.64
447.46 58.9
449.46 176.85
451.46 40.22
453.46 20.43
455.47 60.99
457.47 45.07
459.47 1.39
461.47 28.51
463.47 116.14
465.46 113.8
467.46 206.12
469.46 206.99
471.46 30.84
473.46 93.0
475.46 35.31
477.46 145.63
479.47 132.4
481.46 34.7
483.47 162.3
485.46 43.57
487.46 100.99
489.46 39.23
491.46 109.97
493.47 179.52
495.47 37.35
497.47 233.68
499.47 51.06
501.46 283.08
503.46 283.95
505.46 26.84
507.46 259.51
509.46 42.62
511.47 134.32
513.46 125.01
515.47 132.04
517.47 297.7
519.46 39.71
521.46 263.15
523.46 22.93
525.46 163.97
527.46 114.36
529.47 52.55
531.46 34.72
533.47 49.28
535.46 102.16
537.47 102.16
539.46 121.82
541.46 197.22
543.46 28.71
545.46 220.74
547.47 31.62
549.46 259.73
551.47 330.74
553.46 26.94
555.46 304.45
557.46 42.75
559.46 323.73
561.46 216.08
563.46 155.15
565.47 259.13
567.47 27.76
569.47 223.57
571.46 30.63
573.46 201.77
575.47 201.77
577.46 26.64
579.46 221.22
581.46 39.7
583.46 134.1
585.47 168.39
587.47 220.18
589.46 103.57
591.47 59.32
593.46 128.78
595.46 39.38
597.46 245.35
599.46 266.08
601.47 16.91
603.46 217.35
605.47 21.91
607.46 199.16
609.46 193.39
611.47 139.94
613.46 228.48
615.46 21.22
617.48 218.21
619.46 16.62
621.47 145.98
623.47 184.65
625.46 39.36
627.46 196.65
629.46 33.94
631.46 193.83
633.47 100.56
635.47 198.67
637.46 214.77
639.47 24.4
641.47 204.88
643.47 36.34
645.46 201.44
647.46 244.04
649.46 24.37
651.46 175.85
653.46 33.91
655.47 199.04
657.47 203.34
659.46 197.45
661.46 200.68
663.46 33.86
665.71 259.89
667.71 32.31
669.71 146.95
671.71 235.07
673.72 183.84
675.72 254.1
677.72 26.14
679.71 264.8
681.48 30.9
683.71 178.69
685.71 209.03
687.72 28.69
689.71 222.93
691.72 28.03
693.72 172.37
695.72 178.18
697.72 70.36
699.71 205.88
701.71 22.16
703.71 232.37
705.72 29.75
707.72 117.83
709.72 218.25
711.72 30.77
713.71 203.31
715.71 28.0
717.71 213.95
719.71 199.74
721.71 46.87
723.72 216.01
725.72 41.98
727.72 240.14
729.72 42.96
731.72 147.5
733.71 248.69
735.71 35.73
737.71 274.04
739.71 35.34
741.72 237.19
743.71 100.0
745.72 281.66
747.72 186.47
749.72 26.83
751.71 91.1
753.71 21.88
755.71 262.8
757.71 261.25
759.72 27.12
761.71 236.64
763.72 24.23
765.72 219.25
767.71 149.53
769.71 129.81
771.71 145.64
773.71 26.29
775.71 186.11
777.72 41.18
779.71 132.95
781.72 127.93
783.72 60.62
785.72 174.39
