0.0 22.5
0.8 37.77
2.8 45.23
4.8 18.29
6.8 13.28
8.8 43.38
10.8 49.16
12.8 57.7
14.8 1.87
16.8 12.69
18.8 11.52
20.8 51.24
22.8 10.65
24.8 26.63
26.8 26.63
28.8 12.78
30.8 18.03
32.8 34.41
34.8 20.75
36.8 11.59
38.8 4.18
40.8 1.59
42.8 48.31
44.8 48.31
46.8 48.31
48.8 27.83
50.8 0.28
52.8 44.42
54.8 12.98
56.8 38.96
58.8 9.67
60.8 0.2
62.8 52.15
64.8 45.81
66.8 21.82
68.8 10.06
70.8 27.88
72.8 49.43
74.8 10.34
76.8 41.21
78.8 16.96
80.8 47.48
82.8 47.48
84.8 52.82
86.8 14.2
88.8 23.36
90.8 11.4
92.8 13.29
94.8 50.58
96.8 55.35
98.81 53.48
100.8 54.13
102.8 50.08
104.8 50.08
106.8 50.08
108.8 50.08
110.8 55.45
112.8 15.22
114.8 23.01
116.8 12.84
119.05 27.14
121.05 33.22
123.05 52.8
125.05 21.94
127.05 9.74
129.05 34.41
131.05 40.26
133.05 37.18
152.09 16.31
152.63 8.02
154.15 13.54
156.15 0.3
158.15 26.28
160.15 13.59
162.15 37.81
164.15 20.65
166.15 11.41
168.15 0.57
170.15 21.1
172.15 34.79
174.15 10.14
176.15 10.07
178.15 21.13
180.15 14.17
182.15 18.43
184.15 6.03
186.15 33.25
188.15 38.92
190.15 28.18
192.15 11.69
194.16 38.15
196.15 26.68
198.15 39.32
200.15 40.69
202.15 20.58
204.15 27.72
206.15 14.7
208.15 6.62
210.15 11.61
212.15 31.54
214.15 22.17
216.15 10.93
218.15 29.14
220.15 32.42
222.15 0.3
224.15 24.82
226.15 38.37
228.15 37.82
230.15 34.74
232.15 30.24
234.15 31.22
236.15 0.18
238.15 10.85
240.15 25.53
242.15 5.21
244.15 9.47
246.15 11.34
248.15 19.05
250.15 50.66
252.15 11.14
254.15 11.13
256.15 39.37
258.15 28.29
260.15 37.54
262.15 28.73
264.15 18.63
266.15 17.4
268.15 22.22
270.15 13.58
272.15 11.72
274.15 29.36
276.15 15.43
278.15 10.69
280.15 18.9
282.15 39.23
284.15 10.46
286.15 30.8
288.15 25.86
290.15 37.98
292.15 31.51
294.15 31.07
296.15 38.53
298.15 18.92
300.15 11.45
302.15 14.45
304.15 20.08
306.15 12.02
308.15 50.03
310.15 48.93
312.15 49.7
314.15 18.93
316.15 26.77
318.15 52.34
320.15 18.62
322.15 8.44
324.15 55.07
326.15 24.91
328.15 36.11
330.15 32.32
332.15 37.49
334.15 31.34
336.15 37.49
338.15 37.75
340.15 34.05
342.15 37.31
344.15 41.16
346.15 47.5
348.15 43.15
350.15 5.32
352.15 10.14
354.4 14.41
356.4 37.72
358.4 30.56
360.4 37.75
362.4 37.47
364.4 35.64
366.4 37.99
368.4 34.07
370.4 44.69
372.22 44.96
374.4 10.0
376.4 30.18
378.4 45.11
380.4 52.77
382.4 48.49
384.4 38.87
386.4 18.34
388.4 16.45
390.4 4.28
392.4 56.98
394.4 26.28
396.21 31.22
398.4 22.47
400.4 18.8
417.44 39.08
418.19 19.49
419.24 19.01
421.24 11.92
423.24 11.89
425.24 48.03
427.24 14.69
429.24 54.98
431.24 35.69
433.24 25.31
435.24 13.44
437.24 12.09
439.24 11.88
441.24 21.31
443.24 30.01
445.24 12.07
447.24 39.5
449.24 13.47
451.24 12.21
453.24 41.95
455.24 11.38
457.24 22.72
459.24 29.84
461.24 9.27
463.24 20.01
465.24 38.15
467.24 29.98
469.24 31.45
471.24 44.87
473.24 12.92
475.24 15.2
477.24 25.56
479.24 38.09
481.24 36.47
483.24 37.86
485.24 37.64
487.24 31.1
489.24 33.76
491.24 37.86
493.24 37.59
495.24 38.72
497.24 44.5
499.24 26.44
501.24 39.54
503.24 22.09
505.24 50.37
507.24 52.9
509.24 38.12
511.24 39.45
513.24 56.98
515.24 25.66
517.24 11.7
519.24 11.15
521.24 0.39
523.24 34.33
525.25 23.63
527.24 31.26
529.24 23.69
531.24 23.47
533.24 18.73
535.24 33.29
537.24 25.06
539.24 39.65
541.49 16.49
543.49 36.59
545.49 16.82
547.49 22.75
549.5 27.75
551.49 12.44
553.49 53.77
555.49 42.41
557.49 45.01
559.49 15.99
561.49 11.65
563.49 8.76
565.49 22.3
567.5 50.2
569.49 39.15
571.49 14.68
573.49 13.01
575.49 12.37
577.49 31.59
579.49 7.53
581.5 20.97
583.49 36.3
585.49 31.1
587.49 32.99
589.49 22.5
591.49 0.16
593.49 33.74
595.49 46.87
597.5 12.61
599.49 11.45
601.49 32.58
603.5 39.86
605.49 48.19
607.49 21.48
609.49 52.12
611.49 25.1
613.49 25.1
615.49 38.06
617.49 38.06
619.5 37.8
621.49 28.27
623.49 37.78
625.49 25.94
627.49 19.07
629.49 45.13
631.49 40.76
633.5 12.98
635.49 19.55
637.49 28.21
639.49 13.54
641.5 19.05
643.49 36.07
645.49 34.92
647.49 56.2
649.49 21.77
651.49 39.01
653.49 21.36
655.49 38.72
657.49 17.26
659.49 30.7
661.49 11.63
663.49 21.47
