0.0 1.9
0.53 1.91
1.07 1.88
2.37 2.53
2.98 2.71
3.76 1.62
5.71 1.94
9.05 1.84
11.1 2.16
13.11 2.02
13.63 2.02
15.94 1.97
17.04 3.16
19.02 1.86
24.63 2.01
27.24 2.01
29.53 1.99
31.33 1.95
33.13 1.28
34.04 2.04
35.22 2.04
36.0 2.63
37.94 1.81
39.4 2.03
42.3 2.22
45.25 1.38
48.56 1.78
50.67 1.34
52.8 2.02
54.11 2.03
55.93 1.92
58.57 1.89
60.29 1.9
62.93 1.9
63.85 1.88
65.54 1.81
68.23 1.5
70.14 1.8
71.41 2.02
74.53 2.14
77.86 1.49
80.38 2.14
82.45 1.9
83.6 2.05
85.9 1.89
87.35 1.4
88.65 1.89
92.01 1.52
94.66 3.23
96.47 1.85
98.26 2.14
100.25 2.03
102.49 1.62
105.26 2.03
107.08 1.94
108.51 1.77
109.63 0.75
111.36 1.87
113.62 1.77
117.0 2.04
120.04 2.04
121.14 1.51
121.84 3.84
125.27 1.35
127.46 1.57
129.08 2.0
131.36 1.62
132.27 2.0
133.96 1.67
136.43 1.61
139.91 2.02
140.82 2.02
142.47 1.86
145.13 1.93
147.78 2.32
149.9 1.62
153.05 1.56
154.01 3.41
155.05 1.54
156.2 1.24
158.07 1.76
161.33 2.79
162.19 2.12
165.38 1.71
167.28 2.01
168.9 0.23
170.58 1.99
172.97 1.55
174.62 2.04
175.48 2.58
178.48 2.02
182.01 2.11
183.49 1.02
186.15 0.78
188.46 2.04
189.78 0.5
190.61 2.03
192.57 1.97
194.49 1.79
197.01 0.8
199.12 2.05
201.77 2.05
203.24 0.11
204.47 1.75
206.27 1.84
209.04 1.79
210.59 1.86
211.96 0.03
213.33 1.51
215.11 1.67
217.95 2.05
220.56 2.02
222.7 1.76
225.07 2.09
227.53 1.86
230.46 1.9
231.85 2.05
233.54 1.42
236.75 2.03
238.95 1.72
240.5 2.03
242.29 1.64
244.63 2.03
246.31 0.76
247.79 1.08
250.84 2.01
252.9 1.86
253.76 4.15
255.99 1.82
258.21 1.93
259.7 2.03
261.87 1.62
264.63 1.92
266.92 1.61
268.86 1.93
270.17 1.61
271.82 1.95
273.52 1.71
275.34 1.77
276.28 1.85
278.4 2.51
280.31 2.04
282.42 2.04
285.08 0.3
286.3 1.7
288.98 1.86
291.95 1.84
294.82 1.5
295.87 1.56
297.9 2.03
299.94 0.92
302.44 2.03
304.8 2.03
306.03 1.82
307.16 1.28
308.64 1.97
310.85 1.95
313.72 1.75
316.29 1.93
317.51 2.03
319.14 1.8
321.28 2.49
323.98 1.61
326.09 1.89
327.69 1.73
328.84 1.82
331.04 1.17
333.66 1.94
335.63 1.83
337.51 1.86
338.98 1.89
341.25 2.04
342.98 1.43
344.68 2.02
346.03 1.88
347.5 2.12
350.92 1.66
354.23 2.05
356.01 1.9
357.88 2.01
359.95 1.93
361.71 1.14
363.63 1.78
364.83 1.83
365.83 1.7
367.2 3.91
369.44 1.57
372.88 1.87
375.0 1.84
376.97 2.02
379.62 2.05
382.1 1.58
383.96 2.01
385.61 1.33
388.24 1.9
389.69 2.01
391.55 1.7
394.0 2.04
396.52 1.67
398.26 2.03
400.6 1.58
402.69 2.04
404.19 1.94
405.55 2.74
406.8 2.02
410.15 1.77
412.62 1.89
414.06 2.03
415.54 1.86
417.51 3.04
419.19 0.11
421.78 2.07
424.13 2.75
425.56 1.93
427.97 2.05
430.57 2.27
433.11 2.03
434.52 2.04
436.22 2.04
437.6 1.07
439.89 1.58
441.7 1.87
444.45 0.68
445.37 0.51
447.67 1.96
449.38 2.0
450.77 1.82
452.64 0.97
454.01 1.94
455.32 1.95
459.32 2.67
462.12 1.59
463.23 1.61
465.14 2.06
466.22 0.91
467.58 1.46
471.52 2.02
474.11 3.34
475.69 2.03
477.66 2.02
479.74 2.03
481.81 0.1
483.75 2.0
485.09 1.86
486.93 1.82
488.63 2.87
489.88 0.93
491.86 2.03
494.41 1.42
496.4 1.59
498.84 1.52
501.98 1.43
503.55 3.66
504.96 2.04
507.87 2.01
509.36 1.8
511.14 1.93
513.9 1.89
516.88 0.95
518.53 1.91
521.35 1.76
523.52 2.05
524.58 0.52
525.5 1.51
526.37 1.99
529.86 2.03
531.8 1.96
533.9 1.96
535.9 1.66
536.98 3.8
539.81 2.05
542.57 2.06
544.76 1.88
546.0 2.05
547.11 1.93
549.44 2.49
551.62 2.16
552.72 1.95
555.11 1.91
558.42 0.05
559.28 1.14
560.9 2.03
562.61 2.03
564.65 2.02
567.54 1.33
569.41 2.03
570.28 1.57
572.07 3.1
575.01 1.96
578.16 1.98
579.54 1.36
582.15 1.52
584.85 1.58
586.5 2.04
587.43 0.7
588.74 1.84
591.25 0.61
593.21 2.05
594.85 3.0
596.91 1.48
600.15 1.86
601.87 1.07
603.47 2.03
605.38 1.76
606.66 1.22
608.75 2.29
610.77 1.82
613.71 2.02
616.45 1.9
617.72 1.86
620.71 1.8
623.04 1.77
624.48 1.85
626.09 1.62
628.89 1.98
630.49 1.39
631.83 1.71
635.19 1.89
636.81 1.3
637.42 1.63
638.54 1.76
641.25 2.05
642.71 1.88
643.66 2.37
645.92 1.84
648.8 1.5
650.32 1.9
652.85 2.01
655.64 1.66
656.92 2.0
658.11 0.66
660.04 2.04
662.51 1.94
664.75 1.99
667.11 1.45
669.88 1.98
672.71 1.86
674.17 2.01
675.84 1.9
677.26 3.52
679.53 1.46
682.43 2.02
683.53 2.92
684.85 2.15
687.5 2.02
689.91 1.52
692.37 0.63
694.29 1.72
695.76 2.04
697.29 1.14
699.22 2.04
701.97 1.42
703.0 1.94
704.84 2.13
707.06 2.01
708.64 1.8
710.98 2.96
712.9 1.77
714.87 1.93
718.52 1.93
720.73 1.86
722.34 1.66
724.27 2.97
725.91 1.54
728.44 2.0
730.12 1.83
732.3 1.53
734.66 2.01
737.22 1.99
738.65 1.97
741.27 1.43
742.65 1.78
744.72 2.06
747.11 1.9
749.28 1.9
750.99 1.97
753.22 1.18
754.69 1.93
756.3 2.01
758.63 1.9
760.58 0.88
762.01 1.9
764.3 1.7
767.0 0.99
767.54 0.51
768.07 2.26
769.86 1.21
771.83 3.16
773.85 3.0
775.85 3.05
777.85 4.08
779.84 5.01
781.86 4.91
783.84 5.73
785.85 6.89
787.84 1.59
789.85 7.09
791.8 7.09
793.85 6.91
795.84 7.76
797.84 7.76
799.84 6.65
801.84 9.39
803.84 10.88
805.85 13.55
807.83 1.18
811.09 1.82
812.99 1.94
813.89 4.28
815.84 5.31
817.85 5.57
819.84 5.97
821.86 5.97
823.85 5.97
825.84 5.97
827.84 5.65
829.85 8.32
831.83 8.35
833.85 8.26
835.83 0.14
837.85 9.47
839.75 4.67
841.78 2.03
844.84 1.43
847.95 0.56
849.7 1.57
852.81 2.02
856.99 1.61
860.56 1.61
862.53 1.94
864.44 1.57
867.61 3.74
869.63 1.41
872.98 1.95
874.41 2.9
875.97 1.72
878.11 1.97
879.52 1.88
881.08 2.02
882.21 0.99
884.76 1.84
886.98 2.03
889.89 2.03
892.45 1.94
893.78 1.93
894.32 3.45
895.91 1.58
898.41 1.94
900.32 1.9
902.09 0.57
903.75 2.01
905.79 1.95
907.01 1.71
908.19 2.21
911.17 1.7
914.59 3.1
916.99 1.76
919.19 1.91
921.18 0.48
923.65 1.61
925.46 1.87
927.83 0.6
929.43 2.0
931.11 1.88
933.72 2.0
935.52 1.61
937.08 1.78
938.87 2.06
940.83 1.55
943.59 1.92
945.81 1.58
947.87 3.11
950.02 2.04
952.39 1.39
954.04 2.13
956.36 2.04
957.94 1.49
959.34 2.04
960.74 0.21
961.47 0.51
963.69 2.02
966.44 2.04
967.45 1.61
968.45 0.63
971.03 1.92
974.61 2.13
976.86 1.93
979.84 2.05
981.55 2.53
982.59 1.52
984.21 1.99
985.88 2.06
987.72 2.05
990.02 1.79
992.66 1.51
993.94 1.61
995.48 2.01
997.1 0.59
999.87 1.93
1002.95 1.88
1004.21 0.81
1006.53 1.97
1008.78 1.38
1010.83 3.98
1013.06 0.76
1015.2 2.04
1017.08 2.76
1018.3 1.02
1020.96 1.98
1023.59 1.95
1025.98 2.01
1027.84 2.07
1030.13 1.67
1032.35 1.99
1034.33 1.94
1035.96 1.83
1038.02 1.01
1039.69 2.0
1040.67 1.67
1042.89 1.72
1045.29 1.96
1047.2 0.38
1049.07 1.67
1050.81 1.72
1052.99 2.04
1054.65 2.04
1057.07 2.04
1059.42 1.87
1062.65 1.98
1063.9 1.67
1064.84 0.63
1066.82 0.54
1068.82 1.82
1071.4 1.99
1073.65 1.87
1075.27 1.27
1076.92 1.6
1078.34 2.01
1080.34 2.45
1081.71 2.11
1083.58 1.38
1085.89 2.03
1088.5 1.08
1090.4 2.03
1092.96 2.03
1095.17 1.57
1096.77 2.05
1098.73 1.57
1101.0 1.57
1103.34 2.0
1106.04 1.88
1108.59 1.72
1110.71 1.98
1112.35 1.98
1114.6 2.95
1117.15 1.58
1119.17 1.83
1121.08 2.91
1122.74 2.01
1125.57 1.61
1127.33 2.0
1128.91 1.72
1130.36 1.86
1131.51 2.03
1133.61 2.09
1135.15 0.59
1137.62 1.71
1140.22 1.36
1141.45 3.93
1144.13 1.98
1145.66 2.04
1147.73 1.99
1148.91 2.31
1150.73 1.62
1152.68 1.99
1154.49 1.99
1155.85 2.15
1158.65 1.81
1161.72 1.61
1164.83 1.5
1166.88 1.94
1168.99 2.41
1169.64 1.33
1171.88 1.94
1174.47 1.88
1176.68 2.0
1178.68 1.59
1180.64 1.91
1182.69 1.21
1184.2 2.04
1185.91 1.9
1187.22 2.03
1189.67 1.82
1190.76 1.8
1192.9 2.02
1195.32 0.54
1197.01 2.01
1199.07 1.82
1201.34 3.2
1203.19 1.92
1205.0 1.67
1206.64 2.05
1207.41 1.89
1209.8 1.02
1212.61 2.02
1215.88 2.58
1217.48 2.05
1219.49 1.4
1220.95 2.05
1223.46 0.55
1225.75 2.03
1226.73 2.03
1228.68 2.0
1231.44 2.01
1232.84 1.42
1235.79 2.01
1236.87 4.7
1239.26 1.62
1241.76 1.86
1243.65 0.75
1245.66 1.9
1247.7 1.71
1249.51 1.84
1251.07 1.53
1252.81 1.64
1254.93 1.94
1257.91 1.42
1259.35 1.76
1260.06 2.03
1262.95 2.18
1264.83 2.08
1267.81 2.04
1270.52 1.97
1272.49 2.0
1274.44 1.52
1276.15 3.04
1277.9 1.95
1278.88 2.02
1279.63 1.78
1280.69 1.47
1283.96 2.05
1285.4 2.04
1287.37 2.03
1290.89 1.66
1292.6 1.93
1295.11 2.39
1297.56 1.82
1299.22 2.04
1301.11 1.94
1303.23 0.7
1305.67 1.91
1307.7 2.14
1309.13 0.7
1311.19 1.9
1314.22 2.01
1316.5 0.79
1318.54 1.96
1321.09 1.53
1323.36 0.73
1325.36 2.03
1328.2 1.61
1329.02 3.08
1329.78 1.08
1331.54 1.82
1333.93 1.9
1335.84 1.94
1337.45 2.12
1339.65 1.63
1341.87 1.99
1343.76 1.39
1345.57 1.57
1348.53 2.15
1349.91 2.58
1351.28 2.03
1352.95 1.5
1355.16 1.94
1356.83 2.13
1358.54 1.56
1359.38 2.02
1363.49 1.08
1365.6 2.02
1367.24 2.02
1368.39 1.71
1369.67 2.78
1371.36 1.86
1376.53 2.14
1378.63 1.78
1380.54 1.88
1381.32 2.66
1382.9 1.65
1385.2 1.89
1387.01 2.01
1389.67 1.98
1392.6 1.52
1394.14 1.5
1395.22 2.02
1397.73 1.48
1399.67 2.01
1401.73 1.68
1403.35 1.5
1405.23 2.01
1407.54 1.67
1409.71 3.14
1410.98 1.62
1412.45 2.03
1415.67 2.01
1417.22 1.37
1419.53 2.04
1421.56 1.36
1423.54 2.57
1425.3 1.76
1427.95 1.78
1429.85 2.01
1432.07 1.99
1433.8 2.03
1435.98 1.44
1437.15 3.95
1439.86 1.66
1442.39 1.55
1443.92 1.95
1445.94 1.91
1447.6 1.9
1449.89 2.02
1451.59 1.37
1453.05 1.91
1454.38 1.77
1457.16 2.15
1459.89 1.59
1462.7 2.05
1463.93 2.84
1465.05 0.45
1467.08 2.01
1470.03 1.72
1472.41 2.03
1474.39 1.67
1475.87 1.98
1477.61 2.17
1478.87 1.94
1481.38 1.82
1484.03 1.86
1485.78 2.38
1486.89 0.76
1488.77 1.75
1491.76 2.02
1493.69 1.51
1495.43 2.01
1496.63 1.5
1498.46 1.67
1500.67 2.03
1503.91 1.41
1505.67 1.98
1506.91 2.64
1508.17 1.99
1510.3 2.04
1512.82 2.02
1514.9 2.49
1516.98 1.49
1518.99 2.03
1521.49 1.87
1523.6 1.96
1526.38 1.7
1528.56 3.28
1529.86 1.68
1532.38 2.03
1534.08 2.03
1536.4 1.67
1537.38 2.01
1539.67 1.95
1541.06 2.5
1542.59 1.4
1545.39 2.02
1547.35 1.96
1549.29 1.09
1551.46 1.94
1553.62 1.94
1554.97 1.39
1557.61 2.02
1559.49 1.9
1561.54 2.17
1563.71 2.0
1566.28 1.71
1567.92 2.11
1569.8 2.07
1572.01 2.07
1574.27 2.08
1576.98 1.93
1579.78 2.03
1581.08 1.16
1582.64 1.88
1584.4 1.54
1586.9 1.71
1588.11 4.9
1589.55 2.01
1591.09 2.01
1593.24 1.61
1595.28 4.61
1597.76 1.57
1600.36 2.04
1601.96 2.19
1603.94 1.99
1605.9 1.91
1607.58 1.53
1609.96 1.67
1612.86 2.01
1614.78 2.75
1617.11 1.9
1619.5 1.91
1621.77 1.91
1622.92 3.56
1624.09 0.58
1625.24 1.29
1627.04 1.52
1630.18 3.86
1632.33 2.04
1634.02 1.67
1636.38 1.92
1638.26 1.8
1640.24 1.9
1642.56 1.49
1643.55 4.03
1645.07 1.42
1646.51 1.82
1648.25 2.03
1651.33 1.98
1654.6 1.95
1657.06 2.25
1658.81 2.02
1660.75 2.02
1662.59 1.98
1664.02 1.94
1666.12 1.72
1668.63 1.93
1670.17 0.86
1671.92 0.58
1674.49 1.98
1677.51 2.01
1679.43 2.13
1680.53 1.56
1682.36 2.02
1685.13 3.65
1686.55 1.95
1688.88 1.97
1691.06 1.57
1692.16 2.18
1692.79 1.54
1693.47 1.2
1694.69 2.15
1697.71 2.02
1699.63 1.91
1701.2 1.22
1703.54 1.71
1705.95 1.91
1710.07 2.01
1712.87 2.03
1714.96 0.09
1716.82 1.94
1718.8 1.97
1720.39 1.18
1721.21 1.94
1722.8 2.01
1724.43 1.82
1726.35 2.01
1728.02 1.82
1729.63 1.91
1730.72 1.75
1731.87 2.02
1733.88 1.67
1735.89 2.48
1737.88 3.68
1739.88 4.88
1741.88 4.11
1743.89 6.05
1745.88 7.41
1747.9 8.22
1749.88 4.22
1751.89 8.76
1753.87 9.5
1755.8 4.68
1757.86 10.01
1759.9 10.49
1761.88 9.92
1763.89 1.26
1765.87 1.88
1767.89 3.66
1769.88 10.83
1771.89 2.83
1773.88 6.28
1775.9 12.34
1777.87 8.47
1779.88 5.88
1781.89 13.16
1783.9 6.76
1785.87 13.72
1787.9 13.72
1789.88 6.44
1791.9 6.14
1793.87 11.1
1795.89 11.36
1797.89 12.37
1799.9 13.08
1801.87 12.77
1803.77 4.86
1805.87 10.36
1807.89 13.61
1809.88 13.95
1811.89 2.55
1813.87 11.87
1815.92 7.15
1817.87 10.94
1819.89 5.27
1821.87 2.86
1823.9 12.08
1825.88 10.08
1827.78 7.97
1829.87 4.5
1832.7 1.87
1836.03 1.99
1840.03 1.55
1844.26 2.32
1847.33 2.05
1848.12 1.47
1850.11 2.08
1851.67 0.82
1853.14 1.92
1855.12 1.88
1856.52 1.91
1857.86 3.29
1860.38 1.85
1862.59 1.99
1864.12 3.02
1865.9 1.9
1869.17 1.64
1871.68 1.82
1875.72 1.91
1877.46 0.35
1879.83 2.01
1881.03 2.02
1882.43 1.86
1884.73 0.9
1886.01 0.97
1889.01 1.94
1892.0 1.71
1893.74 1.9
1895.54 2.12
1897.09 2.08
1899.06 4.38
1901.32 0.31
1903.63 2.04
1905.61 1.29
1907.41 1.82
1908.5 1.86
1910.5 2.04
1912.54 1.67
1915.38 1.86
1918.73 1.94
1920.78 1.94
1922.31 2.01
1923.27 1.45
1925.29 1.55
1926.89 1.42
1929.44 1.55
1931.96 1.92
1933.67 2.85
1934.85 1.9
1937.76 1.77
1940.78 1.9
1941.42 1.59
1943.08 1.93
1945.33 2.05
1947.43 2.17
1949.5 2.0
1952.07 1.51
1954.15 2.08
1955.12 0.65
1957.85 1.71
1960.79 2.07
1962.44 1.66
1964.4 1.98
1966.05 1.83
1968.52 2.01
1971.52 2.02
1972.85 2.02
1975.04 2.78
1977.38 1.67
1979.77 1.95
1981.84 3.49
1983.99 1.99
1985.71 1.91
1987.39 1.44
1988.64 2.07
1991.4 1.79
1993.46 1.93
1995.11 3.01
1996.91 1.33
1998.93 1.99
2001.38 1.67
2002.86 1.64
2004.34 1.76
2006.32 1.83
2009.0 3.69
2012.02 1.46
2014.15 2.04
2015.21 2.54
2017.12 2.03
2019.7 1.49
2021.9 3.89
2024.14 2.04
2026.26 2.05
2027.95 2.14
2029.45 1.83
2031.76 2.01
2034.45 3.27
2036.09 1.97
2038.17 1.95
2040.57 1.94
2042.27 2.14
2043.93 1.76
2045.43 1.67
2046.71 2.02
2048.31 1.95
2049.86 1.67
2051.64 1.53
2054.74 1.57
2056.42 1.81
2057.5 0.27
2058.7 1.94
2061.75 0.46
2064.77 1.92
2066.56 1.57
2067.92 1.86
2069.1 4.04
2071.77 2.0
2073.8 1.89
2076.54 1.65
2078.93 2.05
2080.83 2.04
2081.94 3.06
2084.96 1.9
2087.84 2.06
2089.58 1.91
2091.52 1.65
2093.77 1.92
2095.2 3.22
2097.18 1.47
2098.99 1.99
2100.31 1.65
2102.08 1.26
2103.88 2.01
2105.28 1.64
2107.58 2.16
2109.84 1.97
2112.12 1.95
2114.62 2.76
2115.61 0.9
2117.78 1.78
2120.51 1.61
2122.85 2.12
2124.76 1.46
2127.14 2.01
2129.22 1.86
2131.78 1.83
2133.78 1.84
2135.81 1.87
2137.39 1.99
2139.19 1.53
2141.25 0.66
2143.53 2.0
2145.69 1.93
2147.76 2.98
2149.3 1.89
2151.46 1.5
2152.7 1.84
2154.02 1.91
2154.6 3.14
2157.1 1.36
2160.56 1.9
2162.65 1.82
2164.85 1.93
2166.78 2.04
2168.45 0.67
2170.53 2.02
2171.71 2.02
2172.73 2.0
2174.28 2.04
2175.63 0.74
2177.5 2.01
2181.11 1.97
2182.91 2.02
2186.56 1.3
2189.07 0.59
2190.93 2.03
2193.11 1.83
2196.21 1.01
2198.28 2.03
2200.15 1.71
2201.74 3.84
2203.66 1.73
2205.48 2.03
2208.25 1.66
2210.84 2.02
2212.1 1.56
2213.61 1.61
2215.1 2.26
2217.1 2.03
2220.02 1.92
2221.74 2.01
2222.71 3.49
2224.52 1.97
2226.49 1.94
2228.73 2.37
2231.29 1.83
2233.71 1.89
2235.23 3.37
2237.08 1.49
2239.78 1.86
2240.96 1.76
2241.95 2.36
2242.75 1.51
2244.06 1.45
2249.83 3.8
2252.51 1.64
2254.17 1.99
2256.88 1.6
2257.45 1.89
2258.54 1.68
2261.63 1.32
2263.75 3.56
2266.3 1.61
2268.82 2.03
2270.09 3.85
2271.29 1.17
2272.62 1.54
2273.13 1.95
2277.33 2.15
2280.04 2.02
2282.65 1.44
2284.68 0.91
2286.59 1.78
2288.82 2.01
2291.23 2.84
2292.61 1.88
2293.82 1.91
2295.46 2.02
2297.11 2.38
2298.96 2.04
2303.03 1.29
2304.84 1.49
2307.41 2.03
2310.18 1.86
2312.13 1.93
2313.87 1.95
2316.07 1.88
2317.66 3.99
2319.04 2.03
2321.09 1.9
2323.35 1.82
2325.32 2.04
2327.32 2.03
2329.83 1.71
2330.73 3.68
2331.49 0.32
2332.26 1.66
2333.4 1.82
2338.2 1.99
2339.72 1.82
2341.35 2.04
2344.08 2.07
2346.85 1.66
2348.51 2.05
2350.67 0.54
2352.74 3.06
2353.79 0.83
2354.63 0.92
2356.58 2.02
2358.88 1.97
2360.72 2.65
2363.04 2.02
2365.3 2.02
2367.84 2.92
2370.21 1.6
2372.61 2.02
2374.27 2.9
2375.93 1.9
2378.32 1.47
2379.84 2.01
2381.45 1.39
2384.51 1.84
2387.69 2.81
2389.6 1.42
2391.7 2.01
2393.78 2.48
2395.01 1.33
2397.42 1.85
2400.07 2.59
2400.79 3.96
2402.22 1.94
2403.78 1.81
2406.53 2.14
2408.17 0.69
2410.33 2.04
2412.3 2.04
2414.44 2.02
2416.78 1.92
2419.21 1.94
2421.46 2.75
2423.44 2.01
2425.54 2.01
2427.56 2.01
2429.19 0.29
2430.88 1.92
2432.85 1.44
2435.43 2.01
2437.03 1.47
2438.04 1.9
2439.73 1.89
2442.63 2.21
2444.85 2.02
2446.18 1.76
2447.35 1.96
2449.28 2.07
2450.8 2.04
2452.28 1.82
2455.07 2.04
2457.51 2.05
2459.67 1.83
2462.37 3.17
2465.38 1.94
2467.63 1.93
2469.8 2.06
2471.73 1.72
2473.19 2.05
2474.07 2.03
2475.34 1.01
2476.83 2.0
2479.17 1.55
2482.87 2.18
2485.36 1.47
2487.29 2.02
2489.19 0.52
2491.03 2.01
2493.19 2.01
2495.37 2.1
2497.22 1.9
2499.55 1.61
2501.73 1.34
2503.54 1.49
2505.7 2.02
2507.87 2.03
2509.92 3.16
2511.77 1.63
2514.07 1.82
2515.7 2.01
2517.08 2.01
2519.23 1.27
2521.09 1.97
2523.44 2.02
2525.72 0.4
2527.05 1.87
2528.57 1.77
2530.21 2.0
2532.49 1.49
2533.62 3.81
2536.22 1.81
2537.71 1.93
2539.0 2.01
2541.46 2.06
2542.83 2.18
2544.31 1.61
2546.34 0.93
2548.34 1.9
2550.3 1.71
2552.79 3.3
2555.16 1.76
2557.59 1.86
2559.93 0.76
2561.66 1.91
2564.28 2.02
2566.75 1.37
2569.38 1.95
2570.03 1.99
2572.04 2.06
2574.02 3.27
2576.06 3.11
2578.03 3.53
2580.05 3.93
2582.03 3.8
2584.06 5.37
2586.04 6.13
2588.04 6.13
2590.03 6.13
2592.04 7.61
2594.04 7.61
2596.05 7.61
2598.03 9.2
2600.06 9.2
2602.03 11.02
2604.04 13.06
2607.57 1.96
2613.96 2.02
2617.19 2.84
2618.81 1.94
2621.76 2.03
2624.77 1.83
2626.93 2.03
2629.29 2.03
2630.86 1.14
2632.98 1.82
2634.73 2.0
2637.1 0.54
2638.27 1.48
2640.82 1.43
2642.87 2.03
2644.4 3.96
2646.77 1.61
2648.9 1.86
2651.66 0.73
2653.54 2.01
2655.6 1.83
2657.56 1.71
2659.22 1.86
2660.92 1.67
2663.15 2.15
2665.28 1.95
2667.09 0.87
2669.02 2.05
2671.26 1.79
2672.82 4.32
2675.41 1.83
2677.93 1.79
2679.82 1.14
2681.35 1.72
