0.0 6.97
0.74 186.36
2.56 11.82
4.74 147.07
6.74 167.61
8.74 15.54
10.75 100.18
12.75 11.24
14.75 152.28
16.76 156.28
18.76 181.71
20.77 159.18
22.77 14.46
24.77 159.84
26.59 1.31
28.78 88.19
30.78 160.67
32.78 15.13
34.78 185.52
36.79 1.28
38.79 121.19
40.8 74.67
42.79 15.1
44.79 157.22
46.8 15.02
48.8 67.2
50.62 11.96
52.8 158.08
54.8 110.56
56.81 14.68
58.81 121.93
60.81 11.14
62.81 171.26
64.82 170.63
66.82 164.75
68.82 105.79
70.82 5.28
72.82 154.85
74.64 2.05
76.82 188.0
78.83 162.36
80.83 14.94
82.84 172.95
84.83 1.28
86.84 129.23
88.84 93.67
90.84 101.52
92.84 168.29
94.84 13.64
96.85 152.73
98.67 10.43
100.85 160.8
102.85 154.72
104.85 14.49
106.86 183.36
108.87 2.25
110.86 100.3
112.86 157.09
114.87 16.86
116.87 112.71
118.87 14.09
120.87 167.74
122.7 10.3
124.87 175.27
126.88 117.73
128.88 13.45
130.88 165.07
132.88 12.68
134.88 158.51
136.89 84.58
138.89 16.67
140.9 63.61
142.9 15.16
144.9 151.32
146.71 11.41
148.91 164.56
150.9 4.93
152.91 14.15
154.91 51.66
156.91 12.13
158.92 89.02
160.92 123.68
162.92 94.61
164.92 168.25
166.92 14.27
168.92 174.72
170.75 8.65
172.93 156.47
174.93 180.24
176.93 13.59
178.93 97.94
180.93 7.9
182.94 151.44
184.94 167.16
186.94 157.0
188.94 145.46
190.95 11.35
192.95 155.77
194.95 13.23
196.95 107.71
198.95 56.89
200.96 0.99
202.95 87.97
204.96 14.34
206.96 159.2
208.96 176.06
210.96 4.52
212.97 150.59
214.97 13.97
216.97 0.69
218.97 1.45
220.97 128.42
222.97 118.47
224.98 13.97
226.98 160.01
228.98 13.94
230.98 165.76
232.98 134.49
234.99 29.97
236.99 71.52
238.74 11.63
241.0 159.98
243.0 11.82
245.0 151.2
247.0 142.63
249.0 15.82
251.0 142.07
253.0 14.97
255.01 134.42
257.01 161.84
259.01 15.92
261.01 46.61
263.02 0.99
265.02 60.25
267.02 12.34
269.03 39.43
271.03 155.89
273.03 1.91
275.03 124.78
277.03 14.76
279.03 150.99
281.04 154.69
283.04 176.33
285.04 133.51
287.04 1.45
288.81 161.05
291.06 15.37
293.06 200.3
294.82 200.3
297.07 1.36
299.07 156.21
301.07 12.89
303.07 122.29
305.08 107.63
306.83 138.86
309.08 158.0
311.09 13.47
312.84 159.7
315.09 14.32
317.09 161.61
318.84 98.87
321.09 1.17
322.84 131.17
324.85 2.18
327.1 164.5
328.92 13.33
331.1 158.75
333.11 154.15
335.11 9.06
337.11 112.75
339.11 12.9
341.11 141.73
342.86 162.35
344.87 1.04
347.12 171.65
349.12 15.68
351.12 181.44
352.94 13.94
355.13 159.63
357.13 107.13
359.13 9.85
361.13 107.15
363.13 15.44
365.14 166.33
367.14 161.4
369.15 1.02
371.14 142.31
373.14 1.53
375.15 177.47
376.9 156.94
378.9 167.79
380.9 178.46
382.9 8.81
384.91 150.04
386.91 14.46
388.91 174.81
390.91 169.38
393.16 15.13
395.17 92.62
397.17 11.41
399.17 163.71
401.0 12.01
403.18 162.36
404.93 149.94
407.18 13.74
409.18 3.08
411.18 15.9
413.19 49.69
415.2 158.1
416.94 190.9
418.94 65.62
420.94 12.38
422.94 180.12
424.95 110.51
427.2 142.65
428.95 103.18
430.95 8.98
432.95 78.08
435.21 15.54
437.21 44.49
438.96 123.61
440.97 12.04
442.97 91.2
444.97 14.79
446.97 103.23
449.05 12.17
450.98 161.53
452.98 163.69
455.23 11.81
457.23 100.72
459.23 14.8
461.23 171.41
463.24 153.74
465.24 16.63
467.01 134.93
468.99 6.93
471.24 104.78
473.08 13.19
475.0 88.28
477.0 99.0
479.0 99.13
481.25 99.13
483.01 97.08
485.26 111.19
487.01 111.19
489.26 79.62
491.01 103.44
493.27 97.62
495.27 120.07
497.02 128.39
499.02 81.27
501.02 110.07
503.03 13.25
505.03 80.65
507.03 1.71
509.28 125.99
511.28 153.22
513.29 144.0
515.29 97.54
517.04 13.28
519.04 151.51
521.04 154.23
523.3 153.9
525.3 166.54
527.05 1.44
529.3 169.83
531.3 14.86
533.06 154.99
535.31 161.76
537.31 113.39
539.06 103.16
541.07 15.13
543.07 138.34
545.14 13.81
547.07 95.53
549.07 174.32
551.32 11.35
553.33 173.29
555.33 4.91
557.33 170.12
559.34 178.48
561.34 169.99
563.34 131.24
565.34 13.99
567.34 63.3
569.09 157.69
571.09 165.54
573.35 175.09
575.35 13.31
577.35 93.79
579.35 12.21
581.36 161.9
583.36 163.43
585.36 162.62
587.36 159.61
589.36 1.35
591.37 157.26
593.37 12.97
595.12 154.61
597.37 113.07
599.37 15.63
601.38 145.56
603.38 0.98
605.14 26.17
607.38 85.08
609.39 16.51
611.14 157.43
613.14 1.64
615.15 143.99
617.14 14.54
619.15 6.47
621.15 131.18
623.15 13.16
625.15 91.87
627.4 6.49
629.41 147.4
631.41 98.81
633.41 181.99
635.41 80.59
637.41 14.77
639.42 133.92
641.42 13.44
643.42 113.53
645.42 148.66
647.43 14.64
649.43 166.77
651.43 9.29
653.43 155.29
655.43 162.89
657.18 165.11
659.18 154.97
661.19 9.93
663.44 175.06
665.19 12.73
667.44 170.43
669.44 170.92
671.45 15.73
673.45 170.74
675.2 2.57
677.2 159.07
679.2 114.24
681.21 177.45
683.46 106.23
685.46 13.81
687.46 41.45
689.47 13.94
691.47 29.81
693.47 54.76
695.47 54.76
697.22 68.15
699.22 62.7
701.48 70.55
703.23 70.55
705.48 81.74
707.48 64.58
709.48 64.58
711.24 76.37
713.24 90.35
715.24 60.04
717.24 60.04
719.25 90.26
721.5 96.9
723.51 96.9
725.5 113.98
727.5 79.66
729.51 124.35
731.51 95.92
733.51 14.66
735.51 7.24
737.51 1.26
739.27 75.89
741.27 125.88
743.27 12.86
745.27 72.58
747.52 0.95
749.28 152.77
751.28 150.53
753.28 183.11
755.3 156.49
757.3 1.4
759.3 187.07
761.3 14.7
763.56 135.91
765.56 103.18
767.31 14.64
769.56 137.48
771.31 0.96
773.32 91.69
775.32 77.23
777.32 103.03
779.32 102.21
781.32 100.42
783.33 124.69
785.34 130.65
787.33 98.58
789.33 96.99
791.34 123.64
793.59 128.78
795.59 1.67
797.59 117.87
799.34 152.2
801.34 86.25
803.35 150.39
805.35 15.21
807.35 100.39
809.6 14.63
811.36 124.11
813.36 131.44
815.36 14.86
817.36 145.58
819.36 105.37
821.62 164.44
823.37 88.47
825.37 173.56
827.37 174.77
829.37 12.75
831.38 41.62
833.38 15.46
835.38 165.76
837.38 174.49
839.38 15.65
841.64 158.98
843.64 9.66
845.39 168.14
847.39 172.68
849.4 155.33
851.4 156.41
853.4 11.69
855.65 168.51
857.65 6.84
859.66 169.53
861.41 143.77
863.41 14.44
865.41 109.94
867.41 1.9
869.42 167.33
871.42 59.5
873.42 157.45
875.42 153.14
877.42 13.75
879.42 112.17
881.42 15.13
883.43 164.29
885.43 174.96
887.44 11.48
889.44 115.02
891.44 6.55
893.44 196.33
895.44 172.76
897.44 164.97
899.44 141.25
901.45 15.88
903.45 108.86
905.46 14.21
907.7 132.62
909.71 161.38
911.71 149.61
913.71 167.14
915.46 14.45
917.72 176.42
919.47 152.67
921.47 156.09
923.47 56.27
925.47 15.89
927.47 163.92
929.48 10.61
931.73 175.49
933.48 162.43
935.48 14.06
937.48 155.88
939.49 11.93
941.49 162.35
943.49 161.0
945.74 174.23
947.49 164.86
949.5 13.8
951.5 166.23
953.51 12.16
955.5 166.48
957.76 176.87
959.51 105.34
961.51 182.92
963.51 5.42
965.52 99.66
967.51 1.31
969.52 163.0
971.52 162.56
973.52 12.62
975.77 135.61
977.52 14.77
979.53 94.18
981.53 164.31
983.53 180.49
985.53 171.76
987.54 14.78
989.79 108.06
991.79 14.07
993.54 86.09
995.54 127.43
997.79 15.64
999.54 91.95
1001.55 2.79
1003.55 80.31
1005.55 43.68
1007.55 14.37
1009.56 36.38
1011.81 70.3
1013.56 80.36
1015.56 83.49
1017.81 85.4
1019.56 81.74
1021.57 81.74
1023.57 81.74
1025.58 58.25
1027.57 77.25
1029.58 85.81
1031.58 85.81
1033.58 85.81
1035.58 103.43
1037.84 114.86
1039.59 13.44
1041.84 76.21
1043.59 110.43
1045.84 110.43
1047.6 109.34
1049.6 100.26
1051.6 100.26
1053.6 100.26
1055.6 14.7
1057.61 91.13
1059.61 14.83
1061.61 93.56
1063.61 96.09
1065.61 96.12
1067.62 92.45
1069.62 104.51
1071.62 104.51
1073.62 104.51
1075.62 104.51
1077.63 104.51
1079.63 104.51
1081.63 104.51
1083.63 99.44
1085.64 99.53
1087.89 106.23
1089.64 106.49
1091.64 102.02
1093.64 93.87
1095.64 73.86
1097.65 99.63
1099.9 89.56
1101.65 142.49
1103.65 114.27
1105.91 124.67
1107.66 131.07
1109.66 114.1
1111.66 14.49
1113.66 118.14
1115.66 145.23
1117.67 1.32
1119.67 126.25
1121.67 6.67
1123.92 111.58
1125.67 94.58
1127.69 89.76
1129.68 117.54
1131.68 10.97
1133.68 165.08
1135.68 15.36
1137.94 136.43
1139.94 150.59
1141.69 11.63
1143.7 104.02
1145.7 14.36
1147.7 160.7
1149.7 155.29
1151.7 155.43
1153.7 159.83
1155.71 13.03
1157.71 43.6
1159.71 13.13
1161.72 153.77
1163.71 151.14
1165.72 14.23
1167.72 174.27
1169.98 13.69
1171.72 93.54
1173.72 34.65
1175.72 57.34
1177.98 151.72
1179.99 12.74
1181.73 106.38
1183.73 10.72
1185.74 32.97
1187.75 35.18
1189.74 1.38
1191.74 86.81
1193.99 12.4
1195.75 149.68
1197.75 156.04
1199.75 128.63
1201.75 146.5
1203.76 2.02
1205.76 146.82
1207.76 78.06
1209.76 130.41
1211.76 153.68
1213.76 12.13
1215.77 163.61
1217.8 15.06
1219.79 161.68
1221.79 156.05
1223.79 158.87
1225.79 154.83
1227.79 14.31
1229.8 141.9
1231.8 13.07
1233.8 143.62
1235.8 181.73
1237.81 12.47
1239.81 146.13
1241.81 12.67
1243.81 80.54
1245.82 68.99
1247.82 86.76
1249.82 52.87
1251.82 47.77
1253.82 47.77
1255.82 47.77
1257.83 47.77
1259.83 47.77
1261.83 47.77
1263.83 47.77
1265.84 47.77
1267.84 47.77
1269.84 47.77
1271.84 47.77
1273.84 87.73
1275.84 104.83
1277.85 130.63
1279.85 13.37
1281.85 117.71
1283.85 126.36
1285.85 129.57
1287.86 95.77
1289.86 12.59
1291.86 40.54
1293.86 32.25
1295.87 46.31
1297.87 45.3
1299.88 61.85
1301.88 61.99
1303.88 60.01
1305.88 60.01
1307.88 60.01
1309.89 60.01
1311.89 69.32
1313.89 83.77
1315.9 93.93
1317.91 107.25
1319.9 103.9
1321.91 88.21
1323.91 107.15
1325.91 121.93
1327.92 124.64
1329.92 67.01
1331.92 158.97
1333.92 14.73
1335.92 111.72
1337.93 14.4
1339.93 40.11
1341.93 106.68
1343.93 123.54
1345.94 122.71
1347.93 1.53
1349.94 114.89
1351.94 138.68
1353.94 149.43
1355.94 98.7
1357.95 15.66
1359.95 46.49
1361.96 2.19
1363.95 130.84
1365.95 14.69
1367.96 133.54
1369.96 167.33
1371.96 11.09
1373.98 28.88
1375.98 14.31
1377.98 153.42
1379.99 69.53
1381.98 179.14
1383.99 189.87
1385.99 9.28
1387.99 70.06
1390.0 13.1
1392.0 167.21
1394.0 172.04
1396.0 4.08
1398.0 170.2
1400.0 10.93
1402.01 168.72
1404.01 157.77
1406.01 166.54
1408.02 111.67
1410.01 1.48
1412.02 56.19
1414.02 13.0
1416.02 168.74
1418.02 140.73
1420.02 13.05
1422.03 133.08
1424.03 13.8
1426.03 111.43
1428.03 121.81
1430.03 123.98
1432.04 68.21
1434.04 9.41
1436.04 145.19
1438.04 13.22
1440.04 167.36
1442.05 30.01
1444.05 14.17
1446.05 63.96
1448.05 14.87
1450.05 70.23
1452.06 70.23
1454.06 71.11
1456.06 56.85
1458.06 64.89
1460.07 64.89
1462.07 44.05
1464.07 44.05
1466.07 44.05
1468.07 72.28
1470.07 89.5
1472.08 94.4
1474.08 93.9
1476.09 75.66
1478.08 98.76
1480.09 82.36
1482.09 111.66
1484.09 106.04
1486.09 14.67
1488.09 82.87
1490.09 115.94
1492.1 1.03
1494.1 52.48
1496.1 112.12
1498.1 112.12
1500.11 112.12
1502.11 140.44
1504.11 137.58
1506.12 12.74
1508.11 141.14
1510.12 12.82
1512.12 94.93
1514.12 168.26
1516.12 12.16
1518.12 39.57
1520.12 15.46
1522.13 99.8
1524.13 109.9
1526.13 97.2
1528.13 89.91
1530.14 89.91
1532.14 100.57
1534.15 14.95
1536.15 6.73
1538.15 62.89
1540.16 15.92
1542.16 92.85
1544.16 14.13
1546.17 121.88
1548.18 78.78
1550.18 136.34
1552.18 166.8
1554.18 1.73
1556.18 154.32
1558.18 9.05
1560.18 78.88
1562.18 38.68
1564.19 15.72
1566.19 2.37
1568.19 66.64
1570.19 66.64
1572.19 70.69
1574.2 83.47
1576.2 81.69
1578.2 78.52
1580.2 79.9
1582.21 91.26
1584.21 91.26
1586.21 91.26
1588.22 91.26
1590.21 91.26
1592.22 91.26
1594.22 91.26
1596.22 97.98
1598.22 75.87
1600.22 100.25
1602.23 94.98
1604.23 111.19
1606.23 136.2
1608.23 133.42
1610.23 133.42
1612.23 14.96
1614.24 14.22
1616.24 14.33
1618.24 109.48
1620.24 109.87
1622.25 69.64
1624.25 135.44
1626.25 2.71
1628.26 146.37
1630.25 2.57
1632.26 165.8
1634.26 171.03
1636.26 14.76
1638.26 163.85
1640.26 4.66
1642.27 159.86
1644.27 167.99
1646.27 164.73
1648.27 153.15
1650.28 10.53
1652.27 172.07
1654.28 14.78
1656.28 108.32
1658.28 177.46
1660.28 14.31
1662.29 98.64
1664.29 7.93
1666.29 151.93
1668.29 88.89
1670.29 112.72
1672.3 138.09
1674.3 13.6
1676.3 81.3
1678.3 10.92
1680.31 158.08
1682.31 161.96
1684.31 15.07
1686.31 154.29
1688.31 12.3
1690.32 122.15
1692.33 15.43
1694.32 155.62
1696.32 167.8
1698.32 15.69
1700.32 159.19
1702.33 6.87
1704.33 121.44
1706.33 153.59
1708.33 11.22
1710.34 111.03
1712.34 11.07
1714.34 106.02
1716.35 15.67
1718.34 121.48
1720.34 112.81
1722.35 11.78
1724.36 124.85
1726.36 14.75
1728.35 96.76
1730.35 92.23
1732.36 14.25
1734.36 89.6
1736.37 1.69
1738.36 112.84
1740.37 15.83
1742.37 142.11
1744.37 116.94
1746.37 14.41
1748.37 116.43
1750.38 1.94
1752.38 111.42
1754.38 115.75
1756.38 128.76
1758.38 80.8
1760.39 11.85
1762.39 122.32
1764.39 13.09
1766.39 106.09
1768.39 96.86
1770.4 15.51
1772.4 114.16
1774.4 11.57
1776.4 116.1
1778.4 101.11
1780.41 83.54
1782.42 122.72
1784.41 9.53
1786.41 83.69
1788.42 2.04
1790.42 98.24
1792.43 122.16
1794.42 10.59
1796.42 97.42
1798.43 14.93
1800.43 94.22
1802.43 107.59
1804.43 123.56
1806.43 0.67
1808.43 126.47
1810.44 124.36
1812.44 14.57
1814.44 123.4
1816.44 115.6
1818.45 15.11
1820.45 115.29
1822.45 1.65
1824.46 94.32
1826.45 170.47
1828.46 165.48
1830.46 159.75
1832.46 5.17
1834.46 174.19
1836.47 11.53
1838.46 171.94
1840.48 118.6
1842.47 14.63
1844.47 177.14
1846.47 8.89
1848.47 160.72
1850.48 162.27
1852.48 158.91
1854.49 153.8
1856.48 9.71
1858.48 108.14
1860.49 12.3
1862.49 164.08
1864.49 154.02
1866.5 14.0
1868.5 136.7
1870.5 1.4
1872.5 94.82
1874.51 119.79
1876.5 145.28
1878.51 80.65
1880.51 11.04
1882.52 127.14
1884.51 2.96
1886.52 78.88
1888.52 122.95
1890.52 14.99
1892.52 155.7
1894.54 6.65
1896.52 112.22
1898.53 123.22
1900.53 152.99
1902.53 156.92
1904.53 0.34
1906.53 151.87
1908.54 1.67
1910.54 161.38
1912.54 134.5
1914.54 12.39
1916.54 125.22
1918.55 0.79
1920.55 136.31
1922.55 145.14
1924.55 113.94
1926.56 103.05
1928.56 13.93
1930.56 121.62
1932.56 14.99
1934.56 90.56
1936.56 115.39
1938.57 93.3
1940.57 98.68
1942.57 16.03
1944.58 110.87
1946.57 61.07
1948.58 135.38
1950.58 119.9
1952.58 1.49
1954.58 128.52
1956.6 134.18
1958.59 134.18
1960.59 129.5
1962.59 13.0
1964.6 124.47
1966.6 15.07
1968.6 143.94
1970.61 155.65
1972.6 154.16
1974.6 92.18
1976.61 157.75
1978.61 107.96
1980.61 14.15
1982.61 72.6
1984.62 149.06
1986.61 14.43
1988.62 133.69
1990.62 12.53
1992.62 146.27
1994.62 113.89
1996.62 106.04
1998.63 139.73
2000.63 13.8
2002.63 66.88
2004.63 12.76
2006.63 129.32
2008.64 71.31
2010.64 2.67
2012.64 156.3
2014.64 14.38
2016.65 145.17
2018.65 115.44
2020.65 113.81
2022.65 132.55
2024.66 1.76
2026.66 112.86
2028.66 12.41
2030.66 102.41
2032.66 117.02
2034.66 13.12
2036.67 114.2
2038.67 113.46
2040.67 106.09
2042.67 99.67
2044.67 113.73
2046.68 126.21
2048.68 1.47
2050.68 72.42
2052.68 118.68
2054.68 118.06
2056.69 115.01
2058.69 130.84
2060.69 118.25
2062.69 134.75
2064.69 121.45
2066.7 115.38
2068.7 132.96
2070.7 93.23
2072.7 12.47
2074.7 101.55
2076.71 15.76
2078.71 144.55
2080.71 106.93
2082.72 11.42
2084.72 112.12
2086.72 12.57
2088.72 145.46
2090.72 13.53
2092.72 127.21
2094.73 95.94
2096.73 13.59
2098.73 114.31
2100.73 122.23
2102.74 109.93
2104.74 112.07
2106.74 139.91
2108.74 120.07
2110.74 12.23
2112.74 125.33
2114.74 15.71
2116.75 136.33
2118.75 99.16
2120.75 12.14
2122.75 87.91
2124.76 14.08
2126.76 122.84
2128.76 143.44
2130.76 14.89
2132.76 131.95
2134.77 14.8
2136.77 91.42
2138.77 12.81
2140.77 133.32
2142.78 113.2
2144.78 2.58
2146.78 136.05
2148.78 14.2
2150.78 148.31
2152.78 146.56
2154.78 14.75
2156.79 131.54
2158.79 11.96
2160.79 107.5
2162.79 14.09
2164.79 141.84
2166.8 130.8
2168.8 13.12
2170.8 141.75
2172.8 14.42
2174.81 145.77
2176.81 164.31
2178.81 13.17
2180.81 93.14
2182.82 1.65
2184.82 138.56
2186.82 13.03
2188.82 104.99
2190.82 104.02
2192.83 129.85
2194.83 136.23
2196.83 13.19
2198.83 117.67
2200.83 124.0
2202.84 17.32
2204.84 114.42
2206.84 15.02
2208.84 118.57
2210.86 15.06
2212.86 115.73
2214.86 97.49
2216.87 13.49
2218.87 121.51
2220.87 109.46
2222.87 109.46
2224.88 105.33
2226.88 18.31
2228.88 98.97
2230.88 1.79
2232.89 103.1
2234.88 131.97
2236.89 131.97
2238.89 121.01
2240.89 11.16
2242.89 104.37
2244.9 10.76
2246.9 132.29
2248.9 135.94
2250.9 116.83
2252.9 101.52
2254.9 5.48
2256.91 106.01
2258.91 13.84
2260.91 135.87
2262.91 98.58
2264.92 11.47
2266.92 119.51
2268.92 130.72
2270.92 114.08
2272.92 114.19
2274.92 125.14
2276.93 131.38
2278.93 121.03
2280.93 134.28
2282.93 14.1
2284.94 126.12
2286.94 146.8
2288.94 13.41
2290.94 137.67
2292.94 7.91
2294.95 129.41
2296.95 147.45
2298.95 17.74
2300.95 144.05
2302.96 10.32
2304.96 127.52
2306.96 15.36
2308.96 79.57
2310.96 128.01
2312.96 12.29
2314.97 136.89
2316.97 1.54
2318.97 134.9
2320.97 106.93
2322.97 120.18
2324.97 139.96
2326.98 14.95
2328.98 126.38
2330.98 15.18
2332.99 114.52
2334.99 102.46
2336.99 14.17
2339.0 9.87
2340.99 1.92
2343.0 95.24
2345.0 128.04
2347.0 102.07
2349.0 67.19
2351.0 14.0
2353.0 85.89
2355.0 121.34
2357.01 121.34
2359.01 121.34
2361.01 14.08
2363.02 96.44
2365.02 14.21
2367.02 60.63
2369.02 78.86
2371.02 101.81
2373.02 115.49
2375.03 1.93
2377.03 108.63
2379.03 14.69
2381.03 27.84
2383.03 78.5
2385.04 84.25
2387.04 108.55
2389.05 84.58
2391.05 81.38
2393.05 105.13
2395.05 66.57
2397.05 98.05
2399.05 98.05
2401.05 104.13
2403.06 104.13
2405.06 104.13
2407.06 96.39
2409.06 90.72
2411.06 89.16
2413.06 97.37
2415.07 102.46
2417.07 102.46
2419.07 88.75
2421.07 93.68
2423.07 76.41
2425.08 102.12
2427.08 13.8
2429.08 108.96
2431.08 113.62
2433.09 15.12
2435.09 140.83
2437.09 1.55
2439.09 171.55
2441.1 153.88
2443.1 158.69
2445.1 169.42
2447.1 14.74
2449.1 182.54
2451.11 10.47
2453.11 166.8
2455.11 19.7
2457.11 13.56
2459.12 144.33
2461.11 11.66
2463.11 47.73
2465.12 40.55
2467.12 84.73
2469.12 44.25
2471.12 110.01
2473.13 110.01
2475.13 85.89
2477.13 85.89
2479.13 87.72
2481.14 87.72
2483.14 115.63
2485.14 87.31
2487.14 87.31
2489.14 15.03
2491.15 126.3
2493.15 105.95
2495.15 120.51
2497.15 113.15
2499.15 3.81
2501.16 56.0
2503.16 126.0
2505.16 130.94
2507.16 130.94
2509.16 136.23
2511.18 106.31
2513.17 14.78
2515.17 94.14
2517.17 80.94
2519.17 14.95
2521.18 95.37
2523.18 92.72
2525.18 89.33
2527.18 86.06
2529.2 90.12
2531.19 92.51
2533.19 99.0
2535.19 97.74
2537.19 77.01
2539.2 79.61
2541.2 89.15
2543.2 102.72
2545.2 99.12
2547.2 102.52
2549.2 105.69
2551.2 87.11
2553.21 79.75
2555.21 79.75
2557.23 12.89
2559.22 79.7
2561.22 96.42
2563.22 107.2
2565.22 107.2
2567.22 13.86
2569.22 120.56
2571.23 12.01
2573.23 123.68
2575.23 161.38
2577.23 140.37
2579.23 98.3
2581.23 11.68
2583.24 153.52
2585.24 14.47
2587.24 168.78
2589.24 144.09
2591.25 15.27
2593.25 180.76
2595.25 9.3
2597.25 164.2
2599.25 136.09
2601.26 151.18
2603.26 114.57
2605.26 1.34
2607.26 142.61
2609.27 13.85
2611.27 148.79
2613.27 120.04
2615.27 14.21
2617.27 142.33
2619.28 6.88
2621.28 138.68
2623.28 170.54
2625.28 174.52
2627.29 188.27
2629.29 14.42
2631.29 164.26
2633.29 15.18
2635.29 128.66
2637.3 150.45
2639.29 13.99
2641.3 168.43
2643.3 11.43
2645.3 90.79
2647.3 165.94
2649.3 16.98
2651.31 161.99
2653.31 6.02
2655.31 140.64
2657.31 0.94
2659.32 141.39
2661.32 168.23
2663.32 14.28
2665.32 153.88
2667.32 1.03
2669.33 154.95
2671.33 152.95
2673.33 150.07
2675.33 1.8
2677.34 14.35
2679.34 131.1
2681.34 10.31
2683.34 144.06
2685.34 139.18
2687.34 15.0
2689.34 159.96
2691.35 1.42
2693.35 169.05
2695.35 148.17
2697.35 157.44
2699.36 124.66
2701.36 13.96
2703.36 149.78
2705.36 11.97
2707.36 97.63
2709.36 90.32
2711.37 15.29
2713.37 88.52
2715.37 1.69
2717.38 114.57
2719.38 102.17
2721.38 101.18
2723.38 90.47
2725.38 108.86
2727.39 124.63
2729.39 12.77
2731.39 94.25
2733.39 125.42
2735.39 98.96
2737.4 109.19
2739.4 15.88
2741.4 138.66
2743.4 131.91
2745.41 118.83
2747.4 126.11
2749.41 15.02
2751.41 140.52
2753.41 1.24
2755.41 102.73
2757.41 132.28
2759.42 15.92
2761.42 130.18
2763.42 1.27
2765.43 118.79
2767.42 142.86
2769.43 131.63
2771.43 137.12
2773.43 12.12
2775.44 144.15
2777.44 11.04
2779.44 121.88
2781.44 95.06
2783.44 14.74
2785.44 132.7
2787.44 11.83
2789.45 121.07
2791.45 101.14
2793.45 118.47
2795.45 125.28
2797.46 13.58
2799.46 126.92
2801.46 51.05
2803.46 61.46
2805.46 129.27
2807.47 14.13
2809.47 135.06
2811.47 2.31
2813.47 97.45
2815.48 123.57
2817.48 125.28
2819.48 125.28
2821.48 125.28
2823.48 126.69
2825.48 12.19
2827.49 136.38
2829.49 132.95
2831.49 126.65
2833.49 126.65
2835.49 120.99
2837.5 120.52
2839.5 120.52
2841.5 124.61
2843.5 99.57
2845.5 11.16
2847.5 111.44
2849.51 2.51
2851.51 113.38
2853.52 120.19
2855.51 121.8
2857.52 122.33
2859.52 14.04
2861.52 132.13
2863.52 124.57
2865.52 112.05
2867.52 122.47
2869.53 13.95
2871.53 122.22
2873.53 13.99
2875.54 131.76
2877.54 85.19
2879.54 10.85
2881.54 128.85
2883.54 13.7
2885.54 98.16
2887.55 8.49
2889.55 141.89
2891.55 125.68
2893.55 111.95
2895.56 118.15
2897.56 13.97
2899.57 74.41
2901.56 96.08
2903.56 99.56
2905.57 122.23
2907.57 108.65
2909.57 121.79
2911.57 14.23
2913.57 118.57
2915.58 97.02
2917.58 97.19
2919.58 119.36
2921.58 109.29
2923.58 127.27
2925.58 127.27
2927.59 1.3
2929.59 124.68
2931.59 93.54
2933.59 92.95
2935.6 119.11
2937.6 112.26
2939.6 121.17
2941.6 14.01
2943.6 116.83
2945.61 11.1
2947.62 126.34
2949.61 107.15
2951.61 92.79
2953.62 112.43
2955.61 122.66
2957.62 118.08
2959.62 13.81
2961.62 111.1
2963.63 113.63
2965.62 122.45
2967.63 118.94
2969.63 95.9
2971.63 123.19
2973.63 89.17
2975.64 14.83
2977.64 132.57
2979.64 14.6
2981.64 93.68
2983.64 14.79
2985.65 95.69
2987.65 106.8
2989.65 99.69
2991.65 102.33
2993.66 14.11
2995.66 89.08
2997.66 107.26
2999.66 119.14
3001.66 114.51
3003.66 13.55
3005.67 101.37
3007.67 120.53
3009.67 127.16
3011.67 140.39
3013.68 13.23
3015.68 155.57
3017.68 14.19
3019.7 137.39
3021.68 118.02
3023.69 136.03
3025.69 170.78
3027.69 10.91
3029.69 151.53
3031.71 13.28
3033.7 142.0
3035.7 139.78
3037.7 13.23
3039.7 167.82
3041.7 15.96
3043.7 140.45
3045.71 145.95
3047.71 171.57
3049.71 180.39
3051.72 8.01
3053.72 156.9
3055.72 11.86
3057.72 160.57
3059.72 151.87
3061.72 13.27
3063.73 147.0
3065.73 14.13
3067.73 116.46
3069.73 91.22
3071.73 16.97
3073.74 166.78
3075.74 14.45
3077.74 119.72
3079.74 11.46
3081.75 53.15
3083.75 128.51
3085.75 128.51
3087.75 136.33
3089.75 12.48
3091.75 154.01
3093.76 132.54
3095.76 151.67
3097.76 156.65
3099.76 0.98
3101.76 112.95
3103.76 112.95
3105.77 112.95
3107.77 112.95
3109.77 112.95
3111.78 98.61
3113.78 98.61
3115.78 98.61
3117.79 98.61
3119.78 98.61
3121.78 98.61
3123.79 98.61
3125.79 98.61
3127.8 98.61
3129.79 86.9
3131.8 97.85
3133.8 74.08
3135.8 94.54
3137.8 113.5
3139.8 142.92
3141.81 149.12
3143.81 169.85
3145.81 173.34
3147.81 14.2
3149.81 139.14
3151.82 14.54
3153.82 118.71
3155.82 125.96
3157.82 15.53
3159.82 70.24
3161.83 14.69
3163.83 77.2
3165.83 86.12
3167.83 86.12
3169.84 77.78
3171.83 77.78
3173.84 77.78
3175.84 70.29
3177.84 77.47
3179.84 77.47
3181.85 77.47
3183.85 84.67
3185.85 84.67
3187.85 85.99
3189.85 85.99
3191.86 85.99
3193.86 85.99
3195.86 85.99
3197.86 85.99
3199.86 85.99
3201.87 85.99
3203.87 85.99
3205.87 97.21
3207.87 90.33
3209.88 99.74
3211.87 99.97
3213.88 107.76
3215.88 101.24
3217.88 72.65
3219.88 97.93
3221.89 96.62
3223.89 96.62
3225.89 83.6
3227.89 88.19
3229.9 106.21
3231.9 132.73
3233.9 1.8
3235.9 127.34
3237.9 132.56
3239.91 137.02
3241.91 132.94
3243.91 8.0
3245.91 135.59
3247.91 13.09
3249.92 136.07
3251.92 139.11
3253.92 13.78
3255.92 116.7
3257.92 13.36
3259.94 150.39
3261.93 148.38
3263.93 137.96
3265.93 116.74
3267.93 1.85
3269.94 148.29
3271.94 15.48
3273.94 183.09
3275.94 158.84
3277.94 14.69
3279.94 149.25
3281.95 12.31
3283.95 138.56
3285.95 14.11
3287.95 142.02
3289.95 149.37
3291.96 4.84
3293.96 122.91
3295.96 15.58
3297.96 108.57
3299.97 117.07
3301.97 14.46
3303.97 121.23
3305.97 137.41
3307.98 124.25
3309.98 142.03
3311.98 142.03
3313.98 136.42
3315.98 14.96
3317.98 28.72
3320.0 13.62
3321.99 3.92
3323.99 5.24
3325.99 11.26
3328.0 11.26
3330.0 12.06
3332.0 12.06
3334.0 12.06
3336.0 13.64
3338.0 26.34
3340.01 27.86
3342.01 31.95
3344.01 27.91
3346.01 46.14
3348.02 43.08
3350.02 39.19
3352.02 53.66
3354.02 57.37
3356.03 58.65
3358.02 50.72
3360.03 48.53
3362.03 66.35
3364.03 89.36
3366.03 77.0
3368.03 84.2
3370.04 90.32
3372.04 67.6
3374.04 83.02
3376.04 67.38
3378.05 57.3
3380.05 82.05
3382.05 92.51
3384.05 88.88
3386.05 110.66
3388.06 12.98
3390.06 131.38
3392.06 118.09
3394.06 106.69
3396.06 59.27
3398.07 111.98
3400.07 120.1
3402.07 123.92
3404.07 117.87
3406.07 131.38
3408.08 134.85
3410.08 130.9
3412.08 15.22
3414.08 148.32
3416.08 9.39
3418.09 168.55
3420.09 0.88
3422.09 159.39
3424.09 134.89
3426.09 11.37
3428.1 118.13
3430.1 12.21
3432.1 42.43
3434.1 136.96
3436.1 13.93
3438.11 78.95
3440.11 0.93
3442.11 129.04
3444.11 30.21
3446.11 11.78
3448.12 116.0
3450.12 127.81
3452.12 127.81
3454.12 11.53
3456.12 105.6
3458.13 106.92
3460.13 14.59
3462.13 109.47
3464.13 14.21
3466.13 102.89
3468.14 80.17
3470.15 151.57
3472.14 127.71
3474.14 13.37
3476.14 110.09
3478.15 14.44
3480.15 149.43
3482.15 158.87
3484.16 12.55
3486.16 151.35
3488.16 1.27
3490.16 156.51
3492.16 100.81
3494.16 151.89
3496.17 137.16
3498.17 14.17
3500.17 93.92
3502.17 14.86
3504.18 91.81
3506.18 128.23
3508.18 14.48
3510.18 136.78
3512.18 11.86
3514.18 82.46
3516.21 94.3
3518.19 96.98
3520.19 103.36
3522.19 101.68
3524.19 77.72
3526.2 106.5
3528.2 123.48
3530.21 124.63
3532.2 12.54
3534.2 109.45
3536.2 12.68
3538.21 85.97
3540.21 126.13
3542.21 96.42
3544.22 131.73
3546.22 131.73
3548.22 131.73
3550.22 131.73
3552.22 131.36
3554.22 132.87
3556.23 100.82
3558.23 120.55
3560.23 0.97
3562.23 111.18
3564.23 93.76
3566.24 137.24
3568.24 130.2
3570.24 14.6
3572.24 79.24
3574.25 14.08
3576.25 111.45
3578.25 143.55
3580.25 14.18
3582.25 86.77
3584.25 11.99
3586.26 102.62
3588.26 91.97
3590.26 84.03
3592.26 93.67
3594.26 96.18
3596.27 99.61
3598.27 81.42
3600.27 106.95
3602.27 111.71
3604.27 15.0
3606.28 92.59
3608.28 91.92
3610.28 110.6
3612.29 110.6
3614.29 104.47
3616.3 114.87
3618.29 110.17
3620.29 19.43
3622.3 1.32
3624.3 111.95
3626.3 111.95
3628.3 89.63
3630.3 112.13
3632.3 103.16
3634.31 104.77
3636.31 106.35
3638.31 91.89
3640.31 81.28
3642.31 7.97
3644.32 95.92
3646.32 95.92
3648.32 122.05
3650.32 122.05
3652.32 14.54
3654.33 118.38
3656.34 112.49
3658.33 133.82
3660.33 115.29
3662.33 112.52
3664.34 134.08
3666.34 12.26
3668.34 145.2
3670.35 14.45
3672.35 153.05
3674.35 121.53
3676.35 14.46
3678.36 145.2
3680.35 14.86
3682.36 111.69
3684.36 13.77
3686.36 141.0
3688.36 150.51
3690.36 14.23
3692.36 134.18
3694.37 2.94
3696.37 89.65
3698.37 116.71
3700.37 123.34
3702.39 120.25
3704.38 15.28
3706.38 75.46
3708.38 13.76
3710.39 130.08
3712.38 123.53
3714.38 13.97
3716.39 126.82
3718.39 93.82
3720.39 116.2
3722.4 114.57
3724.4 134.22
3726.4 116.68
3728.4 12.71
3730.4 115.65
3732.41 3.34
3734.4 115.19
3736.41 72.2
3738.41 15.3
3740.41 87.24
3742.42 119.57
3744.42 112.32
3746.42 125.42
3748.42 106.87
3750.42 112.97
3752.42 108.41
3754.43 129.33
3756.43 12.11
3758.43 133.41
3760.43 95.75
3762.45 95.75
3764.44 106.33
3766.44 12.04
3768.44 104.01
3770.44 104.99
3772.45 131.48
3774.45 115.29
3776.45 115.29
3778.46 104.67
3780.46 1.16
3782.46 97.84
3784.46 104.88
3786.46 102.64
3788.46 116.65
3790.46 1.3
3792.46 0.95
3794.47 84.93
3796.47 15.08
3798.47 124.85
3800.48 53.4
3802.48 123.6
3804.48 10.35
3806.48 83.94
3808.48 83.94
3810.49 118.19
3812.49 125.96
3814.49 14.47
3816.49 115.95
3818.49 114.64
3820.5 120.35
3822.5 141.61
3824.5 14.16
3826.5 71.53
3828.5 9.73
3830.51 152.43
3832.51 115.88
3834.51 14.64
3836.52 92.96
3838.51 9.9
3840.51 147.1
3842.52 146.75
3844.52 136.58
3846.52 67.19
3848.52 1.34
3850.52 29.46
3852.53 14.8
3854.53 157.23
3856.54 27.04
3858.53 14.55
3860.54 164.19
3862.54 14.25
3864.54 115.96
3866.54 152.67
3868.54 74.96
3870.55 160.15
3872.55 1.01
3874.56 70.81
3876.55 11.92
3878.56 94.43
3880.56 147.43
3882.56 1.41
3884.56 79.64
3886.56 13.9
3888.56 153.31
3890.57 166.95
3892.57 0.26
3894.57 159.42
3896.57 10.71
3898.59 125.77
3900.58 12.95
3902.58 113.42
3904.58 154.91
3906.58 12.53
3908.58 157.81
3910.58 14.33
3912.6 128.9
3914.59 86.4
3916.59 154.76
3918.6 109.79
3920.6 13.34
3922.6 162.13
3924.62 13.67
3926.6 87.86
3928.61 108.43
3930.61 1.48
3932.61 157.33
3934.61 14.62
3936.61 106.03
3938.61 95.05
3940.62 152.05
3942.62 115.33
3944.62 9.12
3946.62 105.07
3948.62 15.65
3950.63 154.25
3952.64 146.97
3954.63 13.62
3956.63 105.26
3958.64 14.75
3960.64 158.22
3962.64 104.33
3964.64 130.12
3966.65 140.91
3968.64 14.24
3970.65 135.27
3972.65 13.43
3974.65 48.77
3976.66 135.45
3978.66 3.46
3980.66 109.37
3982.66 121.64
3984.66 95.65
3986.67 95.65
3988.66 101.34
3990.67 145.89
3992.67 0.97
3994.67 101.44
3996.67 13.7
3998.68 116.67
4000.68 137.19
4002.69 12.79
4004.68 135.97
4006.68 11.33
4008.69 142.44
4010.69 145.55
4012.69 173.05
4014.69 140.27
4016.69 8.7
4018.7 163.52
4020.7 15.0
4022.7 165.13
4024.7 159.31
4026.7 14.55
4028.7 158.72
4030.71 14.27
4032.71 151.68
4034.71 158.26
4036.72 125.92
4038.72 151.0
4040.72 10.1
4042.72 159.4
4044.72 14.88
4046.72 73.69
4048.72 110.01
4050.73 13.93
4052.73 103.71
4054.73 12.18
4056.73 92.36
4058.74 25.13
4060.75 107.24
4062.74 107.24
4064.74 81.64
4066.74 81.64
4068.74 94.52
4070.75 94.52
4072.75 98.51
4074.75 98.51
4076.76 101.73
4078.76 97.34
4080.76 97.34
4082.76 96.21
4084.76 107.45
4086.76 107.45
4088.77 96.0
4090.77 118.17
4092.77 107.86
4094.77 120.52
4096.77 88.41
4098.78 90.76
4100.78 119.74
4102.78 1.97
4104.78 89.91
4106.78 122.8
4108.79 113.99
4110.79 131.88
4112.79 11.01
4114.8 148.85
4116.8 13.8
4118.8 131.22
4120.8 134.02
4122.8 14.9
4124.8 136.48
4126.8 2.72
4128.81 146.68
4130.81 13.71
4132.81 143.96
4134.81 96.47
4136.82 1.84
4138.82 163.04
4140.82 15.65
4142.82 161.15
4144.82 144.9
4146.82 157.38
4148.83 167.78
4150.83 10.92
4152.83 163.76
4154.84 14.26
4156.84 163.26
4158.84 148.72
4160.84 13.7
4162.84 92.3
4164.84 14.05
4166.85 163.26
4168.85 153.2
4170.85 88.38
4172.85 43.94
4174.86 4.25
4176.86 130.62
4178.86 15.31
4180.86 106.64
4182.86 156.71
4184.87 15.31
4186.87 148.39
4188.87 11.42
4190.87 152.96
4192.87 140.23
4194.87 176.48
4196.88 171.09
4198.88 2.23
4200.88 139.07
4202.88 15.72
4204.89 167.12
4206.9 143.33
4208.89 1.31
4210.89 181.46
4212.89 12.16
4214.9 90.1
4216.9 163.44
4218.9 147.68
4220.9 165.32
4222.91 0.97
4224.9 105.8
4226.91 14.74
4228.92 149.71
4230.91 20.87
4232.92 14.54
4234.92 161.99
4236.92 7.72
4238.92 157.08
4240.92 47.59
4242.92 18.31
4244.93 50.63
4246.93 1.76
4248.94 40.95
4250.93 44.71
4252.93 84.74
4254.94 94.78
4256.94 94.78
4258.94 67.65
4260.94 93.2
4262.94 93.2
4264.95 93.2
4266.95 84.29
4268.95 103.4
4270.95 103.4
4272.95 103.4
4274.96 103.4
4276.96 83.67
4278.96 99.78
4280.96 99.78
4282.96 110.15
4284.97 101.9
4286.97 114.75
4288.97 109.38
4290.97 110.05
4292.97 110.05
4294.98 14.47
4296.98 56.01
4298.98 1.3
4300.98 81.63
4302.98 101.74
4304.98 115.14
4306.99 115.14
4308.99 96.99
4311.0 96.99
4313.0 96.99
4315.0 14.35
4317.0 58.25
4319.0 26.05
4321.0 26.05
4323.0 26.05
4325.01 57.86
4327.01 60.93
4329.02 78.58
4331.02 85.53
4333.02 92.25
4335.02 91.88
4337.03 96.92
4339.03 56.07
4341.03 54.78
4343.04 95.22
4345.04 129.91
4347.04 14.37
4349.04 35.82
4351.04 31.36
4353.05 14.65
4355.05 27.32
4357.05 37.4
4359.05 34.79
4361.05 41.52
4363.06 52.2
4365.06 36.62
4367.07 39.2
4369.07 45.88
4371.07 55.76
4373.07 45.15
4375.07 50.86
4377.08 51.2
4379.08 51.2
4381.08 51.2
4383.08 51.2
4385.08 57.43
4387.09 70.4
4389.09 57.58
4391.09 71.39
4393.09 39.8
4395.1 80.35
4397.1 89.52
4399.1 83.82
4401.11 86.07
4403.1 70.49
4405.11 73.0
4407.11 74.38
4409.11 87.52
4411.11 81.95
4413.12 80.8
4415.12 80.0
4417.12 94.49
4419.12 109.73
4421.12 119.44
4423.14 110.72
4425.12 14.61
4427.14 74.14
4429.13 13.84
4431.13 125.87
4433.13 123.94
4435.13 156.16
4437.14 123.83
4439.14 10.47
4441.14 158.17
4443.14 9.58
4445.14 167.45
4447.15 83.39
4449.15 10.62
4451.15 153.83
4453.17 12.66
4455.16 14.67
4457.16 172.81
4459.16 176.43
4461.16 99.53
4463.17 11.49
4465.17 93.72
4467.18 11.56
4469.17 96.08
4471.17 102.52
4473.17 73.2
4475.18 87.65
4477.18 113.96
4479.18 109.38
4481.18 14.84
4483.18 20.58
4485.18 106.08
4487.19 105.77
4489.19 131.71
4491.2 14.44
4493.19 15.48
4495.2 14.82
4497.2 14.77
4499.21 14.77
4501.2 15.23
4503.21 15.23
4505.2 15.72
4507.21 22.16
4509.21 20.28
4511.22 21.92
4513.22 32.39
4515.22 28.11
4517.22 27.06
4519.22 38.99
4521.22 36.24
4523.23 40.12
4525.23 33.67
4527.23 41.2
4529.23 41.2
4531.24 45.92
4533.24 38.17
4535.24 44.96
4537.24 57.3
4539.24 51.46
4541.24 50.86
4543.24 55.35
4545.25 54.77
4547.25 50.52
4549.25 63.94
4551.25 40.28
4553.26 40.28
4555.26 44.33
4557.26 79.01
4559.26 82.52
4561.26 83.61
4563.27 99.72
4565.27 94.08
4567.27 96.01
4569.27 103.96
4571.27 103.96
4573.28 99.68
4575.28 91.28
4577.28 91.28
4579.28 94.03
4581.28 112.1
4583.29 112.1
4585.29 83.3
4587.29 83.3
4589.29 115.01
4591.29 84.72
4593.3 18.09
4595.3 115.65
4597.3 13.93
4599.3 106.18
4601.3 1.28
4603.31 111.36
4605.31 114.77
4607.31 14.79
4609.32 62.18
4611.32 62.18
4613.32 147.1
4615.32 123.99
4617.32 85.47
4619.32 122.75
4621.32 14.3
4623.33 141.56
4625.33 10.99
4627.33 99.35
4629.34 113.59
4631.34 14.05
4633.34 126.78
4635.34 12.8
4637.34 116.59
4639.34 128.25
4641.35 128.25
4643.35 114.63
4645.35 14.43
4647.35 51.19
4649.37 13.27
4651.35 93.27
4653.36 124.22
4655.36 14.58
4657.36 123.41
4659.36 12.84
4661.37 81.39
4663.36 112.16
4665.37 135.54
4667.37 76.48
4669.37 9.83
4671.37 47.21
4673.38 11.15
4675.38 85.3
4677.38 83.82
4679.38 12.57
4681.38 111.89
4683.39 111.89
4685.39 111.89
4687.39 100.55
4689.39 90.54
4691.4 90.54
4693.4 90.54
4695.4 92.43
4697.41 92.43
4699.4 87.81
4701.41 91.34
4703.41 108.14
4705.41 102.47
4707.42 92.95
4709.41 92.95
4711.42 92.95
4713.42 111.88
4715.42 102.84
4717.42 100.01
4719.42 100.01
4721.43 108.97
4723.43 94.21
4725.43 103.59
4727.43 109.86
4729.43 109.86
4731.44 109.86
4733.44 108.35
4735.44 109.89
4737.44 119.93
4739.45 124.7
4741.45 114.71
4743.45 114.71
4745.46 13.1
4747.45 114.56
4749.45 125.7
4751.46 14.96
4753.46 69.37
4755.46 113.9
4757.46 79.83
4759.46 89.12
4761.47 89.12
4763.47 89.12
4765.47 89.12
4767.47 89.12
4769.47 12.58
4771.48 45.05
4773.48 109.52
4775.48 0.96
4777.48 73.89
4779.49 107.58
4781.5 119.37
4783.49 102.01
4785.49 105.95
4787.49 131.45
4789.49 3.29
4791.5 119.01
4793.5 123.59
4795.5 120.6
4797.5 115.3
4799.5 1.27
4801.51 121.52
4803.51 13.56
4805.51 76.28
4807.52 98.74
4809.52 114.62
4811.52 123.89
4813.52 108.12
4815.52 123.73
4817.52 130.01
4819.53 1.32
4821.53 121.51
4823.53 1.35
4825.53 115.64
4827.55 5.56
4829.54 98.21
4831.54 101.22
4833.54 114.8
4835.54 93.66
4837.55 11.82
4839.54 98.86
4841.55 88.16
4843.55 107.71
4845.55 88.11
4847.55 13.96
4849.56 104.91
4851.56 15.63
4853.56 106.39
4855.56 99.39
4857.56 88.97
4859.56 116.78
4861.57 116.22
4863.57 107.55
4865.57 14.43
4867.57 89.95
4869.58 102.67
4871.58 102.67
4873.58 85.98
4875.58 96.92
4877.59 104.83
4879.59 84.32
4881.59 102.02
4883.59 94.47
4885.6 112.97
4887.6 112.97
4889.6 101.68
4891.6 97.68
4893.6 91.61
4895.6 91.61
4897.6 91.61
4899.61 91.61
4901.61 104.79
4903.61 107.29
4905.61 88.7
4907.62 97.8
4909.62 0.36
4911.62 93.2
4913.62 106.11
4915.62 90.91
4917.63 107.8
4919.63 116.15
4921.63 89.27
4923.63 14.13
4925.63 64.95
4927.64 15.99
4929.64 119.84
4931.64 144.01
4933.64 10.7
4935.64 139.79
4937.65 14.36
4939.65 147.37
4941.65 115.02
4943.65 147.65
4945.65 163.04
4947.66 10.18
4949.66 180.17
4951.66 14.41
4953.66 126.82
4955.66 173.47
4957.67 2.39
4959.67 177.42
4961.67 14.09
4963.67 158.96
4965.67 154.72
4967.68 185.37
4969.68 83.08
4971.68 1.77
4973.68 158.64
4975.68 15.02
4977.69 152.39
4979.69 171.41
4981.69 2.0
4983.69 20.24
4985.69 10.57
4987.7 168.73
4989.7 155.92
4991.7 15.77
4993.7 100.02
4995.7 7.85
4997.71 162.48
4999.71 15.39
5001.72 171.7
5003.71 157.91
5005.71 10.38
5007.72 160.88
5009.73 14.5
5011.72 176.11
5013.73 182.87
5015.73 112.88
5017.73 178.59
5019.73 12.68
5021.73 172.18
5023.73 13.27
5025.74 167.64
5027.74 148.8
5029.74 14.73
5031.74 149.75
5033.74 9.05
5035.74 166.81
5037.75 155.98
5039.75 117.1
5041.75 136.08
5043.75 4.39
5045.75 166.91
5047.76 12.72
5049.77 162.53
5051.76 92.45
5053.76 0.91
5055.77 144.16
5057.77 3.53
5059.77 122.51
5061.77 78.31
5063.78 13.73
5065.78 160.62
5067.78 1.69
5069.78 142.05
5071.78 14.46
5073.78 145.52
5075.79 97.34
5077.79 13.16
5079.79 155.75
5081.79 1.03
5083.8 134.77
5085.8 96.36
5087.8 17.3
5089.8 89.7
5091.8 83.58
5093.8 83.39
5095.81 90.71
5097.81 104.8
5099.81 94.19
5101.81 125.23
5103.82 133.75
5105.82 13.56
5107.82 102.6
5109.82 92.19
5111.82 94.2
5113.82 87.96
5115.83 2.83
5117.83 135.12
5119.83 1.36
5121.83 145.14
5123.84 134.25
5125.84 1.77
5127.84 87.75
5129.84 12.33
5131.84 64.94
5133.84 78.4
5135.85 79.11
5137.86 79.11
5139.85 79.11
5141.86 82.76
5143.86 75.82
5145.86 75.82
5147.86 59.67
5149.86 79.49
5151.86 94.93
5153.86 80.9
5155.87 80.9
5157.88 80.04
5159.87 82.88
5161.87 96.51
5163.87 97.6
5165.88 97.12
5167.88 103.74
5169.88 103.15
5171.88 94.14
5173.88 122.13
5175.89 126.19
5177.89 7.88
5179.89 111.2
5181.89 83.64
5183.89 146.38
5185.9 106.3
5187.9 13.72
5189.91 40.91
5191.9 12.9
5193.91 6.23
5195.91 6.23
5197.91 12.92
5199.91 12.92
5201.91 13.02
5203.92 13.02
5205.92 19.24
5207.92 31.16
5209.92 31.16
5211.92 34.7
5213.93 31.76
5215.93 38.64
5217.94 38.64
5219.93 44.93
5221.93 50.53
5223.94 46.22
5225.94 62.35
5227.94 60.65
5229.94 70.83
5231.94 76.5
5233.95 44.73
5235.95 44.73
5237.95 57.98
5239.96 101.09
5241.98 94.5
5243.96 88.37
5245.96 127.09
5247.96 118.97
