0.0 339.46
1.01 39.35
3.01 39.83
5.01 34.27
7.01 37.47
9.01 41.79
11.01 35.45
13.01 31.89
15.01 31.7
17.01 41.13
19.01 59.58
21.01 35.1
23.01 43.47
25.01 44.57
27.01 40.99
29.02 53.21
31.01 38.19
33.01 56.79
35.01 87.74
37.01 105.09
39.01 91.81
41.01 105.38
43.01 80.7
45.01 4.54
47.01 137.4
49.01 114.19
51.01 151.18
53.01 148.63
55.01 6.11
57.02 83.61
59.01 18.37
61.01 113.26
63.01 249.07
65.01 175.95
67.01 251.12
69.01 19.65
71.02 222.56
73.01 30.19
75.01 171.53
77.01 266.89
79.01 13.32
81.02 339.36
83.02 11.79
85.01 348.59
87.02 397.91
89.01 316.86
91.02 156.66
93.02 25.44
95.02 209.77
97.02 26.22
99.02 165.66
101.02 214.55
103.02 14.67
105.02 221.94
107.02 0.78
109.02 136.55
111.02 246.49
113.02 3.01
115.02 257.83
117.02 19.36
119.02 187.46
121.02 13.27
123.02 242.2
125.02 261.48
127.02 0.69
129.02 183.23
131.02 0.67
133.02 152.49
135.02 244.46
137.02 251.56
139.02 139.61
141.02 230.9
143.02 285.13
145.02 0.72
147.02 290.82
149.02 296.48
151.02 3.6
153.27 296.47
155.27 17.66
157.27 269.1
159.05 15.77
161.27 294.01
163.27 250.3
165.27 0.67
167.27 295.0
169.27 14.9
171.27 284.89
173.27 324.62
175.27 9.12
177.27 321.24
179.29 24.3
181.27 323.37
183.05 14.61
185.27 156.63
187.27 206.06
189.27 10.61
191.27 160.34
193.27 4.16
195.26 232.62
197.26 249.31
199.26 0.65
201.27 198.04
203.27 14.44
205.26 237.74
207.27 28.33
209.26 301.59
211.26 277.13
213.26 1.51
215.26 262.7
217.26 27.29
219.26 294.18
221.26 145.04
223.26 9.63
225.26 119.49
227.26 0.86
229.26 57.18
231.27 26.53
233.26 103.13
235.26 79.47
237.26 106.59
239.26 97.03
241.26 85.26
243.26 93.76
245.26 93.76
247.26 97.65
249.26 100.37
251.26 64.99
253.26 104.71
