0.0 3.25
1.78 0.54
2.46 0.67
3.02 3.9
4.07 1.46
5.06 3.3
6.93 1.93
9.21 4.94
11.88 0.39
14.05 0.33
16.59 4.76
17.78 5.4
18.75 6.01
20.22 1.13
21.83 6.04
23.5 6.04
25.38 4.59
26.54 4.71
28.26 4.83
30.26 1.02
32.26 5.09
34.26 1.03
36.25 0.6
38.25 9.09
40.25 3.01
42.25 6.68
44.26 4.49
46.26 1.29
48.26 7.89
50.26 10.09
52.26 2.26
54.25 9.93
56.25 4.22
58.25 9.65
60.25 1.16
62.25 10.16
64.25 9.91
66.26 2.29
68.25 6.68
70.25 1.56
72.25 2.34
74.26 9.68
76.25 1.33
78.25 11.16
80.25 4.48
82.25 6.63
84.25 6.64
86.25 0.34
88.25 0.24
90.25 1.66
93.04 7.18
94.26 1.49
97.04 0.58
99.04 9.14
101.04 2.29
103.04 3.18
105.04 7.49
107.04 6.09
109.04 5.53
111.04 4.17
113.04 6.54
115.05 10.74
117.04 6.12
119.04 10.72
121.04 4.01
122.55 8.95
125.05 4.41
146.05 3.15
146.66 2.54
147.19 1.65
148.4 2.95
149.54 3.3
150.15 5.83
150.95 6.3
204.51 6.48
