0 1.625
1 2.125
2 3.375
3 6.5
4 11.375
5 20.875
6 32.25
7 53.375
8 52.75
9 52.75
10 54.625
11 10.75
12 10.375
13 31.0
14 41.75
15 1.0
16 15.0
17 14.875
18 13.625
19 13.875
20 14.5
21 12.75
22 14.375
23 12.75
24 15.625
25 35.75
26 40.625
27 31.75
28 1.875
29 3.125
30 1.875
31 3.25
32 14.0
33 11.25
34 21.0
35 23.625
36 25.875
37 21.625
38 26.375
39 26.625
40 10.875
41 3.75
42 2.625
43 2.875
44 3.125
45 2.875
46 2.875
47 11.625
48 13.875
49 15.25
50 15.125
51 11.375
52 11.625
53 14.0
54 13.375
55 14.125
56 20.5
57 32.125
58 18.875
59 15.25
60 15.125
61 15.125
62 15.125
63 12.75
64 11.375
65 14.375
66 12.125
67 13.375
68 68.75
69 98.625
70 93.5
71 98.75
72 104.875
73 100.75
74 103.125
75 106.625
76 109.75
77 102.5
78 113.125
79 120.25
80 135.0
81 122.125
82 117.25
83 119.625
84 132.5
85 146.25
86 39.0
87 14.625
88 11.375
89 74.625
90 13.375
91 14.625
92 51.5
93 69.0
94 29.375
95 17.125
96 15.75
97 5.5
98 5.5
99 5.625
100 14.375
101 11.375
102 34.125
103 41.25
104 40.625
105 42.375
106 45.75
107 46.375
108 41.75
109 47.125
110 47.5
111 46.75
112 52.125
113 55.0
114 53.875
115 67.0
116 65.875
117 84.25
118 95.0
119 84.875
120 89.25
121 105.0
122 138.75
123 142.5
124 132.5
125 173.75
126 156.25
127 145.0
128 175.0
129 116.875
130 167.5
131 102.0
132 15.0
133 14.75
134 136.25
135 155.0
136 112.125
137 172.5
138 125.0
139 120.0
140 85.375
141 90.125
142 108.25
143 41.125
144 12.875
145 13.625
146 15.125
147 14.25
148 11.375
149 10.75
150 100.125
151 90.625
152 91.0
153 83.125
154 89.375
155 85.5
156 53.75
157 34.625
158 114.625
159 118.5
160 85.5
161 24.5
162 24.375
163 20.875
164 12.375
165 15.5
166 78.25
167 109.625
168 99.5
169 128.75
170 108.5
171 68.875
172 110.5
173 27.625
174 12.125
175 51.625
176 73.75
177 71.125
178 37.125
179 21.0
180 24.25
181 13.875
182 9.25
183 9.0
184 1.375
185 6.25
186 0.875
187 11.25
188 14.625
189 14.75
190 15.375
191 14.125
192 13.875
193 15.0
194 14.25
195 15.25
196 14.25
197 14.125
198 14.125
199 5.25
200 5.5
201 6.625
202 6.0
203 0.125
204 9.625
205 15.125
206 13.25
207 16.875
208 25.25
209 26.75
210 36.875
211 14.5
212 28.5
213 29.0
214 32.25
215 27.375
