0.0 1.44
0.62 2.29
1.34 5.43
2.77 4.44
4.0 2.36
6.77 2.41
8.2 3.44
9.52 4.43
10.87 3.81
12.3 4.24
13.93 0.7
16.5 4.05
18.54 1.11
21.4 0.23
21.94 2.36
24.39 0.54
25.23 3.59
26.44 1.0
31.46 1.51
34.43 2.23
37.81 4.01
39.14 1.7
41.7 1.26
45.81 4.12
48.67 2.51
50.81 0.82
52.55 3.82
53.5 6.26
55.64 5.28
57.05 0.26
58.88 1.33
60.24 3.74
61.98 3.42
63.71 1.94
66.49 1.57
67.91 1.43
68.83 2.59
70.37 4.0
71.81 1.64
72.84 2.34
74.27 2.86
76.21 5.28
77.44 0.22
78.27 3.85
80.53 5.12
82.37 1.7
84.49 5.35
87.17 2.34
89.31 1.23
92.28 5.68
95.04 0.75
98.02 5.4
100.68 2.52
104.16 4.38
107.56 4.08
109.4 4.01
112.37 2.97
114.0 0.59
114.73 4.57
115.86 3.88
117.37 1.64
121.47 2.64
124.87 2.86
127.61 2.29
129.54 2.14
130.91 0.23
132.22 5.22
132.85 0.78
133.94 6.01
134.87 4.83
136.83 4.48
138.99 0.44
140.61 1.95
142.77 5.48
145.63 0.04
147.37 4.01
149.01 3.48
150.64 2.19
151.99 5.11
156.79 3.03
158.44 5.07
159.66 0.86
161.2 1.79
162.94 0.72
164.88 3.4
167.04 5.28
169.08 3.39
173.17 5.61
174.3 2.15
175.96 1.06
178.01 4.04
179.44 0.46
180.87 5.32
182.52 2.04
184.16 6.28
186.61 1.18
187.94 4.47
189.38 5.13
191.94 2.07
196.55 2.79
198.47 1.11
200.41 1.98
201.44 2.13
203.48 1.09
204.72 1.77
206.79 3.78
209.55 4.79
211.7 2.56
213.44 2.78
215.19 1.77
216.72 0.56
220.52 3.74
222.45 1.26
225.14 0.47
225.93 5.42
228.59 3.6
230.13 3.63
233.31 1.46
237.37 6.1
238.08 4.91
238.8 5.13
239.92 3.83
240.95 3.31
242.92 7.39
245.04 3.64
246.51 3.21
248.56 3.96
251.63 0.06
253.68 2.71
255.01 2.34
256.65 0.63
258.19 0.24
260.86 1.64
262.38 2.37
264.31 0.55
267.5 3.15
270.47 2.08
271.81 1.29
272.93 2.47
274.27 0.6
275.8 1.52
277.94 4.56
279.58 4.64
281.76 0.18
284.11 5.45
285.43 3.13
286.55 3.62
288.63 0.97
292.6 1.72
296.9 4.44
301.08 5.52
302.51 1.04
303.33 1.8
304.76 1.68
306.6 5.23
308.86 4.58
310.29 4.73
310.9 0.89
311.41 5.2
312.41 4.94
314.82 2.6
316.76 2.21
318.56 3.3
320.13 2.96
322.59 0.65
324.55 2.68
327.31 0.21
329.66 3.32
332.11 0.59
335.17 0.76
337.01 5.51
338.55 3.73
340.49 0.54
342.03 1.76
343.27 0.9
344.18 5.37
346.22 0.75
348.27 0.83
350.22 0.87
352.27 2.02
354.21 1.2
356.25 1.97
358.22 1.33
360.26 4.53
362.21 3.68
364.15 4.65
366.2 3.21
368.25 0.22
370.21 2.97
372.25 1.41
375.43 1.37
379.63 2.85
380.95 3.34
382.29 0.62
384.65 1.98
385.98 0.2
386.99 1.94
389.77 0.23
390.58 0.12
392.93 5.45
394.25 0.8
396.21 0.62
398.24 0.57
400.2 2.05
402.24 1.65
404.2 1.29
406.34 5.29
408.28 2.78
410.23 4.32
412.27 4.65
414.22 1.36
416.58 5.7
418.21 3.37
420.26 1.88
422.21 3.64
424.25 4.06
426.21 1.64
428.23 3.88
430.21 6.19
432.24 0.46
434.29 5.31
436.23 2.69
438.2 1.58
440.23 2.62
442.48 4.84
445.96 0.47
448.02 5.13
450.37 2.68
454.16 2.06
459.61 1.68
463.19 5.62
465.54 0.91
467.59 0.97
469.43 1.84
471.07 0.05
472.4 1.96
473.12 5.01
474.55 2.69
476.7 0.24
479.25 0.3
480.29 2.8
481.93 2.69
482.95 1.7
484.9 1.71
486.64 1.72
487.76 1.16
489.81 1.99
492.38 2.75
493.77 6.56
496.45 2.2
498.29 1.18
500.96 5.54
502.9 5.7
505.46 0.81
508.03 5.36
510.2 0.36
511.81 1.79
512.63 2.4
514.99 3.45
516.32 4.91
518.16 1.69
525.05 2.78
527.5 2.4
529.24 4.19
532.11 2.27
533.53 0.37
534.45 2.02
535.59 3.14
536.71 3.02
538.14 1.09
539.68 1.84
541.53 1.59
545.59 2.7
546.51 6.81
547.12 2.77
547.84 2.8
554.51 2.1
556.76 1.44
558.41 4.98
560.03 4.64
562.8 1.89
564.24 2.77
565.16 3.23
565.67 4.49
566.7 4.46
567.72 4.82
570.28 0.3
572.43 0.11
573.25 2.5
575.12 5.31
576.62 0.69
577.34 4.83
581.98 2.72
584.74 1.99
588.12 1.58
590.28 2.85
591.81 2.93
593.32 3.83
595.05 3.12
597.73 0.6
599.57 2.04
602.13 1.21
603.56 5.06
605.32 0.23
607.58 4.1
609.83 2.14
611.69 2.96
613.22 4.59
614.27 5.61
615.37 1.0
617.84 1.77
619.27 2.33
621.51 0.12
624.49 4.28
625.91 5.17
627.25 1.91
629.41 1.71
632.68 3.9
635.86 2.59
637.7 2.9
640.37 3.03
641.07 0.6
643.09 5.2
643.61 6.18
645.79 5.02
647.94 3.95
650.2 2.86
652.15 0.4
655.94 3.98
657.56 0.56
660.63 2.46
662.69 0.39
664.64 4.59
669.46 3.63
670.36 5.01
671.29 6.03
671.91 4.24
675.09 2.91
675.9 2.22
678.28 0.03
682.97 3.02
686.86 2.12
690.96 1.96
692.39 2.61
694.24 0.11
695.87 4.89
697.52 1.18
699.97 2.78
701.19 0.42
702.84 4.38
703.55 0.84
705.18 3.52
709.68 5.89
713.89 0.46
715.11 3.02
716.56 1.63
718.19 0.45
719.73 2.28
720.96 1.15
722.4 2.05
725.84 3.53
727.17 3.64
729.01 4.16
730.04 1.24
730.65 1.89
732.29 3.08
733.74 6.04
734.97 4.61
738.04 2.6
741.01 4.77
742.86 4.62
743.77 1.83
744.82 5.5
745.62 5.72
747.86 5.67
749.83 4.29
751.65 4.08
753.83 5.33
755.84 2.28
757.82 3.84
759.83 5.41
761.63 0.25
763.85 3.44
765.82 1.98
767.66 1.89
769.81 0.85
771.83 1.39
774.1 3.28
775.74 1.66
777.88 0.17
779.83 0.27
781.87 0.34
784.85 2.46
786.91 3.53
789.45 2.14
790.87 3.54
792.23 1.36
793.77 5.63
795.92 3.57
797.85 1.46
799.81 2.22
801.83 3.25
803.99 6.95
805.84 0.66
807.81 1.7
809.83 2.16
811.88 1.41
815.47 0.47
817.41 4.62
819.06 2.28
820.7 3.32
821.84 1.66
823.86 0.06
825.82 2.78
827.86 5.14
829.81 1.58
831.85 2.03
834.01 0.7
835.85 1.28
837.88 0.19
839.82 1.73
843.71 0.73
844.66 1.4
845.88 4.23
847.81 0.46
849.87 1.61
851.82 6.79
853.87 1.71
855.81 6.1
857.86 3.7
859.82 0.1
861.84 0.39
863.83 0.34
865.85 3.86
867.82 0.63
869.84 3.01
871.81 1.86
873.94 0.85
875.78 0.54
878.15 0.24
879.87 5.41
882.94 1.71
886.32 1.49
888.59 3.58
890.13 3.45
891.23 4.01
892.89 0.15
893.82 1.96
895.82 5.99
897.81 1.99
899.83 1.19
901.88 2.08
904.03 5.24
906.49 0.54
910.59 3.78
914.69 3.5
918.1 5.35
918.71 2.8
919.22 3.09
919.84 3.06
921.36 3.03
924.22 5.51
930.97 1.79
933.23 1.98
935.9 1.19
937.53 2.11
939.79 2.8
942.14 1.0
943.89 4.83
946.14 1.28
947.18 2.0
949.72 2.38
951.87 4.58
954.15 2.72
955.47 5.23
957.8 2.91
959.75 1.46
961.29 2.89
963.03 5.71
966.2 5.31
968.05 5.08
970.1 1.73
972.14 1.93
974.6 2.2
977.06 1.6
978.83 4.88
981.07 1.26
982.5 2.92
984.35 2.12
986.3 0.74
987.63 5.74
989.57 0.22
991.41 2.02
993.66 0.96
995.51 0.67
997.77 2.01
1000.02 0.54
1001.56 5.33
1003.19 0.48
1004.93 5.15
1007.49 3.66
1009.05 0.49
1010.77 2.69
1014.65 0.18
1017.08 6.6
1018.55 0.14
1020.15 1.59
1021.11 8.49
1022.34 0.72
1023.74 3.71
1025.28 1.03
1027.22 2.39
1029.16 3.89
1030.8 3.31
1032.95 6.9
1036.23 1.84
1038.07 7.26
1040.24 2.29
1043.21 1.39
1046.18 4.34
1048.64 1.09
1050.98 0.97
1052.43 1.63
1054.37 5.03
1057.03 0.99
1057.65 5.06
1059.19 1.7
1060.11 1.86
1062.26 2.5
1064.82 5.82
1065.33 3.82
1067.27 3.42
1069.32 0.57
1071.28 0.12
1073.45 3.73
1075.27 1.37
1077.3 0.25
1079.26 2.34
1081.3 1.41
1083.55 0.12
1085.29 1.71
1087.26 3.71
1089.6 1.3
1091.96 5.66
1096.46 0.13
1099.53 4.79
1101.29 5.53
1102.7 5.64
1103.94 5.81
1105.68 3.88
1107.52 1.91
1108.63 6.35
1109.69 4.47
1111.19 6.24
1113.26 6.37
1115.69 2.84
1117.26 3.53
1119.27 3.77
1122.18 1.22
1127.08 0.75
1128.92 1.92
1131.38 2.4
1133.32 1.72
1134.06 0.12
1136.01 3.55
1137.33 1.46
1138.85 2.19
1140.89 2.66
1144.28 3.13
1145.92 1.58
1147.86 0.97
1149.3 1.91
1151.04 1.59
1152.87 0.54
1154.85 2.42
1156.87 2.56
1158.82 1.28
1163.05 1.48
1164.78 2.19
1165.7 1.76
1166.93 2.79
1168.88 0.94
1170.92 4.71
1173.09 5.05
1175.53 0.06
1177.28 3.66
1178.91 1.3
1181.47 1.02
1183.11 1.93
1185.15 2.01
1188.43 1.88
1192.53 3.18
1195.6 1.95
1198.89 2.95
1201.24 2.23
1202.36 1.48
1206.15 1.37
1208.0 4.56
1210.65 1.46
1211.97 4.55
1216.07 5.14
1220.36 0.3
1220.9 2.73
1222.51 2.7
1225.2 2.6
1226.84 0.43
1227.66 1.32
1228.99 4.37
1232.58 0.93
1235.62 2.69
1236.13 0.51
1236.83 4.96
1237.34 1.9
1238.4 0.03
1239.81 5.61
1241.07 2.27
1242.76 3.21
1244.55 0.15
1246.26 5.39
1247.72 7.57
1249.46 3.92
1251.58 5.9
1253.42 1.07
1255.36 3.39
1258.16 6.88
1262.75 0.11
1265.34 4.6
1267.59 0.33
1270.34 3.46
1271.87 1.29
1272.89 0.84
1274.12 2.0
1276.48 1.68
1281.19 1.91
1283.64 3.0
1286.34 4.95
1287.97 3.64
1290.72 0.5
1292.78 2.31
1293.8 0.89
1294.83 2.99
1295.95 2.93
1297.79 2.11
1298.71 3.09
1299.94 1.65
1302.09 0.73
1304.15 3.7
1306.39 0.87
1308.96 2.18
1311.11 4.14
1313.57 2.19
1315.72 2.92
1318.09 0.46
1321.33 0.18
1323.05 6.61
1323.97 3.84
1325.15 6.6
1326.46 3.71
1327.68 3.43
1328.85 3.64
1330.46 0.68
1332.7 1.66
1334.66 2.14
1335.88 4.7
1336.81 1.49
1338.74 0.24
1344.38 2.36
1346.02 0.58
1347.75 4.63
1349.5 2.11
1351.44 2.08
1353.49 0.64
1356.39 1.91
1358.43 4.34
1359.56 6.54
1361.18 5.09
1362.55 1.21
1364.19 3.4
1366.51 0.32
1368.21 2.15
1370.19 3.48
1373.45 2.88
1375.49 3.46
1377.35 3.36
1381.24 5.26
1382.88 2.43
1384.41 1.8
1386.16 3.71
1388.0 3.01
1388.62 5.15
1392.1 2.03
1395.68 1.86
1396.91 1.65
1397.83 2.05
1400.11 2.88
1402.44 1.31
1403.87 3.13
1406.13 1.16
1408.61 5.37
1410.76 2.49
1412.5 2.06
1413.42 3.11
1415.36 2.02
1418.34 3.25
1419.04 0.38
1422.92 1.9
1425.49 3.91
1427.53 0.89
1428.65 1.33
1429.88 1.75
1431.11 5.23
1433.27 1.66
1434.5 2.53
1437.26 5.0
1440.14 1.52
1441.17 2.79
1444.55 0.75
1446.7 1.72
1448.03 2.42
1449.25 1.91
1451.13 6.06
1452.83 1.38
1454.27 5.18
1456.32 1.99
1458.47 1.1
1461.65 2.65
1465.03 3.39
1466.87 2.62
1467.79 1.33
1469.94 1.96
1471.58 2.08
1473.11 0.46
1475.57 3.18
1477.31 1.39
1478.64 3.74
1480.48 1.53
1482.84 0.86
1485.51 5.7
1487.14 1.65
1488.68 5.61
1490.33 4.59
1492.27 1.04
1494.43 6.7
1496.36 1.24
1498.41 5.62
1500.66 1.87
1502.8 6.02
1504.55 1.43
1506.49 2.77
1508.44 5.49
1510.89 0.47
1512.84 1.59
1514.45 4.76
1516.6 6.67
1519.38 5.64
1522.14 2.42
1525.74 4.95
1528.07 4.89
1529.41 6.95
1530.84 2.23
1532.47 3.13
1534.53 3.35
1536.79 4.73
1539.46 4.19
1541.4 2.55
1543.14 2.03
1545.49 1.39
1547.85 1.33
1549.08 4.77
1550.62 4.51
1551.74 3.1
1554.29 0.36
1555.43 4.07
1557.27 4.32
1559.94 1.19
1561.47 5.09
1563.93 4.06
1567.41 3.5
1569.25 1.03
1569.89 3.22
1572.65 4.89
1575.73 5.58
1576.64 2.8
1578.49 1.32
1579.61 2.29
1581.97 3.33
1583.39 0.97
1585.14 4.37
1587.78 4.83
1589.32 2.31
1592.0 0.23
1593.62 1.64
1595.8 5.8
1598.38 0.06
1599.68 2.5
1602.86 2.03
1605.42 4.05
1606.24 3.6
1607.67 4.67
1609.11 4.39
1611.35 2.56
1613.51 2.71
1615.33 2.74
1616.45 3.85
1618.49 2.98
1622.5 3.42
1628.05 5.56
1631.82 5.05
1635.32 2.01
1637.87 4.75
1640.74 2.82
1641.77 2.18
1643.32 0.6
1644.43 2.81
1646.68 2.96
1648.94 2.69
1650.06 1.92
1650.98 4.9
1652.62 4.05
1655.49 2.58
1657.34 6.43
1658.35 1.4
1660.1 1.56
1661.23 2.38
1663.17 1.15
1665.63 2.67
1667.88 4.0
1670.34 1.53
1673.51 2.17
1675.35 2.64
1677.73 4.33
1679.86 4.98
1681.4 3.12
1682.72 2.86
1684.37 0.73
1685.7 2.05
1687.96 1.55
1690.51 1.8
1694.81 1.79
1697.99 4.02
1699.76 3.99
1700.69 5.13
1701.67 2.28
1704.24 2.23
1705.77 1.88
1707.51 2.89
1709.86 0.42
1711.31 1.45
1712.63 1.23
1713.45 2.26
1714.99 1.25
1717.82 4.54
1718.77 2.59
1720.92 2.12
1722.35 1.92
1723.69 4.16
1724.72 2.3
1727.59 5.5
1729.42 3.84
1731.47 2.39
1733.73 4.23
1735.57 2.97
1737.91 1.51
1740.07 1.63
1742.25 0.6
1742.94 0.18
1747.76 2.87
1750.73 0.97
1752.06 2.52
1754.3 0.26
1757.38 2.37
1757.89 4.36
1759.12 3.61
1762.18 1.8
1763.42 4.48
1767.1 5.32
1768.0 6.16
1769.26 0.7
1770.89 2.66
1771.91 2.62
1774.39 1.74
1777.05 5.48
1778.96 5.57
1782.14 5.48
1783.87 4.64
1785.66 0.28
1786.87 5.53
1790.53 2.54
1792.81 3.23
1794.62 1.75
1795.69 4.51
1797.92 3.64
1801.7 0.07
1804.96 6.6
1805.61 2.62
1807.45 1.55
1809.5 0.91
1812.02 2.18
1817.48 3.09
1819.0 0.92
1820.34 0.86
1821.46 0.83
1822.08 4.43
1822.69 2.89
1824.02 2.04
1825.05 2.09
1826.78 0.23
1828.63 2.58
1830.47 1.08
1831.93 2.61
1833.86 2.43
1837.12 0.59
1838.89 4.49
1840.43 1.44
1841.86 1.69
1844.01 0.91
1846.47 0.32
1848.52 4.66
1851.18 0.59
1853.63 2.5
1855.47 2.01
1857.62 1.2
1859.56 1.6
1861.61 0.19
1863.56 3.03
1867.66 4.75
1869.3 2.37
1870.33 3.9
1873.1 3.26
1875.55 1.21
1878.62 3.07
1882.92 3.8
1884.55 1.4
1885.78 2.59
1887.72 2.51
1889.06 4.2
1889.68 3.34
1891.42 2.38
1894.48 3.09
1896.21 2.12
1897.75 2.02
1900.01 3.3
1902.17 4.6
1902.82 5.61
1903.6 7.02
1905.58 6.78
1907.59 0.38
1909.55 4.35
1911.58 1.34
1913.55 2.06
1915.58 4.3
1917.63 3.05
1919.58 3.65
1921.63 0.38
1923.56 4.79
1925.61 1.83
1927.98 3.73
1930.33 1.63
1933.31 0.76
1934.22 4.34
1935.75 2.98
1937.59 2.36
1939.85 2.72
1942.22 2.54
1943.85 1.66
1945.59 0.7
1947.83 1.7
1950.51 1.35
1952.45 1.55
1953.78 1.98
1955.82 0.12
1957.87 0.24
1959.82 0.94
1961.86 1.45
1963.81 0.88
1966.15 3.37
1968.41 5.94
1970.45 1.63
1974.96 1.72
1980.19 2.37
1985.71 4.46
1987.56 4.23
1989.19 4.77
1991.34 4.28
1993.5 2.42
1994.83 4.01
1995.44 0.37
1996.89 4.95
1998.1 5.16
2000.87 1.71
2002.3 1.92
2003.96 0.12
2004.76 4.47
2005.98 1.48
2008.24 1.13
2009.58 5.72
2011.62 2.7
2013.78 1.43
2016.94 2.19
2019.09 2.26
2021.25 5.01
2023.5 2.65
2025.14 2.24
2027.29 0.11
2030.38 3.73
2032.12 1.48
2033.46 4.48
2035.5 1.6
2036.83 1.85
2038.26 2.75
2042.77 3.79
2046.24 0.32
2048.3 3.15
2050.34 1.99
2052.7 3.94
2053.63 2.82
2054.65 2.77
2056.08 0.53
2057.92 0.17
2059.35 2.9
2061.61 1.39
2063.45 3.53
2064.78 2.96
2067.93 3.58
2070.73 3.54
2073.48 0.24
2075.74 2.56
2077.89 2.35
2079.94 5.4
2081.78 0.69
2083.01 3.96
2084.75 4.78
2086.08 3.96
2087.62 2.32
2089.35 3.03
2090.99 7.58
2092.23 5.75
2093.91 0.11
2095.59 2.08
2097.64 3.81
2098.25 5.77
2099.07 5.13
2100.3 2.2
2103.81 5.08
2106.66 1.39
2108.41 1.86
2111.78 1.46
2115.58 4.79
2117.52 1.33
2119.05 1.21
2119.78 3.24
2120.89 0.87
2122.02 2.71
2123.87 2.23
2126.12 1.68
2127.36 3.05
2129.19 0.55
2132.46 4.62
2135.04 2.87
2137.18 3.86
2139.34 2.32
2141.48 0.56
2143.23 5.02
2146.3 3.34
2147.01 5.69
2147.73 0.99
2148.65 4.53
2150.37 5.83
2152.62 1.74
2153.96 3.9
2157.14 5.29
2160.1 1.52
2161.94 2.15
2163.89 4.51
2165.52 1.84
2167.68 0.55
2169.52 3.02
2170.74 1.68
2172.18 3.31
2174.32 1.44
2177.7 1.7
2179.14 2.45
2181.61 2.39
2184.68 0.79
2187.75 2.13
2190.82 4.35
2193.48 4.68
2196.66 0.82
2198.71 4.23
2200.34 0.8
2201.88 4.77
2203.52 5.34
2206.18 0.42
2207.82 5.84
2209.87 1.85
2211.51 5.07
2212.96 4.72
2215.21 0.58
2216.54 2.35
2218.38 1.53
2220.43 5.3
2222.38 1.04
2224.12 4.71
2226.27 5.36
2227.7 1.72
2229.14 3.47
2230.77 0.36
2232.42 5.16
2235.68 4.94
2239.27 1.64
2241.0 2.06
2242.75 2.58
2244.27 1.98
2247.54 0.17
2250.95 3.34
2254.02 4.42
2256.07 2.53
2258.11 1.56
2259.96 0.06
2261.8 1.27
2262.61 3.93
2263.27 4.87
2263.89 2.27
2265.22 5.54
2265.89 0.08
2268.01 5.85
2269.98 2.09
2272.01 0.81
2274.7 3.22
2276.86 3.31
2279.2 0.72
2281.39 8.59
2282.79 2.9
2283.81 0.78
2285.96 2.1
2287.98 4.18
2289.96 4.84
2294.66 0.13
2296.34 3.4
2297.33 3.76
2297.95 4.04
2299.99 0.48
2301.95 3.56
2303.98 1.64
2306.13 1.69
2308.09 6.73
2309.95 3.31
2311.97 5.01
2313.95 2.75
2315.96 4.06
2318.01 5.1
2319.96 1.11
2321.95 2.22
2323.95 8.01
2325.87 3.33
2327.92 1.91
2329.96 0.79
2332.15 7.21
2334.28 1.18
2336.46 4.7
2339.71 2.8
2342.27 0.26
2344.01 5.46
2345.04 0.49
2346.47 5.75
2348.21 1.19
2349.95 3.6
2352.2 1.95
2354.36 0.19
2356.28 1.73
2358.35 3.57
2360.18 3.87
2362.01 1.06
2364.39 0.96
2366.34 2.32
2368.18 3.56
2372.17 2.78
2373.91 4.61
2375.24 4.36
2378.21 1.73
2380.97 0.2
2383.54 5.51
2386.3 4.52
2388.88 5.83
2391.64 1.76
2393.9 0.04
2395.03 0.5
2396.1 6.99
2396.87 5.24
2397.73 8.2
2399.57 1.85
2401.57 2.5
2403.56 1.55
2405.57 2.47
2412.94 2.31
2416.43 2.4
2418.07 3.14
2418.68 6.07
2419.81 0.69
2420.63 5.32
2422.45 2.85
2424.21 4.44
2426.35 2.58
2428.29 1.88
2430.24 2.72
2431.47 0.65
2436.67 4.78
2440.67 2.59
2442.92 2.33
2445.26 0.24
2446.61 1.98
2448.81 4.46
2450.21 4.99
2453.18 2.69
2455.53 2.42
2456.59 7.84
2457.93 0.98
2459.02 5.59
2462.6 0.9
2465.67 3.55
2467.41 2.01
2469.15 0.55
2471.09 2.72
2473.04 0.78
2473.67 5.34
2477.75 2.75
2480.31 1.23
2482.36 4.01
2484.2 1.18
2486.46 5.35
2488.3 0.72
2489.94 1.68
2492.3 1.92
2493.99 2.73
2495.23 2.95
2496.63 2.28
2498.3 3.72
2501.16 2.97
2502.7 1.84
2504.26 4.67
2505.61 7.24
2507.84 2.97
2509.7 1.55
2511.75 1.77
2514.41 2.96
2516.97 4.82
2518.13 4.88
2519.93 5.07
2522.47 1.6
2525.88 4.04
2528.32 0.33
2530.69 4.39
2533.02 1.3
2534.79 2.21
2537.86 1.89
2539.71 4.11
2541.54 1.85
2543.5 2.57
2544.1 2.38
2545.75 2.36
2547.9 1.11
2550.24 0.07
2557.94 1.82
2558.55 2.24
2559.26 2.2
2559.78 2.04
2561.23 2.99
2562.54 5.35
2563.37 3.87
2563.98 6.62
2564.8 4.0
2565.52 4.81
2567.07 1.76
2569.1 2.82
2571.12 3.86
2573.08 3.92
2575.11 3.92
2577.08 2.6
2579.11 0.71
2581.27 2.04
2583.42 0.03
2585.57 4.49
2587.1 2.17
2589.46 5.31
2591.92 3.01
2593.87 1.5
2595.09 1.18
2597.14 0.52
2599.6 1.84
2602.36 3.06
2604.51 2.55
2606.07 3.61
2608.41 0.11
2610.35 5.54
2612.42 1.76
2613.64 4.07
2615.37 0.45
2617.54 0.61
2619.49 2.91
2621.23 1.22
2623.07 1.33
2625.11 3.56
2627.07 3.3
2629.02 1.23
2631.14 1.9
2633.09 3.07
2635.14 2.73
2637.09 3.41
2639.13 1.58
2644.26 0.11
2644.97 3.94
2646.76 0.86
2648.76 0.56
2650.81 3.09
2652.76 3.99
2654.78 3.53
2656.83 1.9
2659.2 1.35
2660.83 5.74
2663.31 0.21
2664.82 1.91
2667.08 6.07
2668.81 0.69
2670.77 1.77
2672.8 1.95
2674.76 2.18
2676.81 0.25
2678.77 5.06
2680.8 1.31
2682.77 5.38
2684.79 3.98
2686.76 4.49
2688.78 5.82
2691.03 1.13
2693.93 1.46
2698.33 4.37
2700.07 2.37
2701.09 0.37
2704.57 4.28
2706.58 0.11
2709.07 3.44
2710.41 2.17
2711.43 2.18
2712.74 2.12
2715.22 3.46
2717.56 1.46
2719.3 5.44
2721.47 4.38
2723.09 2.63
2725.76 2.97
2728.63 0.99
2731.1 0.98
2735.2 3.56
2737.53 2.23
2739.37 3.34
2741.42 1.14
2742.98 1.23
2744.92 2.44
2746.56 2.73
2747.48 4.96
2749.64 4.27
2754.24 1.73
2756.18 2.49
2758.24 4.84
2759.57 6.3
2760.12 5.42
2760.99 3.54
2762.65 4.37
2764.6 2.0
2766.11 5.55
2767.79 3.48
2768.78 7.97
2769.8 3.4
2771.02 2.32
2773.07 1.26
2775.86 5.22
2778.71 6.17
2781.47 1.75
2783.63 4.48
2785.98 4.03
2788.33 4.83
2791.3 3.88
2793.05 3.48
2795.61 2.73
2797.36 4.88
2799.7 3.7
2801.44 1.64
2803.18 0.11
2804.62 3.99
2806.67 0.84
2808.82 2.77
2811.37 0.35
2814.45 2.36
2816.29 2.98
2818.96 2.57
2820.08 3.0
2821.11 2.65
2824.77 5.87
2826.3 2.7
2828.36 2.53
2829.69 5.6
2830.92 1.7
2832.68 2.37
2835.31 0.33
2837.68 4.5
2840.15 1.83
2842.28 3.43
2844.74 2.07
2846.7 1.81
2849.05 5.22
2850.99 1.63
2853.54 1.63
2855.8 1.8
2857.23 0.23
2859.18 1.99
2860.3 1.49
2862.36 3.74
2864.81 2.11
2866.76 0.96
2869.53 1.7
2870.85 1.79
2873.62 2.27
2874.96 1.21
2877.0 4.77
2879.05 4.84
2881.29 1.26
2882.63 5.05
2884.78 2.96
2886.83 1.43
2888.56 3.82
2889.92 1.47
2891.15 4.55
2893.2 4.34
2896.34 4.3
2898.53 3.17
2900.66 3.03
2904.24 2.18
2906.7 3.45
2908.33 2.04
2909.87 1.27
2910.58 3.9
2911.81 3.9
2912.96 0.38
2916.54 4.04
2920.42 4.5
2922.26 2.71
2924.94 2.08
2926.78 2.07
2928.42 2.61
2930.07 2.89
2933.03 4.83
2935.29 1.45
2936.4 2.02
2937.73 2.98
2939.06 0.53
2941.84 2.31
2944.1 2.72
2945.73 4.75
2946.95 1.21
2948.59 0.95
2950.74 1.49
2952.7 0.66
2955.25 5.83
2957.19 0.71
2959.07 2.15
2961.3 4.86
2962.73 2.04
2967.96 2.96
2969.99 0.46
2971.16 6.98
2972.24 3.36
2973.68 6.18
2974.54 7.37
2975.53 0.91
2976.59 9.3
2977.88 4.11
2980.24 1.79
2983.61 3.93
2985.66 5.22
2987.3 2.67
2989.63 1.57
2990.47 2.38
2990.98 3.05
2991.59 4.46
2993.31 0.4
2995.27 0.56
2997.51 2.64
2999.28 3.23
3001.3 1.71
3003.27 3.3
3005.29 5.32
3007.26 1.46
3009.29 3.7
3011.23 1.58
3013.28 0.2
3015.34 1.67
3017.28 0.89
3019.33 1.46
3021.29 3.94
3023.26 2.15
3025.28 2.66
3027.34 1.94
3029.9 0.06
3031.33 2.6
3033.27 4.29
3035.32 3.48
3037.26 2.32
3039.2 5.3
3041.14 1.28
3043.29 0.83
3045.26 1.11
3047.28 2.45
3049.33 0.88
3051.28 2.54
3053.32 4.69
3055.17 5.43
3057.63 0.74
3061.12 4.68
3062.95 0.11
3065.0 2.77
3066.64 2.19
3068.69 1.34
3070.84 1.92
3072.5 4.79
3074.35 5.47
3077.81 3.22
3079.96 1.04
3081.91 0.46
3083.35 1.08
3084.48 5.51
3086.32 3.16
3087.65 0.56
3089.29 5.15
3091.27 4.9
3093.27 7.34
3095.31 2.69
3097.37 1.26
3100.03 2.38
3101.99 1.43
3103.83 4.86
3106.49 0.19
3107.41 5.72
3111.32 1.71
3113.05 4.47
3115.4 4.49
3118.07 1.74
3123.2 2.31
3125.56 0.19
3126.57 1.79
3127.18 6.66
3128.07 7.96
3128.86 8.81
3130.3 4.5
3132.6 4.58
3134.34 2.66
3135.99 2.97
3137.53 3.25
3139.26 4.56
3141.31 4.37
3143.32 1.25
3145.3 1.42
3147.35 3.07
3149.27 1.18
3151.26 3.44
3153.28 0.86
3157.68 4.87
3160.87 0.39
3163.31 0.67
3164.64 4.77
3166.07 1.37
3166.99 2.15
3168.85 2.23
3170.39 3.7
3173.04 5.61
3175.59 1.22
3179.08 1.87
3180.93 1.9
3183.08 4.6
3185.44 0.59
3187.99 3.48
3190.04 4.74
3192.49 2.15
3195.69 3.86
3197.2 2.04
3199.36 1.6
3200.89 1.69
3203.04 2.41
3206.23 4.29
3207.86 2.27
3210.63 1.45
3212.62 2.03
3214.11 1.87
3215.43 3.3
3216.35 2.98
3218.4 2.48
3219.73 4.18
3221.48 4.66
3225.47 2.31
3229.17 3.09
3232.15 4.27
3235.01 3.58
3236.85 2.87
3238.78 0.11
3240.33 2.58
3241.56 3.95
3244.43 3.39
3246.48 4.17
3247.58 3.51
3248.53 4.46
3249.76 3.16
3250.45 1.05
3251.39 4.46
3252.62 2.21
3253.64 1.5
3254.34 3.24
3255.56 2.53
3257.53 2.09
3259.56 3.04
3261.52 1.31
3263.55 4.35
3265.51 3.34
3273.62 0.3
3276.58 0.59
3277.24 6.91
3278.22 1.23
3279.4 4.79
3281.5 2.64
3282.02 8.65
3284.1 5.13
3285.48 0.91
3286.97 5.53
3288.36 3.04
3290.85 6.13
3292.0 0.09
3293.69 1.5
3295.62 4.16
3297.68 4.1
3300.65 2.79
3302.89 0.82
3305.04 3.28
3306.66 2.69
3310.89 3.02
3314.24 7.26
3316.9 1.24
3319.37 3.74
3322.44 0.82
3324.08 1.3
3325.82 5.15
3328.49 1.72
3329.62 3.33
3330.96 1.26
3333.21 1.61
3333.82 2.64
3337.92 0.23
3340.15 2.5
3341.38 2.43
3342.2 4.54
3343.12 0.69
3346.18 2.85
3348.15 4.25
3349.57 4.36
3351.29 0.45
3356.24 2.31
3357.65 1.77
3358.89 4.1
3359.91 2.45
3361.24 1.83
3363.08 2.86
3365.12 1.65
3367.09 0.12
3369.11 1.18
3371.09 5.42
3373.11 4.78
3375.15 2.77
3377.1 2.13
3379.68 4.42
3381.11 2.85
3384.96 3.54
3388.5 5.95
3391.87 3.21
3394.12 2.22
3394.73 5.6
3395.76 4.01
3396.9 4.86
3397.91 1.86
3399.11 0.22
3401.09 5.25
3403.1 3.07
3405.15 0.33
3407.1 0.33
3409.15 1.13
3411.1 0.54
3413.68 0.15
3415.62 3.99
3418.16 2.44
3419.29 3.91
3421.13 1.72
3423.1 2.37
3425.12 3.0
3427.69 0.23
3431.38 5.16
3433.23 1.89
3434.15 4.46
3435.6 0.04
3437.11 1.42
3439.27 2.39
3443.89 1.5
3445.84 4.3
3449.01 1.57
3452.38 3.68
3454.12 2.01
3456.27 1.44
3459.23 3.69
3460.87 2.38
3462.51 2.03
3464.66 1.49
3466.6 0.18
3467.63 4.23
3469.48 1.78
3470.91 4.49
3474.2 0.34
3476.54 1.18
3477.86 1.92
3478.68 1.11
3479.82 4.72
3480.64 2.6
3481.45 5.2
3483.38 2.55
3485.34 2.83
3487.35 5.76
3489.35 1.11
3491.34 2.0
3493.14 3.81
3498.58 0.06
3503.29 4.7
3505.94 0.46
3508.2 3.64
3509.64 3.67
3511.89 5.47
3513.53 1.02
3515.16 1.0
3516.91 2.15
3518.87 0.12
3521.2 1.94
