0.0 79.42
1.9 113.85
3.9 139.75
6.15 140.72
8.15 115.72
10.15 126.34
12.15 0.14
14.15 143.41
16.15 150.75
18.15 148.72
20.4 149.79
22.4 0.14
24.4 195.47
26.4 0.16
28.4 196.67
30.41 203.4
32.4 0.14
34.4 205.01
36.4 3.86
38.41 208.53
40.3 6.55
42.41 159.59
44.41 193.13
46.4 197.97
48.4 210.67
50.4 5.4
52.41 208.4
54.4 158.54
56.41 0.16
58.4 184.88
60.41 3.84
62.4 169.42
64.32 0.14
66.41 143.59
68.41 149.79
70.41 0.15
72.41 183.03
74.42 0.15
76.41 179.07
78.4 181.08
80.41 181.08
82.42 181.75
84.42 0.14
86.42 146.14
88.32 6.55
90.4 76.95
92.4 89.18
94.42 0.15
96.41 137.35
98.42 1.55
100.41 119.99
102.41 111.4
104.41 4.5
106.4 123.57
108.41 114.05
110.42 108.8
112.41 97.33
114.41 116.84
116.41 121.75
118.42 0.16
120.41 133.55
122.41 0.6
124.41 155.9
126.41 154.73
128.41 193.29
130.41 115.07
132.41 4.16
134.41 185.94
136.35 0.13
138.41 183.54
140.41 211.92
142.42 0.15
144.42 187.52
146.42 0.15
148.42 214.55
150.41 197.53
152.41 192.41
154.41 192.9
156.42 3.88
158.42 68.74
160.41 71.47
162.42 129.63
164.41 191.82
166.42 1.26
168.42 212.31
170.41 6.39
172.4 127.17
174.42 192.06
176.41 212.91
178.41 221.97
180.41 0.15
182.41 211.44
184.41 1.07
186.41 221.54
188.41 234.0
190.41 0.16
192.42 235.69
194.42 0.15
196.41 216.8
198.44 207.45
200.41 228.3
202.41 177.6
204.41 0.15
206.41 260.13
208.41 2.66
210.42 210.48
212.42 217.38
214.41 0.31
216.42 197.3
218.41 0.14
220.42 153.04
222.42 198.62
224.42 198.46
226.42 200.02
228.41 0.16
230.42 205.67
232.42 5.86
234.42 208.04
236.42 191.98
238.41 0.15
240.42 191.56
242.41 5.7
244.42 225.38
246.43 228.73
248.41 0.15
250.42 196.38
252.42 218.66
254.41 223.49
256.41 5.12
258.41 235.3
260.41 225.37
262.42 0.15
264.42 235.48
266.42 220.81
268.41 235.17
270.42 214.07
272.68 217.61
274.42 222.52
276.67 3.65
278.67 179.86
280.68 0.15
282.66 186.53
284.67 177.07
286.67 170.18
288.67 169.1
290.68 6.77
292.66 211.06
294.57 6.33
296.68 159.41
298.67 199.57
300.67 0.16
302.68 145.54
304.66 1.37
306.66 207.45
308.66 189.44
310.68 196.58
312.66 185.21
314.67 0.15
316.68 151.59
318.59 3.79
320.67 148.47
322.67 186.66
324.66 0.16
326.66 187.89
328.66 0.14
330.68 184.44
332.66 171.58
334.66 4.37
336.67 191.91
338.67 3.61
340.68 187.84
342.57 4.22
344.67 151.74
346.67 142.66
348.66 0.15
350.68 200.97
352.67 193.53
354.66 210.68
356.68 186.32
358.66 200.11
360.67 164.8
362.67 0.15
364.67 218.55
366.57 5.32
368.67 203.39
370.67 195.94
372.67 0.16
374.68 224.21
376.67 0.15
378.67 200.77
380.68 233.12
382.67 235.92
384.67 238.92
386.68 0.15
388.69 234.18
390.57 0.16
392.67 228.9
394.68 164.65
396.67 0.16
398.67 182.57
400.67 0.15
402.68 141.86
404.68 134.48
406.67 151.03
408.66 176.28
410.67 3.97
412.67 175.7
414.58 0.3
416.67 170.35
418.67 139.78
420.67 6.58
422.67 180.52
424.67 167.23
426.69 179.08
428.66 182.24
430.67 178.68
432.67 171.79
434.68 0.14
436.67 188.56
438.59 0.15
440.67 167.56
442.68 198.77
444.67 0.14
446.68 191.6
448.68 6.55
450.67 199.36
452.68 206.29
454.68 172.99
456.68 208.7
458.67 6.49
460.67 209.09
462.67 3.83
464.69 208.44
466.67 230.19
468.67 0.14
470.68 226.51
472.67 222.29
474.68 222.65
476.67 207.46
478.67 206.48
480.68 135.43
482.68 6.03
484.68 123.23
486.68 4.49
488.68 150.97
490.68 171.27
492.68 0.15
494.68 131.92
496.68 0.15
498.67 194.81
500.67 167.41
502.68 198.99
504.67 225.13
506.67 0.15
508.68 214.24
510.67 3.78
512.67 225.72
514.67 218.68
516.68 163.74
518.68 172.04
520.93 0.15
522.68 227.73
524.68 197.22
526.92 225.73
528.92 188.19
530.93 0.15
532.92 231.39
534.93 0.16
536.93 244.56
538.92 173.7
540.93 0.15
542.93 228.36
544.93 0.14
546.93 233.83
548.93 188.28
550.93 0.16
552.93 230.97
554.93 0.16
556.93 242.32
558.92 3.57
560.92 266.45
562.93 229.3
564.93 0.15
566.93 225.75
568.93 0.16
570.93 182.29
572.93 184.89
574.94 172.98
576.94 178.09
578.94 0.15
580.93 228.96
582.92 6.75
584.93 206.46
586.93 237.59
588.93 0.16
590.92 232.69
592.93 6.75
594.93 226.93
596.93 221.73
598.92 233.1
600.92 210.69
602.92 0.14
604.93 200.19
606.93 6.54
608.92 254.79
610.92 256.88
612.93 0.16
614.94 236.22
616.93 0.15
618.93 236.22
620.93 259.68
622.93 0.16
624.92 188.36
626.93 181.12
628.93 199.66
630.94 0.31
632.94 221.41
634.93 255.73
636.93 0.16
638.93 256.86
640.92 0.15
642.93 251.77
644.94 284.63
646.92 247.0
648.93 187.63
650.93 4.66
652.94 281.16
654.93 2.68
656.93 275.41
658.93 275.41
660.93 0.15
662.93 265.48
664.93 5.82
666.92 266.71
668.93 273.67
670.93 269.98
672.93 154.24
674.94 0.15
676.93 122.01
678.93 3.66
680.93 226.92
682.92 196.6
684.93 99.3
686.93 137.83
688.94 5.14
690.93 225.16
692.93 221.6
694.94 204.45
696.93 172.6
698.93 5.06
700.93 198.08
702.93 0.74
704.93 204.07
706.94 206.25
708.94 0.16
710.93 224.48
712.93 3.7
714.93 215.88
716.94 228.4
718.94 213.83
720.93 195.72
722.94 231.57
724.93 195.59
726.93 6.67
728.93 234.73
730.94 238.91
732.93 0.15
734.94 229.39
736.93 0.14
738.93 193.99
740.94 158.48
742.93 158.48
744.94 203.15
746.94 0.15
748.96 156.37
750.94 0.15
752.94 116.85
754.93 154.38
756.93 0.16
758.94 154.74
760.94 0.13
762.94 140.75
764.93 165.56
766.94 163.61
768.93 142.85
770.94 4.48
772.93 159.66
775.18 4.44
777.19 195.76
779.18 191.88
780.94 196.08
782.95 217.77
785.19 0.15
787.19 211.46
789.09 1.04
791.18 187.82
793.19 173.79
795.19 0.15
797.18 220.53
799.2 0.15
801.2 129.02
803.19 214.25
805.19 239.5
807.18 223.67
809.19 0.4
811.19 210.86
813.1 0.16
815.19 163.0
817.2 193.24
819.19 0.16
821.18 228.27
823.19 209.24
825.18 232.52
827.18 218.66
829.18 0.15
831.19 233.54
833.2 5.01
835.19 199.21
837.1 5.95
839.19 208.05
841.19 200.51
843.19 0.15
845.19 234.75
847.19 0.15
849.18 214.11
851.18 251.96
853.19 235.55
855.19 252.49
857.19 0.15
859.2 243.12
861.1 3.55
863.18 263.84
865.19 265.0
867.19 0.15
869.19 265.25
871.2 6.4
873.18 245.18
875.18 267.54
877.18 272.03
879.19 272.41
881.19 0.16
883.19 238.18
885.1 0.3
887.19 190.89
889.2 186.77
891.2 0.16
893.19 219.04
895.19 5.55
897.19 223.37
899.19 209.29
901.19 229.68
903.18 182.9
905.19 0.15
907.19 228.3
909.09 4.55
911.19 197.66
913.2 229.97
915.19 0.15
917.2 234.51
919.2 0.76
921.19 231.31
923.18 189.95
925.19 0.15
927.19 227.6
929.19 3.89
931.19 183.76
933.19 3.58
935.19 234.38
937.21 216.5
939.2 0.15
941.19 214.66
943.2 4.07
945.19 235.87
947.2 231.07
949.2 0.16
951.2 225.39
953.19 0.16
955.19 223.89
957.19 3.99
959.19 235.76
961.19 221.98
963.2 0.15
965.21 213.3
967.19 6.57
969.19 194.37
971.19 216.6
973.2 188.45
975.19 150.87
977.2 0.15
979.19 169.85
