0.0 129.36
1.85 452.28
3.85 0.37
5.85 388.66
7.85 0.36
9.85 525.69
11.85 440.49
13.85 407.16
15.85 435.49
17.85 0.35
19.85 442.32
21.85 0.35
23.85 366.52
25.85 545.18
27.85 0.35
29.85 421.66
31.85 0.35
33.85 470.38
35.85 498.49
37.85 468.06
39.85 431.81
41.85 0.34
43.85 403.59
45.85 1.99
47.85 544.17
49.85 528.04
51.85 0.34
53.85 540.41
55.85 0.35
57.85 462.6
59.85 433.82
61.85 419.13
63.85 475.12
65.85 0.37
67.85 477.36
69.85 0.36
71.85 512.06
73.85 490.21
75.85 0.34
77.85 477.52
79.85 0.36
81.85 418.18
83.85 325.23
85.85 482.81
87.85 449.72
89.85 0.34
91.85 420.44
93.85 0.34
95.85 426.18
97.86 466.92
99.85 0.33
101.85 434.09
103.85 0.36
105.85 487.34
107.85 400.37
109.85 504.82
111.85 510.4
113.85 0.36
115.85 489.07
118.1 0.34
120.1 501.69
122.1 489.94
124.1 0.32
126.1 567.3
128.1 0.36
130.1 571.94
131.93 0.29
134.1 549.01
136.1 400.45
138.1 0.36
140.1 520.33
142.1 0.36
144.1 446.32
146.1 586.08
148.1 557.29
150.1 491.51
152.1 0.37
154.1 529.09
155.93 0.36
158.1 600.08
160.1 585.82
162.1 0.37
164.1 548.64
166.1 0.37
168.1 548.11
170.1 466.46
172.1 561.39
174.1 367.01
176.1 0.35
178.1 465.56
179.92 0.35
182.1 328.17
184.1 376.06
186.1 0.36
188.1 432.76
190.1 2.12
192.1 166.52
194.1 0.23
196.1 9.3
198.1 376.69
200.1 3.44
202.1 207.39
204.1 0.34
206.1 347.63
208.1 352.62
210.1 0.36
212.1 249.69
214.1 0.35
216.1 282.53
218.1 273.93
220.1 15.78
222.1 272.22
224.1 0.36
226.1 235.32
228.1 0.39
230.1 164.2
232.1 129.39
234.1 0.35
236.1 121.91
238.12 0.22
240.1 169.99
242.13 85.01
244.1 53.15
246.11 78.67
248.1 3.2
250.18 136.59
252.1 7.54
254.18 137.53
256.1 192.57
258.1 0.29
260.1 110.11
262.1 7.78
264.15 160.53
266.1 172.5
268.1 0.3
270.1 112.05
272.1 4.22
274.1 101.26
276.1 0.36
278.1 103.98
280.1 101.42
282.1 137.18
284.1 124.54
286.1 0.37
288.1 45.6
290.1 59.65
292.1 133.05
294.1 96.23
296.1 2.04
298.1 133.93
300.1 108.04
302.1 130.26
304.1 130.26
306.1 0.34
308.1 110.78
310.11 6.11
312.1 107.02
314.1 105.27
316.1 90.57
318.1 91.66
320.1 88.82
322.1 68.56
324.1 111.63
326.1 108.62
328.1 120.09
330.1 101.0
332.1 108.68
334.1 0.35
336.1 104.4
338.1 107.95
340.1 105.05
342.1 124.15
344.1 125.98
346.1 108.96
348.1 0.36
350.1 143.94
352.1 145.87
354.1 0.36
356.1 112.26
358.1 0.33
360.1 100.96
362.1 100.96
364.1 128.99
366.1 83.24
368.1 3.61
370.1 6.29
372.35 0.36
374.35 94.82
376.35 112.59
378.35 138.54
380.35 154.11
382.35 0.36
384.35 209.32
386.35 203.69
388.35 210.28
390.35 179.77
392.36 0.36
394.35 241.39
396.36 0.35
398.35 245.54
400.36 300.49
402.35 0.36
404.35 303.84
406.35 0.36
408.35 371.36
410.35 416.29
412.35 379.81
414.35 411.54
416.35 0.33
418.35 388.18
420.35 0.34
422.36 434.79
424.35 394.63
426.35 0.36
428.35 433.51
430.35 0.36
432.35 378.96
434.35 430.89
436.35 436.0
438.35 448.87
440.35 0.36
442.35 422.41
444.35 4.47
446.35 0.51
448.35 451.39
450.35 0.36
452.35 419.92
454.35 8.23
456.36 511.51
458.35 472.98
460.35 500.41
462.36 503.7
464.35 0.37
466.35 433.82
468.36 0.36
470.35 454.47
472.35 433.49
474.35 0.36
476.35 396.09
478.35 0.33
480.35 488.7
482.35 444.2
484.35 485.24
486.35 480.27
488.35 0.36
490.35 426.02
492.35 0.36
494.35 425.77
496.35 490.01
498.35 0.37
500.35 350.97
502.36 0.36
504.36 553.69
506.36 462.2
508.35 502.58
510.35 523.7
512.35 0.36
514.36 441.61
516.36 0.36
518.35 408.94
520.36 416.18
522.35 0.35
524.35 469.45
526.36 0.35
528.36 482.89
530.35 409.28
532.35 451.57
534.35 478.68
536.35 0.35
538.35 435.32
540.35 0.29
542.35 369.16
544.35 480.66
546.35 0.37
548.35 440.24
550.36 0.37
552.36 436.19
554.35 471.62
556.35 458.17
558.35 472.86
560.36 0.36
562.36 443.52
564.36 0.35
566.36 522.58
568.36 390.87
570.35 486.99
572.35 541.1
574.35 0.36
576.35 358.45
578.36 422.82
580.35 297.43
582.35 434.77
584.35 0.39
586.35 526.11
588.36 0.37
590.35 491.99
592.36 571.49
594.35 0.34
596.35 328.7
598.35 0.36
600.35 496.0
602.35 531.9
604.35 457.04
606.36 419.61
608.35 0.36
610.35 517.42
612.35 0.37
615.3 28.49
616.35 52.7
618.36 70.85
620.35 85.88
622.35 100.59
624.36 122.81
626.36 137.23
628.6 146.02
630.6 177.76
632.6 0.36
634.61 199.69
636.6 0.36
638.6 203.8
640.61 231.02
642.6 224.07
644.6 224.91
646.6 0.35
648.6 222.39
650.43 0.34
652.6 3.52
654.61 303.0
656.61 0.36
658.61 344.42
660.6 0.32
662.6 0.14
664.6 360.74
666.6 387.53
668.6 335.51
670.61 0.32
672.6 392.81
674.43 0.36
676.61 382.52
678.6 414.08
680.6 0.29
682.61 417.39
684.6 0.36
686.61 433.24
688.61 496.92
690.61 486.96
692.61 493.72
694.6 0.37
696.61 518.34
698.6 0.35
700.61 489.09
702.61 514.54
704.6 0.36
706.6 379.53
708.61 0.36
710.6 511.91
712.61 430.45
714.61 518.87
716.6 484.51
718.6 0.33
720.61 446.37
722.6 0.35
724.6 517.76
726.61 502.66
728.6 0.34
730.6 532.86
732.6 0.35
734.6 488.47
736.6 504.79
738.6 567.99
740.6 576.09
742.61 0.36
744.61 525.37
746.61 0.36
748.61 484.53
750.61 586.63
752.61 470.26
754.61 554.33
756.6 0.37
758.6 516.16
760.61 498.18
762.6 601.23
764.6 530.64
766.61 0.36
768.61 608.14
770.6 0.35
772.61 603.05
774.61 534.94
776.6 0.37
