0.0 10.87
0.77 5.23
1.33 5.08
2.47 5.04
4.14 4.9
5.99 4.8
7.8 3.51
9.62 10.56
11.18 4.98
13.0 0.81
14.76 4.77
16.24 5.13
17.16 4.88
18.04 5.4
19.66 4.51
21.3 3.31
23.1 1.29
24.84 4.95
26.32 4.96
28.2 4.98
29.34 4.85
30.99 2.49
32.97 2.57
34.95 5.34
36.94 6.56
38.95 7.42
40.95 8.71
42.95 9.73
44.95 12.08
46.95 15.75
48.95 14.06
50.95 6.82
52.95 0.4
55.42 2.79
57.5 4.99
59.02 4.51
60.98 4.38
62.95 9.15
64.95 10.35
66.94 12.78
68.95 13.3
70.94 15.65
72.94 17.38
74.95 19.84
76.95 19.64
78.95 19.07
80.96 20.1
82.95 15.33
84.95 19.57
86.95 15.31
88.94 22.53
90.98 17.32
92.94 4.9
94.95 6.69
97.2 16.83
99.2 22.66
101.2 19.43
103.2 22.76
105.06 14.8
107.19 20.69
109.2 26.42
111.2 16.75
113.2 12.69
115.2 27.48
117.2 30.37
119.2 21.94
121.2 23.95
123.19 14.02
125.19 22.58
127.2 28.98
129.06 23.95
131.2 26.23
133.19 14.91
135.2 16.63
137.2 22.68
139.19 18.44
141.19 21.5
143.2 23.45
145.2 0.15
147.19 25.81
149.19 28.14
151.3 21.2
153.5 3.59
155.19 6.76
157.2 14.63
159.19 4.17
163.12 4.05
166.88 4.02
171.32 4.81
173.65 5.01
176.09 5.06
178.88 4.81
180.12 4.86
181.66 5.0
183.11 5.03
184.53 4.55
185.82 4.7
186.56 5.26
187.36 4.96
188.1 5.19
189.53 4.6
191.19 5.16
193.19 5.13
195.19 10.83
197.2 11.44
199.19 14.36
201.08 9.31
203.2 5.89
205.19 15.02
207.19 16.89
209.19 16.72
211.21 17.47
213.25 7.32
215.19 5.47
217.19 0.52
219.52 2.86
224.13 4.06
228.79 5.13
231.54 5.09
234.13 4.57
236.47 5.15
237.03 5.35
237.69 5.15
238.69 5.02
239.98 6.22
242.44 3.65
244.75 5.06
246.83 4.72
248.68 4.98
250.66 4.89
252.19 4.96
254.02 4.74
255.85 5.03
257.32 4.91
258.92 4.23
260.41 5.03
262.19 5.04
263.25 5.03
265.19 4.23
267.19 4.33
269.19 10.28
271.19 14.6
273.13 6.57
275.19 4.4
277.19 15.09
279.19 17.66
281.19 17.55
283.19 15.89
285.19 17.67
287.19 20.16
289.19 5.64
291.19 4.88
295.24 5.16
298.07 4.77
299.23 4.75
301.34 4.47
303.32 4.9
304.88 4.58
306.33 4.89
307.42 5.17
309.19 3.94
311.2 7.95
313.19 8.75
315.19 10.52
317.19 12.17
319.18 14.04
321.19 16.38
323.19 2.15
325.19 9.71
327.19 16.29
329.18 3.44
331.18 12.86
333.24 3.41
335.47 6.27
339.23 18.29
342.68 1.53
346.04 4.98
350.17 4.71
351.97 4.95
354.01 5.0
356.41 4.65
357.51 4.95
358.71 4.94
359.46 5.09
362.0 5.11
365.45 3.58
366.64 4.47
368.36 4.72
370.63 4.33
372.63 5.03
375.09 5.01
376.86 4.92
378.05 5.0
379.11 4.89
382.14 4.73
383.27 5.27
384.15 7.51
386.15 4.74
387.64 4.95
389.06 5.09
391.08 10.12
393.18 3.09
395.08 5.46
397.06 4.89
398.93 1.37
401.17 5.08
403.06 5.05
405.06 15.57
407.06 14.97
409.06 17.48
411.06 18.47
413.06 16.57
415.06 19.33
417.06 22.23
419.06 23.17
421.06 25.49
423.06 22.87
425.06 27.67
427.06 22.72
429.06 25.69
431.06 20.83
433.06 27.46
435.06 27.46
437.06 0.13
438.98 4.43
441.78 2.41
444.93 0.15
447.69 5.04
449.82 5.09
451.96 5.05
455.8 2.75
456.89 7.08
458.88 5.12
461.4 5.02
464.82 4.96
466.1 5.07
466.88 5.17
467.68 5.08
469.58 5.1
471.78 4.97
474.26 4.86
476.38 4.93
482.85 5.14
483.94 5.4
485.32 7.44
486.34 5.12
489.12 5.02
491.27 4.75
493.5 4.94
495.11 4.87
496.33 5.35
497.65 5.07
499.59 4.72
502.23 5.0
504.19 5.0
505.94 4.86
507.23 5.03
508.89 4.94
509.43 5.25
510.64 4.98
512.71 9.03
514.76 4.27
516.64 4.71
518.64 5.01
520.64 10.85
522.64 13.72
524.64 14.18
526.64 8.85
528.64 19.11
530.64 5.19
532.64 19.05
534.64 10.49
536.64 11.87
538.64 26.23
540.64 26.23
543.53 4.7
547.11 0.55
548.72 4.16
549.96 4.99
550.91 5.04
552.64 4.92
555.19 4.99
556.64 5.0
558.64 12.07
560.64 7.79
562.64 4.92
564.64 3.88
566.64 6.66
568.64 6.28
570.64 18.34
572.7 15.44
574.87 6.85
576.64 6.9
578.64 4.69
581.72 1.37
584.71 4.98
587.09 3.72
588.69 4.95
590.49 4.98
592.58 4.94
594.09 2.92
595.74 5.13
597.4 2.81
599.08 5.06
600.9 5.04
602.96 1.43
606.2 4.74
609.09 4.82
611.62 5.17
613.77 0.7
615.98 4.0
619.21 4.84
622.86 4.75
624.77 6.96
626.56 4.91
628.06 5.0
629.35 4.92
630.6 5.11
632.36 0.98
633.88 4.13
635.4 3.86
636.71 7.34
638.01 4.08
639.37 1.41
640.93 4.09
642.76 0.68
644.89 3.39
646.88 5.13
648.89 7.31
650.89 13.91
652.89 5.57
654.89 16.3
656.88 11.99
658.89 17.18
660.98 17.01
662.88 16.9
664.89 18.58
666.89 10.89
668.89 16.52
670.79 13.01
672.88 11.95
674.89 18.15
676.89 5.2
678.91 23.32
680.88 24.57
682.88 14.29
684.88 26.16
686.88 20.98
688.89 21.94
690.88 25.32
692.98 16.02
694.91 5.18
696.89 5.18
698.88 26.65
700.89 19.51
702.88 18.2
704.89 11.36
706.89 23.27
708.89 23.96
710.88 22.05
712.88 20.76
714.89 17.55
716.88 23.76
718.89 19.99
720.88 20.35
722.88 22.01
724.89 7.87
726.88 23.01
728.99 20.84
730.89 23.01
732.88 11.82
734.89 8.74
736.88 8.74
738.89 19.78
740.88 22.69
742.88 20.0
744.88 15.54
746.89 12.97
749.92 1.81
754.33 2.42
757.92 8.11
759.3 4.69
762.79 3.83
764.93 3.73
766.0 3.88
767.04 4.9
768.12 4.91
769.77 3.4
773.39 4.54
776.69 4.12
778.71 4.87
781.87 3.15
784.49 6.55
785.87 2.9
787.28 2.96
789.64 3.42
792.07 2.78
794.32 3.11
795.34 4.88
797.52 4.02
798.58 4.84
800.4 5.1
802.45 3.32
804.68 3.97
807.25 2.93
808.81 4.97
809.96 5.1
811.62 2.72
813.23 4.08
815.16 3.44
817.2 4.24
818.33 6.48
819.22 9.32
820.52 4.88
821.43 5.07
822.88 0.85
824.88 4.55
826.88 12.36
828.89 12.55
830.88 9.79
832.89 14.97
834.88 16.84
836.88 19.08
838.89 16.88
840.88 5.95
842.88 3.83
844.89 0.14
847.13 3.05
849.13 3.45
851.13 3.92
853.0 5.42
855.13 5.54
857.13 3.99
859.13 4.82
861.13 5.56
863.13 6.59
865.13 4.51
867.13 4.91
869.36 4.96
871.09 4.98
873.13 6.79
875.25 1.53
877.24 4.35
879.13 9.86
881.13 1.97
883.34 2.56
885.13 4.51
887.13 4.16
889.11 1.85
891.54 4.2
893.11 2.43
895.13 3.03
897.13 11.7
899.13 14.09
901.0 5.07
903.13 7.0
905.13 5.11
910.89 3.53
917.54 2.96
919.03 2.11
920.27 3.15
921.47 3.76
922.43 5.17
923.23 3.68
924.38 3.06
925.3 4.9
926.4 3.0
928.69 3.08
930.15 2.91
931.87 5.07
933.27 4.56
935.11 4.26
937.82 3.34
939.13 9.17
941.13 1.44
943.13 5.55
945.12 9.76
947.12 13.34
949.0 12.76
951.13 15.58
953.13 5.09
955.04 3.82
957.19 1.6
959.13 4.96
961.12 7.89
963.12 9.09
965.12 11.43
967.13 12.46
969.13 0.15
972.01 2.75
974.21 4.38
977.08 5.01
983.75 5.26
984.84 4.61
986.13 5.01
986.74 5.03
989.05 5.03
990.4 1.43
991.71 5.09
993.37 4.87
996.26 1.64
998.42 5.33
999.37 6.75
1000.98 7.13
1002.99 7.45
1004.97 2.73
1008.58 5.1
1011.5 4.41
1013.51 4.94
1016.41 5.06
1018.4 4.89
1019.4 5.07
1020.42 4.95
1021.2 4.88
1022.99 5.09
1024.98 4.55
1026.98 4.77
1028.98 10.85
1030.98 10.87
1032.98 12.97
1034.98 14.12
1036.99 14.24
1038.99 17.61
1040.99 11.63
1042.99 11.79
1044.98 11.64
1046.99 1.98
1048.98 10.89
1050.98 3.84
1052.98 4.68
1057.51 3.87
1062.53 1.11
1067.0 3.35
1067.8 3.34
1069.0 3.63
1070.7 4.79
1072.04 4.82
1075.61 4.8
1077.96 4.91
1079.95 4.88
1082.59 3.23
1084.74 3.01
1087.02 5.26
1088.09 5.27
1089.4 5.01
1090.6 4.79
1093.03 3.76
1095.21 5.02
1098.35 4.27
1099.48 5.09
1100.85 4.91
1104.59 2.79
1107.61 1.24
1110.71 3.06
1112.35 2.73
1113.29 2.82
1116.41 2.29
1118.49 3.31
1120.14 6.12
1121.41 4.03
1122.82 3.0
1124.15 2.77
1125.04 2.94
1126.1 2.99
1127.55 2.94
1129.0 4.18
1130.5 2.79
1131.54 3.53
1132.88 2.84
1135.18 2.94
1136.74 2.77
1138.84 3.3
1140.84 5.19
1142.84 5.38
1144.84 7.87
1146.84 6.92
1148.84 5.0
1150.84 8.95
1152.84 8.68
1154.84 11.6
1156.84 6.52
1158.84 12.54
1160.84 12.98
1162.84 6.55
1169.1 4.61
1176.12 1.35
1177.28 2.25
1178.83 5.05
1179.46 6.53
1181.65 3.03
1184.37 5.02
1186.72 3.05
1187.47 2.77
1190.96 2.88
1193.45 2.92
1196.03 3.1
1198.62 2.86
1201.37 2.8
1203.51 4.29
1205.4 2.71
1207.04 2.65
1208.73 2.5
1209.81 2.7
1210.58 3.72
1211.4 2.66
1213.32 2.65
1218.11 2.95
1219.61 2.84
1222.74 2.43
1225.17 2.81
1226.24 2.71
1227.0 2.86
1228.53 3.29
1229.33 6.01
1230.54 3.33
1231.56 3.17
1232.42 4.88
1234.94 1.22
1237.93 1.84
1238.82 6.18
1241.0 4.9
1243.71 4.69
1246.59 2.99
1249.08 5.14
1251.7 3.99
1254.48 3.28
1257.35 4.25
1258.82 4.37
1259.96 4.22
1261.47 3.77
1262.55 5.07
1263.57 4.98
1264.58 4.92
1266.18 5.08
1268.19 9.24
1270.18 13.08
1272.18 15.33
1274.18 11.45
1276.18 1.41
1279.08 1.32
1281.5 2.95
1283.58 7.45
1285.62 3.51
1288.64 3.02
1290.7 5.02
1293.02 5.15
1296.58 0.81
1298.37 1.47
1300.02 6.4
1303.75 3.71
1304.72 4.21
1306.28 4.96
1307.54 4.47
1309.1 4.98
1310.83 5.11
1312.83 3.4
1315.16 1.31
1317.88 4.99
1321.25 5.06
1323.11 3.28
1324.59 4.87
1326.15 5.11
1328.44 3.05
1329.35 4.97
1331.8 4.78
1333.77 3.02
1336.11 3.86
1337.87 4.67
1338.81 3.14
1340.02 5.08
1341.66 2.6
1343.01 4.88
1345.4 4.39
1347.59 4.78
1351.33 4.87
1356.6 2.23
1358.6 1.97
1359.13 7.99
1359.92 9.75
1362.06 5.01
1364.79 4.72
1366.87 4.85
1367.78 5.09
1368.55 5.18
1374.93 5.04
1378.14 5.02
1380.52 3.99
1382.3 4.76
1383.65 5.46
1385.15 6.23
1386.69 4.92
1388.24 5.01
1390.3 4.45
1393.12 4.8
1395.6 7.3
1397.45 4.7
1398.12 4.87
1399.67 4.99
1402.05 4.89
1404.29 5.11
1406.56 5.02
1408.93 5.2
1410.95 5.0
1413.23 4.57
1416.66 2.0
1419.19 9.49
1419.74 10.39
1420.63 4.41
1421.51 0.54
1424.9 4.89
1427.31 4.99
1429.66 9.6
1431.69 0.01
1432.29 10.0
1436.75 3.92
1439.3 5.0
1442.0 5.09
1444.57 4.62
1446.06 4.75
1447.82 5.07
1450.08 4.68
1451.69 4.36
1452.28 4.16
1453.02 4.93
1454.64 3.3
1457.91 4.38
1460.15 4.66
1462.08 5.09
1464.67 4.24
1467.16 3.9
1469.9 4.71
1472.16 6.99
1474.46 2.35
1476.85 3.54
1478.31 8.17
1479.75 1.55
1482.67 4.76
1484.95 3.92
1490.85 2.14
1492.02 7.07
1493.48 4.83
1494.04 5.02
1496.64 4.91
1498.61 5.06
1500.68 4.95
1502.89 6.2
1504.73 4.8
1507.03 5.01
1509.66 4.95
1511.66 4.12
1514.15 2.96
1516.52 4.64
1518.83 5.1
1520.35 4.96
1521.27 7.81
1522.44 4.83
1523.09 5.99
1524.2 4.76
1526.19 4.65
1528.19 6.35
1530.2 8.34
1532.2 4.39
1534.76 1.68
1537.4 5.73
1538.46 4.95
1541.06 1.16
1543.13 2.12
1545.34 3.85
1548.29 4.85
1550.52 4.66
1552.8 5.07
1554.93 1.48
1556.04 4.46
1557.33 4.03
1558.42 4.06
1560.2 1.14
1562.2 2.31
1564.19 6.38
1566.19 12.53
1568.2 14.21
1570.19 9.75
1572.2 13.57
1574.2 15.48
1576.2 15.97
1578.2 13.7
1580.2 0.15
1582.2 3.32
1584.2 5.07
1587.44 9.82
1590.1 3.18
1592.34 3.43
1594.9 2.25
1597.95 7.24
1599.5 5.1
1601.47 0.41
1603.14 4.76
1604.99 4.2
1607.07 2.42
1608.95 4.87
1611.68 4.92
1614.14 4.92
1616.43 4.88
1619.92 4.02
1622.25 4.95
1624.21 4.17
1625.74 0.18
1627.42 3.85
1628.84 3.6
1630.49 4.91
1633.17 3.71
1636.01 4.72
1638.3 4.86
1640.45 3.56
1641.93 4.65
1643.17 3.23
1644.33 4.67
1646.63 3.51
1647.62 4.72
1649.77 5.0
1651.87 7.6
1653.02 5.1
1655.28 3.85
1658.45 5.89
1659.55 6.77
1661.92 3.83
1663.59 5.21
1665.13 4.93
1667.61 5.22
1670.51 5.05
1673.87 6.93
1675.56 4.91
1677.19 4.93
1678.83 4.93
1680.82 4.9
1682.88 4.57
1683.6 7.24
1684.37 5.36
1686.01 4.96
1688.01 5.08
1690.02 9.05
1692.02 12.8
1693.92 16.4
1696.02 12.76
1698.02 9.28
1700.02 3.37
1702.02 14.27
1704.01 17.72
1706.02 4.96
1708.01 5.2
1710.31 7.62
1712.01 4.88
1714.72 2.95
1717.13 2.33
1719.64 5.09
1721.84 2.43
1723.15 5.01
1724.8 5.11
1726.09 4.93
1728.44 4.83
1730.53 5.03
1732.9 4.99
1735.56 4.82
1737.06 6.57
1738.01 5.99
1740.02 8.03
1742.01 9.03
1744.02 8.14
1746.01 11.15
1748.01 4.85
1750.3 0.14
1752.07 4.3
1754.01 4.72
1756.01 14.19
1758.01 17.19
1760.01 4.97
1762.02 8.02
1764.01 0.91
1766.02 18.75
1768.01 14.36
1770.02 20.7
1772.02 21.34
1774.01 21.64
1776.15 1.15
1777.99 3.42
1780.13 4.18
1782.16 5.0
1784.08 5.11
1785.98 4.81
1788.01 5.0
1790.01 9.25
1792.02 10.4
1794.01 11.73
1796.01 12.08
1798.15 12.83
1800.01 19.29
1802.01 19.04
1804.02 17.91
1806.01 0.25
1808.01 5.44
1810.01 18.81
1812.01 15.17
1814.01 25.21
1816.01 5.65
1818.01 14.16
1820.01 24.0
1822.01 23.1
1824.02 1.16
1826.01 3.03
1828.01 5.12
1830.01 5.16
1832.01 9.92
1834.01 13.86
1836.01 3.5
1838.15 4.26
1840.01 11.48
1842.02 5.19
1846.95 1.25
1856.8 0.55
1859.38 0.79
1860.94 1.19
1862.26 2.09
1862.86 2.63
1863.78 1.67
1864.8 1.87
1865.92 1.7
1867.18 1.51
1867.96 1.7
1868.7 1.72
1869.35 1.76
1871.38 1.75
1873.96 1.63
1876.53 1.65
1879.19 1.69
1882.34 1.44
1884.42 2.36
1886.11 2.49
1887.9 2.37
1889.4 2.44
1890.81 2.43
1892.55 2.49
1894.04 2.59
1896.57 2.18
1898.36 3.01
1900.18 8.05
1901.62 4.95
1903.35 4.94
1904.85 4.9
1906.26 5.12
1908.13 4.42
1910.26 5.01
1912.71 2.88
1914.7 3.08
1916.25 5.14
1918.26 5.18
1920.31 9.56
1922.26 10.46
1924.25 12.83
1926.26 12.83
1928.26 14.49
1930.27 14.42
1932.26 14.62
1934.26 8.37
1936.26 5.28
1938.26 5.07
1940.26 5.02
1942.27 6.12
1944.28 3.89
1946.26 15.86
1948.25 11.58
1950.26 21.19
1952.26 23.18
1954.26 20.48
1956.33 24.55
1958.55 2.49
1960.26 23.39
1962.25 12.01
1964.26 1.13
1966.26 2.2
1968.25 2.2
1970.26 4.23
1972.26 8.22
1974.25 9.43
1976.26 9.43
1978.26 0.14
1980.27 5.5
1982.25 5.57
1984.26 8.02
1986.26 17.21
1988.26 12.05
1990.25 20.43
1992.26 22.29
1994.26 13.09
1996.25 8.88
1998.25 16.54
2000.26 10.39
2003.42 2.39
2005.43 4.51
2006.97 4.89
2008.75 3.82
2010.25 4.87
2012.25 5.05
2014.25 5.52
2016.29 2.09
2018.29 0.87
2020.25 9.96
2022.26 16.83
2024.28 16.03
2026.26 17.4
2028.25 17.34
2030.25 17.38
2032.26 10.09
2034.25 16.22
2036.26 19.23
2038.25 16.09
2040.25 5.51
2042.25 5.99
2044.25 5.31
2046.25 4.83
2048.25 0.49
2050.24 3.32
2052.26 4.77
2054.25 5.13
2056.25 5.07
2058.25 19.04
2060.26 17.04
2062.25 18.49
2064.25 21.39
2066.25 20.47
2068.25 23.36
2070.26 20.82
2072.25 25.31
2074.25 14.76
2076.29 20.23
2078.28 5.76
2080.25 6.7
2082.25 24.93
2084.26 24.93
2086.25 24.93
2088.25 24.93
2090.25 24.93
2092.25 16.33
2094.5 19.44
2096.5 19.25
2098.51 23.57
2100.5 28.44
2102.5 24.27
2104.5 29.03
2106.5 15.9
2108.5 15.9
2110.5 15.9
2112.5 15.9
2114.51 15.9
2116.38 15.9
2118.5 15.9
2120.5 15.9
2122.5 15.9
2124.5 26.36
2126.5 18.71
2128.5 15.62
2130.5 14.05
2132.54 4.71
2134.5 4.55
2136.53 12.7
2138.52 12.7
2140.38 12.7
2142.5 16.55
2144.5 18.4
2146.5 15.78
2148.49 12.34
2150.5 22.79
2152.5 16.31
2154.5 22.79
2156.51 8.02
2158.5 18.83
2160.5 18.39
2162.5 18.86
2164.43 12.8
2166.5 21.82
2168.5 20.79
2170.5 18.66
2172.5 23.05
2174.5 23.07
2176.5 22.24
2178.5 17.29
2180.5 23.57
2182.5 23.68
2184.5 22.38
2186.5 5.04
2188.37 9.89
2190.5 16.94
2192.5 21.2
2194.5 22.35
2196.5 18.89
2198.49 3.84
2200.5 1.51
2202.5 9.53
2204.5 16.01
2206.5 21.3
2208.5 2.54
2210.45 4.96
2213.21 2.49
2215.28 4.93
2217.12 4.73
2219.73 8.75
2221.16 4.38
2223.42 4.93
2227.2 0.27
2232.82 4.75
2234.74 4.89
2236.36 4.35
2237.68 5.13
2240.22 4.82
2242.06 5.05
2243.64 3.13
2244.54 1.2
2247.02 1.33
2248.68 1.94
2250.04 4.63
2251.93 4.78
2254.08 4.87
2256.4 2.72
2258.54 2.18
2259.8 3.03
2263.33 1.86
2265.15 2.05
2268.36 4.15
2270.67 0.33
2272.51 2.83
2273.45 2.34
2275.21 0.17
2276.28 0.65
2277.91 1.76
2279.37 0.95
2281.1 2.54
2283.92 5.26
2286.2 4.94
2286.98 4.64
2288.35 4.56
2290.75 3.36
2291.83 3.79
2293.57 4.73
2298.71 3.72
2299.87 4.58
2301.37 4.7
2306.85 1.78
2312.0 2.16
2313.34 2.84
2314.95 2.5
2316.56 0.87
2319.31 1.95
2321.52 3.08
2322.53 5.6
2324.21 5.45
2329.7 1.08
2330.74 1.84
2331.68 2.47
2333.84 2.32
2335.29 2.23
2337.48 2.25
2339.28 1.58
2341.22 5.16
2341.96 6.42
2344.29 4.9
2347.23 5.02
2351.13 5.35
2354.46 4.79
2356.07 5.08
2357.45 4.52
2358.46 4.99
2360.56 4.42
2363.44 3.98
2365.33 4.78
2367.46 4.94
2369.16 5.18
2372.69 0.54
2373.69 6.32
2375.82 4.03
2378.66 3.21
2379.44 6.2
2381.65 5.03
2383.5 4.89
2386.97 1.58
2388.97 2.77
2390.55 4.49
2391.36 5.95
2393.1 4.1
2395.1 5.13
2397.37 5.04
2399.57 4.84
2401.46 4.8
2403.34 4.92
2405.09 3.25
2406.64 4.77
2408.12 3.89
2410.86 4.94
2413.5 5.02
2416.02 3.63
2417.62 3.9
2419.03 4.75
2421.18 2.62
2424.09 2.6
2426.74 2.54
2428.33 2.52
2431.04 2.44
2433.35 2.7
2436.01 1.55
2439.11 2.41
2440.25 4.24
2441.17 2.5
2441.94 2.56
2442.84 5.18
2445.39 5.0
2448.36 3.67
2451.26 3.47
2454.21 5.02
2456.18 4.49
2456.74 5.64
2458.09 5.34
2460.09 8.07
2462.09 1.32
2464.09 9.93
2466.1 8.1
2468.09 1.01
2471.51 2.67
2474.46 2.7
2478.17 2.65
2483.3 2.56
2484.98 1.81
2486.98 2.71
2489.16 2.63
2490.82 2.73
2492.3 2.53
2493.4 2.67
2494.68 1.16
2496.83 1.17
2498.06 2.15
2500.21 1.98
2502.17 2.68
2504.21 2.68
2506.2 2.65
2510.08 2.71
2512.41 2.59
2514.45 2.66
2516.62 2.51
2518.18 3.03
2519.39 5.2
2520.35 7.44
2521.56 4.72
2522.73 1.26
2523.85 5.23
2526.44 0.61
2529.04 2.65
2530.95 5.18
2533.13 5.08
2535.11 4.99
2537.33 4.94
2540.02 5.09
2541.16 4.95
2542.02 5.39
2542.86 5.0
2545.11 4.92
2547.0 5.02
2549.11 4.39
2550.54 4.88
2552.26 4.76
2554.09 4.91
2556.09 7.25
2558.07 4.45
2560.08 9.31
2562.09 8.12
2564.09 13.0
2566.09 14.01
2568.09 15.37
2570.09 0.15
2572.09 2.53
2574.09 3.76
2576.09 23.25
2578.09 11.58
2580.09 17.67
2582.08 17.59
2584.09 19.74
2586.19 2.97
2588.08 2.54
2590.34 13.86
2592.34 10.43
2594.34 9.43
2596.54 0.9
2598.72 1.67
2600.77 3.58
2602.27 7.02
2604.42 5.0
2606.42 5.01
2608.3 5.01
2610.34 4.92
2612.34 6.7
2614.33 9.01
2616.43 4.59
2618.29 5.15
2620.34 12.93
2622.34 12.21
2624.34 11.57
2626.34 14.48
2628.33 17.32
2630.33 19.37
2632.2 13.1
2634.34 15.06
2636.34 16.23
2638.33 6.13
2640.34 1.88
2642.2 2.41
2644.62 4.21
2646.54 4.51
2648.33 5.05
2650.35 5.05
2652.78 4.97
2654.71 4.87
2656.4 5.01
2659.14 4.89
2661.17 4.89
2663.37 5.08
2665.97 4.69
2667.78 4.96
2669.86 4.42
2670.96 6.41
2672.33 5.01
2674.33 9.44
2676.44 0.08
2678.32 4.27
2680.25 13.85
2682.36 0.57
2684.33 4.87
2686.33 20.03
2688.33 19.69
2690.33 19.37
2692.33 21.07
2694.33 23.35
2696.33 18.01
2698.33 18.24
2700.33 22.4
2702.33 19.1
2704.34 23.26
2706.33 4.96
2708.33 4.69
2710.33 3.26
2712.33 21.78
2714.33 6.42
2716.67 5.09
2720.95 4.95
2724.33 7.94
2726.49 5.01
2728.74 4.99
2729.65 5.08
2732.67 4.96
2735.11 6.3
2737.04 4.3
2738.46 5.98
2738.97 2.37
2740.48 6.04
2743.15 4.21
2745.22 4.98
2747.02 4.63
2747.97 4.89
2749.97 6.44
2751.97 6.69
2753.97 8.78
2755.97 9.13
2757.97 11.71
2759.97 13.54
2761.97 14.79
2763.97 16.33
2765.97 15.13
2767.97 7.43
2769.97 7.12
2772.09 3.02
2774.14 3.6
2775.97 6.72
2777.97 8.45
2779.97 6.06
2781.97 9.3
2783.97 12.73
2786.53 3.62
2789.98 5.04
2791.37 5.08
2794.84 5.02
2798.82 2.55
2801.83 5.11
2804.16 4.98
2806.19 5.0
2808.07 3.23
2810.62 4.98
2812.24 4.94
2813.45 4.18
2815.05 4.95
2817.11 4.84
2819.42 7.19
2821.21 5.05
2822.95 5.1
2824.76 4.97
2825.97 4.81
2827.53 5.04
2828.53 4.78
2830.11 4.93
2831.41 4.6
2832.78 4.96
2833.96 5.18
2835.97 5.02
2837.96 11.21
2839.98 11.43
2842.21 10.41
2844.22 14.47
2846.22 13.9
2848.21 14.46
2850.22 16.07
2852.21 9.23
2854.21 17.72
2856.25 13.52
2858.21 6.62
2860.22 7.63
2862.12 18.51
2864.21 15.96
2866.21 19.86
2868.21 18.02
2870.21 18.02
2872.21 18.55
2874.21 20.53
2876.22 22.8
2878.22 22.09
2880.21 23.99
2882.21 21.08
2884.21 25.46
2886.08 16.37
2888.21 25.5
2890.21 12.97
2892.21 21.55
2894.21 25.41
2896.21 20.98
2898.22 14.83
2900.21 25.13
2902.23 22.07
2904.21 2.23
2906.22 1.35
2908.22 4.89
2910.08 5.28
2912.21 5.06
2914.22 19.77
2916.32 22.41
2918.22 7.69
2920.21 7.69
2922.21 24.51
2924.21 4.98
2926.95 1.39
2929.31 4.88
2931.37 4.99
2933.21 4.89
2934.68 4.9
2936.23 4.88
2938.22 5.07
2940.24 4.84
2942.14 4.99
2944.21 5.08
2946.21 5.09
2949.32 4.91
2951.25 4.69
2953.17 4.98
2954.93 5.07
2956.78 5.09
2958.55 4.74
2960.36 3.41
2962.48 4.87
2964.27 5.03
2966.21 4.79
2968.21 5.0
2970.21 5.15
2972.21 5.64
2974.21 9.88
2976.22 12.66
2978.23 12.66
2980.21 7.69
2982.21 12.67
2984.21 4.99
2987.19 3.52
2989.71 4.05
2991.46 4.55
2992.16 5.19
2994.21 5.09
2996.21 8.28
2998.21 8.22
3000.21 9.91
3002.21 11.46
3004.21 9.82
3006.21 12.32
3008.15 3.17
3010.21 0.05
3012.21 4.98
3014.21 12.55
3016.21 13.7
3018.21 16.14
3020.21 6.51
3022.21 5.05
3024.21 4.91
3026.21 7.31
3028.21 9.97
3030.21 15.24
3032.21 4.95
3034.46 5.11
3036.26 3.01
3038.91 4.2
3040.63 7.02
3042.81 4.96
3044.59 5.02
3046.41 4.96
3048.22 4.92
3050.21 5.28
3052.21 9.76
3054.21 13.29
3056.21 12.1
3058.21 13.03
3060.21 18.06
3062.21 19.03
3064.21 20.96
3066.2 21.95
3068.21 13.38
3070.21 1.97
3072.21 18.09
3074.21 13.16
3076.21 2.63
3078.21 8.55
3080.21 16.48
3082.21 17.28
3084.2 10.94
3086.21 7.31
3088.2 23.45
3090.45 10.1
3092.46 5.66
3094.45 6.37
3096.45 15.62
3098.52 7.22
3100.46 10.68
3102.45 23.44
3104.45 11.37
3106.45 16.88
3108.46 18.44
3110.45 16.91
3112.46 16.91
3114.45 4.95
3117.65 1.33
3119.23 3.98
3121.37 4.95
3122.92 5.08
3126.28 4.78
3128.78 5.01
3130.8 4.77
3132.25 5.07
3135.61 4.94
3138.51 5.03
3140.28 5.05
3142.0 6.41
3143.45 4.88
3145.06 4.92
3146.69 4.84
3148.16 4.78
3149.58 4.46
3150.79 5.1
3152.45 5.02
3154.45 5.04
3156.45 5.22
3158.86 3.73
3160.71 4.15
3162.46 8.47
3164.45 8.64
3166.45 16.25
3168.46 15.82
3170.45 14.92
3172.46 4.98
3175.69 4.42
3178.12 5.15
3179.82 5.02
3181.58 4.89
3183.84 3.96
3185.45 4.84
3187.33 5.15
3188.9 5.35
3190.73 4.79
3192.4 5.0
3194.44 5.14
3196.84 5.05
3198.54 4.91
3200.45 3.79
3202.45 5.08
3204.45 0.68
3206.45 5.0
3208.45 10.14
3210.47 10.58
3212.45 14.62
3214.45 15.23
3216.45 13.02
3218.39 4.56
3221.61 5.54
3223.28 5.14
3225.35 5.13
3227.06 4.95
3229.81 4.99
3232.59 5.22
3234.55 3.49
3238.03 4.97
3240.28 4.89
3242.12 4.74
3243.65 4.96
3245.14 4.97
3246.75 5.0
3248.35 4.97
3250.21 4.62
3253.03 5.01
3255.69 5.17
3260.75 5.04
3263.62 5.06
3265.86 5.97
3267.47 5.01
3269.24 3.33
3270.1 4.97
3271.35 5.03
3273.16 4.89
3275.58 4.87
3278.64 6.53
3280.44 2.42
3281.98 8.63
3283.36 4.24
3284.8 5.03
3286.27 4.96
3287.83 5.03
3289.81 3.68
3291.78 4.73
3294.75 5.1
3296.41 4.92
3298.44 4.88
3300.7 4.54
3303.17 4.98
3305.19 5.07
3308.05 4.82
3310.58 5.0
3312.92 4.85
3314.37 8.69
3315.93 4.81
3317.33 4.94
3318.92 2.16
3319.96 1.68
3320.97 5.02
3323.05 4.93
3325.18 4.88
3327.41 4.97
3330.56 5.0
3333.04 4.54
3334.46 5.07
3336.24 4.98
3337.51 4.72
3339.48 1.9
3341.33 1.44
3342.8 9.05
3344.21 4.98
3346.58 4.91
3349.57 5.02
3353.42 5.15
3356.28 4.97
3358.16 5.02
3359.82 4.82
3360.81 4.77
3362.35 4.91
3364.55 4.71
3367.02 4.42
3369.13 4.99
3370.78 4.46
3371.42 5.24
3373.07 5.0
3374.75 5.29
3376.6 4.55
3378.38 5.03
3380.52 4.98
3382.4 4.97
3384.6 6.6
3385.51 5.33
3388.1 4.99
3390.24 4.9
3392.08 4.9
3394.65 5.11
3395.99 6.79
3398.55 1.19
3401.66 3.16
3404.13 5.02
3407.32 4.83
3409.88 4.94
3412.13 5.05
3414.63 4.18
3416.41 4.53
3417.21 4.92
3419.7 4.86
3421.84 5.08
3424.47 4.49
3426.59 4.98
3427.47 5.26
3428.24 5.06
3430.04 4.99
3432.04 10.42
3434.04 9.76
3436.04 13.71
3438.04 16.55
3440.04 16.35
3442.04 16.61
3444.04 18.85
3446.04 14.69
3448.04 20.37
3450.04 5.07
3451.91 5.43
3454.04 4.88
3456.04 4.69
3458.12 15.96
3460.07 5.53
3462.04 5.53
3464.04 12.09
3466.04 18.69
3468.04 5.16
3470.04 4.94
3472.04 14.74
3474.04 14.74
3476.05 15.59
3478.04 20.95
3480.05 3.16
3482.04 5.23
3484.04 4.64
3486.04 0.15
3488.04 2.44
3490.04 17.34
3492.04 18.16
3494.04 18.07
3496.04 19.96
3498.04 2.15
3500.03 14.88
3502.04 16.71
3504.04 22.17
3506.04 19.83
3508.04 22.97
3510.04 5.83
3512.04 6.12
3514.04 11.96
3516.04 6.09
3518.16 5.01
3520.11 6.08
3522.04 8.9
3524.04 6.05
3526.04 6.39
3528.04 5.04
3530.04 4.71
3531.98 3.36
3534.11 4.92
3536.17 7.14
3538.04 4.62
3540.04 4.98
3542.84 2.56
3545.33 5.0
3547.65 4.72
3549.4 5.01
3551.24 4.77
3552.83 4.96
3554.42 4.98
3556.21 3.85
3558.04 5.09
3560.04 4.96
3562.04 5.02
3564.04 4.01
3566.03 4.93
3568.04 14.48
3570.04 6.07
3572.04 17.45
3574.04 20.43
3576.03 8.05
3578.14 5.75
3580.04 4.84
3582.03 7.72
3584.03 15.33
3586.03 20.16
3588.03 20.72
3590.05 15.71
3592.29 18.45
3594.29 17.71
3596.29 18.89
3598.28 19.93
3600.28 15.96
3602.28 13.99
3604.29 5.54
3606.35 20.4
3608.29 12.49
3610.16 14.03
3612.28 20.29
3614.29 5.8
3616.29 14.71
3618.29 11.59
3620.28 21.89
3622.28 19.96
3624.28 5.0
3626.28 4.88
3628.29 5.39
3630.28 5.23
3632.28 20.37
3634.16 6.2
3636.28 16.16
3638.36 28.85
3640.24 5.76
3642.28 6.61
3644.29 21.98
3646.28 25.78
3648.29 25.01
3650.28 19.64
3652.28 20.83
3654.28 15.66
3656.29 7.24
3658.16 17.01
3660.28 13.58
3662.29 4.74
3664.28 20.93
3666.29 1.04
3668.28 5.52
3670.28 1.62
3672.29 18.04
3674.29 21.28
3676.28 19.71
3678.28 7.29
3680.28 14.06
3682.14 17.23
3684.28 14.33
3686.28 26.31
3688.28 0.15
3690.28 5.1
3692.29 5.98
3694.28 12.14
3696.28 16.05
3698.41 1.33
3700.28 5.82
3702.28 2.67
3704.28 4.7
3706.16 6.24
3708.28 2.82
3710.28 4.9
3712.28 1.62
3714.24 5.08
3716.65 1.19
3718.63 4.96
3720.67 4.16
3722.64 4.18
3724.72 4.78
3726.74 4.81
3728.36 4.94
3730.2 6.59
3732.31 5.07
3734.28 10.64
3736.28 11.13
3738.28 15.36
3740.28 15.7
3742.28 16.72
3744.28 10.13
3746.28 1.65
3748.28 0.58
3750.28 5.79
3752.28 4.44
3754.28 6.31
3756.29 20.87
3758.28 16.81
3760.41 4.28
3762.28 6.71
3764.28 5.59
3766.28 5.91
3768.28 8.29
3770.28 5.09
3772.28 13.41
3774.28 15.6
3776.28 3.6
3778.28 21.73
3780.28 7.98
3782.28 7.87
3784.28 0.15
3786.28 3.8
3788.28 13.87
3790.27 14.76
3792.28 15.0
3794.28 19.91
3796.28 26.74
3798.28 29.75
3800.28 5.98
3802.27 6.19
3804.28 5.15
3806.39 4.85
3810.02 3.62
3813.6 2.7
3817.61 5.06
3819.74 1.67
3821.63 4.64
3823.18 8.44
3826.03 4.07
3828.51 5.65
3829.56 4.99
3830.33 5.08
3831.27 5.13
3832.35 5.19
3833.91 4.96
3834.98 5.08
3836.28 5.0
3838.28 3.35
3840.28 2.04
3842.53 1.34
3844.52 14.44
3846.53 14.78
3848.52 6.52
3850.53 9.94
3852.53 18.58
3854.53 19.05
3856.53 16.11
3858.52 19.1
3860.53 19.09
3862.52 8.19
3864.44 0.68
3866.53 11.32
3868.52 14.09
3870.53 14.09
3872.53 21.36
3874.52 16.65
3876.53 5.11
3878.52 5.16
3880.37 4.67
3882.52 5.06
3884.53 5.7
3886.52 5.7
3888.53 22.04
3890.52 22.29
3892.52 22.18
3894.52 21.4
3896.52 19.9
3898.52 20.56
3900.52 17.05
3902.52 24.9
3904.52 9.04
3906.52 26.42
3908.52 0.15
3910.52 5.13
3912.52 5.11
3914.52 16.42
3916.53 21.93
3918.53 16.5
3920.52 5.67
3922.53 5.46
3924.53 5.53
3926.52 8.22
3928.52 21.8
3930.52 22.51
3932.53 2.1
3934.52 5.45
3936.53 0.29
3938.58 4.3
3942.47 5.26
3946.32 4.12
3949.99 9.05
3952.47 0.81
3955.39 3.07
3957.25 4.84
3959.59 1.96
3961.32 5.08
3962.06 5.03
3963.59 4.97
3965.52 5.09
3966.65 4.99
3970.06 4.99
3971.95 5.0
3972.77 4.89
3973.54 5.21
3974.34 5.04
3974.99 5.04
3976.52 5.16
3978.52 10.72
3980.52 5.64
3982.52 11.71
3984.52 9.39
3986.52 13.4
3988.53 12.23
3990.52 13.62
3992.52 13.76
3994.52 13.05
3996.52 13.31
3998.52 13.38
4000.53 14.84
4002.52 15.08
4004.52 16.76
4006.64 3.97
4008.57 5.69
4010.52 1.69
4012.52 5.01
4014.53 4.98
4017.2 3.62
4019.72 4.69
4021.73 4.85
4023.51 5.0
4025.18 4.61
4026.58 5.06
4028.52 5.03
4030.52 5.06
4032.52 2.27
4034.52 4.5
4036.52 5.01
4038.52 2.52
4040.95 2.39
4042.52 4.74
4044.52 12.32
4046.52 18.46
4048.52 8.73
4050.52 5.73
4052.52 10.61
4054.52 18.59
4056.52 22.35
4058.52 22.5
4060.52 22.48
4062.52 19.66
4064.52 22.27
4066.65 6.29
4068.6 6.29
4070.52 6.29
4072.52 9.67
4074.52 9.67
4076.52 9.93
4078.52 10.32
4080.52 20.92
4082.52 2.8
4084.52 28.12
4086.53 11.69
4088.52 25.17
4090.52 6.13
4092.77 12.1
4094.77 18.87
4096.77 27.54
4098.77 5.0
4100.61 1.87
4104.28 6.63
4106.44 4.97
4108.08 4.69
4109.67 4.92
4111.74 4.93
4114.27 4.85
4116.23 5.23
4117.91 4.87
4119.56 4.65
4121.24 5.19
4123.22 4.2
4125.85 4.92
4128.18 1.15
4130.51 7.72
4132.22 4.99
4133.5 5.0
4134.75 4.94
4136.77 5.04
4138.79 5.08
4141.77 4.99
4144.45 3.68
4145.85 4.87
4147.18 4.78
4149.4 4.99
4151.73 4.71
4154.05 5.03
4156.18 4.96
4158.09 4.98
4159.71 5.06
4161.26 4.33
4162.66 4.9
4164.78 4.37
4166.89 4.72
4168.77 4.97
4170.76 4.95
4172.77 5.21
4174.77 12.04
4176.65 13.61
4178.77 8.63
4180.77 19.91
4182.77 21.7
4184.76 22.82
4186.76 2.82
4188.86 3.16
4190.76 7.32
4192.76 10.73
4194.76 1.24
4196.76 1.04
4199.01 4.48
4200.65 4.97
4202.77 5.06
4204.77 17.15
4206.77 3.66
4208.76 7.81
4210.76 12.78
4212.76 9.38
4214.76 24.51
4216.77 24.51
4218.76 20.17
4220.77 18.11
4222.76 23.41
4224.76 12.06
4226.76 7.7
4228.77 6.22
4230.76 0.15
4232.76 15.17
4234.76 25.85
4236.76 14.27
4238.71 8.57
4240.76 4.77
4242.76 5.21
4244.76 14.74
4246.84 16.86
4248.71 5.25
4250.76 4.33
4252.76 5.11
4254.76 4.97
4256.76 4.26
4258.76 5.87
4260.77 6.45
4262.76 22.59
4264.76 5.15
4266.76 0.64
4268.76 3.15
4270.77 5.13
4272.76 6.71
4274.77 3.4
4276.77 26.4
4278.76 26.32
4280.76 12.53
4282.76 5.85
4284.76 10.64
4286.77 24.0
4288.76 26.72
4290.76 31.23
4292.76 24.66
4294.76 15.25
4296.76 5.98
4298.76 4.91
4300.76 7.12
4302.75 0.15
4304.76 0.28
4306.76 17.61
4308.83 4.6
4310.76 4.62
4312.76 4.72
4314.76 4.97
4317.91 4.79
4319.38 3.49
4322.92 4.91
4325.07 4.92
4326.59 4.94
4328.2 5.2
4329.57 4.95
4331.87 4.59
4334.38 4.83
4336.27 4.91
4338.73 5.04
4341.04 4.93
4343.37 5.09
4345.77 6.18
4348.14 5.02
4351.38 4.87
4354.47 5.15
4356.45 5.02
4358.27 5.06
4359.64 4.86
4361.79 7.91
4363.98 5.0
4368.42 2.8
4370.41 4.64
4371.58 7.44
4373.39 2.06
4376.32 1.83
4378.06 3.77
4381.02 4.91
4382.37 5.29
4383.67 5.07
4385.48 4.94
4387.74 4.98
4389.25 4.96
4390.6 4.52
4391.33 5.31
4392.05 3.36
4393.19 5.07
4396.68 4.87
4397.99 5.1
4399.94 5.07
4403.05 5.15
4404.55 5.01
4407.52 5.18
4410.09 4.88
4413.82 4.58
4416.87 4.75
4419.25 4.94
4421.77 4.87
4423.99 4.78
4426.05 5.28
4428.11 3.31
4430.07 4.18
4430.84 3.0
4431.45 9.73
4432.81 4.91
4434.7 5.0
4437.32 4.84
4437.91 4.98
4438.95 4.98
4441.66 4.91
4444.24 5.1
4446.96 4.59
4450.2 5.07
4452.12 5.09
4454.86 5.0
4457.53 4.34
4459.17 7.8
4460.21 5.16
4461.24 4.42
4462.45 5.05
4463.81 4.89
4464.57 5.06
4465.17 5.13
4466.91 5.1
4469.38 4.12
4472.02 4.82
4474.63 5.17
4476.82 5.17
4477.63 4.93
4478.62 5.26
4480.58 5.05
4482.58 5.13
4484.58 10.99
4486.58 11.38
4488.65 3.51
4490.6 0.96
4492.58 13.33
4494.58 15.23
4496.58 9.08
4498.58 5.84
4500.58 15.32
4502.58 23.46
4504.58 15.47
4506.58 20.48
4508.58 23.55
4510.58 20.7
4512.58 7.49
4514.58 14.91
4516.58 8.52
4518.58 18.65
4520.58 18.72
4522.56 2.27
4524.92 4.36
4526.91 5.07
4529.82 7.41
4533.0 4.99
4536.62 4.95
4538.14 4.81
4539.57 5.04
4541.88 4.93
4543.88 0.37
4546.55 4.94
4551.48 5.8
4553.52 5.02
4554.5 5.18
4555.45 4.6
4557.77 4.89
4559.6 5.03
4560.44 4.94
4561.67 4.98
4562.97 5.06
4565.67 5.07
4569.86 4.58
4572.27 4.62
4573.52 4.97
4574.26 5.07
4576.75 5.59
4578.21 5.04
4579.89 4.98
4581.59 4.88
4583.21 4.97
4584.58 4.79
4586.44 4.97
4588.44 4.92
4590.45 5.12
4592.7 4.94
4594.48 19.03
4596.96 4.43
4599.5 4.75
4602.11 4.81
4604.73 4.77
4606.72 5.04
4607.33 4.71
4611.73 7.29
4613.5 4.97
4614.63 4.71
4616.1 5.01
4619.87 4.81
4623.18 6.46
4625.84 5.02
4627.85 5.02
4629.94 4.83
4632.09 4.72
4633.98 4.97
4634.92 4.92
4636.35 5.08
4639.49 4.81
4641.87 5.05
4643.85 4.84
4644.69 5.07
4645.69 5.04
4648.22 4.89
4649.65 4.91
4651.75 3.29
4653.55 4.96
4654.9 5.12
4656.55 3.73
4659.13 8.91
4661.09 4.93
4664.03 4.97
4665.83 5.05
4668.41 2.3
4670.93 4.94
4672.48 7.04
4674.21 5.08
4675.56 3.85
4677.36 1.98
4679.89 4.9
4681.74 5.02
4683.18 4.91
4684.87 4.53
4685.42 5.38
4686.55 5.0
4688.69 4.94
4690.69 10.3
4692.69 12.53
4694.57 15.21
4696.69 17.59
4698.69 20.66
4700.69 13.53
4702.69 12.88
4704.69 5.98
4706.69 0.03
4708.7 5.06
4710.69 5.1
4712.69 0.14
4714.69 19.45
4716.7 11.1
4718.69 5.09
4720.69 7.6
4722.75 6.65
4724.69 5.43
4726.69 5.18
4729.82 5.15
4731.81 4.68
4733.21 4.97
4735.43 5.0
4737.86 4.89
4740.26 4.58
4742.39 5.16
4744.4 5.16
4746.89 4.59
4749.57 4.95
4752.34 5.1
4754.96 5.09
4756.65 5.02
4758.65 6.8
4760.64 4.95
4763.57 5.06
4766.76 4.68
4769.39 5.07
4770.76 5.12
4771.86 4.94
4773.96 4.93
4775.5 4.96
4777.1 4.95
4778.83 3.46
4779.96 5.03
4782.29 7.55
4784.63 5.1
4786.06 5.01
4790.02 3.21
4791.61 2.52
4793.16 9.32
4794.07 9.04
4796.41 3.81
4798.5 4.92
4800.66 4.98
4803.28 5.19
4804.74 7.84
4806.35 0.51
4808.55 5.06
4810.84 5.09
4813.35 5.01
4816.17 5.01
4817.96 5.12
4818.92 4.94
4819.68 5.18
4820.92 5.02
4824.55 5.57
4828.84 4.8
4831.11 4.98
4833.56 4.95
4834.46 5.45
4835.51 5.01
4836.57 4.93
4837.92 5.1
4839.73 5.08
4841.34 4.75
4844.29 4.63
4846.85 5.11
4847.92 5.13
4849.23 2.63
4850.49 4.81
4852.1 4.16
4854.05 8.58
4858.46 5.0
4862.41 5.22
4865.05 4.87
4867.15 5.01
4869.93 6.3
4871.71 4.73
4872.42 6.24
4873.11 4.95
4873.74 4.97
4874.55 5.09
4877.58 3.0
4880.21 5.03
4882.65 4.89
4884.86 5.15
4887.05 4.93
4888.72 4.69
4893.4 5.07
4895.05 5.95
4896.07 4.97
4897.06 5.03
4898.14 4.58
4898.76 5.14
4900.25 5.03
4905.38 4.83
4909.07 3.88
4912.9 2.31
4914.1 8.69
4915.56 2.33
4916.75 5.56
4917.54 4.83
4918.46 5.12
4919.59 5.03
4921.09 4.94
4926.27 4.65
4930.85 4.92
4933.02 5.01
4934.9 3.91
4936.04 4.93
4938.34 4.94
4940.14 5.04
4941.24 4.87
4942.03 5.31
4943.09 5.18
4944.25 4.98
4946.33 4.93
4950.8 5.11
4954.69 4.99
4957.09 5.0
4958.96 5.0
4961.06 4.93
4962.08 4.99
4963.11 8.63
4964.49 4.97
4966.11 4.74
4968.09 4.93
4970.18 1.27
4971.2 1.54
4972.93 4.65
4974.73 9.59
4978.57 3.74
4980.19 4.99
4982.01 5.03
4984.72 5.65
4987.37 4.97
4990.85 5.17
4993.31 4.85
4994.85 4.95
4995.9 5.03
4997.51 2.79
4999.7 2.04
5001.35 5.08
5002.75 4.74
5004.04 5.0
5005.28 4.96
5006.44 4.22
5007.55 5.0
5008.71 4.9
5010.5 4.98
5012.5 10.88
5014.5 11.68
5016.51 13.87
5018.5 10.32
5020.51 12.6
5022.5 14.89
5024.5 15.33
5026.5 15.07
5028.51 12.52
5030.5 13.3
5032.57 5.19
5034.5 10.99
5036.5 13.12
5038.51 14.58
5040.5 16.08
5042.51 17.59
5044.5 12.69
5046.5 16.36
5048.5 17.27
5050.5 17.1
5052.5 14.55
5054.5 18.39
5056.51 17.73
5058.5 20.38
5060.5 12.19
5062.51 10.03
5064.5 20.13
5066.5 10.02
5068.5 16.31
5070.5 7.98
5072.5 23.56
5074.5 3.18
5076.5 13.06
5078.5 14.82
5080.5 15.31
5082.5 19.39
5084.5 19.11
5086.5 20.02
5088.5 22.37
5090.61 17.18
5092.88 6.24
5094.75 15.14
5096.75 21.54
5098.75 15.88
5100.75 8.54
5102.75 12.64
5104.75 19.64
5106.75 16.17
5108.75 22.24
5110.75 15.61
5112.75 12.24
5114.75 19.27
5116.75 21.95
5118.75 17.83
5120.75 22.99
5122.75 8.86
5124.75 20.28
5126.75 22.98
5128.75 9.3
5130.75 18.14
5132.75 10.32
5134.75 21.91
5136.75 18.83
5138.75 18.46
5140.75 24.06
5142.75 11.94
5144.75 21.86
5146.75 26.19
5148.75 25.14
5150.75 26.84
5152.86 4.68
5154.75 8.68
5156.75 26.97
5158.75 16.36
5160.74 22.76
5162.75 2.77
5164.75 5.11
5166.59 0.55
5168.75 20.35
5170.75 22.72
5172.75 23.08
5174.75 17.98
5176.75 21.54
5178.75 18.26
5180.74 25.85
5182.75 16.46
5184.75 23.32
5186.75 22.1
5188.74 18.5
5190.74 14.57
5192.76 11.74
5194.75 16.61
5196.74 22.79
5198.74 18.22
5200.74 11.51
5202.74 22.57
5204.74 7.3
5206.75 13.82
5208.74 21.68
5210.77 16.43
5212.88 16.43
5214.74 9.29
5216.75 20.7
5218.75 12.03
5220.74 24.44
5222.74 13.02
5224.74 16.61
5226.74 22.39
5228.74 24.27
5230.74 17.12
5232.74 13.57
5234.75 12.08
5236.75 18.95
5238.74 14.19
5240.74 19.69
5242.75 15.25
5244.74 16.03
5246.75 19.57
5248.75 12.45
5250.74 12.32
5252.74 15.28
5254.75 10.25
5256.74 13.12
5258.74 21.03
5260.74 19.52
5262.74 12.12
5264.74 13.7
5266.75 22.99
5268.74 10.83
5270.84 21.98
5273.58 1.28
5274.74 9.25
5276.74 10.32
5278.75 5.04
5280.75 0.16
5282.74 5.76
5284.74 20.71
5286.74 5.14
5288.74 19.38
5290.75 19.14
5292.74 16.17
5294.74 9.17
5296.74 21.08
5298.74 20.12
5300.74 14.68
5302.75 18.39
5304.74 19.18
5306.74 19.13
5308.74 5.45
5310.74 13.41
5312.74 22.17
5314.75 21.3
5316.75 17.09
5318.74 13.61
5320.75 14.79
5322.74 17.3
5324.74 8.73
5326.74 13.84
5328.74 22.1
5330.81 20.79
5333.47 3.38
5334.74 7.67
5336.74 23.42
5338.74 25.32
5340.74 20.89
5342.99 25.23
5344.99 22.64
5346.86 18.62
5348.99 13.14
5350.99 27.04
5352.99 10.45
5355.0 17.34
5356.99 18.07
5358.99 25.11
5360.99 12.15
5362.99 5.0
5364.99 3.97
5366.99 0.15
5368.99 1.33
5373.22 1.81
5378.13 5.2
5380.86 4.92
5383.13 5.08
5384.99 4.76
5386.5 4.96
5387.5 5.01
5388.36 4.95
5389.63 4.93
5391.07 3.18
5393.32 3.18
5395.63 7.33
5398.09 4.99
5400.67 4.93
5403.49 5.11
5406.63 4.94
5409.91 4.04
5411.45 5.1
5412.81 4.97
5414.17 4.96
5415.56 4.92
5417.3 4.97
5420.25 4.92
5422.47 5.03
5423.2 4.96
5424.34 4.98
5426.28 4.25
5428.28 7.14
5430.28 10.17
5432.28 12.21
5434.28 15.28
5436.87 4.81
5440.41 2.32
5443.57 4.85
5446.7 4.7
5449.05 5.09
5450.57 2.6
5451.32 1.24
5452.8 1.91
5453.83 2.26
5454.63 6.91
5456.28 7.7
5458.28 5.18
5460.48 1.79
5463.35 1.95
5464.73 3.17
5466.19 5.02
5468.28 10.84
5470.28 12.49
5472.28 12.17
5474.28 13.18
5476.28 14.8
5478.29 17.68
5480.28 17.11
5482.28 2.14
5484.28 17.4
5486.28 14.68
5488.28 13.52
5490.28 19.13
5492.27 13.24
5494.38 19.04
5496.28 10.26
5498.28 11.9
5500.28 16.29
5502.28 19.5
5504.28 19.59
5506.28 11.41
5508.28 11.41
5510.29 10.81
5513.37 0.61
5514.63 13.41
5516.74 2.12
5520.24 5.0
5524.07 4.9
5527.31 4.9
5529.82 5.01
5533.03 4.79
5535.07 4.97
5537.13 4.9
5538.88 6.51
5539.89 4.94
5541.11 1.65
5543.11 5.0
5544.57 3.44
5545.43 4.79
5547.05 5.04
5549.46 3.63
5552.55 4.0
5555.38 4.63
5558.34 5.0
5559.4 5.09
5561.08 4.88
5562.51 5.12
5564.08 5.15
5565.52 5.07
5567.61 4.83
5569.73 1.7
5571.6 2.11
5573.28 2.74
5574.6 5.17
5575.67 5.02
5577.7 5.04
5579.1 4.97
5580.53 4.98
5582.27 5.0
5584.3 5.05
5586.27 11.19
5588.27 11.91
5590.27 15.61
5592.52 13.74
5594.52 0.83
5596.52 0.15
5598.52 20.41
5600.38 5.6
5602.63 0.01
5604.52 4.95
5606.3 1.59
5608.52 7.08
5610.52 15.76
5612.52 7.89
5614.52 25.06
5616.52 5.26
5618.52 22.43
5620.52 20.58
5622.39 0.83
5624.4 4.82
5626.52 19.55
5628.52 23.42
5630.52 11.02
5632.61 4.02
5634.63 4.43
5636.52 23.98
5638.53 5.98
5640.52 16.83
5642.52 25.17
5644.52 22.06
5646.52 21.62
5648.38 23.08
5650.52 8.8
5652.52 1.44
5654.52 15.23
5656.52 26.95
5658.52 11.35
5660.52 12.45
5662.52 2.48
5664.52 19.82
5666.52 13.8
5668.52 2.06
5670.52 5.68
5672.39 7.12
5674.52 19.04
5676.52 23.29
5678.52 15.24
5680.52 21.36
5682.52 15.61
5684.52 24.31
5686.52 13.87
5688.52 23.94
5690.52 16.04
5692.54 20.83
5694.63 20.83
5696.38 19.14
5698.52 17.86
5700.52 16.43
5702.52 14.36
5704.52 20.3
5706.52 12.14
5708.52 12.66
5710.52 16.8
5712.52 20.13
5714.52 10.08
5716.55 21.54
5718.52 16.96
5720.41 7.33
5722.52 5.82
5724.52 15.61
5726.52 19.27
5728.52 5.01
5730.52 5.58
5732.52 5.45
5734.52 2.15
5736.52 5.18
5738.52 15.08
5740.52 20.28
5742.52 27.53
5744.52 21.39
5746.52 13.49
5748.52 13.53
5750.52 8.9
5752.56 26.36
5754.55 5.28
5756.52 13.78
5758.52 23.42
5760.52 13.84
5762.51 16.06
5764.52 23.66
5766.52 23.58
5768.51 13.8
5770.52 18.32
5772.52 12.64
5774.51 25.07
5776.52 16.89
5778.52 24.78
5780.51 17.73
5782.52 21.71
5784.52 11.13
5786.52 19.23
5788.52 20.14
5790.51 0.11
5792.52 20.56
5794.52 21.35
5796.52 24.75
5798.52 0.15
5800.52 13.02
5802.51 11.22
5804.52 5.21
5806.51 11.5
5808.51 1.59
5810.52 12.61
5812.67 19.39
5814.57 7.82
5816.52 11.69
5818.52 7.14
5820.51 16.08
5822.51 13.69
5824.52 18.32
5826.52 15.01
5828.52 7.99
5830.52 15.41
5832.51 17.07
5834.51 14.71
5836.52 18.51
5838.51 10.36
5840.76 14.52
5842.77 17.52
5844.76 13.27
5846.76 20.08
5848.76 15.29
5850.76 11.75
5852.76 8.23
5854.76 12.17
5856.77 21.35
5858.76 21.03
5860.76 0.15
5862.77 6.53
5864.76 23.83
5866.76 19.1
5868.76 23.51
5870.76 26.55
5872.83 25.54
5874.79 6.23
5876.77 10.81
5878.76 4.5
5880.76 6.97
5882.76 20.27
5884.76 22.68
5886.76 22.11
5888.76 18.14
5890.76 22.06
5892.76 18.95
5894.76 8.77
5896.76 22.85
5898.76 22.28
5900.76 14.74
5902.76 25.06
5904.76 18.72
5906.76 24.97
5908.76 22.52
5910.76 24.41
5912.76 24.53
5914.76 13.69
5916.77 15.63
5918.76 22.34
5920.76 27.11
5922.76 8.39
5924.76 37.7
5926.76 31.41
5928.77 37.23
5930.76 22.09
5932.86 28.92
5934.82 5.26
5936.76 7.01
5938.76 4.58
5940.76 18.99
5942.76 20.44
5944.76 23.59
5946.76 19.94
5948.76 25.08
5950.76 24.72
5952.76 18.27
5954.76 11.97
5957.45 3.43
5960.73 4.34
5965.09 5.16
5968.05 3.67
5969.96 4.77
5972.1 5.05
5973.36 3.68
5974.29 0.67
5974.93 5.17
5976.36 4.81
5979.61 4.94
5982.91 1.43
5985.24 4.99
5985.78 9.92
5989.59 5.19
5992.37 4.76
5995.73 5.99
5996.94 5.75
5999.9 4.97
6002.19 4.64
6004.6 5.0
6006.87 4.98
6009.0 4.86
6011.49 4.8
6012.54 4.87
6013.43 4.94
6014.13 5.21
6014.99 4.97
6017.31 4.9
6019.52 4.79
6022.18 4.82
6025.36 5.01
6027.28 4.85
6029.32 4.92
6031.1 5.0
6032.03 5.3
6033.44 5.05
6035.36 6.08
6037.83 4.81
6041.55 3.34
6043.16 4.83
6044.67 4.67
6047.06 5.19
6048.79 5.01
6051.79 5.11
6056.17 4.9
6057.11 7.02
6058.16 11.28
6060.05 2.79
6061.24 4.07
6063.41 4.95
6065.17 5.05
6065.73 4.95
6066.92 4.93
6068.23 4.87
6069.82 5.08
6071.56 5.05
6073.73 5.03
6076.09 4.79
6078.22 5.06
6080.13 5.13
6082.13 10.11
6084.13 12.52
6086.13 15.09
6088.14 15.93
6090.22 2.11
6092.89 5.01
6094.24 4.77
6096.38 5.0
6098.34 1.47
6100.38 5.1
6102.39 4.94
6104.38 4.95
6106.38 12.55
6108.38 12.55
6111.04 4.68
6114.32 3.84
6116.25 6.93
6118.08 4.87
6119.35 8.28
6121.68 5.04
6123.28 5.03
6125.23 5.08
6129.16 5.0
6132.58 4.97
6133.66 5.1
6135.46 4.92
6137.43 5.06
6138.85 4.91
6139.88 5.09
6141.04 4.79
6142.3 5.03
6144.39 5.01
6146.39 9.11
6148.38 12.01
6150.38 11.81
6152.38 11.35
6154.38 16.79
6156.38 16.62
6158.38 18.88
6160.38 19.57
6162.38 20.22
6164.38 23.94
6166.24 19.88
6168.38 25.87
6170.4 23.03
6172.4 23.03
6174.5 4.08
6176.26 2.96
6178.38 11.0
6180.38 24.66
6182.38 22.27
6184.38 22.3
6186.38 24.41
6188.38 17.86
6190.24 20.36
6192.38 9.08
6194.38 15.4
6196.38 18.44
6198.38 18.25
6200.38 24.27
6202.38 15.34
6204.38 20.63
6206.38 21.63
6208.38 15.83
6210.38 26.96
6212.38 30.07
6214.38 30.15
6216.38 30.04
6218.38 17.73
6220.38 29.66
6222.38 28.24
6224.38 24.11
6226.38 26.9
6228.38 25.54
6230.38 25.91
6232.38 30.54
6234.38 30.54
6236.38 3.25
6238.38 26.24
6240.38 27.22
6242.38 25.28
6244.38 29.93
6246.38 16.38
6248.38 23.78
6250.38 27.67
6252.38 17.54
6254.38 28.27
6256.38 28.27
6258.38 26.6
6260.38 20.25
6262.38 22.77
6264.38 25.83
6266.38 25.43
6268.38 23.26
6270.38 26.64
6272.37 28.18
6274.37 23.09
6276.37 17.22
6278.38 24.03
6280.38 28.49
6282.38 0.13
6284.38 25.08
6286.38 25.57
6288.38 8.73
6290.38 11.29
6292.46 27.35
6294.43 3.47
6296.46 4.2
6298.37 23.87
6300.37 8.94
6302.37 25.04
6304.38 15.61
6306.37 19.03
6308.38 17.21
6310.38 5.56
6312.38 16.0
6314.37 12.3
6316.38 23.51
6318.38 27.81
6320.37 18.87
6322.37 27.42
6324.38 10.66
6326.37 10.26
6328.37 14.43
6330.37 19.91
6332.37 23.43
6334.37 26.4
6336.37 21.57
6338.37 17.62
6340.38 20.4
6342.63 17.07
6344.62 6.03
6346.62 25.89
6348.62 7.37
6350.62 25.06
6352.62 0.01
6354.66 4.73
6356.73 1.34
6358.62 4.3
6360.62 14.1
6362.63 23.99
6364.62 19.11
6366.62 21.02
6368.62 24.95
6370.62 25.55
6372.62 25.07
6374.62 9.62
6377.6 2.99
6381.71 4.93
6386.06 4.91
6387.13 5.03
6388.9 4.83
6390.3 5.08
6391.45 4.99
6392.74 5.14
6394.57 3.26
6396.82 5.6
6399.08 8.78
6403.04 5.0
6405.47 5.04
6407.88 4.98
6409.7 4.7
6411.21 4.89
6411.96 5.27
6412.5 4.84
6413.72 2.54
6415.68 3.15
6417.53 7.19
6422.35 4.95
6424.14 4.99
6425.79 4.84
6427.39 4.62
6429.05 5.02
6432.45 4.92
6435.91 4.92
6438.79 4.94
6441.27 5.0
6444.39 4.81
6444.97 5.4
6446.58 4.94
6448.29 4.45
6449.87 4.95
6452.01 5.19
6452.85 5.09
6454.71 5.07
6456.27 4.9
6459.13 5.94
6464.09 4.86
6465.5 4.8
6466.65 4.87
6467.31 4.91
6468.43 4.75
6468.99 5.17
6470.17 8.53
6472.17 9.13
6474.17 8.67
6476.26 6.35
6478.17 10.81
6480.17 11.73
6482.17 11.61
6484.17 13.79
6486.16 15.57
6488.17 19.07
6490.17 18.22
6492.17 18.09
6494.17 23.76
6496.17 23.54
6498.17 24.34
6500.16 15.8
6502.17 16.16
6504.17 26.44
6506.24 15.08
6508.16 15.08
6510.16 25.01
6512.17 25.01
6514.17 23.33
6516.17 16.38
6518.17 11.89
6520.17 1.59
6522.16 9.72
6524.16 5.01
6526.16 5.91
6528.17 18.0
6530.16 24.99
6532.17 22.5
6534.19 25.61
6536.16 25.61
6538.16 5.84
6540.16 26.04
6542.17 26.06
6544.16 17.67
6546.17 27.48
6548.17 26.38
6550.16 31.19
6552.16 23.38
6554.17 28.75
6556.16 0.01
6558.17 30.84
6560.16 17.85
6562.16 35.31
6564.16 34.87
6566.17 32.4
6568.25 35.97
6570.16 21.63
6572.16 20.59
6574.16 26.19
6576.16 27.93
6578.16 25.79
6580.16 29.64
6582.16 27.2
6584.19 25.25
6586.16 15.44
6588.16 26.6
6590.41 24.11
6592.42 26.06
6594.41 26.54
6596.52 26.54
6598.41 26.54
6600.41 8.66
6602.41 24.62
6604.42 26.49
6606.41 29.96
6608.41 29.11
6610.41 29.62
6612.28 25.05
6614.42 26.9
6616.41 26.85
6618.41 28.02
6620.41 20.65
6622.41 30.81
6624.42 32.3
6626.41 30.09
6628.41 33.12
6630.41 27.45
6632.42 29.58
6634.41 26.12
6636.27 32.2
6638.41 29.78
6640.41 23.67
6642.41 32.0
6644.41 18.22
6646.41 15.46
6648.41 15.46
6650.41 15.46
6652.41 27.46
6654.41 19.01
6656.49 19.01
6658.41 19.01
6660.27 30.08
6662.41 27.05
6664.41 30.66
6666.41 30.19
6668.41 23.46
6670.42 30.55
6672.41 32.67
6674.41 31.82
6676.41 33.49
6678.41 35.9
6680.41 35.6
6682.41 33.16
6684.27 33.23
6686.41 33.23
6688.41 32.82
6690.41 34.07
6692.41 34.52
6694.41 25.07
6696.41 25.07
6698.42 25.39
6700.41 26.6
6702.41 35.63
6704.41 35.66
6706.41 32.78
6708.29 36.64
6710.41 3.19
6712.41 13.41
6714.53 13.41
6716.48 13.41
6718.4 13.41
6720.41 13.41
6722.41 13.41
6724.42 30.18
6726.41 30.84
6728.41 18.21
6730.4 26.16
6732.41 23.23
6734.41 28.21
6736.42 28.21
6738.41 28.21
6740.41 30.71
6742.41 30.29
6744.4 22.35
6746.41 28.9
6748.41 32.09
6750.41 37.94
6752.41 37.56
6754.41 37.56
6756.41 36.75
6758.4 23.92
6760.41 37.44
6762.4 12.63
6764.4 24.08
6766.4 24.08
6768.41 24.08
6770.41 17.29
6772.41 24.51
6774.43 23.01
6776.46 23.01
6778.4 23.01
6780.41 24.17
6782.76 16.54
6784.41 16.54
6786.41 16.54
6788.41 14.86
6790.4 6.17
6792.41 25.57
6794.4 30.19
6796.4 30.32
6798.41 12.34
6800.59 5.29
6802.86 3.75
6806.16 5.06
6809.5 4.39
6810.93 4.93
6812.33 5.09
6813.92 8.06
6815.22 5.03
6817.23 4.86
6818.75 4.99
6820.64 4.93
6822.66 4.86
6824.8 4.06
6826.41 5.07
6828.4 5.09
6830.4 8.75
6832.41 11.76
6834.4 6.59
6836.43 3.42
6838.41 4.59
6842.55 3.3
6846.01 4.01
6848.44 4.75
6850.89 5.07
6853.23 4.99
6855.45 4.92
6857.5 4.98
6860.37 7.24
6861.83 5.02
6863.46 4.86
6865.25 5.02
6867.08 5.09
6868.89 4.37
6870.83 4.37
6871.74 4.91
6872.33 5.11
6874.5 4.72
6877.18 4.86
6879.0 3.54
6880.87 4.93
6882.44 4.88
6884.07 5.14
6885.59 4.98
6886.62 5.19
6888.65 4.01
6890.57 7.07
6892.65 10.29
6894.65 11.69
6896.86 3.41
6898.71 2.36
6900.65 15.68
6902.65 15.58
6904.65 5.03
6906.65 15.4
6908.67 13.71
6910.66 9.31
6913.14 5.02
6915.55 13.83
6917.54 4.31
6919.94 1.63
6921.21 4.91
6923.63 5.3
6925.04 5.09
6926.65 4.52
6928.65 7.15
6930.66 8.55
6932.65 11.1
6934.65 12.58
6936.65 10.99
6938.53 14.58
6940.66 14.67
6942.65 13.36
6944.65 15.02
6946.65 16.02
6948.65 15.39
6950.65 16.2
6952.65 16.74
6954.65 15.25
6956.69 17.8
6958.7 6.21
6960.65 12.0
6962.65 17.12
6964.65 18.13
6966.65 21.08
6968.65 16.78
6970.65 12.96
6972.65 17.89
6974.65 20.45
6976.65 15.6
6978.65 16.3
6980.65 19.86
6982.66 14.35
6984.65 19.76
6986.65 13.97
6988.65 14.37
6990.65 24.15
6992.65 18.04
6994.65 13.98
6996.65 21.21
6998.65 12.67
7000.65 12.4
7002.65 17.22
7004.65 19.38
7006.65 24.96
7008.65 13.51
7010.65 23.65
7012.65 18.6
7014.65 23.62
7016.77 17.78
7018.77 17.78
7020.64 17.78
7022.64 12.63
7024.64 14.08
7026.65 14.08
7028.65 23.28
7030.65 21.02
7032.65 21.02
7034.65 14.61
7036.65 13.76
7038.65 16.15
7040.65 12.24
7042.65 16.15
7044.65 11.38
7046.65 19.84
7048.65 10.83
7052.11 4.73
7052.93 5.06
7054.65 5.01
7056.64 7.67
7058.65 10.31
7060.65 11.01
7062.64 12.66
7064.64 14.87
7066.64 17.64
7068.65 16.81
7070.65 20.53
7072.64 22.33
7074.65 5.16
7077.81 2.52
7083.67 2.58
7086.93 4.88
7089.64 5.05
7091.66 5.09
7093.6 4.96
7094.7 4.66
7096.02 4.93
7097.08 4.89
7098.88 5.02
7102.29 4.94
7105.7 5.0
7107.81 4.88
7109.02 4.8
7110.4 4.77
7111.77 5.07
7112.99 4.98
7114.3 4.94
7116.41 4.94
7116.93 7.81
7118.81 4.93
7120.81 7.85
7122.81 9.49
7124.81 9.5
7126.81 9.5
7128.81 10.65
7130.81 9.99
7132.81 11.78
7134.81 13.11
7136.92 13.11
7138.81 7.55
7140.81 7.55
7142.81 15.7
7144.81 13.15
7146.82 16.58
7148.81 12.62
7150.82 16.34
7152.81 16.91
7154.81 16.22
7156.81 18.19
7158.81 15.29
7160.81 18.47
7162.81 16.3
7164.81 17.9
7166.81 19.0
7168.81 17.55
7170.81 15.36
7172.81 20.33
7174.81 20.33
7176.8 21.36
7178.81 17.99
7180.81 19.0
7182.81 21.03
7184.81 21.09
7186.81 19.64
7188.81 17.25
7190.81 23.8
7192.81 15.14
7194.81 23.53
7196.83 22.71
7198.81 3.62
7200.81 3.62
7202.81 5.45
7204.81 5.45
7206.81 22.28
7208.81 6.81
7210.81 3.91
7213.0 3.3
7215.8 0.57
7216.81 6.13
7218.81 5.92
7220.81 8.27
7222.81 9.45
7224.81 10.51
7226.81 12.84
7228.81 13.7
7230.81 12.1
7232.81 13.43
7234.81 12.46
7236.81 14.5
7238.8 14.29
7240.8 18.23
7242.8 18.04
7244.81 15.45
7246.8 10.8
7248.81 21.21
7250.81 17.22
7252.81 16.71
7254.8 19.34
7256.8 21.23
7258.86 21.23
7260.81 21.23
7262.8 21.21
7264.8 19.32
7266.8 22.38
7268.83 18.67
7270.8 15.99
7272.81 14.52
7274.81 24.92
7276.8 23.17
7278.8 17.98
7280.8 19.37
7282.8 21.45
7284.8 15.48
7286.81 24.32
7288.81 21.06
7290.81 16.8
7292.8 17.14
7294.8 17.14
7296.8 17.14
7298.8 23.24
7300.8 15.79
7302.8 23.41
7304.8 16.94
7306.81 18.41
7308.81 24.73
7310.8 15.57
7312.81 17.66
7314.8 25.53
7316.86 4.7
7318.9 5.06
7320.8 5.06
7322.8 21.62
7324.8 19.37
7326.8 18.08
7328.8 22.55
7330.8 17.02
7332.8 12.78
7334.8 11.97
7336.8 17.83
7338.8 22.28
7341.05 17.48
7343.05 21.71
7345.58 2.22
7348.16 3.84
7349.82 4.9
7351.26 4.94
7353.54 5.02
7355.05 5.12
7357.05 7.91
7359.05 7.91
7360.95 9.04
7363.05 9.09
7365.05 10.43
7367.05 9.49
7369.05 12.48
7371.05 13.24
7373.05 13.24
7375.06 13.24
7377.07 13.24
7379.01 0.48
7382.63 6.26
7384.82 5.24
7387.74 5.15
7390.7 4.57
7392.36 4.48
7393.24 5.33
7394.23 4.88
7395.03 5.23
7397.05 5.08
7399.07 9.56
7401.05 10.23
7403.05 10.5
7405.05 10.24
7407.05 11.1
7408.98 14.45
7411.05 15.07
7413.05 13.07
7415.04 16.22
7417.05 16.31
7419.05 16.17
7421.05 17.04
7423.06 14.93
7425.05 18.37
7427.06 20.82
7429.05 20.82
7431.06 17.46
7432.92 18.52
7435.05 19.69
7437.12 19.54
7439.08 4.59
7441.05 4.59
7443.05 20.62
7445.05 22.73
7447.05 20.05
7449.05 17.89
7451.05 17.89
7453.05 16.92
7455.05 19.04
7456.93 5.06
7459.05 4.72
7461.04 4.9
7463.49 1.56
7465.75 4.93
7468.04 4.92
7470.2 6.21
7471.04 7.69
7473.05 1.68
7475.05 1.72
7477.71 1.04
7481.79 5.1
7485.0 4.98
7487.94 4.46
7490.31 5.01
7491.96 5.08
7493.57 4.92
7495.7 4.62
7497.36 4.84
7499.02 1.81
7500.36 5.79
7501.71 6.55
7502.47 8.29
7503.18 9.12
7505.02 5.24
7507.05 5.02
7509.05 4.37
7511.04 4.17
7513.04 6.17
7515.05 12.26
7517.05 13.4
7519.05 15.15
7521.05 16.45
7523.06 19.99
7525.05 19.19
7527.04 21.08
7529.04 20.02
7531.04 20.92
7533.04 21.5
7535.04 5.06
7537.05 5.04
7539.05 5.01
7541.05 5.13
7543.04 19.56
7545.05 16.45
7547.05 7.11
7549.03 1.79
7551.22 5.17
7553.42 4.91
7555.3 2.92
7557.04 4.88
7559.09 1.27
7561.16 5.55
7563.91 11.43
7565.9 12.68
7567.9 12.68
7569.91 11.37
7571.9 14.55
7573.01 2.45
7575.91 0.13
7577.08 6.69
7579.9 8.77
7581.97 9.74
7583.91 8.81
7585.91 11.07
7587.91 11.02
7589.9 12.35
7591.9 13.2
7593.91 13.04
7595.9 13.16
7628.9 15.44
