0.0 18.45
0.69 12.21
2.48 19.73
4.47 18.46
6.49 18.49
8.48 21.66
10.48 12.18
12.49 15.93
14.48 20.45
16.73 17.87
18.75 12.81
20.73 10.47
22.73 19.4
24.74 16.07
26.73 18.19
28.74 16.77
30.74 10.19
32.74 16.48
34.73 19.07
36.74 16.66
38.75 18.1
40.74 5.24
42.74 11.57
44.73 15.43
46.73 15.75
48.75 14.18
50.73 8.08
52.74 15.06
54.74 13.72
56.73 16.86
58.74 13.41
60.73 6.52
62.73 15.16
64.72 10.9
66.74 10.62
68.73 6.93
70.73 10.22
72.73 12.61
74.73 14.4
76.73 12.11
78.73 14.25
80.73 11.96
82.73 14.14
84.73 8.59
86.74 13.98
88.73 4.22
90.74 10.28
92.74 6.91
94.73 10.86
96.74 16.33
98.73 0.1
100.74 4.33
102.74 11.97
104.74 5.74
106.73 13.14
108.73 16.05
110.72 2.45
112.73 18.06
114.73 15.92
116.75 18.08
118.73 14.7
120.73 8.17
122.75 14.06
124.75 21.55
126.74 14.28
128.73 19.99
130.73 8.25
132.74 18.05
134.74 16.3
136.74 14.76
138.73 11.14
140.73 7.35
142.75 13.18
144.73 6.59
146.73 7.6
148.73 13.08
150.75 13.46
152.73 9.58
154.73 15.89
156.74 15.32
158.73 12.04
160.73 15.01
162.73 14.65
164.73 11.89
166.73 13.58
168.74 12.92
170.76 2.56
172.74 13.83
174.73 12.8
176.73 11.96
178.73 15.3
180.74 1.94
182.72 15.0
184.72 18.68
186.73 18.22
188.73 9.39
190.73 5.74
192.73 8.21
194.73 19.45
196.73 12.48
198.73 13.87
200.74 0.24
202.74 15.54
204.76 18.53
206.74 19.13
208.75 17.32
210.75 19.0
212.74 4.81
214.73 14.51
216.73 20.15
218.73 14.3
220.76 0.98
222.74 17.01
224.75 10.32
226.73 18.61
228.73 19.93
230.73 17.68
232.73 15.02
234.73 16.43
236.73 15.53
238.73 11.5
240.73 16.1
242.73 12.74
244.76 18.18
246.73 18.12
248.73 16.32
250.73 14.49
252.73 6.83
254.73 14.77
256.72 14.47
258.73 16.52
260.74 18.82
262.73 10.76
264.75 13.05
266.73 13.05
268.99 10.91
270.99 2.65
273.0 17.83
274.87 17.31
276.99 14.08
278.99 13.11
281.0 5.72
282.99 23.1
284.99 18.52
287.0 18.64
288.99 13.54
290.99 0.21
292.99 9.89
294.99 10.99
296.99 10.99
298.87 7.29
301.0 9.13
303.0 3.79
304.99 7.36
306.99 8.47
308.99 8.21
310.99 7.58
312.99 6.33
314.99 10.53
316.99 9.94
318.99 8.2
320.99 0.09
322.85 8.32
324.99 10.39
327.0 8.93
328.99 5.82
330.99 12.56
333.0 5.45
334.99 12.17
336.99 11.41
338.99 8.8
340.99 3.23
342.99 11.66
344.99 13.2
346.87 11.72
348.97 11.59
350.99 7.12
353.0 4.47
354.99 7.4
356.99 7.49
358.97 13.63
361.0 9.12
363.0 9.74
364.99 17.62
367.01 13.63
368.97 7.79
370.92 6.71
372.99 18.15
374.99 19.23
376.99 19.12
378.99 19.42
381.0 4.71
382.99 7.05
384.99 5.46
386.99 19.41
388.99 17.34
391.0 8.08
392.99 17.03
394.9 16.01
397.01 20.55
398.99 15.19
401.01 18.92
402.99 20.24
404.99 17.57
406.99 15.91
408.99 13.93
410.99 0.03
413.0 17.64
414.99 20.55
416.99 10.72
418.99 13.52
421.92 2.74
422.89 18.1
425.0 19.42
426.99 18.82
428.99 21.26
430.99 0.33
432.99 3.27
434.99 20.15
436.99 10.82
439.01 20.31
440.99 4.13
442.99 22.73
444.99 20.71
446.99 11.87
448.97 17.61
450.99 20.03
452.99 11.38
454.99 18.03
456.99 18.54
458.99 16.73
461.0 1.43
462.99 17.54
464.98 0.24
466.97 16.53
469.0 13.8
471.01 3.35
472.99 18.54
474.99 13.26
477.0 14.27
478.99 19.87
481.0 1.46
482.99 14.32
484.99 14.26
486.99 21.13
488.98 20.72
490.99 4.67
492.99 4.26
494.99 16.02
496.99 17.97
498.98 0.03
500.99 7.42
503.01 12.01
505.01 9.7
507.17 17.18
509.0 16.68
510.99 5.79
512.99 12.86
515.0 5.34
516.99 15.4
519.24 17.62
521.24 0.16
523.25 17.76
525.24 13.13
527.25 16.81
529.24 16.04
531.24 0.2
533.25 16.0
535.27 16.85
537.27 17.54
539.25 15.4
541.23 5.14
543.24 14.22
545.23 19.79
547.25 15.85
549.24 20.65
551.24 4.26
553.24 6.89
555.25 14.03
557.24 17.91
559.23 17.49
561.24 18.96
563.23 11.34
565.24 12.66
567.24 19.68
569.24 15.18
571.24 17.46
573.26 15.34
575.23 4.24
577.25 18.84
579.25 16.98
581.25 16.98
583.24 18.57
585.24 22.29
587.24 22.66
589.24 20.73
591.25 13.65
593.23 19.66
595.23 16.9
597.25 16.98
599.27 17.38
601.24 11.39
603.25 15.89
605.24 20.24
607.25 21.74
609.25 19.76
611.24 4.12
613.24 15.45
615.24 12.87
617.23 20.72
619.25 11.46
621.25 5.87
623.24 21.64
625.24 21.13
627.27 14.58
629.27 19.17
631.25 5.31
633.24 8.54
635.24 8.59
637.27 8.73
639.24 12.09
641.24 4.7
643.24 8.84
645.24 3.76
647.24 10.19
649.24 10.71
651.25 5.47
653.27 14.51
655.24 10.47
657.24 17.95
659.25 14.79
661.24 3.9
663.24 18.59
665.24 17.63
667.24 19.02
669.24 11.58
671.24 1.9
673.24 17.04
675.25 16.93
677.25 13.15
679.24 7.4
681.23 17.56
683.24 16.82
685.27 19.8
687.25 15.44
689.24 18.52
691.25 0.12
693.24 22.68
695.29 19.84
697.24 18.31
699.24 21.42
701.25 13.76
703.24 15.36
705.24 12.93
707.23 17.92
709.25 19.79
711.24 3.12
713.24 15.64
715.24 17.99
717.24 14.62
719.25 6.47
721.24 0.64
723.25 18.65
725.24 13.86
727.25 16.73
729.24 17.38
731.24 8.11
733.24 17.34
735.25 7.96
737.24 16.7
739.24 15.54
741.24 5.46
743.24 21.04
745.24 20.5
747.23 18.63
749.25 19.66
751.24 0.16
753.24 20.07
755.27 21.86
757.23 13.15
759.24 16.72
761.25 16.24
763.24 13.98
765.25 22.67
767.24 16.67
769.46 13.58
771.48 19.23
773.48 12.97
775.48 20.17
777.48 17.57
779.48 22.6
781.48 15.81
783.48 19.77
785.48 22.27
787.49 20.7
789.48 18.47
791.48 17.29
793.36 10.94
795.49 16.29
797.48 16.73
799.48 17.77
801.49 14.22
803.48 21.05
805.48 15.94
807.49 18.03
809.49 18.93
811.48 19.88
813.48 19.65
815.51 14.48
817.36 8.21
819.48 18.24
821.48 13.43
823.48 18.91
825.48 7.09
827.48 7.09
829.48 11.01
831.48 17.45
833.51 10.45
835.48 13.98
837.48 15.52
839.48 18.63
841.35 15.02
843.48 20.67
845.49 13.57
847.48 21.92
849.51 20.36
851.48 13.85
853.48 18.4
855.49 20.51
857.48 18.99
859.49 19.12
861.48 18.26
863.49 20.63
865.37 20.7
867.48 16.77
869.48 17.59
871.48 15.63
873.48 17.63
875.48 21.99
877.48 21.48
879.48 18.04
881.48 20.34
883.48 11.0
885.48 15.83
887.48 12.16
889.44 18.39
891.48 15.57
893.49 16.98
895.48 19.5
897.48 19.51
899.49 13.82
901.48 19.33
903.48 18.42
905.49 20.4
907.48 18.89
909.48 18.6
911.48 16.75
913.48 17.28
915.48 18.12
917.48 11.16
919.49 20.2
921.48 14.16
923.47 22.13
925.48 16.81
927.48 19.9
929.49 10.14
931.48 7.1
933.49 5.38
935.48 11.33
937.48 18.68
939.49 9.59
941.48 19.1
943.48 14.95
945.49 15.33
947.48 18.85
949.62 12.94
951.48 17.97
953.49 19.68
955.49 16.46
957.49 20.96
959.48 17.48
961.48 19.73
963.48 18.88
965.48 23.73
967.48 21.69
969.47 19.8
971.48 8.78
973.49 16.05
975.48 21.41
977.48 16.55
979.48 20.01
981.49 22.37
983.48 7.57
985.48 9.3
987.48 7.91
989.49 10.82
991.48 7.14
993.49 10.27
995.48 4.68
997.48 7.87
999.49 12.72
1001.48 14.23
1003.49 9.73
1005.51 6.3
1007.49 17.3
1009.51 13.33
1011.48 17.58
1013.48 19.72
1015.48 9.09
1017.48 14.43
1019.73 10.76
1021.73 19.92
1023.6 20.46
1025.73 9.26
1027.73 18.3
1029.73 18.08
1031.73 13.82
1033.73 12.95
1035.73 15.74
1037.74 15.74
1039.73 11.67
1041.73 13.1
1043.73 15.4
1045.73 17.26
1047.67 15.18
1049.72 10.13
1051.75 16.37
1053.73 14.34
1055.73 17.95
1057.73 17.93
1059.73 15.6
1061.74 17.69
1063.75 8.36
1065.73 20.32
1067.73 20.09
1069.73 21.87
1071.6 17.59
1073.73 16.09
1075.75 2.93
1077.73 17.72
1079.73 15.01
1081.73 20.56
1083.73 16.44
1085.73 20.57
1087.74 22.3
1089.74 16.51
1091.73 18.85
1093.73 18.93
1095.61 16.35
1097.74 13.39
1099.73 19.63
1101.73 22.09
1103.73 18.17
1105.75 15.27
1107.75 20.28
1109.73 19.93
1111.73 16.73
1113.75 15.64
1115.73 18.8
1117.75 18.79
1119.59 18.17
1121.75 20.21
1123.75 20.16
1125.73 20.5
1127.73 14.72
1129.73 18.12
1131.76 10.13
1133.75 19.91
1135.76 18.29
1137.73 25.16
1139.75 13.51
1141.75 10.67
1143.73 22.22
1145.73 19.65
1147.77 20.49
1149.73 19.2
1151.73 20.22
1153.73 21.94
1155.75 11.66
1157.74 17.69
1159.75 19.98
1161.76 3.15
1163.73 22.41
1165.75 21.96
1167.72 18.22
1169.73 16.77
1171.73 21.18
1173.73 16.4
1175.74 20.29
1177.73 18.84
1179.73 14.93
1181.73 19.69
1183.73 16.42
1185.73 24.64
1187.73 25.21
1189.73 20.56
1191.73 24.45
1193.73 25.9
1195.75 21.56
1197.73 26.26
1199.74 10.05
1201.73 26.15
1203.73 21.28
1205.75 16.32
1207.74 8.84
1209.73 21.19
1211.73 15.45
1213.75 16.48
1215.75 20.5
1217.74 21.43
1219.73 16.85
1221.73 16.58
1223.72 12.99
1225.73 14.04
1227.75 2.85
1229.75 19.73
1231.73 16.97
1233.75 20.47
1235.74 15.78
1237.73 15.36
1239.74 23.44
1241.73 21.72
1243.75 18.56
1245.73 0.24
1247.73 18.95
1249.73 18.87
1251.73 10.71
1253.73 14.76
1255.73 17.38
1257.75 22.21
1259.74 18.88
1261.73 16.37
1263.76 17.33
1265.73 2.85
1267.73 17.15
1270.0 18.33
1271.99 16.47
1273.97 16.54
1275.99 2.76
1277.99 20.74
1279.99 18.95
1281.99 22.1
1283.76 14.38
1285.99 22.84
1287.99 15.74
1289.99 22.65
1291.99 17.72
1293.99 17.84
1295.99 2.02
1298.0 20.41
1300.0 22.42
1301.97 18.57
1303.97 17.16
1306.0 1.47
1308.0 18.12
1309.99 18.44
1311.99 8.12
1314.0 19.47
1315.99 5.16
1318.0 3.98
1319.99 22.06
1321.99 7.68
1323.99 12.7
1325.99 15.59
1327.99 18.41
1329.99 19.61
1331.99 15.93
1333.99 14.88
1336.0 5.15
1337.99 10.0
1339.99 16.83
1342.0 18.39
1343.99 14.3
1345.99 6.02
1348.0 5.91
1349.99 14.26
1351.97 15.85
1353.99 15.89
1355.99 12.74
1357.99 21.81
1359.99 15.37
1361.99 17.59
1363.97 21.62
1366.0 5.26
1367.99 16.19
1369.99 21.74
1371.97 19.47
1373.99 16.93
1375.99 8.78
1377.98 22.16
1379.97 13.99
1381.99 8.65
1383.97 20.39
1385.99 14.49
1387.98 6.13
1389.99 23.31
1391.99 14.8
1394.0 22.88
1395.99 18.83
1397.99 6.22
1400.0 20.35
1401.99 14.3
1403.99 18.81
1405.97 14.6
1408.0 17.92
1410.0 11.78
1411.99 16.93
1413.99 11.9
1416.0 7.18
1417.99 14.37
1419.99 17.28
1422.01 16.22
1423.99 19.29
1425.99 16.32
1427.99 10.87
1429.99 14.62
1431.99 16.17
1433.97 17.02
1435.97 17.12
1437.98 14.78
1439.99 0.47
1441.99 18.39
1443.99 11.2
1445.99 18.2
1447.97 16.51
1449.99 16.12
1451.99 17.75
1453.99 7.49
1455.99 10.52
1457.99 9.61
1459.99 11.62
1462.0 12.46
1463.99 7.14
1465.99 7.41
1467.99 15.41
1469.99 11.16
1471.98 18.5
1474.0 17.73
1475.99 10.1
1477.99 10.51
1479.99 17.69
1481.99 7.04
1483.97 16.88
1485.99 14.72
1487.99 6.03
1489.99 20.16
