0.0 150.66
0.68 148.74
2.67 105.43
4.68 5.43
6.67 133.46
8.67 170.47
10.67 164.34
12.67 104.13
14.67 42.13
16.67 152.93
18.67 42.11
20.67 135.39
22.67 157.43
24.67 41.86
26.67 110.77
28.67 37.95
30.67 193.76
32.67 114.14
34.67 161.97
36.67 189.31
38.67 24.95
40.67 160.99
42.67 15.31
44.67 160.18
46.67 153.77
48.67 20.52
50.67 129.13
52.67 6.56
54.67 150.88
56.67 117.08
58.67 176.69
60.67 175.39
62.67 26.25
64.67 161.86
66.67 2.01
68.67 109.2
70.67 129.99
72.92 26.94
74.92 153.49
76.92 17.76
78.92 122.05
80.7 3.61
82.92 164.89
84.92 157.21
86.92 39.58
88.92 146.43
90.92 35.92
92.92 143.01
94.92 182.92
96.92 165.25
98.92 131.9
100.92 18.86
102.93 124.79
104.92 24.47
106.92 116.88
108.92 171.39
110.92 17.53
112.92 195.9
114.92 34.89
116.92 177.69
118.92 135.23
120.92 8.51
122.92 151.06
124.92 40.11
126.92 13.95
128.92 40.07
130.92 24.03
132.92 188.75
134.92 31.08
136.93 182.74
138.92 42.57
140.92 160.92
142.92 154.86
144.92 139.02
146.92 174.34
148.92 26.28
150.92 126.19
152.92 31.55
154.92 179.5
156.92 140.29
158.92 18.76
160.92 155.36
162.92 2.92
164.92 35.84
166.92 109.13
168.92 153.56
170.92 147.83
172.92 20.45
174.93 104.41
176.92 2.6
178.92 145.87
180.92 169.12
182.93 37.65
184.92 126.55
186.92 37.59
188.92 146.36
190.92 204.32
192.92 4.28
194.92 154.59
196.92 37.38
198.92 168.11
200.92 31.54
202.92 145.06
204.92 148.48
206.92 31.42
208.91 181.78
210.92 37.15
212.92 165.38
214.92 170.83
216.92 7.31
218.92 158.17
220.92 3.61
222.92 129.54
224.92 27.02
226.92 176.51
228.92 168.43
230.92 10.71
232.92 177.91
234.92 27.49
236.92 161.38
238.92 109.36
240.92 0.97
242.92 157.25
244.92 0.73
246.92 152.7
248.92 31.38
250.92 135.49
252.92 147.06
254.92 39.71
256.92 153.97
258.93 3.59
260.92 186.64
262.93 154.18
264.92 160.89
266.92 150.26
268.93 0.98
270.92 128.89
272.92 28.51
274.92 149.85
276.92 136.87
278.93 19.14
280.93 137.42
282.93 3.54
284.93 176.88
286.93 143.16
288.93 144.98
290.92 131.54
