0.0 82.84
2.01 162.62
4.0 164.36
6.01 162.5
8.01 164.87
10.0 8.54
12.0 164.9
13.99 8.52
16.01 160.32
18.0 172.74
20.01 8.79
22.0 161.43
24.0 7.11
26.0 141.82
28.0 140.68
30.01 158.81
32.01 148.36
34.0 143.24
36.0 142.64
38.0 8.51
40.01 147.41
42.01 145.94
44.0 8.51
46.0 146.49
48.0 136.07
50.01 128.99
52.0 136.35
54.0 147.64
56.0 126.37
58.0 8.62
60.0 57.11
61.99 145.12
64.0 150.21
66.0 101.83
68.0 8.51
70.0 121.02
72.0 8.44
73.99 119.47
76.0 119.47
78.0 119.47
80.0 119.47
82.01 8.51
84.01 92.36
86.0 8.5
88.0 147.49
90.0 159.15
92.0 7.31
94.0 154.7
96.0 8.51
98.0 174.41
100.0 185.07
102.0 191.46
104.01 187.51
106.0 8.52
108.0 186.37
110.0 7.62
112.0 160.36
114.0 180.57
116.0 8.51
118.0 140.27
120.01 8.5
122.0 142.18
124.0 140.07
126.0 148.42
128.01 149.34
129.99 8.5
132.0 151.04
133.99 8.45
136.0 152.7
138.0 152.75
140.0 8.44
141.99 162.98
143.99 8.71
146.0 165.55
148.01 169.62
150.0 169.42
152.0 147.43
154.0 8.71
156.24 149.78
158.25 8.43
160.0 161.52
162.25 147.95
164.24 160.09
166.25 130.7
168.25 8.7
170.25 126.18
172.12 124.99
174.24 132.69
176.25 130.5
178.26 8.71
180.25 115.96
182.25 130.33
184.25 130.33
186.25 128.06
188.25 135.66
190.25 137.08
192.25 8.24
194.25 118.0
196.11 8.59
198.26 143.71
200.24 144.99
202.25 8.51
204.24 144.72
206.25 8.72
208.25 161.93
210.25 180.67
212.24 191.68
214.25 199.24
216.24 8.51
218.24 183.41
220.12 8.51
222.24 157.37
224.25 161.58
226.25 160.51
228.24 182.38
230.25 7.25
232.24 179.73
234.25 175.45
236.25 161.06
238.25 163.47
240.25 8.51
242.25 178.5
244.11 8.52
246.24 181.32
248.24 186.44
250.24 8.52
252.25 177.1
254.26 8.5
256.25 189.41
258.24 192.83
260.25 191.66
262.25 189.77
264.25 8.5
266.25 190.08
268.11 8.49
270.24 171.02
272.25 180.07
274.24 8.5
276.25 166.34
278.25 142.77
280.25 113.9
282.25 154.0
284.24 149.6
286.24 127.69
288.25 8.51
290.24 138.04
292.25 132.51
294.24 132.2
296.25 136.91
298.24 8.51
300.24 119.67
302.24 8.58
304.25 133.72
306.24 131.83
308.25 131.11
310.25 131.11
312.25 131.58
314.24 133.9
316.24 8.51
318.24 133.37
320.25 140.72
322.25 8.5
324.24 142.95
326.24 8.5
328.24 138.12
330.25 6.04
332.25 135.36
334.24 135.36
336.24 8.55
338.24 123.89
