0.0 26.21
1.99 91.66
4.0 111.77
6.0 120.16
7.99 131.27
10.0 9.14
12.0 155.62
14.0 8.29
16.0 153.0
17.87 26.23
20.01 153.9
22.0 180.59
24.0 8.5
26.01 186.88
28.0 8.52
30.01 91.68
32.0 334.5
34.01 15.02
36.0 385.26
38.0 26.22
40.0 88.87
42.0 26.16
44.0 465.63
46.0 453.7
48.01 22.97
49.99 92.17
52.01 26.06
54.0 174.73
56.0 279.79
57.99 13.17
60.01 278.42
62.0 8.44
64.0 271.74
66.0 26.1
68.0 275.91
69.99 276.62
71.99 26.25
74.01 166.33
76.0 26.23
78.01 159.68
80.0 202.5
82.0 13.11
84.0 238.78
86.0 26.17
88.01 128.54
90.01 26.06
92.0 96.32
94.01 80.6
96.0 26.22
98.01 70.19
100.0 26.14
102.0 249.42
104.09 237.05
106.0 8.56
107.99 270.57
110.0 8.49
112.01 306.56
114.01 26.26
116.0 313.92
118.0 312.49
119.99 3.08
122.0 371.14
124.01 8.51
126.02 304.01
128.01 461.16
130.0 8.35
132.0 452.21
134.0 26.09
136.0 371.75
138.01 26.18
140.0 403.94
142.0 386.61
144.01 26.16
146.0 105.8
148.0 26.13
150.01 99.68
152.0 99.68
154.27 101.32
156.0 103.77
158.01 8.5
160.0 72.62
162.02 26.21
164.01 143.3
166.01 24.22
168.29 26.21
170.01 64.63
172.14 26.14
174.01 37.25
176.26 93.98
178.0 104.34
180.26 110.75
182.26 8.46
184.26 129.71
186.29 26.1
188.25 79.06
190.26 113.53
192.25 26.11
194.27 94.66
196.27 94.66
198.26 94.66
200.27 94.66
202.26 26.24
204.27 152.17
206.26 26.2
208.43 74.03
210.27 26.21
212.26 115.53
214.27 92.65
216.29 26.17
218.27 128.68
220.25 26.19
222.25 198.22
224.25 234.59
226.27 21.22
228.27 90.49
230.28 26.17
232.27 308.1
234.26 8.45
236.29 165.72
238.27 168.06
240.27 26.14
242.28 170.86
244.27 26.12
246.28 176.94
248.29 178.74
250.27 25.99
252.27 171.77
254.26 26.19
256.27 171.24
258.26 26.18
260.28 181.07
262.27 179.21
264.29 26.14
266.27 187.5
268.27 184.43
270.28 181.44
272.25 211.04
274.28 8.49
276.27 292.8
278.28 26.21
280.27 322.38
282.25 23.88
284.25 284.26
286.27 142.91
288.25 26.2
290.27 134.55
292.28 26.0
294.25 126.24
296.26 132.99
298.25 8.53
300.27 142.19
302.26 128.59
304.27 159.19
306.25 26.18
308.28 320.72
310.25 386.47
312.26 13.17
314.25 426.81
316.25 26.08
318.26 78.66
320.25 81.96
322.26 115.32
324.27 248.7
326.26 26.07
328.26 195.86
330.26 26.11
332.25 261.16
334.26 246.48
336.26 25.85
338.26 267.93
340.25 26.0
342.54 270.14
344.25 276.18
346.26 296.29
348.25 303.2
350.25 353.89
352.26 277.78
354.26 26.23
356.25 235.64
358.26 289.64
360.25 26.24
362.25 280.9
364.25 26.16
366.25 173.59
368.25 168.43
370.25 278.37
372.26 223.58
374.26 22.64
376.25 288.54
378.25 8.58
380.26 364.09
382.27 419.95
384.27 26.05
386.26 145.25
388.25 26.01
390.28 139.35
392.25 145.4
394.28 148.2
396.26 146.02
398.26 8.52
400.29 249.86
402.27 8.5
404.27 319.97
406.26 341.7
408.27 24.55
410.26 68.45
412.26 26.2
414.27 66.06
416.25 65.56
418.26 76.38
420.27 131.08
422.28 8.58
424.5 241.61
426.5 8.57
428.5 357.44
430.51 376.13
432.51 4.15
434.5 485.26
436.5 7.92
438.5 306.75
440.38 26.03
442.49 284.75
444.51 350.65
446.51 26.09
448.5 231.27
450.51 26.15
452.5 310.66
454.5 328.09
456.51 20.05
458.5 243.18
460.5 26.17
462.52 278.72
464.37 26.19
466.51 195.79
468.5 174.32
470.51 8.39
472.5 122.47
474.5 257.18
476.52 266.0
478.52 275.64
480.5 26.16
482.52 285.66
484.5 26.16
486.51 221.21
488.37 23.07
490.52 278.26
492.5 280.95
494.52 26.12
496.51 112.1
498.5 8.45
500.5 407.72
502.51 296.3
504.5 13.13
506.5 20.17
508.52 8.46
510.51 406.23
512.34 26.12
514.5 531.1
516.5 553.69
518.52 26.18
520.52 126.84
522.5 26.26
524.52 298.2
526.5 288.6
528.5 26.13
530.51 65.51
532.5 26.13
534.52 399.94
536.38 8.36
538.53 527.58
540.51 57.58
542.51 26.06
544.51 593.09
546.5 14.28
548.5 59.54
550.5 68.91
552.5 23.71
554.52 248.08
556.51 26.12
558.52 299.99
560.4 26.15
562.51 61.01
564.5 74.89
566.52 26.19
568.53 75.94
570.51 75.94
572.5 75.94
574.5 75.12
576.53 75.12
578.52 97.26
580.51 107.66
582.52 54.88
584.51 26.18
586.52 259.19
588.52 158.34
590.52 26.01
592.51 257.76
594.52 26.18
596.5 262.72
598.53 286.07
600.52 14.22
602.52 54.11
604.52 26.23
606.5 362.04
608.5 26.1
610.51 40.96
612.51 285.85
614.51 26.21
616.52 379.57
618.51 26.15
620.52 297.57
622.52 304.62
624.52 8.58
626.52 347.63
628.5 347.3
630.52 296.57
632.5 25.56
634.51 336.52
636.53 232.37
638.53 26.16
640.52 335.25
642.54 26.13
644.53 332.29
646.52 340.96
648.53 26.0
650.57 359.93
652.52 22.76
654.53 209.88
656.5 26.06
658.53 451.18
660.5 206.0
662.51 25.92
664.5 180.35
666.77 23.7
668.5 338.23
670.5 339.84
672.76 8.46
674.51 397.2
676.5 26.13
678.75 416.69
680.75 26.13
682.75 120.95
684.76 34.51
686.75 26.04
688.75 68.95
690.77 26.09
692.75 95.85
694.75 161.37
696.77 8.5
698.75 188.48
700.76 26.17
702.76 209.23
704.77 26.11
706.75 90.36
708.75 86.48
710.75 26.09
712.76 203.43
714.76 216.27
716.75 220.19
718.76 120.04
720.76 109.75
722.75 79.07
724.77 26.18
726.75 79.28
728.75 79.28
730.76 79.28
732.75 79.28
734.75 79.28
736.76 79.28
738.76 79.28
740.77 120.22
742.75 122.95
744.75 126.97
746.76 126.83
748.76 25.97
750.75 84.16
752.76 26.07
754.75 70.12
756.75 70.12
758.75 99.69
760.76 60.5
762.75 8.48
764.76 170.77
766.75 205.76
768.75 219.36
770.75 251.02
772.75 8.46
774.77 276.89
776.77 25.69
778.75 191.88
780.75 197.43
782.77 26.15
784.75 243.4
786.77 72.95
788.76 240.8
790.75 241.84
792.75 239.56
794.75 71.09
796.76 26.16
798.75 253.43
800.76 8.52
802.76 317.51
804.75 345.4
806.77 24.04
808.75 38.77
810.77 26.09
812.76 123.52
814.77 121.25
816.77 129.97
818.75 40.05
820.76 25.98
822.77 171.37
824.76 8.47
826.76 233.41
828.76 251.88
830.75 19.18
832.75 322.63
834.77 8.55
836.76 351.75
838.76 412.88
840.75 110.03
842.75 88.38
844.75 25.51
846.76 288.61
848.76 25.77
850.75 280.64
852.76 285.34
854.77 19.02
856.77 89.56
858.76 26.01
860.75 271.32
862.77 263.72
864.75 266.58
866.76 268.94
868.75 26.02
870.75 240.09
872.76 26.14
874.77 259.29
876.75 235.09
878.75 246.07
880.76 256.57
882.76 26.19
884.75 242.03
886.75 242.24
888.75 261.68
890.75 251.65
892.76 26.2
894.76 261.29
896.75 26.06
898.75 179.18
900.76 280.46
902.76 23.41
904.75 293.55
906.76 287.09
908.75 347.63
910.75 412.31
912.77 436.81
914.75 140.87
916.76 23.29
918.75 380.24
921.0 26.19
923.0 464.12
924.76 521.09
926.76 25.8
929.01 149.93
930.75 26.15
932.74 204.72
934.86 26.16
937.03 218.99
938.75 225.77
941.0 26.09
943.42 108.54
945.01 26.21
947.01 147.91
949.0 168.81
951.0 26.3
953.02 35.87
955.01 26.23
957.01 112.17
958.87 98.48
961.01 130.19
963.02 55.53
965.02 26.17
967.02 186.54
969.03 26.18
971.02 211.08
973.0 217.34
975.02 26.1
977.01 245.31
979.0 247.11
981.02 79.63
982.85 25.46
985.0 219.51
987.01 112.48
989.01 26.26
991.0 98.26
993.0 26.21
995.0 128.07
997.0 78.65
999.01 25.2
