0.0 1.48
0.84 1.8
1.52 0.24
2.03 1.11
3.23 1.7
4.98 0.19
6.99 2.43
9.18 1.3
11.05 0.37
13.05 0.42
15.18 0.74
16.98 1.78
19.08 1.71
21.01 1.23
23.13 2.09
25.01 0.11
26.99 0.51
28.97 0.68
31.14 1.32
33.02 0.17
35.05 1.77
36.96 1.64
38.96 0.04
41.04 0.21
43.06 0.31
45.23 1.37
47.18 0.6
49.05 1.75
51.05 0.94
53.23 2.21
55.12 2.61
57.17 1.61
58.95 0.1
61.26 3.92
63.0 2.34
65.06 2.24
67.05 0.69
69.01 0.1
71.06 1.91
73.65 0.07
75.05 0.69
77.03 1.04
79.02 0.12
81.02 1.57
83.1 0.19
85.01 1.56
87.01 1.34
89.08 2.19
90.95 2.56
93.0 1.29
95.0 4.19
96.99 2.15
98.98 2.39
101.06 0.12
103.0 3.87
105.01 0.28
106.96 2.38
108.97 2.38
110.96 0.3
113.06 0.09
115.0 1.66
117.21 0.18
119.01 0.4
121.0 1.46
123.07 1.03
124.97 0.04
126.96 0.14
128.96 0.19
131.01 0.3
132.96 0.28
135.0 1.48
136.98 0.27
139.01 0.12
141.26 0.13
142.96 0.86
144.94 5.79
146.98 0.21
149.1 0.13
151.02 1.85
153.0 1.34
154.98 0.52
156.95 4.73
159.03 0.06
161.06 0.2
163.17 0.17
164.99 0.11
167.24 3.95
169.0 0.13
170.95 2.15
173.0 0.24
174.98 1.89
177.21 0.1
179.22 3.29
181.83 0.13
183.39 1.68
185.24 0.17
187.21 0.64
189.22 1.78
191.47 2.24
193.53 2.56
195.19 2.92
197.36 1.05
199.29 2.93
201.51 2.79
203.27 1.85
205.77 0.59
207.16 2.2
209.26 0.24
211.31 0.46
213.25 0.2
215.34 3.54
217.28 0.73
219.31 4.35
221.27 0.22
223.2 4.01
225.2 0.16
227.2 0.05
229.22 0.18
231.35 1.19
233.38 0.1
235.22 0.56
237.21 0.15
239.19 2.8
241.35 1.12
243.24 1.39
245.2 0.26
247.24 3.44
249.21 0.21
251.5 0.02
253.25 0.12
255.21 3.63
257.24 0.47
259.22 2.26
261.21 0.29
263.22 2.49
265.36 1.02
267.2 0.15
269.22 0.3
271.23 1.27
273.34 0.08
275.24 3.33
277.43 0.09
279.29 1.78
281.22 0.32
283.26 1.95
285.29 0.42
287.25 3.38
289.2 2.96
291.2 1.12
293.29 0.83
295.24 0.92
297.36 0.51
299.27 2.46
301.25 0.53
303.33 2.86
305.21 0.15
307.34 2.68
309.6 0.16
311.39 0.51
313.7 0.05
315.32 0.04
317.37 0.11
319.71 0.27
321.2 0.84
323.19 0.77
325.21 0.95
328.08 0.29
329.3 0.69
331.23 0.41
333.29 1.87
335.23 1.5
337.22 0.47
339.36 0.43
341.21 0.06
343.27 2.05
345.22 0.12
347.39 1.06
349.33 0.03
351.23 1.66
353.21 0.55
