0.0 7.4
2.0 5.01
4.0 5.25
6.0 16.54
8.0 9.73
10.01 14.83
12.0 0.82
14.01 4.49
16.0 11.99
18.0 0.6
20.0 21.72
22.0 21.72
24.14 15.05
26.01 15.03
28.0 14.91
30.0 14.66
32.0 14.41
34.0 14.7
36.0 3.25
38.0 15.41
40.0 6.92
42.0 9.22
44.0 15.0
46.0 14.86
48.0 15.02
50.0 14.78
52.0 14.61
54.0 14.53
56.0 4.14
58.0 1.04
62.1 2.69
63.41 1.77
65.12 4.93
66.0 11.07
68.0 15.01
70.0 7.55
72.01 13.06
74.0 14.73
76.0 4.8
78.0 16.55
80.01 12.36
82.25 22.74
84.0 5.04
86.25 10.58
88.25 2.91
90.25 7.71
92.25 11.69
94.25 5.65
96.08 8.27
98.25 0.8
100.25 8.35
102.25 0.79
104.25 14.96
106.25 10.61
108.25 10.51
110.25 8.73
112.25 5.99
114.25 6.46
116.25 19.56
118.26 6.99
120.07 14.02
122.25 10.95
124.25 13.22
126.25 13.4
128.25 12.82
130.25 7.69
132.25 15.48
134.25 2.39
136.25 15.22
138.25 18.28
140.26 15.02
142.25 12.03
144.25 20.81
146.27 14.56
148.25 17.43
150.28 1.76
152.26 4.41
154.25 15.09
156.25 14.66
158.25 0.96
160.25 14.78
162.25 14.87
164.25 0.48
166.25 5.27
168.26 16.23
170.25 5.87
172.25 7.56
174.25 9.77
176.25 14.57
178.25 14.08
180.25 14.99
182.25 7.62
184.25 5.95
186.25 4.77
188.25 10.51
190.26 13.37
192.25 12.31
194.25 10.76
196.25 13.36
198.25 14.43
200.25 4.31
202.25 23.83
204.26 10.18
206.28 5.99
208.25 14.58
210.25 14.3
212.25 16.16
214.26 6.05
216.25 16.88
218.25 2.4
220.25 8.03
222.25 14.47
224.25 9.24
226.25 20.77
228.25 2.53
230.25 8.74
232.27 17.34
234.25 4.93
236.25 4.4
238.25 0.48
240.25 20.19
242.25 6.12
244.25 9.52
246.26 2.56
248.25 3.8
250.25 13.88
252.25 13.46
254.25 13.47
256.25 14.92
258.25 7.74
260.25 8.15
262.25 5.7
264.25 4.84
266.25 3.41
268.25 5.95
270.25 0.03
272.52 4.61
274.25 10.78
276.25 1.78
278.25 5.54
280.25 11.08
282.25 3.18
284.25 16.87
286.25 5.62
288.34 2.6
290.5 14.98
292.5 9.38
294.51 15.13
296.5 14.5
298.5 18.47
300.5 14.55
302.34 8.61
304.5 13.93
306.5 12.73
308.5 14.28
310.5 9.79
312.5 2.73
314.51 4.53
316.5 4.37
318.5 14.75
320.5 6.09
322.5 16.33
324.5 13.66
326.5 14.42
328.5 8.71
330.51 9.46
332.5 2.45
334.5 12.9
336.5 0.59
338.5 11.64
340.5 2.92
342.5 5.43
344.51 7.5
346.5 20.19
348.5 15.08
350.5 0.3
352.75 6.21
354.51 5.35
356.5 14.83
358.5 6.02
360.5 1.09
362.5 15.15
364.5 15.23
366.5 14.95
368.51 1.56
370.51 3.96
372.7 0.03
374.5 14.46
376.5 2.89
378.5 14.85
380.51 14.15
382.5 14.23
384.5 11.03
386.5 14.31
388.5 3.01
390.5 3.28
392.5 6.22
394.5 20.95
396.5 6.45
398.5 15.36
400.51 6.31
402.5 6.92
404.5 21.27
406.5 6.57
408.75 1.16
410.75 2.36
412.77 13.72
414.75 6.77
416.75 10.83
418.75 12.48
420.76 8.68
422.55 12.43
424.75 6.92
426.75 5.08
428.75 16.02
430.75 9.55
432.75 1.75
434.76 0.93
436.75 12.35
438.75 16.83
440.75 3.53
442.75 10.42
444.75 16.09
446.75 20.82
448.75 10.65
450.75 8.03
452.75 14.63
454.75 10.74
456.75 0.41
458.75 5.24
460.75 5.51
462.75 4.36
464.74 1.07
466.75 12.39
468.75 1.2
470.75 14.89
472.75 16.27
474.75 12.83
476.75 5.53
478.75 4.19
480.76 2.4
482.75 5.2
484.75 4.67
486.75 0.33
488.75 13.56
490.75 20.92
492.75 8.66
494.74 12.56
496.75 12.75
498.75 11.12
500.74 0.2
502.75 6.57
504.75 12.98
506.75 3.32
508.75 10.55
510.75 8.31
512.75 15.03
514.75 14.86
516.75 14.93
518.74 15.14
520.75 14.35
522.75 10.92
524.74 14.94
526.75 14.47
528.75 1.82
530.74 3.27
532.74 5.68
534.75 7.52
536.75 11.34
538.74 0.03
540.75 5.63
542.75 11.34
544.76 3.28
546.75 6.92
548.77 14.42
550.75 3.45
552.76 3.44
554.74 11.57
556.75 13.12
558.77 6.55
560.75 6.83
562.74 22.37
564.74 14.97
566.74 12.32
568.74 7.51
570.75 10.23
572.75 5.15
574.75 14.7
576.74 0.99
578.75 8.97
580.75 9.01
582.75 0.19
584.74 7.98
586.75 11.18
588.74 3.42
590.75 11.65
593.0 13.63
594.99 0.99
597.0 16.83
599.0 5.91
601.0 2.95
603.0 5.65
605.0 6.99
607.0 9.89
609.0 10.13
611.0 14.22
612.99 13.91
615.0 15.04
617.0 1.34
618.99 1.63
621.0 15.63
623.0 2.27
624.99 2.0
627.0 1.78
629.0 4.32
631.0 4.39
633.0 5.57
635.0 9.38
637.0 3.75
639.0 20.23
640.99 3.27
643.0 1.73
645.0 1.11
647.0 14.6
649.0 5.21
651.0 5.42
652.99 4.87
655.0 0.4
657.0 6.09
659.0 1.42
661.0 5.45
662.99 2.58
665.0 12.32
667.0 15.08
669.03 2.55
671.0 14.87
673.0 9.88
675.0 12.91
676.99 7.19
679.0 6.83
680.99 5.53
682.99 22.49
684.99 9.46
686.99 21.85
689.0 4.32
690.99 1.97
692.99 20.95
695.01 7.02
696.99 23.46
699.0 9.9
701.0 8.27
702.99 2.76
705.0 13.65
707.0 22.11
709.0 15.27
710.99 12.56
712.99 8.62
714.99 1.59
717.0 16.27
719.0 22.33
720.99 22.91
722.99 7.35
724.99 7.19
726.99 8.4
728.99 6.89
731.0 12.59
733.0 11.22
735.25 12.53
737.25 2.61
739.24 6.02
741.24 15.06
743.26 3.68
745.24 14.92
747.25 9.43
749.24 8.25
751.24 5.82
753.24 8.65
755.24 12.93
757.24 10.69
759.24 0.67
761.24 3.97
763.24 7.62
765.24 3.76
767.24 13.95
769.24 10.24
771.24 15.18
773.24 7.16
775.24 12.17
777.24 15.4
779.25 13.74
781.24 10.43
783.24 15.18
785.24 14.32
787.24 0.87
789.25 5.89
791.24 4.93
793.24 0.2
795.49 8.6
797.51 15.22
799.42 12.29
801.49 14.83
803.5 11.33
805.49 15.17
807.49 9.88
809.49 10.36
811.5 2.68
813.49 0.58
815.49 6.62
817.49 20.98
819.5 15.22
821.49 8.52
823.49 9.01
825.49 14.58
827.5 5.1
829.49 3.78
831.49 13.64
833.49 19.09
835.5 6.03
837.49 6.9
839.49 5.03
841.49 16.85
843.54 9.07
845.49 3.88
847.49 14.97
849.5 1.08
851.49 22.1
853.49 4.04
855.49 14.57
857.49 14.67
859.49 15.19
861.74 18.72
863.75 3.09
865.74 9.86
867.74 14.54
869.74 14.77
871.74 6.82
873.74 1.31
875.74 3.05
877.74 9.1
879.74 18.6
881.74 3.86
883.74 4.55
885.74 15.15
887.74 5.23
889.74 14.74
891.74 14.34
893.74 19.1
895.74 15.09
897.74 8.09
899.74 15.88
901.74 9.77
903.74 12.5
905.74 9.98
907.74 10.49
909.76 10.79
911.77 14.6
913.74 14.8
915.74 15.09
917.74 21.18
919.74 8.65
921.74 9.12
923.74 1.19
925.74 1.42
927.74 18.18
929.74 9.07
931.74 7.57
933.74 14.64
935.74 0.55
937.74 14.93
939.74 0.99
941.74 22.07
943.76 6.24
945.74 14.67
947.74 3.96
949.75 11.28
951.74 24.01
953.75 9.95
955.74 6.81
957.74 7.99
959.74 6.95
961.74 13.95
963.74 13.47
965.75 14.32
967.74 11.01
969.75 13.87
971.74 14.89
973.74 8.34
975.74 12.71
977.74 5.47
979.74 8.52
981.74 9.14
983.74 6.98
985.75 6.54
987.74 8.1
989.74 11.22
991.74 15.91
993.74 12.29
995.74 8.23
998.01 14.72
999.99 0.85
1001.99 0.43
1003.99 4.61
1005.99 14.86
1007.99 3.53
1009.99 9.58
1011.99 8.61
1013.99 9.9
1015.99 5.14
1017.99 6.1
1019.99 0.87
1021.99 11.23
1024.0 17.62
1025.99 4.24
1028.0 10.86
1029.99 14.96
1031.99 5.97
1033.99 11.14
1035.99 11.8
1037.99 22.57
1039.99 13.83
1041.99 1.63
1043.99 5.92
1045.99 5.22
1048.0 21.54
1049.99 7.45
1051.99 7.68
1053.99 12.07
1055.99 3.06
1058.0 12.47
1059.99 0.4
1061.99 17.87
1063.99 2.93
1065.99 6.36
1067.99 5.35
1069.99 8.9
1071.99 12.47
1073.99 14.94
1075.99 15.26
1077.99 5.66
1080.0 4.86
1081.99 11.19
1084.0 15.45
1085.99 19.27
1087.99 4.64
1089.99 3.0
1092.0 15.52
1093.99 2.63
1095.99 12.06
1097.99 11.0
1099.99 15.08
1101.99 7.44
1104.0 8.26
1105.99 22.7
1107.99 11.51
1109.99 17.18
1111.99 8.19
1114.0 9.27
1115.99 0.45
1117.99 4.11
1119.99 0.96
1121.99 3.96
1123.99 2.9
1125.99 5.18
1127.99 14.55
1129.99 12.51
1131.99 4.08
1133.99 0.96
1135.99 16.23
1137.99 14.96
1140.0 3.03
1142.0 3.19
1143.99 12.14
1146.0 0.24
1147.99 1.5
1149.99 0.87
1151.99 12.54
1153.99 11.15
1155.99 0.98
1157.99 11.2
1159.99 13.51
1162.0 0.24
1163.99 11.37
1166.0 11.4
1167.99 19.71
1169.99 4.11
1171.99 13.23
1173.99 3.61
1175.99 6.26
1177.99 21.27
1180.25 15.02
1182.24 17.1
1184.24 5.29
1186.24 15.13
1188.24 3.69
1190.24 1.99
1192.24 9.63
1194.24 4.4
1196.05 20.27
1198.24 7.01
1200.26 6.57
1202.24 10.04
1204.24 10.24
1206.24 15.57
1208.24 7.71
1210.24 1.02
1212.24 15.04
1214.24 2.32
1216.24 2.48
1218.25 8.64
1220.24 11.44
1222.24 10.85
1224.24 10.43
1226.25 10.36
1228.24 5.49
1230.24 8.58
1232.24 15.28
1234.24 11.32
1236.24 10.9
1238.24 1.49
1240.24 3.94
1242.24 15.22
1244.31 14.87
1246.49 14.8
1248.49 6.28
1250.5 15.03
1252.49 12.3
1254.49 0.88
1256.5 15.08
1258.49 12.52
1260.5 18.64
1262.5 2.61
1264.31 10.11
1266.49 13.56
1268.31 18.89
1270.49 2.17
1272.49 8.45
1274.49 13.79
1276.5 4.23
1278.5 5.74
1280.49 6.33
1282.49 11.07
1284.49 4.29
1286.49 5.03
1288.49 10.32
1290.49 10.24
1292.49 11.44
1294.49 14.88
1296.49 6.62
1298.49 15.22
1300.49 10.18
1302.49 13.97
1304.49 14.28
1306.49 13.77
1308.49 4.53
1310.49 1.1
1312.49 1.53
1314.49 9.8
1316.5 21.57
1318.49 6.02
1320.49 2.92
1322.49 17.92
1324.49 7.67
1326.49 14.76
1328.5 8.28
1330.49 3.16
1332.49 11.89
1334.5 1.41
1336.49 20.78
1338.49 1.2
1340.49 17.02
1342.49 2.98
1344.49 9.38
1346.51 1.1
1348.49 15.53
1350.5 20.86
1352.49 1.05
1354.49 1.67
1356.49 9.67
1358.49 7.97
1360.49 14.42
1362.49 14.77
1364.49 15.1
1366.49 2.22
1368.5 15.1
1370.49 1.49
1372.49 15.32
1374.49 21.26
1376.49 6.75
1378.49 6.93
1380.49 2.4
1382.74 18.25
1384.74 13.77
1386.74 14.81
1388.74 11.99
1390.74 13.37
1392.74 7.93
1394.74 14.42
1396.74 4.7
1398.74 16.82
1400.74 6.08
1402.74 4.85
1404.74 5.95
1406.74 0.39
1408.74 11.84
1410.74 10.83
1412.74 18.54
1414.74 5.32
1416.74 0.15
1418.74 0.45
1420.74 2.55
1422.74 9.74
1424.74 15.07
1426.74 8.38
1428.75 5.09
1430.74 7.8
1432.74 21.12
1434.74 14.04
1436.74 1.68
1438.75 5.1
1440.74 2.92
1442.74 16.98
1444.74 18.92
1446.74 0.89
1448.74 1.01
1450.74 0.04
1452.74 2.51
1454.74 0.4
1456.74 23.16
1458.74 7.33
1460.74 21.01
1462.75 0.74
1464.74 6.65
1466.99 8.98
1468.99 15.76
1470.99 14.06
1472.99 3.91
1474.99 9.92
1476.99 12.95
1478.99 13.3
1480.99 4.28
1482.99 11.8
1484.99 15.33
1486.99 5.06
1488.99 11.64
1490.99 5.7
1492.99 2.63
1494.99 23.14
1496.99 8.62
1498.99 0.3
1500.99 12.0
1502.99 7.89
1504.99 3.17
1506.99 7.04
1508.99 19.32
1510.99 10.55
1512.99 9.72
1514.99 3.43
1516.99 0.2
1518.99 10.94
1520.99 4.63
1522.99 3.56
1524.99 12.08
1527.01 8.92
1529.0 16.13
1530.99 2.6
1532.99 12.7
1534.99 5.44
1536.99 15.1
1538.99 13.11
1540.99 15.1
1542.99 7.68
1544.99 10.68
1547.0 4.9
1548.99 15.02
1550.99 3.66
1552.99 20.69
1554.99 5.64
1556.99 12.7
1558.99 9.04
1560.99 0.81
1562.99 0.82
1564.99 3.06
1566.99 12.87
1568.99 12.16
1570.99 0.45
1572.99 6.14
1574.99 15.44
1576.99 13.92
1578.99 3.02
1580.99 9.18
1582.99 15.58
1584.99 8.3
1586.99 9.27
1588.99 14.25
1590.99 11.23
1592.99 13.65
1594.99 7.65
1596.99 4.7
1598.99 0.58
1600.99 22.71
1602.99 6.07
1604.99 12.48
1606.99 0.81
1608.99 16.56
1610.99 7.19
1612.99 6.54
1614.99 8.89
1616.99 8.57
1618.99 8.71
1620.99 16.71
1622.99 0.41
1624.99 20.63
1626.99 5.64
1628.99 17.77
1630.99 1.2
1632.99 5.12
1634.99 14.72
1637.01 5.52
1638.99 21.41
1640.99 5.26
1642.99 7.2
1644.99 4.08
1647.24 5.68
1649.24 13.29
1651.24 14.98
1653.24 13.87
1655.24 1.32
1657.24 3.72
1659.24 5.31
1661.24 1.97
1663.24 11.28
1665.24 11.21
1667.04 12.66
1669.24 8.51
1671.24 3.93
1673.25 14.21
1675.24 14.76
1677.24 16.27
1679.24 6.71
1681.24 6.26
1683.24 2.15
1685.24 8.77
1687.24 20.29
1689.26 15.16
1691.24 16.1
1693.24 7.02
1695.73 3.3
1697.72 0.79
1699.72 0.1
1701.72 12.38
1703.72 0.3
1705.72 6.98
1707.73 9.32
1709.73 3.64
1711.72 14.23
1713.72 5.9
1715.72 4.77
1717.73 0.3
1719.72 13.86
1721.73 9.31
1723.72 7.35
1725.72 11.94
1727.72 5.63
1729.72 15.04
1731.72 0.48
1733.72 10.8
1735.72 10.38
1737.73 17.33
1739.72 3.44
1741.72 9.23
1743.72 10.63
1745.6 8.53
1747.72 12.81
1749.72 18.46
1751.72 8.45
1753.73 4.9
1764.73 5.37
1765.27 5.77
1765.91 2.0
1767.29 1.42
1768.77 8.85
1824.21 15.16
