0 20.875
1 40.875
2 44.5
3 43.625
4 40.75
5 44.5
6 17.75
7 10.25
8 12.5
9 11.5
10 13.5
11 29.0
12 19.875
13 0.5
14 11.75
15 15.0
16 14.625
17 11.375
18 14.875
19 14.375
20 12.75
21 14.125
22 19.75
23 19.5
24 5.5
25 2.0
26 2.625
27 12.875
28 30.75
29 53.75
30 62.375
31 68.25
32 72.875
33 30.25
34 11.625
35 12.75
36 14.5
37 15.25
38 13.625
39 9.875
40 13.5
41 18.75
42 33.0
43 46.375
44 48.0
45 35.25
46 15.125
47 13.875
48 11.625
49 26.625
50 51.625
51 53.875
52 62.5
53 61.5
54 58.0
55 63.375
56 65.875
57 65.0
58 66.25
59 68.375
60 78.5
61 84.0
62 84.0
63 93.5
64 104.375
65 114.75
66 78.875
67 107.125
68 101.0
69 92.75
70 69.125
71 57.625
72 2.625
73 14.5
74 13.125
75 7.375
76 12.875
77 12.0
78 45.125
79 30.0
80 37.0
81 17.125
82 27.5
83 33.625
84 14.875
85 34.375
86 8.625
87 9.75
88 9.75
89 9.5
90 9.875
91 13.0
92 14.125
93 39.875
94 47.125
95 55.625
96 48.375
97 44.5
98 48.25
99 51.375
100 48.5
101 52.25
102 54.25
103 58.75
104 58.875
105 58.5
106 67.25
107 69.625
108 67.875
109 74.25
110 81.375
111 83.25
112 68.375
113 71.5
114 72.875
115 22.875
116 13.5
117 13.75
118 59.125
119 62.5
120 55.5
121 53.75
122 71.375
123 62.75
124 36.375
125 12.125
126 14.875
127 44.625
128 47.375
129 48.25
130 53.375
131 55.625
132 54.375
133 51.75
134 28.75
135 16.875
136 19.75
137 16.375
138 28.0
139 12.375
140 13.375
141 26.0
142 36.125
143 48.625
144 34.75
145 42.25
146 20.5
147 20.5
148 17.625
149 16.875
150 18.125
151 17.0
152 14.875
153 12.125
154 12.125
155 12.375
156 10.25
157 10.125
158 4.75
159 23.25
160 10.875
161 40.125
162 38.25
163 0.5
164 22.125
165 17.375
166 14.5
167 61.75
168 61.375
169 57.25
170 62.25
171 40.25
172 13.875
173 13.625
174 13.0
175 14.25
176 14.5
177 15.5
178 57.625
179 36.0
180 69.25
181 71.5
182 65.0
183 78.0
184 14.25
185 13.875
186 15.5
187 45.875
188 50.125
189 50.5
190 57.25
191 13.375
192 16.625
193 14.0
194 21.375
195 22.75
196 14.25
197 20.5
198 16.0
199 14.5
200 15.875
201 11.875
202 29.25
203 45.25
204 57.75
205 60.625
206 60.375
207 58.5
208 64.75
209 64.375
210 67.625
211 82.25
212 87.375
213 81.0
214 85.5
215 90.875
216 71.875
217 85.125
218 82.0
219 76.125
220 71.0
221 82.75
222 80.125
223 67.375
224 73.25
225 73.0
226 84.125
227 73.0
228 76.75
229 74.25
230 75.25
231 68.625
232 68.625
233 74.875
234 78.375
235 71.375
236 72.125
237 71.375
238 68.25
239 81.25
240 92.75
241 105.375
