0.0 28.01
1.86 42.55
3.93 42.55
6.0 42.55
8.07 46.36
9.88 46.36
11.96 46.36
13.88 46.36
16.03 46.36
18.09 46.36
19.9 46.36
21.95 46.36
24.0 46.36
26.04 46.36
28.07 46.36
30.12 46.36
32.16 46.36
33.95 46.36
36.0 46.36
38.04 46.36
40.08 46.36
42.11 46.36
44.16 46.36
45.94 46.36
47.98 46.36
50.02 46.36
52.05 42.32
54.09 42.69
56.13 45.01
58.17 45.01
59.95 45.01
61.99 46.64
64.02 43.59
66.06 47.43
68.09 47.43
70.13 48.15
72.17 51.86
74.2 51.86
75.98 51.86
78.02 51.86
80.06 51.86
82.09 51.86
84.14 51.86
86.17 51.86
87.95 51.86
89.99 51.86
92.03 51.86
94.07 51.86
96.1 51.86
98.14 51.86
100.18 51.86
102.22 51.86
104.0 51.86
106.04 51.86
108.08 51.86
110.12 51.86
112.15 51.86
114.19 51.86
116.22 51.86
118.01 51.86
120.05 51.86
122.09 51.86
124.13 51.86
126.17 51.86
128.21 51.86
129.99 51.86
132.03 51.86
134.07 51.86
136.11 51.86
138.14 51.86
140.18 51.86
142.22 51.86
144.25 51.86
146.28 51.86
148.06 51.86
150.09 51.86
152.13 51.86
154.16 51.86
156.2 51.86
158.24 51.86
160.29 51.86
162.07 51.86
164.11 51.86
166.15 51.86
168.19 51.86
170.23 51.86
172.16 51.86
174.06 51.86
176.09 51.86
178.13 51.86
180.17 51.86
182.21 51.86
184.25 51.86
186.29 51.86
188.08 51.86
190.11 51.86
192.15 51.86
194.19 51.86
196.12 51.86
198.27 51.86
200.3 51.86
202.34 51.86
204.13 51.86
206.16 51.86
208.2 51.86
210.24 51.86
212.28 51.86
214.31 51.86
216.09 51.86
218.13 51.86
220.17 51.86
222.21 51.86
224.25 51.86
226.28 51.86
228.31 51.86
230.34 51.86
232.15 51.86
234.22 51.86
236.31 51.86
238.34 51.86
240.18 51.86
242.24 51.86
244.2 51.86
246.3 51.86
248.15 51.86
250.18 51.86
252.2 51.86
254.24 51.86
256.27 51.86
258.31 51.86
260.13 51.86
262.21 51.86
264.24 51.86
266.27 51.86
268.19 51.86
270.33 51.86
272.37 51.86
274.14 51.86
276.18 51.86
278.21 51.86
280.25 51.86
282.28 51.86
284.32 51.86
286.35 51.86
288.39 51.86
290.17 51.86
292.21 51.86
294.25 51.86
296.28 51.86
298.32 51.86
300.36 51.86
302.14 48.49
304.18 48.49
306.22 48.0
308.26 48.22
310.3 48.22
312.33 48.22
314.37 48.22
316.42 48.22
318.2 48.22
320.23 48.22
322.27 48.22
324.31 52.97
326.35 52.97
328.38 52.97
330.42 52.97
332.21 52.97
334.24 52.97
336.28 52.97
338.32 22.96
340.26 21.39
342.4 20.9
344.2 20.9
346.22 22.32
348.26 22.09
350.3 24.98
352.34 23.31
354.38 22.78
356.42 30.98
358.45 37.7
360.23 39.46
362.27 43.41
364.3 52.2
366.34 56.3
368.37 56.3
370.41 56.3
372.44 56.3
374.48 56.3
376.27 56.3
378.3 56.3
380.34 56.3
382.37 56.3
384.41 56.3
386.44 56.3
388.47 56.3
390.26 56.3
392.29 56.3
394.33 56.3
396.38 56.3
398.41 58.18
400.45 58.34
402.48 60.5
404.51 60.5
406.29 60.5
408.33 60.5
410.37 60.5
412.29 60.08
414.44 59.76
416.47 62.37
418.51 69.79
420.54 72.15
422.32 67.51
424.36 82.5
426.4 81.07
428.43 84.73
430.47 89.39
432.5 88.28
434.29 88.28
436.32 88.28
438.36 88.28
440.39 88.28
442.43 88.28
444.46 88.28
446.5 86.29
448.54 89.02
450.32 88.37
452.35 91.94
454.39 91.94
456.42 91.94
458.46 94.91
460.5 94.91
462.54 94.91
464.32 94.91
466.36 94.91
468.4 94.91
470.44 94.91
472.48 92.88
474.51 92.88
476.56 92.88
478.6 92.88
480.38 92.88
482.42 92.88
484.46 92.88
486.5 92.88
488.53 92.88
490.57 92.88
492.35 92.88
494.39 92.88
496.42 84.55
498.46 84.55
500.49 84.67
502.53 84.67
504.56 84.67
506.59 84.67
508.37 84.67
510.4 84.67
512.43 84.67
514.47 84.67
516.51 84.67
518.54 84.67
520.58 84.67
522.5 84.67
524.39 90.2
526.44 90.2
528.46 90.2
530.51 90.2
532.54 90.2
534.57 86.36
536.61 91.47
538.64 91.47
540.42 91.47
542.45 91.47
544.49 91.47
546.53 91.47
548.56 91.17
550.6 91.17
552.63 91.17
554.41 91.17
556.45 91.17
558.48 91.17
560.52 91.17
562.55 91.17
564.58 89.14
566.62 87.82
568.66 85.88
570.44 84.26
572.47 88.72
574.5 85.62
576.54 83.54
578.58 85.89
580.62 85.89
582.66 85.89
584.7 85.89
586.48 85.89
588.52 83.09
590.56 91.04
592.6 94.47
594.53 92.01
596.68 90.06
598.46 90.35
600.5 88.54
602.54 89.6
604.58 87.98
606.63 91.6
608.67 95.43
610.71 3.07
612.49 90.64
614.54 94.74
616.57 92.16
618.5 92.16
620.65 92.16
622.7 92.16
624.48 92.16
626.5 92.16
628.54 92.16
630.59 92.16
632.63 92.16
634.67 90.8
636.7 91.52
638.75 90.35
640.54 90.35
642.57 90.35
644.6 93.35
646.65 97.7
648.68 83.62
650.72 89.36
652.76 94.9
654.54 88.41
656.61 90.52
658.67 90.52
660.72 90.52
662.53 90.52
664.6 90.52
666.53 90.52
668.72 90.52
670.53 90.52
672.64 90.52
674.68 90.52
676.74 90.52
678.53 90.52
680.6 90.52
682.65 90.52
684.71 90.52
686.75 90.52
688.57 90.52
690.64 90.52
692.74 90.52
694.79 90.52
696.58 90.52
698.62 90.52
700.67 90.52
702.74 90.52
704.81 90.52
706.62 90.52
708.68 90.52
710.74 90.52
712.79 90.52
714.58 90.52
716.63 90.52
718.66 90.52
720.73 90.52
722.8 90.52
724.6 90.52
726.64 90.52
728.68 90.52
730.71 90.52
732.76 90.52
734.81 90.52
736.61 90.52
738.66 90.52
740.71 90.52
742.76 90.52
744.8 90.52
746.83 90.52
748.86 90.52
750.63 90.52
752.67 90.52
754.74 90.52
756.78 90.52
758.83 90.52
760.86 90.52
762.69 90.52
764.77 90.52
766.83 90.52
768.64 90.52
770.68 90.52
772.75 90.52
774.81 90.52
776.86 90.52
778.65 90.52
780.7 90.52
782.78 90.52
784.88 90.52
786.69 90.52
788.75 90.52
790.82 90.52
792.85 90.52
794.9 90.52
796.67 90.52
798.73 90.52
800.78 90.52
802.82 90.52
804.87 90.52
806.89 90.52
808.72 90.52
810.79 90.52
812.87 90.52
814.69 90.52
816.73 90.52
818.78 90.52
820.84 90.52
822.9 90.52
824.71 90.52
826.8 90.52
828.85 90.52
830.92 90.52
832.75 90.52
834.81 90.52
836.86 90.52
838.93 90.52
840.73 90.52
842.76 90.52
844.8 90.52
846.83 90.52
848.87 90.52
850.91 90.52
852.95 90.52
854.74 90.52
856.77 90.52
858.81 90.52
860.86 90.52
862.9 90.52
864.94 90.52
866.97 90.52
868.75 90.52
870.79 90.52
872.83 90.52
