0 5.125
1 9.75
2 12.125
3 18.25
4 13.625
5 6.375
6 4.75
7 9.375
8 11.0
9 15.625
10 14.375
11 13.875
12 12.875
13 15.375
14 13.375
15 12.375
16 12.25
17 14.5
18 11.5
19 15.25
20 11.0
21 57.125
22 69.75
23 34.625
24 10.125
25 15.25
26 12.5
27 13.125
28 17.125
29 27.625
30 46.0
31 70.625
32 81.5
33 89.5
34 96.375
35 52.5
36 9.75
37 0.375
38 0.125
39 4.375
40 1.625
41 10.25
42 14.875
43 14.5
44 12.75
45 12.125
46 10.125
47 10.5
48 13.875
49 15.25
50 14.125
51 12.75
52 15.375
53 10.375
54 13.875
55 10.875
56 15.25
57 14.5
58 10.0
59 14.75
60 14.75
61 13.25
62 15.375
63 11.625
64 15.0
65 11.75
66 14.125
67 15.0
68 12.5
69 13.625
70 12.375
71 12.375
72 15.625
73 15.375
74 8.625
75 11.625
76 14.125
77 20.25
78 25.75
79 38.125
80 50.875
81 58.125
82 56.75
83 42.0
84 10.0
85 41.0
86 49.75
87 54.125
88 17.25
89 4.375
90 4.0
91 15.125
92 15.625
93 31.75
94 32.125
95 43.75
96 46.125
97 48.375
98 46.625
99 49.5
100 49.0
101 59.125
102 62.625
103 62.0
104 69.5
105 71.375
106 73.625
107 73.5
108 89.875
109 85.875
110 70.375
111 85.75
112 93.5
113 107.875
114 79.875
115 74.625
116 91.625
117 96.875
118 92.75
119 95.125
120 87.875
121 84.625
122 54.625
123 28.0
124 55.75
125 47.5
126 3.375
127 0.75
128 4.75
129 4.625
130 2.0
131 5.875
132 6.375
133 15.5
134 14.75
135 65.0
136 75.375
137 63.0
138 57.625
139 67.5
140 55.625
141 11.75
142 0.25
143 3.875
144 1.875
145 7.0
146 9.375
147 12.875
148 11.75
149 24.75
150 30.625
151 17.5
152 9.75
153 14.5
154 27.75
155 32.875
156 32.125
157 37.0
158 35.0
159 40.125
160 35.375
161 32.375
162 38.125
163 44.875
164 40.625
165 47.75
166 44.875
167 53.125
168 56.5
169 55.0
170 57.125
171 61.875
172 58.875
173 69.625
174 75.5
175 73.375
176 83.5
177 103.75
178 97.125
179 126.25
180 87.75
181 98.75
182 92.5
183 90.375
184 105.75
185 102.5
186 85.0
187 50.5
188 0.25
189 4.375
190 2.625
191 10.125
192 0.875
193 0.5
194 12.875
195 14.625
196 25.625
197 19.875
198 24.625
199 31.75
200 32.875
201 34.125
202 2.75
203 0.25
204 0.5
205 1.5
206 0.5
207 9.375
208 12.875
209 14.0
210 12.625
211 13.25
212 11.25
213 13.5
214 15.125
215 11.875
216 13.875
217 13.0
218 11.25
219 11.25
220 11.875
221 15.0
222 10.625
223 13.875
224 15.0
225 12.25
226 14.125
227 14.125
228 15.625
229 12.0
230 14.625
231 15.5
232 14.125
233 14.0
234 13.75
235 15.5
236 13.875
237 13.5
238 14.625
239 15.125
240 14.125
241 14.75
242 15.375
