0.0 0.48
0.6 178.97
2.6 174.17
4.61 211.72
6.6 0.22
8.6 212.26
10.6 0.22
12.6 198.01
14.46 0.21
16.61 215.2
18.6 232.37
20.6 5.4
22.61 226.78
24.6 212.57
26.6 211.18
28.61 228.83
30.6 0.23
32.62 238.03
34.6 0.22
36.6 244.49
38.46 0.23
40.61 193.28
42.62 233.49
44.61 0.22
46.61 173.49
48.6 0.23
50.61 270.37
52.61 245.57
54.6 315.29
56.6 159.19
58.6 0.23
60.61 178.03
62.6 0.22
64.6 170.26
66.6 180.92
68.6 0.23
70.6 203.87
72.6 0.23
74.6 185.36
76.61 186.12
78.6 0.22
80.6 164.83
82.61 0.22
84.6 169.52
86.6 0.67
88.61 206.35
90.6 206.35
92.6 0.22
94.6 185.95
96.6 0.21
98.61 142.16
100.6 153.28
102.6 0.22
104.6 177.48
106.6 0.47
108.6 166.61
110.6 0.22
112.6 144.88
114.6 189.47
116.6 10.06
118.61 228.44
120.6 0.2
122.6 198.93
124.61 224.49
126.6 0.22
128.6 211.62
130.6 0.22
132.6 116.87
134.6 0.23
136.6 86.28
138.6 118.31
140.61 103.14
142.6 104.63
144.6 0.22
146.6 76.3
148.6 103.09
150.6 81.66
152.6 81.66
154.64 81.66
156.61 118.06
158.61 107.38
160.6 124.26
162.6 149.7
164.6 0.24
166.6 165.2
168.6 0.22
170.6 179.63
172.6 193.93
174.6 200.65
176.6 198.64
178.61 0.22
180.6 166.7
182.6 0.19
184.61 188.87
186.85 207.73
188.85 0.23
190.85 207.33
192.86 0.22
194.85 235.67
196.85 192.59
198.86 251.91
200.85 234.15
202.86 0.22
204.85 222.6
206.85 293.41
208.9 251.55
210.85 122.52
212.85 0.22
214.85 316.65
216.85 0.22
218.87 322.81
220.87 350.67
222.86 0.23
224.87 300.29
226.85 0.22
228.85 332.27
230.85 0.22
232.85 394.35
234.85 335.75
236.86 0.22
238.86 393.04
240.88 0.23
242.86 401.77
244.85 394.33
246.86 337.36
248.85 408.3
250.86 0.22
252.85 419.92
254.86 0.22
256.86 339.33
258.85 364.7
260.85 0.22
262.86 192.05
264.85 0.23
266.85 293.05
268.87 313.31
270.85 344.72
272.87 325.06
274.85 0.21
276.87 348.9
278.85 0.22
280.85 323.83
282.86 343.92
284.85 0.23
286.85 383.72
288.85 0.22
290.85 385.96
292.85 393.76
294.85 392.54
296.85 409.53
298.86 0.22
300.86 413.14
302.85 0.22
304.85 509.3
306.86 508.72
308.86 0.22
310.87 265.64
312.85 0.22
314.86 425.86
316.85 346.97
318.85 235.15
320.85 304.43
322.85 0.22
324.85 359.85
326.85 0.22
328.85 407.36
330.86 396.33
332.85 0.22
334.86 405.78
336.86 0.22
338.85 434.47
340.85 466.44
342.85 422.13
344.85 406.85
346.85 0.22
348.85 168.71
350.85 0.24
352.85 463.59
354.85 465.09
356.86 0.21
358.85 460.89
360.85 0.22
362.85 330.8
364.85 364.28
366.85 404.9
368.86 429.92
370.85 0.22
372.85 221.59
374.85 0.22
376.85 407.35
378.85 400.31
380.85 0.23
382.85 385.25
384.86 0.23
386.86 391.39
388.85 424.4
390.85 224.49
392.86 401.81
394.86 0.23
396.85 292.22
398.85 0.23
400.85 433.58
402.86 451.41
404.85 0.23
406.85 471.07
408.85 0.22
410.85 177.22
412.85 243.07
414.85 264.3
416.86 259.44
418.85 0.22
420.85 268.21
422.85 0.22
424.85 298.42
426.86 152.05
428.86 0.22
430.85 295.91
432.85 0.23
434.85 335.67
436.85 314.02
439.1 347.65
440.87 353.9
442.86 0.21
444.86 46.81
447.1 0.23
449.1 391.76
451.1 395.36
453.1 333.07
455.1 334.77
457.1 0.23
459.1 365.93
460.96 0.23
463.1 406.5
465.1 401.47
467.1 0.22
469.1 403.58
471.1 0.22
473.1 375.37
475.1 280.86
477.1 271.46
479.1 274.97
481.1 2.94
483.1 309.16
484.97 0.23
487.1 300.32
489.4 284.74
491.1 0.22
493.1 324.82
495.1 329.27
497.1 283.37
499.11 311.44
501.1 0.23
503.1 317.17
505.1 0.22
507.1 294.64
508.96 0.23
511.1 377.15
513.1 353.89
515.1 0.22
517.1 403.46
519.1 0.22
521.1 261.28
523.1 226.49
525.1 0.23
527.1 301.13
529.1 0.22
531.1 287.26
532.95 0.24
535.1 225.14
537.1 201.28
539.1 0.22
541.1 254.4
543.1 2.33
545.1 290.51
547.1 294.25
549.1 272.63
551.1 263.64
553.1 302.62
555.1 282.77
557.1 0.9
559.1 272.63
561.1 264.03
563.1 0.22
565.1 258.72
567.1 0.23
569.1 264.36
571.1 299.25
573.1 266.2
575.1 298.95
577.1 0.24
579.1 293.75
581.1 277.77
583.1 272.57
585.1 292.73
587.1 0.23
589.1 252.61
591.1 0.22
593.11 277.18
595.1 322.95
597.1 332.54
599.1 268.19
601.1 0.22
603.1 421.33
605.1 0.23
607.1 427.35
609.1 396.54
611.1 0.22
613.1 398.61
615.1 0.23
617.1 227.97
619.1 317.78
621.1 0.23
623.1 269.49
625.1 0.22
627.1 374.97
629.1 0.22
631.1 400.34
633.1 386.64
635.1 0.22
637.1 54.28
639.1 0.22
641.1 164.82
643.1 119.77
645.1 164.76
647.1 174.9
649.1 0.22
651.1 125.17
653.1 4.1
655.1 73.8
657.1 73.8
659.1 3.04
661.1 74.53
663.1 81.07
665.1 88.11
667.11 82.3
669.1 71.61
671.1 73.27
673.1 77.05
675.1 82.99
677.1 97.37
679.1 93.14
681.1 97.22
683.1 98.03
685.1 89.8
687.35 71.6
689.35 98.63
691.35 98.63
693.35 100.32
695.36 76.28
697.35 78.06
699.35 92.54
701.39 92.54
703.36 92.54
705.35 109.14
707.35 109.14
709.35 109.14
711.36 109.14
713.35 109.14
715.36 109.14
717.35 109.14
719.35 109.14
721.35 109.14
723.35 101.58
725.35 114.99
