0.0 1.2
2.64 1.27
4.36 0.15
5.24 0.93
6.44 0.2
7.61 0.83
8.93 0.66
9.81 1.12
11.4 1.09
12.77 1.23
14.98 1.38
17.36 0.85
19.66 0.29
20.92 1.02
22.45 1.05
25.12 1.57
28.46 0.89
31.06 1.35
33.0 0.64
36.05 1.37
39.34 0.14
41.37 0.46
42.7 1.21
44.17 0.62
44.98 1.07
46.3 1.17
47.61 1.33
49.25 1.1
50.86 1.64
52.28 2.09
54.9 0.27
56.94 0.48
60.16 0.07
64.41 1.07
66.1 1.32
68.67 1.56
70.89 0.95
72.4 1.72
74.86 0.58
78.62 0.22
79.86 1.1
80.5 1.85
82.14 0.34
85.87 1.1
90.99 1.69
91.85 2.3
92.38 2.16
93.57 0.31
94.61 0.32
95.9 0.94
97.44 1.15
99.54 0.39
101.17 0.86
102.78 1.28
105.34 0.66
106.82 0.97
108.32 0.24
109.66 0.84
110.25 1.36
111.38 0.17
115.18 0.98
117.89 1.18
120.85 1.42
123.59 0.42
125.62 1.32
127.17 1.54
130.06 0.95
132.33 0.25
134.37 0.41
136.25 0.91
139.33 0.26
140.85 0.29
143.33 0.15
145.46 0.12
149.17 0.41
150.97 0.2
152.53 0.34
154.22 0.33
155.29 0.45
156.57 0.53
158.77 0.28
159.54 0.54
161.96 0.06
164.52 0.07
168.45 0.07
170.89 0.13
174.1 0.14
177.88 0.17
184.24 0.28
186.5 0.28
188.16 0.37
190.16 0.37
192.44 0.36
193.97 0.43
195.73 0.41
197.21 0.68
198.4 0.64
199.86 0.02
201.0 0.58
202.25 0.62
203.2 0.55
203.9 0.68
205.13 0.68
205.82 0.66
207.3 0.71
210.26 0.34
211.12 0.03
211.96 0.61
214.53 0.61
218.98 0.87
222.04 0.81
224.77 0.03
228.49 0.62
234.33 0.36
236.63 0.24
237.42 0.53
238.68 0.03
239.88 0.56
240.62 0.67
242.77 0.25
245.53 0.37
247.82 0.4
248.89 0.75
250.81 0.54
252.76 0.53
253.96 0.75
255.7 0.47
257.18 0.46
258.13 0.52
260.53 0.48
261.97 0.2
263.22 0.03
264.42 0.48
265.86 0.46
268.81 0.52
270.78 0.74
272.49 0.36
273.82 0.64
274.94 0.65
278.57 0.51
280.09 0.97
281.85 0.95
284.3 1.24
288.34 1.07
292.41 1.05
295.57 0.52
297.06 0.72
298.18 0.02
298.81 1.12
299.89 0.81
301.53 0.82
304.66 0.99
308.85 0.11
310.69 0.97
312.22 1.01
313.41 1.43
315.69 1.59
317.37 0.5
319.21 1.75
320.77 1.55
323.25 0.03
325.15 0.44
327.49 0.1
328.92 0.84
332.42 0.59
336.38 0.57
339.36 0.41
344.13 0.29
345.69 0.4
347.42 0.07
348.37 0.56
349.8 0.19
350.78 0.27
351.46 0.27
352.58 0.42
353.93 0.47
355.89 0.14
357.32 0.53
358.33 0.58
360.44 0.59
361.96 0.44
363.57 0.98
364.61 1.09
366.29 1.02
368.99 0.28
372.66 0.82
375.77 0.59
