0.0 7.83
0.51 6.64
1.62 6.53
2.47 5.61
3.22 8.08
4.13 8.04
6.85 1.9
7.66 6.9
9.15 0.03
10.75 0.02
13.26 3.82
14.69 5.99
15.54 3.81
16.94 2.8
17.84 4.03
19.05 7.89
20.37 5.42
23.58 0.25
25.48 4.92
27.9 2.39
29.94 6.42
32.7 1.52
35.45 1.13
37.18 3.12
38.84 1.91
40.44 2.8
42.02 2.52
42.98 5.65
43.78 5.08
45.29 2.14
47.47 0.02
49.28 3.45
51.3 6.92
53.31 3.59
55.03 4.49
57.27 3.84
59.29 5.67
61.33 3.68
63.28 5.39
65.28 2.79
67.36 2.63
69.3 3.73
71.32 5.06
73.41 6.86
75.24 5.11
77.3 7.7
79.29 1.63
81.54 4.03
83.29 6.91
85.28 4.77
87.28 6.27
89.29 7.64
91.3 4.91
94.23 0.76
95.94 6.18
97.3 5.36
99.28 5.66
101.3 5.9
103.27 2.97
105.29 4.07
107.32 1.29
109.27 6.02
111.27 6.87
113.28 5.28
115.3 4.94
117.28 1.45
119.28 7.07
121.28 3.33
123.32 4.2
125.3 5.37
127.3 4.07
129.3 4.66
131.3 5.87
133.29 3.01
135.29 4.93
137.25 1.7
139.29 2.78
141.34 5.46
144.24 1.18
145.42 4.8
147.3 5.84
149.3 3.57
151.21 6.4
153.28 6.29
155.3 7.14
157.28 5.44
159.76 2.46
161.29 6.75
163.3 3.52
165.28 6.6
167.47 4.19
169.28 3.99
171.27 2.52
173.29 3.98
175.24 5.22
177.32 5.44
179.27 7.39
181.27 7.79
183.3 8.9
185.38 7.09
187.3 6.13
190.17 5.69
191.48 7.06
193.32 7.13
195.82 5.93
197.3 6.73
199.28 10.21
201.29 10.29
203.29 12.76
205.29 8.99
207.3 12.28
209.27 4.78
211.29 12.3
213.28 9.88
215.27 6.24
217.32 7.31
219.3 4.24
221.28 0.49
223.29 10.62
226.56 0.69
228.63 1.47
231.37 0.73
233.19 0.04
234.35 5.75
236.39 1.4
237.6 7.51
239.29 6.25
241.29 5.4
244.67 2.84
246.77 4.17
250.9 2.72
252.77 2.24
254.6 4.14
256.12 3.85
258.5 3.23
260.87 3.76
262.32 2.48
265.95 1.29
267.42 6.99
269.25 5.94
270.36 3.39
272.04 2.54
273.51 6.47
274.66 7.03
275.68 2.99
277.29 3.17
279.32 5.89
281.28 5.37
283.29 8.06
285.28 9.6
287.34 2.55
289.63 5.69
291.29 7.78
293.29 2.96
295.54 5.21
297.31 6.32
299.29 6.12
301.58 4.74
303.55 3.38
305.33 5.81
307.55 5.22
309.57 3.42
311.54 0.09
313.66 3.83
315.53 4.66
317.58 6.3
319.56 5.51
321.54 8.13
324.27 0.7
326.79 8.49
329.62 0.58
331.76 0.18
332.96 1.45
334.41 0.02
338.6 2.97
341.96 0.63
344.32 7.75
346.32 5.59
347.59 8.44
350.24 0.85
352.78 2.09
353.54 4.77
354.38 2.27
356.18 5.45
357.99 7.11
360.45 0.4
362.04 5.86
364.17 4.79
365.58 4.98
366.3 3.36
367.53 6.93
369.68 3.84
371.53 2.12
373.57 3.96
375.53 7.16
377.54 8.63
379.55 8.3
381.84 6.68
383.55 7.39
385.53 3.15
387.53 4.35
389.53 4.16
391.57 2.62
393.54 5.32
395.56 5.43
397.65 6.51
399.53 6.15
401.56 3.23
403.55 5.36
405.54 4.44
407.53 7.01
409.56 3.24
411.54 4.58
413.55 2.61
415.55 4.84
417.58 6.66
419.48 0.02
421.54 5.16
423.54 4.46
425.53 4.95
427.55 4.42
429.55 4.33
431.54 4.83
433.53 4.49
435.53 9.44
437.53 9.29
439.56 6.12
441.54 6.35
443.56 7.86
445.54 4.74
447.57 6.23
449.54 2.2
