0.0 88.93
0.73 2.69
2.45 91.25
4.45 91.25
6.45 91.25
8.45 91.25
10.45 91.25
12.45 93.23
14.45 83.01
16.45 83.01
18.45 83.01
20.45 83.01
22.45 83.01
24.45 83.01
26.45 83.01
28.45 83.01
30.45 83.01
32.45 83.01
34.45 81.35
36.45 81.35
38.45 92.79
40.45 92.79
42.45 88.92
44.45 90.1
46.45 94.98
48.45 95.48
50.45 95.48
52.45 89.51
54.45 90.4
56.45 90.4
58.45 90.4
60.45 90.4
62.45 90.4
64.48 90.4
66.45 90.4
68.45 90.4
70.46 90.4
72.45 90.4
74.45 90.4
76.45 90.4
78.45 90.4
80.7 90.4
82.7 88.76
84.7 88.76
86.7 88.76
88.7 88.76
90.7 88.76
92.7 88.76
94.7 88.76
96.7 88.76
98.7 88.76
100.7 88.76
102.7 88.76
104.7 88.76
106.7 88.76
108.7 90.96
110.7 90.96
112.7 88.48
114.7 88.27
116.7 88.27
118.7 88.27
120.7 85.36
122.7 94.28
124.7 90.26
126.7 90.26
128.7 91.96
130.7 91.96
132.7 91.96
134.7 91.96
136.7 91.96
138.7 91.96
140.7 92.92
142.7 92.92
144.7 92.92
146.7 92.92
148.7 92.92
150.7 87.67
152.7 87.67
154.7 74.25
156.7 74.25
158.7 74.25
160.7 74.25
162.7 74.25
164.7 92.09
166.7 91.94
168.7 90.92
170.7 72.06
172.7 93.03
174.7 93.03
176.7 93.03
178.7 93.03
180.7 93.03
182.7 93.03
184.7 93.03
186.7 93.03
188.7 93.03
190.7 93.03
192.7 93.03
194.75 93.03
196.7 93.03
198.7 93.03
200.7 93.03
202.7 93.03
204.7 93.03
206.71 93.03
208.7 90.78
210.7 93.01
212.7 93.01
214.7 93.01
216.7 93.01
218.7 93.01
220.7 93.01
222.7 93.01
224.7 93.01
226.7 93.01
228.7 93.01
230.7 93.01
232.7 93.01
234.7 93.01
236.7 92.26
238.7 87.9
240.71 87.79
242.7 87.79
244.7 87.79
246.7 87.79
248.7 87.79
250.7 87.79
252.7 87.79
254.7 87.79
256.7 87.79
258.7 86.85
260.7 83.71
262.7 89.96
264.7 81.28
266.7 88.95
268.7 88.95
270.7 88.95
272.7 88.95
274.7 84.35
276.7 90.22
278.7 90.38
280.7 87.31
282.7 86.02
284.7 91.56
286.7 87.99
288.7 94.28
290.7 94.28
292.7 94.28
294.7 94.28
296.7 94.28
298.7 94.28
300.71 90.35
302.7 90.35
304.71 63.66
306.78 91.41
308.7 84.83
310.71 84.83
312.7 84.83
314.7 84.83
316.7 93.1
318.7 93.1
320.7 93.1
322.7 93.1
324.7 93.1
326.7 27.87
328.7 89.97
330.95 81.1
332.95 88.14
334.95 93.34
336.95 89.85
338.95 90.52
340.95 91.79
342.95 91.92
344.95 94.66
346.77 94.66
348.95 88.92
350.95 90.64
352.95 90.64
354.95 90.64
356.95 90.64
358.95 90.64
360.95 90.64
362.95 90.64
364.95 90.64
366.95 90.64
368.95 90.64
370.77 90.64
372.95 90.64
374.95 90.64
376.95 80.89
378.95 80.89
380.95 80.89
382.95 80.89
384.95 81.68
386.95 87.13
388.95 87.13
390.95 87.13
392.95 87.13
394.77 87.13
396.96 87.13
398.95 87.13
400.95 87.13
402.95 94.06
404.95 85.8
406.95 89.97
408.95 89.97
410.95 89.43
412.95 90.0
414.95 90.0
416.95 90.0
418.95 90.0
420.95 90.0
422.95 90.0
424.95 91.09
426.99 95.01
428.96 9.9
430.95 60.79
432.95 92.95
434.95 95.28
436.95 95.28
438.95 95.28
440.95 95.28
442.95 95.28
444.95 95.28
446.96 93.38
448.95 93.38
450.95 92.91
452.96 80.48
454.95 80.48
456.95 80.48
458.95 80.48
460.95 80.48
462.95 87.16
464.95 89.87
466.95 91.47
468.95 91.47
470.95 91.47
472.95 91.47
474.95 91.47
476.95 91.47
478.95 91.47
480.95 91.47
482.95 91.47
484.95 91.47
486.95 91.47
488.96 91.47
490.97 91.47
492.96 91.47
