0 7.875
1 25.25
2 45.125
3 66.25
4 78.375
5 92.5
6 109.75
7 91.125
8 88.0
9 128.75
10 112.5
11 136.25
12 147.5
13 162.5
14 171.25
15 150.0
16 148.75
17 150.0
18 186.25
19 119.5
20 173.75
21 150.0
22 131.25
23 111.5
24 100.0
25 131.25
26 80.125
27 36.5
28 31.125
29 19.625
30 10.25
31 11.875
32 5.125
33 8.625
34 10.75
35 4.75
36 15.5
37 11.875
38 13.625
39 24.875
40 64.0
41 78.0
42 84.75
43 92.375
44 97.75
45 109.75
46 111.25
47 103.875
48 106.25
49 95.75
50 48.875
51 11.625
52 61.5
53 130.0
54 131.25
55 99.125
56 96.0
57 115.125
58 94.625
59 112.0
60 147.5
61 152.5
62 148.75
63 107.875
64 126.25
65 82.375
66 5.375
67 17.375
68 2.5
69 13.125
70 13.875
71 4.25
72 10.25
73 5.75
74 8.625
75 4.125
76 14.25
77 4.25
78 4.75
79 4.375
80 11.375
81 13.875
82 12.125
83 7.25
84 6.625
85 11.625
86 6.25
87 2.625
88 3.75
89 2.875
90 7.0
91 6.25
92 4.75
93 0.5
94 2.0
95 1.375
96 1.875
97 2.125
98 2.875
99 2.5
100 1.875
101 5.5
102 3.625
103 3.625
104 2.0
105 2.625
106 0.875
107 1.5
108 5.375
109 3.25
110 4.125
111 4.375
112 5.625
113 1.75
114 0.625
115 3.875
116 2.875
117 1.375
118 1.0
119 3.25
120 1.5
121 2.875
122 3.5
123 4.625
124 2.875
125 2.0
126 0.875
127 0.25
128 1.0
129 1.25
130 2.875
131 1.875
132 2.75
133 1.25
134 1.0
135 1.375
136 2.625
137 2.375
138 0.25
139 10.25
140 12.375
141 10.75
142 20.125
143 30.125
144 42.125
145 60.375
146 80.5
147 46.5
148 64.375
149 59.25
150 77.75
151 79.75
152 78.25
153 9.875
154 0.5
155 0.75
156 6.0
157 61.125
158 75.875
159 72.5
160 59.5
161 76.125
162 73.875
163 82.625
164 55.875
165 21.875
166 7.25
167 36.625
168 68.625
169 69.875
170 72.25
171 15.875
172 33.75
173 54.625
174 65.625
175 68.25
176 72.5
177 70.5
178 47.75
179 21.5
180 10.75
181 12.75
182 4.125
183 10.375
184 3.75
185 4.875
186 11.0
187 8.75
188 2.25
189 1.625
190 2.375
191 2.0
192 1.5
193 2.125
194 1.0
195 1.5
196 0.625
197 12.625
198 13.625
199 1.875
200 3.25
201 3.75
202 3.25
203 3.0
204 2.25
205 1.125
206 2.125
207 2.0
208 1.625
209 2.625
210 1.875
211 2.75
212 2.125
213 2.0
214 1.125
215 1.75
216 0.625
217 0.125
218 15.375
219 11.5
220 2.375
221 2.75
222 4.125
223 3.25
224 4.875
225 6.0
226 1.875
227 6.125
228 1.75
229 6.375
230 5.125
231 4.875
232 1.75
233 15.125
234 11.125
235 3.0
236 4.25
237 6.0
238 0.875
239 0.25
240 14.75
241 12.875
242 6.5
243 30.0
244 44.75
245 65.625
246 78.875
247 94.0
248 90.125
249 22.625
250 25.5
251 78.375
252 91.5
253 87.25
254 90.625
255 95.75
256 101.25
257 90.375
258 108.25
259 104.25
260 109.75
261 115.75
262 123.625
263 110.0
264 106.125
265 109.0
266 105.25
267 98.25
268 97.0
269 117.0
270 113.5
271 113.625
272 105.875
273 138.75
274 105.875
275 98.625
276 118.25
277 99.625
278 106.625
279 124.0
280 114.75
281 143.75
282 7.75
283 1.125
284 0.125
285 15.625
286 10.25
287 0.625
288 3.375
289 2.875
290 0.75
291 5.0
292 0.625
293 0.875
294 1.125
295 0.625
296 12.125
297 12.375
298 11.125
299 26.625
300 18.625
301 52.5
302 82.125
303 89.5
304 98.0
305 99.875
306 101.0
307 107.75
308 113.75
309 109.375
310 114.875
311 111.375
312 128.75
313 95.875
314 88.5
315 62.25
316 170.0
317 114.875
318 106.0
319 130.0
320 130.0
321 181.25
322 141.25
323 132.5
324 121.875
325 187.5
326 158.75
327 145.0
328 100.25
329 91.75
330 84.875
331 126.25
332 126.25
333 95.75
334 102.5
335 116.5
336 119.75
337 94.125
338 108.375
339 128.75
340 140.0
341 103.0
342 123.875
343 172.5
344 122.0
345 157.5
346 188.75
347 136.25
348 137.5
349 114.625
350 111.125
351 133.75
352 25.875
353 67.5
354 19.25
355 115.875
356 133.75
357 112.625
358 119.75
359 128.75
360 127.5
361 116.75
362 122.25
363 96.375
364 132.5
365 97.375
366 126.25
367 107.5
368 98.75
369 89.75
370 111.5
371 96.25
372 100.625
373 94.25
374 96.25
375 93.625
376 60.25
377 0.375
378 20.625
379 9.25
380 7.125
381 6.875
382 14.125
383 6.25
384 7.625
385 0.375
386 0.5
387 14.25
388 13.625
389 15.375
390 0.25
391 0.125
392 6.25
393 2.125
394 2.0
395 3.0
396 0.75
397 3.25
398 11.625
399 15.5
400 1.25
401 13.625
402 14.125
403 14.875
404 13.75
405 15.5
406 14.125
407 13.125
408 14.625
409 14.25
410 15.25
411 15.25
412 11.0
413 15.5
414 4.5
415 10.25
416 21.625
417 22.625
418 14.0
419 55.625
420 68.625
421 80.625
422 91.625
423 105.75
424 111.375
425 135.0
426 128.75
427 132.5
428 168.75
429 188.75
430 201.25
431 212.5
432 195.0
433 198.75
434 202.5
435 211.25
436 196.25
437 205.0
438 228.75
439 215.0
440 213.75
441 225.0
442 201.25
443 225.0
444 235.0
445 222.5
446 221.25
447 195.0
448 227.5
449 152.5
450 161.25
451 62.0
452 50.625
453 7.375
454 10.75
455 6.625
456 1.5
457 19.5
458 8.875
459 19.0
460 26.0
461 10.0
462 6.625
463 8.625
464 18.375
465 25.875
466 26.625
467 10.125
468 44.5
469 44.25
470 51.25
471 51.5
472 59.875
473 60.0
474 62.5
475 59.0
476 63.25
477 55.75
478 59.875
479 76.125
480 81.625
481 96.375
482 96.25
483 89.25
484 89.625
485 85.125
486 79.75
487 75.25
488 6.125
489 68.375
490 98.25
491 84.125
492 93.75
493 90.625
494 82.625
495 66.625
496 83.25
497 97.5
498 96.625
499 87.5
500 82.125
501 78.625
502 96.0
503 102.0
504 87.375
505 69.75
506 0.625
507 0.5
508 2.375
509 38.125
510 28.625
511 13.75
512 14.5
513 13.375
514 15.0
515 14.875
516 11.75
517 13.375
518 12.75
519 12.625
520 12.25
521 12.0
522 14.25
523 42.625
524 54.25
525 68.75
526 7.875
527 12.875
528 9.5
529 7.375
530 22.375
531 28.875
532 7.625
533 14.125
534 23.625
535 14.125
536 9.5
537 12.625
538 15.875
539 6.625
540 4.875
541 0.125
542 2.875
543 8.125
544 6.0
545 8.5
546 5.625
547 11.25
548 12.625
549 14.875
550 14.625
551 33.875
552 35.125
553 49.25
554 22.25
555 8.0
556 44.125
557 27.25
558 12.75
559 14.375
560 13.5
561 13.0
562 14.0
563 12.5
564 15.125
565 12.25
566 13.875
567 15.0
568 15.0
569 13.5
570 14.875
571 15.625
572 14.25
573 12.25
574 13.625
575 13.25
576 14.5
577 10.25
578 14.125
579 10.875
580 11.625
581 14.875
582 13.125
583 12.0
584 15.625
585 10.75
586 14.5
587 12.0
588 11.375
589 11.0
590 14.75
591 15.125
592 14.5
593 13.25
594 11.125
595 11.75
596 12.625
597 11.0
598 12.125
599 14.125
600 12.375
601 14.375
602 15.375
603 15.625
604 12.75
605 15.5
606 15.25
607 15.5
608 15.625
609 13.875
610 13.375
611 15.375
612 14.25
613 14.5
614 15.625
615 15.0
616 15.375
617 15.5
618 14.875
619 15.625
620 13.0
621 14.125
622 15.125
623 11.5
624 9.875
625 21.25
626 13.0
627 7.625
628 12.125
629 8.125
630 6.875
631 4.125
632 13.875
633 13.25
634 28.5
635 28.75
636 30.125
637 33.0
638 34.0
639 36.0
640 39.625
641 44.0
642 51.625
643 62.375
644 72.125
645 81.75
646 71.25
647 81.375
648 103.875
649 104.25
650 109.625
651 112.5
652 104.25
653 120.625
654 126.25
655 119.25
656 110.25
657 7.5
658 4.625
659 5.5
660 2.625
661 15.375
662 11.5
663 22.75
664 62.375
665 87.125
666 79.75
667 96.75
668 75.625
669 99.25
670 96.875
671 104.375
672 107.25
673 140.0
674 132.5
675 132.5
676 102.125
677 110.25
678 124.0
679 118.25
680 102.5
681 79.875
682 10.125
683 13.0
684 11.75
685 11.125
686 79.25
687 41.125
688 40.75
689 98.5
690 101.0
691 116.125
692 85.875
693 95.25
694 82.25
695 122.125
696 60.5
697 72.125
698 65.875
699 72.25
700 87.0
701 78.75
702 87.375
703 65.875
704 22.0
705 9.0
706 22.75
707 50.5
708 56.625
709 62.875
710 76.0
711 76.0
712 57.0
713 78.375
714 54.75
715 67.0
716 15.125
717 11.25
718 69.25
719 75.125
720 80.0
721 79.375
722 78.0
723 69.125
724 87.125
725 76.75
726 95.625
727 73.375
728 90.0
729 75.75
730 85.75
731 86.625
732 87.375
733 86.375
734 78.75
735 36.375
736 14.0
737 12.75
738 9.875
739 11.875
740 14.25
741 14.625
742 30.0
743 77.5
744 13.875
745 0.125
746 14.75
747 16.125
748 72.125
749 71.875
750 63.875
751 84.75
752 74.0
753 71.25
754 79.375
755 63.125
756 66.0
757 74.875
758 66.375
759 76.125
760 86.0
761 87.625
762 68.75
763 80.0
764 88.125
765 94.5
766 88.125
767 93.0
768 93.5
769 96.0
770 96.125
771 98.75
772 101.75
773 13.25
774 14.5
775 0.25
776 1.0
777 8.375
778 17.0
779 16.875
780 8.375
781 5.0
782 1.5
783 13.5
