0.0 0.3
1.14 9.49
2.02 3.28
3.92 5.96
5.68 10.58
7.69 7.08
9.79 6.37
12.98 2.45
13.91 8.31
15.68 9.19
17.76 11.84
19.69 12.7
21.69 12.65
23.68 6.3
25.69 16.11
27.69 0.88
29.69 0.83
31.94 18.36
33.96 16.22
35.94 18.84
37.94 19.33
39.94 19.33
41.94 22.27
43.95 5.39
45.88 5.18
47.94 9.59
50.08 24.34
52.0 21.35
54.01 16.53
56.09 2.72
57.94 24.04
59.96 24.75
62.05 6.29
63.98 6.61
65.94 2.35
67.94 1.21
69.97 7.18
71.94 2.55
73.94 10.32
75.93 9.69
78.0 11.73
79.94 10.91
82.01 10.91
83.94 2.23
85.94 7.34
87.94 4.64
90.1 0.09
91.98 3.67
96.16 0.01
97.7 0.12
99.22 6.4
99.81 9.44
101.99 0.8
103.94 8.25
105.94 5.61
107.94 0.65
109.95 10.05
111.97 4.12
113.94 0.12
115.94 0.73
117.94 9.29
119.94 15.29
122.02 7.23
123.94 19.19
125.99 20.85
127.95 5.77
129.94 15.45
131.94 14.99
133.94 10.81
135.94 20.08
137.94 16.74
140.1 0.36
141.94 7.89
144.05 1.0
146.13 11.55
147.95 13.45
150.08 0.54
151.94 0.81
154.03 2.01
155.94 0.23
157.94 2.2
159.96 7.84
161.94 1.71
163.95 5.77
166.07 5.97
167.94 20.9
169.94 19.38
171.97 1.07
173.95 14.33
175.9 12.0
182.45 0.2
183.22 0.17
183.98 0.04
185.47 8.18
187.58 16.07
189.45 11.24
191.45 19.82
193.46 5.57
195.45 16.14
198.24 2.76
199.45 20.43
201.45 0.86
203.45 2.09
207.14 2.64
207.91 12.98
209.48 4.99
211.45 13.54
213.46 17.16
216.06 0.36
217.44 14.53
219.45 18.89
223.05 0.1
225.06 2.13
227.06 7.28
229.06 14.25
231.25 14.43
233.06 14.43
235.06 14.43
237.1 14.43
239.06 1.85
241.06 3.28
243.06 13.22
245.06 13.32
247.06 4.69
249.12 4.79
251.06 1.66
253.06 9.42
255.06 7.53
257.06 9.78
259.15 3.41
261.06 10.11
263.06 4.69
265.64 5.23
267.06 5.61
269.06 5.69
271.06 5.34
273.08 10.98
275.06 11.33
277.06 7.69
279.06 13.08
281.31 6.42
283.32 15.88
285.31 13.53
287.31 2.41
289.31 7.83
291.42 14.43
293.31 22.56
295.31 17.36
297.31 22.09
299.22 22.09
301.31 25.45
303.31 7.25
305.31 5.98
307.31 21.56
309.15 5.18
311.31 26.24
313.44 17.56
315.31 0.1
317.31 6.52
319.1 2.51
321.32 2.28
323.31 3.35
325.31 4.54
327.31 1.78
329.31 0.45
331.31 1.17
333.46 3.38
335.46 7.94
337.31 4.9
339.32 4.12
341.36 1.6
343.31 6.95
345.32 5.77
347.33 0.31
349.25 0.23
351.64 1.86
353.32 1.59
355.31 12.12
357.53 7.03
359.32 11.35
361.31 4.77
363.33 12.77
365.34 1.78
367.33 10.97
369.36 12.53
371.3 10.68
373.26 3.33
375.34 3.29
377.31 10.86
379.42 14.18
381.32 14.61
383.37 14.96
385.35 2.85
387.31 11.31
389.34 19.06
391.31 22.1
393.32 24.23
395.28 21.79
398.75 1.98
399.31 25.07
401.49 22.04
403.31 26.84
405.31 4.74
407.57 15.4
410.4 0.03
411.31 2.3
413.31 1.2
415.31 7.54
417.33 7.9
419.43 8.61
421.81 0.71
423.31 8.59
425.31 9.07
427.31 8.78
429.39 10.45
431.32 11.82
433.33 1.05
435.31 12.61
437.31 7.85
439.31 12.09
441.31 2.83
443.31 7.45
445.31 13.15
447.31 1.55
449.31 0.02
451.4 0.3
453.31 3.15
455.31 5.07
457.39 5.07
459.38 1.58
461.81 0.11
463.41 0.05
465.31 0.65
467.26 7.85
469.31 6.9
471.7 6.04
474.9 0.64
475.61 4.14
477.31 4.77
479.38 4.59
481.31 10.05
484.28 2.67
485.33 8.33
487.31 8.33
489.33 7.49
491.95 5.55
493.31 1.92
495.46 4.06
497.31 4.16
499.34 4.56
501.32 4.8
503.33 1.35
505.31 7.31
507.31 6.13
509.31 7.93
511.37 4.18
513.31 4.2
515.31 8.88
517.5 8.61
519.31 8.27
521.31 8.15
523.34 4.75
525.31 6.18
527.31 0.49
529.37 0.43
531.57 7.83
533.62 0.04
535.56 7.08
537.56 5.73
539.57 1.92
541.57 8.54
543.56 0.36
545.56 5.73
547.56 9.2
549.57 9.6
551.57 2.59
553.56 7.92
555.63 3.82
557.56 3.02
559.56 0.12
561.57 9.44
564.08 2.82
565.56 6.4
567.56 6.21
569.56 9.15
571.56 3.27
573.69 2.14
575.56 10.61
577.69 3.31
579.93 1.27
581.57 3.22
583.57 3.07
585.57 0.42
587.65 4.93
589.57 6.47
591.56 5.51
593.56 1.03
595.57 0.93
597.56 7.87
599.7 1.67
601.59 3.37
603.59 6.2
606.03 0.4
607.56 8.74
609.56 10.25
611.44 1.48
613.56 8.19
615.58 11.65
617.69 1.55
619.56 3.92
621.67 7.89
623.57 6.83
625.56 13.0
627.57 4.27
629.57 6.13
631.56 2.91
633.56 4.3
635.96 0.09
638.25 0.65
641.37 0.71
643.17 5.43
647.22 4.2
649.87 2.11
651.38 2.13
653.44 1.11
657.9 3.94
659.65 2.33
662.84 0.37
665.28 2.48
669.76 3.76
682.48 0.57
684.36 0.3
685.4 0.3
686.83 0.39
688.8 0.46
691.06 0.14
692.32 0.31
693.6 0.29
695.66 0.48
698.4 0.09
700.79 0.31
702.16 0.32
703.07 0.15
703.98 0.25
705.74 0.29
707.33 0.13
709.07 0.2
710.23 0.41
714.86 0.27
716.45 0.43
717.88 0.2
719.84 0.37
722.18 0.13
723.57 0.33
724.61 0.28
732.01 0.16
735.46 0.14
740.57 0.11
745.73 0.06
746.77 0.17
749.37 0.12
750.66 0.1
751.51 0.21
752.95 0.19
753.87 0.22
755.38 0.21
756.56 0.26
757.87 0.34
763.13 0.37
766.35 0.12
767.67 0.19
768.33 0.17
768.94 0.55
769.58 0.28
771.09 0.24
773.35 0.72
774.46 0.39
776.93 0.23
780.4 0.3
781.71 0.48
782.51 0.29
784.98 0.72
786.45 0.57
788.58 0.31
792.91 0.09
796.24 0.18
798.12 0.2
801.63 0.07
803.17 0.16
804.49 0.34
805.52 0.59
809.22 0.25
810.78 0.51
812.91 0.31
813.63 0.51
814.88 0.43
815.53 0.84
816.48 0.97
817.92 2.38
818.71 2.38
819.88 2.64
821.4 0.85
822.47 2.52
824.3 4.47
825.53 8.88
827.52 11.44
830.26 1.15
831.52 11.35
833.52 2.29
835.68 4.34
837.57 2.75
839.58 5.43
841.52 3.79
843.54 5.9
845.52 1.95
847.52 2.16
849.52 0.08
851.52 6.26
853.55 6.96
855.53 2.29
857.55 5.34
859.77 3.91
861.77 5.31
863.77 3.59
866.58 0.53
867.78 3.59
869.77 1.55
871.96 4.93
873.88 2.07
875.77 5.57
877.78 5.99
879.77 6.63
881.77 6.49
886.3 0.63
900.98 0.16
902.44 0.22
903.75 0.23
904.46 0.37
906.13 0.33
907.68 0.8
910.19 0.29
914.46 0.21
918.05 0.12
919.24 0.18
921.25 0.21
922.33 0.5
923.47 0.42
927.1 0.08
928.44 0.18
929.18 0.21
930.41 0.04
932.04 0.43
935.47 0.12
936.27 0.67
936.86 1.17
938.69 0.73
939.58 0.27
941.48 0.63
947.95 0.16
950.01 0.07
950.77 0.2
952.34 0.12
953.75 0.28
956.19 0.55
956.83 0.79
958.95 0.49
959.94 0.78
973.45 0.35
974.35 0.35
975.62 0.3
984.53 0.01
988.36 0.04
994.9 0.16
995.59 0.47
996.26 0.74
997.07 0.83
997.9 0.27
998.94 1.49
1000.01 2.03
1001.29 3.29
1002.37 3.81
1003.12 7.53
1012.74 0.51
1013.58 0.51
1014.73 0.51
1016.86 0.25
1017.48 0.88
1018.62 1.22
1022.39 0.36
1026.3 0.28
1027.03 0.45
1027.76 1.22
1030.82 0.06
1031.42 0.51
1032.98 0.08
1033.82 1.59
1035.93 0.99
1036.79 1.58
1038.04 2.29
1043.46 0.93
1044.92 0.43
1047.11 0.35
1049.8 0.61
1054.27 0.08
1055.92 0.23
1059.14 0.28
1060.42 0.58
1062.41 0.21
1064.26 0.42
1066.22 0.21
1068.2 0.17
1071.84 0.22
1074.21 0.21
1075.91 0.18
1077.49 0.36
1078.7 0.27
1092.76 0.24
1095.26 0.16
1100.93 0.1
1104.31 0.09
1108.05 0.17
1112.17 0.02
1115.49 0.45
1117.2 0.23
1118.11 0.49
1118.81 0.5
1119.53 0.49
1120.29 1.52
1121.36 1.57
1121.88 2.82
1123.0 6.15
1124.09 3.85
1140.49 1.66
1141.02 1.72
1141.54 2.57
1142.33 2.73
1143.35 0.41
1144.19 6.21
1147.18 2.02
1149.56 0.99
1150.95 6.11
1152.43 0.15
1154.03 3.8
1155.01 1.45
1155.91 5.63
1156.52 5.85
1158.37 7.83
1160.38 6.82
1162.37 8.49
1164.37 4.37
1166.45 3.48
1168.37 0.29
1170.38 7.95
1172.37 9.78
1175.82 0.16
1177.44 9.12
1178.38 13.38
1180.37 8.58
1182.37 11.42
1184.37 13.75
1186.37 1.12
1188.46 9.28
1190.37 6.71
1192.37 12.11
1194.37 6.79
1196.37 16.7
1198.38 16.61
1200.37 7.39
1202.37 13.81
1204.37 4.29
1206.37 2.63
1208.37 15.15
1210.5 13.72
1212.37 12.29
1214.37 1.95
1216.39 1.51
1218.37 0.07
1220.37 14.35
1222.37 7.43
1224.37 13.61
1226.37 2.65
1228.37 5.36
1230.37 17.26
1232.52 15.74
1234.38 17.2
1236.45 4.23
1238.37 10.23
1240.37 10.23
1242.37 10.23
1244.37 5.76
1246.37 7.24
1248.37 3.49
1250.37 8.23
1252.37 10.56
1254.52 0.61
1256.37 9.26
1258.37 10.1
1260.42 7.24
1262.37 7.69
1264.37 8.02
1266.37 6.91
1268.37 9.69
1270.37 4.76
1272.38 3.39
1274.37 15.45
1276.54 17.63
1278.37 4.6
1280.49 1.66
1290.68 0.27
1293.14 0.32
1293.79 0.81
1294.86 1.33
1296.3 0.68
1299.01 0.01
1304.9 0.17
1305.62 0.4
1308.54 0.59
1309.58 0.84
1310.63 0.31
1311.21 1.86
1313.49 0.43
1314.93 1.29
1317.5 1.0
1318.46 2.59
1321.67 0.2
1322.19 3.14
1322.75 0.07
1323.44 2.88
1325.58 2.37
1327.46 0.69
1329.44 3.76
1331.44 5.06
1333.44 6.13
1336.46 7.67
1339.28 9.05
1339.94 8.8
1341.44 8.83
1343.44 11.51
1345.44 11.65
1347.54 1.72
1349.79 2.41
1358.54 1.75
1366.25 0.26
1367.92 2.65
1369.19 1.84
1371.06 0.81
1373.84 1.36
1374.82 1.36
1375.58 0.38
1377.68 1.22
1378.21 3.68
1381.85 0.66
1383.59 1.49
1384.65 1.87
1385.93 0.81
1386.96 1.14
1390.58 0.66
1391.25 1.08
1392.04 3.13
1394.24 0.76
1398.88 0.86
1405.14 1.03
1405.97 1.48
1407.02 1.02
1407.73 1.48
1408.91 2.13
1411.33 0.89
1411.99 4.3
1413.61 1.92
1416.28 3.05
1417.92 3.91
1420.15 1.66
1424.86 0.67
1427.29 0.03
1452.17 0.0
1454.12 2.92
1455.52 2.29
1458.47 1.68
1459.09 4.46
1461.59 3.78
1462.13 4.74
1463.82 1.92
1464.74 2.73
1465.98 5.69
1466.92 9.5
1469.75 1.23
1475.83 2.42
1477.11 3.41
1478.84 4.93
1481.3 0.03
1482.12 6.25
1483.99 1.44
1485.08 6.47
1487.27 2.38
1488.28 2.57
1489.12 7.3
1498.21 0.15
1498.96 1.44
1500.17 0.78
1500.74 4.67
1501.58 2.92
1502.64 3.86
1503.52 2.7
1505.5 1.47
1509.89 0.04
1512.84 2.46
1516.23 0.09
1519.08 0.59
1521.4 1.71
1523.21 1.82
1524.59 0.15
1525.9 0.36
1528.22 4.55
1530.89 0.47
1532.14 5.87
1533.9 9.56
1536.37 6.65
1538.55 2.87
1541.3 0.51
1542.92 7.33
1544.46 10.08
1545.74 0.79
1548.57 8.78
1551.0 4.14
1555.55 2.27
1562.45 2.53
1564.46 2.23
1565.25 1.97
1566.47 2.57
1569.29 1.33
1570.64 1.46
1571.51 1.98
1574.42 0.79
1576.16 0.17
1589.2 0.98
1590.05 1.18
1591.4 1.18
1592.0 1.18
1596.6 0.75
1597.68 1.02
1598.84 1.77
1599.52 1.5
1601.82 0.54
1602.68 3.17
1603.64 2.85
1604.5 4.73
1605.57 2.2
1606.95 0.71
1608.84 1.82
1616.31 0.61
1619.5 0.26
1620.86 1.88
1622.31 3.3
1623.51 3.96
1624.72 3.56
1626.42 0.03
1627.37 6.46
1628.69 3.63
1629.67 3.85
1631.58 1.46
1632.67 3.59
1634.2 2.76
1636.24 1.03
1642.55 3.47
1646.35 0.22
1648.58 1.89
1649.1 0.36
1653.13 3.41
1654.42 0.26
1655.72 2.35
1657.92 1.72
1658.69 4.52
1659.91 5.81
1660.64 0.13
1661.28 5.8
1662.31 2.47
1664.24 3.47
1666.71 4.01
1669.63 1.1
1670.36 6.58
1672.2 8.2
1674.2 5.37
1676.67 6.63
1678.23 1.92
1680.2 3.07
1682.21 4.12
1684.33 4.12
1686.2 7.93
1688.3 5.68
1690.21 6.64
1692.2 8.02
1694.2 6.19
1696.2 2.31
1698.2 1.09
1700.21 8.93
1702.21 8.63
1704.2 9.55
1706.63 1.37
1708.21 0.42
1710.21 2.82
1715.56 2.82
1716.58 0.25
1717.82 5.04
1719.82 7.21
1722.05 1.4
1723.8 11.62
1725.8 12.31
1727.92 2.58
1729.8 0.19
1731.8 11.26
1733.85 1.06
1735.8 6.52
1737.8 4.84
1739.8 0.27
1741.8 8.72
1743.83 9.48
1745.81 2.22
1748.08 5.83
1749.92 2.35
1751.8 3.94
1753.8 6.57
1755.81 0.71
1757.8 2.64
1759.82 2.15
1761.81 3.41
