0.0 349.92
1.49 76.31
3.49 84.2
5.5 95.8
7.5 81.99
9.49 108.66
11.49 108.05
13.74 116.4
15.74 114.37
17.74 11.59
19.74 87.4
21.74 20.99
23.74 124.05
25.74 105.99
27.74 43.28
29.74 173.52
31.55 26.77
34.07 180.78
36.6 201.11
37.75 151.33
39.74 161.05
41.74 17.42
43.75 186.67
45.75 29.96
47.74 196.42
49.74 192.86
51.74 9.5
53.75 90.08
55.74 28.3
57.74 114.55
59.74 67.02
61.74 205.86
63.74 65.41
65.74 28.3
67.74 178.15
69.74 36.72
71.75 236.73
73.75 260.62
75.74 0.77
77.74 291.94
79.74 0.49
81.74 272.56
83.75 196.72
85.74 8.51
87.74 215.88
89.74 27.16
91.74 271.26
93.74 29.81
95.74 276.58
97.74 261.67
99.75 20.93
101.74 296.53
103.74 40.17
105.74 207.75
107.74 231.73
109.74 7.84
111.75 226.56
113.74 12.17
115.75 98.3
117.74 21.97
119.74 31.72
121.74 127.3
123.75 21.77
125.74 144.63
127.74 14.89
129.74 166.26
131.74 182.25
133.74 157.89
135.74 79.25
137.74 30.99
139.74 75.36
141.74 28.61
143.74 77.62
145.74 138.78
147.74 34.52
149.74 171.35
151.75 19.41
153.74 152.59
155.74 222.69
157.74 189.41
159.74 216.19
161.74 11.34
163.74 183.35
165.74 12.88
167.75 205.63
169.75 217.84
171.75 0.64
173.74 176.62
175.75 29.33
177.74 209.54
179.74 188.02
181.74 200.88
183.74 177.11
185.74 27.04
187.74 208.15
189.74 32.28
191.74 184.54
193.75 16.47
195.74 6.09
197.74 267.49
199.74 18.7
201.74 197.41
203.74 218.16
205.75 201.87
207.75 205.77
209.74 32.4
211.74 155.89
213.74 20.84
215.74 219.32
217.75 189.46
219.75 26.82
221.75 225.04
223.74 27.16
225.74 181.73
227.74 221.67
229.75 211.19
231.74 229.23
233.74 24.87
235.74 247.16
237.74 33.43
239.74 229.68
241.74 252.58
243.74 28.3
245.74 270.05
247.74 32.41
249.75 264.79
251.75 221.59
253.74 274.3
255.74 253.39
257.74 28.33
259.74 302.75
261.74 6.5
263.75 338.7
266.0 242.57
267.99 41.84
269.99 344.85
272.0 27.91
274.0 327.2
275.77 23.15
277.99 133.96
279.99 111.42
282.0 8.04
284.0 187.82
286.0 15.85
288.0 210.0
289.99 204.17
291.99 38.17
293.99 203.86
296.0 19.67
297.99 203.56
299.99 105.21
302.0 193.68
304.0 229.64
306.0 29.8
308.0 276.5
309.99 24.58
312.0 192.11
314.0 240.76
316.0 254.82
318.0 263.71
320.0 22.38
322.0 269.71
324.0 27.49
325.99 229.65
327.99 242.35
330.0 27.57
332.0 27.77
334.0 26.76
336.0 242.86
338.0 138.24
339.99 0.72
341.99 37.04
343.99 20.35
345.99 103.24
348.0 15.98
350.0 173.31
352.0 128.71
353.99 23.11
356.0 144.49
358.0 26.25
359.99 173.33
362.0 129.58
364.0 205.2
366.0 206.82
368.0 3.93
370.0 40.33
372.0 22.55
374.0 203.21
376.0 148.71
378.0 21.38
380.0 191.22
382.0 23.12
384.0 208.08
386.0 140.47
388.0 208.26
390.0 180.49
392.0 175.11
394.0 177.81
396.0 17.43
398.0 134.28
400.0 145.41
402.0 25.57
404.0 219.32
406.0 23.41
408.0 62.58
410.0 122.98
412.0 273.8
414.0 310.09
415.99 30.28
418.0 239.42
420.0 247.92
422.0 240.2
424.0 165.15
425.99 25.59
427.99 121.33
429.99 0.47
432.0 99.81
434.0 115.3
436.0 0.46
438.0 109.25
440.0 28.53
442.0 180.0
444.0 20.05
446.0 55.44
448.0 168.49
450.0 0.22
452.0 204.11
454.0 24.54
456.0 232.27
458.0 225.81
460.0 22.56
462.0 165.68
464.0 27.91
466.0 39.25
468.0 0.76
470.0 196.56
472.0 182.21
474.0 37.67
476.0 182.61
478.0 25.64
480.0 223.88
482.0 249.0
484.0 0.84
486.0 265.82
488.0 19.38
490.0 274.5
492.0 28.8
494.0 244.47
496.0 254.16
498.0 24.05
500.0 268.64
502.0 0.63
504.0 31.05
506.0 303.05
508.0 251.7
510.0 264.68
512.0 28.26
514.0 97.45
516.25 12.34
518.24 253.85
520.25 293.08
522.25 32.82
524.25 134.79
526.25 12.76
528.24 280.63
530.25 267.99
532.25 260.99
534.25 228.53
536.25 40.61
538.25 222.54
540.25 25.17
542.25 212.3
544.24 203.35
546.25 21.29
548.25 14.41
550.25 0.55
552.25 25.98
554.25 99.03
556.24 114.38
558.24 114.38
560.25 103.92
562.25 103.92
564.25 103.92
566.25 89.28
568.25 103.37
570.25 16.2
572.25 138.71
574.25 12.23
576.25 162.01
578.25 127.34
580.25 176.4
582.25 177.6
584.25 11.59
586.25 27.67
588.25 33.47
590.24 33.47
592.25 48.83
594.25 59.69
596.25 61.86
598.25 69.42
600.25 56.1
602.25 66.67
604.25 59.72
606.25 58.88
608.25 48.53
610.25 66.79
612.25 74.51
614.25 94.11
616.25 89.61
618.25 78.45
620.25 122.59
622.25 27.49
624.25 123.0
626.25 51.16
628.25 121.12
630.25 99.07
632.25 32.74
634.25 143.09
636.25 16.46
638.25 159.84
640.25 125.3
642.25 29.92
644.25 227.95
646.25 4.93
648.25 203.13
650.25 182.59
652.25 201.16
654.25 201.16
656.25 26.19
658.25 201.63
660.25 13.33
662.25 133.48
664.25 162.3
666.25 0.48
668.25 118.72
670.25 15.57
672.25 176.98
674.25 185.92
676.24 215.64
678.25 157.41
680.25 16.68
682.25 236.2
684.25 11.33
686.25 272.23
688.25 210.95
690.25 31.42
692.25 228.96
694.25 22.0
696.25 238.57
698.25 247.33
700.25 223.32
702.25 247.44
704.25 17.24
706.25 253.46
708.25 34.52
710.25 208.74
712.25 48.57
714.25 38.7
716.25 124.02
718.25 22.66
720.25 207.17
722.25 231.77
724.25 230.16
726.25 191.45
728.25 24.46
730.25 172.83
732.25 12.52
734.25 166.35
736.25 210.39
738.25 16.99
740.25 169.73
742.25 47.89
744.25 204.7
746.25 184.71
748.25 216.13
750.25 189.49
752.25 24.83
754.25 184.98
756.25 25.08
758.25 198.96
760.25 186.76
762.25 25.93
764.25 200.45
766.5 20.57
768.5 168.83
770.28 11.19
772.5 201.81
774.5 197.26
776.5 28.81
778.5 239.88
780.5 28.68
782.5 248.51
784.5 240.47
786.5 250.85
788.5 173.37
790.5 36.32
792.5 257.38
794.5 20.42
796.5 224.52
798.5 256.96
800.5 29.24
802.5 193.12
804.5 12.02
806.5 262.76
808.5 233.5
810.5 184.7
812.5 265.45
814.5 3.52
816.5 296.14
818.5 0.45
820.5 299.25
822.5 323.77
824.5 0.45
826.5 252.38
828.5 15.61
830.51 253.06
832.5 87.23
834.5 0.72
836.5 245.48
838.5 42.94
840.5 257.06
842.5 11.02
844.5 105.03
846.5 113.09
848.5 40.68
850.5 99.52
852.5 42.44
854.5 116.11
856.5 141.15
858.5 168.34
860.5 163.53
862.5 13.47
864.5 29.34
866.5 29.75
868.5 139.05
870.5 146.49
872.5 31.93
874.5 146.06
876.5 29.54
878.5 143.77
880.5 153.97
882.5 22.53
884.5 3.12
886.5 9.26
888.5 146.37
890.5 19.94
892.5 125.46
894.5 120.77
896.5 19.04
898.5 143.93
900.5 18.84
902.5 134.63
904.5 154.95
906.5 10.85
908.5 178.55
910.5 14.45
912.5 156.92
914.5 4.12
916.5 181.75
918.5 148.93
920.5 26.79
922.5 61.88
924.5 0.38
926.5 177.44
928.5 161.36
930.5 201.23
932.5 134.54
934.5 11.59
936.5 145.26
938.5 19.77
940.5 109.16
942.5 139.39
944.5 32.91
946.5 146.04
948.5 29.55
950.5 141.2
952.5 167.99
954.5 152.53
956.5 210.2
958.5 31.3
960.5 177.6
962.5 0.59
964.5 218.43
966.5 213.02
968.5 16.41
970.5 232.12
972.5 20.95
974.5 170.26
976.5 183.34
978.5 220.45
980.5 190.89
982.5 25.75
984.5 167.88
986.5 19.86
988.5 133.92
990.5 126.95
992.5 30.93
994.5 177.99
996.5 20.59
998.5 104.82
1000.5 158.14
1002.5 146.33
1004.5 135.36
1006.5 19.15
1008.5 144.34
1010.5 2.57
1012.5 191.02
1014.75 192.67
1016.75 29.99
1018.75 25.69
1020.75 34.37
1022.75 143.23
1024.54 9.04
1026.75 139.81
1028.75 175.31
1030.75 22.29
1032.75 157.05
1034.75 20.07
1036.75 156.04
1038.75 117.08
1040.75 0.91
1042.75 227.71
1044.75 12.54
1046.75 249.08
1048.75 249.08
1050.75 249.08
1052.75 119.32
1054.75 23.5
1056.75 204.14
1058.75 18.89
1060.75 93.36
1062.75 124.44
1064.75 35.78
1066.75 171.18
1068.75 12.81
1070.75 31.07
1072.75 18.38
1074.75 144.42
1076.75 141.26
1078.75 20.17
1080.75 145.97
1082.75 26.85
1084.75 174.1
1086.75 201.22
1088.75 0.76
1090.75 98.76
1092.75 10.52
1094.75 195.06
1096.75 29.07
1098.75 234.54
1100.75 232.2
1102.75 12.46
1104.75 224.52
1106.75 15.62
1108.75 190.77
1110.75 223.29
1112.75 19.61
1114.75 214.87
1116.75 0.65
1118.75 241.8
1120.75 24.91
1122.75 243.91
1124.75 214.02
1126.75 0.53
1128.75 216.17
1130.75 0.63
1132.76 154.3
1134.75 211.51
1136.75 22.46
1138.75 212.78
1140.75 0.53
1142.75 267.77
1144.75 20.18
1146.75 335.4
1148.75 330.14
1150.75 29.85
1152.75 292.4
1154.76 0.46
1156.75 218.06
1158.75 0.84
1160.75 28.2
1162.75 198.98
1164.75 17.57
1166.75 231.66
1168.75 20.38
1170.75 247.94
1172.75 270.04
1174.75 25.41
1176.75 51.37
1178.75 22.0
1180.75 164.35
1182.75 127.14
1184.75 24.53
1187.0 135.05
1189.0 15.07
1191.0 115.59
1193.0 19.87
1195.0 152.04
1197.0 160.99
1199.0 15.94
1201.0 145.64
1203.0 182.37
1205.0 171.92
1207.0 0.61
1209.0 0.7
1211.0 196.16
1213.0 26.43
1215.0 169.91
1217.0 20.82
1219.0 192.95
1221.0 194.91
1223.01 22.04
1225.0 190.61
1227.0 28.86
1229.0 229.04
1231.0 252.07
1233.0 237.96
1235.0 251.27
1237.0 19.37
1239.0 266.4
1241.0 18.71
1243.0 178.81
1245.0 214.6
1247.25 25.61
1249.25 104.73
1251.25 18.2
1253.25 127.33
1255.25 33.14
1257.25 4.51
1259.25 131.88
1261.25 19.02
1263.25 45.6
1265.25 19.04
1267.25 50.46
1269.25 18.32
1271.25 56.86
1273.25 51.28
1275.25 66.8
1277.25 61.82
1279.25 69.9
1281.25 87.25
1283.25 83.56
1285.25 80.75
1287.25 94.07
1289.25 112.08
1291.25 125.03
1293.25 95.24
1295.25 128.23
1297.25 139.93
1299.25 23.46
1301.25 153.67
1303.25 44.32
1305.25 19.95
1307.25 23.92
1309.26 23.49
1311.25 135.97
1313.25 19.2
1315.25 172.08
1317.25 147.88
1319.25 7.52
1321.25 0.66
1323.25 36.94
1325.25 137.56
1327.25 100.25
1329.25 151.45
1331.25 229.47
1333.25 23.45
1335.25 199.93
1337.25 13.24
1339.25 257.68
1341.25 297.95
1343.25 35.77
1345.25 236.05
1347.25 32.83
1349.25 280.96
1351.25 177.11
1353.25 98.67
1355.25 279.85
1357.25 21.23
1359.25 268.47
1361.25 22.26
1363.25 0.62
1365.25 258.75
1367.25 0.76
1369.25 256.7
1371.25 0.46
1373.25 235.89
1375.25 293.57
1377.25 262.65
1379.25 260.47
1381.25 176.17
1383.25 274.89
1385.25 34.23
1387.25 267.19
1389.25 43.44
1391.25 0.47
1393.25 208.04
1395.25 0.3
1397.25 42.56
1399.25 146.93
1401.25 123.87
1403.25 153.19
1405.25 5.05
1407.25 193.18
1409.25 14.16
1411.25 221.58
1413.25 194.96
1415.25 14.67
1417.25 239.27
1419.25 28.08
1421.25 166.56
1423.25 247.61
1425.25 275.76
1427.25 210.61
1429.25 23.11
1431.25 234.87
1433.25 26.81
1435.25 250.56
1437.25 272.98
1439.25 19.0
1441.25 206.16
1443.25 16.4
1445.25 265.89
1447.25 226.02
1449.25 264.46
1451.25 277.76
1453.25 23.84
1455.25 46.24
1457.25 35.32
1459.25 96.31
1461.25 103.21
1463.25 103.21
1465.25 103.21
1467.25 103.21
1469.25 103.21
1471.25 96.17
1473.25 100.58
1475.25 102.92
1477.25 120.91
1479.25 131.27
1481.25 25.23
1483.25 130.84
1485.25 118.72
1487.25 22.8
1489.25 101.79
1491.25 23.46
1493.25 146.79
1495.25 149.62
1497.5 174.65
1499.5 178.03
1501.5 22.25
1503.5 153.19
1505.5 21.32
1507.5 153.92
1509.5 198.28
1511.51 200.19
1513.5 202.65
1515.5 22.89
1517.5 190.01
1519.28 29.22
1521.5 193.19
1523.5 244.57
1525.5 26.42
1527.5 206.09
1529.5 27.02
1531.5 244.04
1533.5 247.85
1535.5 277.48
1537.5 117.7
1539.5 11.37
1541.5 104.55
1543.5 28.81
1545.5 94.93
1547.5 200.5
1549.5 27.21
1551.5 56.28
1553.5 4.29
1555.5 93.41
1557.5 50.95
1559.5 89.94
1561.5 100.25
1563.5 98.16
1565.5 95.5
1567.5 86.22
1569.5 109.37
1571.5 118.34
1573.5 104.42
1575.5 87.21
1577.5 25.78
1579.5 191.06
1581.5 235.61
1583.5 49.36
1585.5 216.54
1587.5 24.86
1589.5 219.34
1591.5 31.36
1593.5 235.24
1595.5 250.62
1597.5 19.93
1599.5 198.21
1601.5 20.27
1603.5 232.55
1605.5 246.06
1607.5 0.64
1609.5 266.84
1611.5 28.03
1613.5 85.91
1615.5 23.72
1617.5 109.15
1619.5 11.91
1621.5 24.54
1623.5 130.53
1625.5 3.09
1627.5 157.88
1629.5 200.68
1631.5 103.11
1633.5 3.63
1635.5 23.48
1637.5 247.62
1639.5 17.94
1641.5 284.29
1643.5 230.12
1645.5 25.83
1647.5 199.83
1649.5 19.37
1651.5 259.42
1653.5 255.3
1655.5 1.61
1657.5 213.44
1659.5 21.15
1661.5 201.34
1663.5 16.32
1665.5 177.62
1667.5 180.91
1669.5 24.64
1671.5 152.58
1673.5 4.95
1675.5 186.46
1677.5 172.77
1679.5 233.69
1681.5 223.64
1683.5 24.26
1685.5 197.54
1687.51 27.14
1689.5 183.45
1691.5 243.05
1693.5 19.14
1695.5 187.07
1697.5 0.53
1699.5 157.38
1701.5 57.64
1703.5 152.77
1705.5 234.93
1707.5 24.44
1709.5 242.59
1711.5 28.1
1713.5 243.03
1715.5 281.68
1717.5 16.53
1719.5 275.32
1721.5 12.8
1723.5 65.53
1725.5 59.23
1727.5 45.19
1729.5 68.52
1731.5 61.72
1733.5 71.3
1735.5 78.02
1737.5 57.71
1739.5 57.71
1741.5 57.71
1743.5 57.71
1745.5 101.81
1747.75 98.97
1749.52 129.74
1751.75 143.71
1753.75 151.38
1755.75 25.78
1757.75 211.06
1759.75 14.48
1761.75 185.98
1763.75 209.95
1765.75 15.73
1767.75 274.28
1769.75 27.93
1771.75 273.34
1773.76 34.52
1775.75 215.39
1777.75 260.75
1779.75 18.66
1781.75 250.74
1783.75 21.93
1785.75 107.13
1787.75 245.3
1789.75 0.73
1791.75 285.03
1793.75 19.22
1795.75 299.77
1797.75 26.1
1799.75 263.97
1801.75 284.41
1803.75 25.17
1805.75 280.72
1807.75 27.6
1809.75 293.27
1811.75 299.03
1813.75 20.01
1815.75 269.3
1817.75 33.37
1819.75 277.12
1821.75 26.82
1823.75 351.78
1825.75 255.46
1827.75 21.82
1829.75 329.62
1831.75 21.94
1833.99 218.98
1836.54 324.75
1837.75 333.78
1839.75 228.75
1841.75 32.32
1843.75 157.15
1845.75 24.1
1847.75 271.71
1849.75 89.82
1851.75 32.78
1853.75 58.71
1855.75 29.75
1857.75 285.45
1859.75 91.95
1861.75 29.26
1863.75 16.75
1865.75 29.62
1867.75 287.29
1869.75 25.39
1871.75 237.76
1873.75 267.5
1875.75 14.97
1877.75 147.55
1879.75 35.2
1881.75 9.47
1883.75 0.76
1885.75 105.75
1887.75 242.9
1889.75 26.0
1891.75 222.64
1893.75 21.67
1895.75 187.81
1897.75 200.65
1899.75 28.32
1901.75 183.76
1903.75 19.55
1905.76 234.83
1907.75 232.88
1909.75 127.59
1911.75 216.59
1913.75 29.42
1915.75 157.85
1917.75 31.83
1919.75 168.62
1921.75 237.55
1923.75 20.45
1925.75 174.62
1927.75 21.81
1929.75 229.82
1931.75 169.02
1933.75 6.65
1935.75 206.76
1937.75 21.91
1939.75 227.65
1941.75 0.53
1943.75 218.09
1945.75 194.19
1947.75 22.56
1949.75 195.98
1951.75 20.45
1953.75 222.4
1955.75 253.31
1957.75 30.04
1959.75 260.88
1961.75 6.4
1963.75 239.74
1965.75 28.98
1967.75 178.43
1969.76 257.77
1971.75 12.41
1973.75 259.16
1975.76 14.98
1977.75 227.14
1979.75 255.69
1981.75 17.67
1983.75 257.72
1985.75 24.83
1987.75 108.49
1989.75 29.07
1991.76 229.11
1993.75 48.13
1995.75 27.99
1998.01 67.15
2000.0 11.38
2002.0 78.03
2004.0 77.26
2006.0 71.04
2008.0 73.84
2010.0 96.55
2012.0 95.98
2014.0 30.46
2016.0 171.89
2018.0 177.03
2020.02 32.42
2022.0 165.95
2024.0 16.71
2026.0 203.91
2028.0 212.51
2030.0 211.28
2032.01 205.38
2034.01 36.38
2036.0 63.16
2038.0 26.7
2040.0 48.87
2042.0 254.98
2044.0 28.23
2046.0 247.92
2048.0 10.72
2050.0 57.3
2052.0 6.16
2054.0 18.96
2056.01 143.76
2058.0 8.1
2060.0 127.26
2062.0 26.57
2064.01 160.51
2066.0 159.56
2068.0 20.46
2070.0 155.96
2072.0 24.04
2074.0 190.78
2076.0 182.83
2078.0 20.55
2080.0 205.66
2082.0 19.19
2084.0 234.67
2086.0 0.63
2088.0 176.01
2090.0 256.01
2092.0 17.9
2094.0 268.37
2096.0 29.69
2098.0 213.85
2100.0 208.4
2102.0 215.74
2104.0 291.79
2106.0 23.98
2108.0 232.44
2110.0 19.12
2112.0 277.59
2114.0 231.68
2116.0 17.15
2118.0 276.76
2120.0 16.18
2122.0 218.7
2124.0 265.8
2126.0 281.44
2128.0 268.8
2130.0 28.39
2132.0 235.87
2134.0 26.44
2136.0 267.08
2138.0 260.62
2140.0 33.64
2142.0 286.08
2144.0 33.98
2146.0 282.08
2148.0 242.32
2150.0 273.49
2152.0 274.99
2154.0 14.67
2156.0 289.86
2158.0 24.8
2160.0 315.67
2162.0 230.91
2164.0 25.53
2166.0 286.14
2168.0 0.37
2170.0 313.8
2172.01 1.19
2174.01 131.96
2176.0 34.95
2178.0 27.56
2180.0 325.33
2182.01 0.75
2184.0 35.98
2186.0 212.51
2188.0 20.86
2190.0 154.97
2192.0 34.14
2194.0 194.86
2196.0 208.2
2198.0 162.68
2200.0 151.55
2202.0 199.86
2204.0 76.74
2206.0 22.21
2208.0 105.69
2210.0 102.29
2212.0 2.36
2214.0 121.89
2216.0 23.17
2218.0 104.19
2220.0 99.89
2222.0 275.27
2224.01 277.19
2226.0 26.54
2228.0 91.23
2230.0 15.42
2232.0 154.34
2234.0 16.15
2236.0 0.6
2238.0 142.34
2240.0 28.67
2242.0 193.4
2244.0 232.92
2246.0 288.43
2248.25 305.39
2250.25 15.23
2252.25 285.21
2254.25 31.38
2256.25 190.61
2258.25 170.77
2260.25 1.37
2262.25 307.13
2264.26 15.11
2266.25 75.79
2268.03 24.53
2270.25 69.31
2272.25 70.76
2274.26 76.97
2276.25 76.32
2278.25 76.32
2280.25 76.6
2282.25 69.58
2284.25 69.58
2286.25 50.18
2288.25 71.48
2290.25 50.18
2292.25 61.68
2294.26 61.68
2296.25 76.09
2298.25 94.23
2300.25 81.03
2302.25 82.77
2304.25 115.9
2306.25 79.94
2308.25 149.12
2310.25 145.9
2312.26 32.22
2314.25 104.08
2316.25 9.87
2318.25 126.49
2320.26 244.22
2322.25 21.72
2324.25 199.8
2326.26 16.51
2328.26 279.52
2330.25 322.72
2332.25 304.89
2334.25 313.88
2336.26 22.9
2338.25 286.74
2340.25 13.28
2342.25 139.66
2344.25 309.4
2346.26 16.82
2348.26 305.76
2350.25 20.4
2352.25 304.3
2354.25 113.75
2356.25 22.06
2358.26 104.3
2360.25 15.41
2362.25 148.43
2364.26 25.89
2366.25 141.12
2368.25 36.87
2370.25 35.32
2372.25 105.14
2374.26 19.01
2376.26 172.74
2378.25 196.25
2380.25 196.19
2382.25 210.33
2384.25 3.09
2386.25 241.58
2388.26 25.22
2390.26 234.43
2392.26 184.83
2394.25 29.87
2396.26 111.4
2398.25 23.44
2400.25 103.86
2402.25 132.55
2404.25 147.13
2406.25 178.73
2408.26 6.96
2410.26 190.56
2412.25 29.82
2414.25 243.87
2416.25 237.03
2418.25 14.98
2420.25 221.76
2422.25 34.41
2424.26 269.3
2426.25 190.66
2428.25 271.17
2430.26 321.74
2432.25 0.68
2434.25 278.24
2436.26 0.53
2438.25 279.55
2440.26 279.55
2442.25 2.89
2444.25 293.14
2446.26 10.02
2448.25 307.73
2450.25 100.17
2452.25 12.06
2454.25 156.54
2456.26 17.12
2458.26 176.2
2460.25 31.71
2462.26 193.69
2464.25 193.64
2466.26 29.89
2468.25 110.75
2470.25 26.43
2472.25 227.74
2474.25 3.45
2476.25 32.91
2478.25 76.18
2480.26 14.24
2482.25 55.04
2484.25 81.87
2486.25 52.64
2488.25 89.77
2490.25 74.45
2492.26 86.59
2494.25 92.06
2496.26 100.2
2498.5 111.99
2500.5 109.46
2502.5 123.87
2504.5 28.31
2506.5 119.8
2508.51 22.48
2510.51 205.74
2512.51 72.14
2514.5 21.88
2516.5 248.15
2518.5 0.69
2520.5 273.4
2522.5 0.53
2524.5 22.9
2526.5 14.75
2528.5 19.03
2530.5 59.38
2532.5 58.61
2534.51 64.18
2536.5 36.34
2538.5 63.55
2540.5 69.6
2542.5 64.46
2544.5 71.18
2546.5 92.14
2548.5 73.39
2550.51 121.15
2552.5 113.37
2554.5 156.08
2556.5 24.82
2558.51 180.48
2560.51 163.96
2562.51 0.68
2564.5 189.75
2566.5 29.03
2568.5 195.77
2570.5 236.46
2572.5 224.87
2574.51 132.99
2576.5 30.39
2578.5 260.97
2580.5 26.15
2582.5 285.9
2584.5 235.6
2586.51 24.63
2588.5 34.98
2590.51 0.64
2592.51 26.62
2594.51 149.1
2596.5 18.09
2598.5 160.51
2600.5 24.32
2602.51 182.85
2604.5 0.43
2606.5 264.58
2608.5 10.08
2610.51 30.89
2612.51 241.61
2614.51 22.17
2616.5 252.41
2618.5 290.02
2620.5 291.37
2622.5 235.58
2624.51 26.52
2626.51 261.89
2628.5 23.81
2630.5 269.09
2632.5 276.79
2634.5 27.49
2636.5 101.58
2638.5 23.79
2640.5 151.35
2642.5 50.6
2644.5 166.35
2646.5 138.67
2648.5 29.57
2650.5 0.64
2652.5 16.08
2654.5 169.48
2656.5 202.27
2658.5 0.71
2660.5 180.28
2662.5 24.45
2664.51 222.14
2666.5 226.0
2668.5 218.76
2670.5 220.16
2672.5 35.18
2674.5 252.06
2676.5 16.26
2678.5 198.79
2680.5 248.8
2682.5 41.73
2684.5 263.34
2686.5 26.19
2688.51 252.24
2690.5 266.64
2692.5 253.75
2694.61 209.01
2696.5 26.41
2698.5 238.49
2700.5 25.97
2702.51 42.36
2704.5 255.09
2706.51 34.48
2708.5 266.41
2710.5 17.06
2712.51 143.59
2714.5 276.61
2716.5 34.09
2718.5 134.46
2720.5 16.4
2722.51 302.13
2724.51 11.89
2726.51 176.51
2728.51 328.62
2730.5 28.78
2732.5 142.19
2734.5 12.85
2736.5 283.08
2738.5 230.97
2740.51 288.03
2742.51 236.74
2744.5 26.14
2746.76 219.01
2748.76 14.17
2750.76 268.91
2752.76 251.37
2754.76 125.23
2756.76 178.36
2758.76 0.77
2760.76 293.77
2762.54 20.5
2764.76 306.71
2766.76 327.06
2768.76 26.11
2770.76 255.43
2772.76 0.63
2774.76 293.92
2776.76 287.24
2778.76 5.26
2780.76 91.37
2782.76 0.39
2784.76 261.03
2786.76 25.17
2788.76 273.08
2790.76 225.66
2792.76 18.35
2794.76 189.19
2796.76 26.47
2798.76 290.53
2800.76 239.73
2802.76 34.07
2804.76 0.59
2806.76 24.85
2808.76 154.8
2810.76 27.26
2812.76 245.12
2814.76 224.53
2816.76 48.03
2818.76 203.88
2820.76 23.17
2822.76 146.05
2824.76 22.81
2826.76 65.35
2828.76 40.0
2830.76 32.32
2832.76 293.73
2834.76 20.85
2836.76 242.33
2838.76 270.76
2840.76 26.92
2842.76 241.27
2844.76 25.88
2846.76 218.38
2848.76 263.23
2850.76 1.25
2852.76 255.7
2854.76 0.69
2856.76 270.94
2858.76 9.45
2860.76 266.99
2862.76 175.4
2864.76 31.84
2866.76 74.53
2868.76 13.85
2870.76 271.79
2872.76 213.31
2874.76 353.62
2876.76 346.84
2878.76 26.66
2880.76 313.62
2882.76 18.35
2884.76 282.58
2886.76 201.39
2888.76 31.47
2890.76 351.56
2892.76 27.92
2894.76 259.29
2896.76 323.58
2898.76 0.99
2900.76 304.22
2902.76 19.19
2904.76 136.79
2906.76 0.7
2908.76 175.14
2910.76 236.73
2912.76 18.13
2914.76 298.99
2916.76 21.21
2918.76 307.57
2920.76 333.36
2922.76 23.64
2924.76 279.66
2926.76 23.11
2928.76 234.39
2930.76 26.55
2932.76 91.7
2934.76 219.42
2936.76 24.19
2938.76 216.01
2940.76 22.22
2942.76 308.29
2944.76 289.6
2946.76 299.78
2948.76 294.95
2950.76 21.73
2952.76 163.74
2954.76 17.36
2956.76 258.3
2958.76 189.14
2960.76 33.27
2962.76 176.69
2964.76 27.01
2966.76 215.4
2968.76 228.98
2970.76 218.99
2972.76 232.7
2974.76 17.6
2976.76 162.69
2978.76 2.21
2980.76 211.76
2982.76 225.8
2984.76 0.59
2986.76 127.21
2988.76 7.51
2990.76 300.38
2992.76 182.16
2994.76 203.88
2996.76 219.76
2999.01 19.6
3001.01 232.4
3003.01 28.78
3005.01 215.56
3007.01 228.61
3009.01 0.74
3011.01 190.82
3013.01 23.79
3015.01 279.34
3016.79 20.59
3019.01 178.17
3021.01 178.3
3023.01 9.11
3025.01 186.07
3027.01 19.59
3029.01 275.33
3031.01 275.28
3033.01 0.8
3035.01 292.93
3037.01 27.93
3039.01 314.45
3041.01 24.4
3043.01 293.8
3045.01 277.73
3047.01 33.13
3049.01 183.91
3051.01 18.49
3053.01 279.17
3055.01 289.4
3057.01 28.77
3059.01 242.2
3061.01 28.29
3063.01 189.1
3065.01 0.4
3067.01 247.82
3069.01 271.31
3071.01 25.05
3073.01 238.83
3075.01 22.87
3077.01 277.26
3079.01 228.51
3081.01 28.68
3083.01 225.17
3085.01 17.94
3087.01 236.51
3089.01 34.55
3091.01 197.07
3093.01 285.23
3095.01 36.39
3097.01 250.35
3099.01 29.14
3101.01 237.87
3103.01 255.5
3105.01 0.72
3107.01 240.52
3109.01 24.96
3111.01 264.65
3113.01 35.17
3115.01 270.11
3117.01 271.08
3119.01 12.15
3121.01 86.6
3123.01 25.57
3125.01 262.97
3127.01 116.78
3129.01 46.08
3131.01 310.72
3133.01 0.67
3135.01 147.35
3137.01 18.51
3139.01 248.54
3141.01 236.71
3143.01 21.08
3145.01 240.84
3147.01 26.7
3149.01 231.34
3151.01 200.28
3153.01 19.7
3155.01 218.78
3157.01 26.7
3159.01 171.45
3161.01 0.49
3163.01 197.4
3165.01 194.71
3167.01 14.43
3169.01 215.87
3171.01 20.49
3173.01 32.93
3175.01 220.24
3177.01 5.59
3179.01 103.69
3181.01 13.36
3183.01 210.06
3185.01 26.41
3187.01 266.85
3189.01 320.27
3191.01 16.93
3193.01 319.19
3195.01 14.62
3197.01 278.38
3199.01 287.35
3201.01 25.99
3203.01 240.68
3205.01 21.24
3207.01 167.32
3209.01 24.35
3211.01 206.89
3213.01 250.36
3215.01 26.76
3217.01 95.87
3219.01 21.79
3221.01 242.2
3223.01 266.26
3225.01 0.54
3227.01 281.72
3229.01 28.07
3231.01 272.9
3233.01 27.56
3235.01 318.68
3237.01 324.98
3239.01 20.67
3241.01 322.98
3243.01 23.45
3245.01 271.17
3247.01 222.56
3249.26 0.9
3251.26 263.47
3253.26 26.05
3255.26 217.27
3257.26 30.38
3259.26 305.3
3261.26 203.55
3263.26 24.27
3265.26 125.81
3267.26 12.77
3269.26 0.55
3271.26 108.17
3273.26 96.47
3275.26 96.04
3277.26 38.76
3279.26 145.23
3281.26 25.43
3283.26 234.71
3285.26 0.98
3287.26 0.61
3289.26 108.58
3291.26 27.33
3293.26 187.72
3295.26 0.81
3297.26 249.08
3299.26 248.77
3301.26 16.44
3303.26 214.86
3305.26 32.84
3307.26 237.14
3309.26 0.71
3311.26 0.74
3313.26 155.66
3315.26 13.87
3317.26 207.85
3319.26 218.3
3321.26 186.6
3323.26 239.68
3325.26 15.25
3327.26 246.36
3329.26 19.7
3331.26 184.54
3333.26 204.28
3335.26 22.13
3337.26 208.0
3339.26 31.83
3341.26 191.76
3343.26 212.81
3345.26 161.75
3347.26 252.25
3349.26 29.32
3351.26 254.37
3353.26 18.7
3355.26 215.26
3357.26 215.15
3359.26 22.52
3361.26 121.14
3363.26 15.1
3365.27 262.03
3367.26 206.92
3369.26 240.74
3371.26 240.52
3373.26 17.85
