0.0 4.21
0.78 4.38
1.56 4.43
2.18 4.0
2.8 4.27
3.6 4.32
4.35 4.15
5.11 4.41
6.52 4.43
7.33 4.39
8.98 4.39
10.97 4.45
12.98 4.08
14.97 4.46
16.97 4.4
18.97 4.11
20.97 4.37
22.98 4.35
24.98 3.96
26.97 4.34
28.95 4.41
30.97 4.45
32.97 0.9
34.97 2.01
36.97 4.37
38.96 1.8
40.97 4.4
42.98 4.37
44.98 0.74
46.97 1.48
48.97 4.44
51.22 4.35
52.97 4.19
54.97 4.05
56.98 0.83
58.98 1.17
61.25 4.25
63.0 4.3
65.26 4.33
67.2 4.36
69.22 4.06
71.22 4.3
73.22 4.25
75.22 4.28
77.22 4.12
79.13 4.42
81.21 0.49
83.11 0.19
85.23 3.93
87.22 4.23
89.23 0.75
91.07 3.77
93.23 4.29
95.33 3.78
97.11 0.84
99.21 0.62
101.51 3.85
103.65 3.9
105.37 4.35
107.24 4.01
109.24 1.16
111.22 4.21
113.22 4.42
115.28 4.23
117.32 4.33
119.21 0.17
121.23 4.43
123.23 4.47
125.23 4.46
127.22 4.29
129.23 4.36
131.23 4.2
133.23 4.34
135.23 4.44
137.22 4.42
139.23 4.43
141.22 4.49
143.22 4.55
145.22 3.92
147.22 2.44
149.22 4.34
151.23 0.59
153.23 4.35
155.23 4.39
157.22 4.52
159.23 4.38
161.22 4.43
163.23 4.32
165.22 4.45
167.22 4.06
169.22 4.33
171.22 4.39
175.07 4.46
178.48 4.41
181.07 1.79
183.96 4.2
187.23 4.15
190.54 2.37
192.02 4.01
193.6 4.35
195.69 4.41
197.54 4.02
199.68 3.27
201.83 3.49
203.59 4.39
205.22 3.88
207.05 4.42
208.45 4.42
209.99 0.73
211.79 2.15
213.63 4.01
215.33 4.22
217.37 0.11
219.06 4.41
220.66 1.74
222.48 0.6
224.02 2.08
226.17 1.78
227.62 4.41
229.51 4.41
230.99 4.47
232.96 3.36
234.97 4.38
236.97 4.02
238.97 4.31
240.97 4.25
242.91 4.12
244.98 4.35
246.94 3.98
249.0 4.09
251.01 4.43
253.02 4.2
254.98 4.41
256.97 4.2
258.97 4.45
260.96 4.37
262.97 4.38
264.97 4.08
266.98 4.42
268.98 4.21
270.98 4.32
272.98 4.39
274.97 3.74
