0.0 0.08
0.65 4.31
3.31 0.49
4.24 2.25
4.75 7.09
5.47 4.99
6.79 4.16
8.58 2.09
11.66 4.84
16.42 7.64
18.42 7.81
20.43 7.8
22.42 7.99
24.43 7.76
26.35 7.95
28.84 7.75
31.04 7.86
32.52 7.82
35.03 7.99
36.87 7.96
39.4 7.82
41.33 7.61
43.6 7.93
45.85 8.02
47.58 7.71
49.51 7.63
52.05 7.1
54.96 8.04
56.06 6.82
57.89 7.79
60.59 7.67
63.15 7.92
64.9 6.85
69.09 7.98
72.36 6.61
74.71 7.35
76.48 7.8
79.14 7.5
83.01 7.53
85.31 7.6
87.87 0.47
89.17 7.82
92.58 3.41
94.96 7.92
97.25 7.73
99.19 7.58
101.13 7.99
102.89 6.5
103.82 7.87
104.74 7.98
105.38 7.78
107.2 6.84
108.95 7.96
110.44 7.78
111.44 8.06
112.57 7.81
113.78 7.96
115.02 7.8
116.32 7.99
118.32 7.97
120.31 8.04
122.31 7.79
124.31 7.71
126.31 7.87
128.32 7.97
130.32 3.91
132.32 7.93
134.31 6.8
136.46 6.25
139.24 7.66
141.77 7.94
143.22 7.76
144.52 7.96
147.42 7.92
150.44 7.75
153.42 6.7
156.82 7.9
158.67 6.81
161.61 7.98
164.36 7.81
167.6 7.96
169.66 7.67
170.6 7.89
173.21 7.68
176.48 7.8
179.72 8.0
181.5 6.73
185.11 6.92
187.55 8.0
189.41 7.99
190.68 7.74
192.53 7.29
194.31 8.0
196.35 7.97
198.56 7.17
201.68 7.61
203.69 7.94
205.84 3.41
208.36 5.47
209.16 7.97
209.8 7.94
210.47 7.99
211.56 6.6
212.38 7.98
213.52 7.95
215.53 8.02
217.53 7.99
219.52 7.93
221.53 8.0
223.52 7.91
225.53 8.06
227.52 6.9
229.5 6.71
231.52 8.0
233.53 7.73
235.51 7.9
237.58 6.51
239.51 7.95
241.53 7.23
243.52 7.82
245.52 7.87
247.57 6.98
249.63 7.81
251.52 7.97
253.49 6.68
255.51 7.75
257.52 7.97
259.52 7.97
261.53 7.77
263.52 7.94
265.51 6.91
267.53 7.79
269.53 7.79
271.52 6.65
273.51 7.79
275.51 8.03
277.5 6.95
279.52 7.99
281.52 7.69
283.52 7.85
285.52 7.91
287.52 7.72
289.52 7.8
291.52 7.81
293.53 7.92
295.51 7.81
297.52 6.87
299.52 8.06
301.43 7.93
303.52 8.01
305.52 7.98
307.51 7.92
309.52 7.99
311.52 7.81
313.87 7.86
315.44 7.77
317.52 7.81
319.52 7.53
321.52 7.9
323.52 7.96
325.52 7.74
327.53 7.8
329.51 7.82
331.51 7.77
333.53 7.91
335.51 7.99
337.52 7.91
339.52 7.63
342.52 8.0
348.33 7.53
353.29 7.94
354.22 7.74
354.82 7.85
355.44 7.67
356.75 7.97
357.66 7.95
359.14 7.99
361.13 7.83
363.14 7.96
365.13 7.95
367.13 7.8
370.66 7.94
373.01 7.94
375.64 7.71
377.8 7.95
379.61 7.7
381.94 7.84
384.11 8.02
386.47 7.84
388.72 8.01
391.34 7.81
393.74 7.8
395.41 7.58
398.05 6.86
400.09 7.81
402.22 8.0
404.58 7.95
407.32 7.79
411.22 0.63
413.97 8.01
416.44 7.82
418.75 7.17
421.09 1.13
424.95 0.64
425.72 7.7
427.48 7.94
429.32 6.94
430.7 7.49
432.03 7.89
433.33 7.99
435.01 1.24
438.24 7.24
440.15 7.92
442.2 8.02
443.65 7.88
445.59 7.85
447.96 1.62
449.74 7.86
450.89 7.74
452.87 7.89
454.48 6.56
456.85 8.07
459.1 7.99
461.3 7.73
464.73 7.75
467.3 7.66
469.29 7.84
471.49 7.7
472.89 7.76
474.82 7.95
477.09 7.77
479.18 8.06
481.44 7.58
483.74 3.47
486.23 7.18
488.26 7.69
490.17 4.73
492.97 7.86
494.32 7.7
496.03 7.75
498.53 3.6
499.65 6.84
500.58 7.21
502.74 7.92
505.82 2.09
506.44 4.07
508.38 3.77
511.01 1.18
514.13 2.05
515.24 3.05
517.37 2.84
518.69 2.17
520.2 2.2
522.15 2.06
525.19 1.01
526.95 2.04
528.72 2.45
531.14 2.37
533.66 2.45
534.56 3.53
535.43 6.23
536.62 3.35
537.2 7.59
539.84 3.48
541.29 7.89
541.96 8.35
545.25 1.58
548.74 2.77
552.28 0.29
554.21 1.46
555.96 1.08
557.16 2.66
558.73 4.15
559.55 7.6
560.58 7.92
562.2 0.9
564.23 6.76
566.16 8.0
568.4 8.05
570.72 7.89
571.86 6.8
572.53 7.34
574.58 0.87
576.52 4.12
578.52 3.99
580.52 7.03
582.52 5.71
584.53 3.59
586.53 7.81
588.54 7.9
590.52 8.05
592.53 7.34
594.52 7.27
596.52 7.09
598.53 7.01
600.53 7.81
602.86 3.19
605.58 1.34
607.74 0.53
609.26 4.74
610.53 5.6
612.52 7.72
614.53 7.88
616.53 7.05
618.52 3.17
620.53 2.22
622.52 4.09
624.52 6.56
626.52 7.73
628.52 1.52
630.52 7.94
632.53 7.94
634.52 2.54
636.53 6.98
638.52 0.38
640.52 3.42
642.52 5.84
644.53 7.92
646.99 3.66
651.49 4.73
652.99 6.23
653.94 7.73
654.92 6.21
656.54 7.36
662.53 1.83
665.99 3.27
667.88 3.33
669.67 7.72
672.17 1.54
674.49 4.4
675.99 2.28
677.86 2.36
680.85 4.47
683.16 1.32
687.18 2.47
688.22 7.59
689.79 6.82
691.5 0.39
693.7 2.82
696.48 0.82
698.55 5.71
700.36 5.78
701.9 7.72
703.48 4.35
705.53 2.94
707.57 7.94
712.15 2.6
713.75 2.55
715.39 3.78
717.31 2.41
718.3 7.33
719.39 3.65
720.71 3.85
723.09 5.12
725.84 5.53
726.93 8.01
727.72 7.83
732.3 0.39
734.48 6.3
735.51 7.96
736.89 3.8
739.83 5.38
741.5 3.57
743.13 7.83
744.58 7.94
747.49 4.69
749.76 7.86
752.38 2.57
754.68 6.0
756.46 6.89
757.49 6.47
760.97 5.05
763.98 7.23
765.09 6.86
766.5 2.23
768.33 5.83
769.4 7.79
772.18 1.7
774.27 7.9
776.18 7.68
779.26 0.7
780.82 7.91
782.64 1.25
784.15 7.86
786.0 5.17
788.15 7.8
789.67 7.74
790.43 7.89
791.16 7.79
792.24 7.38
795.53 6.11
797.89 7.91
799.88 3.65
801.4 7.92
803.4 7.93
804.77 7.83
806.51 7.87
807.08 7.78
807.98 4.83
810.6 7.23
812.52 7.89
813.37 7.71
814.77 4.01
816.77 6.8
818.78 7.8
820.77 7.9
822.96 0.55
824.77 6.33
828.57 0.39
831.28 7.72
832.17 6.96
836.07 3.1
839.6 7.86
842.18 6.92
842.73 4.71
844.23 3.11
845.89 4.47
847.27 5.76
848.03 7.77
849.21 7.79
851.11 1.07
852.78 7.84
854.78 7.96
858.33 4.82
859.98 0.76
861.48 1.93
866.48 3.84
869.7 3.8
872.35 2.8
873.63 6.74
874.65 7.18
877.36 4.43
879.62 7.97
880.64 7.96
881.38 7.97
883.98 6.28
886.71 7.08
888.23 8.07
888.87 7.92
890.15 7.7
891.18 7.76
892.94 4.14
895.78 5.6
901.09 5.0
902.66 2.24
905.31 7.72
907.21 7.95
909.2 8.03
913.99 0.76
919.1 4.78
919.76 5.32
921.19 4.82
922.05 3.83
923.54 1.4
925.79 4.76
928.01 1.16
930.74 3.55
932.78 8.0
933.81 7.95
934.36 7.99
935.1 7.4
936.86 1.0
938.09 1.31
939.34 1.91
940.89 6.36
942.71 7.11
945.12 1.42
947.27 5.93
948.92 7.01
949.66 7.51
951.73 1.65
953.48 7.71
955.03 7.73
957.02 1.04
958.88 6.35
961.02 1.59
963.04 0.26
967.3 6.69
969.68 4.08
971.81 1.98
974.33 6.87
977.09 1.73
979.49 0.87
982.16 5.61
984.14 6.21
985.37 6.68
987.06 1.48
987.8 4.99
988.54 6.33
990.42 6.51
994.05 5.93
997.6 6.73
1000.13 0.9
1003.39 5.99
1005.72 6.05
1006.49 3.89
1009.13 2.16
1011.86 3.61
1015.78 4.31
1019.58 4.37
1021.06 7.8
1022.29 7.77
1024.59 4.76
1025.89 7.92
1026.78 4.93
1027.95 4.12
1028.76 5.38
1029.47 5.15
1031.22 2.46
1031.89 7.94
1032.63 7.16
1034.64 7.75
1036.64 7.57
1038.65 4.18
1040.63 2.0
1042.8 2.08
1046.01 2.19
1047.92 6.97
1050.59 3.71
1052.2 5.67
1054.17 7.1
1056.6 1.14
1058.72 4.44
1060.17 4.54
1062.16 2.67
1064.16 7.98
1066.19 7.68
1068.17 2.96
1070.16 6.85
1072.14 7.97
1074.16 1.72
1076.16 5.72
1078.17 2.21
1080.16 7.83
1082.16 7.34
1084.17 7.82
1086.16 6.51
1088.17 5.88
1090.16 8.02
1092.17 8.02
1096.09 7.63
1099.7 5.31
1102.04 0.64
1104.64 5.22
1106.92 5.0
1109.57 3.6
1111.25 5.29
1112.48 6.12
1113.86 7.66
1115.42 7.93
1118.68 0.28
1120.6 4.79
1122.31 7.84
1123.3 7.84
1124.43 9.03
1125.69 5.3
1127.88 5.02
1129.93 0.54
1132.27 7.93
1135.14 6.16
1137.28 7.02
1142.61 4.62
1146.31 4.58
1149.91 5.63
1151.17 7.9
1152.3 7.92
1153.46 8.02
1155.54 6.15
1158.17 4.59
1159.76 6.82
1161.31 7.81
1162.62 7.32
1165.17 5.44
1168.2 4.88
1170.33 5.28
1172.86 6.22
1174.06 8.07
1176.31 4.83
1179.03 2.79
1181.34 6.39
1183.13 1.02
1185.09 7.98
1187.34 2.68
1188.41 6.84
1189.61 1.95
1191.93 5.04
1192.84 5.3
1193.45 5.52
1195.25 7.76
1197.26 8.02
1199.25 8.02
1201.26 7.45
1203.9 7.93
1206.38 6.89
1208.15 4.81
1210.26 6.2
1211.08 6.17
1213.26 6.2
1215.26 5.03
1217.26 2.17
1220.48 3.07
1221.34 7.94
1224.12 0.14
1225.47 6.3
1227.25 7.76
1229.24 6.43
1231.25 2.3
1233.26 7.66
1235.07 5.71
1237.17 5.49
1239.25 6.9
1241.83 2.91
1244.09 1.41
1245.72 1.22
1247.89 5.15
1249.5 7.42
1255.42 2.54
1257.51 2.3
1260.58 0.31
1262.14 7.03
1263.95 2.74
1265.06 8.02
1267.04 5.45
1269.1 5.79
1269.68 7.23
1271.75 6.59
1272.77 6.87
1273.87 7.8
1275.26 6.17
1277.23 4.78
1279.25 2.41
1281.14 1.38
1283.25 2.85
1285.27 6.38
1287.25 7.66
1289.26 2.43
1291.25 6.6
1293.84 7.95
1295.73 7.99
1299.17 3.87
1301.23 7.15
1302.61 7.96
1304.01 7.96
1305.25 8.02
1307.26 8.02
1309.29 7.72
1313.9 6.23
1317.91 1.15
1319.9 4.8
1324.24 1.9
1325.89 4.63
1327.01 5.44
1328.37 8.05
1333.99 6.54
1334.95 7.91
1335.82 7.26
1341.27 3.73
1343.35 4.48
1344.26 6.53
1345.35 2.7
1347.32 4.61
1348.83 5.1
1349.9 6.6
1352.31 2.61
1353.93 6.18
1355.12 8.06
1357.61 8.31
1359.02 7.82
1362.13 6.07
1364.28 7.24
1366.28 3.42
1368.4 8.13
1374.3 3.16
1376.17 3.09
1378.01 3.01
1380.07 3.09
1381.53 3.73
1382.76 2.89
1386.61 4.35
1387.62 4.45
1388.89 5.38
1390.04 2.33
1391.42 5.97
1392.77 0.3
1393.36 7.92
1396.46 3.16
1397.77 4.08
1400.01 6.87
1403.2 1.61
1404.87 7.8
1405.62 7.98
1407.81 7.99
1410.75 3.97
1413.23 6.7
1414.77 7.98
1417.15 5.32
1419.01 6.06
1420.6 7.23
1421.34 7.78
1423.01 7.89
1426.04 7.93
1427.81 7.35
1429.44 7.74
1434.34 0.49
1435.15 4.34
1435.65 5.49
1436.39 5.53
1437.14 6.47
1438.49 7.75
1440.06 8.04
1441.62 4.05
1442.54 5.34
1444.32 7.84
1446.51 7.96
1451.21 4.14
1456.23 4.06
1459.21 7.8
1460.63 7.79
1462.96 5.26
1464.21 7.94
1465.44 7.81
1467.28 7.83
1468.45 6.11
1470.88 7.54
1474.56 2.83
1477.78 5.32
1479.34 8.02
1480.54 8.07
1482.7 5.68
1484.93 2.6
1485.85 7.98
1487.6 7.99
1492.56 5.52
1494.48 7.85
1495.71 7.7
1498.48 4.0
1500.61 4.52
1501.87 7.92
1502.8 6.83
1505.06 7.96
1507.02 6.83
1510.75 7.96
1512.07 7.76
1513.33 7.99
1516.03 1.54
1518.35 4.82
1520.58 4.67
1523.48 6.22
1525.64 7.8
1527.02 4.4
1528.06 7.73
1528.67 7.86
1529.55 7.92
1530.49 6.86
1531.57 7.74
1533.35 5.53
1534.95 7.71
1536.76 7.99
1538.76 7.91
1540.75 2.41
1542.75 8.03
1544.75 2.0
1546.75 7.75
1548.75 8.09
1555.47 2.5
1560.93 0.08
1561.87 4.51
1562.68 8.02
1564.02 7.92
1564.67 6.74
1565.86 6.76
1567.58 7.88
1570.65 3.44
1573.25 7.94
1574.55 2.02
1575.98 8.03
1577.88 6.37
1579.16 7.74
1579.99 7.85
1580.74 7.84
1582.75 7.85
1584.76 6.69
1586.75 6.69
1588.75 7.7
1590.75 6.38
1592.76 7.74
1594.75 7.99
1596.75 7.77
1598.76 8.04
1600.75 7.98
1602.75 8.05
1604.75 4.39
1606.76 8.12
1608.75 8.02
1610.75 2.21
1612.76 6.92
1614.76 7.31
1616.76 7.77
1618.76 7.84
1620.76 7.95
1622.75 7.95
1624.76 7.95
1626.75 7.95
1628.76 7.63
1630.75 0.64
1632.76 2.82
1634.76 2.82
1636.75 7.94
1638.75 7.96
1640.75 7.79
1642.75 7.32
1644.76 7.99
1646.75 7.94
1648.75 7.76
1650.76 7.93
1652.75 7.66
1654.75 5.37
1656.76 7.96
1658.75 7.99
1660.75 7.95
1662.75 7.82
1664.76 6.48
1666.76 8.04
1668.75 7.92
1670.76 7.96
1672.76 7.77
1675.01 7.82
1677.0 7.27
1678.76 5.06
1680.76 6.81
1683.0 8.01
1689.18 7.81
1692.22 7.37
1694.5 1.78
1696.45 7.98
1700.61 2.64
1702.76 7.89
1705.87 3.04
1707.88 7.55
1708.97 7.97
1711.14 7.71
1713.62 7.81
1714.58 7.06
1717.24 4.78
1718.67 7.73
1719.78 7.58
1722.35 2.69
1726.33 6.79
1728.29 5.4
1729.65 7.69
1731.19 7.8
1732.57 7.7
1736.95 5.95
1738.78 6.61
1740.38 4.44
1741.79 6.65
1743.6 6.5
1745.4 7.74
1747.47 7.22
1749.04 4.75
1751.41 7.08
1753.31 7.18
1757.04 2.46
1758.39 7.81
1759.41 7.83
1760.76 7.73
1764.99 4.32
1766.0 4.34
1767.47 4.39
1770.1 4.33
1772.16 5.46
1773.54 8.01
1774.73 7.95
1776.13 8.0
1778.12 2.82
1781.5 8.09
1782.8 7.72
1783.95 8.01
1786.54 0.23
1790.67 2.92
1792.04 2.92
1793.18 2.81
1795.13 5.66
1796.41 7.74
1797.81 7.98
1800.15 8.03
1801.51 7.09
1802.55 7.58
1804.08 8.01
1806.57 7.19
1807.54 7.9
1808.39 8.08
1810.37 7.76
1814.25 2.83
1818.63 5.77
1820.94 5.99
1822.57 7.84
1823.8 7.88
1827.12 1.81
1829.3 7.47
1830.15 7.75
1831.67 7.97
1832.94 7.74
1834.54 7.95
1835.83 7.01
1836.77 8.05
1839.65 1.26
1841.31 7.89
1844.03 1.31
1846.6 7.97
1849.29 5.17
1851.14 7.34
1851.78 7.08
1855.61 6.13
1857.57 7.99
1859.59 7.93
1863.95 2.12
1866.03 7.9
1866.63 7.95
1867.65 7.99
1870.53 5.52
1872.99 6.29
1874.73 7.77
1876.23 8.05
1877.39 7.95
1878.35 4.51
1881.85 7.28
1885.27 3.75
1888.29 6.89
1890.17 7.7
1891.44 7.96
1892.47 8.08
1893.83 8.08
1895.18 7.95
1897.22 1.8
1901.51 7.83
1903.27 3.26
1905.1 7.91
1906.16 7.67
1908.19 8.05
1910.47 8.0
1912.77 7.07
1916.17 6.09
1917.16 7.54
1919.91 6.73
1921.53 6.07
1923.4 8.01
1925.47 7.03
1926.93 7.67
1928.62 7.38
1931.17 8.0
1933.96 7.84
1935.66 7.99
1937.5 7.45
1942.14 6.86
1943.62 7.29
1944.62 7.97
1946.03 7.8
1948.3 0.97
1948.95 7.73
1949.57 7.77
1951.17 7.85
1954.09 3.43
1956.5 6.59
1957.39 7.77
1959.47 6.69
1961.47 4.24
1964.87 7.68
1967.58 1.56
1969.58 7.77
1971.02 7.81
1972.68 7.03
1974.88 2.31
1976.44 7.86
1979.05 6.88
1982.52 5.03
1985.23 5.22
1986.76 5.29
1988.6 5.08
1990.17 7.96
1991.73 5.64
1993.26 7.9
1996.05 7.79
1997.17 8.0
1999.3 2.23
2001.58 7.84
2002.31 7.87
2007.42 2.51
2008.87 2.42
2010.22 2.51
2012.56 2.47
2014.74 4.61
2015.66 7.84
2016.33 7.75
2016.92 7.93
2017.85 6.88
2019.07 2.19
2020.78 0.72
2021.92 7.76
2023.41 7.73
2026.31 7.89
2028.12 7.44
2030.66 7.9
2035.56 6.65
2039.36 3.09
2042.64 8.01
2044.7 1.79
2045.89 7.78
2047.7 4.06
2050.16 8.0
2051.81 7.7
2054.06 6.59
2054.99 7.78
2057.94 7.53
2061.3 8.07
2062.02 7.82
2063.35 7.85
2064.16 7.99
2064.77 8.02
2067.09 7.96
2069.82 8.02
2072.32 7.86
2078.37 5.0
2079.13 4.89
2080.76 4.92
2082.13 4.98
2084.45 5.02
2086.02 7.8
2089.56 1.73
2090.51 5.44
2092.96 2.14
2093.83 0.91
2094.79 3.95
2096.94 5.37
2098.12 7.73
2099.82 4.12
2101.55 2.57
2104.66 1.64
2106.47 5.82
2108.19 5.77
2109.11 5.87
2110.54 2.61
2112.03 6.88
2113.78 0.65
2114.78 2.16
2115.4 2.25
2116.94 6.83
2118.94 7.16
2120.94 6.56
2122.95 6.74
2124.94 7.12
2127.06 3.73
2128.95 6.51
2130.99 2.08
2132.94 6.59
2134.94 4.09
2136.94 7.93
2138.95 7.76
2140.94 7.92
2142.94 7.96
2146.86 2.15
2148.29 2.06
2150.36 2.05
2156.07 7.88
2158.5 1.03
2159.06 2.62
2161.22 0.66
2162.51 2.08
2163.3 6.19
2163.8 7.94
2165.4 5.72
2166.95 7.47
2168.94 7.77
2172.28 2.13
2174.78 1.97
2176.32 2.02
2178.46 2.0
2180.09 2.88
2181.42 1.89
2183.19 7.66
2185.2 7.7
2187.19 6.78
2189.2 7.54
2191.2 6.6
2193.16 2.82
2195.19 8.03
2197.2 2.1
2199.16 3.54
2201.19 4.06
2204.0 2.79
2206.37 7.86
2208.22 0.08
2209.11 7.27
2211.19 7.01
2213.19 7.84
2215.19 7.78
2217.16 6.76
2219.19 7.95
2221.19 1.04
2223.2 6.99
2225.21 6.98
2227.19 8.01
2229.19 7.23
2231.2 7.88
2233.19 0.45
2235.2 7.76
2237.2 7.0
2239.19 7.77
2241.19 7.99
2243.19 6.05
2245.19 7.81
2247.19 7.2
2249.19 7.99
2251.2 7.99
2255.46 7.66
2261.76 7.96
2263.52 7.89
2265.41 3.26
2267.81 7.93
2268.88 8.06
2273.7 2.87
2275.44 2.85
2279.34 5.57
2280.46 6.7
2281.42 4.6
2282.53 6.05
2284.01 7.66
2285.41 7.76
2287.12 7.94
2290.04 3.47
2292.65 7.65
2293.5 7.95
2295.35 7.83
2297.29 8.0
2299.67 7.74
2301.05 7.69
2304.23 0.31
2306.0 7.8
2307.05 7.99
2308.5 5.54
2312.0 7.86
2314.88 4.53
2316.04 7.7
2317.51 7.74
2321.49 5.27
2322.6 7.62
2324.07 7.7
2326.06 4.32
2328.99 3.7
2330.83 7.11
2333.88 2.96
2335.92 3.71
2336.97 7.98
2339.76 3.87
2342.91 6.11
2344.35 7.7
2345.14 7.97
2346.27 7.94
2350.14 2.93
2351.53 7.58
2353.31 5.1
2355.79 5.31
2356.91 5.31
2358.56 5.21
2361.96 5.39
2364.01 8.04
2364.8 7.8
2368.04 1.2
2371.54 0.32
2375.14 2.45
2376.59 2.03
2377.94 2.43
2380.16 2.38
2381.81 2.43
2383.56 2.92
2385.15 4.23
2386.22 4.81
2387.0 7.86
2387.82 7.99
2388.74 7.96
2390.69 6.35
2392.72 7.32
2394.81 0.91
2396.66 5.11
2399.45 5.83
2401.62 5.66
2405.42 7.03
2406.6 7.77
2409.31 1.41
2411.15 7.73
2412.71 5.36
2415.4 5.71
2417.28 6.05
2419.2 7.06
2421.04 7.24
2424.22 0.7
2426.52 7.72
2429.8 5.85
2432.32 6.48
2433.72 7.8
2434.83 7.82
2436.11 7.85
2438.85 2.92
2440.57 5.21
2441.84 7.38
2443.45 7.83
2444.54 7.09
2446.74 7.96
2448.36 7.77
2449.75 7.78
2451.17 7.77
2453.58 4.36
2456.27 7.99
2458.26 6.73
2460.69 5.82
2462.76 3.69
2465.0 7.31
2467.38 8.03
2470.5 2.89
2473.61 7.03
2474.77 7.34
2477.65 7.73
2479.72 6.61
2480.46 7.98
2482.21 7.88
2485.21 3.48
2486.34 7.84
2487.8 3.4
2490.07 7.91
2491.48 7.7
2493.14 7.97
2494.81 8.13
2497.62 7.71
2498.46 8.03
2501.08 6.33
2503.3 6.62
2504.3 7.7
2506.89 3.85
2509.56 2.87
2511.53 6.89
2514.03 7.16
2516.28 3.05
2519.16 7.97
2521.46 5.01
2523.16 1.32
2524.98 6.11
2526.41 6.0
2527.26 9.12
2530.53 4.25
2532.1 4.98
2533.7 7.14
2535.24 2.57
2537.22 3.81
2540.19 4.46
2543.95 1.53
2546.13 1.92
2546.93 7.76
2547.63 7.46
2548.23 7.97
2550.44 6.29
2552.74 6.47
2555.56 1.91
2557.72 5.2
2558.94 5.16
2561.02 7.97
2564.05 3.87
2565.97 1.53
2567.8 5.17
2570.22 5.08
2571.86 7.2
2574.54 1.34
2577.01 5.65
2578.73 5.51
2580.15 5.72
2582.48 7.71
2583.32 7.57
2584.82 7.92
2586.38 7.77
2588.86 5.19
2590.76 5.11
2592.84 5.19
2597.39 3.81
2601.33 5.36
2603.56 1.7
2606.28 6.84
2608.11 1.2
2609.38 2.59
2611.89 1.31
2614.51 2.4
2616.66 5.05
2618.52 4.42
2620.73 0.83
2623.25 2.13
2625.43 3.21
2628.78 0.27
2630.26 0.96
2631.03 1.55
2632.81 1.85
2635.09 2.21
2636.66 3.38
2638.06 0.38
2640.02 2.92
2641.38 6.23
2642.05 7.81
2645.12 2.11
2645.78 1.5
2648.53 5.05
2649.5 4.91
2650.99 4.8
2651.97 4.74
2653.61 0.77
2655.3 4.71
2656.17 1.55
2657.73 3.52
2658.93 4.43
2661.49 1.37
2662.75 3.68
2664.52 1.83
2666.35 2.24
2668.35 2.07
2670.34 3.33
2672.7 1.97
2675.02 1.66
2676.59 1.66
2678.36 3.15
2680.4 2.8
2682.37 0.02
2684.5 2.25
2686.61 2.6
2690.93 1.13
2693.61 3.13
2694.76 2.29
2696.68 2.69
2699.14 5.24
2701.93 6.3
2704.84 5.94
2707.76 1.49
2712.89 0.85
2714.01 3.81
2715.29 7.63
2716.33 7.79
2718.29 4.73
2719.7 7.3
2721.29 6.69
2723.99 1.38
2726.28 3.62
2729.37 1.22
2731.62 0.56
2735.05 1.71
2737.71 2.71
2739.12 0.61
2740.15 2.53
2742.49 2.34
2745.94 0.46
2747.71 2.58
2749.47 3.2
2750.71 3.15
2754.28 0.63
2757.75 0.74
2760.3 0.17
2761.64 1.93
2763.06 1.04
2764.64 2.23
2766.29 1.87
2768.36 2.45
2770.35 2.26
2772.14 2.85
2774.99 0.64
2776.95 2.41
2779.56 0.82
2780.26 1.62
2780.94 0.05
2781.79 2.22
2783.06 1.85
2783.82 0.9
2790.22 2.83
2791.58 2.04
2793.05 1.98
2793.77 2.48
2796.22 4.64
2796.87 6.79
2798.45 1.51
2799.5 0.33
2802.44 0.02
2803.78 6.59
2807.4 5.79
2810.49 3.23
2812.46 3.16
2816.9 3.09
2819.55 6.86
2820.11 7.55
2822.69 3.21
2823.74 4.79
2825.36 1.02
2827.18 1.07
2830.94 3.13
2833.31 7.7
2835.43 5.38
2836.79 3.64
2837.7 4.07
2838.56 3.59
2840.38 3.96
2842.95 2.98
2845.64 3.65
2848.03 0.07
2850.21 3.14
2852.48 3.62
2854.74 1.72
2856.26 7.74
2856.97 7.74
2858.42 2.11
2859.53 0.82
2861.12 2.96
2863.14 2.92
2865.16 2.81
2867.13 2.71
2870.03 1.3
2871.62 3.71
2873.14 6.0
2875.13 2.12
2877.09 3.96
2879.13 4.08
2881.63 3.9
2883.65 4.61
2887.09 3.71
2891.54 3.49
2893.29 1.98
2895.9 3.74
2899.7 0.83
2902.49 4.05
2904.29 2.76
2907.27 3.0
2910.32 0.71
2911.92 2.26
2914.66 2.92
