0.0 93.05
2.0 81.62
4.0 83.75
6.0 86.47
8.0 84.03
10.0 90.32
12.0 90.88
14.0 92.03
16.0 92.03
18.07 92.0
20.0 70.42
22.0 70.42
24.01 70.42
26.0 70.42
28.0 70.42
30.0 70.42
32.0 70.42
34.0 70.42
36.0 70.42
38.0 70.42
40.0 70.42
42.0 70.42
44.0 70.42
46.0 92.3
48.0 92.3
50.0 88.7
52.0 78.82
54.0 78.82
56.0 78.82
58.0 89.19
60.0 89.24
62.0 85.38
64.0 85.38
66.0 89.44
68.0 94.87
70.0 87.35
72.0 94.6
74.0 89.82
76.0 93.5
78.01 93.5
80.01 88.6
82.0 91.15
84.01 91.15
86.0 90.73
88.0 93.05
90.0 90.59
92.0 69.12
94.0 69.12
96.01 92.3
98.0 92.59
100.0 92.46
102.0 95.64
104.0 95.17
106.25 86.42
108.25 94.47
110.25 94.47
112.25 87.97
114.25 92.48
116.07 90.69
118.25 83.74
120.25 89.75
122.25 90.45
124.25 93.5
126.25 90.81
128.25 90.43
130.25 87.93
132.25 88.84
134.25 89.67
136.25 93.03
138.25 90.65
140.07 88.02
142.25 88.02
144.26 91.69
146.25 75.83
148.25 92.4
150.25 89.7
152.26 89.31
154.25 95.54
156.25 95.03
158.26 88.98
160.25 92.4
162.25 93.86
164.07 89.43
166.25 86.34
168.25 88.98
170.26 93.27
172.25 93.27
174.25 92.3
176.26 93.58
178.25 86.2
180.25 85.35
182.25 90.36
184.28 95.22
186.25 90.79
188.14 93.3
190.25 89.87
192.25 88.93
194.26 89.22
196.25 90.73
198.26 91.79
200.26 90.67
202.25 93.77
204.25 94.74
206.26 91.5
208.26 76.52
210.25 94.38
212.25 95.22
214.26 93.09
216.25 92.42
218.25 84.41
220.25 92.15
222.25 84.87
224.25 94.24
226.25 94.75
228.25 0.19
230.25 93.95
232.25 89.8
234.25 94.05
236.25 92.47
238.25 93.11
240.25 76.95
242.25 90.72
244.25 90.12
246.25 94.89
248.3 0.55
250.25 94.73
252.25 92.84
254.26 89.3
256.25 91.79
258.26 92.87
260.28 85.01
262.25 90.3
264.25 94.82
266.25 83.77
268.25 88.62
270.25 83.79
272.25 96.35
274.25 82.04
276.25 93.08
278.26 93.08
280.25 93.08
282.26 93.08
284.25 93.08
286.25 92.03
288.26 92.03
290.25 92.03
292.25 89.51
294.26 82.6
296.25 82.6
298.25 82.6
300.25 82.6
302.26 90.57
304.25 90.57
306.25 90.57
308.26 90.57
310.25 78.68
312.25 78.68
314.25 78.68
316.25 78.68
318.26 90.17
320.25 90.17
322.26 90.17
324.26 90.17
326.34 90.17
328.25 90.17
330.25 89.05
332.26 89.49
334.25 89.49
336.25 89.49
338.25 90.22
340.25 80.63
342.25 80.63
344.25 80.63
346.25 80.63
348.25 80.63
350.25 80.63
352.26 81.62
354.25 81.62
356.25 81.62
358.51 81.62
360.51 81.62
362.51 81.62
364.5 81.62
366.5 81.62
368.51 81.62
370.32 81.62
372.51 95.44
374.5 87.66
376.51 87.66
378.51 90.97
380.51 84.44
382.51 84.44
384.5 84.44
386.51 87.86
388.5 87.86
390.51 87.86
392.51 87.86
394.33 87.86
396.51 87.86
398.51 87.86
400.51 87.86
402.5 87.86
404.51 87.86
406.51 87.86
408.51 91.88
410.51 91.88
412.51 91.88
414.51 91.88
416.5 88.62
418.32 88.62
420.51 88.62
422.51 88.62
424.5 88.62
426.51 92.23
428.51 92.23
430.51 92.23
432.51 92.23
434.51 89.77
436.51 89.77
438.5 89.77
440.51 89.77
442.5 89.77
444.51 89.77
446.51 89.77
448.51 89.77
450.51 89.77
452.51 89.77
454.51 89.77
456.5 89.77
458.5 89.77
460.51 89.77
462.51 89.77
464.51 89.77
466.5 92.57
468.51 92.74
470.51 95.34
472.51 95.34
474.51 95.34
476.5 89.51
478.51 89.51
480.51 89.51
482.51 89.51
484.5 89.51
486.51 89.51
488.51 89.51
490.51 89.51
492.51 89.51
494.51 89.51
496.51 89.51
498.5 89.51
500.5 49.52
502.5 43.3
504.5 49.46
506.5 46.23
508.5 53.25
510.5 33.7
512.5 61.56
514.5 63.07
516.5 55.51
518.5 47.29
520.5 46.71
522.5 46.71
524.5 51.13
526.5 51.13
528.5 51.13
530.51 42.05
532.5 44.36
534.5 42.47
536.5 41.06
538.5 48.51
540.51 48.51
542.5 48.51
544.51 40.05
546.5 43.2
548.5 39.12
550.5 37.74
552.5 39.4
554.5 47.13
556.5 45.87
558.5 43.15
560.5 44.05
562.51 49.98
564.5 38.9
566.5 46.96
568.5 39.42
570.5 43.25
572.5 45.23
574.51 38.92
576.5 46.12
578.5 44.03
580.5 31.39
582.51 42.04
584.5 35.4
586.5 39.89
588.51 38.34
590.5 37.15
592.5 31.95
594.5 33.19
596.5 39.57
598.5 43.98
600.5 42.95
602.51 46.78
604.5 46.57
606.51 46.57
608.75 36.3
610.76 40.01
612.76 39.32
614.76 41.49
616.76 44.01
618.76 52.2
620.75 53.02
622.76 36.29
624.76 37.9
626.76 48.99
628.76 38.88
630.76 35.4
632.76 36.0
634.76 48.47
636.76 42.52
638.75 42.04
640.76 38.84
642.76 42.59
644.76 44.99
646.76 47.13
648.76 46.84
650.76 39.78
652.76 46.82
654.76 44.72
656.76 41.8
658.76 33.39
660.76 39.34
662.76 42.04
664.76 35.32
666.76 42.84
668.75 46.85
670.76 42.67
672.76 41.7
674.76 42.95
676.76 43.39
678.76 47.42
680.76 43.24
682.76 47.39
684.75 40.82
686.76 44.29
688.75 42.22
690.75 35.45
692.75 37.18
694.76 40.59
696.76 38.64
698.75 41.74
700.76 39.03
702.76 32.17
704.76 31.03
706.79 31.61
708.76 36.03
710.76 31.07
712.76 33.81
714.76 39.99
716.76 38.38
718.76 41.87
720.76 35.38
722.76 31.44
724.76 37.14
726.76 37.11
728.76 41.91
730.76 41.47
732.76 36.71
734.76 38.5
736.76 41.1
738.77 35.71
740.95 27.74
742.76 35.74
744.76 36.77
746.76 35.25
748.76 35.25
750.76 36.95
752.76 11.41
754.76 35.11
756.76 33.32
758.76 31.2
760.76 36.24
762.76 31.12
764.76 35.22
766.76 30.68
768.76 29.61
770.76 33.27
772.76 30.77
774.76 27.89
776.76 27.65
778.76 27.25
780.76 28.32
782.76 26.7
784.76 25.56
786.76 34.02
788.76 31.33
790.76 30.07
792.76 31.7
794.76 30.85
796.76 31.2
798.75 32.58
800.76 30.36
802.76 29.49
804.76 28.6
806.8 28.84
808.76 28.84
810.76 31.26
812.76 30.27
814.76 27.35
816.76 28.49
818.76 31.06
820.76 25.46
822.76 27.29
824.76 30.52
826.76 31.24
828.77 26.12
830.76 31.68
832.76 18.84
834.76 32.14
836.76 28.02
838.76 26.86
840.76 26.56
842.76 31.75
844.76 29.59
846.76 22.3
848.76 25.8
850.76 30.76
852.76 30.32
854.76 25.56
857.01 28.93
858.77 28.41
861.01 29.22
863.01 30.58
864.86 34.41
867.01 31.97
869.01 26.95
871.01 29.24
873.01 33.38
875.01 36.08
877.01 34.57
879.01 29.93
881.01 40.39
883.01 34.62
885.01 40.0
887.01 37.63
888.86 41.47
891.01 33.54
893.01 45.48
895.01 42.41
897.01 44.24
899.01 43.56
901.01 43.56
903.01 43.56
905.01 38.97
907.01 35.33
909.01 39.04
911.01 37.58
912.86 31.26
915.01 32.02
917.01 33.35
919.01 33.9
921.01 36.77
923.01 36.77
925.01 30.2
927.01 30.2
929.01 29.02
931.01 29.02
933.01 33.07
935.01 25.79
936.86 28.98
939.01 26.82
941.01 32.71
943.01 32.71
945.01 26.07
947.01 31.01
949.01 36.31
951.01 37.23
953.01 31.72
955.01 33.1
957.01 30.02
959.01 35.35
961.01 42.12
963.01 41.03
965.01 36.1
967.01 38.33
969.01 36.65
971.01 37.38
973.01 39.35
975.01 35.52
977.02 6.65
979.01 35.19
981.01 29.95
983.01 33.24
985.01 44.42
987.01 36.29
989.01 42.88
991.01 36.35
993.01 36.35
995.01 36.35
997.01 36.35
999.01 38.05
1001.01 36.77
1003.01 34.34
1005.01 34.34
1007.01 34.34
1009.01 34.34
1011.01 34.34
1013.01 28.33
1015.01 30.66
1017.01 29.19
1019.01 29.71
1021.01 32.27
1023.01 32.27
1025.01 32.27
1027.01 25.74
1029.01 31.02
1031.01 26.87
1033.01 31.77
1035.01 30.22
1037.01 26.91
1039.01 24.94
1041.01 29.05
1043.01 30.53
1045.01 26.71
1047.01 28.28
1049.01 35.81
1051.01 33.94
1053.01 33.94
1055.01 33.94
1057.01 33.94
1059.01 25.66
1061.01 25.97
1063.01 28.25
1065.01 22.18
1067.01 25.29
1069.01 27.82
1071.01 27.8
1073.01 27.8
1075.01 27.8
1077.01 27.8
1079.01 27.8
1081.01 27.8
1083.01 27.8
1085.01 27.8
1087.01 28.42
1089.01 25.88
1091.01 27.22
1093.01 16.33
1095.01 16.01
1097.01 14.65
1099.01 4.09
1101.01 20.15
1103.02 5.0
1105.01 22.86
1107.26 7.11
1109.26 1.75
1111.26 2.45
1113.26 25.25
1115.26 25.25
1117.26 20.47
1119.21 6.97
1121.26 8.63
1123.26 10.3
1125.26 10.3
1127.26 2.83
1129.26 3.62
1131.26 10.13
1133.26 1.14
1135.26 14.7
1137.26 23.95
1139.26 22.08
1141.26 22.08
1143.2 22.08
1145.26 0.94
1147.26 9.89
1149.26 12.33
1151.26 12.95
1153.26 12.95
1155.26 12.95
1157.26 13.15
1159.26 0.15
1161.26 1.88
1163.26 5.36
1165.26 10.98
1167.19 10.98
1169.26 0.57
1171.26 6.28
1173.26 7.88
1175.26 8.73
1177.26 8.68
1179.26 7.33
1181.26 7.31
1183.26 6.83
1185.26 9.17
1187.26 9.2
1189.26 7.96
1191.2 8.44
1193.26 9.58
1195.26 9.16
1197.26 8.36
1199.26 9.92
1201.26 3.13
1203.26 10.3
1205.26 10.44
1207.26 9.95
1209.26 9.57
1211.26 10.87
1213.26 10.76
1215.26 10.67
1217.27 9.9
1219.26 12.47
1221.26 11.81
1223.26 12.74
1225.26 9.23
1227.26 11.69
1229.26 13.94
1231.26 14.01
1233.26 1.18
1235.26 12.82
1237.26 12.82
1239.17 12.82
1241.26 14.09
1243.26 12.74
1245.26 3.88
1247.26 14.83
1249.27 12.76
1251.26 4.04
1253.26 13.57
1255.26 16.13
1257.26 1.63
1259.26 16.45
1261.26 13.61
1263.19 15.96
1265.26 15.22
1267.26 15.1
1269.26 9.05
1271.26 15.55
1273.26 15.55
1275.26 13.4
1277.26 13.17
1279.26 15.54
1281.26 16.0
1283.26 19.02
1285.26 18.27
1287.19 7.37
1289.26 17.95
1291.26 20.0
1293.26 19.57
1295.26 22.8
1297.26 20.94
1299.26 23.08
1301.26 19.86
1303.26 21.65
1305.26 22.95
1307.26 22.95
1309.26 14.18
1311.26 3.71
1313.26 0.5
1315.26 0.74
1317.26 21.72
1319.26 22.91
1321.26 22.91
1323.26 8.32
1325.26 5.54
1327.26 14.0
1329.26 22.1
1331.26 24.37
1333.26 22.7
1335.26 4.09
1337.26 22.19
1339.26 26.74
1341.26 24.14
1343.26 21.3
1345.26 21.3
1347.26 21.3
1349.26 7.63
1351.26 24.68
1353.26 2.91
1355.26 24.28
1357.51 18.04
1359.51 12.81
1361.51 24.18
1363.51 23.9
1365.51 23.97
1367.51 22.09
1369.51 22.09
1371.51 22.09
1373.51 24.88
1375.51 24.26
1377.51 27.36
1379.51 11.87
1381.51 1.57
1383.51 26.07
1385.51 26.07
1387.51 21.74
1389.51 21.74
1391.51 21.74
1393.51 20.28
1395.51 2.21
1397.51 24.06
1399.51 24.04
1401.51 2.57
1403.51 23.89
1405.51 23.89
1407.51 2.95
1409.51 14.26
1411.51 14.26
1413.51 0.06
1415.51 13.68
1417.51 20.33
1419.51 21.43
1421.51 0.88
1423.51 21.1
1425.51 24.17
1427.51 25.94
1429.52 25.82
1431.51 22.5
1433.51 8.41
1435.51 22.09
1437.51 25.56
1439.51 25.16
1441.51 10.02
1443.51 20.8
1445.51 22.12
1447.51 25.05
1449.51 23.03
1451.51 6.97
1453.51 12.03
1455.51 20.6
1457.56 23.28
1459.51 22.07
1461.51 20.6
1463.51 20.38
1465.51 24.28
1467.51 25.22
1469.51 27.34
1471.51 24.03
1473.51 24.67
1475.51 24.51
1477.51 23.6
1479.51 9.54
1481.51 22.03
1483.51 32.42
1485.51 9.65
1487.51 15.52
1489.51 31.25
1491.51 23.84
1493.51 22.34
1495.51 10.64
1497.51 14.47
1499.51 2.99
1501.51 6.29
1503.51 25.33
1505.51 23.47
1507.51 19.67
1509.52 3.33
1511.51 22.53
1513.51 5.32
1515.51 5.69
1517.51 20.48
1519.51 25.46
1521.51 24.96
1523.51 16.1
1525.51 19.96
1527.52 23.86
1529.51 21.24
1531.51 8.14
1533.51 25.7
1535.51 27.0
1537.55 24.2
1539.76 14.54
1541.74 23.09
1543.76 24.83
1545.76 22.15
1547.76 14.09
1549.76 13.75
1551.76 16.31
1553.76 0.57
1555.76 6.49
1557.76 2.59
1559.76 33.6
1561.76 25.64
1563.76 33.03
1565.67 7.8
1567.76 30.68
1569.76 17.32
1571.76 28.97
1573.76 12.94
1575.76 28.83
1577.77 29.07
1579.76 25.06
1581.76 29.45
1583.76 35.62
1585.76 20.72
1587.76 2.07
1589.74 2.95
1591.76 1.92
1593.76 32.3
1595.76 25.66
1597.76 26.36
1599.76 14.31
1601.76 15.85
1603.76 26.99
1605.76 33.81
1607.76 27.76
1609.76 9.67
1611.76 17.18
1613.74 3.74
1615.76 30.63
1617.76 15.01
1619.76 32.81
1621.76 32.81
1623.76 3.61
1625.76 15.24
1627.76 30.55
1629.76 28.84
1631.77 3.51
1633.76 31.18
1635.76 23.3
1637.76 4.74
1639.76 2.72
1641.76 27.82
1643.76 9.86
1645.76 2.58
1647.76 7.23
1649.76 30.15
1651.76 32.33
1653.76 34.6
1655.76 33.75
1657.76 32.68
1659.78 29.93
1661.74 28.8
1663.76 19.18
1665.77 27.73
1667.77 27.15
1669.76 32.0
1671.76 4.33
1673.76 37.42
1675.76 3.5
1677.76 31.92
1679.76 15.29
1681.76 30.47
1683.76 35.46
1685.76 10.71
1687.76 31.37
1689.76 14.73
1691.76 28.99
1693.76 30.48
1695.76 2.49
1697.77 31.48
1699.76 8.97
1701.76 23.56
1703.76 16.22
1705.76 36.85
1707.76 15.04
1709.76 26.57
1711.76 0.68
1713.76 12.09
1715.76 29.61
1717.76 22.08
1719.76 30.17
1722.01 2.35
1724.01 11.21
1726.01 30.31
1728.01 25.05
1730.02 33.9
1732.01 24.01
1734.01 5.21
1736.02 30.96
1738.01 22.32
1740.01 37.83
1742.01 25.67
1744.02 7.31
1746.02 18.24
1748.01 0.74
1750.01 30.35
1752.02 30.09
1754.02 20.27
1756.02 19.83
1758.02 9.52
1760.01 5.55
1762.01 32.57
1764.01 29.79
1766.01 30.04
1768.01 10.16
1770.01 34.82
1772.01 17.79
1774.01 1.76
1776.01 37.03
1778.02 5.46
1780.01 34.14
1782.01 24.9
1784.01 12.61
1786.01 39.61
1788.01 1.13
1790.02 40.92
1792.01 7.72
1794.01 39.45
1796.01 27.67
1798.01 11.21
1800.01 24.39
1802.02 26.26
1804.01 9.11
1806.01 20.98
1808.01 27.06
1810.01 8.43
1812.02 0.1
1814.02 26.38
1816.01 3.99
1818.01 11.19
1820.02 12.59
1822.01 29.34
1824.01 18.99
1826.01 6.43
1828.01 28.46
1830.02 4.98
1832.02 22.38
1834.01 17.77
1836.02 32.98
1838.02 1.27
1840.01 15.54
1842.01 33.22
1844.01 4.2
1846.01 26.29
1848.02 0.95
1850.01 26.71
1852.02 29.35
1854.02 28.43
1856.02 28.43
1858.02 0.69
1860.01 0.19
1862.02 27.4
1864.02 27.4
1866.02 20.62
1868.01 20.74
1870.02 1.86
1872.02 4.71
1874.01 22.75
1876.01 24.25
1878.01 24.37
1880.01 20.99
1882.01 6.1
1884.01 10.25
1886.02 23.58
1888.01 12.87
1890.01 5.95
1892.02 10.42
1894.01 21.86
1896.01 1.37
1898.02 18.11
1900.01 21.56
1902.01 19.73
1904.02 12.62
1906.01 0.94
1908.01 21.13
1910.02 4.87
1912.01 18.56
1914.01 15.93
1916.02 19.53
1918.01 18.72
1920.01 20.18
1922.02 18.14
1924.01 4.74
1926.01 19.25
1928.02 21.43
1930.01 19.1
1932.01 19.1
1934.02 19.1
1936.01 3.8
1938.03 15.56
1940.02 2.84
1942.02 17.14
1944.01 17.45
1946.02 22.11
1948.01 21.17
1950.01 19.92
1952.02 4.38
1954.01 6.86
1956.01 10.75
1958.02 11.12
1960.01 11.78
1962.01 18.95
1964.02 0.92
1966.01 16.79
1968.01 3.46
1970.02 8.86
1972.26 8.86
1974.26 9.0
1976.27 18.26
1978.26 18.68
1980.26 21.45
1982.26 21.45
1984.26 5.74
1986.26 5.29
1988.2 12.22
1990.26 21.16
1992.26 10.07
1994.27 21.03
1996.26 19.24
1998.27 20.49
2000.27 16.93
2002.27 16.93
2004.26 19.62
2006.36 19.62
2008.26 17.66
2010.26 1.39
2012.2 12.18
2014.26 17.72
2016.26 16.07
2018.27 14.66
2020.27 14.66
2022.26 8.38
2024.26 18.64
2026.27 2.66
2028.27 15.51
2030.27 13.93
2032.26 6.74
2034.26 15.18
2036.19 3.72
2038.27 15.48
2040.26 13.58
2042.26 16.04
2044.27 1.96
2046.27 17.25
2048.27 17.25
2050.26 17.25
2052.27 15.83
2054.27 15.83
2056.26 14.62
2058.26 15.42
2060.27 7.44
2062.26 8.43
2064.26 8.43
2066.27 8.43
2068.27 8.43
2070.26 3.22
2072.27 15.37
2074.26 14.62
2076.26 0.09
2078.27 16.41
2080.26 16.41
2082.26 16.85
2084.26 3.1
2086.26 16.89
2088.26 16.83
2090.27 12.14
2092.26 12.14
2094.26 3.55
2096.27 14.96
2098.26 1.86
2100.27 14.81
2102.28 15.07
2104.26 18.4
2106.26 4.66
2108.21 19.01
2110.26 16.66
2112.26 16.66
2114.27 18.55
2116.26 16.87
2118.27 15.31
2120.27 1.25
2122.36 13.25
2124.26 1.47
2126.27 9.12
2128.27 9.12
2130.26 9.12
2132.25 9.12
2134.26 9.12
2136.26 9.12
2138.27 6.25
2140.26 6.25
2142.26 6.25
2144.27 6.25
2146.26 6.25
2148.26 4.83
2150.27 4.83
2152.27 0.14
2154.26 4.66
2156.27 4.65
2158.26 1.26
2160.26 5.71
2162.27 6.24
2164.26 1.24
2166.26 8.98
2168.27 4.89
2170.27 9.1
2172.26 8.78
2174.27 9.07
2176.26 3.59
2178.26 9.2
2180.22 6.61
2182.26 6.06
2184.26 5.15
2186.27 4.56
2188.27 8.27
2190.27 5.37
2192.27 8.69
2194.26 10.18
2196.26 11.01
2198.26 10.77
2200.26 8.87
2202.26 12.99
2204.27 10.99
2206.26 14.47
2208.26 14.53
2210.27 14.03
2212.26 15.15
2214.27 4.51
2216.27 11.35
2218.27 13.88
2220.26 12.71
2222.51 2.98
2224.52 14.51
2226.52 14.51
2228.52 15.66
2230.51 13.62
2232.52 11.83
2234.52 13.49
2236.52 16.54
2238.52 14.89
2240.52 6.29
2242.52 8.25
2244.52 15.69
2246.52 15.69
2248.52 2.9
2250.52 13.97
2252.52 11.97
2254.52 10.35
2256.52 14.62
2258.52 13.59
2260.52 13.83
2262.52 14.02
2264.52 15.24
2266.52 11.34
2268.52 14.62
2270.52 5.93
2272.52 15.17
2274.52 14.77
2276.52 13.07
2278.52 15.38
2280.52 2.22
2282.52 15.49
2284.52 1.32
2286.52 11.09
2288.52 14.1
2290.52 1.76
2292.52 12.82
2294.52 13.68
2296.52 6.27
2298.52 14.62
2300.55 14.8
2302.52 13.61
2304.54 11.04
2307.52 12.39
2309.52 17.49
2311.52 6.94
2313.52 18.07
2315.52 19.2
2317.53 18.29
2319.52 16.74
2321.52 17.13
2323.77 17.44
2325.76 15.68
2327.77 21.77
2329.77 2.37
2331.77 21.48
2333.77 12.06
2335.76 21.48
2337.77 21.35
2339.66 12.09
2341.77 1.87
2343.76 19.93
2345.77 19.99
2347.77 14.13
2349.77 14.71
2351.77 14.89
2353.77 17.73
2355.77 0.1
2357.77 19.05
2359.77 15.05
2361.77 15.17
2363.72 18.11
2365.77 12.48
2367.77 14.6
2369.78 15.1
2371.77 16.97
2373.76 20.04
2375.76 16.72
2377.76 20.04
2379.77 20.04
2381.77 1.65
2383.77 16.25
2385.77 19.35
2387.61 16.99
2389.77 18.36
2391.78 16.8
2393.78 15.29
2395.76 14.21
2397.77 7.3
2399.77 15.84
2401.77 15.97
2403.76 14.52
2405.77 14.62
2407.77 13.74
2409.77 17.19
2411.74 17.07
2413.77 18.58
2415.77 22.38
2417.77 5.07
2419.77 1.0
2421.77 18.93
2423.77 19.75
2425.77 21.03
2427.77 23.29
2429.77 20.62
2431.77 5.32
2433.77 22.02
2435.7 21.49
2437.77 21.04
2439.77 23.68
2441.77 13.27
2443.77 29.12
2445.77 7.37
2447.77 26.63
2449.77 24.79
2451.77 27.43
2453.77 1.68
2455.77 4.88
2457.77 22.71
2459.68 25.41
2461.77 8.08
2463.77 22.75
2465.77 0.09
2467.77 22.68
2469.77 23.18
2471.76 26.73
2473.77 19.45
2475.77 23.66
2477.77 25.77
2479.77 5.92
2481.77 23.69
2483.77 22.3
2485.77 18.7
2487.77 3.82
2489.77 24.73
2491.77 2.63
2493.77 19.35
2495.77 20.08
2497.77 25.26
2499.77 26.19
2501.77 21.27
2503.77 2.49
2505.77 25.34
2507.77 23.7
2509.77 24.5
2511.77 22.27
2513.77 20.28
2515.77 22.92
2517.77 7.33
2519.77 22.63
2521.77 15.67
2523.77 26.01
2525.77 23.56
2527.77 15.64
2529.77 25.18
2531.76 4.83
2533.77 28.2
2535.77 2.71
2537.77 11.3
2539.77 28.69
2541.77 24.13
2543.77 30.75
2545.77 29.01
2547.77 22.57
2549.77 29.45
2551.77 30.52
2553.77 23.57
2555.77 31.16
2557.77 27.79
2559.77 25.72
2561.77 27.09
2563.77 1.07
2565.77 8.87
2567.77 26.0
2569.77 26.53
2571.77 31.44
2574.02 17.98
2576.02 30.72
2578.02 32.99
2580.02 24.38
2582.02 0.92
2584.02 28.52
2586.02 25.72
2588.02 30.59
2590.02 24.28
2592.02 30.51
2594.02 29.04
2596.02 3.39
2598.02 26.34
2600.02 10.44
2602.02 31.79
2604.02 7.85
2606.02 22.45
2608.02 27.14
2610.11 25.76
2612.02 23.1
2614.02 30.9
2616.02 27.47
2618.02 28.5
2620.02 28.32
2622.02 29.01
2624.02 0.23
2626.02 24.79
2628.02 30.7
2630.03 30.87
2632.02 29.52
2634.02 26.4
2636.02 18.05
2638.02 18.46
2640.02 27.23
2642.02 25.75
2644.02 27.06
2646.02 30.63
2648.02 31.86
2650.02 29.63
2652.02 29.63
2654.02 21.8
2656.02 12.3
2658.02 28.39
2660.02 30.99
2662.02 4.34
2664.02 31.19
2666.02 24.25
2668.02 25.03
2670.02 0.06
2672.02 28.16
2674.02 1.03
2676.02 30.17
2678.02 28.0
2680.02 23.04
2682.02 30.16
2684.02 12.01
2686.02 15.31
2688.02 28.72
2690.02 23.04
2692.02 17.47
2694.02 17.47
2696.02 23.28
2698.02 0.71
2700.02 12.91
2702.02 0.92
2704.02 23.05
2706.02 19.09
2708.03 20.81
2710.02 21.17
2712.02 0.51
2714.02 22.04
2716.02 1.47
2718.02 13.79
2720.02 19.36
2722.02 20.24
2724.02 22.36
2726.02 2.75
2728.02 0.93
2730.13 18.25
2732.02 18.51
2734.02 18.56
2736.02 20.48
2738.02 0.91
2740.02 0.94
2742.02 19.66
2744.02 21.55
2746.02 15.24
2748.02 19.21
2750.02 22.68
2752.02 5.24
2754.02 21.59
2756.02 23.81
2758.02 18.44
2760.02 23.57
2762.02 0.16
2764.02 8.41
2766.02 18.36
2768.02 12.61
2770.02 16.25
2772.02 23.17
2774.02 16.56
2776.02 22.62
2778.02 22.28
2780.02 22.21
2782.02 21.5
2784.02 21.16
2786.02 11.41
2788.02 0.63
2790.02 2.52
2792.02 24.19
2794.02 2.87
2796.02 20.95
2798.02 0.27
2800.02 15.38
2802.02 17.57
2804.02 18.24
2806.02 22.29
2808.02 21.01
2810.02 0.76
2812.02 17.95
2814.02 0.56
2816.02 21.18
2818.02 0.22
2820.02 21.69
2822.02 23.09
2824.27 3.41
2826.27 0.44
2828.27 20.71
2830.27 25.42
2832.27 24.54
2834.26 19.75
2836.27 0.56
2838.27 23.03
2840.27 25.72
2842.27 3.09
2844.27 22.31
2846.27 1.16
2848.27 24.83
2850.35 6.01
2852.27 13.05
2854.27 23.95
2856.27 21.16
2858.22 3.25
2860.27 22.43
2862.27 1.23
2864.27 14.55
2866.27 13.17
2868.27 25.75
2870.27 15.9
2872.27 17.22
2874.27 1.23
2876.27 14.98
2878.27 6.9
2880.27 25.18
2882.15 15.44
2884.27 24.21
2886.27 23.03
2888.27 23.95
2890.27 12.25
2892.28 29.08
2894.27 31.35
2896.27 9.06
2898.28 3.66
2900.27 0.43
2902.27 29.59
2904.27 26.54
2906.27 26.54
2908.27 26.54
2910.27 2.06
2912.27 31.31
2914.27 31.31
2916.27 2.61
2918.27 1.79
2920.27 15.28
2922.27 0.1
2924.27 5.37
2926.27 5.67
2928.27 5.83
2930.27 5.7
2932.27 5.64
2934.27 6.02
2936.27 6.56
2938.27 7.82
2940.27 7.41
2942.27 7.7
2944.27 8.83
2946.27 9.96
2948.27 8.08
2950.27 10.29
2952.27 10.17
2954.27 10.39
2956.27 9.24
2958.27 8.69
2960.27 10.56
2962.27 10.3
2964.27 7.62
2966.27 11.1
2968.27 8.97
2970.34 11.03
2972.27 12.78
2974.27 10.06
2976.27 11.41
2978.27 12.72
2980.27 10.83
2982.27 14.15
2984.27 9.04
2986.27 11.1
2988.27 15.04
2990.27 13.74
2992.27 15.0
2994.27 9.58
2996.27 14.73
2998.27 4.65
3000.27 20.91
3002.27 9.79
3004.27 19.44
3006.27 21.1
3008.27 21.1
3010.27 12.01
3012.27 18.83
3014.27 18.83
3016.27 18.83
3018.27 0.09
3020.27 23.17
3022.27 3.68
3024.27 10.12
3026.27 17.42
3028.27 24.48
3030.27 24.95
3032.27 19.55
3034.27 26.98
3036.28 26.98
3038.27 27.89
3040.27 3.43
3042.27 16.18
3044.27 16.18
3046.27 2.5
3048.27 28.72
3050.27 4.42
3052.28 0.13
3054.27 17.34
3056.27 17.34
3058.27 17.34
3060.27 17.34
3062.27 17.34
3064.27 17.34
3066.27 17.34
3068.27 17.34
3070.27 0.3
3075.21 2.66
3076.51 2.75
3077.69 2.98
3078.48 2.82
3080.52 2.71
3082.52 3.25
3084.52 3.38
3086.52 3.2
3088.52 4.41
3090.59 4.69
3092.52 4.98
3094.52 5.73
3096.52 5.39
3098.52 5.47
3100.52 6.9
3102.52 8.99
3104.52 8.12
3106.52 5.09
3108.52 9.29
3110.52 0.26
3112.52 9.45
3114.52 10.32
3116.52 7.74
3118.52 6.83
3120.52 10.84
3122.52 9.29
3124.52 11.74
3126.52 11.85
3128.52 11.65
3130.52 11.38
3132.52 10.61
3134.52 12.18
3136.52 12.1
3138.52 10.01
3140.52 2.26
3142.52 12.13
3144.52 10.53
3146.52 10.56
3148.52 12.81
3150.52 0.39
3152.52 13.0
3154.52 1.81
3156.52 4.11
3158.52 11.46
3160.51 12.55
3162.52 11.98
3164.52 11.37
3166.52 14.21
3168.52 13.49
3170.52 2.48
3172.52 12.32
3174.52 0.89
3176.52 12.77
3178.52 14.17
3180.52 11.95
3182.52 10.84
3184.47 12.51
3186.52 14.44
3188.52 13.56
3190.52 13.56
3192.52 13.56
3194.52 5.4
3196.52 8.12
3198.52 8.54
3200.52 2.57
3202.52 12.05
3204.52 13.53
3206.53 15.33
3208.47 15.76
3210.61 13.56
3212.52 6.22
3214.52 18.94
3216.52 19.02
3218.52 20.37
3220.52 4.65
3222.52 16.84
3224.52 11.46
3226.52 11.46
3228.53 11.46
3230.52 11.46
3232.47 11.46
3234.52 19.81
3236.52 19.17
3238.52 18.13
3240.52 16.81
3242.52 23.54
3244.52 15.79
3246.52 25.07
3248.52 19.15
3250.52 17.43
3252.52 3.89
3254.52 16.5
3256.52 5.42
3258.52 12.98
3260.52 0.32
3262.52 11.5
3264.52 11.5
3266.54 19.77
3268.52 0.53
3270.52 19.14
3272.52 0.48
3274.52 19.5
3276.52 7.42
3278.52 9.96
3280.52 18.98
3282.52 18.98
3284.52 18.98
3286.52 8.33
3288.52 17.8
3290.52 2.49
3292.52 18.39
3294.52 20.62
3296.52 20.62
3298.52 18.32
3300.52 10.83
3302.52 1.68
3304.52 20.4
3306.52 19.98
3308.52 17.09
3310.52 17.09
3312.52 17.09
3314.52 17.09
3316.52 20.36
3318.54 9.37
3320.53 1.26
3322.52 19.25
3324.77 19.25
3326.77 19.25
3328.53 19.25
3330.83 0.68
3332.77 14.67
3334.79 18.95
3336.77 19.03
3338.77 17.8
3340.77 13.49
3342.77 1.5
3344.77 11.32
3346.77 8.66
3348.78 14.0
3350.77 14.12
3352.77 17.18
3354.77 2.1
3356.77 9.84
3358.77 16.83
3360.77 15.31
3362.77 14.05
3364.77 17.27
3366.77 13.32
3368.77 15.4
3370.77 12.66
3372.77 17.38
3374.77 17.87
3376.77 18.29
3378.78 15.01
3380.77 7.15
3382.77 10.27
3384.77 16.32
3386.77 16.7
3388.77 16.61
3390.77 16.61
3392.77 15.03
3394.77 14.48
3396.77 14.48
3398.77 15.43
3400.77 17.22
3402.77 14.48
3404.78 14.48
3406.77 14.48
3408.78 18.15
3410.77 2.49
3412.77 1.68
3414.77 8.94
3416.77 17.4
3418.77 17.43
3420.77 10.13
3422.77 2.96
3424.77 15.27
3426.77 0.5
3428.77 17.65
3430.77 15.66
3432.77 4.14
3434.77 11.67
3436.77 15.49
3438.77 16.48
3440.77 16.48
3442.78 16.48
3444.77 3.76
3446.77 9.84
3448.77 9.84
3450.85 10.28
3452.77 19.55
3454.77 0.05
3456.77 18.33
3458.77 3.89
3460.77 14.39
3462.77 18.07
3464.77 15.44
3466.77 14.35
3468.77 16.0
3470.77 15.07
3472.77 19.75
3474.77 19.75
3476.77 17.82
3478.77 18.69
3480.77 13.95
3482.77 18.34
3484.78 17.01
3486.78 0.13
3488.77 17.95
3490.77 15.96
3492.77 5.5
3494.77 19.81
3496.77 21.56
3498.77 20.6
3500.77 19.06
3502.77 19.06
3504.77 19.5
3506.77 7.8
3508.77 17.07
3510.77 20.68
3512.77 2.07
3514.78 18.07
3516.77 17.11
3518.77 7.65
3520.77 19.93
3522.78 19.94
3524.78 9.01
3526.78 0.51
3528.77 20.9
3530.78 19.31
3532.78 17.04
3534.78 18.05
3536.78 18.59
3538.78 3.4
3540.77 6.92
3542.78 8.08
3544.78 15.79
3546.78 20.49
3548.78 17.1
3550.78 13.28
3552.78 4.93
3554.78 6.43
3556.78 4.59
3558.77 14.08
3560.78 24.1
3562.77 19.85
3564.78 5.53
3566.78 20.89
3568.77 3.29
3570.86 15.51
3572.78 16.11
3575.02 15.88
3577.02 23.37
3579.02 14.33
3581.03 23.33
3583.02 32.59
3585.03 29.23
3587.02 27.8
3589.02 28.28
3591.02 6.02
3593.03 3.81
3595.02 0.34
3597.02 30.88
3599.02 32.62
3601.02 27.34
3603.03 2.56
3605.02 33.44
3606.92 4.35
3609.02 28.97
3611.03 33.61
3613.02 4.68
3615.02 5.56
3617.04 6.63
3619.02 30.49
3621.03 0.34
3623.02 0.07
3625.02 21.49
3627.02 3.01
3629.03 19.0
3630.96 22.8
3633.02 0.11
3635.02 19.62
3637.02 5.1
3639.03 17.94
3641.02 10.98
3643.02 24.28
3645.03 4.65
3647.02 6.09
3649.02 1.45
3651.02 3.6
3653.03 4.67
3655.02 18.52
3657.03 22.81
3659.02 25.55
3661.02 8.55
3663.03 0.18
3665.03 26.26
3667.02 0.22
3669.03 7.29
3671.03 22.66
3673.02 22.66
3675.03 2.48
3677.03 12.27
3679.02 8.97
3681.02 6.36
3683.02 6.64
3685.02 24.59
3687.03 21.43
3689.03 21.24
3691.08 11.97
3693.02 2.71
3695.03 0.07
3697.03 24.8
3699.02 19.05
3701.02 8.17
3703.02 23.03
3705.03 24.15
3707.02 9.3
3709.02 23.57
3711.03 2.63
3713.03 25.51
3715.02 0.21
3717.02 24.82
3719.02 22.0
3721.02 5.21
3723.03 20.01
3725.02 14.91
3726.94 4.09
3729.03 22.14
3731.03 17.57
3733.02 0.09
3735.03 4.89
3737.03 25.37
3739.03 24.0
3741.02 10.79
3743.02 23.76
3745.02 5.31
3747.03 23.04
3749.02 1.05
3751.02 15.17
3753.03 19.37
3755.03 22.59
3757.03 18.11
3759.02 9.77
3761.03 24.01
3763.02 26.83
3765.03 24.28
3767.02 0.13
3769.02 24.19
3771.03 23.26
3773.03 21.69
3775.02 26.14
3777.03 2.92
3779.02 8.8
3781.02 8.8
3783.03 13.07
3785.03 2.5
3787.02 24.01
3789.03 19.95
3791.03 18.29
3793.02 21.29
3795.03 20.19
3797.07 2.08
3799.02 7.62
3801.03 21.93
3803.02 17.38
3805.02 22.39
3807.02 17.38
3809.03 3.32
3811.1 18.08
3813.02 21.34
3815.03 9.53
3817.02 16.37
3819.02 4.17
3821.02 20.05
3823.03 7.5
3825.28 18.44
3827.28 17.13
3829.28 16.5
3831.28 0.23
3833.28 8.46
3835.28 16.87
3837.28 14.48
3839.05 19.33
3841.28 17.72
3843.27 16.87
3845.27 16.87
3847.28 19.19
3849.27 18.47
3851.28 10.39
3853.28 9.39
3855.28 16.82
3857.28 22.76
3859.28 22.75
3861.53 0.83
3863.53 0.58
3865.53 18.28
3867.52 23.97
3869.53 21.18
3871.56 21.18
3873.53 14.91
3875.52 22.48
3877.53 0.09
3879.53 19.3
3881.53 5.11
3883.53 11.61
3885.52 1.85
3887.53 18.76
3889.52 16.03
3891.53 5.53
3893.52 19.78
3895.53 10.49
3897.53 4.0
3899.52 18.1
3901.53 19.69
3903.53 9.06
3905.53 19.54
3907.53 7.23
3909.53 16.67
3911.52 19.34
3913.53 15.91
3915.53 18.57
3917.53 15.76
3919.53 20.23
3921.53 1.57
3923.53 23.37
3925.53 20.63
3927.52 23.06
3929.52 18.09
3931.53 1.18
3933.53 11.44
3935.53 0.12
3937.53 20.59
3939.53 18.21
3941.53 18.21
3943.53 20.65
3945.53 19.37
3947.53 17.78
3949.53 19.35
3951.53 15.24
3953.52 3.95
3955.53 15.65
3957.54 18.34
3959.53 18.34
3961.53 12.93
3963.53 4.83
3965.53 19.86
3967.53 22.57
3969.53 7.67
3971.53 14.06
3973.53 16.95
3975.53 15.64
3977.53 16.19
3979.53 24.16
3981.53 13.45
3983.53 13.45
3985.53 13.45
3987.53 18.66
3989.53 0.06
3991.53 10.27
3993.53 12.31
3995.53 5.57
3997.53 15.89
3999.53 15.89
4001.53 2.56
4003.53 7.71
4005.53 0.27
4007.53 13.76
4009.53 13.76
4011.53 13.76
4013.53 16.06
4015.53 2.66
4017.54 6.2
4019.53 6.72
4021.53 0.09
4023.53 15.19
4025.53 14.48
4027.53 14.48
4029.53 14.48
4031.53 15.51
4033.53 15.51
4035.53 17.34
4037.53 15.21
4039.78 16.88
4041.78 16.88
4043.78 17.3
4045.78 17.3
4047.78 7.41
4049.78 0.09
4051.78 17.99
4053.62 7.04
4055.78 17.2
4057.78 14.1
4059.78 21.32
4061.78 16.15
4063.78 22.02
4065.78 4.14
4067.78 24.07
4069.78 24.52
4071.78 1.89
4073.78 18.75
4075.78 15.62
4077.74 4.42
4079.78 21.4
4081.78 7.83
4083.78 20.58
4085.78 22.72
4087.78 26.88
4089.78 20.97
4091.78 20.86
4093.81 22.76
4095.78 23.39
4097.78 37.79
4099.78 24.07
4101.64 30.2
4103.78 8.43
4105.77 14.57
4107.78 14.57
4109.78 14.57
4111.78 3.39
4113.78 10.21
4115.78 4.13
4117.78 11.17
4119.78 10.42
4121.78 12.73
4123.78 14.56
4125.76 14.76
4127.78 13.92
4129.78 16.06
4131.78 16.06
4133.78 16.06
4135.78 11.56
4137.78 19.9
4139.78 22.93
4141.77 10.4
4143.78 21.46
4145.78 21.39
4147.78 5.62
4149.78 7.88
4151.78 13.55
4153.78 16.09
4155.78 18.09
4157.78 18.09
4159.78 8.05
4161.78 1.79
4163.78 4.17
4165.78 20.28
4167.78 19.12
4169.78 22.86
4171.78 17.86
4173.8 1.02
4175.78 11.89
4177.78 11.89
4179.78 11.89
4181.78 1.04
4183.78 19.13
4185.78 21.86
4187.78 22.0
4189.78 20.96
4191.78 19.52
4193.79 21.84
4195.78 1.27
4197.78 20.54
4199.78 1.44
4201.78 15.45
4203.78 17.06
4205.78 17.53
4207.78 15.15
4209.78 6.3
4211.78 14.67
4213.78 16.13
4215.78 16.62
4217.78 18.84
4219.78 16.72
4221.78 18.78
4223.78 16.39
4225.78 16.11
4227.78 18.6
4229.78 17.26
4231.78 15.34
4233.78 0.74
4235.78 17.22
4237.78 4.91
4239.78 13.64
4241.78 16.93
4243.78 19.08
4245.77 15.96
4247.78 17.69
4249.78 1.92
4251.78 15.85
4253.78 18.48
4255.78 20.7
4257.78 14.46
4259.78 20.49
4261.78 0.94
4263.78 20.14
4265.78 20.14
4267.78 20.14
4269.78 17.13
4271.78 2.08
4273.78 16.89
4275.78 0.13
4277.78 11.39
4279.78 16.23
4281.78 15.92
4283.78 17.44
4285.78 3.21
4287.78 0.78
4290.03 17.55
4292.03 17.55
4294.03 14.14
4296.03 18.1
4298.03 11.49
4300.03 1.1
4302.03 1.18
4304.03 20.14
4306.03 19.93
4308.03 18.43
4310.03 19.72
4312.03 1.78
4314.03 5.32
4316.03 17.82
4318.03 8.42
4320.03 13.26
4322.03 19.63
4324.03 0.11
4326.03 19.57
4328.03 19.57
4330.03 19.84
4331.96 18.69
4334.03 15.91
4336.03 21.97
4338.03 6.02
4340.03 21.13
4342.03 3.27
4344.03 20.6
4346.03 19.35
4348.03 19.28
4350.03 20.69
4352.03 15.9
4354.03 11.1
4355.95 22.06
4358.03 16.27
4360.03 16.67
4362.03 19.06
4364.03 17.96
4366.03 7.99
4368.03 19.49
4370.03 20.12
4372.03 2.69
4374.03 19.92
4376.03 20.22
4378.03 20.64
4379.92 14.86
4382.03 20.43
4384.03 21.36
4386.03 19.62
4388.03 21.47
4390.03 17.31
4392.03 21.9
4394.03 19.61
4396.03 21.89
4398.03 20.36
4400.03 22.14
4402.03 25.1
4403.92 4.54
4406.03 25.38
4408.03 22.45
4410.03 15.34
4412.03 13.64
4414.03 4.32
4416.03 13.96
4418.03 21.34
4420.04 19.56
4422.03 15.99
4424.03 16.44
4426.03 20.69
4428.03 0.43
4430.03 19.35
4432.03 25.68
4434.03 22.0
4436.03 25.38
4438.03 24.43
4440.03 14.64
4442.03 15.44
4444.03 20.79
4446.03 19.95
4448.03 25.12
4450.03 25.09
4452.01 25.55
4454.03 25.38
4456.03 5.96
4458.03 16.36
4460.08 22.54
4462.06 26.09
4464.05 10.22
4466.03 23.33
4468.03 10.06
4470.03 22.25
4472.03 23.17
4474.03 26.2
4475.98 18.78
4478.03 21.75
4480.03 24.39
4482.03 22.32
4484.03 23.7
4486.03 23.7
4488.03 0.46
4490.04 23.08
4492.04 24.77
4494.03 17.51
4496.03 19.09
4498.03 13.3
4500.03 20.72
4502.03 1.3
4504.03 26.19
4506.03 24.39
4508.03 16.68
4510.03 16.68
4512.03 0.17
4514.03 18.3
4516.03 23.25
4518.03 25.37
4520.03 3.81
4522.03 15.14
4524.03 22.04
4526.03 22.3
4528.03 22.38
4530.03 5.02
4532.03 21.67
4534.03 3.55
4536.03 13.06
4538.03 0.25
4540.28 18.89
4542.28 0.38
4544.28 14.72
4546.28 21.37
4548.28 19.57
4550.28 19.86
4552.28 0.35
4554.28 11.77
4556.28 12.44
4558.28 19.2
4560.28 6.21
4562.28 12.52
4564.28 20.83
4566.28 22.88
4568.28 9.78
4570.28 2.82
4572.28 16.29
4574.28 1.76
4576.28 21.12
4578.28 21.12
4580.36 16.95
4582.28 20.98
4584.29 19.48
4586.33 20.01
4588.31 16.06
4590.28 17.76
4592.28 4.43
4594.28 20.86
4596.28 20.65
4598.28 17.12
4600.28 24.68
4602.28 24.31
4604.28 17.58
4606.28 9.81
4608.28 22.49
4610.28 9.49
4612.28 18.86
4614.28 21.97
4616.28 23.36
4618.28 23.44
4620.28 19.76
4622.28 13.63
4624.28 21.65
4626.28 19.48
4628.28 23.62
4630.28 23.24
4632.28 23.88
4634.29 29.08
4636.28 1.77
4638.28 8.61
4640.28 16.88
4642.28 16.88
4644.28 25.04
4646.29 9.22
4648.28 26.74
4650.28 0.28
4652.28 26.81
4654.28 4.31
4656.28 20.71
4658.28 7.32
4660.28 24.1
4662.28 25.29
4664.28 9.29
4666.28 26.93
4668.28 24.96
4670.28 24.57
4672.28 14.23
4674.28 23.45
4676.28 0.72
4678.28 25.24
4680.28 26.47
4682.28 3.27
4684.28 25.08
4686.28 2.77
4688.28 22.14
4690.28 24.1
4692.28 23.5
4694.28 23.83
4696.28 26.11
4698.28 0.67
4700.29 27.1
4702.28 26.14
4704.28 24.14
4706.28 22.3
4708.28 17.16
4710.28 5.5
4712.28 22.81
4714.28 1.0
4716.28 22.4
4718.29 27.55
4720.28 20.33
4722.28 5.45
4724.28 23.21
4726.28 22.74
4728.28 21.52
4730.28 25.31
4732.28 25.07
4734.28 21.77
4736.28 8.34
4738.28 27.61
4740.28 21.19
4742.28 22.04
4744.28 22.04
4746.28 22.04
4748.28 22.04
4750.28 22.04
4752.28 22.04
4754.28 0.09
4756.28 11.61
4758.28 11.61
4760.28 11.61
4762.28 1.14
4764.29 13.84
4766.28 20.67
4768.28 20.38
4770.28 18.02
4772.28 20.03
4774.28 15.26
4776.29 17.08
4778.28 2.45
4780.28 0.38
4782.28 10.49
4784.28 3.91
4786.28 15.78
4788.28 15.54
4790.53 14.62
4792.53 14.62
4794.53 14.62
4796.53 5.0
4798.53 17.16
4800.53 14.59
4802.48 15.65
4804.53 14.87
4806.53 14.42
4808.53 14.42
4810.53 0.93
4812.53 15.91
4814.53 16.08
4816.53 14.01
4818.53 1.63
4820.53 18.02
4822.53 18.02
4824.53 8.37
4826.46 10.52
4828.53 16.2
4830.53 15.34
4832.53 15.33
4834.53 13.07
4836.53 13.07
4838.53 1.43
4840.65 10.02
4842.53 14.15
4844.53 14.15
4846.53 14.15
4848.53 2.69
4850.47 12.12
4852.53 11.92
4854.54 11.92
4856.53 11.92
4858.53 12.47
4860.53 10.75
4862.53 10.75
4864.53 1.34
4866.53 3.86
4868.53 14.92
4870.53 14.1
4872.53 12.24
4874.53 12.71
4876.53 2.89
4878.53 4.8
4880.53 10.55
4882.53 13.87
4884.53 9.83
4886.53 13.98
4888.53 7.57
4890.53 13.36
4892.53 9.36
4894.53 9.88
4896.54 14.8
4898.48 16.0
4900.53 12.81
4902.53 12.11
4904.53 15.36
4906.53 13.13
4908.53 13.13
4910.53 15.04
4912.53 12.49
4914.53 2.51
4916.53 8.84
4918.53 6.48
4920.53 13.62
4922.46 13.62
4924.53 13.85
4926.53 15.41
4928.53 12.68
4930.53 14.91
4932.53 14.21
4934.53 13.32
4936.53 17.31
4938.53 15.48
4940.53 14.75
4942.53 14.75
4944.53 17.06
4946.53 3.56
4948.53 10.08
4950.53 15.99
4952.53 13.09
4954.53 3.17
4956.53 15.24
4958.53 0.11
4960.53 13.41
4962.53 14.93
4964.53 16.13
4966.53 16.13
4968.53 7.08
4970.53 12.61
4972.53 14.62
4974.53 12.25
4976.53 5.5
4978.53 18.87
4980.53 14.55
4982.53 15.12
4984.53 17.13
4986.53 18.49
4988.53 10.76
4990.53 2.47
4992.53 11.68
4994.53 15.62
4996.53 12.93
4998.53 17.31
5000.54 0.13
5002.54 23.66
5004.53 19.88
5006.54 19.88
5008.53 19.88
5010.53 16.74
5012.53 16.74
5014.54 16.74
5016.54 16.74
5018.53 19.9
5020.53 20.51
5022.53 0.77
5024.53 19.48
5026.53 19.48
5028.53 19.48
5030.53 16.73
5032.54 16.73
5034.54 7.6
5036.53 17.62
5038.54 4.84
5040.78 16.22
5042.78 19.67
5044.78 19.39
5046.78 19.39
5048.78 0.04
5050.78 13.16
5052.78 17.47
5054.78 17.06
5056.78 10.42
5058.78 17.57
5060.78 16.32
5062.78 24.8
5064.78 26.56
5066.78 2.45
5068.78 24.38
5070.78 24.38
5072.78 1.6
5074.78 25.48
5076.78 25.99
5078.78 25.99
5080.78 25.99
5082.78 1.74
5084.78 25.92
5086.78 22.81
5088.8 22.44
5090.78 20.06
5092.78 21.05
5094.78 2.61
5096.78 29.92
5098.78 26.25
5100.79 30.26
5102.78 28.23
5104.78 29.98
5106.78 30.57
5108.79 21.34
5110.78 25.76
5112.78 9.31
5114.78 28.43
5116.79 1.25
5118.78 13.29
5120.78 27.33
5122.79 2.44
5124.78 25.85
5126.78 12.94
5128.78 24.38
5130.78 28.88
5132.78 27.24
5134.78 21.45
5136.78 21.45
5138.78 27.84
5140.78 21.63
5142.78 21.63
5144.78 22.01
5146.78 1.3
5148.78 4.42
5150.79 24.04
5152.78 22.9
5154.78 22.9
5156.78 22.9
5158.78 22.9
5160.78 22.9
5162.78 4.59
5164.78 10.5
5166.78 0.74
5168.78 2.61
5172.0 3.01
5172.88 3.99
5174.79 3.09
5176.78 4.55
5178.78 5.1
5180.78 5.1
5182.79 5.37
5184.78 5.55
5186.78 8.28
5188.79 7.72
5190.78 7.33
5192.78 9.26
5194.79 7.89
5196.78 7.0
5198.78 7.87
5200.78 4.4
5202.78 10.29
5204.78 8.95
5206.78 10.82
5208.78 10.16
5210.78 9.75
5212.78 9.65
5214.78 8.48
5216.78 13.25
5218.79 13.1
5220.78 14.7
5222.78 12.6
5224.79 13.13
5226.78 11.51
5228.78 13.11
5230.79 12.27
5232.78 13.21
5234.78 9.87
5236.79 14.2
5238.78 14.48
5240.79 14.48
5242.78 13.37
5244.79 13.66
5246.78 0.58
5248.78 14.63
5250.79 14.31
5252.79 12.94
5254.79 16.64
5256.78 16.64
5258.78 4.31
5260.79 7.0
5262.78 13.9
5264.79 4.65
5266.79 18.13
5268.79 18.06
5270.78 13.65
5272.79 15.24
5274.79 2.67
5276.78 14.3
5278.79 4.71
5280.78 15.63
5282.78 4.62
5284.78 16.27
5286.79 16.59
5288.78 15.71
5291.03 11.39
5293.03 15.23
5295.03 16.25
5296.95 17.44
5299.03 17.47
5301.03 19.92
5303.03 14.43
5305.03 17.19
5307.03 3.68
5309.03 17.34
5311.03 17.34
5313.03 0.1
5315.04 10.04
5316.85 17.95
5319.04 14.82
5321.01 11.9
5323.03 5.82
5325.03 17.12
5327.03 14.08
5329.03 16.76
5331.03 16.51
5333.04 15.84
5335.04 15.46
5337.03 20.3
5339.03 20.37
5341.03 8.44
5343.03 10.84
5344.98 17.15
5347.03 0.11
5349.03 17.94
5351.03 17.81
5353.04 17.81
5355.03 2.49
5357.03 17.45
5359.04 13.81
5361.03 0.1
5363.03 12.04
5365.03 20.16
5367.03 6.72
5369.04 17.44
5371.03 16.42
5373.03 5.69
5375.04 9.74
5377.03 12.47
5379.03 16.79
5381.03 19.6
5383.03 16.77
5385.03 19.83
5387.03 1.32
5389.03 18.27
5391.04 18.54
5393.04 22.02
5395.03 22.02
5397.04 1.24
5399.03 0.13
5401.04 18.63
5403.03 22.66
5405.03 16.32
5407.03 21.33
5409.04 9.97
5411.04 22.44
5413.03 23.17
5415.03 18.92
5416.95 19.89
5419.03 19.64
5421.03 22.48
5423.03 13.76
5425.04 21.37
5427.03 3.97
5429.04 17.63
5431.03 2.53
5433.03 2.49
5435.04 17.46
5437.04 15.12
5439.03 16.14
5440.99 15.79
5443.05 1.25
5445.04 18.03
5447.03 15.69
5449.03 13.3
5451.04 14.12
5453.04 14.12
5455.03 0.49
5457.03 0.28
5459.04 2.24
5461.04 17.56
5463.03 16.2
5464.98 14.84
5467.03 15.78
5469.04 12.82
5471.04 12.82
5473.03 15.14
5475.03 2.49
5477.09 15.25
5479.04 16.15
5481.03 17.43
5483.03 14.88
5485.04 17.18
5487.03 8.83
5489.04 19.41
5491.03 19.93
5493.04 22.84
5495.04 19.14
5497.04 18.69
5499.03 16.99
5501.03 16.99
5503.05 22.45
5505.03 2.11
5507.03 20.4
5509.03 22.52
5511.04 21.63
5513.04 22.86
5515.03 22.86
5517.03 20.2
5519.04 21.54
5521.04 24.33
5523.03 22.91
5525.03 21.11
5527.03 9.68
5529.04 23.5
5531.04 23.5
5533.03 23.5
5535.04 23.5
5537.04 22.03
5539.04 21.15
5541.29 0.43
5543.28 18.65
5545.29 21.03
5547.28 9.91
5549.29 18.68
5551.18 21.24
5553.29 21.95
5555.29 16.95
5557.29 19.04
5559.28 17.81
5561.28 5.32
5563.28 19.51
5565.29 17.57
5567.28 18.13
5569.29 17.28
5571.28 16.73
5573.29 18.76
5575.19 18.58
5577.29 21.21
5579.29 17.57
5581.29 22.45
5583.29 23.4
5585.28 23.4
5587.28 21.21
5589.29 24.08
5591.29 19.68
5593.29 19.46
5595.28 19.46
5597.3 19.68
5599.22 20.31
5601.29 11.36
5603.28 15.11
5605.29 4.15
5607.29 19.54
5609.29 3.72
5611.28 17.47
5613.29 15.34
5615.29 22.6
5617.29 20.12
5619.29 22.37
5621.29 13.92
5623.29 19.37
5625.29 19.37
5627.28 19.37
5629.29 18.66
5631.29 17.17
5633.29 18.16
5635.29 21.33
5637.29 1.94
5639.29 21.24
5641.29 21.26
5643.29 18.98
5645.29 21.76
5647.21 9.43
5649.29 19.49
5651.29 22.16
5653.28 0.11
5655.29 20.28
5657.3 22.75
5659.29 21.49
5661.29 14.67
5663.29 0.6
5665.28 21.86
5667.29 23.58
5669.29 15.45
5671.21 21.36
5673.29 20.63
5675.29 16.81
5677.29 10.5
5679.29 18.66
5681.29 18.42
5683.29 14.35
5685.29 19.41
5687.29 19.41
5689.29 13.31
5691.29 9.0
5693.29 16.98
5695.29 7.89
5697.28 13.16
5699.29 13.16
5701.29 11.21
5703.29 1.01
5705.29 9.19
5707.29 21.22
5709.29 16.13
5711.29 19.01
5713.29 12.47
5715.29 19.07
5717.29 21.27
5719.29 17.08
5721.29 17.11
5723.29 17.11
5725.29 19.45
5727.29 2.93
5729.29 22.35
5731.28 1.34
5733.29 22.12
5735.29 16.51
5737.29 16.51
5739.29 4.12
5741.29 9.55
5743.29 10.98
5745.29 10.98
5747.29 10.98
5749.29 0.94
5752.63 1.34
5754.73 2.36
5756.51 2.5
5757.48 2.93
5759.29 4.29
5761.29 4.71
5763.29 3.6
5765.29 5.5
5767.29 4.96
5769.29 5.39
5771.29 7.52
5773.29 7.42
5775.29 6.85
5777.29 6.65
5779.29 6.9
5781.29 0.19
5783.29 8.94
5785.29 11.44
5787.29 12.07
5789.29 10.0
5791.54 3.13
5793.54 5.56
5795.54 13.62
5797.54 13.82
5799.54 12.7
5801.54 13.76
5803.54 15.64
5805.54 16.44
5807.54 18.41
5809.54 9.72
5811.54 17.06
5813.54 17.49
5815.54 15.71
5817.54 16.84
5819.54 13.76
5821.54 0.22
5823.54 19.33
5825.54 10.63
5827.54 18.3
5829.54 19.29
5831.54 20.94
5833.54 18.91
5835.54 19.24
5837.54 18.71
5839.54 17.83
5841.54 7.39
5843.54 18.74
5845.54 21.49
5847.54 21.49
5849.54 19.74
5851.54 6.66
5853.54 11.67
5855.54 20.85
5857.54 22.02
5859.54 23.36
5861.54 4.5
5863.54 12.19
5865.54 19.69
5867.54 18.74
5869.54 23.3
5871.54 11.39
5873.54 19.47
5875.54 6.07
5877.54 23.78
5879.54 10.89
5881.54 2.31
5883.54 23.1
5885.54 23.1
5887.54 23.1
5889.54 22.76
5891.54 20.82
5893.54 20.82
5895.54 20.82
5897.54 20.74
5899.54 20.74
5901.54 13.66
5903.54 0.5
5905.55 14.9
5907.54 22.3
5909.54 3.36
5911.54 12.99
5913.54 13.46
5915.54 20.59
5917.54 12.52
5919.54 12.52
5921.54 12.52
5923.54 12.52
5925.54 12.52
5927.54 19.76
5929.54 20.64
5931.54 18.46
5933.54 20.29
5935.54 20.29
5937.54 18.76
5939.64 0.11
5941.54 19.19
5943.54 18.32
5945.54 18.32
5947.54 18.32
5949.54 1.21
5951.54 17.52
5953.54 0.17
5955.54 10.5
5957.54 19.0
5959.54 3.71
5961.54 9.25
5963.54 0.34
5965.54 19.54
5967.54 2.38
5969.54 17.83
5971.54 17.83
5973.54 17.83
5975.54 10.69
5977.54 0.33
5979.54 9.77
5981.54 9.77
5983.54 15.46
5985.54 7.22
5987.54 16.08
5989.54 1.8
5991.54 14.41
5993.54 11.08
5995.54 7.77
5997.54 12.24
5999.54 10.89
6001.54 5.69
6003.54 13.74
6005.54 10.58
6007.54 3.12
6009.54 12.05
6011.54 15.31
6013.54 16.41
6015.54 13.93
6017.54 17.66
6019.54 14.25
6021.54 14.25
6023.54 17.48
6025.54 17.48
6027.54 14.94
6029.54 9.54
6031.54 10.77
6033.54 10.77
6035.54 15.52
6037.54 15.52
6039.54 16.93
6041.64 16.93
6043.79 14.56
6045.73 17.19
6047.79 12.88
6049.79 12.88
6051.79 19.75
6053.79 15.83
6055.79 18.31
6057.79 18.4
6059.79 18.4
6061.79 15.72
6063.79 17.68
6065.79 2.53
6067.79 7.87
6069.78 10.29
6071.79 14.79
6073.79 14.79
6075.79 14.79
6077.79 14.17
6079.79 17.58
6081.79 16.7
6083.79 14.1
6085.79 14.78
6087.79 0.12
6089.79 17.83
6091.79 17.71
6093.63 18.93
6095.79 20.44
6097.79 16.2
6099.79 20.87
6101.79 9.4
6103.79 15.97
6105.79 19.39
6107.79 14.48
6109.79 16.72
6111.79 19.93
6113.79 16.37
6115.79 10.21
6117.7 3.97
6119.79 16.87
6121.79 1.04
6123.79 7.17
6125.79 10.77
6127.79 10.77
6129.79 14.09
6131.79 2.32
6133.79 17.2
6135.79 17.2
6137.79 12.34
6139.79 14.44
6141.69 16.17
6143.79 15.95
6145.79 14.69
6147.8 17.44
6149.79 10.92
6151.79 15.31
6153.79 0.24
6155.79 8.89
6157.79 16.7
6159.79 15.52
6161.79 16.2
6163.79 12.41
6165.77 18.49
6167.79 19.62
6169.79 16.9
6171.79 8.96
6173.79 17.49
6175.79 20.56
6177.79 20.56
6179.79 20.56
6181.79 20.56
6183.79 20.56
6185.79 20.56
6187.79 20.56
6189.79 2.57
6191.79 20.47
6193.79 21.23
6195.79 21.23
6197.79 13.57
6199.79 16.94
6201.79 16.94
6203.79 20.54
6205.79 17.09
6207.79 20.14
6209.79 11.15
6211.79 0.44
6213.76 8.81
6215.79 17.0
6217.79 17.0
6219.79 19.37
6221.79 20.26
6223.79 21.87
6225.79 23.94
6227.79 19.78
6229.79 23.71
6231.79 21.73
6233.79 20.19
6235.79 22.63
6237.79 23.29
6239.79 20.65
6241.79 20.65
6243.79 20.24
6245.79 20.24
6247.8 4.32
6249.8 5.57
6251.79 10.33
6253.79 0.25
6255.79 12.78
6257.79 20.12
6259.79 12.16
6261.79 13.89
6263.79 2.12
6265.79 17.81
6267.79 20.75
6269.79 19.16
6271.79 16.91
6273.79 14.8
6275.79 21.6
6277.79 21.66
6279.79 21.77
6281.79 21.77
6283.79 21.77
6285.79 1.09
6287.79 18.84
6289.79 2.84
6292.04 12.09
6294.04 18.35
6296.04 5.57
6298.04 10.62
6299.98 5.94
6302.04 14.32
6304.04 18.36
6306.04 18.36
6308.04 18.36
6310.04 18.36
6312.04 18.81
6314.04 17.7
6316.04 17.7
6318.04 15.57
6320.04 15.12
6322.04 6.8
6323.96 3.8
6326.04 15.81
6328.04 15.81
6330.04 4.09
6332.04 10.18
6334.04 11.4
6336.04 16.86
6338.04 13.92
6340.05 1.12
6342.04 13.57
6344.04 13.9
6346.04 9.66
6348.01 11.15
6350.04 15.13
6352.04 10.67
6354.04 15.99
6356.04 15.99
6358.04 15.99
6360.04 2.95
6362.04 15.34
6364.04 14.47
6366.04 0.08
6368.04 15.8
6370.04 14.49
6372.04 14.34
6374.04 13.43
6376.05 12.92
6378.04 14.24
6380.04 16.28
6382.04 0.23
6384.04 18.29
6386.04 18.4
6388.04 18.81
6390.04 14.3
6392.04 14.3
6394.04 3.52
6396.04 4.18
6398.04 14.61
6400.04 14.61
6402.09 14.61
6404.04 12.31
6406.04 2.77
6408.04 13.94
6410.04 16.78
6412.04 15.13
6414.04 11.25
6416.04 15.23
6418.04 12.37
6420.01 12.37
6422.04 12.37
6424.04 12.37
6426.05 12.37
6428.05 9.1
6430.05 11.28
6432.04 17.35
6434.04 17.35
6436.04 14.54
6438.04 17.65
6440.04 15.29
6442.04 16.59
6444.04 12.91
6446.06 12.91
6448.04 1.25
6450.04 15.01
6452.04 11.66
6454.04 14.08
6456.04 7.89
6458.04 16.39
6460.04 15.29
6462.04 15.18
6464.04 19.56
6466.04 18.82
6468.04 18.82
6470.04 18.82
6472.04 18.82
6474.04 16.87
6476.04 16.87
6478.04 16.87
6480.04 19.96
6482.04 17.61
6484.04 16.67
6486.04 15.55
6488.04 21.04
6490.04 20.62
6492.04 17.05
6494.04 21.21
6496.04 0.69
6498.04 3.71
6500.04 21.06
6502.04 19.98
6504.04 19.98
6506.04 19.98
6508.04 19.98
6510.04 21.15
6512.04 2.49
6514.04 10.67
6516.04 20.93
6518.04 20.93
6520.04 0.37
6522.11 6.07
6524.14 9.82
6526.04 9.82
6528.04 18.04
6530.04 21.38
6532.04 21.38
6534.04 3.86
6536.04 20.41
6538.04 20.41
6540.04 20.41
6542.04 21.38
6544.29 21.03
6546.29 21.03
6548.3 21.03
6550.29 21.03
6552.29 1.57
6554.29 22.29
6556.29 19.96
6558.29 21.32
6560.29 24.35
6562.3 16.06
6564.29 21.07
6566.3 2.14
6568.29 5.9
6570.29 23.7
6572.3 22.45
6574.3 18.95
6576.29 24.65
6578.29 22.35
6580.29 13.3
6582.29 14.23
6584.29 24.96
6586.29 24.7
6588.66 24.03
6590.29 20.27
6592.29 22.33
6594.29 25.92
6596.29 26.34
6598.29 22.58
6600.29 22.58
6602.29 22.58
6604.29 23.55
6606.29 6.44
6608.29 16.55
6610.29 16.55
6612.29 20.17
6614.3 25.85
6616.29 7.24
6618.29 11.28
6620.3 11.28
6622.29 11.28
6624.29 1.75
6626.29 16.68
6628.29 16.88
6630.29 16.88
6632.3 16.88
6634.29 0.25
6636.29 4.01
6638.29 15.52
6640.29 8.65
6642.33 8.65
6644.29 8.65
6646.29 4.43
6648.3 16.77
6650.29 14.7
6652.29 12.34
6654.29 16.75
6656.29 14.0
6658.29 15.22
6660.29 16.64
6662.29 16.58
6664.29 15.08
6666.29 13.58
6668.29 2.41
6670.29 16.23
6672.29 16.23
6674.29 0.16
6676.29 6.54
6678.29 13.09
6680.29 14.71
6682.29 15.38
6684.29 3.25
6686.29 5.16
6688.29 8.59
6690.29 0.26
6692.29 12.67
6694.29 16.03
6696.29 18.91
6698.3 14.05
6700.29 17.84
6702.3 18.16
6704.29 18.59
6706.29 22.91
6708.29 14.92
6710.29 1.9
6712.29 18.49
6714.29 22.47
6716.29 0.06
6718.29 22.51
6720.29 20.85
6722.29 16.4
6724.29 22.3
6726.29 17.57
6728.29 3.62
6730.29 4.34
6732.29 4.2
6734.29 18.39
6736.29 21.96
6738.29 18.82
6740.29 22.69
6742.29 13.09
6744.29 19.79
6746.29 17.18
6748.29 22.53
6750.29 1.44
6752.29 22.98
6754.29 17.36
6756.29 20.79
6758.3 19.69
6760.29 23.27
6762.29 5.0
6764.29 5.59
6766.29 18.42
6768.29 12.85
6770.29 20.35
6772.29 22.42
6774.29 20.76
6776.29 12.65
6778.29 19.91
6780.3 23.1
6782.29 23.59
6784.29 20.7
6786.29 24.72
6788.29 23.23
6790.29 22.17
6792.54 22.26
6794.54 21.79
6796.55 20.99
6798.54 15.43
6800.54 22.53
6802.55 25.36
6804.54 24.53
6806.54 24.53
6808.55 24.53
6810.54 23.76
6812.54 27.81
6814.55 21.25
6816.54 21.25
6818.48 21.59
6820.54 1.76
6822.54 0.61
6824.54 15.37
6826.54 24.23
6828.54 22.75
6830.54 2.66
6832.54 23.27
6834.54 19.13
6836.54 28.18
6838.55 24.09
6840.54 24.26
6842.52 2.89
6844.54 27.8
6846.54 21.43
6848.54 27.52
6850.55 26.71
6852.54 25.37
6854.54 30.78
6856.54 21.65
6858.55 30.05
6860.54 28.48
6862.55 4.89
6864.55 27.13
6866.47 25.91
6868.54 26.11
6870.54 4.26
6872.54 25.73
6874.55 5.96
6876.54 2.5
6878.55 26.57
6880.55 18.21
6882.55 20.1
6884.54 32.89
6886.55 19.84
6888.55 32.5
6890.44 16.96
6892.55 28.29
6894.54 30.83
6896.55 28.96
6898.55 0.38
6900.54 26.86
6902.55 2.83
6904.55 6.09
6906.54 31.47
6908.54 26.04
6910.55 31.19
6912.54 4.31
6914.47 32.96
6916.55 2.33
6918.54 28.01
6920.54 0.12
6922.55 25.19
6924.55 25.19
6926.54 2.75
6928.55 28.7
6930.54 5.66
6932.55 26.89
6934.55 26.08
6936.54 29.52
6938.46 4.09
6940.54 2.48
6942.54 2.78
6944.55 24.18
6946.55 29.05
6948.55 25.05
6950.55 27.43
6952.55 20.54
6954.54 30.91
6956.55 6.27
6958.55 28.74
6960.54 1.05
6962.53 27.55
6964.55 27.31
6966.55 3.21
6968.54 5.43
6970.55 29.09
6972.55 28.72
6974.55 28.72
6976.55 11.42
6978.54 26.77
6980.54 0.23
6982.54 29.03
6984.54 31.58
6986.49 3.25
6988.54 32.49
6990.55 5.13
6992.55 26.31
6994.54 26.78
6996.54 3.07
6998.54 9.34
7000.55 3.09
7002.54 6.96
7004.54 26.36
7006.55 8.01
7008.54 31.11
7010.55 15.98
7012.54 30.38
7014.54 23.66
7016.55 31.16
7018.55 25.45
7020.54 2.49
7022.54 10.56
7024.55 31.08
7026.55 29.8
7028.54 28.82
7030.54 24.62
7032.55 12.73
7034.55 0.89
7036.54 26.89
7038.54 16.88
7040.55 29.08
7042.55 10.25
7044.8 29.86
7046.8 2.57
7048.8 26.58
7050.8 28.18
7052.8 27.51
7054.8 30.62
7056.8 26.27
7058.8 5.35
7060.8 3.42
7062.8 14.89
7064.8 2.92
7066.8 1.2
7068.8 25.11
7070.8 1.45
7072.8 14.67
7074.8 17.79
7076.8 24.7
7078.8 23.96
7080.8 23.96
7082.8 23.96
7084.8 18.16
7086.8 22.49
7088.8 15.42
7090.8 23.3
7092.8 23.3
7094.8 18.07
7096.8 1.37
7098.8 18.39
7100.8 20.24
7102.8 23.42
7104.8 2.86
7106.8 9.33
7108.8 20.28
7110.8 23.26
7112.79 17.87
7114.8 1.73
7116.79 4.69
7118.79 21.31
7120.8 26.94
7122.81 10.68
7124.79 13.57
7126.8 27.41
7128.8 22.84
7130.8 23.47
7132.8 24.59
7134.8 1.15
7136.8 25.15
7138.8 24.6
7140.8 20.34
7142.79 20.34
7144.8 20.34
7146.8 20.34
7148.8 20.34
7150.8 16.44
7152.8 16.44
7154.8 4.13
7156.8 10.92
7158.8 0.55
7160.8 16.04
7162.8 5.53
7164.8 6.45
7166.79 6.45
7168.8 7.4
7170.8 13.46
7172.8 13.46
7174.8 2.48
7176.8 15.71
7178.8 15.97
7180.8 13.81
7182.8 15.9
7184.79 15.74
7186.8 14.17
7188.8 7.17
7190.8 15.67
7192.8 16.48
7194.8 13.0
7196.8 16.64
7198.8 17.74
7200.8 10.86
7202.8 16.5
7204.8 0.46
7206.8 17.5
7208.8 15.35
7210.8 7.0
7212.8 17.38
7214.8 15.22
7216.8 17.11
7218.8 12.18
7220.8 19.03
7222.8 6.15
7224.8 21.06
7226.8 21.06
7228.8 21.06
7230.8 21.06
7232.8 0.09
7234.8 19.86
7236.8 18.72
7238.8 15.24
7240.84 15.24
7242.8 18.13
7244.8 18.13
7246.8 11.19
7248.8 0.35
7250.8 6.07
7252.8 13.85
7254.8 16.02
7256.8 16.02
7258.8 16.02
7260.8 16.02
7262.8 0.62
7264.8 4.55
7266.8 5.87
7268.8 6.12
7270.8 6.12
7272.8 7.7
7274.8 11.42
7276.8 12.59
7278.8 17.28
7280.8 11.78
7282.8 13.33
7284.8 9.54
7286.8 9.54
7288.8 16.34
7290.8 14.88
7293.05 17.52
7295.05 16.34
7297.04 16.34
7299.05 17.09
7301.04 7.54
7303.05 17.37
7305.04 1.04
7307.05 16.24
7309.04 16.78
7311.05 19.87
7312.92 16.29
7315.05 2.9
7317.05 15.61
7319.05 20.55
7321.05 23.53
7323.05 23.53
7325.04 20.62
7327.04 20.62
7329.05 12.06
7331.04 12.95
7333.04 3.25
7335.05 21.02
7336.99 3.4
7339.05 8.86
7341.05 10.0
7343.05 5.32
7345.05 11.14
7347.05 11.99
7349.05 5.29
7351.05 18.08
7353.05 17.89
7355.05 0.28
7357.05 9.0
7359.05 1.66
7361.0 3.23
7363.05 8.89
7365.05 14.89
7367.05 16.42
7369.05 17.64
7371.05 4.76
7373.05 0.76
7375.05 11.23
7377.05 14.84
7379.05 13.56
7381.05 15.47
7383.05 14.69
7384.95 12.38
7387.05 13.47
7389.05 14.95
7391.05 15.11
7393.05 8.17
7395.05 8.17
7397.05 11.84
7399.06 14.37
7401.05 11.01
7403.05 7.27
7405.05 17.57
7407.05 14.56
7409.01 16.33
7411.05 16.2
7413.05 18.93
7415.05 19.13
7417.05 16.04
7419.05 21.29
7421.05 21.29
7423.07 19.65
7425.05 3.94
7427.05 11.66
7429.05 7.25
7431.05 18.11
7432.97 3.72
7435.05 0.5
7437.05 19.3
7439.05 18.91
7441.05 18.16
7443.05 18.16
7445.05 18.24
7447.05 16.31
7449.05 4.03
7451.05 16.28
7453.05 17.86
7455.05 17.86
7456.97 17.99
7459.05 19.37
7461.05 14.37
7463.05 18.34
7465.05 0.55
7467.05 17.22
7469.05 15.49
7471.05 18.91
7473.05 18.87
7475.05 16.53
7477.05 3.66
7479.06 16.57
7481.05 15.46
7483.05 12.3
7485.05 14.62
7487.05 14.62
7489.05 16.84
7491.05 17.28
7493.05 15.98
7495.05 15.98
7497.05 0.11
7499.05 10.4
7501.05 3.91
7503.05 9.03
7505.05 15.13
7507.05 17.09
7509.05 20.61
7511.05 20.61
7513.05 0.56
7515.05 5.69
7517.05 0.4
7519.05 16.56
7521.05 15.43
7523.05 18.48
7525.05 19.38
7527.05 19.31
7529.05 18.33
7531.05 14.92
7533.05 15.86
7535.05 17.06
7537.05 3.97
7539.05 14.27
7541.05 18.9
7543.24 16.11
7545.3 10.17
7547.3 7.46
7549.3 3.88
7551.3 16.41
7553.3 18.78
7555.3 7.47
7557.3 19.25
7559.3 19.45
7561.3 15.51
7563.3 7.56
7565.3 13.61
7567.21 11.24
7569.3 16.55
7571.3 0.1
7573.3 10.57
7575.3 15.04
7577.3 15.77
7579.3 14.76
7581.3 3.17
7583.3 15.64
7585.3 0.7
7587.3 13.66
7589.3 14.95
7591.28 6.15
7593.3 15.68
7595.3 21.14
7597.3 21.14
7599.3 21.01
7601.3 11.72
7603.3 7.3
7605.3 12.64
7607.3 20.44
7609.3 20.27
7611.3 19.09
7613.3 2.83
7615.25 13.08
7617.3 1.8
7619.3 12.24
7621.3 5.62
7623.3 18.94
7625.3 5.32
7627.3 17.69
7629.3 17.56
7631.3 20.07
7633.3 0.98
7635.3 19.18
7637.3 3.98
7639.21 20.81
7641.3 17.91
7643.3 19.33
7645.3 14.08
7647.3 14.08
7649.3 15.12
7651.3 18.09
7653.3 18.09
7655.3 18.09
7657.3 19.86
7659.31 18.6
7661.3 20.35
7663.25 11.1
7665.3 17.31
7667.34 21.52
7669.3 27.56
7671.3 0.02
7673.3 19.09
7675.3 25.63
7677.3 23.96
7679.3 23.4
7681.3 1.09
7683.3 27.28
7685.3 23.13
7687.21 26.73
7689.3 26.81
7691.3 1.83
7693.3 2.07
7695.3 24.32
7697.35 23.41
7699.3 25.54
7701.3 17.09
7703.3 7.2
7705.3 19.3
7707.3 15.34
7709.3 22.78
7711.3 17.44
7713.3 22.15
7715.3 17.97
7717.3 21.0
7719.3 28.26
7721.31 6.7
7723.3 24.72
7725.3 16.77
7727.3 25.99
7729.3 24.38
7731.3 27.48
7733.3 29.87
7735.26 26.5
7737.3 24.82
7739.3 26.6
7741.3 0.08
7743.3 29.82
7745.3 26.02
7747.3 28.52
7749.3 26.75
7751.3 22.78
7753.3 17.32
7755.3 20.09
7757.3 20.09
7759.3 14.04
7761.3 29.02
7763.3 28.58
7765.3 0.18
7767.3 21.85
7769.3 18.83
7771.3 20.95
7773.31 19.21
7775.3 0.06
7777.3 19.37
7779.3 19.87
7781.3 19.9
7783.3 19.83
7785.3 21.44
7787.3 17.94
7789.3 21.37
7791.3 18.47
7793.55 22.75
7795.55 19.07
7797.55 21.44
7799.55 23.13
7801.55 15.98
7803.55 6.45
7805.55 1.57
7807.55 25.52
7809.55 22.52
7811.55 21.26
7813.36 28.29
7815.55 22.66
7817.55 25.69
7819.57 21.11
7821.56 16.74
7823.55 21.37
7825.55 19.79
7827.55 23.94
7829.55 25.54
7831.55 24.28
7833.55 23.24
7835.55 28.58
7837.55 28.03
7839.55 27.11
7841.61 24.88
7843.55 20.59
7845.55 24.13
7847.55 28.62
7849.55 25.7
7851.55 14.95
7853.55 26.49
7855.55 27.36
7857.55 25.82
7859.55 24.48
7861.55 22.33
7863.55 26.09
7865.55 0.09
7867.55 28.45
7869.55 26.6
7871.55 24.26
7873.55 30.52
7875.55 20.21
7877.55 9.19
7879.55 4.75
7881.55 33.43
7883.55 27.49
7885.55 28.72
7887.55 2.79
7889.55 29.83
7891.55 32.57
7893.55 29.1
7895.55 1.3
7897.55 31.31
7899.55 20.94
7901.55 29.11
7903.55 6.28
7905.55 5.59
7907.55 25.69
7909.55 27.72
7911.55 29.86
7913.55 4.2
7915.55 6.3
7917.55 24.91
7919.55 25.03
7921.55 7.17
7923.55 27.36
7925.55 30.45
7927.55 4.31
7929.55 22.39
7931.55 30.35
7933.55 30.55
7935.55 26.37
7937.55 15.58
7939.55 2.98
7941.55 1.42
7943.55 23.41
7945.55 19.97
7947.56 4.36
7949.55 15.57
7951.55 3.24
7953.55 0.71
7955.55 19.04
7957.55 23.99
7959.55 25.64
7961.55 22.46
7963.55 1.28
7965.55 5.4
7967.55 8.74
7969.55 19.82
7971.55 23.18
7973.56 20.06
7975.55 23.92
7977.55 1.94
7979.55 15.9
7981.55 7.53
7983.55 24.27
7985.55 22.2
7987.55 23.63
7989.55 25.05
7991.55 20.25
7993.55 21.36
7995.55 5.32
7997.55 18.81
7999.55 23.32
8001.55 21.19
8003.58 3.23
8005.55 16.35
8007.55 17.49
8009.55 17.49
8011.55 6.99
8013.55 2.54
8015.55 20.28
8017.55 20.28
8019.55 20.25
8021.55 19.91
8023.55 20.16
8025.61 19.06
8027.55 17.49
8029.55 22.34
8031.55 21.13
8033.55 21.13
8035.55 21.13
8037.55 22.54
8039.55 19.2
8041.55 22.31
8043.55 21.67
8045.8 19.0
8047.8 3.82
8049.8 20.68
8051.81 20.18
8053.8 21.98
8055.81 22.33
8057.8 20.34
8059.8 22.37
8061.74 19.68
8063.8 23.17
8065.8 21.13
8067.8 6.62
8069.8 22.34
8071.81 14.86
8073.8 17.94
8075.81 24.74
8077.81 25.03
8079.8 22.22
8081.82 21.06
8083.8 0.11
8085.74 4.1
8087.81 18.18
8089.8 1.01
8091.8 17.78
8093.81 16.1
8095.81 16.83
8097.81 18.33
8099.81 11.97
8101.8 17.57
8103.8 14.56
8105.8 17.09
8107.8 18.91
8109.81 5.42
8111.81 18.77
8113.8 13.05
8115.8 12.96
8117.8 18.41
8119.8 18.22
8121.8 18.28
8123.8 19.92
8125.8 12.11
8127.8 18.67
8129.81 16.24
8131.8 1.36
8133.81 16.83
8135.81 15.22
8137.81 15.22
8139.8 15.22
8141.81 2.3
8143.8 16.7
8145.8 20.41
8147.8 17.24
8149.81 15.79
8151.8 20.27
8153.81 20.27
8155.8 16.58
8157.78 16.71
8159.81 26.7
8161.81 20.27
8163.8 20.34
8165.88 21.23
8167.8 3.01
8169.8 1.06
8171.8 20.8
8173.81 20.8
8175.81 20.8
8177.81 4.45
8179.8 9.71
8181.73 13.51
8183.8 21.29
8185.8 2.66
8187.8 10.24
8189.8 10.24
8191.81 10.24
8193.8 1.04
8195.8 10.74
8197.8 19.34
8199.8 19.34
8201.8 18.13
8203.8 18.13
8205.8 4.56
8207.8 14.92
8209.8 14.92
8211.8 5.59
8213.8 11.35
8215.8 15.08
8217.8 13.49
8219.8 13.5
8221.8 13.63
8223.8 2.96
8225.8 10.35
8227.8 5.4
8229.8 13.02
8231.8 10.76
8233.8 12.38
8235.81 9.82
8237.8 11.26
8239.8 13.54
8241.8 13.54
8243.8 5.47
8245.8 14.4
8247.81 11.37
8249.8 13.8
8251.8 14.6
8253.8 17.23
8255.81 15.08
8257.8 17.12
8259.8 5.62
8261.81 17.44
8263.82 18.2
8265.8 12.63
8267.8 12.63
8269.8 15.88
8271.81 15.88
8273.8 16.68
8275.8 9.48
8277.8 2.71
8279.8 16.52
8281.8 16.52
8283.8 18.35
8285.8 16.15
8287.8 14.97
8289.81 15.49
8291.81 18.87
8293.8 0.11
8296.05 6.78
8298.05 15.92
8300.05 15.92
8302.06 11.71
8304.05 11.71
8306.05 11.71
8308.06 18.24
8310.06 17.95
8312.06 2.48
8314.06 17.55
8316.06 18.4
8318.06 18.4
8320.06 18.4
8322.06 17.72
8324.05 15.72
8326.05 15.03
8328.05 18.15
8330.05 16.08
8332.06 17.8
8334.06 13.75
8336.06 2.44
8338.06 18.79
8340.05 16.02
8342.05 9.65
8344.06 9.65
8346.06 9.65
8348.06 9.65
8350.06 16.71
8352.06 10.01
8354.06 11.09
8356.06 16.53
8358.05 20.08
8360.06 21.94
8362.06 16.12
8363.96 15.76
8366.06 22.45
8368.06 10.23
8370.06 20.33
8372.06 17.31
8374.05 23.39
8376.06 21.15
8378.06 3.03
8380.06 0.76
8382.06 1.05
8384.06 20.19
8386.06 20.06
8387.94 20.65
8390.06 20.1
8392.06 16.99
8394.06 19.58
8396.06 21.15
8398.06 18.27
8400.06 24.87
8402.06 18.92
8404.06 12.92
8406.06 21.35
8408.05 19.89
8410.06 19.89
8412.06 18.63
8414.06 3.76
8416.06 21.39
8418.05 24.21
8420.05 23.98
8422.05 20.53
8424.06 2.77
8426.06 23.52
8428.05 20.86
8430.06 2.85
8432.05 2.66
8434.05 15.25
8436.06 16.31
8438.06 16.31
8440.05 0.57
8442.17 24.24
8444.06 24.24
8446.06 21.52
8448.05 6.85
8450.06 11.06
8452.05 0.11
8454.06 16.52
8456.06 8.53
8458.05 14.06
8460.05 16.11
8462.06 16.11
8464.05 17.32
8466.05 14.35
8468.06 14.35
8470.06 12.2
8472.05 17.15
8474.06 17.73
8476.05 1.21
8478.05 0.64
8480.06 14.2
8482.06 8.23
8484.06 15.05
8486.06 15.85
8488.06 10.41
8490.06 3.79
8492.06 10.68
8494.06 10.68
8496.06 1.25
8498.06 8.41
8500.06 11.45
8502.05 11.45
8504.05 11.51
8506.06 11.94
8508.06 11.89
8510.06 11.43
8512.06 10.2
8514.06 11.89
8516.06 10.27
8518.05 11.79
8520.06 11.79
8522.06 12.67
8524.05 10.36
8526.06 7.42
8528.06 11.15
8530.06 12.8
8532.05 15.07
8534.06 11.66
8536.05 11.66
8538.09 11.66
8540.06 13.34
8542.06 12.77
8544.3 15.07
8546.31 15.82
8548.31 16.26
8550.31 15.68
8552.3 7.07
8554.3 16.41
8556.07 14.66
8558.32 16.89
8560.3 18.01
8562.33 15.22
8564.31 3.7
8566.35 16.42
8568.31 16.23
8570.31 14.65
8572.31 3.41
8574.31 6.37
8576.31 18.55
8578.31 19.66
8580.31 17.0
8582.31 19.29
8584.31 11.18
8586.31 15.35
8588.31 23.25
8590.31 19.35
8592.31 17.18
8594.31 18.86
8596.31 12.06
8598.3 17.17
8600.31 19.68
8602.3 19.23
8604.3 18.58
8606.3 20.67
8608.31 19.12
8610.31 19.82
8612.3 15.63
8614.3 15.63
8616.3 21.47
8618.3 20.14
8620.3 22.25
8622.3 1.38
8624.3 20.21
8626.31 15.78
8628.31 15.78
8630.31 0.45
8632.3 9.89
8634.3 11.13
8636.31 19.11
8638.31 19.16
8640.3 18.33
8642.3 4.12
8644.31 11.87
8646.3 11.87
8648.3 3.55
8650.31 16.63
8652.31 15.49
8654.31 11.76
8656.31 2.62
8658.3 15.88
8660.3 16.51
8662.31 16.05
8664.3 3.09
8666.31 9.02
8668.31 14.88
8670.3 14.88
8672.3 19.81
8674.31 0.22
8676.3 20.04
8678.31 20.04
8680.3 0.14
8682.4 5.42
8684.31 17.61
8686.31 16.96
8688.31 13.65
8690.31 16.75
8692.3 15.03
8694.3 18.48
8696.31 18.48
8698.31 4.13
8700.3 18.23
8702.3 16.5
8704.31 1.12
8706.3 18.16
8708.3 4.53
8710.3 17.07
8712.3 0.47
8714.3 15.19
8716.31 17.69
8718.3 19.21
8720.31 16.91
8722.31 17.08
8724.3 19.29
8726.3 15.82
8728.3 18.96
8730.31 19.19
8732.3 19.63
8734.3 17.91
8736.31 17.23
8738.31 18.28
8740.31 17.53
8742.3 16.05
8744.3 13.67
8746.31 20.97
8748.3 12.0
8750.3 23.3
8752.31 18.56
8754.3 21.03
8756.3 24.44
8758.3 15.88
8760.3 21.29
8762.31 21.29
8764.31 21.29
8766.31 15.61
8768.3 26.54
8770.3 25.52
8772.3 22.61
8774.3 25.14
8776.31 19.51
8778.3 25.4
8780.3 20.72
8782.3 9.05
8784.3 9.28
8786.3 23.33
8788.56 24.5
8790.31 27.64
8792.3 29.02
8794.56 7.67
8796.56 29.15
8798.56 32.63
8800.57 30.72
8802.61 34.18
8804.56 8.44
8806.56 32.4
8808.56 28.55
8810.56 29.44
8812.56 25.7
8814.56 21.16
8816.56 33.2
8818.56 27.58
8820.56 29.55
8822.56 21.84
8824.56 12.15
8826.56 30.52
8828.56 31.21
8830.56 3.47
8832.56 27.26
8834.45 31.95
8836.56 30.31
8838.56 22.69
8840.56 5.84
8842.56 16.09
8844.56 20.5
8846.56 2.53
8848.56 10.5
8850.56 25.28
8852.56 26.22
8854.56 26.02
8856.56 2.98
8858.56 3.13
8860.56 18.73
8862.56 25.17
8864.56 0.14
8866.56 22.09
8868.56 22.73
8870.56 20.23
8872.55 15.13
8874.56 3.93
8876.56 12.44
8878.56 14.53
8880.56 29.52
8882.43 5.67
8884.56 8.33
8886.56 22.52
8888.56 11.55
8890.56 22.23
8892.56 24.79
8894.56 13.37
8896.55 13.37
8898.81 20.07
8900.81 23.67
8902.81 24.48
8904.81 24.48
8906.81 24.48
8908.81 9.73
8910.81 18.28
8912.81 21.68
8914.81 6.62
8916.81 25.15
8918.81 21.86
8920.81 24.63
8922.92 22.6
8924.81 1.62
8926.81 26.86
8928.81 22.57
8930.81 24.84
8932.81 15.74
8934.81 17.0
8936.81 21.73
8938.81 27.76
8940.81 22.57
8942.81 15.13
8944.81 12.77
8946.81 28.62
8948.81 21.61
8950.81 14.74
8952.81 15.45
8954.74 23.02
8956.81 22.43
8958.81 2.03
8960.81 23.16
8962.81 18.28
8964.81 27.64
8966.81 22.4
8968.81 0.62
8970.81 19.97
8972.81 25.3
8974.81 22.96
8976.81 23.02
8978.81 22.69
8980.81 26.21
8982.81 22.73
8984.81 23.45
8986.81 6.46
8988.81 25.93
8990.81 9.27
8992.81 21.19
8994.81 16.81
8996.81 24.61
8998.81 23.84
9000.81 16.09
9002.81 25.13
9004.81 25.25
9006.81 13.74
9008.81 20.47
9010.81 27.32
9012.81 24.56
9014.81 13.0
9016.81 25.24
9018.81 25.72
9020.81 24.96
9022.81 20.49
9024.81 2.2
9026.76 3.19
9028.81 26.49
9030.81 22.43
9032.81 0.11
9034.81 14.11
9036.81 4.09
9038.81 25.28
9040.81 5.28
9042.86 31.41
9044.91 6.23
9046.81 33.75
9048.81 25.51
9050.81 23.38
9052.81 2.27
9054.81 25.74
9056.81 19.66
9058.81 26.89
9060.81 24.32
9062.81 18.03
9064.81 22.46
9066.81 29.55
9068.81 23.7
9070.81 24.73
9073.07 5.62
9074.81 6.35
9077.06 26.21
9079.06 21.34
9081.06 27.26
9083.06 26.33
9085.06 18.95
9087.06 24.15
9089.02 20.07
9091.06 14.48
9093.06 34.03
9095.06 26.72
9097.06 8.43
9099.06 25.03
9101.06 27.69
9103.06 28.48
9105.06 1.7
9107.06 29.12
9109.06 29.24
9111.06 19.13
9112.99 3.63
9115.06 28.13
9117.06 26.34
9119.06 28.82
9121.06 0.54
9123.06 27.26
9125.06 28.12
9127.06 31.47
9129.06 9.86
9131.06 1.93
9133.06 31.01
9135.06 23.48
9136.95 31.71
9139.06 23.64
9141.06 26.14
9143.06 4.2
9145.06 19.63
9147.06 17.35
9149.06 27.89
9151.06 21.34
9153.06 21.34
9155.06 0.27
9157.06 4.44
9159.06 19.2
9160.98 3.77
9163.1 21.87
9165.06 21.55
9167.06 21.04
9169.06 2.63
9171.06 22.31
9173.06 20.57
9175.06 16.1
