0.0 6.28
0.94 5.75
2.72 2.73
3.45 6.01
4.34 5.04
6.41 7.34
8.33 8.4
10.43 5.98
12.41 9.37
14.44 6.52
16.42 0.46
18.41 8.59
20.46 7.81
22.42 6.22
24.44 7.62
26.42 8.52
28.42 8.9
30.42 6.89
32.3 6.07
34.41 4.07
36.55 5.96
38.41 0.78
40.42 4.39
42.42 4.31
44.42 8.04
46.41 4.45
48.52 4.07
51.27 6.44
52.63 6.93
54.43 6.29
56.43 4.87
58.42 1.85
60.41 5.16
62.44 7.69
64.42 0.03
66.42 3.58
68.41 7.59
70.42 7.56
72.42 5.65
74.42 9.48
76.41 7.35
78.41 7.64
80.38 3.13
82.41 5.15
84.42 0.99
86.41 3.81
88.41 7.96
90.41 5.31
92.42 7.7
94.42 9.35
96.42 8.6
98.42 0.52
100.42 8.3
102.41 9.04
104.41 8.82
106.42 4.61
108.41 7.76
110.41 9.16
112.42 1.83
114.41 2.76
117.41 1.05
119.38 2.01
121.91 2.33
124.46 0.89
125.92 0.87
128.04 2.19
130.26 0.06
131.86 1.2
133.93 3.97
134.76 4.38
136.43 3.97
138.47 6.88
140.42 3.84
142.42 2.95
144.47 5.54
146.42 5.46
148.42 5.54
150.45 6.21
152.42 5.82
154.67 5.72
156.68 6.13
158.66 3.49
160.68 8.07
162.68 7.53
164.67 5.71
166.67 2.54
169.61 1.98
172.55 3.39
173.85 2.95
175.59 2.99
177.43 3.1
178.78 3.33
183.31 1.24
187.54 2.0
189.43 1.7
190.45 4.23
191.69 4.89
192.32 4.8
193.61 3.69
195.2 4.02
196.55 4.4
198.66 4.63
200.66 4.96
202.66 6.4
204.7 4.65
206.62 4.85
208.67 6.69
210.68 3.74
212.66 4.97
214.82 3.21
217.28 1.26
219.38 3.79
221.28 3.57
222.54 3.34
224.67 3.96
226.67 2.34
228.84 4.46
232.75 3.39
234.1 3.14
235.19 2.87
237.07 3.61
238.78 3.71
240.61 4.27
242.67 4.14
245.63 1.06
246.79 3.28
248.69 4.28
250.67 1.73
253.1 3.39
254.76 4.09
257.02 1.04
258.66 4.84
260.67 3.2
262.7 0.93
264.67 4.84
266.67 3.26
268.58 4.69
270.57 4.79
272.62 0.04
274.66 4.8
276.67 2.52
278.82 4.41
280.68 5.37
282.62 3.42
284.68 7.91
286.67 3.36
288.66 7.41
290.67 1.39
292.66 7.26
294.67 0.46
296.66 6.91
298.66 7.07
300.67 4.64
302.67 1.84
304.67 4.33
306.66 3.51
308.68 4.04
310.67 3.62
312.91 2.99
315.78 1.11
317.53 4.06
319.83 3.75
321.47 4.2
322.66 5.86
325.49 1.57
326.64 4.45
328.66 6.87
330.66 0.21
333.21 1.75
336.64 1.88
338.42 2.83
339.98 3.06
342.87 2.21
343.98 2.69
344.66 4.25
346.66 2.87
348.77 3.75
350.71 4.06
352.67 3.84
354.66 3.77
356.69 4.33
358.67 4.38
360.7 5.23
363.06 2.89
365.27 4.06
366.78 4.7
368.67 5.06
370.66 4.97
372.67 6.76
374.77 4.78
376.66 3.98
378.66 6.75
380.67 7.57
382.66 4.44
384.66 8.88
386.66 7.92
388.68 6.91
390.68 4.81
392.67 7.27
394.66 8.14
396.9 1.72
398.66 8.36
400.66 7.8
402.66 7.66
404.92 7.98
407.36 0.07
408.88 3.34
410.91 4.41
412.91 3.46
414.91 4.57
416.81 4.53
418.91 3.75
420.94 3.98
422.84 5.19
424.92 4.77
426.91 4.62
428.93 4.31
430.72 4.34
432.91 4.44
434.99 2.07
437.95 1.95
443.46 2.51
444.66 3.66
445.73 2.87
446.52 3.95
447.42 4.08
448.91 3.32
450.92 3.96
452.91 2.29
454.84 4.49
456.78 2.11
460.29 2.54
465.27 0.52
468.31 2.6
469.41 2.29
470.37 4.64
471.38 3.14
471.97 5.28
473.71 1.42
475.11 5.2
476.92 1.67
478.81 7.03
480.93 3.73
482.91 7.36
484.92 8.95
486.91 2.26
488.92 9.12
490.92 4.43
492.98 0.62
495.13 0.38
496.91 6.71
498.89 0.46
500.81 4.55
502.92 5.55
504.92 6.74
506.81 4.19
508.92 7.65
510.92 8.42
512.91 2.87
514.91 3.28
516.92 6.25
518.93 5.89
520.92 4.86
522.92 7.89
524.91 6.11
526.91 8.32
528.91 9.41
530.92 10.29
532.93 6.26
534.91 10.8
536.92 7.08
538.94 0.68
540.91 6.94
542.91 6.98
544.91 1.78
546.91 2.73
548.93 3.23
551.05 1.84
552.93 4.96
554.93 4.36
556.92 3.64
558.92 4.8
560.94 3.47
562.91 0.25
564.91 6.13
566.93 3.5
568.96 6.29
570.92 4.92
572.91 6.54
574.91 9.49
576.91 5.91
578.93 2.7
580.91 4.45
582.93 3.72
584.94 0.05
587.48 1.47
590.59 2.56
592.28 2.01
593.2 5.59
594.91 5.89
596.92 7.37
598.92 5.67
600.92 6.65
602.91 4.69
604.91 0.78
606.94 0.1
608.91 9.89
610.91 4.59
612.91 9.75
614.91 9.75
616.93 5.42
618.91 4.35
620.93 4.23
622.91 8.04
624.96 0.41
626.93 5.0
628.91 7.68
630.92 8.31
632.91 4.92
634.97 1.53
636.91 2.94
640.39 1.46
644.72 1.35
648.88 1.38
650.84 1.58
652.08 1.85
654.89 0.97
656.59 0.97
659.42 0.64
661.08 1.29
662.32 1.59
663.66 2.03
666.54 1.52
668.31 1.61
670.18 1.62
671.62 1.62
674.09 1.38
676.04 1.43
677.96 1.57
680.21 1.38
681.65 1.68
683.73 2.02
685.81 1.43
687.83 1.01
689.7 1.91
691.66 2.08
694.24 1.28
696.04 1.35
697.72 2.49
698.87 1.49
700.54 3.44
701.95 1.82
704.17 1.56
707.69 1.37
710.36 1.55
711.79 2.01
713.58 1.89
716.9 1.46
718.44 1.73
720.29 1.45
721.9 1.58
723.65 1.75
726.47 2.42
727.67 2.59
728.56 2.51
729.91 2.91
731.56 2.94
735.32 1.69
737.49 1.71
739.97 1.54
741.74 1.47
744.55 1.67
748.91 2.13
750.21 1.78
752.75 2.1
754.58 1.67
756.38 1.3
757.61 1.78
759.36 0.92
761.53 1.32
763.22 1.51
766.21 1.87
768.79 1.85
770.93 1.97
773.61 0.61
775.48 1.57
777.13 1.67
778.89 1.58
780.46 1.59
782.89 1.88
785.84 1.44
787.63 1.39
789.85 1.73
791.46 1.3
793.54 1.56
796.3 1.35
798.15 1.71
802.15 0.57
804.19 0.88
807.16 1.4
808.5 1.53
810.46 1.13
812.79 1.54
815.42 1.56
816.45 1.03
817.26 1.2
819.11 1.29
820.65 1.7
822.23 1.68
824.05 1.28
825.87 1.08
827.92 1.53
829.75 1.49
832.76 1.51
835.79 1.07
838.32 1.52
840.08 1.51
840.93 1.32
842.24 1.9
843.84 1.78
846.18 2.6
846.94 3.23
848.09 3.57
849.26 4.0
850.3 0.96
850.86 6.08
852.51 6.52
854.51 2.81
856.51 1.46
858.51 5.33
860.51 0.25
862.52 4.01
864.52 4.86
866.51 5.15
868.51 3.03
870.51 4.39
872.51 3.41
875.35 0.63
876.92 2.65
878.52 3.63
880.52 3.15
882.51 4.74
884.52 2.9
886.52 4.8
888.51 4.86
890.51 6.24
892.51 4.99
894.51 6.59
896.51 1.03
898.51 2.73
900.51 6.15
902.51 4.56
904.78 4.23
906.76 7.04
908.77 5.67
910.76 7.31
912.78 7.5
914.8 4.53
916.77 4.71
918.77 5.99
920.76 8.38
922.77 3.1
924.85 3.36
926.77 4.98
928.76 6.74
930.76 5.55
932.76 4.48
934.76 3.18
936.76 7.17
938.76 4.72
940.76 2.99
943.26 1.57
944.59 5.43
946.77 3.7
948.73 3.42
950.76 2.07
953.83 1.67
955.81 1.87
957.65 3.22
964.82 1.27
967.81 2.54
968.72 2.89
969.82 2.98
970.83 3.0
972.09 3.44
973.3 3.58
974.76 3.36
976.14 2.77
977.56 2.51
979.96 2.33
983.13 2.54
984.14 2.99
987.32 2.05
989.75 1.3
991.12 2.61
992.87 2.56
994.48 2.3
996.06 2.35
998.41 2.39
1000.29 1.35
1001.49 3.53
1003.46 2.36
1005.42 1.88
1007.29 2.24
1009.79 2.03
1012.4 2.1
1013.5 4.1
1016.69 2.03
1018.33 2.15
1019.87 2.87
1022.31 2.33
1023.58 2.54
1025.44 3.3
1027.32 3.41
1029.7 0.89
1031.71 3.52
1034.4 1.64
1036.6 3.42
1038.35 2.78
1040.14 2.88
1042.67 1.09
1046.01 1.96
1049.17 2.78
1051.73 2.87
1053.56 1.75
1055.02 2.98
1056.89 2.68
1058.5 2.53
1060.3 0.25
1062.45 2.79
1063.82 3.07
1065.85 0.75
1067.5 3.06
1069.43 2.82
1071.14 2.31
1073.18 2.84
1074.67 1.8
1075.84 2.15
1077.39 3.85
1079.42 2.66
1081.53 3.61
1083.27 2.6
1085.24 2.82
1087.1 2.65
1089.24 1.33
1093.01 1.7
1096.95 1.9
1098.91 2.32
1100.68 3.14
1101.57 2.44
1104.62 1.27
1106.64 2.94
1108.26 1.92
1111.59 1.57
1115.09 1.09
1117.26 2.1
1118.45 2.31
1119.74 2.22
1121.49 3.05
1122.92 2.72
1124.61 1.93
1125.75 2.18
1127.57 1.83
1129.45 3.01
1131.96 3.22
1133.71 2.37
1135.77 2.8
1139.26 2.4
1141.59 2.87
1142.5 3.06
1143.88 2.95
1146.25 2.04
1147.42 2.56
1149.29 2.24
1151.38 2.18
1153.84 2.16
1155.92 2.4
1157.55 2.76
1158.99 2.62
1161.25 2.46
1164.03 2.93
1166.11 2.47
1167.74 2.78
1169.55 3.11
1171.64 2.54
1174.12 1.93
1175.39 2.46
1177.54 3.15
1179.19 2.83
1180.83 3.89
1183.29 2.0
1185.51 2.9
1187.28 3.09
1189.5 1.94
1191.44 3.03
1193.37 2.87
1196.18 1.78
1198.72 3.79
1200.35 2.14
1202.36 0.16
1203.64 3.2
1206.51 2.84
1207.71 3.53
1210.17 1.08
1211.86 2.71
1213.78 2.37
1215.44 2.39
1217.6 3.07
1219.49 2.51
1221.26 2.69
1223.18 2.4
1225.24 1.86
1227.41 2.56
1229.55 3.16
1231.94 0.81
1234.21 2.05
1236.11 1.8
1239.29 1.83
1242.67 1.42
1245.01 1.93
1247.16 1.72
1249.62 1.49
1251.32 1.34
1253.87 1.36
1255.77 1.25
1257.99 0.41
1260.08 1.65
1261.93 1.91
1264.11 0.14
1265.28 1.63
1266.41 3.41
1267.45 3.37
1268.41 2.82
1269.22 4.0
1270.74 2.34
1272.67 2.91
1274.76 2.87
1277.67 1.83
1279.7 4.02
1281.97 2.57
1283.72 2.23
1285.88 3.25
1289.53 1.35
1291.15 2.29
1292.97 3.02
1294.72 3.12
1296.3 1.72
1297.68 3.16
1299.74 2.72
1301.63 2.3
1303.36 0.14
1305.73 2.58
1308.34 3.27
1309.65 3.14
1312.41 3.94
1314.83 2.49
1316.7 2.62
1318.5 3.55
1319.95 2.61
1322.06 3.43
1324.41 1.72
1326.61 3.32
1328.45 2.69
1330.36 2.84
1331.97 2.79
1334.53 3.44
1336.16 3.56
1337.63 3.56
1339.41 3.31
1341.1 2.47
1344.05 3.19
1346.66 2.83
1348.24 2.69
1349.26 2.83
1351.29 2.64
1354.14 3.22
1355.93 3.27
1357.95 2.78
1359.94 2.19
1361.69 2.61
1363.59 2.21
1365.45 2.74
1366.82 3.68
1368.67 3.08
1371.17 2.61
1373.76 1.91
1376.28 2.94
1378.28 2.73
1379.8 3.64
1381.51 2.32
1382.97 2.84
1384.98 2.24
1386.99 2.45
1389.36 3.29
1392.1 1.96
1395.14 1.86
1396.43 2.2
1398.22 2.6
1400.66 1.91
1403.25 2.0
1405.74 2.91
1407.53 2.66
1409.8 2.69
1413.87 0.79
1415.5 1.48
1418.12 2.78
1419.34 1.71
1421.23 1.57
1423.29 2.45
1425.87 2.6
1426.76 2.67
1427.5 2.2
1429.74 2.39
1431.61 2.08
1432.9 1.96
1434.14 3.31
1436.08 2.54
1438.09 2.13
1439.83 2.83
1441.74 3.13
1443.79 2.69
1446.14 3.46
1448.15 2.32
1450.08 2.68
1451.84 2.32
1453.6 2.19
1455.9 2.6
1457.75 2.21
1459.42 2.72
1461.23 2.75
1463.36 2.07
1465.5 2.75
1467.54 2.42
1469.51 2.43
1471.24 2.94
1473.21 2.52
1476.12 3.07
1478.6 2.6
1480.2 2.86
1481.78 2.57
1483.8 2.03
1485.73 3.35
1487.99 2.65
1490.35 2.12
1491.81 2.25
1494.69 2.79
1496.92 1.69
1498.77 2.5
1500.17 3.09
1503.14 3.1
1505.4 2.01
1506.33 3.16
1508.48 3.31
1510.47 3.85
1512.32 2.5
1514.34 3.01
1516.33 2.77
1519.38 2.89
1522.13 3.17
1523.58 2.44
1525.49 3.03
1527.42 1.68
1529.04 2.39
1530.62 2.02
1532.57 3.47
1534.48 3.12
1537.02 1.43
1540.37 1.74
1542.71 1.71
1545.73 0.13
1547.39 1.82
1550.31 0.52
1552.46 1.38
1554.44 1.24
1556.9 1.3
1559.04 1.57
1560.19 1.33
1561.75 1.77
1564.46 1.22
1565.94 1.76
1568.09 1.85
1570.16 1.66
1571.56 1.77
1574.38 1.69
1577.18 1.67
1579.43 1.66
1581.04 2.06
1582.62 1.81
1584.15 1.52
1585.5 1.78
1587.19 1.94
1589.41 1.84
1592.36 1.51
1594.63 1.9
1595.82 1.67
1597.63 1.15
1600.63 1.8
1602.22 0.95
1603.85 1.92
1606.26 1.58
1608.89 0.14
1610.6 1.67
1611.98 1.67
1614.33 1.51
1616.63 1.42
1618.78 1.55
1621.83 0.78
1624.38 1.22
1625.69 1.74
1627.26 1.74
1628.92 1.62
1630.14 1.05
1631.92 1.11
1633.93 1.87
1636.29 1.62
1639.09 1.47
1641.26 1.16
1643.76 1.45
1646.14 1.86
1648.41 1.38
1651.36 1.67
1653.15 0.9
1655.79 0.78
1656.71 0.74
1658.13 0.6
1660.18 0.69
1663.09 2.28
1664.19 1.28
1665.11 1.19
1667.0 1.43
1670.37 1.49
1672.49 1.33
1676.06 1.78
1677.58 1.4
1678.7 1.83
1679.68 1.9
1680.32 2.17
1682.18 1.83
1685.72 1.32
1687.78 1.51
1689.66 1.67
1692.91 1.42
1696.71 2.11
1698.9 1.42
1700.61 1.66
1702.12 1.6
