0.0 2.63
1.0 2.67
1.51 1.56
2.08 2.65
3.06 2.66
4.04 2.62
5.39 2.62
6.86 2.61
8.61 2.58
10.63 2.6
11.83 2.5
13.45 2.47
15.2 2.42
16.78 2.59
18.89 1.42
20.3 2.58
22.2 2.65
24.26 2.64
27.43 2.64
29.82 2.57
31.94 2.66
33.32 2.52
37.06 2.64
39.0 2.48
41.56 0.23
43.41 2.54
45.93 2.64
48.16 2.59
49.98 2.66
51.6 2.64
54.9 0.64
57.17 2.62
60.08 2.49
63.07 1.96
65.11 2.62
67.79 2.63
70.59 2.7
72.88 2.25
75.13 2.16
76.89 2.56
78.49 2.6
82.04 2.63
84.04 2.75
86.44 2.53
88.85 2.58
90.26 2.65
91.72 2.61
95.36 2.41
97.84 2.64
99.82 2.6
101.76 2.68
103.23 2.56
106.3 2.67
107.86 2.54
110.04 2.54
113.41 2.51
114.95 2.49
118.16 2.53
119.29 2.6
121.57 1.11
124.44 2.46
127.8 2.65
129.53 2.45
131.85 2.65
133.4 2.65
136.21 1.92
139.99 0.74
141.87 2.5
143.65 2.31
145.18 2.55
148.54 2.64
150.94 0.57
152.44 2.6
155.08 2.54
157.98 2.53
160.16 2.56
161.84 2.38
163.66 2.45
166.07 2.47
169.44 2.47
171.02 2.65
172.26 2.53
174.88 1.7
178.11 2.44
181.04 2.82
185.2 2.51
189.37 2.48
191.96 1.49
193.65 2.59
195.44 2.63
197.57 2.54
199.6 2.32
201.72 2.66
203.51 2.61
206.5 2.26
209.95 1.02
212.8 2.62
215.28 0.32
218.59 2.51
221.93 2.69
225.42 2.58
227.16 0.99
228.98 0.13
230.58 2.58
232.12 2.6
234.14 2.57
235.92 2.64
238.37 2.68
240.32 2.59
241.72 2.64
242.84 2.57
245.16 2.64
247.02 2.4
248.98 2.61
251.2 2.48
253.14 2.64
256.78 2.65
259.0 2.6
260.11 2.63
261.65 0.21
264.46 2.58
266.57 2.6
269.18 0.21
270.8 2.63
274.05 2.38
275.2 2.62
276.18 0.11
277.64 2.57
280.84 2.66
282.01 2.33
282.89 2.62
284.28 2.63
286.65 2.63
289.43 0.43
292.23 0.39
294.75 2.55
296.34 2.49
297.13 2.66
298.98 2.53
302.09 2.73
306.88 2.61
308.01 2.47
308.84 2.63
309.81 2.54
311.34 1.3
312.84 2.06
314.07 2.63
316.65 2.6
318.31 2.54
320.48 2.61
323.2 0.67
324.3 2.59
326.48 2.65
328.67 2.52
330.12 2.63
332.16 2.65
334.17 2.6
336.54 2.54
340.13 2.58
343.35 2.63
345.44 2.49
347.61 2.55
350.14 0.26
351.79 2.55
355.58 2.65
357.96 2.65
359.69 2.58
361.1 2.43
362.19 2.39
363.93 2.57
365.93 2.4
369.65 2.33
383.49 1.19
384.09 2.64
384.62 2.56
385.36 2.59
386.31 2.46
387.79 2.64
389.62 2.58
391.71 2.25
394.97 2.57
398.5 2.59
400.22 2.67
402.35 2.66
403.58 2.64
405.31 2.48
407.29 2.66
409.7 2.48
412.5 2.51
413.88 2.65
416.5 0.09
418.72 2.52
421.25 0.46
426.47 2.16
427.84 2.61
429.25 2.59
430.98 2.58
432.7 0.24
433.81 2.65
435.63 2.64
437.82 2.72
439.56 2.59
440.89 2.67
442.36 2.68
444.47 2.67
446.89 2.61
449.66 2.59
451.83 2.63
455.32 2.58
462.06 1.63
463.87 2.52
464.77 2.55
467.82 2.47
468.89 2.61
469.87 2.23
475.19 0.74
478.2 2.55
478.99 2.54
480.44 2.6
482.72 2.44
483.89 2.6
485.35 2.61
487.92 2.6
489.3 2.69
491.35 2.61
494.85 2.78
496.99 2.67
498.78 2.76
501.38 0.54
502.61 2.54
503.67 2.45
506.36 2.27
509.32 2.64
512.77 2.67
513.44 2.42
515.49 1.88
516.62 2.48
518.03 2.56
519.92 0.7
520.99 2.38
525.65 2.16
526.85 2.37
530.19 2.75
533.12 2.33
535.36 2.4
536.13 2.73
537.94 2.55
539.23 2.59
540.51 2.56
541.89 1.04
544.84 2.67
547.82 2.08
549.37 2.45
550.83 2.62
552.98 2.68
553.74 2.29
555.29 2.64
557.28 2.46
559.13 2.54
560.83 2.53
563.88 0.22
566.81 1.77
568.38 2.57
571.56 0.18
574.29 2.29
575.93 2.36
577.45 2.59
579.16 2.59
580.61 2.55
582.41 2.66
583.81 2.62
585.77 2.48
587.91 2.61
589.65 2.63
591.68 1.14
593.01 2.65
594.84 2.5
595.9 2.63
597.67 2.57
599.08 2.64
601.35 0.32
603.02 2.64
604.82 2.6
606.05 2.64
607.75 2.63
611.2 1.16
613.61 2.65
615.04 2.61
617.84 2.31
619.48 2.66
621.86 2.57
623.11 2.52
625.0 0.63
626.95 2.59
628.75 1.61
630.78 2.36
633.57 2.62
638.67 1.47
642.36 2.66
644.83 0.4
645.65 2.1
646.73 2.63
647.72 2.77
648.99 2.62
650.34 2.46
653.49 2.47
655.5 2.51
657.75 2.43
661.45 2.28
668.13 0.12
670.06 2.34
672.24 0.25
672.99 2.6
673.56 2.63
674.84 2.63
676.66 2.62
679.7 2.45
682.12 2.32
685.73 2.57
688.44 2.65
689.84 2.61
691.03 2.58
693.37 2.42
694.93 2.55
697.23 0.84
702.14 2.42
706.06 2.59
709.27 0.26
712.62 2.63
714.74 1.79
716.12 2.28
717.29 2.44
