0.0 0.3
1.96 1.98
4.21 6.52
6.21 151.86
8.21 155.25
10.48 5.63
13.21 150.84
15.22 1.05
17.21 103.54
19.21 133.27
21.47 140.69
23.46 130.89
25.47 4.19
27.47 152.76
29.47 5.94
31.46 152.94
33.72 64.96
35.72 110.48
37.72 35.79
39.72 6.36
41.72 110.87
43.72 110.77
45.72 105.56
47.72 105.56
49.72 41.04
51.72 111.67
54.22 111.67
55.97 111.67
58.21 111.67
60.22 111.67
62.22 111.67
64.21 111.67
66.22 111.67
68.31 111.67
70.47 111.67
72.97 111.06
74.97 111.06
76.97 111.06
78.97 111.06
80.97 111.06
83.22 111.06
85.22 111.06
87.22 111.06
89.22 111.06
91.22 111.06
93.22 111.06
95.22 111.06
97.22 111.06
99.47 111.06
101.47 111.06
103.47 111.06
105.72 111.06
107.72 111.06
109.72 111.06
111.72 111.06
113.72 111.06
115.72 111.06
117.72 111.06
119.72 111.06
121.72 111.06
123.72 111.06
125.72 111.06
127.72 113.77
129.72 110.96
132.22 110.96
134.22 110.96
136.22 110.96
138.22 118.12
140.22 118.12
142.22 118.12
144.22 118.12
146.47 97.5
148.47 6.57
150.47 136.82
152.72 132.9
154.72 128.12
156.72 135.08
158.73 134.59
160.73 146.13
162.72 5.42
164.72 147.91
166.88 5.79
168.97 139.31
170.97 145.81
173.22 6.31
175.22 74.48
177.22 6.18
179.22 115.66
181.22 95.4
183.22 82.91
185.23 29.4
187.22 0.13
189.22 53.82
191.72 111.51
193.72 111.51
195.72 111.51
197.72 111.51
199.72 111.51
201.72 111.51
203.72 111.51
205.73 111.51
207.72 111.51
209.72 118.25
211.72 115.2
213.72 117.15
215.72 5.99
217.72 131.49
219.72 137.36
221.72 137.36
223.72 146.98
225.72 4.56
227.72 95.62
229.72 71.65
231.72 72.43
233.72 124.76
235.72 6.01
237.72 127.5
239.97 4.92
241.98 77.6
243.97 97.82
245.98 0.15
247.98 137.4
249.97 7.71
251.97 90.42
253.98 139.94
255.97 139.94
257.97 139.94
259.97 6.36
261.97 74.67
263.97 0.59
265.97 68.4
267.97 62.97
269.97 6.03
271.97 118.38
273.98 6.36
277.24 0.15
279.22 45.12
281.23 68.84
283.23 110.41
285.22 110.41
287.22 108.12
289.22 6.55
291.23 114.66
293.22 124.09
295.22 3.41
297.22 87.25
299.22 98.42
301.22 7.34
303.23 41.81
305.22 136.31
307.23 145.47
309.22 0.15
311.22 164.57
313.23 5.8
315.23 111.86
317.22 127.58
319.23 5.85
321.23 142.71
323.22 5.99
325.23 64.53
327.23 74.12
329.22 93.76
331.22 147.8
333.23 5.91
335.23 128.09
337.23 0.15
339.23 92.25
341.23 86.02
343.23 0.15
345.23 115.4
347.23 0.9
349.23 29.46
351.23 121.8
353.23 120.57
355.22 115.59
357.22 63.4
359.23 63.4
361.24 63.4
363.22 63.4
365.23 103.34
367.23 6.15
369.23 71.68
371.51 101.44
373.23 89.81
375.23 104.32
377.23 105.07
379.23 105.07
381.23 105.83
383.23 117.48
385.23 110.97
387.23 110.97
389.23 106.44
391.24 114.08
393.23 111.63
395.23 5.79
397.23 133.71
399.23 149.34
401.23 138.89
403.23 138.89
405.23 5.75
407.23 110.95
409.23 5.15
411.23 142.81
413.23 126.39
415.23 5.47
417.23 90.32
419.23 5.61
421.23 137.49
423.23 113.54
425.23 52.88
427.23 119.68
429.23 6.28
431.23 129.17
433.23 6.23
435.23 27.63
437.23 112.88
439.24 7.71
441.24 62.79
443.23 6.44
445.23 123.03
447.23 126.49
449.23 120.82
451.23 124.93
453.23 3.82
455.23 38.19
457.23 123.32
459.48 97.87
461.48 117.17
463.48 133.07
465.48 133.07
467.48 6.1
469.48 134.79
471.4 5.98
473.48 119.82
475.48 139.86
477.48 6.45
479.48 123.1
481.48 4.87
483.48 148.4
485.52 152.95
487.48 51.2
489.49 108.77
491.48 120.92
493.48 146.75
495.4 6.06
497.48 139.33
499.48 60.69
501.48 6.34
503.48 152.22
505.48 5.72
507.48 152.19
509.48 139.6
511.48 152.55
513.48 156.06
515.49 155.79
517.49 160.07
519.4 6.42
521.49 167.05
523.48 159.77
525.48 6.24
527.48 162.34
529.48 6.36
531.48 157.36
533.48 158.26
535.48 163.98
537.48 128.97
539.48 6.02
541.48 52.24
543.39 6.49
545.48 122.55
547.48 127.7
549.48 6.22
551.49 130.41
553.49 4.37
555.48 136.8
557.48 61.77
559.48 73.52
561.48 73.52
563.48 73.52
565.48 128.99
567.48 82.04
569.49 121.29
571.48 121.29
573.49 4.57
575.51 154.09
577.49 6.34
579.49 167.94
581.48 161.79
583.48 155.11
585.48 158.22
587.48 5.98
589.49 149.76
591.4 5.17
593.49 72.76
595.75 90.11
597.49 145.33
599.49 67.46
601.48 5.6
603.49 91.8
605.48 87.39
607.48 81.88
609.49 81.88
611.49 81.88
613.48 81.88
615.49 89.88
617.49 101.77
619.48 110.01
621.49 106.08
623.48 112.97
625.51 6.57
627.48 91.88
629.49 75.35
631.48 67.29
633.48 99.0
635.49 99.2
637.49 97.69
639.49 111.28
641.49 117.61
643.49 116.87
645.49 111.84
647.49 111.84
649.48 83.93
651.49 83.93
653.49 83.93
655.49 79.36
657.49 94.72
659.49 111.02
661.49 111.02
663.49 112.66
665.49 112.6
667.49 112.6
669.49 112.6
671.49 112.6
673.49 114.84
675.49 116.6
677.49 121.53
679.49 133.55
681.49 140.52
683.49 145.45
685.49 137.11
687.49 0.15
689.49 146.42
691.49 145.94
693.49 5.49
695.49 149.03
697.49 6.22
699.49 139.63
701.49 132.03
703.49 103.18
705.49 113.38
707.49 0.15
709.49 2.69
711.74 5.35
713.74 161.16
715.74 146.83
717.74 5.89
719.74 131.58
721.74 6.57
723.74 137.44
725.74 131.94
727.74 72.08
729.74 33.36
731.74 5.31
733.74 69.12
735.75 2.24
737.74 29.65
739.74 34.42
741.74 34.42
743.74 34.42
745.74 34.42
747.74 34.42
749.74 34.42
751.74 39.55
753.75 39.55
755.74 39.55
757.74 39.55
759.74 39.55
761.74 39.55
763.74 73.05
765.74 75.54
767.74 44.7
769.74 44.7
771.74 44.7
773.74 44.7
775.74 44.7
777.74 44.7
779.74 44.7
781.74 44.7
783.74 44.7
785.75 44.7
787.74 44.7
789.75 44.7
791.75 44.7
793.74 11.4
795.74 13.41
797.75 15.97
799.75 7.5
801.74 21.41
803.75 6.52
805.74 23.91
807.74 18.44
809.74 30.75
811.74 12.12
813.74 15.07
815.75 43.66
817.74 45.37
819.74 45.19
821.75 41.86
823.74 45.37
825.74 49.79
827.74 51.81
829.74 58.31
831.75 61.73
833.75 69.05
835.74 62.22
837.74 0.15
839.74 94.63
841.75 91.71
843.76 92.75
845.74 15.85
847.74 93.66
849.76 97.68
851.75 97.68
853.75 97.68
855.74 97.68
857.75 97.68
859.74 97.68
861.74 97.68
863.75 97.68
865.74 97.68
867.75 97.68
869.74 97.68
871.74 97.68
873.74 97.68
875.74 97.68
877.74 97.68
879.74 97.68
881.75 97.68
883.75 92.46
885.75 99.18
887.74 99.2
889.74 96.24
891.75 115.95
893.75 106.26
895.75 100.41
897.75 121.55
899.74 121.55
901.74 121.55
903.74 5.61
905.75 51.36
907.75 52.97
909.75 0.15
911.75 66.33
913.75 65.02
915.75 1.64
917.75 67.87
919.75 74.47
921.75 91.7
923.75 90.37
925.75 84.86
927.75 91.17
929.75 52.57
931.75 52.57
933.75 83.65
935.75 83.65
937.75 83.65
939.75 83.65
941.75 83.65
943.75 83.65
945.75 8.42
947.75 9.56
949.75 9.77
951.74 10.45
953.75 11.02
955.75 13.12
957.75 14.66
960.0 23.18
962.0 26.17
964.0 28.1
965.84 6.94
968.0 49.79
970.0 53.2
972.0 43.18
974.0 65.47
976.0 62.0
978.0 76.34
980.0 85.03
982.0 85.03
984.0 85.03
986.0 93.47
988.0 90.47
989.84 98.43
992.0 92.51
994.0 102.54
996.0 4.21
998.0 128.92
1000.0 124.03
1002.0 139.31
1004.0 153.21
1006.0 153.99
1008.01 159.26
1010.0 0.15
1012.0 154.97
1013.84 86.63
1016.01 83.72
1018.0 88.4
1020.0 2.31
1022.0 3.14
1024.0 60.81
1026.0 60.81
1028.02 60.81
1030.0 102.29
1032.0 43.62
1034.0 42.95
1036.0 10.8
1037.84 40.51
1040.0 44.4
1042.0 44.4
1044.0 44.4
1046.0 44.4
1048.0 44.4
1050.0 44.4
1052.0 44.4
1054.0 44.4
1056.0 44.4
1058.0 44.4
1060.01 44.4
1062.0 44.4
1064.0 44.4
1066.0 44.4
1068.0 44.4
1070.0 103.51
1072.01 103.51
1074.0 103.51
1076.01 103.51
1078.0 103.51
1080.0 107.49
1082.0 107.49
1084.0 132.21
1086.0 126.62
1088.0 130.89
1090.01 119.65
1092.01 5.1
1094.0 133.99
1096.0 128.94
1098.0 98.66
1100.0 70.68
1102.01 108.54
1104.0 137.53
1106.0 137.53
1108.01 135.99
1109.92 5.34
1112.0 117.81
1114.01 43.72
1116.01 6.49
1118.01 88.68
1120.01 108.35
1122.01 116.25
1124.0 115.67
1126.01 6.04
1128.01 123.33
1130.0 127.43
1132.0 97.24
1134.0 4.55
1136.01 50.69
1138.0 137.69
1140.0 0.15
1142.01 146.3
1144.01 1.89
1146.0 125.33
1148.0 110.0
1150.0 159.04
1152.01 50.9
1154.01 5.72
1156.01 56.51
1158.0 5.7
1160.03 48.06
1162.01 100.36
1164.01 91.31
1166.01 105.97
1168.01 85.85
1170.0 115.89
1172.01 80.58
1174.0 125.72
1176.01 141.23
1178.01 4.27
1180.01 152.17
1182.01 5.54
1184.01 64.81
1186.0 149.38
1188.01 135.28
1190.01 162.39
1192.01 2.8
1194.01 155.4
1196.01 12.37
1198.01 12.37
1200.01 160.17
1202.01 0.03
1204.01 160.69
1206.01 0.15
1208.01 121.75
1210.28 98.35
1212.26 110.16
1214.26 64.12
1216.25 6.08
1218.26 113.11
1220.17 2.04
1222.26 36.54
1224.26 84.76
1226.26 84.76
1228.26 50.11
1230.26 2.67
1232.26 30.21
1234.26 42.78
1236.26 63.44
1238.26 84.15
1240.26 36.57
1242.26 37.71
1244.1 21.64
1246.26 83.97
1248.26 43.27
1250.26 43.27
1252.26 12.31
1254.26 29.13
1256.26 31.55
1258.26 33.63
1260.26 37.44
1262.26 37.44
1264.26 37.44
1266.26 4.38
1268.26 0.11
1270.26 11.96
1272.26 11.77
1274.26 13.86
1276.26 8.19
1278.26 5.47
1280.26 1.05
1282.26 14.95
1284.27 18.89
1286.26 21.91
1288.26 11.96
1290.26 22.35
1292.11 21.78
1294.26 32.74
1296.26 23.6
1298.26 14.81
1300.26 33.27
1302.26 35.33
1304.26 34.01
1306.26 39.61
1308.26 40.46
1310.26 36.08
1312.26 24.98
1314.27 24.98
1316.26 24.98
1318.26 36.22
1320.26 39.86
1322.26 7.08
1324.26 40.77
1326.26 41.85
1328.26 29.07
1330.32 46.05
1332.27 49.38
1334.26 58.69
1336.26 58.31
1338.26 62.53
1340.26 15.21
1342.26 37.25
1344.26 61.98
1346.27 61.57
1348.26 66.9
1350.26 59.83
1352.27 64.13
1354.26 71.88
1356.26 73.22
1358.26 74.12
1360.27 58.69
1362.26 60.88
1364.26 73.24
1366.27 73.24
1368.26 68.21
1370.27 73.49
1372.27 76.68
1374.26 76.8
1376.26 87.89
1378.27 70.75
1380.26 24.57
1382.27 36.32
1384.26 79.82
1386.26 91.04
1388.26 106.38
1390.26 117.78
1392.26 103.86
1394.26 122.04
1396.27 119.11
1398.27 2.48
1400.26 127.53
1402.27 65.79
1404.26 105.21
1406.26 105.21
1408.26 5.45
1410.27 112.98
1412.27 112.98
1414.26 112.98
1416.26 112.98
1418.26 112.98
1420.26 107.53
1422.26 114.52
1424.26 114.52
1426.27 51.44
1428.26 56.64
1430.26 56.64
1432.26 3.85
1434.27 61.34
1436.26 61.14
1438.26 71.86
1440.27 30.25
1442.27 70.73
1444.26 81.61
1446.27 72.71
1448.27 87.96
1450.28 87.33
1452.27 83.86
1454.26 83.12
1456.26 85.23
1458.27 104.85
1460.52 106.14
1462.52 105.26
1464.54 114.73
1466.52 3.13
1468.52 0.15
1470.52 115.29
1472.52 53.43
1474.52 65.82
1476.52 129.18
1478.52 129.72
1480.52 6.09
1482.52 126.64
1484.52 6.34
1486.52 126.99
1488.52 121.91
1490.52 0.14
1492.52 125.77
1494.52 3.53
1496.52 33.87
1498.52 51.75
1500.52 0.03
1502.52 126.69
1504.52 5.9
1506.52 133.57
1508.52 0.15
1510.52 137.06
1512.52 146.97
1514.52 6.62
1516.52 154.35
1518.52 0.14
1520.52 159.92
1522.52 164.5
1524.52 166.07
1526.52 159.83
1528.52 0.15
1530.52 140.16
1532.52 0.15
1534.52 78.79
1536.52 42.38
1538.52 0.15
1540.52 83.39
1542.52 59.05
1544.52 95.64
1546.52 94.77
1548.52 99.59
1550.52 65.04
1552.52 110.14
1554.52 119.61
1556.52 124.59
1558.52 124.89
1560.52 129.73
1562.52 127.18
1564.53 132.65
1566.52 131.76
1568.52 129.15
1570.53 146.36
1572.52 161.7
1574.52 1.04
1576.52 6.23
1578.52 169.57
1580.52 0.07
1582.52 168.52
1584.52 169.61
1586.52 173.53
1588.52 51.55
1590.52 4.97
1592.52 116.55
1594.52 116.25
1596.53 123.79
1598.52 138.95
1600.52 4.44
1602.53 138.03
1604.52 6.38
1606.52 80.61
1608.52 101.18
1610.52 20.71
1612.52 131.5
1614.52 6.41
1616.52 148.09
1618.53 154.12
1620.52 152.15
1622.52 154.45
1624.52 6.11
1626.52 73.83
1628.52 0.15
1630.52 89.03
1632.53 33.38
1634.52 88.53
1636.52 83.96
1638.52 98.6
1640.53 90.02
1642.52 90.02
1644.52 38.52
1646.53 47.32
1648.52 98.8
1650.52 95.01
1652.53 106.27
1654.52 115.75
1656.53 51.42
1658.52 134.94
1660.52 90.19
1662.53 2.19
1664.53 150.48
1666.52 89.77
1668.53 84.31
1670.53 84.88
1672.52 127.19
1674.52 145.19
1676.53 6.29
1678.52 31.53
1680.52 156.35
1682.53 5.75
1684.53 56.82
1686.52 5.77
1688.78 128.16
1690.68 6.19
1692.78 136.2
1694.79 130.34
1696.77 4.31
1698.77 155.39
1700.77 0.58
1702.78 118.47
1704.78 53.39
1706.78 75.94
1708.78 102.59
1710.77 100.45
1712.78 124.09
1714.69 6.23
1716.77 143.13
1718.78 143.16
1720.78 5.54
1722.78 144.63
1724.78 124.19
1726.78 71.94
1728.78 95.85
1730.78 38.27
1732.78 131.59
1734.78 1.3
1736.78 133.23
1738.69 6.06
1740.78 132.45
1742.78 121.57
1744.78 4.42
1746.78 120.57
1748.78 6.17
1750.78 128.76
1752.78 56.23
1754.78 132.35
1756.78 132.7
1758.78 6.39
1760.78 140.03
1762.7 5.75
1764.78 146.44
1766.78 70.31
1768.78 0.56
1770.78 151.27
1772.78 150.1
1774.78 154.36
1776.78 154.33
1778.78 158.48
1780.78 144.33
1782.78 6.43
1784.78 87.46
1786.7 5.3
1788.78 140.01
1790.78 113.47
1792.78 5.99
1794.79 86.18
1796.78 131.71
1798.78 143.37
1800.78 149.63
1802.78 134.28
1804.78 151.16
1806.78 5.74
1808.78 161.92
1810.78 154.75
1812.78 105.59
1814.78 152.68
1816.78 5.24
1818.78 106.73
1820.78 0.15
1822.79 162.07
1824.78 171.64
1826.79 149.41
1828.78 104.2
1830.79 3.75
1832.78 160.47
1834.7 3.26
1836.78 158.03
1838.78 162.73
1840.78 158.08
1842.78 134.62
1844.79 6.61
1846.78 30.6
1848.78 112.66
1850.79 111.04
1852.78 107.93
1854.78 114.06
1856.78 114.06
1858.78 114.06
1860.78 119.56
1862.78 129.32
1864.78 134.86
1866.78 160.63
1868.78 6.57
1870.78 159.73
1872.78 60.29
1874.78 68.7
1876.79 115.44
1878.78 5.18
1880.78 76.92
1882.78 5.49
1884.78 121.65
1886.78 113.71
1888.79 6.01
1890.78 126.49
1892.78 6.47
1894.78 45.33
1896.78 40.71
1898.78 53.56
1900.78 62.75
1902.78 5.22
1904.78 23.02
1906.78 86.41
1908.78 81.7
1910.78 79.24
1912.78 79.24
1914.79 79.24
1916.78 85.97
1918.78 75.13
1920.78 90.87
1922.78 59.61
1924.79 103.66
1926.79 99.85
1928.78 103.8
1930.78 103.8
1932.79 110.87
1934.78 110.87
1936.78 6.19
1939.04 125.96
1941.03 6.41
1943.04 140.73
1944.94 6.16
1947.04 146.18
1949.03 156.49
1951.04 5.07
1953.04 78.87
1955.03 6.39
1957.04 55.56
1959.04 101.64
1961.03 120.83
1963.03 110.57
1965.04 6.39
1967.03 44.04
1968.95 1.98
1971.04 119.97
1973.04 121.71
1975.04 122.73
1977.04 131.97
1979.04 6.3
1981.04 84.08
1983.04 129.94
1985.04 129.05
1987.04 127.08
1989.04 6.34
1991.04 138.73
1992.95 5.96
1995.04 135.66
1997.04 139.52
1999.04 0.15
2001.04 118.39
2003.04 6.19
2005.04 103.66
2007.04 0.14
2009.04 118.58
2011.04 117.62
2013.04 42.91
2015.04 60.65
2016.88 60.65
2019.04 110.19
2021.04 69.12
2023.04 40.19
2025.04 48.28
2027.04 48.28
2029.04 132.04
2031.04 136.15
2033.04 136.04
2035.04 66.81
2037.04 6.14
2039.04 63.54
2040.95 5.72
2043.04 71.07
2045.04 69.54
2047.04 69.54
2049.04 5.37
2051.04 70.36
2053.04 68.41
2055.04 54.94
2057.04 61.05
2059.04 46.01
2061.04 5.09
2063.04 71.51
2065.04 69.32
2067.04 79.51
2069.04 80.68
2071.04 78.14
2073.04 86.92
2075.04 85.76
2077.04 85.76
2079.04 83.92
2081.04 87.42
2083.04 87.42
2085.04 87.42
2087.04 19.41
2089.04 36.96
2091.04 77.95
2093.04 87.68
2095.04 87.68
2097.04 91.43
2099.04 91.43
2101.04 91.43
2103.04 91.43
2105.04 91.43
2107.04 91.43
2109.04 91.43
2111.04 91.43
2113.04 91.43
2115.04 91.43
2117.04 26.86
2119.04 26.86
2121.04 45.13
2123.04 91.44
2125.05 47.38
2127.04 90.3
2129.04 90.3
2131.04 90.3
2133.04 90.3
2135.04 90.3
2137.05 60.12
2139.04 47.03
2141.04 53.9
2143.04 13.57
2145.04 61.59
2147.04 16.6
2149.04 62.95
2151.04 59.49
2153.04 0.03
2155.04 78.52
2157.04 78.52
2159.04 78.52
2161.04 58.84
2163.05 78.22
2165.04 78.22
2167.04 51.55
2169.04 51.55
2171.04 51.55
2173.04 85.24
2175.04 69.6
2177.04 83.41
2179.04 89.01
2181.04 80.64
2183.04 55.14
2185.04 90.36
2187.04 90.36
2189.29 90.36
2191.29 90.36
2193.3 90.36
2195.29 97.83
2197.29 97.83
2199.3 97.83
2201.3 102.62
2203.29 102.65
2205.29 103.01
2207.3 104.47
2209.3 110.33
2211.3 115.67
2213.3 111.01
2215.29 113.13
2217.29 124.22
2219.29 0.14
2221.29 121.15
2223.29 107.94
2225.3 96.73
2227.3 108.09
2229.29 5.34
2231.3 110.54
2233.3 4.43
2235.29 89.01
2237.3 28.78
2239.29 5.82
2241.29 120.49
2243.29 5.92
2245.3 138.87
2247.3 109.18
2249.3 109.18
2251.3 62.63
2254.55 62.63
2256.55 62.63
2258.55 62.63
2260.55 95.18
2262.55 96.48
2264.55 101.22
2266.55 105.58
2268.55 70.52
2270.55 100.25
2272.55 108.44
2274.55 83.31
2276.55 104.72
2278.55 5.78
2280.55 124.46
2282.55 6.17
2284.55 160.97
2286.55 165.94
2288.55 6.27
2290.55 162.52
2292.55 6.24
2294.55 136.59
2296.55 125.18
2298.55 129.29
2300.55 159.05
2302.55 6.04
2304.55 121.11
2306.55 6.25
2308.55 115.26
2310.55 37.46
2312.55 2.68
2314.56 112.47
2316.55 5.28
2318.55 100.84
2320.55 58.89
2322.55 122.06
2324.55 129.8
2326.55 6.54
2328.55 0.03
2330.55 5.21
2332.55 166.85
2334.55 158.69
2336.55 0.15
2338.55 158.22
2340.55 6.13
2342.55 62.46
2344.55 121.42
2346.55 86.09
2348.55 124.52
2350.55 7.27
2352.55 121.12
2354.55 6.29
2356.55 102.38
2358.55 130.11
2360.55 145.91
2362.56 146.42
2364.55 3.74
2366.55 154.56
2368.56 157.66
2370.55 155.79
2372.55 154.08
2374.55 0.15
2376.55 106.73
2378.55 3.53
2380.55 110.19
2382.55 111.36
2384.55 111.36
2386.55 111.34
2388.55 111.34
2390.55 111.34
2392.55 111.34
2394.55 64.83
2396.77 109.8
2398.55 110.12
2400.55 110.12
2402.55 110.12
2404.56 130.9
2406.55 136.49
2408.55 125.91
2410.55 127.33
2412.56 46.37
2414.55 134.16
2416.55 134.16
2418.55 134.16
2420.55 141.49
2422.55 5.19
2424.55 169.42
2426.55 5.45
2428.55 143.61
2430.55 72.61
2432.55 97.94
2434.55 149.52
2436.55 5.86
2438.55 157.21
2440.55 85.44
2442.56 155.52
2444.55 158.93
2446.55 5.62
2448.55 24.12
2450.56 0.15
2452.55 108.36
2454.55 127.31
2456.55 1.15
2458.56 31.3
2460.55 119.65
2462.55 125.74
2464.55 120.51
2466.55 50.41
2468.55 123.5
2470.55 5.56
2472.55 115.1
2474.55 6.16
2476.55 113.18
2478.55 105.46
2480.55 6.61
2482.55 110.03
2484.55 6.59
2486.8 95.47
2488.73 1.2
2490.8 114.64
2492.81 26.84
2494.81 0.15
2496.8 86.66
2498.8 1.79
2500.8 127.88
2502.8 125.42
2504.8 134.07
2506.81 129.68
2508.8 109.82
2510.82 71.36
2512.72 4.31
2514.8 83.77
2516.81 145.32
2518.81 0.14
2520.81 29.18
2522.8 6.29
2524.81 176.84
2526.81 112.28
2528.8 118.65
2530.81 94.92
2532.8 4.81
2534.8 73.75
2536.64 112.53
2538.81 113.74
2540.81 120.7
2542.81 6.16
2544.81 160.44
2546.81 5.19
2548.81 158.93
2550.8 161.76
2552.8 0.03
2554.81 127.79
2556.81 0.15
2558.81 157.58
2560.73 6.0
2562.81 95.34
2564.81 86.95
2566.81 72.04
2568.81 153.78
2570.81 5.17
2572.81 152.82
2574.81 177.03
2576.81 154.81
2578.81 165.04
2580.81 5.26
2582.81 151.95
2584.72 4.57
2586.81 50.57
2588.81 130.72
2590.81 5.08
2592.81 172.65
2594.81 6.05
2596.81 112.08
2598.81 56.68
2600.81 56.68
2602.81 167.73
2604.81 6.28
2606.81 142.59
2608.72 5.78
2610.81 154.49
2612.81 155.64
2614.81 5.73
2616.81 88.84
2618.81 7.69
2620.81 141.47
2622.81 157.49
2624.81 162.97
2626.81 164.16
2628.81 6.06
2630.81 173.35
2632.72 5.53
2634.81 38.24
2636.81 92.08
2638.81 5.86
2640.81 92.13
2642.81 108.62
2644.81 108.17
2646.81 108.17
2648.81 108.17
2650.81 111.47
2652.81 106.9
2654.81 106.9
2656.81 109.92
2658.81 112.19
2660.81 111.79
2662.81 113.87
2664.82 122.52
2666.81 126.99
2668.81 126.99
2670.81 75.59
2672.81 118.56
2674.82 75.24
2676.82 115.77
2678.81 135.98
2680.81 73.49
2682.81 73.49
2684.81 73.49
2686.81 73.49
2688.81 133.9
2690.81 5.95
2692.81 143.04
2694.81 145.51
2696.88 7.43
2698.81 150.31
2700.81 6.43
2702.81 153.38
2704.82 6.08
2706.81 145.16
2708.81 160.03
2710.81 6.17
2712.81 167.76
2714.81 5.94
2716.81 167.93
2718.81 144.65
2720.81 0.15
2722.81 85.53
2724.82 3.55
2726.82 73.31
2728.81 0.14
2730.81 14.34
2732.82 92.3
2734.81 93.19
2737.07 93.19
2739.07 93.19
2741.06 93.19
2742.9 93.19
2745.06 93.19
2747.06 93.19
2749.06 93.19
2751.07 93.19
2753.06 93.19
2755.06 96.18
2757.07 94.14
2759.06 99.09
2761.06 102.53
2763.07 102.57
2765.06 101.99
2766.91 106.16
2769.06 106.16
2771.06 106.16
2773.07 42.5
2775.07 105.53
2777.07 103.65
2779.06 103.65
2781.07 14.15
2783.06 20.43
2785.06 31.68
2787.06 7.71
2789.06 43.51
2790.9 101.42
2793.06 109.5
2795.07 109.5
2797.07 109.5
2799.06 109.5
2801.07 6.09
2803.07 117.0
2805.06 129.69
2807.06 130.02
2809.07 134.01
2811.06 6.38
2813.07 129.9
2814.9 137.77
2817.06 137.4
2819.07 23.04
2821.07 33.76
2823.07 138.05
2825.08 5.94
2827.06 154.84
2829.06 151.9
2831.07 6.27
2833.07 148.54
2835.07 6.14
2837.07 156.11
2838.98 5.67
2841.07 64.39
2843.07 109.17
2845.07 6.54
2847.07 89.3
2849.07 5.51
2851.08 84.21
2853.07 90.85
2855.07 98.35
2857.07 98.24
2859.07 98.24
2861.07 92.03
2863.07 97.16
2865.07 101.91
2867.07 107.54
2869.07 112.88
2871.08 100.43
2873.07 110.57
2875.08 115.96
2877.07 115.36
2879.07 111.58
2881.07 115.66
2883.07 5.7
2885.07 118.53
2887.07 122.6
2889.09 122.6
2891.07 91.24
2893.07 64.64
2895.07 64.64
2897.07 0.15
2899.07 135.18
2901.07 145.43
2903.07 146.14
2905.07 152.47
2907.07 5.72
2909.07 148.72
2911.07 6.54
2913.07 140.78
2915.07 154.17
2917.07 6.07
2919.07 122.63
2921.07 5.7
2923.07 96.05
2925.08 145.1
2927.07 84.28
2929.07 148.44
2931.08 6.37
2933.07 145.1
2935.07 2.03
2937.07 104.37
2939.07 90.78
2941.07 5.41
2943.07 131.93
2945.08 1.36
2947.07 154.46
2949.07 160.31
2951.1 155.95
2953.07 155.56
2955.07 6.42
2957.07 91.54
2959.07 5.41
2961.07 2.27
2963.07 81.64
2965.07 6.31
2967.82 152.82
2969.82 2.4
2971.82 161.59
2973.82 159.49
2975.82 4.54
2977.82 112.75
2979.83 6.32
2983.58 139.58
2985.48 6.38
2988.08 162.64
2990.07 171.71
2992.08 3.67
2994.07 146.0
2996.07 3.8
2998.07 137.66
3000.07 103.42
3002.07 143.53
3004.07 147.76
3006.07 5.99
3008.33 147.21
3010.32 3.91
3012.32 124.04
3014.57 152.69
3016.57 5.59
3018.57 6.05
3020.57 4.53
3023.07 67.04
3025.07 67.04
3027.07 67.04
3029.08 67.09
3031.08 11.13
3033.07 66.04
3035.07 66.04
3037.08 66.04
3039.33 66.04
3041.32 66.04
3043.32 23.97
3045.32 31.44
3047.32 32.77
3049.32 65.63
3051.33 65.63
3053.32 14.94
3055.33 64.86
3057.33 64.86
3059.32 64.86
3061.33 64.86
3063.33 64.86
3065.32 72.96
3068.21 86.63
3070.28 98.99
3072.21 98.99
3074.21 98.99
3076.22 98.99
3078.21 98.99
3080.21 98.99
3082.21 98.99
3084.24 98.59
3086.21 98.59
3088.21 98.59
3090.21 98.59
3092.22 98.59
3094.21 98.59
3096.21 98.59
3098.23 98.79
3130.26 98.79
