0.0 70.8
1.65 122.85
3.87 0.35
5.87 151.54
7.87 6.31
9.87 181.94
11.87 190.83
13.88 192.14
15.87 190.89
17.87 5.85
19.87 201.16
21.87 205.53
23.88 195.57
25.87 203.33
27.87 1.96
29.87 222.53
31.87 1.06
33.87 64.87
35.87 229.28
37.87 210.65
39.88 282.06
41.88 3.88
43.87 275.49
45.88 5.98
47.87 410.05
49.88 440.51
51.88 0.17
53.88 459.87
55.87 5.65
57.87 84.11
59.87 0.18
61.87 450.74
63.88 11.52
65.87 0.7
67.88 12.85
69.88 0.18
71.88 474.79
73.88 100.5
75.87 3.69
77.87 153.72
79.87 6.36
81.88 54.46
83.88 467.81
85.88 175.15
87.88 111.89
89.88 5.99
91.95 57.98
94.05 4.03
95.88 476.58
97.88 0.05
99.88 4.09
101.88 463.82
103.88 4.4
105.87 435.64
107.88 451.73
109.88 458.29
111.88 469.75
113.87 2.49
115.88 226.07
117.88 7.18
119.88 114.46
121.88 179.94
123.88 2.28
125.88 479.77
127.88 0.44
129.88 214.05
131.88 458.78
133.88 448.44
136.13 455.87
138.13 3.7
140.13 219.94
142.13 3.69
144.13 0.18
146.13 463.79
148.13 2.47
150.13 442.93
152.13 0.18
154.13 6.67
156.13 462.89
158.13 5.26
160.13 94.22
162.13 3.49
164.13 418.63
166.34 5.26
168.13 84.83
170.13 464.11
172.14 5.13
174.32 0.18
176.13 4.92
178.13 42.08
180.13 67.3
182.13 359.79
184.13 345.11
186.13 361.16
188.13 306.29
190.13 2.98
192.13 303.91
194.13 349.94
196.13 2.81
198.13 316.12
200.13 4.76
202.13 0.14
204.13 371.34
206.13 374.47
208.13 288.9
210.13 6.52
212.13 0.68
214.13 0.17
216.19 331.36
218.29 166.83
220.13 32.89
222.13 81.52
224.13 6.6
226.13 382.92
228.13 2.55
230.13 1.46
232.13 357.06
234.13 1.93
236.13 62.99
238.13 4.73
240.13 19.15
242.13 399.96
244.13 6.42
246.13 393.68
248.14 3.87
250.13 394.18
252.13 390.63
254.13 409.64
256.13 420.13
258.13 7.25
260.13 345.27
262.13 5.47
264.13 430.98
266.13 442.4
268.13 6.35
270.14 30.66
272.13 0.18
274.13 43.18
276.13 443.96
278.13 450.42
280.13 428.97
282.13 6.55
284.13 460.9
286.13 3.0
288.13 339.49
290.13 420.56
292.13 17.09
294.13 460.94
296.13 0.18
298.13 390.48
300.13 436.46
302.13 482.18
304.13 447.49
306.13 2.29
308.13 369.25
310.13 4.02
312.13 452.72
314.63 460.31
316.63 5.0
318.63 472.99
320.63 7.08
322.63 432.1
324.63 219.13
326.63 222.29
328.63 233.26
331.06 1.4
332.64 169.54
334.67 0.89
336.76 248.43
338.63 251.49
340.63 8.03
342.63 73.41
344.63 7.69
346.63 124.13
348.64 112.46
350.63 225.54
352.63 225.37
354.63 0.35
356.63 110.13
358.63 7.78
360.63 61.85
362.63 210.49
364.63 7.74
366.63 142.65
368.63 159.8
370.63 210.35
372.63 97.94
374.89 123.66
376.89 89.58
378.89 4.93
380.89 0.18
382.89 7.42
384.89 97.16
386.88 108.41
388.88 127.47
390.88 136.34
392.88 7.83
394.89 46.6
396.78 5.43
398.89 128.49
400.89 127.41
402.89 7.81
404.89 43.85
406.88 7.82
408.89 130.59
410.89 105.97
412.89 62.11
414.89 66.09
416.89 68.3
418.89 68.3
420.77 6.93
422.89 70.8
424.89 65.34
426.89 23.32
428.88 89.79
430.89 89.79
432.89 89.79
434.89 89.79
436.89 89.79
438.89 89.79
440.89 89.79
442.89 89.79
444.71 105.5
446.89 105.5
448.89 105.5
451.12 119.08
452.91 119.08
454.89 119.08
456.89 49.77
458.89 51.14
460.94 72.67
462.89 90.57
464.89 92.89
466.89 93.52
468.89 107.33
470.89 132.94
472.89 145.58
474.89 3.56
476.89 71.18
478.89 3.56
480.89 67.56
482.89 71.56
484.89 70.3
486.89 70.84
488.89 70.84
490.89 74.34
492.89 86.99
494.89 86.99
496.89 86.92
498.89 88.34
500.89 93.23
502.89 91.95
504.89 91.95
506.89 91.95
508.89 91.95
510.89 91.95
512.89 91.95
514.89 91.95
516.89 91.95
518.89 113.21
520.89 124.64
522.89 121.97
524.89 126.65
526.89 6.42
528.89 190.64
530.89 183.74
532.89 196.61
534.89 197.91
536.89 0.18
538.89 206.24
540.89 6.07
542.89 263.51
544.89 289.03
546.92 7.58
548.89 339.55
550.89 5.96
552.89 319.04
554.89 319.04
556.9 337.28
558.89 344.1
560.9 4.41
562.89 211.64
564.89 7.71
566.89 352.55
568.89 368.25
571.22 1.89
572.89 347.5
574.89 7.23
576.92 408.11
579.02 401.26
581.12 413.58
582.89 379.9
584.89 7.14
586.89 308.31
589.14 5.67
591.14 306.55
593.14 310.48
595.14 316.01
597.16 326.55
599.14 0.18
601.14 205.69
603.14 376.98
605.14 372.77
607.14 371.0
609.15 4.41
611.14 401.99
613.15 0.18
615.14 308.81
617.14 286.93
619.14 3.0
621.14 310.91
623.14 3.72
625.15 305.7
627.14 305.42
629.14 235.39
631.15 308.96
633.14 312.13
635.14 310.32
637.14 0.18
639.15 303.7
641.14 307.45
643.15 5.02
645.15 314.98
647.14 3.14
649.14 326.59
651.15 311.64
653.14 360.32
655.14 353.05
657.15 2.25
659.15 377.56
661.15 340.76
663.14 377.36
665.15 380.07
667.15 5.78
669.14 285.69
671.15 3.54
673.15 330.36
675.15 221.96
677.15 339.31
679.15 323.42
681.15 2.81
683.14 327.31
685.14 2.82
687.15 264.61
689.15 248.22
691.28 2.46
693.38 265.1
695.15 7.35
697.15 59.78
699.18 34.27
701.15 258.42
703.15 254.44
705.15 4.16
707.15 298.43
709.15 3.69
711.15 346.21
713.15 359.86
715.15 7.22
717.15 363.12
719.15 0.18
721.15 406.35
723.15 438.13
725.15 403.59
727.15 320.97
729.14 6.56
731.15 283.48
733.15 5.65
735.15 359.04
737.15 407.01
739.15 4.37
741.15 276.23
743.15 5.8
745.15 404.88
747.15 409.75
749.15 405.07
751.15 405.07
753.15 7.73
755.15 411.4
757.15 3.87
759.15 434.05
761.15 459.48
763.15 0.18
765.15 330.61
767.15 1.05
769.15 431.64
771.15 407.42
773.15 339.89
775.15 313.28
777.15 2.64
779.15 382.35
781.15 3.18
783.15 336.8
785.15 341.27
787.15 4.44
789.15 311.22
791.4 5.82
793.4 340.36
795.29 6.75
797.4 357.24
799.4 351.34
801.4 0.18
803.4 399.4
805.4 2.32
807.4 427.99
809.4 460.21
811.41 291.98
813.44 18.83
815.54 1.45
817.41 82.38
819.38 7.77
821.4 185.78
823.4 308.41
825.4 6.69
827.4 339.86
829.4 7.21
831.4 340.24
833.4 337.21
835.4 355.9
837.4 345.76
839.4 0.17
841.4 340.88
843.29 4.39
845.4 300.83
847.4 366.67
849.41 7.74
851.4 348.5
853.4 2.27
855.4 403.89
857.4 99.52
859.4 389.46
861.4 233.76
863.4 0.18
865.4 427.4
867.4 434.15
869.4 371.8
871.4 434.43
873.4 7.33
875.4 366.85
877.4 0.18
879.4 438.54
881.4 23.98
883.4 82.04
885.4 225.03
887.4 7.07
889.4 346.89
891.29 1.56
893.4 445.65
895.4 129.0
897.4 3.73
899.4 301.11
901.41 7.08
903.41 43.83
905.41 113.55
907.41 448.7
909.41 193.75
911.4 6.04
913.4 438.81
915.4 5.17
917.41 430.88
919.41 440.9
921.41 5.09
923.41 0.18
925.4 1.55
927.41 458.26
929.41 449.59
931.47 409.84
933.56 0.03
935.41 2.98
937.4 78.48
939.33 2.13
941.41 401.11
943.41 373.01
945.41 6.2
947.41 385.26
949.41 7.23
951.41 404.64
953.41 402.64
955.41 392.83
957.41 407.69
959.41 0.18
961.41 404.46
963.41 1.72
965.41 400.22
967.41 400.05
969.41 8.7
971.41 207.05
973.41 3.68
975.41 452.8
977.41 456.7
979.41 83.85
981.41 126.69
983.41 0.18
985.41 259.62
987.41 0.68
989.41 365.24
991.41 245.39
993.41 3.55
995.41 0.18
997.41 5.09
999.41 438.79
1001.41 355.14
1003.41 438.81
1005.41 429.39
1007.41 1.4
1009.41 292.76
1011.41 6.53
1013.41 276.5
1015.41 289.29
1017.66 7.7
1019.66 165.04
1021.66 0.17
1023.66 131.47
1025.55 7.72
1027.66 82.29
1029.66 108.32
1031.66 7.73
1033.66 64.62
1035.66 2.94
1037.66 138.67
1039.66 120.31
1041.66 141.13
1043.66 139.22
1045.66 0.18
1047.66 1.06
1049.54 7.87
1051.66 79.4
1053.67 51.82
1055.77 93.48
1057.87 106.81
1059.66 122.78
1061.66 122.78
1063.66 122.78
1065.66 122.78
1068.01 128.04
1069.66 7.63
1071.66 124.53
1073.54 7.82
1075.66 45.93
1077.66 113.63
1079.66 6.05
1081.66 130.15
1083.66 7.83
1085.66 141.78
1087.66 101.11
1089.66 147.72
1091.66 148.25
1093.66 5.91
1095.66 88.63
1097.55 7.75
1099.66 153.4
1101.66 158.47
1103.66 159.23
1105.66 158.91
1107.66 5.5
1109.66 70.0
1111.66 138.27
1113.66 0.18
1115.66 29.48
1117.66 0.18
1119.66 109.02
1121.66 109.02
1123.66 109.02
1125.66 118.12
1127.66 7.85
1129.66 106.02
1131.66 7.8
1133.66 130.26
1135.66 148.53
1137.66 6.35
1139.66 138.48
1141.67 5.69
1143.67 150.25
1145.66 7.72
1147.66 177.72
1149.66 183.29
1151.66 2.13
1153.66 18.69
1155.66 4.23
1157.66 65.25
1159.66 184.74
1161.66 225.86
1163.67 272.9
1165.66 5.45
1167.67 360.52
1169.66 2.11
1171.75 331.18
1173.85 399.5
1175.67 1.24
1177.66 0.18
1179.66 7.23
1181.67 456.05
1183.67 373.64
1185.67 438.65
1187.66 435.52
1189.66 6.53
1191.67 195.53
1193.67 2.99
1195.67 420.71
1197.67 455.1
1199.67 3.69
1201.67 435.06
1203.67 0.18
1205.67 449.58
1207.67 457.19
1209.67 470.52
1211.66 466.7
1213.67 2.31
1215.67 428.68
1217.67 5.81
1219.67 400.58
1221.67 440.5
1223.67 1.23
1225.67 461.97
1227.92 7.59
1229.92 0.18
1231.92 373.6
1233.92 365.95
1235.92 287.44
1237.92 7.76
1239.92 1.33
1241.92 1.23
1243.92 412.44
1245.92 389.7
1247.92 0.17
1249.92 328.58
1251.92 5.69
1253.92 399.79
1255.92 386.64
1257.92 399.79
1259.92 389.56
1261.92 1.73
1263.92 423.48
1265.92 2.83
1267.92 99.7
1269.92 408.6
1271.92 1.76
1273.92 359.03
1275.92 4.39
1277.92 299.6
1279.92 0.65
1281.92 353.45
1283.92 345.13
1285.92 7.73
1287.92 352.92
1289.92 5.65
1291.92 349.89
1293.95 92.09
1296.0 5.84
1298.1 185.3
1299.92 1.99
1301.92 81.63
1303.92 341.18
1305.92 380.75
1307.92 405.41
1309.92 6.26
1311.92 437.1
1313.92 6.7
1315.92 448.61
1317.92 437.98
1319.92 3.54
1321.92 240.71
1323.92 3.71
1325.92 312.73
1327.92 306.59
1329.92 2.25
1331.92 308.19
1333.92 2.81
1335.92 407.1
1337.92 7.7
1339.92 399.5
1341.92 432.29
1343.93 3.79
1345.92 421.45
1347.93 4.61
1349.92 446.49
1351.92 459.67
1353.92 425.81
1355.92 443.45
1357.92 5.8
1359.92 438.0
1361.92 0.36
1363.92 182.12
1365.92 403.95
1368.18 0.35
1370.17 344.55
1372.17 5.84
1374.17 348.54
1376.17 338.56
1378.17 393.97
1380.17 419.29
1382.17 5.29
1384.17 440.97
1386.17 6.74
1388.18 451.17
1390.17 463.31
1392.45 6.99
1394.42 23.96
1396.42 2.73
1398.68 130.86
1400.67 189.62
1402.67 199.76
1404.67 74.24
1406.67 1.9
1408.67 16.67
1410.89 4.66
1412.67 42.24
1414.67 42.24
1416.67 44.22
1418.67 44.22
1420.67 50.96
1422.67 50.96
1424.67 104.75
1426.67 110.35
1428.67 110.35
1430.67 110.35
1432.68 110.35
1434.67 111.11
1436.68 27.01
1438.67 59.84
1440.67 123.92
1442.67 0.5
1444.67 3.93
1446.67 132.81
1448.67 131.63
1450.67 131.38
1452.67 131.38
1454.67 133.18
1456.68 58.31
1458.67 3.05
1460.68 58.07
1462.67 133.15
1464.68 7.84
1466.68 127.63
1468.68 142.72
1470.67 142.72
1472.68 142.72
1474.67 142.72
1476.67 142.72
1478.68 7.77
1480.68 145.18
1482.68 7.79
1484.68 111.81
1486.67 151.68
1488.68 7.7
1490.67 158.07
1492.67 7.77
1494.67 159.8
1496.67 180.86
1498.67 76.46
1500.67 52.15
1502.67 5.17
1504.93 27.77
1506.93 60.8
1508.94 81.28
1510.93 81.28
1512.93 81.28
1514.92 99.32
1516.93 106.79
1518.93 109.72
1520.75 109.72
1522.93 109.11
1524.93 108.53
1526.93 108.98
1528.93 108.98
1531.0 108.98
1533.03 108.98
1535.06 108.98
1536.93 108.98
1538.93 108.98
1540.93 108.98
1542.93 108.98
1544.78 107.7
1546.93 115.2
1548.93 99.73
1550.93 0.71
1552.93 118.28
1554.93 125.59
1556.93 105.79
1558.93 105.79
1560.93 146.37
1562.93 170.56
1564.93 7.65
1566.93 185.36
1568.82 4.56
1570.93 227.94
1572.93 225.37
1574.93 4.81
1576.93 250.31
1578.93 5.31
1580.93 1.17
1582.93 384.56
1584.93 387.09
1586.93 0.89
1588.93 0.18
1590.93 0.28
1592.82 7.27
1594.93 365.41
1596.93 408.35
1598.93 5.84
1600.93 436.14
1602.93 3.72
1604.93 464.28
1606.94 452.33
1608.93 436.39
1610.94 177.06
1612.94 7.42
1614.94 88.09
1616.83 7.09
1618.93 457.02
1620.93 435.78
1622.94 5.52
1624.93 10.68
1626.94 7.77
1628.93 448.6
1630.93 449.66
1632.93 435.41
1634.93 402.61
1636.93 6.99
1638.93 468.42
1640.93 5.79
1642.93 447.52
1644.93 448.27
1646.93 1.2
1648.93 1.05
1651.05 0.18
1653.15 449.72
1654.93 389.5
1656.93 0.18
1658.94 427.87
1660.93 4.42
1662.93 333.9
1664.93 1.41
1666.93 416.95
1668.94 431.2
1670.94 5.85
1672.94 433.89
1674.93 1.41
1676.93 360.66
1678.93 399.14
1680.94 429.78
1682.94 414.11
1684.94 3.69
1686.94 372.44
1689.19 0.18
1691.18 351.88
1693.18 395.27
1695.18 6.51
1697.18 342.4
1699.18 1.08
1701.18 369.77
1703.18 27.35
1705.18 66.42
1707.18 52.97
1709.18 2.47
1711.19 289.43
1713.18 2.75
1715.18 343.38
1717.18 341.56
1719.18 5.64
1721.18 251.93
1723.18 0.15
1725.19 257.51
1727.18 261.54
1729.19 278.39
1731.19 300.5
1733.19 0.18
1735.18 312.61
1737.19 3.14
1739.19 166.55
1741.18 333.7
1743.18 2.98
1745.18 312.33
1747.18 4.24
1749.18 274.05
1751.19 246.65
1753.19 313.0
1755.19 355.56
1757.19 3.7
1759.19 379.5
1761.19 6.03
1763.19 406.39
1765.18 379.68
1767.18 5.83
1769.19 246.39
1771.2 0.18
1773.26 386.02
1775.36 238.89
1777.19 222.05
1779.19 29.22
1781.19 7.73
1783.19 408.02
1785.19 5.82
1787.19 31.91
1789.19 404.04
1791.19 1.77
1793.19 379.97
1795.19 3.9
1797.19 481.88
1799.19 46.58
1801.19 469.19
1803.19 400.1
1805.19 6.72
1807.19 373.14
1809.19 0.09
1811.19 377.34
1813.2 420.39
1815.19 0.18
1817.19 416.94
1819.19 1.75
1821.19 401.6
1823.19 369.87
1825.19 376.25
1827.19 385.76
1829.19 0.18
1831.19 391.76
1833.19 7.75
1835.19 402.86
1837.19 406.43
1839.19 2.73
1841.19 396.97
1843.19 7.39
1845.19 380.72
1847.19 350.76
1849.19 97.0
1851.19 414.92
1853.19 0.17
1855.19 446.61
1857.19 1.23
1859.19 438.03
1861.19 439.84
1863.19 0.69
1865.19 440.0
1867.19 2.27
1869.19 341.8
1871.2 383.88
1873.19 387.05
1875.19 395.23
1877.19 7.82
1879.19 356.77
1881.19 3.88
1883.19 70.9
1885.19 218.64
1887.19 5.79
1889.19 223.08
1891.19 2.49
1893.32 30.27
1895.19 72.79
1897.19 38.67
1899.19 8.7
1901.19 5.74
1903.19 118.29
1905.19 6.46
1907.19 232.74
1909.19 244.38
1911.19 4.05
1913.2 244.44
1915.19 7.71
1917.19 66.8
1919.19 247.89
1921.2 265.06
1923.19 224.63
1925.19 7.73
1927.19 289.96
1929.19 4.23
1931.2 307.6
1933.19 356.09
1935.19 0.18
1937.19 385.72
1939.44 3.69
1941.45 373.42
1943.33 3.69
1945.44 328.36
1947.44 394.72
1949.44 1.07
1951.44 400.64
1953.45 0.18
1955.44 314.95
1957.44 296.65
1959.45 343.45
1961.44 403.74
1963.44 6.33
1965.45 415.43
1967.33 4.18
1969.46 397.7
1971.45 449.66
1973.45 0.48
1975.45 218.81
1977.44 3.88
1979.45 450.46
1981.44 434.08
1983.45 371.61
1985.45 392.49
1987.44 3.52
1989.45 438.85
1991.33 5.46
1993.46 426.27
1995.45 444.0
1997.45 436.19
1999.45 475.35
2001.45 0.18
2003.45 37.4
2005.46 409.98
2007.45 425.64
2009.45 377.17
2011.45 3.67
2013.46 0.03
2015.48 246.51
2017.58 246.51
2019.45 391.62
2021.45 320.2
2023.44 389.28
2025.45 2.94
2027.45 403.56
2029.45 429.44
2031.45 433.99
2033.45 0.18
2035.45 0.18
2037.45 421.48
2039.33 6.01
2041.45 468.45
2043.45 481.97
2045.45 4.42
2047.45 16.06
2049.45 1.76
2051.45 343.42
2053.45 330.77
2055.45 352.7
2057.45 369.99
2059.45 5.18
2061.45 377.69
2063.33 2.46
2065.45 384.61
2067.45 384.61
2069.45 7.77
2071.45 337.6
2073.45 0.18
2075.45 325.5
2077.45 298.94
2079.46 334.83
2081.45 354.34
2083.69 7.23
2085.45 401.0
2087.45 52.77
2089.45 330.59
2091.55 335.96
2093.45 1.94
2095.45 156.97
2097.45 6.78
2099.45 0.18
2101.45 36.85
2103.45 83.74
2105.45 64.55
2107.45 101.58
2109.45 102.54
2111.45 102.54
2113.45 102.54
2115.45 102.54
2117.45 103.55
2119.45 103.55
2121.45 103.55
2123.45 103.55
2125.45 103.55
2127.45 109.63
2129.45 118.92
2131.53 118.92
2133.49 38.27
2135.59 114.39
2137.45 155.55
2139.45 44.9
2141.45 5.71
2143.45 160.01
2145.45 7.82
2147.45 49.68
2149.45 49.0
2151.45 0.18
2153.45 62.73
2155.45 72.76
2157.45 87.68
2159.45 105.72
2161.45 115.74
2163.45 116.86
2165.45 49.14
2167.45 53.55
2169.45 54.49
2171.45 80.53
2173.45 70.1
2175.45 82.44
2177.45 82.44
2179.45 82.44
2181.45 82.44
2183.45 82.44
2185.45 82.44
2187.45 82.44
2189.7 83.73
2191.7 83.73
2193.71 83.73
2195.7 83.73
2197.53 83.73
2199.7 83.73
2201.7 83.73
2203.7 83.73
2205.7 83.73
2207.7 86.39
2209.7 86.39
2211.7 86.39
2213.7 86.69
2215.7 73.23
2217.7 105.43
2219.7 103.15
2221.53 103.38
2223.7 131.49
2225.7 153.23
2227.7 7.81
2229.7 154.06
2231.7 65.53
2233.71 157.84
2235.71 157.84
2237.7 136.97
2239.71 57.47
2241.7 7.74
2243.7 94.11
2245.59 5.71
2247.7 157.68
2249.7 159.92
2251.7 5.99
2253.7 50.1
2255.71 58.19
2257.79 156.83
2259.76 153.64
2261.7 173.83
2263.7 161.66
2265.7 7.7
2267.7 22.89
2269.59 2.12
2271.7 7.29
2273.71 102.15
2275.71 119.35
2277.71 186.54
2279.96 3.85
2281.96 268.94
2283.96 309.64
2285.95 337.31
2287.95 329.34
2289.96 5.67
2291.96 372.91
2293.84 5.83
2295.96 435.37
2297.96 363.46
2299.96 0.18
2301.96 464.4
2303.95 7.29
2305.98 467.79
2307.96 392.53
2309.96 468.21
2311.96 466.83
2313.96 7.26
2315.96 426.78
2317.85 7.08
2319.96 441.52
2321.96 6.31
2323.96 4.61
2325.96 401.48
2327.96 3.89
2329.96 407.08
2331.96 446.2
2333.96 472.08
2335.96 464.73
2337.96 6.35
2339.96 281.97
2341.85 3.0
2343.96 452.04
2345.96 447.26
2347.96 1.77
2349.96 391.1
2351.96 5.0
2353.96 403.65
2355.96 429.3
2357.96 421.64
2359.96 8.64
2361.96 6.4
2363.96 437.76
2365.84 6.18
2367.96 436.38
2369.96 396.67
2372.14 6.19
2374.17 104.06
2375.96 6.35
2377.96 85.36
2379.96 303.44
2381.96 309.02
2383.96 321.74
2385.96 7.75
2387.96 383.91
2389.84 4.61
2391.96 435.35
2393.96 444.45
2395.96 5.92
2397.96 443.44
2399.96 3.11
2401.96 443.64
2403.96 429.0
2405.96 426.36
2407.96 394.03
2409.96 3.69
2411.96 419.81
2413.96 0.18
2415.96 423.73
2417.96 438.99
2419.96 0.18
2421.96 432.27
2423.96 2.28
2425.96 422.48
2427.96 409.81
2429.96 456.52
2431.96 441.92
2433.96 7.6
2435.96 471.95
2437.93 0.57
2439.96 426.0
2441.96 354.47
2443.96 6.91
2445.96 386.99
2447.96 3.0
2449.96 17.21
2451.96 0.35
2453.96 4.24
2455.96 467.1
2457.96 7.67
2459.96 329.06
2461.96 3.7
2463.96 459.12
2465.96 464.0
2467.96 4.39
2469.96 376.84
2471.96 2.37
2473.96 288.23
2475.96 299.51
2477.96 375.12
2479.96 361.53
2481.96 0.17
2483.96 282.32
2485.96 4.22
2487.96 363.41
2490.21 357.02
2492.22 7.77
2494.22 380.64
2496.32 0.04
2498.42 248.63
2500.21 296.9
2502.21 96.43
2504.21 362.18
2506.21 5.49
2508.21 363.01
2510.21 7.74
2512.22 360.17
2514.21 268.24
2516.21 0.18
2518.22 213.71
2520.21 6.01
2522.21 250.34
2524.21 224.11
2526.21 258.22
2528.21 272.89
2530.22 7.58
2532.22 316.33
2534.22 3.46
2536.22 399.11
2538.22 427.67
2540.22 1.05
2542.22 448.13
2544.22 1.04
2546.22 450.04
2548.22 463.41
2550.22 7.22
2552.21 471.92
2554.22 6.02
2556.22 474.13
2558.22 5.67
2560.22 195.26
2562.22 114.92
2564.22 1.77
2566.22 35.6
2568.21 5.88
2570.21 298.0
2572.22 279.54
2574.22 425.49
2576.22 327.59
2578.22 0.18
2580.22 31.77
2582.22 1.58
2584.22 350.71
2586.22 360.48
2588.22 6.86
2590.22 373.63
2592.22 2.28
2594.21 331.66
2596.22 1.23
2598.22 262.56
2600.22 256.96
2602.22 7.59
2604.22 337.51
2606.22 4.4
2608.22 348.48
2610.22 340.71
2612.26 3.7
2614.34 278.74
2616.22 3.78
2618.22 82.74
2620.22 50.04
2622.22 284.08
2624.22 286.75
2626.22 3.86
2628.22 3.17
2630.22 1.43
2632.22 329.33
2634.22 355.1
2636.22 5.7
2638.22 373.61
2640.22 3.35
2642.22 277.64
2644.22 277.29
2646.22 5.18
2648.22 1.51
2650.22 2.07
2652.22 349.84
2654.22 334.26
2656.22 370.88
2658.22 386.07
2660.22 0.18
2662.22 326.53
2664.22 3.31
2666.22 167.19
2668.22 237.95
2670.22 305.21
2672.22 363.39
2674.22 5.86
2676.22 373.46
2678.22 0.18
2680.22 164.35
2682.22 164.35
2684.22 0.18
2686.22 74.14
2688.22 62.47
2690.22 112.81
2692.22 112.81
2694.22 112.79
2696.22 117.81
2698.22 7.79
2700.22 71.38
2702.22 7.84
2704.22 74.23
2706.22 74.23
2708.22 74.23
2710.22 98.64
2712.22 97.52
2714.22 101.0
2716.22 111.64
2718.22 122.36
2720.22 146.2
2722.22 5.15
2724.47 0.74
2726.22 7.7
2728.47 154.54
2730.47 108.21
2732.47 156.43
2734.47 16.79
2736.49 5.53
2738.59 5.53
2740.36 5.63
2742.47 18.02
2744.47 77.49
2746.47 81.45
2748.47 100.41
2750.47 104.14
2752.47 111.18
2754.47 111.18
2756.47 111.18
2758.47 139.62
2760.47 5.69
2762.48 166.25
2764.36 5.9
2766.47 194.46
2768.47 156.85
2770.47 7.6
2772.47 167.5
2774.47 7.59
2776.47 156.28
2778.47 82.74
2780.47 74.34
2782.47 97.54
2784.47 7.58
2786.47 104.4
2788.3 104.4
2790.47 115.82
2792.47 104.02
2794.47 7.77
2796.47 21.76
2798.48 6.04
2800.47 76.28
2802.47 87.19
2804.48 96.19
2806.48 107.33
2808.47 113.78
2810.47 110.52
2812.47 110.52
2814.47 110.52
2816.47 110.52
2818.47 110.52
2820.48 110.52
2822.48 110.52
2824.48 131.4
2826.47 152.87
2828.48 74.96
2830.47 161.49
2832.47 4.23
2834.47 79.71
2836.38 2.62
2838.48 170.86
2840.48 178.62
2842.48 6.24
2844.48 244.01
2846.48 7.24
2848.48 300.1
2850.47 321.28
2852.47 226.3
2854.5 222.17
2856.6 2.98
2858.56 315.76
2860.4 4.59
2862.48 324.51
2864.48 331.13
2866.48 3.89
2868.48 330.67
2870.48 2.8
2872.48 336.33
2874.48 336.5
2876.48 315.24
2878.48 68.28
2880.48 3.27
2882.48 375.53
2884.48 2.27
2886.48 307.56
2888.48 334.74
2890.48 0.81
2892.48 239.5
2894.48 7.71
2896.48 342.95
2898.48 380.31
2900.48 351.98
2902.48 396.32
2904.48 0.18
2906.48 0.18
2908.48 5.64
2910.48 344.58
2912.48 326.56
2914.48 7.42
2916.48 272.34
2918.48 7.73
2920.48 350.55
2922.48 374.42
2924.48 395.07
2926.48 407.11
2928.48 2.64
2930.48 116.92
2932.48 3.7
2934.48 331.14
2936.48 330.82
2938.48 3.17
2940.48 355.65
2942.48 0.09
2944.48 0.18
2946.48 408.67
2948.48 348.8
2950.48 444.88
2952.48 2.99
2954.48 84.48
2956.48 5.8
2958.48 438.4
2960.48 423.11
2962.48 0.88
2964.48 430.02
2966.48 6.01
2968.48 399.51
2970.48 312.09
2972.54 197.92
2974.74 451.07
2976.73 4.53
2978.77 338.4
2980.87 3.76
2982.73 0.78
2984.73 277.51
2986.73 3.16
2988.73 376.54
2990.73 0.18
2992.73 349.46
2994.65 2.8
2996.73 345.92
2998.73 399.91
3000.73 3.71
3002.73 349.03
3004.76 0.18
3006.74 362.18
3008.73 385.49
3010.73 3.01
3012.73 351.87
3014.73 0.18
3016.73 270.75
3018.73 270.75
3020.73 300.4
3022.73 290.56
3024.73 5.01
3026.74 349.89
3028.73 354.37
3030.74 325.34
3032.73 324.82
3034.73 4.39
3036.73 210.78
3038.73 2.6
3040.75 66.66
3042.73 66.66
3044.73 15.76
3046.73 15.76
3048.73 7.71
3050.73 156.37
3052.73 6.93
3054.73 59.8
3056.73 38.3
3058.73 5.42
3060.73 18.34
3062.73 23.46
3064.73 60.57
3066.74 63.73
3068.73 66.28
3070.73 65.68
3072.73 65.68
3074.73 65.68
3076.73 65.68
3078.73 47.3
3080.73 67.54
3082.74 68.14
3084.74 74.75
3086.75 74.75
3088.73 74.75
3090.73 80.74
3092.74 80.74
3094.74 80.74
3096.8 93.22
3098.76 106.15
3100.73 106.15
3102.73 106.15
3104.74 106.12
3106.74 106.88
3108.74 130.93
3110.74 7.58
3112.74 42.64
3114.74 138.22
3116.74 144.53
3118.74 59.83
3120.74 150.53
3122.73 122.43
3124.74 5.54
3126.74 161.1
3128.74 160.74
3130.74 5.48
3132.73 93.71
3134.73 62.01
3136.74 56.21
3138.74 53.84
3140.74 96.21
3142.74 96.21
3144.74 96.21
3146.74 93.7
3148.74 104.07
3150.74 145.84
3152.74 141.73
3154.74 152.07
3156.74 93.53
3158.74 5.94
3160.74 121.35
3162.74 121.35
3164.74 119.74
3166.74 155.89
3168.74 0.88
3170.74 65.77
3172.74 7.56
3174.74 77.47
3176.74 77.37
3178.74 77.37
3180.74 77.01
3182.74 92.21
3184.74 80.11
3186.74 95.81
3188.74 97.47
3190.74 99.33
3192.74 99.33
3194.74 98.33
3196.74 102.99
3198.74 113.18
3200.74 113.18
3202.74 137.65
3204.74 136.82
3206.99 5.57
3208.99 167.58
3211.13 15.68
3213.24 177.93
3214.99 199.17
3216.99 0.18
3218.99 61.83
3221.04 0.18
3222.99 221.38
3224.99 217.96
3226.99 180.83
3228.99 255.52
3230.99 6.36
3232.99 313.86
3234.88 5.27
3236.99 371.98
3238.99 423.56
3240.99 112.82
3242.99 337.28
3244.99 2.64
3246.99 304.06
3248.99 351.72
3250.99 0.18
3254.3 63.7
3254.99 115.47
3256.99 141.99
3258.87 5.71
3261.0 140.71
3262.99 150.62
3264.99 5.51
3266.99 170.56
3268.99 6.87
3270.99 230.8
3272.99 253.02
3274.99 227.6
3276.99 265.98
3278.99 7.08
3280.99 270.08
3282.88 3.32
3284.99 345.5
3286.99 366.64
3288.99 0.18
3290.99 362.82
3293.0 3.7
3294.99 403.35
3296.99 422.44
3298.99 396.35
3300.99 401.52
3302.99 1.39
3304.99 172.31
3306.88 0.18
3309.0 383.23
3311.0 352.12
3313.0 0.18
3314.99 380.41
3317.0 2.22
3318.99 395.88
3321.0 406.99
3322.99 407.1
3324.99 401.51
3326.99 1.76
3328.99 385.68
3331.24 396.13
3333.46 396.13
3335.0 425.9
3337.06 5.1
3339.16 393.88
3340.99 7.77
3342.99 67.19
3344.99 1.9
3347.0 434.47
3349.0 393.38
3350.99 0.18
3352.99 6.23
3355.0 202.83
3357.0 293.29
3359.08 345.54
3361.18 7.03
3362.99 383.58
3365.0 1.94
3367.0 424.31
3369.0 419.63
3371.0 429.61
3372.99 452.3
3375.0 2.65
3376.99 445.77
3379.0 6.58
3381.0 460.17
3383.0 454.42
3385.0 1.05
3387.0 448.53
3389.0 0.36
3391.0 446.77
3392.99 46.03
3395.0 0.16
3397.0 458.87
3399.0 5.14
3401.0 454.07
3403.0 1.74
3405.0 462.03
3407.0 456.69
3409.0 0.7
3411.0 400.11
3413.0 6.02
3415.0 0.18
3417.0 13.43
3419.0 476.02
3421.0 1.96
3423.0 6.58
3425.0 62.25
3427.0 0.18
3429.0 470.04
3431.0 468.61
3433.25 0.71
3435.25 462.05
3437.25 6.34
3439.25 465.93
3441.13 0.18
3443.25 222.14
3445.25 390.26
3447.26 1.21
3449.25 382.05
3451.25 435.73
3453.5 112.12
3455.24 256.15
3457.25 14.28
3459.25 123.81
3461.25 5.63
3463.33 406.4
3465.14 1.72
3467.25 217.12
3469.25 407.88
3471.25 424.27
3473.25 235.87
3475.25 1.42
3477.25 216.35
3479.25 380.32
3481.25 354.67
3483.25 409.79
3485.25 1.23
3487.25 63.2
3489.14 4.43
3491.25 439.81
3493.25 454.01
3495.25 5.7
3497.25 36.47
3499.25 3.43
3501.25 469.39
3503.25 451.73
3505.25 7.8
3507.25 444.68
3509.25 2.46
3511.25 467.62
3513.25 60.54
3515.25 420.33
3517.25 460.91
3519.25 6.56
3521.25 398.63
3523.25 4.21
3525.25 82.28
3527.25 347.59
3529.26 2.21
3531.25 379.85
3533.25 1.93
3535.25 397.14
3537.25 284.37
3539.25 416.01
3541.25 316.54
3543.25 5.84
3545.26 304.59
3547.25 5.12
3549.25 359.83
3551.25 393.75
3553.25 5.16
3555.25 422.47
3557.25 4.27
3559.25 418.46
3561.25 410.27
3563.25 424.48
3565.25 419.68
3567.25 1.76
3569.25 316.52
3571.51 7.27
3573.25 274.12
3575.25 0.18
3577.25 4.74
3579.31 251.3
3581.41 5.32
3583.25 245.47
3585.26 255.76
3587.25 258.11
3589.25 256.58
3591.25 0.35
3593.25 298.24
3595.25 5.8
3597.25 323.17
3599.5 327.11
3601.5 341.11
3603.51 362.92
3605.5 6.92
3607.5 376.35
3609.39 5.75
3611.5 352.99
3613.5 345.86
3615.51 3.35
3617.5 258.77
3619.51 4.93
3621.5 318.52
3623.51 334.17
3625.5 354.05
3627.51 371.15
3629.51 2.27
3631.51 387.47
3633.4 3.62
3635.5 389.22
3637.51 361.75
3639.51 7.74
3641.51 391.44
3643.51 2.07
3645.51 172.54
3647.5 374.72
3649.51 407.51
3651.51 407.57
3653.51 3.69
3655.51 242.56
3657.39 1.76
3659.51 183.81
3661.51 274.62
3663.51 3.74
3665.51 277.81
3667.51 6.97
3669.51 261.43
3671.51 285.57
3673.5 289.11
3675.51 282.45
3677.51 5.75
3679.51 217.63
3681.39 6.1
3683.51 280.81
3685.51 294.74
3687.51 3.52
3689.51 299.88
3691.55 2.92
3693.64 130.47
3695.51 272.84
3697.51 0.04
3699.51 50.72
3701.51 3.73
3703.51 285.63
3705.39 4.77
3707.51 298.63
3709.51 299.83
3711.51 0.18
3713.51 312.19
3715.51 6.75
3717.51 351.86
3719.51 83.18
3721.51 343.83
3723.51 350.41
3725.51 6.53
3727.51 367.01
3729.4 2.65
3731.51 246.05
3733.51 234.91
3735.51 2.08
3737.51 399.15
3739.51 0.68
3741.51 339.03
3743.51 320.91
3745.51 353.88
3747.51 321.95
3749.51 6.02
3751.51 360.42
3753.52 2.42
3755.51 342.51
3757.51 354.76
3759.51 3.68
3761.51 357.61
3763.51 4.32
3765.51 360.29
3767.51 374.04
3769.51 170.22
3771.51 140.19
3773.51 6.56
3775.51 165.86
3777.51 6.87
3779.51 167.01
3781.51 179.51
3783.51 97.29
3785.51 162.97
3787.51 7.78
3789.55 106.11
3791.51 157.8
3793.51 159.78
3795.51 148.32
3797.51 7.84
3799.51 40.62
3801.51 7.69
3803.51 98.03
3805.51 98.03
3807.51 98.03
3809.51 98.03
3811.65 98.03
3813.68 98.03
3815.51 98.03
3817.51 98.03
3819.51 101.26
3821.51 114.44
3823.51 114.16
3825.53 114.16
3827.51 114.16
3829.51 98.67
3831.51 98.67
3833.51 121.33
3835.51 7.31
3837.52 61.12
3839.51 117.22
3841.51 111.4
3843.51 124.71
3845.51 143.75
3847.51 141.78
3849.51 7.71
3851.76 35.81
3853.76 57.53
3855.76 87.09
3857.76 47.55
3859.76 47.55
3861.79 47.55
3863.61 47.55
3865.76 47.55
3867.76 47.55
3869.76 47.55
3871.76 47.55
3873.76 90.17
3875.76 101.62
3877.76 121.93
3879.76 128.28
3881.76 129.73
3883.76 129.73
3885.76 129.73
3887.61 138.87
3889.76 126.57
3891.76 139.71
3893.76 121.73
3895.76 140.78
3897.76 5.83
3899.76 36.69
3901.76 36.69
3903.77 90.01
3905.77 90.01
3907.76 56.6
3909.76 56.6
3911.65 6.23
3913.76 94.5
3915.76 142.67
3917.76 7.59
3919.76 15.05
3921.77 7.72
3923.77 159.55
3925.76 159.55
3927.77 155.81
3929.76 156.81
3931.77 0.18
3933.79 0.03
3935.66 7.22
3937.98 144.72
3939.77 188.0
3941.77 0.18
3943.77 253.45
3945.77 5.78
3947.76 250.83
3949.77 287.9
3951.77 3.46
3953.77 326.94
3956.02 6.98
3958.02 254.07
3959.93 0.17
3962.02 372.25
3964.02 341.5
3966.02 1.84
3968.02 352.73
3970.02 7.14
3972.02 380.45
3974.02 421.69
3976.02 400.64
3978.02 19.74
3980.77 2.36
3983.02 421.92
3985.21 3.31
3987.27 459.73
3989.27 290.87
3991.27 6.54
3993.27 315.14
3995.52 1.05
3997.52 0.18
3999.52 465.45
4001.52 423.09
4003.52 369.38
4005.52 4.21
4007.52 372.72
4009.52 300.0
4011.52 367.15
4013.52 410.34
4015.77 1.73
4017.77 4.29
4019.77 268.39
4021.77 326.55
4023.77 424.15
4025.77 422.82
4027.77 428.7
4030.02 2.99
4032.02 350.46
4033.91 3.72
4036.02 402.37
4038.02 426.7
4040.02 439.71
4042.02 442.15
4044.02 2.98
4046.02 400.85
4048.02 179.91
4050.02 362.73
4052.18 356.04
4054.21 4.16
4056.02 379.93
4058.01 7.24
4060.02 384.23
4062.02 375.29
4064.02 6.38
4066.02 120.9
4068.02 3.66
4070.02 388.98
4072.02 388.39
4074.02 379.71
4076.02 379.16
4078.02 0.18
4080.02 226.52
4082.02 2.82
4084.03 390.05
4086.02 378.24
4088.02 7.78
4090.02 404.63
4092.02 0.18
4094.02 387.46
4096.02 346.44
4098.02 333.95
4100.02 402.12
4102.04 1.68
4104.02 390.19
4106.02 7.73
4108.02 410.0
4110.02 362.41
4112.03 22.73
4114.02 453.64
4116.03 5.0
4118.03 44.42
4120.03 441.66
4122.03 435.59
4124.03 54.2
4126.03 5.0
4128.03 30.05
4130.03 4.33
4132.03 152.28
4134.02 439.66
4136.03 2.56
4138.02 94.86
4140.03 0.44
4142.02 414.87
4144.02 458.4
4146.02 388.85
4148.02 456.23
4150.03 2.24
4152.02 69.79
4154.02 7.69
4156.02 465.5
4158.02 465.61
4160.03 5.11
4162.02 462.15
4164.02 4.53
4166.02 393.39
4168.02 413.71
4170.02 445.6
4172.21 451.03
4174.02 7.55
4176.42 16.33
4178.14 4.4
4180.27 306.17
4182.27 12.36
4184.28 4.31
4186.27 51.72
4188.28 1.18
4190.27 182.66
4192.27 201.81
4194.27 236.1
4196.27 97.02
4198.27 0.18
4200.27 192.03
4202.27 4.3
4204.27 39.09
4206.27 187.44
4208.28 7.72
4210.27 42.32
4212.27 5.17
4214.27 106.81
4216.28 106.41
4218.27 106.41
4220.27 106.41
4222.27 105.24
4224.27 105.24
4226.27 105.24
4228.28 108.36
4230.27 107.78
4232.27 107.78
4234.27 115.71
4236.28 7.75
4238.28 66.1
4240.27 117.91
4242.27 113.84
4244.27 113.84
4246.28 7.19
4248.28 111.06
4250.28 57.25
4252.28 57.25
4254.27 57.25
4256.28 109.4
4258.28 109.4
4260.28 7.82
4262.27 103.87
4264.28 103.87
4266.27 103.87
4268.27 103.87
4270.28 103.87
4272.28 103.87
4274.28 7.78
4276.28 29.36
4278.28 47.47
4280.28 59.14
4282.28 59.14
4284.28 91.42
4286.28 91.42
4288.28 91.42
4290.28 106.94
4292.32 114.51
4294.35 117.51
4296.44 102.47
4298.28 45.98
4300.28 0.18
4302.28 53.06
4304.28 115.88
4306.28 115.88
4308.28 115.88
4310.28 65.93
4312.28 84.28
4314.28 97.55
4316.28 97.55
4318.3 102.67
4320.28 111.38
4322.28 111.38
4324.28 111.38
4326.28 111.38
4328.28 109.48
4330.28 120.5
4332.28 7.77
4334.28 150.9
4336.28 127.09
4338.28 85.5
4340.28 41.7
4342.28 7.67
4344.28 0.18
4346.28 26.91
4348.28 91.84
4350.28 0.87
4352.28 7.44
4354.28 40.11
4356.28 109.91
4358.54 109.91
4360.53 109.91
4362.53 109.91
4365.53 109.91
4367.53 109.91
4369.53 109.91
4371.53 131.08
4373.53 140.94
4375.53 166.23
4377.53 218.41
4379.53 215.77
4381.78 1.63
4383.79 220.68
4385.71 4.33
4387.79 270.15
4389.78 305.15
4391.78 324.76
4393.78 334.79
4395.78 5.8
4397.78 310.5
4399.78 344.19
4401.78 348.32
4403.78 272.78
4405.78 1.36
4407.78 294.09
4409.67 5.47
4411.83 200.15
4413.92 300.86
4415.78 0.18
4417.78 64.88
4419.78 3.29
4421.78 243.11
4423.78 197.08
4425.78 239.02
4427.78 238.44
4429.78 4.23
4431.78 263.99
4433.67 7.78
4435.78 278.18
4437.79 255.76
4439.78 3.7
4441.78 241.07
4443.78 7.0
4445.78 334.14
4447.79 313.93
4449.79 351.49
4451.79 377.05
4453.78 1.97
4455.78 385.3
4457.68 2.1
4459.78 385.99
4461.79 414.53
4463.78 443.02
4465.78 389.77
4467.79 5.98
4469.79 343.05
4471.78 312.68
4473.78 329.01
4475.79 344.21
4477.79 7.66
4479.79 397.14
4481.68 0.18
4483.79 74.72
4485.79 441.9
4487.78 6.69
4489.79 325.92
4491.79 1.39
4493.79 211.38
4495.79 368.39
4497.79 0.18
4499.78 0.18
4501.79 3.09
4503.79 313.67
4505.78 7.57
4507.79 7.57
4509.79 103.96
4511.78 228.09
4513.79 25.88
4515.79 4.12
4517.79 285.53
4519.79 282.18
4521.79 242.5
4523.79 275.71
4526.04 4.41
4528.04 280.1
4530.04 7.56
4532.03 0.18
4534.04 0.03
4536.06 7.57
4538.16 59.58
4540.26 58.45
4542.04 58.45
4544.04 58.45
4546.03 57.78
4548.03 50.12
4550.04 64.7
4552.04 76.19
4554.04 83.97
4556.04 106.92
4558.04 128.62
4560.04 6.05
4562.04 140.64
4564.04 7.84
4566.04 152.2
4568.04 146.63
4570.04 146.63
4572.04 171.3
4574.04 5.78
4576.04 88.5
4578.04 5.26
4580.04 66.14
4582.04 152.63
4584.04 122.49
4586.04 103.71
4588.04 7.75
4590.04 92.45
4592.04 106.76
4594.04 113.88
4596.04 102.59
4598.04 102.59
4600.04 102.59
4602.04 4.85
4604.04 51.26
4606.04 114.15
4608.04 114.15
4610.04 114.15
4612.04 5.59
4614.04 88.3
4616.04 88.3
4618.04 136.33
4620.04 110.63
4622.04 3.02
4624.04 182.65
4626.08 0.18
4628.04 179.05
4630.04 180.93
4632.04 5.21
4634.04 186.28
4636.04 7.06
4638.04 191.11
4640.04 194.85
4642.04 200.6
4644.04 200.6
4646.04 7.7
4648.04 178.92
4650.04 7.71
4652.04 108.13
4654.07 145.84
4656.16 0.1
4658.26 139.36
4660.04 7.74
4662.04 102.6
4664.05 155.51
4666.04 163.93
4668.04 169.93
4670.04 7.42
4672.04 170.0
4674.04 4.25
4676.04 167.77
4678.04 182.54
4680.04 2.56
4682.04 191.1
4684.04 4.05
4686.04 193.65
4688.04 161.31
4690.04 161.31
4692.04 13.69
4694.04 2.67
4696.04 184.75
4698.04 3.44
4700.04 251.88
4702.04 343.54
4704.04 0.18
4706.04 146.78
4708.08 6.38
4710.04 76.25
4712.04 161.19
4714.04 173.75
4716.04 177.83
4718.04 7.78
4720.04 176.68
4722.04 5.73
4724.05 184.1
4726.04 182.36
4728.04 7.13
4730.05 199.77
4732.04 4.95
4734.04 123.63
4736.04 164.59
4738.04 196.08
4740.04 189.5
4742.04 7.71
4744.3 153.58
4746.29 0.18
4748.04 117.94
4750.29 128.62
4752.3 130.78
4754.3 148.93
4756.3 5.64
4758.3 145.68
4760.19 7.74
4762.29 146.65
4764.3 145.42
4766.3 3.56
4768.3 163.57
4770.3 196.25
4772.3 91.6
4774.3 1.84
4776.3 67.92
4778.3 190.4
4780.4 4.92
4782.3 101.22
4784.19 6.44
4786.3 54.06
4788.3 101.71
4790.3 7.82
4792.3 103.98
4794.29 103.98
4796.3 103.98
4798.29 87.29
4800.3 87.29
4802.3 87.29
4804.3 87.29
4806.3 110.01
4808.3 108.86
4810.3 132.85
4812.3 138.06
4814.3 5.32
4816.3 198.67
4818.3 7.72
4820.3 238.9
4822.3 254.46
4824.3 252.5
4826.3 250.68
4828.3 3.89
4830.3 274.71
4832.19 6.13
4834.3 186.94
4836.3 282.05
4838.3 1.3
4840.3 154.61
4842.3 3.71
4844.3 176.76
4846.3 109.57
4848.3 157.2
4850.3 172.24
4852.3 4.94
4854.3 110.08
4856.3 7.72
4858.3 211.32
4860.3 238.94
4862.3 253.65
4864.3 267.66
4866.3 2.12
4868.3 282.57
4870.3 293.64
4872.3 279.57
4874.31 296.67
4876.3 3.25
4878.3 282.97
4880.3 2.82
4882.3 371.2
4884.3 389.51
4886.3 3.64
4888.3 317.77
4890.3 7.73
4892.3 397.9
4894.3 8.18
4896.3 1.32
4898.3 383.75
4900.3 4.39
4902.3 393.12
4904.3 1.94
4906.3 314.48
4908.3 326.07
4910.3 4.29
4912.3 67.89
4914.3 6.59
4916.3 292.56
4918.3 269.84
4920.3 297.06
4922.3 297.06
4924.3 0.36
4926.3 1.26
4928.3 3.5
4930.3 309.68
4932.31 333.3
4934.31 4.43
4936.55 371.86
4938.56 2.24
4940.56 304.48
4942.56 395.42
4944.55 381.9
4946.55 404.85
4948.56 5.56
4950.56 111.3
4952.56 5.77
4954.55 59.79
4956.56 442.66
4958.55 3.71
4960.55 28.0
4962.55 7.56
4964.55 375.01
4966.56 303.87
4968.55 267.37
4970.56 285.64
4972.55 2.42
4974.56 356.95
4976.55 6.86
4978.55 33.95
4980.55 375.66
4982.55 2.12
4984.56 408.07
4986.56 0.18
4988.56 427.69
4990.56 441.27
4992.55 443.44
4994.55 400.92
4996.55 4.39
4998.55 107.7
5000.55 6.67
5002.56 393.49
5004.56 408.32
5006.56 3.1
5008.56 304.53
5010.55 1.74
5012.72 274.52
5014.56 304.07
5016.55 13.13
5018.55 99.01
5020.55 0.18
5022.55 219.55
5024.55 5.33
5026.56 16.37
5028.56 263.5
5030.56 7.42
5032.56 321.85
5034.56 3.66
5036.56 371.65
5038.56 385.82
5040.55 141.55
5042.56 0.56
5044.56 2.11
5046.56 415.96
5048.56 3.17
5050.56 382.66
5052.55 355.04
5054.56 2.03
5056.55 278.45
5058.55 7.72
5060.56 164.93
5062.56 219.72
5064.56 207.31
5066.56 278.96
5068.56 3.52
5070.56 318.08
5072.56 5.86
5074.56 322.97
5076.56 192.99
5078.56 7.1
5080.56 319.25
5082.56 0.18
5084.56 336.13
5086.56 359.98
5088.56 367.21
5090.56 381.04
5092.56 2.8
5094.56 351.7
5096.57 2.93
5098.56 398.19
5100.56 2.22
5102.56 1.94
5104.56 344.15
5106.56 0.18
5108.56 402.19
5110.56 383.48
5112.56 355.29
5114.56 395.92
5116.56 3.69
5118.56 395.86
5120.56 7.74
5122.56 329.1
5124.56 235.94
5126.56 1.94
5128.56 229.79
5130.56 0.18
5132.83 0.23
5134.56 213.33
5136.56 11.66
5138.56 41.52
5140.62 74.61
5142.56 101.58
5144.56 103.5
5146.56 133.02
5148.56 154.57
5150.56 7.55
5152.56 163.52
5154.56 5.2
5156.56 186.51
5158.56 196.49
5160.56 209.62
5162.56 237.65
5164.56 7.78
5166.56 17.0
5168.56 1.78
5170.56 227.65
5172.56 212.17
5174.56 5.1
5176.56 259.41
5178.56 6.91
5180.56 259.41
5182.56 233.6
5184.56 251.52
5186.81 251.52
5188.82 4.06
5190.81 260.05
5192.81 7.69
5194.81 261.75
5196.81 267.92
5198.81 278.23
5200.81 274.2
5202.81 3.68
5204.81 239.42
5206.7 3.7
5208.82 238.65
5210.81 228.69
5212.82 5.67
5214.81 226.23
5216.81 4.21
5218.81 238.04
5220.81 252.6
5222.82 212.95
5224.81 255.34
5226.82 1.22
5228.81 256.79
5230.72 0.16
5232.81 277.57
5234.81 0.1
5236.82 4.75
5238.81 397.84
5240.82 7.56
5242.81 428.52
5244.81 294.85
5246.81 418.01
5248.81 436.62
5250.82 1.33
5252.86 0.18
5254.64 12.95
5256.99 90.99
5258.82 45.89
5260.81 44.54
5262.81 67.78
5264.81 106.52
5266.82 110.18
5268.81 135.63
5270.82 158.99
5272.82 212.72
5274.81 7.73
5276.82 259.95
5278.71 4.93
5280.81 256.9
5282.81 317.1
5284.81 4.2
5286.81 11.99
5288.82 4.85
5290.81 86.14
5292.82 95.79
5294.81 99.7
5296.81 99.4
5298.82 99.4
5300.81 103.16
5302.82 103.16
5304.82 103.16
5306.81 103.16
5308.82 103.16
5310.82 103.16
5312.82 102.51
5314.81 120.01
5316.81 117.35
5318.81 94.32
5320.82 105.46
5322.81 105.46
5324.81 119.27
5326.82 7.7
5328.81 121.27
5330.81 112.3
5332.82 2.08
5334.82 123.3
5336.82 7.75
5338.81 100.23
5340.82 66.46
5342.82 89.97
5344.82 122.41
5346.83 122.0
5348.82 126.72
5350.83 2.31
5352.82 23.76
5354.82 101.73
5356.82 6.04
5358.82 37.86
5360.82 37.86
5362.82 39.3
5364.82 39.62
5366.82 39.62
5368.82 39.62
5371.18 39.62
5372.82 3.68
5374.82 26.93
5377.09 97.08
5379.07 47.43
5381.32 133.82
