0.0 0.37
3.99 0.36
6.43 0.36
8.51 0.37
11.19 0.35
13.94 0.35
16.48 0.33
19.59 0.36
23.06 0.34
27.48 0.37
30.34 0.36
33.28 0.12
35.85 0.36
38.61 0.33
41.72 0.37
44.16 0.36
46.99 0.34
49.42 0.36
52.17 0.34
54.53 0.33
57.77 0.36
61.63 0.35
64.09 0.31
66.65 0.37
69.44 0.36
72.03 0.35
74.78 0.34
77.17 0.34
79.98 0.35
82.46 0.37
85.94 0.33
89.69 0.35
93.06 0.33
96.93 0.32
100.42 0.36
104.16 0.34
108.08 0.36
110.74 0.34
113.83 0.36
116.49 0.34
119.89 0.36
123.2 0.33
126.42 0.33
130.09 0.37
132.14 0.36
134.36 0.33
136.26 0.39
138.21 0.36
140.49 0.34
142.44 0.36
144.82 0.37
147.39 0.36
150.45 0.38
152.88 0.37
155.71 0.38
158.91 0.33
163.24 0.36
168.26 0.36
172.92 0.35
176.9 0.34
180.93 0.34
183.65 0.36
186.54 0.35
189.08 0.36
192.21 0.36
194.64 0.36
197.18 0.34
199.94 0.34
202.39 0.35
205.02 0.36
207.58 0.37
210.67 0.34
214.17 0.35
217.41 0.34
219.34 0.36
220.62 0.38
223.01 0.37
225.39 0.34
227.41 0.36
230.34 0.36
232.99 0.34
235.97 0.36
238.48 0.35
239.91 0.33
241.88 0.34
244.46 0.3
247.54 0.37
250.4 0.36
254.17 0.35
257.38 0.39
259.69 0.33
262.42 0.38
264.98 0.33
268.19 0.38
270.48 0.34
273.27 0.36
276.68 0.35
279.44 0.36
282.85 0.34
285.58 0.36
288.37 0.35
290.88 0.37
293.48 0.33
296.64 0.37
300.23 0.34
303.77 0.36
305.93 0.39
308.15 0.32
311.03 0.34
313.93 0.39
316.77 0.34
320.17 0.34
323.73 0.34
326.27 0.34
329.61 0.34
333.73 0.37
337.56 0.33
341.31 0.35
344.93 0.33
347.96 0.36
352.03 0.36
355.6 0.36
359.19 0.37
362.35 0.36
364.21 0.36
365.73 0.32
368.19 0.33
371.46 0.36
375.62 0.34
379.63 0.37
382.81 0.34
384.73 0.32
387.31 0.36
390.27 0.34
393.6 0.34
397.73 0.36
401.83 0.37
405.82 0.38
409.0 0.37
413.4 0.36
416.87 0.33
420.67 0.36
422.94 0.4
425.32 0.34
429.02 0.33
432.94 0.33
437.46 0.36
441.67 0.33
446.23 0.34
449.38 0.36
453.9 0.14
457.57 0.37
462.12 0.34
466.81 0.36
471.13 0.38
475.81 0.35
480.25 0.39
483.98 0.34
488.66 0.37
492.98 0.33
497.07 0.32
500.46 0.36
503.49 0.32
506.65 0.34
508.92 0.36
511.31 0.34
513.41 0.35
515.46 0.36
518.85 0.34
522.04 0.34
525.32 0.36
527.54 0.33
530.88 0.36
533.52 0.35
536.41 0.36
538.85 0.38
541.31 0.34
543.83 0.37
546.67 0.35
549.62 0.33
552.83 0.38
556.4 0.37
560.36 0.35
563.77 0.34
566.84 0.38
569.43 0.34
571.88 0.36
574.5 0.36
577.36 0.33
580.74 0.34
583.69 0.37
586.29 0.36
588.77 0.34
591.53 0.36
594.01 0.35
596.31 0.34
598.86 0.35
600.61 0.34
602.62 0.34
606.09 0.34
609.08 0.35
612.21 0.36
615.09 0.37
618.15 0.36
621.34 0.18
624.09 0.34
626.93 0.38
630.59 0.37
636.04 0.36
640.42 0.37
642.86 0.37
645.75 0.37
648.57 0.36
652.51 0.36
656.05 0.34
660.4 0.35
664.71 0.37
668.54 0.34
671.87 0.41
674.68 0.35
676.92 0.35
679.98 0.35
683.84 0.36
687.7 0.37
692.34 0.36
697.0 0.38
700.02 0.36
704.39 0.33
709.64 0.36
715.05 0.34
718.95 0.29
722.45 0.36
727.17 0.33
732.34 0.35
735.94 0.36
739.76 0.35
745.27 0.36
750.74 0.36
754.6 0.33
758.41 0.36
761.67 0.36
767.48 0.36
772.69 0.36
776.67 0.34
780.37 0.34
784.62 0.37
789.19 0.34
