0.0 2.64
0.68 2.47
1.62 2.6
3.05 2.58
4.64 2.61
6.33 2.63
8.59 2.52
10.56 2.64
12.5 1.39
14.12 2.65
15.71 1.37
18.48 2.66
20.12 2.6
23.32 2.55
25.18 2.71
26.48 2.62
28.38 0.11
30.32 2.57
31.71 2.65
34.09 2.59
35.6 2.62
36.85 2.57
38.39 2.53
40.36 1.1
42.32 1.49
44.65 2.41
46.84 2.47
48.95 0.59
50.53 0.71
51.79 2.38
53.64 2.14
55.01 2.66
56.44 2.49
58.16 1.75
59.52 2.63
61.3 2.49
63.02 2.65
64.9 1.69
66.62 2.63
69.25 2.63
70.48 2.51
73.18 2.28
75.54 2.55
77.77 2.68
80.3 0.17
83.72 2.55
86.25 2.64
87.32 2.69
88.79 2.64
90.52 2.36
92.25 2.53
95.01 2.53
98.24 2.59
100.4 2.6
103.37 2.61
104.71 2.5
107.12 2.56
109.23 0.82
110.79 2.65
112.98 2.68
115.32 2.65
117.86 2.52
120.2 0.97
122.51 2.63
124.92 0.18
126.42 2.62
129.01 0.22
131.37 2.6
133.54 2.57
136.15 2.33
138.43 2.63
141.23 2.59
144.3 2.73
146.15 2.63
148.07 2.34
149.93 2.62
153.57 2.57
154.39 2.64
157.78 2.39
159.51 2.6
162.12 2.57
165.74 0.24
166.96 2.51
168.89 1.99
170.79 2.61
173.04 2.51
175.56 2.6
177.94 2.62
181.71 2.25
183.77 2.6
186.43 2.55
187.8 2.53
189.96 2.56
191.8 2.36
194.07 2.68
196.16 0.62
198.74 2.63
201.87 2.41
204.31 2.59
207.41 2.6
208.63 2.64
210.44 2.29
212.31 2.54
214.95 2.59
218.12 2.45
221.92 2.63
223.29 2.59
226.37 0.07
228.27 2.61
230.86 2.46
232.39 1.99
234.52 2.64
237.96 2.55
239.4 2.69
241.5 2.2
243.06 2.61
246.05 2.59
248.65 2.23
250.94 2.55
252.6 2.63
255.3 2.6
257.55 2.52
260.19 2.61
262.41 2.4
264.71 2.45
266.74 2.49
270.56 2.54
273.25 2.2
274.94 0.29
277.15 2.65
278.18 2.65
281.9 2.59
283.73 2.62
286.86 0.43
288.61 2.64
291.47 0.17
293.75 2.34
296.06 2.32
298.68 2.59
300.0 2.66
303.05 1.19
304.83 2.45
307.28 2.66
310.86 2.57
312.75 2.64
314.64 1.8
316.58 2.17
319.39 2.64
321.16 2.37
323.52 2.62
326.49 2.33
327.98 2.62
330.55 1.6
332.78 2.57
335.03 2.63
337.04 2.58
339.55 2.47
341.9 2.48
344.3 2.59
346.89 2.44
349.29 2.39
352.61 2.64
354.3 2.49
356.82 2.64
359.0 1.3
361.57 2.6
363.19 2.45
365.41 2.6
367.57 2.67
370.78 2.64
373.6 2.62
375.17 2.49
377.22 2.46
379.87 2.63
382.98 2.65
384.72 2.61
386.49 0.24
388.77 2.48
391.18 2.64
394.06 2.65
395.47 2.61
398.25 0.28
400.55 2.54
402.7 2.59
405.06 2.59
407.4 2.63
409.52 1.45
412.52 2.36
415.18 2.39
417.82 2.22
420.49 2.64
424.5 2.6
427.49 1.53
429.85 0.99
431.43 2.65
433.26 2.36
435.67 2.65
437.48 2.43
439.4 2.47
442.4 1.15
444.8 2.38
446.32 2.4
449.26 2.48
452.31 2.33
453.33 2.63
455.97 2.45
458.11 2.63
461.29 0.47
464.23 2.6
466.11 2.59
467.98 2.41
470.81 2.76
472.4 2.53
474.87 2.6
477.24 2.57
478.96 2.57
481.59 2.57
484.31 0.96
486.15 2.61
487.84 2.45
490.31 2.62
492.45 2.66
495.53 2.65
498.37 0.79
501.07 2.51
502.49 2.59
504.25 2.39
506.35 2.56
508.72 2.64
511.06 0.8
513.37 2.63
515.35 0.25
517.79 2.58
521.2 2.39
523.58 2.5
526.33 2.68
528.53 2.65
529.77 2.67
533.68 2.15
535.93 2.64
536.97 2.62
539.29 2.75
541.49 2.64
544.4 2.54
546.96 2.39
550.49 2.63
552.69 2.53
554.69 2.64
555.89 2.44
558.53 0.13
560.59 2.61
565.03 1.68
567.15 1.13
568.75 2.54
571.28 2.63
573.37 2.2
575.4 1.89
578.61 1.21
581.53 2.38
583.83 2.66
585.25 2.57
586.58 2.56
589.26 0.39
591.39 2.47
593.79 2.59
596.43 2.65
598.25 2.65
603.62 2.07
607.09 0.7
610.99 2.65
613.2 2.67
614.75 2.63
616.46 2.46
619.45 0.22
621.93 2.3
623.35 2.53
627.07 1.34
628.5 0.45
629.62 2.67
631.18 2.62
632.92 2.44
634.77 2.64
636.13 2.49
637.56 2.62
639.87 2.68
642.06 1.57
643.95 2.59
646.57 0.2
647.71 2.44
650.35 2.27
653.69 1.44
655.11 2.46
657.62 2.55
659.77 2.62
662.17 0.71
664.69 1.26
666.8 2.45
668.24 2.58
670.76 2.61
672.91 2.54
675.57 2.42
677.74 2.5
679.89 2.47
682.44 2.47
684.73 2.44
687.09 2.58
690.15 2.53
691.85 2.06
693.57 2.63
697.6 1.19
699.29 2.59
701.27 2.62
703.74 2.31
704.94 2.59
706.94 2.62
709.39 2.32
711.56 2.51
714.19 2.2
716.95 2.51
720.08 2.64
722.26 2.49
724.49 2.62
728.58 2.32
730.99 2.37
733.06 2.41
734.32 2.61
735.66 2.59
738.55 0.32
739.81 2.24
742.05 2.28
744.56 2.41
746.55 2.31
749.5 2.57
752.08 2.67
754.92 2.44
756.67 2.61
758.17 2.57
762.08 2.47
764.64 2.65
767.1 0.27
768.96 2.56
771.35 1.55
773.56 2.65
775.75 2.64
778.8 2.55
780.65 2.64
782.94 2.68
785.66 2.52
787.75 2.7
790.01 2.54
792.29 2.43
794.27 2.63
797.87 1.16
799.77 2.61
801.95 2.61
804.43 2.68
808.32 2.31
815.24 2.59
816.58 1.33
818.67 0.11
821.63 2.64
823.67 2.57
826.04 2.66
827.94 2.51
829.57 2.04
830.93 2.55
832.49 1.47
833.94 2.58
