0.0 0.02
31.04 0.02
33.88 0.17
37.33 0.37
38.24 0.85
40.28 0.22
42.51 0.25
45.51 0.21
50.39 0.42
51.74 0.28
53.84 0.21
55.96 0.21
58.82 0.22
61.73 0.22
65.17 0.31
66.92 0.14
68.24 0.14
68.96 0.38
69.88 0.38
70.9 0.3
73.18 0.32
74.94 0.2
76.92 0.18
77.81 0.36
79.33 0.15
80.25 0.57
81.36 0.48
83.86 0.16
86.81 0.12
88.49 0.22
89.39 0.28
91.08 0.16
143.65 0.24
144.8 0.21
149.92 0.25
150.98 0.5
151.84 0.44
153.06 0.1
154.4 0.32
155.12 0.17
158.58 0.7
159.8 0.86
162.82 0.48
166.33 0.23
167.81 0.08
168.39 0.5
169.0 1.88
170.53 1.07
173.79 1.14
181.16 2.32
181.85 2.7
182.82 0.55
183.51 2.42
185.14 1.49
186.73 3.1
189.07 3.77
192.1 4.81
193.38 2.16
196.89 5.69
198.38 6.79
199.28 6.07
200.76 6.82
202.74 6.87
204.78 0.79
208.78 1.99
212.22 4.84
214.33 6.61
217.6 5.97
227.63 2.81
230.43 1.37
231.82 0.59
233.58 0.14
234.13 3.92
235.26 3.64
239.41 0.17
240.04 4.58
241.45 1.42
242.24 5.31
242.98 5.81
244.73 6.83
247.68 4.03
