0.0 4.48
1.13 0.1
2.28 0.34
3.64 1.01
4.19 1.48
6.21 0.14
6.89 1.46
7.73 1.51
9.01 1.79
9.74 3.16
10.93 1.74
12.57 1.32
14.42 1.57
15.93 1.35
16.72 2.23
22.03 0.04
23.76 0.77
24.27 3.33
26.41 0.19
27.25 1.18
33.15 1.28
35.45 1.72
36.39 2.3
37.32 2.14
39.34 1.65
40.87 1.66
42.26 1.33
46.09 1.67
48.82 2.02
50.21 1.67
51.38 3.56
52.53 2.35
54.98 2.61
56.76 1.93
58.33 1.78
59.79 2.7
62.11 2.4
68.92 0.86
69.77 1.75
72.06 1.14
75.18 0.05
76.29 0.92
79.69 1.18
82.59 0.88
84.44 2.05
85.58 3.11
86.55 3.18
87.23 4.32
88.8 3.8
90.76 4.25
92.8 3.71
94.8 5.56
96.8 4.41
98.8 6.39
100.8 6.47
102.8 3.38
104.8 3.12
106.8 3.66
108.8 5.17
110.8 2.87
112.8 4.0
114.8 3.22
117.61 0.77
122.68 0.84
128.94 0.13
130.53 2.0
132.09 1.52
133.52 1.79
135.2 1.8
136.32 2.29
137.38 2.29
139.98 1.31
142.66 2.69
146.37 1.58
148.12 2.77
149.48 2.54
151.37 3.29
152.22 4.6
153.07 5.1
153.84 6.57
155.84 8.89
157.84 5.61
159.84 7.96
161.84 6.98
163.85 8.2
165.84 7.57
167.84 4.39
170.1 3.82
172.09 8.58
173.85 6.17
175.84 3.63
177.84 6.28
179.85 4.36
182.09 5.61
184.1 3.69
186.1 5.66
188.1 6.26
190.09 6.43
192.09 8.88
194.1 9.14
196.09 9.0
198.09 7.29
200.1 4.14
202.1 7.33
204.09 8.2
206.09 5.42
208.1 9.77
210.09 11.01
212.1 7.32
214.11 4.37
216.09 0.1
218.09 3.62
220.09 3.15
222.09 8.27
224.09 5.33
226.09 3.57
228.1 4.81
231.86 2.53
234.43 3.16
235.99 4.59
237.0 7.59
238.1 7.41
240.09 5.22
242.1 8.51
244.09 7.3
246.09 7.53
248.1 9.72
250.1 10.39
252.09 8.18
254.09 8.43
256.35 0.11
259.62 2.29
263.8 1.13
265.23 2.57
266.81 3.56
268.26 1.71
269.46 5.23
270.33 6.59
272.1 5.5
274.1 4.5
276.1 7.35
278.09 4.32
280.09 8.91
282.1 6.37
284.1 5.08
286.1 5.38
288.1 1.28
290.1 3.06
292.1 7.47
294.1 4.23
296.1 3.59
298.11 7.26
300.09 9.36
302.1 4.47
304.1 10.08
306.1 5.24
308.1 4.89
310.1 5.74
312.1 3.37
314.1 5.21
316.11 5.84
318.1 6.46
320.1 6.32
322.11 5.58
324.1 7.59
326.1 7.53
328.09 2.86
330.1 3.23
332.1 5.26
334.11 5.98
336.11 3.74
338.11 5.57
340.09 5.83
342.09 6.54
344.1 9.74
346.11 5.9
348.09 7.34
350.1 0.2
352.11 3.84
354.17 2.35
356.09 3.93
358.11 4.57
360.1 6.9
362.1 7.26
364.09 7.04
366.1 5.36
368.1 6.63
370.1 8.89
372.1 10.84
374.1 7.77
376.1 8.22
378.1 4.43
380.09 4.52
382.1 4.12
384.1 6.24
386.1 7.79
388.1 8.91
390.09 8.05
392.1 8.33
394.1 9.8
396.1 8.91
398.09 7.76
400.1 9.44
402.1 10.01
404.09 4.46
406.11 9.66
408.11 7.9
410.11 9.35
412.09 7.6
414.1 12.62
416.11 7.63
418.34 7.75
420.1 11.12
422.36 0.29
424.35 0.45
426.1 8.64
428.35 9.95
430.1 10.88
432.35 6.89
434.1 6.08
436.1 5.18
438.36 4.8
440.35 5.72
442.35 6.79
444.35 2.69
446.35 3.18
448.36 3.5
451.14 3.28
452.97 6.12
454.14 5.08
456.35 5.37
458.35 6.11
460.35 3.51
462.35 5.42
464.27 7.88
466.35 7.75
468.35 8.6
470.34 0.02
472.34 3.59
474.34 3.08
476.35 4.02
478.35 6.55
480.35 6.66
482.34 4.16
484.34 9.41
486.34 9.24
488.26 8.3
490.35 9.94
492.34 9.91
494.34 6.95
496.35 10.4
498.35 4.48
500.34 7.2
502.35 7.27
504.35 9.36
506.34 4.82
508.34 6.9
510.35 4.43
512.18 0.1
514.34 7.86
516.35 3.31
518.34 5.97
520.34 2.83
522.34 4.34
524.36 5.36
526.33 2.58
528.5 6.63
530.46 3.56
532.29 7.25
534.34 6.24
536.26 11.88
538.36 6.7
541.66 0.18
547.22 2.38
550.28 3.72
552.39 4.57
554.09 2.27
556.55 2.32
557.88 4.8
558.97 3.78
560.11 6.58
560.86 6.69
562.49 4.69
565.11 4.45
566.85 3.53
568.52 4.73
570.3 3.93
572.13 4.71
573.93 4.91
574.96 9.59
576.35 9.53
578.35 5.76
580.35 5.28
582.35 6.15
584.32 6.24
586.35 4.83
588.79 2.56
590.59 4.53
592.35 4.02
594.35 4.47
596.34 5.87
598.29 1.03
600.51 0.59
604.49 0.12
609.09 0.62
611.24 2.28
612.22 3.53
612.8 3.2
614.73 3.04
619.45 4.14
620.66 4.42
621.92 7.57
623.49 7.57
625.06 3.04
627.02 6.98
628.03 8.14
628.7 8.08
630.35 4.55
632.35 3.77
634.35 4.04
636.35 3.07
639.06 2.13
641.38 3.13
644.8 0.6
647.76 0.29
649.71 2.2
651.99 1.57
654.28 3.11
656.33 3.59
658.65 1.56
659.99 2.46
660.99 2.73
663.45 1.33
665.68 1.38
668.55 1.19
671.11 1.51
673.16 1.28
674.55 2.84
676.03 3.39
678.63 0.53
681.04 2.24
684.19 2.54
686.14 2.5
688.87 0.05
690.61 3.04
692.79 2.39
693.71 2.14
696.71 2.26
698.74 2.6
699.72 5.99
700.7 4.66
701.49 7.12
702.08 6.58
702.86 9.03
704.7 6.47
706.6 4.54
709.19 1.63
710.61 4.06
712.6 6.08
714.41 2.07
716.6 4.0
718.53 0.99
720.89 2.17
723.07 1.94
725.13 2.99
726.97 2.97
728.54 3.08
730.61 3.22
732.6 3.98
735.07 1.94
736.72 2.83
739.01 2.52
740.6 4.35
742.55 6.19
744.6 3.69
746.57 0.14
748.6 4.34
750.6 6.39
752.6 5.03
754.6 4.67
756.6 4.95
758.6 6.64
760.6 5.07
762.61 5.91
764.6 2.64
766.57 5.65
768.6 4.34
770.6 5.32
772.6 4.16
774.6 4.39
776.6 6.7
778.61 7.08
780.52 2.6
782.6 3.35
784.6 3.14
786.6 2.79
788.6 4.44
790.6 3.34
792.6 3.52
794.6 2.43
796.6 3.35
798.6 2.47
800.62 4.05
802.61 4.74
804.59 5.94
806.6 4.99
808.61 4.67
810.6 5.69
812.6 4.41
814.6 3.88
816.61 5.08
818.6 3.74
820.6 5.79
822.6 3.79
824.6 4.44
826.6 5.86
828.61 5.33
830.6 4.86
832.6 3.56
837.55 4.17
839.27 3.19
841.96 6.0
843.66 4.71
844.66 5.94
845.65 5.65
846.6 6.18
848.6 2.87
850.56 2.71
852.6 3.73
854.6 3.38
856.6 4.78
858.6 3.35
860.6 4.29
862.59 4.12
864.6 2.95
866.6 4.14
868.6 3.66
870.61 4.98
872.6 3.63
874.61 6.25
876.61 3.01
878.6 3.23
880.6 4.57
882.6 2.78
884.6 3.4
886.57 4.4
888.6 2.15
890.61 4.19
892.61 4.91
894.6 4.37
896.6 5.31
898.6 6.87
900.6 4.93
902.6 5.19
904.6 7.66
906.6 5.7
908.6 6.01
910.6 4.43
913.93 5.13
915.05 5.9
916.59 4.93
918.6 5.57
920.6 5.96
922.6 5.55
924.61 4.8
926.6 5.17
928.85 4.49
932.63 2.78
936.16 2.56
938.87 1.87
941.1 3.17
942.81 1.71
945.52 3.24
946.47 1.05
947.61 1.99
949.3 2.28
957.0 1.55
958.9 4.13
960.15 4.43
961.08 3.88
961.7 5.94
962.44 3.54
962.97 7.13
964.39 5.12
966.39 3.16
968.39 2.73
970.38 1.56
974.46 4.77
980.9 4.89
983.88 5.87
984.44 6.43
985.66 7.66
986.44 7.48
987.23 10.54
988.86 11.4
989.79 12.04
990.94 10.75
992.89 11.06
994.37 9.63
998.26 7.0
1001.68 7.88
1002.92 5.9
1003.89 6.33
1005.89 5.08
1007.89 9.38
1009.89 7.65
1011.89 8.62
1013.89 5.09
1015.89 4.26
1017.89 4.61
1019.89 3.41
1021.89 4.42
1023.89 5.69
1025.88 5.69
1027.89 6.62
1029.89 4.67
1031.88 4.38
1033.89 5.52
1035.89 8.73
1037.89 5.59
1039.89 1.45
1041.89 4.06
1043.89 4.82
1045.89 6.97
1047.9 5.71
1049.89 6.46
1051.89 4.09
1053.89 8.32
1055.88 8.26
1057.89 5.57
1059.89 5.55
1061.89 6.24
1063.89 5.07
1065.89 4.9
1067.89 4.75
1069.89 6.36
1071.89 5.58
1073.88 6.2
1075.89 4.34
1077.89 5.73
1079.89 4.87
1081.89 9.13
1083.89 7.02
1085.89 9.69
1087.89 9.19
1089.89 8.27
1091.89 7.37
1093.89 12.64
1095.89 4.97
1097.89 12.84
1099.89 10.67
1101.89 8.27
1103.89 8.69
1105.89 10.09
1107.89 9.74
1109.89 7.32
1111.88 6.96
1113.89 7.43
1115.89 9.19
1117.89 9.19
1119.89 9.97
1121.89 8.76
1123.89 8.38
1125.89 9.45
1128.39 6.53
1130.53 7.8
1132.32 8.87
1134.3 6.78
1135.89 9.01
1137.9 10.57
1139.89 12.01
1141.89 9.24
1143.85 6.14
1145.9 9.62
1147.89 4.04
1149.89 7.8
1152.29 4.31
1154.49 7.8
1156.95 6.15
1158.85 5.28
1160.34 8.19
1161.89 6.67
1163.88 8.51
1165.89 8.33
1167.9 7.69
1170.15 8.13
1172.14 10.5
1173.89 7.18
1176.14 9.02
1177.9 7.58
1179.89 6.54
1181.89 9.75
1184.14 4.4
1186.14 5.42
1188.13 5.71
1190.14 4.4
1192.56 0.68
1194.14 5.6
1196.16 3.37
1198.23 2.06
1200.39 1.03
1202.14 5.83
1204.14 0.1
1206.14 5.44
1208.14 5.05
1210.15 4.92
1212.09 4.74
1214.37 0.67
1216.91 4.31
1217.98 4.53
1220.14 7.48
1222.15 6.62
1224.14 3.97
1226.14 6.2
1228.14 5.99
1230.14 6.48
1232.14 4.86
1234.14 4.5
1236.1 4.56
1238.15 4.97
1240.14 5.05
1242.14 4.91
1244.15 5.31
1246.15 4.76
1248.14 4.09
1250.14 4.5
1252.15 5.04
1254.14 5.01
1256.15 7.32
1258.14 6.43
1260.08 6.74
1262.14 4.82
1264.15 7.39
1266.14 3.84
1268.15 6.1
1270.14 4.41
1272.15 6.66
1274.14 7.07
1276.7 3.48
1279.48 3.98
1281.49 6.43
1284.4 4.1
1286.84 5.64
1290.16 0.02
1292.54 3.78
1295.58 4.84
1298.87 4.15
1300.3 5.15
1301.89 5.97
1303.16 0.34
1303.74 6.0
1305.71 4.07
1307.45 4.9
1308.8 5.87
1310.63 3.29
1312.14 3.85
1313.82 2.46
1315.45 5.17
1316.6 4.25
1318.67 2.29
1320.14 3.14
1322.15 4.23
1325.19 5.13
1326.13 4.46
1328.15 4.1
1330.62 4.16
1332.13 3.37
1334.15 4.31
1336.14 3.23
1338.15 4.83
1342.67 3.73
1344.54 6.46
1347.17 6.1
1349.9 3.99
1353.54 6.14
1354.9 7.72
1356.06 5.57
1357.35 3.65
1359.49 5.81
1361.03 5.36
1364.16 5.07
1366.73 4.32
1369.4 5.58
1372.06 3.6
1375.01 3.88
1376.3 3.65
1377.56 5.43
1379.03 6.69
1380.23 6.65
1382.27 3.51
1383.62 6.68
1386.24 6.9
1389.91 2.99
1392.01 3.12
1393.17 3.09
1394.31 4.6
1395.4 4.57
1396.37 3.35
1397.67 1.97
1398.9 5.27
1400.12 4.85
1402.14 4.87
1404.15 3.02
1406.14 5.26
1408.14 2.67
1410.14 3.77
1413.7 0.03
1415.46 3.31
1417.83 3.61
1419.22 7.3
1421.13 3.67
1422.34 8.16
1424.39 9.56
1426.14 5.28
1428.66 2.87
1430.14 8.87
1432.39 4.67
1434.39 6.55
1436.4 5.79
1439.35 1.97
1440.39 7.56
1442.35 5.19
1444.4 1.13
1446.39 3.36
1448.39 4.1
1450.39 4.03
1452.29 2.06
1454.4 3.92
1456.39 5.0
1458.29 0.23
1460.39 2.95
1462.98 1.84
1464.32 3.26
1466.34 6.02
1470.84 0.15
1472.52 2.55
1474.23 3.86
1475.51 4.11
1476.58 5.38
1478.39 4.76
1480.39 6.17
1482.39 6.78
1484.39 6.72
1486.39 7.41
1488.39 1.52
1490.32 6.94
1492.4 5.32
1494.39 7.24
1496.39 6.42
1498.4 1.93
1500.39 9.68
1502.39 8.94
1504.39 8.05
1506.39 8.06
1508.39 4.36
1510.39 7.06
1512.39 4.04
1514.39 7.85
1516.39 7.76
1518.4 6.94
1520.39 5.23
1522.39 5.01
1524.4 7.45
1526.39 5.81
1528.4 0.53
1530.39 10.12
1532.39 8.72
1534.39 4.88
1536.39 5.11
1538.33 6.57
1540.39 3.82
1542.39 5.47
1544.39 7.21
1546.4 4.64
1548.39 4.53
1550.56 0.26
1552.39 2.71
1555.45 1.31
1558.22 4.11
1559.43 3.73
1560.45 5.57
1562.39 2.7
1564.39 6.92
1566.39 0.09
1568.39 4.53
1570.39 8.32
1572.4 9.1
1574.39 5.69
1576.39 9.59
1578.39 6.47
1580.82 2.74
1582.34 3.85
1584.39 3.51
1586.31 6.74
1588.4 8.17
1590.39 5.6
1592.39 4.59
1594.39 5.74
1596.39 7.19
1598.39 8.95
1600.39 8.13
1602.39 7.86
1604.39 9.13
1606.39 8.85
1608.39 9.18
1610.39 8.48
1612.39 8.79
1614.39 7.53
1616.39 5.93
1618.39 10.83
1620.39 4.54
1622.39 10.83
1624.39 2.45
1626.39 10.93
1628.39 8.19
1630.39 5.29
1632.4 8.11
1634.39 7.29
1636.4 8.17
1638.39 8.22
1640.4 2.21
1642.4 10.97
1644.39 8.03
1646.39 9.61
1648.39 7.7
1650.39 9.43
1652.39 9.31
1654.39 7.67
1656.4 7.96
1658.4 8.55
1660.39 4.13
1662.39 1.58
1664.39 6.85
1666.39 1.44
1668.39 6.37
1670.39 7.98
1672.4 5.44
1674.39 7.82
1676.67 0.43
1679.17 0.26
1682.35 1.56
1685.59 1.16
1686.65 4.93
1687.67 5.74
1688.56 6.21
1690.65 5.64
1692.64 4.98
1694.64 5.55
1696.65 4.7
1698.65 5.39
1700.64 5.72
1702.64 4.14
1705.94 0.21
1707.78 4.3
1710.04 0.11
1712.21 1.82
1713.22 4.69
1717.34 2.77
1718.8 4.21
1719.86 5.86
1720.71 5.63
1722.64 7.82
1724.64 3.39
1726.64 7.23
1728.64 6.9
1730.65 8.65
1732.64 3.8
1734.64 9.56
1736.64 4.7
1738.65 9.26
1740.65 6.16
1742.64 10.72
1745.08 10.72
1746.64 4.23
1748.64 7.03
1750.64 6.88
1752.64 7.13
1754.64 7.31
1756.64 7.82
1758.64 9.44
1760.64 4.48
1762.64 10.05
1764.64 7.14
1766.64 8.59
1768.64 7.74
1770.64 7.92
1772.65 4.74
1774.64 6.85
1776.64 7.22
1778.64 6.28
1780.64 10.37
1782.64 0.3
1784.64 6.12
1786.64 3.78
1788.64 9.42
1790.64 6.5
1792.67 2.64
1794.64 7.67
1798.0 3.75
1802.5 4.59
1807.61 3.48
1811.16 0.11
1813.23 0.97
1814.02 2.66
1814.61 4.19
1815.46 3.97
1817.42 1.89
1819.45 2.49
1820.65 2.8
1822.39 1.59
1824.21 1.49
1825.54 1.81
1826.56 3.4
1827.55 4.74
1828.64 4.48
1830.65 5.31
1832.64 6.27
1834.64 6.14
1836.64 3.85
1838.64 4.11
1840.65 6.91
1842.64 7.01
1844.56 3.7
1846.65 3.97
1848.64 5.13
1850.64 5.12
1852.64 0.98
1854.64 4.53
1856.64 0.08
1858.64 5.04
1860.64 2.6
1862.64 5.43
1864.64 5.75
1866.64 5.57
1868.64 6.4
1870.64 3.05
1872.66 3.58
1875.25 5.17
1877.14 4.11
1879.06 3.08
1882.76 5.6
1884.22 4.9
1886.24 4.61
1888.83 4.76
1894.38 3.03
1897.9 8.63
1900.48 1.91
1901.96 0.99
1902.57 5.78
1903.34 7.36
1903.94 5.03
1905.04 3.53
1906.22 4.71
1906.88 6.23
1908.64 9.55
1910.64 9.73
1912.64 8.95
1914.64 4.45
1916.64 3.78
1918.65 6.41
1920.89 5.03
1922.64 4.68
1924.64 2.83
1926.64 4.63
1928.64 5.63
1930.64 5.13
1932.89 2.24
1934.9 5.65
1936.83 6.51
1939.1 3.33
1940.89 4.43
1942.91 6.71
1944.89 4.86
1946.9 6.86
1948.9 2.51
1950.89 6.17
1952.89 4.8
1954.9 6.16
1956.9 5.97
1958.89 0.4
1960.85 5.4
1962.9 5.8
1964.89 4.49
1966.88 3.05
1968.89 0.96
1970.88 4.33
1972.88 5.74
1974.89 4.32
1976.88 6.61
1978.89 5.49
1980.88 3.19
1982.88 7.43
1984.82 6.38
1986.88 4.52
1988.89 7.06
1990.88 9.06
1992.88 8.6
1994.88 10.32
1996.88 5.04
1998.88 9.6
2000.88 7.99
2002.88 7.02
2004.88 8.36
2006.88 6.98
2008.83 9.14
2010.88 9.46
2012.89 6.21
2014.89 13.16
2016.89 12.72
2018.88 12.06
2020.88 6.48
2022.9 7.92
2024.88 7.05
2026.88 0.87
2028.88 11.27
2030.88 9.6
2032.79 10.93
2034.88 9.4
2036.88 8.76
2038.88 10.58
2040.88 4.43
2042.88 5.04
2045.07 0.08
2046.91 1.54
2048.88 6.72
2050.89 3.5
2052.88 5.61
2054.88 6.92
2056.87 3.22
2058.89 2.36
2060.81 3.27
2063.06 2.13
2064.88 3.21
2066.89 3.69
2068.89 4.36
2070.9 4.34
2072.88 4.51
2074.89 2.77
2076.91 3.83
2078.93 3.24
2080.84 4.86
2082.89 4.94
2084.89 5.28
2086.88 5.2
2088.88 5.28
2090.88 4.96
2092.88 3.71
2094.88 3.39
2096.88 4.84
2098.89 5.8
2100.88 2.01
2102.89 5.09
2104.86 4.44
2106.88 3.33
2108.88 3.17
2110.89 4.73
2112.89 4.12
2114.88 3.61
2116.88 3.18
2119.55 0.16
2123.12 2.02
2124.59 2.64
2126.03 3.2
2128.14 3.34
2129.9 4.81
2131.1 4.55
2132.9 3.08
2134.88 6.43
2136.88 6.52
2138.89 3.45
2140.88 0.11
2142.88 6.55
2144.88 4.19
2146.88 6.99
2148.88 4.21
2150.89 3.42
2152.89 5.53
2154.88 6.13
2156.88 2.97
2158.88 2.59
2160.88 4.6
2162.88 5.06
2164.88 3.73
2166.88 3.45
2168.88 4.06
2170.89 2.62
2173.13 5.1
2174.89 3.66
2177.13 3.13
2178.9 3.25
2181.13 5.28
2183.13 4.97
2184.88 4.01
2186.89 2.32
2189.13 3.96
2191.13 4.26
2193.13 6.91
2195.14 5.15
2197.04 2.67
2201.03 3.39
2204.75 1.28
2206.95 1.66
2208.62 2.25
2209.54 5.28
2210.67 5.7
2212.04 5.27
2213.13 7.79
2215.13 5.32
2219.72 3.63
2221.41 5.19
2223.37 3.39
2225.2 2.5
2226.67 2.65
2228.28 3.85
2230.41 2.44
2234.68 1.5
2236.98 2.13
2238.6 2.48
2240.35 0.77
2241.17 5.39
2242.13 3.82
2243.02 5.2
2245.13 6.4
2247.13 4.81
2251.4 3.36
2255.79 2.09
2257.19 3.87
2258.76 7.06
2260.23 7.39
2260.9 5.86
2261.66 5.32
2263.14 4.68
2265.14 4.57
2271.71 6.45
2274.63 12.7
2275.26 5.31
2276.39 0.43
2277.31 4.85
2278.81 3.92
2280.75 3.79
2282.75 7.14
2284.75 7.52
2286.75 6.91
2288.75 9.14
2290.68 3.45
2294.44 2.78
2298.33 5.21
2301.1 6.58
2303.44 3.06
2307.05 3.56
2308.24 4.9
2309.67 4.37
2310.81 5.38
2311.52 6.27
2312.07 5.07
2314.43 0.7
2316.2 2.73
2317.16 6.57
2318.76 3.04
2320.75 7.6
2322.76 8.23
2324.77 10.02
2326.75 3.58
2328.75 8.63
2330.76 6.58
2332.75 6.58
2334.75 7.74
2336.75 5.87
2338.76 4.08
2340.76 4.18
2342.76 5.21
2344.76 3.39
2346.76 3.82
2348.77 6.11
2350.76 3.33
2352.76 4.77
2354.76 1.93
2356.76 2.04
2358.75 5.44
2360.77 5.29
2362.77 5.29
2364.76 4.33
2366.75 4.33
2368.76 4.81
2370.76 3.4
2372.75 3.64
2374.75 4.98
2376.76 4.98
2378.76 4.98
2380.76 6.01
2382.75 5.31
2384.77 5.66
2386.76 5.07
2388.76 4.1
2390.76 4.94
2392.76 3.86
2394.76 2.83
2396.78 3.82
2398.76 4.53
2400.76 5.19
2402.77 5.58
2404.75 7.63
2406.77 7.3
2408.76 5.89
2410.75 8.35
2412.76 7.61
2414.76 5.8
2416.75 7.73
2418.75 5.57
2420.76 6.72
2423.01 4.23
2425.0 4.97
2426.76 4.6
2429.01 5.67
2430.76 4.57
2433.0 5.19
2435.17 0.11
2437.42 3.86
2439.0 5.38
2440.78 5.34
2443.01 4.85
2445.01 5.75
2447.01 6.58
2449.02 8.63
2451.02 6.42
2453.19 3.3
2454.99 3.77
2456.86 3.3
2459.0 7.64
2461.0 7.14
2463.01 6.85
2465.01 3.11
2467.0 6.23
2469.0 3.61
2471.01 5.2
2473.0 5.87
2475.0 7.71
2477.02 6.44
2479.02 5.09
2481.0 5.94
2483.0 4.11
2485.01 5.6
2487.0 7.46
2489.01 6.48
2491.0 4.47
2493.01 5.62
2495.01 6.22
2497.03 2.47
2499.0 6.11
2501.0 6.25
2502.97 4.33
2505.01 5.66
2507.01 4.49
2509.0 6.07
2511.01 4.4
2512.94 3.05
2515.0 5.31
2517.01 4.7
2519.0 6.02
2521.0 5.8
2523.0 6.15
2525.02 8.51
2526.99 7.49
2529.0 7.35
2531.02 7.29
2533.0 1.42
2535.0 6.29
2537.0 4.61
2539.01 6.07
2541.01 7.8
2543.02 4.65
2545.02 6.72
2547.02 6.36
2549.01 5.92
2550.93 6.99
2553.01 8.1
2555.02 8.19
2557.01 4.79
2559.02 6.05
2561.02 6.72
2563.01 9.27
2565.01 4.64
2567.0 8.09
2569.0 8.81
2571.01 6.9
2573.02 4.8
2574.95 5.2
2577.0 5.59
2579.4 6.48
2581.02 5.8
2583.61 4.78
2585.19 6.92
2587.02 5.69
2589.0 6.06
2591.01 8.05
2593.02 6.97
2595.02 9.27
2597.01 7.65
2598.94 9.37
2601.03 5.19
2603.02 2.79
2605.02 6.61
2607.01 5.2
2609.0 3.57
2611.0 3.84
2613.01 3.57
2615.01 5.13
2617.03 3.78
2619.0 3.7
2621.01 4.93
2622.95 5.84
2625.0 6.19
2627.01 4.88
2629.0 3.62
2631.0 6.56
2633.02 3.82
2635.01 5.91
2637.0 4.84
2639.01 4.47
2641.01 5.28
2643.0 5.11
2645.0 5.38
2647.04 6.61
2649.0 5.18
2651.01 6.58
2653.01 6.34
2655.01 6.41
2657.0 5.34
2659.0 4.19
2661.01 5.12
2663.02 2.73
2665.0 5.72
2667.01 5.2
2669.01 4.24
2671.02 5.27
2673.01 5.9
2675.01 7.73
2677.03 4.43
2679.26 4.89
2681.25 7.51
2683.01 5.46
2685.21 6.33
2687.25 4.44
2689.26 4.9
2691.27 5.29
2693.26 3.3
2695.26 4.35
2697.26 4.54
2699.27 5.12
2701.07 5.42
2703.26 5.98
2705.26 6.03
2707.26 8.85
2709.18 5.21
2711.26 5.2
2713.27 6.96
2715.27 6.05
2717.26 6.02
2719.26 7.33
2721.27 6.73
2723.26 4.15
2725.27 5.23
2727.27 7.04
2729.27 6.79
2731.26 9.8
2733.18 4.3
2735.26 7.51
2737.28 2.9
2739.26 4.91
2741.27 4.91
2743.27 4.91
2745.26 9.46
2747.26 7.16
2749.26 6.12
2751.27 7.45
2753.27 5.17
2755.25 7.2
2757.19 4.96
2759.27 7.89
2762.04 4.22
2764.29 5.37
2768.87 5.83
2771.61 5.0
2776.71 6.35
2777.54 4.43
2778.75 4.48
2779.76 5.24
2780.77 6.3
2781.64 4.68
2783.45 2.8
2784.61 4.58
2785.65 5.91
2787.27 7.68
2789.26 7.11
2791.27 6.25
2793.27 5.85
2795.26 3.05
2797.27 3.86
2799.17 3.32
2801.26 3.48
2803.25 4.45
2805.25 2.73
2807.26 3.99
2809.26 5.77
2811.27 4.11
2813.26 0.18
2815.25 3.66
2817.25 4.55
2819.26 4.0
2821.27 2.56
2823.27 2.25
2825.26 4.41
2827.28 5.16
2829.25 3.6
2831.22 2.34
2833.22 4.0
2835.41 2.62
2837.27 5.19
2839.24 2.55
2841.27 0.29
2844.27 0.11
2846.29 4.11
2848.96 2.0
2850.9 4.23
2851.87 5.39
2853.64 3.35
2855.51 2.08
2857.64 3.65
2859.27 3.3
2861.27 3.17
2863.26 2.95
2865.25 5.06
2867.26 3.77
2869.26 3.88
2871.26 3.85
2873.27 3.11
2875.26 5.2
2877.26 5.41
2879.37 3.46
2881.27 3.21
2883.26 5.53
2885.26 5.08
2887.27 4.37
2889.26 7.3
2891.7 7.91
2894.57 2.51
2896.51 6.74
2898.25 6.11
2900.14 6.71
2902.43 4.69
2904.34 7.22
2906.47 6.27
2909.12 7.39
2911.03 5.96
2913.28 6.07
2915.65 4.19
2918.33 4.3
2920.95 8.03
2922.21 7.36
2923.63 8.49
2925.05 6.04
2926.32 7.29
2927.77 7.03
2929.25 7.85
2931.27 4.7
2933.77 6.55
2935.66 3.53
2938.31 5.74
2940.86 4.86
2943.91 4.66
2947.72 5.15
2950.13 4.82
2951.03 5.14
2951.93 4.46
2952.66 6.72
2953.85 6.77
2959.52 5.52
2961.52 3.7
2963.51 4.04
2965.52 4.56
2967.52 5.48
2969.51 5.65
2971.51 4.47
2973.51 5.25
2975.52 4.65
2977.5 5.72
2979.51 6.98
2981.51 5.3
2983.53 6.23
2985.51 3.39
2987.51 6.52
2989.51 5.88
2991.54 9.64
2993.51 3.79
2995.52 8.96
2997.51 5.87
2999.51 6.2
3001.97 1.03
3003.61 4.1
3005.51 4.12
3007.64 4.13
3009.51 4.71
3011.71 4.62
3013.52 4.56
3015.52 5.59
3017.52 6.3
3019.52 4.12
3021.52 6.04
3023.51 4.18
3025.51 3.9
3027.52 5.75
3029.52 4.71
3031.71 5.01
3034.32 4.37
3036.87 3.11
3040.11 2.46
3046.27 1.8
3048.17 3.71
3049.42 3.89
3050.84 4.98
3053.03 3.14
3055.4 3.39
3057.72 3.11
3059.29 4.74
3061.01 4.8
3062.41 7.53
3063.44 8.14
3064.97 8.63
3066.98 4.46
3068.97 5.85
3070.97 4.93
3072.97 4.58
3074.97 5.15
3076.97 6.8
3078.97 6.64
3080.97 6.6
3082.97 5.73
3084.97 5.06
3086.88 6.49
3088.97 7.5
3090.96 5.61
3092.97 2.18
3094.97 4.98
3096.97 5.27
3098.97 7.29
3100.97 6.2
3102.97 4.74
3104.97 4.67
3106.98 5.4
3108.97 7.83
3110.93 4.72
3112.96 5.66
3114.97 5.73
3116.97 6.99
3118.97 7.47
3120.97 7.93
3122.97 5.9
3124.97 7.44
3126.97 6.0
3128.97 8.44
3130.97 5.11
3132.97 7.67
3134.88 6.62
3136.97 8.95
3138.96 6.18
3140.97 5.28
3142.97 6.33
3144.97 3.13
3149.72 6.79
3153.58 7.24
3155.06 6.89
3156.59 6.24
3157.54 6.76
3159.25 8.13
3161.07 7.62
3162.25 9.35
3163.28 6.61
3165.42 5.77
3167.93 6.44
3169.17 6.28
3171.13 6.96
3172.97 7.1
3174.97 10.08
3176.97 5.64
3179.53 6.08
3181.32 5.46
3183.11 5.6
3184.97 5.97
3186.97 5.4
3188.97 6.4
3190.97 6.84
3192.97 5.58
3194.97 5.76
3197.5 6.83
3199.19 7.3
3200.97 5.32
3202.97 7.03
3207.08 6.35
3211.17 1.1
3213.27 4.44
3214.85 5.46
3216.74 4.92
3218.29 4.36
3220.02 6.17
3222.09 4.35
3224.25 4.84
3226.12 6.01
3227.38 3.06
3229.14 4.91
3231.15 3.56
3232.27 3.16
3233.09 5.21
3234.98 4.82
3236.97 4.28
3238.97 4.29
3240.97 6.2
3242.97 7.83
3244.97 8.25
3246.97 5.78
3248.97 5.86
3250.97 6.2
3252.96 4.96
3254.97 5.91
3256.97 6.58
3258.97 8.59
3260.97 7.19
3262.97 4.46
3264.97 5.92
3266.97 8.35
3268.97 1.75
3270.97 4.97
3272.97 4.68
3274.97 6.47
3276.97 3.74
3278.97 5.7
3280.97 6.66
3282.98 6.1
3284.97 5.62
3287.22 7.49
3288.97 6.15
3291.22 4.7
3293.12 5.7
3295.16 5.54
3297.99 6.01
3299.42 7.85
3301.22 7.94
3303.22 6.62
3305.22 4.14
3307.11 3.7
3309.22 5.56
3311.22 4.97
3313.22 6.42
3315.22 5.7
3317.22 9.07
3319.22 7.66
3321.22 6.9
3323.22 6.18
3325.22 2.19
3327.22 4.92
3329.21 6.45
3331.22 5.13
3333.22 5.01
3335.23 5.46
3337.22 5.04
3339.22 4.13
3341.22 5.4
3343.22 7.95
3345.22 7.39
3347.22 6.91
3349.22 7.84
3351.22 5.35
3353.22 5.02
3355.22 9.94
3357.22 8.64
3359.22 10.33
3361.22 9.98
3363.22 7.22
3365.22 6.47
3367.22 5.08
3369.22 6.55
3371.22 5.44
3373.22 5.66
3375.22 7.64
3377.22 7.85
3379.22 10.46
3381.22 7.48
3383.22 5.41
3385.22 6.04
3387.22 6.15
3389.22 5.63
3391.22 5.66
3393.22 7.77
3395.22 4.74
3397.22 0.13
3399.22 4.1
3401.22 5.48
3403.22 5.59
3405.22 5.04
3407.22 5.56
3409.22 7.51
3411.22 7.14
3413.22 6.25
3415.22 7.14
3417.22 9.69
3419.22 8.87
3421.22 7.85
3423.22 8.71
3425.23 6.14
3427.22 5.42
3429.22 7.64
3431.22 5.39
3433.22 6.72
3435.22 5.52
3437.22 5.99
3439.22 5.71
3441.23 4.03
3443.22 5.65
3445.22 5.32
3447.22 4.92
3449.22 6.57
3451.22 5.03
3453.22 5.49
3455.22 8.11
3457.22 4.96
3459.22 6.23
3461.22 4.19
3463.22 3.8
3465.22 6.02
3467.22 6.36
3469.22 5.57
3471.22 3.05
3473.3 3.65
3475.23 3.81
3477.21 6.42
3479.22 4.32
3481.22 2.47
3484.65 1.69
3486.43 2.42
3488.26 3.06
3489.8 3.37
3491.22 5.48
3493.22 3.05
3495.22 5.47
3497.28 2.97
3499.47 3.29
3502.72 2.21
3505.39 5.45
3505.96 7.47
3507.22 6.24
3509.22 4.2
3511.22 5.5
3513.78 3.67
3515.5 5.1
3518.93 3.01
3520.67 6.24
3522.56 5.14
3524.12 7.08
3525.59 7.35
3527.47 7.9
3529.22 9.03
3531.47 5.75
3533.41 6.18
3535.47 5.63
3537.47 5.26
3539.22 6.21
3541.22 5.03
3543.47 4.5
3545.22 6.84
3547.46 5.22
3549.47 5.78
3551.47 6.1
3553.47 6.05
3555.47 4.82
3557.49 5.72
3559.47 5.87
3561.99 0.08
3563.97 4.59
3565.32 4.03
3567.77 1.85
3569.47 4.18
3571.5 5.07
3573.48 6.14
3575.47 5.29
3577.47 4.48
3579.47 5.62
3581.41 5.26
3583.47 7.68
3585.47 6.07
3587.47 6.93
3589.46 5.9
3591.47 3.58
3593.47 4.66
3595.47 7.69
3597.47 5.22
3599.46 6.71
3601.47 6.29
3603.47 5.71
3605.45 7.55
3607.47 3.74
3609.48 4.95
3611.82 2.45
3613.48 6.3
3615.47 8.0
3617.47 6.95
3619.47 5.56
3621.47 4.31
3623.45 6.38
3625.47 6.1
3627.48 3.06
3629.4 4.09
3631.47 4.66
3633.47 3.6
3635.47 4.5
3637.48 4.84
3639.47 6.12
3641.47 5.96
3643.47 6.4
3645.47 8.08
3647.47 7.03
3649.48 5.1
3651.47 4.31
3653.41 6.43
3655.47 4.24
3657.47 5.91
3659.47 6.81
3661.47 4.59
3663.47 6.65
3665.48 4.68
3667.47 3.11
3669.47 4.28
3671.47 6.4
3673.47 4.2
3675.47 4.7
3677.45 3.62
3679.47 5.57
3681.47 4.06
3683.46 4.17
3685.47 5.3
3687.47 6.9
3689.47 5.9
3691.47 4.93
3693.47 8.0
3695.47 6.62
3697.48 3.24
3699.47 6.7
3701.39 4.56
3703.47 5.02
3705.47 5.73
3707.42 4.53
3709.47 4.23
3711.47 4.24
3713.47 3.35
3715.47 6.26
3717.47 7.2
3719.47 4.6
3721.47 9.4
3723.47 5.63
3725.43 4.25
3727.47 3.72
3729.47 7.89
3731.47 4.79
3733.46 7.26
3735.47 4.59
3737.47 5.53
3739.47 5.29
3741.47 5.1
3743.47 5.48
3746.17 7.0
3748.18 6.25
3749.47 4.68
3751.47 4.81
3753.47 8.31
3755.48 6.97
3757.47 2.87
3759.46 5.84
3761.47 4.35
3763.47 4.47
3765.47 6.62
3767.47 5.98
3769.47 5.49
3771.47 4.48
3773.47 5.73
3775.47 5.6
3777.48 4.87
3779.72 7.42
3781.47 4.98
3783.72 5.77
3785.73 4.21
3787.73 3.84
3789.72 7.61
3791.47 6.93
3793.72 7.58
3795.47 6.93
3797.71 6.96
3799.72 7.06
3801.73 6.62
3803.72 3.05
3805.72 7.96
3807.73 5.24
3809.72 6.36
3811.72 7.65
3813.71 2.65
3815.72 6.27
3817.72 5.51
3819.72 6.85
3821.73 6.43
3823.72 4.86
3825.72 6.36
3827.73 4.9
3829.71 5.68
3831.73 3.59
3833.72 4.3
3835.72 4.52
3837.72 6.76
3839.72 6.82
3841.72 2.75
3843.72 6.38
3845.73 7.23
3847.73 3.91
3849.72 6.39
3851.72 5.09
3853.82 6.12
3855.72 6.45
3857.72 4.64
3859.72 4.12
3861.73 3.35
3863.72 2.91
3865.72 3.88
3867.95 3.23
3869.76 3.49
3871.72 4.76
3873.73 3.8
3875.73 5.31
3877.72 3.45
3879.72 3.73
3881.72 4.0
3883.72 4.95
3885.72 4.0
3887.72 3.23
3889.72 2.39
3891.73 3.76
3894.2 2.26
3896.93 2.97
3899.26 2.37
3900.54 2.49
3905.75 0.22
3909.52 0.62
3911.21 1.46
3913.99 0.74
3915.09 0.72
3915.98 1.72
3919.07 0.89
3920.61 1.44
3924.46 1.18
3925.65 1.42
3926.39 1.83
3926.98 3.81
3927.69 2.97
3928.61 4.05
3929.7 5.49
3931.72 1.86
3933.72 6.33
3935.73 5.31
3937.73 3.96
3939.72 4.18
3941.72 4.57
3943.72 4.67
3945.72 5.03
3947.72 3.67
3949.72 3.49
3951.75 4.34
3953.72 0.53
3955.73 4.48
3957.71 5.17
3959.72 4.44
3961.74 6.35
3963.72 5.3
3965.73 3.19
3967.72 5.77
3969.72 4.94
3971.72 7.3
3973.72 7.52
3975.72 4.56
3977.72 4.93
3979.72 4.96
3981.73 1.25
3983.72 4.62
3985.72 5.25
3987.69 2.51
3989.72 4.07
3991.72 4.7
3993.72 4.85
3995.73 5.12
3997.73 3.45
3999.72 4.43
4001.72 5.03
4003.72 7.49
4005.72 6.48
4007.72 4.14
4009.72 4.42
4011.83 2.43
4015.84 0.22
4019.44 1.27
4021.05 4.15
4022.03 5.43
4023.6 5.95
4026.15 3.68
4027.84 4.65
4028.63 4.07
4030.52 3.08
4031.93 5.43
4033.72 5.94
4035.97 6.64
4037.72 5.37
4039.97 5.39
4041.95 2.91
4043.97 5.72
4045.97 2.04
4047.97 5.75
4049.97 6.42
4051.96 6.24
4053.98 6.93
4055.97 5.54
4057.97 4.48
4059.96 3.03
4061.88 1.39
4063.97 2.85
4065.97 4.8
4067.97 5.3
4069.97 5.94
4072.52 3.94
4074.52 5.35
4076.33 5.76
4079.08 4.74
4081.45 3.83
4083.37 4.53
4085.37 4.4
4087.21 2.65
4088.36 5.79
4089.89 6.25
4091.98 7.23
4093.85 7.28
4095.97 7.2
4097.97 6.65
4099.97 6.95
4101.97 4.22
4103.96 4.14
4105.98 1.54
4107.97 4.84
4109.97 6.0
4111.97 4.36
4114.09 3.69
4116.41 3.42
4118.31 3.46
4120.46 5.69
4121.97 7.69
4123.93 7.95
4125.97 7.32
4127.97 6.69
4129.97 7.12
4131.97 7.17
4133.97 6.16
4135.96 4.23
4137.97 6.62
4139.96 8.07
4141.97 5.43
4143.97 6.31
4145.97 8.07
4147.91 4.37
4149.97 6.75
4151.97 7.09
4153.97 4.42
4155.97 3.85
4157.97 6.88
4159.97 7.94
4162.37 3.41
4164.07 5.58
4165.9 6.29
4167.98 6.22
4169.97 5.72
4171.97 5.98
4173.97 6.81
4178.07 4.43
4181.47 4.44
4183.83 4.42
4185.4 5.7
4187.36 3.81
4190.16 3.38
4192.48 2.53
4194.82 5.53
4196.06 5.79
4197.22 4.34
4198.62 6.23
4199.75 4.94
4201.3 2.81
4202.88 3.77
4204.08 8.01
4205.97 5.24
4207.97 5.11
4209.98 3.39
4211.97 5.0
4213.97 6.71
4215.97 5.57
4217.97 3.17
4219.9 5.65
4221.97 4.18
4224.38 5.7
4226.36 5.48
4227.97 7.23
4229.96 6.72
4231.97 5.51
4233.97 5.58
4235.99 6.39
4237.97 4.85
4239.97 5.25
4241.97 6.97
4243.96 7.04
4245.97 6.67
4247.97 7.43
4249.97 4.92
4252.31 4.89
4254.36 6.49
4255.97 6.4
4257.97 5.32
4259.98 6.53
4261.97 8.71
4263.97 7.73
4267.07 4.91
4268.55 5.77
4269.97 8.02
4272.71 4.63
4275.68 3.5
4278.3 3.55
4280.63 5.94
4283.71 3.34
4285.07 4.59
4286.51 7.29
4287.79 6.11
4288.62 7.04
4289.97 4.07
4292.22 5.05
4294.22 6.96
4296.57 0.16
4299.24 4.42
4301.02 4.05
4302.74 3.56
4304.01 3.15
4306.22 3.74
4308.22 5.76
4310.22 5.22
4312.3 0.37
4314.22 4.53
4316.22 5.66
4318.22 3.44
4320.22 6.07
4322.22 5.2
4324.22 4.85
4326.24 4.7
4328.22 5.93
4330.21 4.21
4332.22 3.39
4334.23 6.17
4336.22 7.48
4338.22 7.23
4340.22 7.6
4342.24 2.97
4344.22 5.15
4346.22 6.98
4348.22 6.5
4350.22 8.68
4352.22 4.82
4354.13 3.18
4356.23 6.16
4358.22 6.29
4360.22 4.21
4362.22 4.44
4364.22 5.9
4366.22 6.26
4368.22 6.82
4370.21 3.24
4372.24 2.37
4374.21 3.92
4376.22 3.4
4378.22 2.05
4380.22 3.4
4382.22 3.08
4384.22 2.49
4386.22 2.7
4388.18 3.7
4390.21 2.78
4392.22 4.65
4394.22 3.97
4396.22 4.74
4398.23 5.39
4400.22 4.56
4402.2 2.76
4404.22 5.2
4406.22 4.65
4408.22 7.32
4410.22 4.95
4412.22 7.04
4414.22 5.04
4416.22 5.61
4418.21 4.72
4420.22 5.66
4422.21 4.39
4424.22 3.73
4426.22 3.95
4428.21 2.98
4430.22 4.96
4432.22 3.84
4434.21 4.48
4436.22 3.48
4438.22 2.52
4440.22 3.28
4442.14 0.62
4444.21 2.83
4446.22 3.23
4448.21 3.52
4450.21 3.76
4452.23 4.21
4454.22 3.04
4457.95 0.17
4460.84 2.31
4461.5 3.39
4462.65 3.68
4464.22 4.82
4466.23 4.98
4468.22 5.75
4470.22 8.16
4472.22 4.37
4474.58 5.03
4476.24 6.51
4478.22 0.21
4480.22 4.5
4482.22 6.18
4484.22 7.0
4486.23 5.4
4488.21 7.52
4490.22 4.52
4492.23 4.31
4494.22 8.49
4496.22 5.63
4498.18 7.93
4500.21 5.69
4502.22 3.83
4504.22 6.03
4506.22 3.32
4508.19 3.97
4510.22 6.19
4512.22 5.25
4514.22 2.14
4516.21 4.89
4518.21 4.05
4520.22 2.51
4522.23 3.91
4524.22 3.88
4526.22 4.46
4528.47 4.74
4530.22 4.74
4532.47 4.68
4534.49 5.94
4536.47 5.93
4538.47 4.46
4540.23 4.72
4542.47 6.36
4545.06 5.25
4546.77 3.23
4548.67 6.38
4550.39 5.18
4552.98 1.87
4557.26 2.15
4560.45 5.18
4561.61 7.24
4562.74 5.93
4564.0 5.89
4565.63 4.28
4567.88 4.27
4569.13 6.96
4570.44 5.19
4572.43 3.04
4574.47 3.97
4576.47 4.46
4578.47 3.31
4580.47 5.54
4582.46 5.71
4584.47 3.11
4586.47 3.61
4589.03 2.44
4591.49 3.48
4594.08 3.32
4596.36 2.86
4597.45 3.11
4598.4 3.6
4600.47 5.46
4602.47 5.76
4604.47 2.21
4606.47 4.43
4608.47 6.75
4610.49 0.11
4612.44 3.04
4614.47 3.44
4616.48 4.33
4618.77 4.46
4620.58 3.62
4622.47 5.48
4624.47 4.27
4626.47 4.56
4628.46 1.96
4630.47 2.03
4632.47 3.87
4634.47 6.64
4636.48 5.75
4638.46 5.03
4640.47 3.84
4642.55 4.67
4644.47 3.78
4646.47 4.6
4648.46 4.33
4650.48 4.16
4652.47 5.75
4654.47 3.32
4656.47 4.6
4658.47 3.92
4660.47 4.18
4662.48 4.82
4664.48 4.57
4666.47 4.99
4668.47 5.44
4670.47 4.98
4672.78 4.0
4674.48 2.53
4676.47 6.67
4680.25 4.04
4683.28 8.01
4686.21 5.01
4687.88 4.82
4690.84 4.12
4694.4 4.34
4696.77 4.38
4698.56 6.05
4699.89 4.75
4701.16 2.39
4702.24 3.55
4703.61 4.22
4706.47 5.87
4707.89 6.48
4710.13 3.99
4712.16 6.71
4713.36 8.21
4714.23 10.19
4715.02 7.55
4716.75 4.07
4718.42 5.46
4720.4 5.64
4722.47 5.24
4724.47 5.41
4726.47 5.9
4728.47 6.05
4730.47 6.48
4732.46 2.69
4734.47 6.44
4736.47 7.57
4738.47 5.45
4740.47 6.82
4742.47 7.77
4744.46 7.49
4746.48 3.98
4748.46 3.88
4750.47 4.73
4752.47 5.62
4754.47 5.86
4756.47 6.02
4758.48 7.07
4760.49 7.51
4762.47 3.37
4764.47 3.93
4766.47 3.78
4768.47 3.3
4770.47 6.28
4772.47 4.85
4774.47 6.2
4776.47 4.52
4778.47 4.33
4780.73 4.36
4782.47 5.34
4784.72 5.56
4786.72 4.17
4788.71 5.07
4790.75 8.43
4792.47 5.68
4794.73 4.74
4796.48 5.03
4798.72 7.07
4801.1 8.12
4802.72 7.26
4804.72 4.97
4806.53 2.9
4808.72 1.97
4810.51 0.1
4812.72 4.58
4814.73 5.2
4816.72 5.28
4818.73 3.14
4821.32 3.06
4824.06 1.91
4825.97 3.56
4827.3 4.21
4828.72 5.59
4831.76 0.28
4834.16 1.09
4835.56 3.02
4836.53 3.43
4838.71 3.32
4840.71 3.96
4842.71 4.07
4844.7 0.07
4846.71 3.96
4848.67 5.46
4851.03 4.55
4852.72 3.67
4854.72 5.14
4856.72 4.31
4858.72 5.9
4860.72 2.64
4862.73 6.54
4864.71 5.3
4866.73 3.93
4868.72 6.47
4870.73 0.46
4872.71 7.55
4874.71 5.83
4876.72 5.35
4878.72 2.04
4880.74 3.79
4882.71 4.18
4885.0 5.21
4887.15 4.92
4889.31 1.16
4890.71 7.11
4892.74 7.04
4894.71 7.08
4896.67 5.2
4898.72 7.34
4900.72 7.49
4902.72 6.4
4905.65 4.31
4907.19 4.92
4908.87 3.42
4911.78 3.24
4912.75 5.4
4914.72 5.21
4916.66 4.64
4918.82 6.68
4921.47 2.39
4928.4 0.13
4929.63 2.37
4934.31 0.77
4935.64 0.11
4937.06 0.3
4940.85 0.41
4942.73 2.87
4943.48 2.71
4946.43 3.67
4947.22 6.33
4948.73 4.42
4951.52 7.75
4953.37 4.05
4954.89 3.52
4956.05 2.97
4957.99 5.06
4960.0 3.91
4961.98 4.73
4963.98 6.92
4965.98 3.88
4967.95 5.37
4969.99 5.82
4972.12 5.39
4974.02 3.64
4975.99 5.12
4977.98 3.94
4979.98 6.34
4981.98 6.45
4983.99 4.01
4985.99 5.21
4987.98 5.03
4989.98 5.08
4991.98 6.02
4993.98 5.53
4995.98 5.8
4997.98 6.13
5000.31 5.7
5002.27 6.47
5004.78 6.04
5007.92 3.08
5011.77 2.11
5014.49 4.44
5017.99 4.07
5022.2 2.81
5022.89 7.08
5023.76 5.94
5024.62 6.07
5025.75 6.27
5027.93 2.74
5028.78 4.89
5029.81 5.2
5030.65 5.96
5032.57 2.84
5033.98 7.4
5036.0 8.46
5038.0 0.1
5040.23 7.88
5042.23 7.69
5044.23 5.0
5046.23 4.29
5047.98 5.79
5050.23 5.97
5052.02 3.44
5054.24 4.06
5056.24 3.93
5058.23 4.48
5061.17 3.97
5063.78 5.7
5064.84 7.26
5066.23 7.07
5068.24 5.29
5070.23 5.65
5072.23 3.43
5074.15 3.01
5076.39 3.22
5078.22 4.15
5080.23 4.21
5082.23 2.71
5084.09 5.96
5086.23 5.91
5088.23 4.53
5090.43 0.29
5092.2 4.02
5094.22 4.06
5096.24 4.85
5098.23 5.66
5100.23 5.57
5102.26 4.19
5104.23 5.02
5106.23 3.04
5108.23 5.59
5110.24 3.19
5112.22 3.49
5114.23 5.83
5116.25 3.65
5118.23 3.98
5120.24 3.07
5122.24 3.28
5124.22 5.74
5126.23 3.38
5128.95 2.62
5130.08 5.35
5132.24 6.74
5134.23 5.54
5136.23 2.89
5138.24 3.83
5140.64 4.23
5143.97 2.93
5145.37 2.4
5148.25 1.88
5149.38 4.57
5150.6 3.53
5152.23 2.6
5154.23 4.11
5156.23 5.56
5158.23 3.74
5160.13 2.1
5162.24 5.44
5164.23 6.21
5166.22 4.08
5168.23 6.25
5170.23 2.5
5172.23 3.99
5174.18 6.06
5176.23 4.71
5178.53 3.61
5180.86 3.45
5182.47 2.93
5184.18 3.65
5186.23 4.43
5188.23 6.79
5190.23 8.07
5192.24 5.78
5195.25 3.29
5196.77 4.58
5198.16 5.91
5200.24 3.5
5202.23 6.12
5204.24 5.76
5206.24 5.61
5209.1 2.83
5212.52 3.57
5213.71 2.74
5214.53 4.09
5216.59 3.09
5219.08 2.66
5221.18 3.52
5223.44 3.75
5225.55 2.5
5228.59 1.89
5231.57 4.44
5233.19 3.89
5234.04 4.83
5234.89 3.78
5236.23 7.2
5238.23 4.44
5240.25 4.34
5243.78 2.38
5245.53 2.85
5247.04 2.7
5248.23 4.41
5250.23 5.32
5252.23 3.1
5254.23 4.22
5257.01 2.15
5259.7 3.52
5262.76 2.17
5264.84 3.46
5266.34 3.62
5268.96 0.67
5270.17 3.15
5271.71 5.04
5273.21 2.79
5274.77 5.49
5276.22 5.11
5278.48 4.67
5280.48 5.41
5282.24 1.22
5284.23 3.83
5286.48 2.68
5288.23 4.68
5290.24 6.78
5292.23 7.82
5294.48 4.74
5296.48 5.87
5298.48 5.11
5302.0 0.15
5303.77 5.32
5305.09 5.25
5306.67 3.77
5308.29 2.64
5310.48 3.57
5312.28 5.19
5314.47 4.79
5316.97 2.66
5318.8 3.95
5320.47 5.52
5322.47 6.69
5324.52 2.44
5326.48 4.56
5328.48 4.88
5330.5 5.8
5332.48 5.47
5334.48 7.28
5336.48 6.78
5339.07 3.18
5340.48 3.49
5342.48 5.3
5344.48 5.77
5346.5 4.53
5348.48 3.07
5350.47 2.51
5352.32 3.46
5354.48 4.85
5356.48 2.85
5358.48 5.41
5360.5 3.28
5363.51 3.07
5365.57 0.14
5368.9 2.45
5371.57 2.81
5374.0 3.58
5376.38 3.51
5377.97 3.58
5378.86 5.37
5379.63 6.45
5380.44 5.45
5382.48 5.64
5384.48 4.58
5386.53 3.92
5388.63 3.96
5391.06 6.1
5392.44 5.51
5394.48 4.78
5396.49 5.0
5398.48 5.09
5400.49 4.79
5402.48 4.78
5404.48 5.56
5406.77 0.69
5408.48 3.77
5410.47 3.31
5412.49 3.33
5414.48 3.7
5416.47 4.68
5418.47 4.41
5420.49 4.46
5422.66 5.23
5424.47 6.11
5426.49 6.53
5428.48 6.21
5430.49 7.62
5432.48 7.97
5434.48 7.45
5436.48 6.99
5438.48 7.03
5440.48 6.54
5443.29 5.92
5444.74 8.2
5446.48 6.36
5448.49 2.92
5450.49 4.73
5452.47 3.11
5454.47 5.52
5456.48 7.09
5458.48 2.8
5460.48 3.19
5462.49 3.36
5464.48 4.14
5466.5 3.26
5468.49 6.09
5470.48 5.25
5472.48 8.32
5474.48 3.73
5476.48 6.12
5478.48 6.6
5480.49 4.57
5482.49 6.27
5484.47 8.41
5486.48 4.69
5488.48 5.74
5490.48 3.58
5492.48 4.12
5494.48 2.69
5496.5 2.79
5498.48 2.89
5500.48 2.52
5502.49 5.62
5504.55 4.45
5506.48 3.37
5508.48 2.9
5510.48 3.22
5512.47 3.22
5514.48 4.24
5516.49 3.35
5518.48 3.76
5520.48 6.86
5522.49 4.74
5524.47 6.12
5526.51 3.44
5528.72 7.11
5530.73 5.49
5532.74 5.92
5534.72 5.97
5536.48 5.4
5538.72 6.96
5540.48 7.74
5542.74 5.11
5544.48 7.08
5546.73 4.39
5548.67 8.4
5550.72 6.75
5552.73 5.23
5554.73 8.62
5556.72 6.59
5558.73 6.47
5560.73 4.34
5562.72 5.92
5564.72 2.8
5568.66 1.48
5570.33 2.44
5572.06 1.92
5572.99 5.49
5574.73 3.82
5576.73 5.89
5578.74 5.14
5580.73 6.72
5582.72 0.1
5584.77 5.42
5586.73 5.15
5588.73 6.49
5590.75 4.92
5592.74 5.27
5594.74 7.81
5596.65 6.97
5598.72 8.26
5600.73 7.82
5602.72 8.54
5604.87 5.77
5606.73 5.49
5608.74 5.81
5610.73 6.14
5612.73 6.26
5614.73 3.71
5617.9 0.24
5619.74 5.13
5621.77 7.03
5623.22 6.91
5624.73 6.1
5626.74 6.63
5628.74 8.29
5630.73 7.08
5633.56 4.59
5634.91 4.9
5636.72 6.23
5638.72 6.88
5640.74 4.96
5642.73 5.88
5644.74 5.49
5646.98 3.41
5648.73 2.06
5650.73 3.31
5652.73 2.88
5654.73 3.48
5656.73 3.1
5658.73 4.11
5660.75 4.97
5662.73 4.13
5664.72 5.54
5666.73 6.76
5668.71 4.52
5670.73 4.63
5672.73 5.71
5674.79 4.57
5676.73 4.67
5678.73 4.89
5680.73 7.91
5682.73 3.82
5684.74 3.85
5686.74 5.23
5688.74 6.14
5691.41 2.99
5693.73 4.25
5696.42 2.63
5699.09 5.1
5700.71 5.93
5702.05 5.06
5702.91 5.92
5704.75 4.74
5706.74 3.06
5708.74 5.62
5710.74 2.15
5712.92 5.79
5715.69 5.38
5716.72 5.36
5718.73 4.62
5720.81 3.95
5723.32 4.54
5725.06 5.02
5727.3 7.14
5728.77 3.71
5730.73 5.51
5732.73 3.1
5734.75 7.73
5736.74 4.39
5738.73 5.54
5740.69 6.1
5742.73 4.78
5744.75 3.51
5746.73 4.12
5748.75 4.36
5753.02 2.23
5753.9 4.18
5755.28 4.71
5757.45 3.75
5758.73 4.01
5760.72 5.96
5762.74 5.19
5764.75 5.29
5767.61 4.08
5769.89 2.76
5771.82 4.2
5773.7 5.29
5775.63 4.3
5776.99 4.18
5778.97 2.94
5781.96 3.15
5784.57 3.54
5785.58 3.98
5786.98 3.61
5788.97 5.36
5790.99 4.7
5792.73 4.84
5794.99 4.31
5796.73 3.6
5798.98 5.02
5800.99 4.87
5802.98 3.74
5804.99 4.9
5806.99 4.64
5808.98 6.69
5811.0 6.35
5812.99 8.83
5814.99 5.77
5816.98 6.59
5818.95 4.14
5821.08 5.32
5824.06 3.19
5827.81 2.71
5830.47 3.6
5833.39 3.63
5836.52 5.27
5838.44 2.95
5839.9 3.28
5841.21 3.17
5843.14 4.47
5844.64 6.04
5845.95 6.63
5847.19 6.62
5848.06 7.07
5849.83 5.13
5851.89 2.65
5854.09 4.74
5856.35 3.56
5857.83 7.08
5858.99 6.55
5860.99 5.92
5862.98 7.99
5864.99 10.06
5866.98 9.21
5868.98 12.06
5870.99 11.84
5872.98 13.35
5874.99 6.84
5876.99 6.56
5878.85 1.38
5880.98 5.98
5883.17 4.77
5885.51 7.78
5887.47 6.46
5888.98 6.14
5890.98 5.07
5892.99 4.23
5895.42 3.34
5897.4 3.29
5899.62 5.05
5901.77 3.91
5903.54 3.46
5906.26 3.86
5907.88 4.09
5909.89 6.53
5911.28 7.19
5912.98 5.25
5914.98 4.36
5916.99 4.52
5918.98 8.6
5920.98 7.01
5923.69 6.81
5925.57 9.73
5927.83 10.14
5931.04 5.79
5933.78 8.5
5936.42 7.44
5937.12 11.18
5937.79 10.44
5938.98 8.07
5941.0 12.34
5942.98 8.2
5944.98 8.55
5946.98 9.33
5948.99 9.03
5950.98 5.98
5952.98 5.65
5954.98 3.85
5956.98 6.89
5958.98 8.6
5960.98 5.4
5964.74 3.05
5967.17 3.04
5969.8 2.37
5973.93 3.52
5975.55 3.27
5977.0 3.56
5979.49 1.77
5983.91 0.14
5985.45 1.41
5987.27 2.39
5988.85 1.73
5990.14 4.05
5991.55 4.04
5992.55 3.75
5994.1 3.91
5995.98 4.09
5998.32 3.78
6000.13 3.33
6002.82 3.52
6005.29 3.61
6007.32 3.65
6009.55 3.4
6011.73 4.31
6013.68 3.71
6015.87 3.83
6017.6 4.17
6019.04 5.16
6021.02 3.73
6022.48 4.42
6023.65 5.16
6025.18 4.48
6026.07 3.95
6027.99 5.19
6029.48 7.34
6031.21 5.5
6033.28 4.73
6034.98 6.8
6036.98 6.67
6038.98 6.0
6041.23 4.15
6043.2 5.43
6045.24 4.12
6047.23 5.0
6048.98 1.89
6051.23 0.13
6052.99 5.52
6055.23 3.1
6057.16 2.03
6060.59 2.66
6064.13 2.36
6066.35 2.45
6068.61 1.89
6069.97 4.02
6071.39 2.53
6073.34 2.59
6074.9 2.0
6076.72 4.11
6078.21 4.0
6079.23 4.78
6081.26 3.76
6083.38 1.19
6085.24 2.75
6087.05 5.71
6089.6 5.09
6091.22 5.31
6093.24 6.4
6095.23 4.29
6097.23 6.82
6099.23 6.68
6101.24 2.83
6103.23 3.94
6105.23 7.74
6107.23 7.92
6109.23 5.13
6111.23 5.58
6113.23 4.5
6115.16 6.4
6117.23 6.53
6119.23 7.53
6121.23 5.98
6123.23 9.47
6125.23 6.27
6127.24 6.25
6129.24 7.49
6131.24 5.31
6133.23 7.41
6135.23 7.28
6137.24 5.88
6139.15 5.32
6141.23 6.46
6143.23 5.83
6145.24 7.17
6147.16 5.03
6149.23 5.31
6151.23 6.35
6153.23 8.08
6155.55 4.07
6157.23 6.82
6159.23 5.21
6161.23 6.66
6163.24 6.62
6165.25 3.49
6167.23 5.22
6169.24 3.95
6171.24 4.2
6173.24 3.11
6175.23 1.95
6177.23 3.09
6179.68 5.4
6181.25 4.53
6183.23 3.54
6185.24 7.07
6187.17 4.41
6189.24 5.45
6191.23 6.24
6193.25 6.59
6195.24 6.04
6197.24 4.58
6199.23 3.7
6201.24 3.64
6203.24 5.05
6205.17 4.11
6207.22 4.81
6210.32 5.09
6211.85 5.22
6213.28 4.82
6215.22 4.9
6217.23 4.2
6219.24 4.41
6221.23 5.51
6223.24 4.25
6225.24 4.43
6227.23 6.15
6229.23 4.73
6231.24 4.42
6233.23 5.26
6235.2 3.97
6237.24 4.06
6239.32 2.97
6241.24 5.65
6243.24 4.69
6249.18 2.51
6250.61 2.45
6253.56 4.84
6254.97 5.57
6256.23 5.22
6257.95 4.55
6260.11 3.52
6261.86 5.17
6263.12 4.14
6264.56 4.77
6265.99 6.01
6267.49 6.12
6269.24 6.17
6271.23 5.65
6273.24 4.25
6275.24 5.34
6277.23 4.34
6279.25 4.06
6281.49 6.19
6283.47 5.16
6285.23 5.0
6287.48 4.31
6289.24 5.39
6291.25 2.19
6293.24 4.19
6296.28 4.7
6297.43 4.79
6299.47 5.85
6301.49 4.39
6303.48 5.6
6305.49 6.0
6307.49 5.09
6309.48 5.48
6311.48 5.85
6313.84 5.64
6315.97 7.42
6317.43 6.2
6319.47 6.42
6321.49 3.63
6323.48 7.02
6325.49 6.22
6327.49 5.51
6329.48 6.75
6331.48 4.11
6333.47 5.58
6335.51 6.54
6337.49 5.66
6339.49 6.1
6341.48 5.66
6343.48 6.87
6345.47 4.4
6347.49 4.8
6349.48 3.28
6351.49 2.19
6353.49 2.8
6355.49 4.04
6357.49 5.02
6359.49 6.7
6361.48 5.95
6364.02 0.81
6372.01 1.65
6373.23 2.64
6374.91 5.0
6375.96 6.89
6376.84 5.5
6378.1 4.83
6379.2 4.63
6380.5 3.99
6382.12 5.76
6383.49 6.36
6385.49 6.02
6387.68 4.93
6389.42 5.09
6391.5 3.87
6393.47 4.72
6395.49 2.27
6397.48 5.47
6399.49 5.15
6401.48 5.66
6403.48 5.71
6405.49 4.52
6407.48 7.38
6409.35 8.04
6411.49 4.09
6413.48 3.92
6415.48 6.05
6417.44 5.01
6419.48 6.26
6421.49 5.22
6423.49 6.11
6425.5 5.04
6427.49 3.93
6429.48 7.5
6431.49 6.78
6433.49 6.8
6435.49 4.55
6437.49 6.47
6439.48 6.71
6441.48 4.53
6443.48 6.33
6445.49 4.78
6447.49 5.08
6449.49 4.73
6451.49 5.07
6453.48 7.49
6455.49 7.25
6457.48 4.84
6459.49 5.71
6461.48 4.24
6463.49 2.61
6465.45 4.02
6467.48 6.04
6469.49 6.02
6471.49 5.24
6473.49 4.15
6475.49 2.68
6477.57 6.25
6479.48 2.56
6481.48 4.71
6483.49 4.93
6485.49 4.34
6487.49 5.07
6489.46 5.79
6491.48 3.16
6493.49 4.32
6495.49 4.79
6497.49 3.99
6499.49 6.65
6501.49 4.22
6503.48 5.67
6505.5 3.15
6507.49 2.67
6509.49 5.04
6511.49 4.46
6513.48 5.93
6515.77 5.0
6517.73 5.83
6519.49 8.54
6521.5 4.94
6523.49 7.46
6525.49 5.91
6527.49 6.64
6529.49 6.86
6531.74 3.84
6533.74 3.55
6535.74 1.95
6537.49 3.23
6540.48 1.26
6543.43 2.89
6547.6 2.93
6551.98 1.4
6552.73 1.99
6554.51 4.89
6556.51 4.94
6558.45 2.73
6560.96 3.91
6562.88 5.71
6564.74 2.83
6566.36 4.03
6570.35 2.52
6573.7 1.83
6575.61 2.47
6577.45 1.75
6579.96 1.87
6581.89 2.87
6583.23 4.18
6584.62 4.13
6585.65 6.41
6586.51 6.02
6588.51 6.84
6590.51 4.04
6592.51 3.7
6594.51 3.59
6596.52 3.89
6598.52 5.03
6600.51 4.87
6602.51 3.56
6606.15 5.71
6607.3 6.33
6608.51 4.69
6610.52 5.79
6613.16 4.69
6614.63 6.37
6616.51 4.3
6618.51 4.33
6620.5 3.93
6622.44 5.18
6624.51 3.39
6626.51 4.29
6628.51 6.68
6630.51 8.38
6632.52 6.12
6634.51 5.46
6637.64 4.45
6641.33 3.04
6644.06 2.43
6646.65 3.1
6652.63 1.03
6655.94 0.32
6656.69 2.25
6657.49 3.81
6658.59 2.19
6659.72 3.03
6662.77 3.97
6664.34 2.32
6666.88 5.68
6668.67 3.14
6671.84 0.51
6672.75 3.38
6674.11 4.56
6676.41 0.69
6679.25 0.11
6681.07 2.26
6682.25 4.67
6684.28 4.05
6686.28 4.4
6688.98 0.12
6690.37 6.96
6691.56 4.72
6692.57 4.71
6694.12 0.39
6695.22 3.66
6696.16 3.15
6698.22 2.46
6700.22 3.49
6702.22 3.77
6704.22 3.13
6706.22 0.64
6708.22 2.43
6710.24 1.86
6712.36 1.56
6714.22 3.62
6716.22 3.71
6718.23 4.51
6720.22 5.12
6722.22 2.68
6724.22 4.42
6726.62 5.1
6728.22 2.57
6730.23 6.91
6732.22 0.1
6734.22 6.12
6736.22 3.43
6738.22 3.83
6740.23 3.55
6742.22 2.27
6744.27 3.42
6746.22 3.42
6748.22 1.84
6753.39 0.44
6754.52 1.63
6756.69 2.15
6758.74 1.41
6760.33 1.77
6763.41 2.62
6771.1 2.62
6772.22 2.02
6772.94 2.73
6773.87 2.88
6774.67 3.45
6775.21 6.02
6776.8 3.92
6780.83 2.84
6782.37 6.42
6785.41 0.11
6787.55 3.54
6789.7 4.83
6791.53 2.11
6792.44 3.89
6794.38 4.06
6798.4 2.8
6799.51 3.09
6801.96 3.17
6803.96 0.11
6805.11 3.53
6806.49 3.5
6808.71 0.17
6811.55 0.32
6813.79 1.59
6815.87 2.06
6817.82 0.96
6820.37 1.38
6821.58 0.62
6822.39 1.99
6823.8 1.98
6824.71 3.59
6825.83 3.1
6827.83 1.4
6830.23 2.35
6832.6 2.1
6834.74 2.74
6839.77 2.04
6842.83 2.27
6844.71 3.24
6845.96 2.57
6846.76 3.03
6849.07 2.15
6850.53 3.26
6853.41 2.04
6855.64 2.37
6857.09 2.85
6861.57 0.84
6863.96 0.16
6865.19 1.81
6867.43 0.41
6868.55 1.16
6871.35 1.59
6872.59 1.63
6873.94 3.56
6875.32 3.36
6876.33 4.51
6878.34 3.15
6881.32 2.29
6882.4 3.14
6885.22 1.03
6887.62 2.23
6896.59 0.63
6897.43 1.89
6897.97 1.64
6898.54 1.18
6901.13 0.45
6901.67 1.84
6902.22 2.63
6903.3 1.76
6905.56 2.35
6906.45 3.58
6907.61 2.65
6909.2 3.93
6910.31 3.39
6912.21 5.87
6914.21 5.16
6916.21 3.13
6918.24 3.98
6920.22 7.15
6922.21 2.65
6924.21 3.33
6926.19 7.5
6928.21 9.27
6930.73 8.85
6932.21 8.26
6934.17 3.37
6936.21 8.88
6938.21 5.98
6940.22 7.27
6942.21 2.01
6944.21 2.05
6946.21 4.08
6948.21 2.11
6950.21 3.98
6952.21 2.45
6954.21 3.84
6956.7 2.81
6960.6 4.33
6962.01 4.89
6963.79 0.07
6965.77 3.52
6967.58 1.94
6973.98 0.2
6978.17 0.22
6979.13 0.84
6981.34 0.54
6982.34 1.89
6983.51 3.4
6984.45 3.91
6987.51 4.48
6989.37 6.25
6991.77 3.31
6992.41 5.34
6993.01 4.89
6993.68 7.03
6994.62 4.28
6996.22 7.61
6998.22 5.03
7002.15 2.59
7002.71 9.09
7004.23 7.77
7006.2 6.24
7008.22 6.96
7010.22 0.22
7012.22 8.62
7014.22 8.15
7016.22 3.36
7018.22 2.88
7020.22 2.44
7022.33 1.39
7024.22 5.78
7026.22 2.74
7028.22 5.47
7030.47 4.98
7032.22 6.33
7034.47 7.58
7036.61 2.81
7039.18 1.41
7041.43 5.99
7042.75 8.65
7044.37 9.28
7046.47 8.11
7048.22 9.71
7050.47 5.72
7052.47 3.08
7054.44 5.69
7056.47 2.88
7058.47 3.02
7061.54 0.64
7063.89 1.57
7066.45 1.61
7070.09 1.27
7072.48 2.04
7075.2 2.25
7078.0 2.32
7080.38 2.21
7083.19 0.64
7084.87 1.93
7086.14 1.58
7087.51 4.33
7088.84 4.92
7090.81 3.21
7092.76 2.69
7095.28 0.11
7096.65 3.85
7097.87 2.66
7098.95 4.22
7101.28 5.41
7103.54 0.35
7104.67 5.49
7106.69 6.11
7109.56 4.21
7110.79 7.54
7111.56 3.78
7113.08 4.22
7114.41 4.16
7116.47 6.33
7118.47 6.29
7120.83 4.19
7122.79 1.91
7125.47 1.39
7127.32 3.04
7128.94 2.58
7130.47 5.96
7132.47 6.69
7134.47 9.04
7136.47 6.81
7138.47 3.83
7140.46 5.98
7142.58 2.08
7144.47 5.32
7146.47 3.44
7148.47 3.17
7150.47 9.01
7152.47 6.88
7154.6 7.83
7158.24 8.36
7159.16 6.56
7160.47 4.02
7162.47 10.18
7165.79 0.16
7167.2 3.85
7168.47 3.2
7170.47 4.03
7172.47 1.1
7174.47 6.7
7176.47 7.93
7178.66 2.71
7180.47 4.88
7182.47 6.16
7184.47 5.82
7186.47 5.41
7188.85 3.69
7190.47 4.36
7192.47 2.08
7194.47 0.03
7196.47 5.25
7198.47 3.38
7200.47 3.17
7202.47 8.16
7204.47 3.59
7206.48 4.46
7208.47 5.16
7210.47 6.78
7212.41 6.36
7214.47 7.36
7216.47 4.95
7218.47 3.95
7220.47 0.18
7222.47 5.67
7224.47 5.75
7226.47 1.33
7228.47 3.42
7230.46 4.22
7232.46 6.76
7234.48 6.3
7236.64 1.47
7238.46 2.22
7240.47 6.08
7242.46 5.17
7244.46 4.98
7246.48 3.98
7248.49 5.59
7250.46 3.7
7252.47 5.07
7254.47 6.32
7257.02 0.79
7259.08 2.25
7260.47 3.41
7262.47 4.72
7264.48 3.81
7266.46 5.24
7268.47 6.51
7270.46 4.42
7272.46 7.04
7274.47 7.43
7276.85 2.91
7278.74 4.5
7280.71 2.63
7282.72 4.03
7285.02 2.78
7286.64 7.06
7288.47 7.29
7290.71 6.98
7292.72 6.54
7294.72 3.07
7296.72 6.04
7298.71 7.84
7300.72 6.63
7302.72 7.6
7304.71 5.23
7306.71 7.54
7308.73 7.5
7310.71 4.53
7312.71 4.63
7314.61 5.28
7316.71 3.81
7318.72 7.16
7320.71 5.65
7322.73 5.92
7324.72 4.32
7327.41 6.78
7329.03 4.36
7330.72 6.96
7332.72 4.82
7334.71 5.7
7336.73 5.24
7338.75 5.2
7340.71 4.44
7342.72 3.66
7344.72 6.96
7346.71 6.91
7348.72 4.22
7350.72 5.35
7352.72 6.27
7354.73 3.27
7356.72 4.74
7358.73 4.23
7360.71 4.04
7362.71 3.71
7364.72 2.86
7366.72 3.67
7368.72 2.28
7371.06 5.56
7374.72 2.84
7377.0 1.7
7377.62 5.61
7378.72 4.85
7380.72 4.14
7382.73 5.14
7384.74 2.86
7386.73 3.25
7388.56 2.4
7390.74 5.51
7392.73 3.46
7394.92 2.61
7397.12 3.78
7399.21 2.0
7401.49 2.76
7403.29 2.73
7405.09 3.08
7406.73 4.87
7408.71 4.84
7410.71 4.83
7412.73 5.48
7414.64 2.85
7418.94 4.33
7424.06 3.49
7426.66 4.37
7429.19 0.29
7430.23 3.71
7432.51 4.81
7433.85 5.87
7434.89 5.37
7435.55 8.22
7436.31 5.9
7437.55 5.74
7439.4 5.86
7440.84 5.75
7442.72 5.42
7445.08 3.67
7446.72 4.97
7448.71 5.42
7450.72 6.32
7453.79 4.97
7456.08 5.43
7458.9 3.61
7461.74 5.93
7463.12 5.82
7464.28 4.62
7465.31 5.77
7466.72 4.85
7468.72 4.17
7470.72 6.72
7472.71 5.57
7474.73 4.55
7476.72 5.53
