0.0 37.19
0.92 41.8
2.92 41.8
5.17 41.8
6.92 41.8
8.92 41.8
10.92 41.8
13.17 41.8
15.17 14.44
16.92 14.35
18.92 15.21
21.17 15.29
23.17 18.27
24.94 16.9
27.17 19.92
29.17 21.61
31.17 25.14
33.17 27.86
35.17 27.66
37.17 27.66
39.17 27.66
41.17 27.66
43.17 28.4
45.17 28.62
47.17 28.68
49.67 27.39
51.67 29.03
53.67 29.72
55.67 35.65
57.67 35.66
59.67 34.18
61.67 31.66
63.67 34.61
65.67 32.62
67.67 40.65
69.67 48.17
71.67 37.08
73.67 37.08
75.67 47.53
77.67 47.53
79.67 47.53
81.67 47.53
83.67 47.53
85.67 47.53
87.67 47.53
89.67 47.53
91.67 47.53
93.67 47.53
95.67 47.53
97.67 44.81
99.67 47.99
101.67 47.99
103.67 47.99
105.67 47.99
107.67 47.99
109.67 47.99
111.67 47.99
113.67 47.57
115.67 47.57
117.67 47.57
119.67 47.57
121.67 47.57
123.67 47.57
125.67 47.57
127.67 47.57
129.67 47.57
131.67 47.57
133.67 47.57
135.67 47.57
137.67 47.57
139.67 47.57
141.67 47.57
143.67 47.57
145.67 47.57
147.67 47.57
149.67 47.57
151.67 47.57
153.67 47.57
155.67 47.57
157.67 47.57
159.67 47.57
161.67 47.57
163.67 47.57
165.67 47.57
167.67 47.57
169.67 47.57
171.67 47.57
173.67 47.57
175.67 47.57
177.67 47.57
179.67 47.57
181.67 47.57
183.67 47.57
185.67 47.57
187.67 47.57
189.67 12.92
191.67 12.54
193.67 12.29
195.67 13.88
197.67 14.44
199.92 17.26
201.92 19.65
203.92 20.49
205.92 18.83
207.92 18.83
209.92 18.83
211.92 18.83
213.92 18.83
215.92 24.13
217.92 27.89
219.93 25.24
221.92 25.24
223.92 25.24
225.93 25.24
227.92 25.88
229.92 28.05
231.9 28.15
233.92 27.11
