0.0 17.34
1.46 22.91
3.53 22.5
5.58 24.93
7.66 25.94
9.68 25.94
11.69 25.94
13.71 25.94
15.73 26.75
17.76 30.22
19.82 30.22
21.78 27.32
23.8 27.32
25.81 29.91
27.82 29.17
29.85 28.63
31.86 35.28
33.89 37.0
35.91 37.0
37.92 37.0
39.94 37.0
41.97 37.0
44.0 39.34
46.0 42.67
48.01 43.82
50.04 43.82
52.06 50.87
54.08 52.72
56.1 52.72
58.11 52.72
60.13 52.72
62.14 52.72
64.16 58.49
66.17 57.26
68.19 72.42
70.2 73.12
72.24 72.88
74.25 82.32
76.27 82.32
78.28 82.32
80.29 82.32
82.31 82.32
84.33 82.32
86.34 80.45
88.35 83.07
90.37 78.78
91.52 80.17
94.4 86.91
96.42 81.77
98.43 81.42
100.44 82.06
102.45 81.16
104.47 83.23
106.48 81.61
108.49 80.76
110.51 80.76
111.51 80.76
113.53 76.37
115.54 76.17
117.55 83.31
119.56 80.89
121.57 80.81
123.58 90.15
125.61 88.19
127.64 87.78
129.65 95.58
131.67 87.68
133.7 94.51
135.72 88.34
137.75 78.26
139.76 85.06
141.78 81.91
143.81 88.95
145.84 87.22
147.86 86.22
149.88 89.73
151.91 87.4
153.93 85.36
155.94 72.68
157.96 91.79
159.97 83.74
161.98 85.37
163.99 84.52
166.0 82.07
168.01 83.26
170.02 82.09
172.04 81.36
174.05 83.89
176.06 86.93
178.07 85.09
180.08 0.22
182.1 83.89
184.11 83.9
186.12 80.16
188.14 86.8
190.15 85.25
192.16 90.67
194.18 86.66
196.19 87.94
198.21 86.69
200.22 90.56
202.24 87.06
204.25 92.37
206.26 90.62
208.28 90.91
210.29 94.33
212.31 92.29
214.32 93.88
216.34 96.23
218.35 89.46
220.37 94.81
222.38 95.94
224.4 91.12
226.41 95.49
228.43 85.55
230.44 91.29
232.45 79.63
234.47 94.16
236.48 95.21
238.5 92.63
240.52 88.63
242.53 90.26
244.54 92.83
246.56 93.52
248.58 87.49
249.74 96.47
252.64 85.23
254.65 92.84
255.67 92.63
257.68 79.96
259.72 38.7
261.73 84.63
263.74 84.71
265.75 87.78
267.76 84.25
269.78 79.64
271.78 86.87
273.8 90.8
275.81 90.8
277.82 90.8
279.83 82.61
281.84 85.32
283.85 85.51
285.86 83.67
287.89 87.53
289.91 92.08
291.92 91.48
293.93 90.06
295.94 95.31
297.95 86.63
299.97 85.11
301.98 86.69
303.99 83.64
306.0 86.31
308.01 87.64
310.02 84.45
312.04 91.78
314.04 90.98
316.06 94.51
318.07 86.71
320.08 91.53
322.09 85.65
324.12 94.47
326.14 89.71
328.15 93.1
330.17 92.25
332.18 90.02
334.2 94.44
336.21 85.74
338.23 92.94
340.24 96.49
342.26 90.67
344.27 84.62
346.29 84.62
348.3 84.62
350.31 84.62
352.32 2.42
354.34 98.38
356.35 97.57
358.36 91.19
360.38 92.73
362.39 90.16
364.4 89.57
366.41 89.66
368.42 90.45
370.43 89.72
372.45 90.12
374.46 90.19
376.47 89.05
378.48 91.34
380.5 93.22
382.51 95.0
384.52 89.7
386.54 3.12
388.55 40.55
390.57 87.98
392.58 86.54
394.6 86.54
396.62 86.54
398.63 86.54
400.65 86.54
402.66 86.54
403.82 86.54
406.7 86.54
408.71 86.54
410.72 86.54
412.74 86.54
414.75 86.54
416.78 86.54
417.93 86.54
420.81 86.54
422.83 86.54
423.84 86.54
425.85 86.54
427.87 86.54
429.88 86.54
431.9 86.54
433.91 86.54
435.92 86.54
437.94 86.54
439.95 93.69
441.96 93.69
443.98 93.69
445.99 93.69
448.0 93.69
450.02 93.69
452.03 93.69
454.04 93.69
456.06 93.69
458.08 93.69
460.09 93.69
462.1 93.69
464.12 93.69
466.13 93.69
468.14 93.69
470.15 93.69
472.17 93.69
474.18 93.69
476.19 93.69
478.2 93.69
480.22 93.69
482.22 93.69
484.24 93.69
486.25 93.69
488.26 93.69
490.27 93.69
492.29 93.69
494.3 93.69
496.31 93.69
498.32 93.69
500.33 89.66
502.35 89.43
504.36 95.13
506.36 89.83
508.38 88.86
510.39 85.57
512.4 85.57
514.43 85.57
516.44 85.57
518.45 92.82
520.46 92.21
522.48 92.14
524.49 92.14
526.5 95.24
528.52 89.08
530.53 97.24
532.54 89.75
534.56 95.14
536.57 85.32
538.58 96.11
540.6 92.69
542.61 92.69
544.62 89.58
546.64 95.0
548.65 95.14
550.66 88.6
552.68 86.08
554.68 90.54
556.69 87.22
558.71 91.41
560.72 93.55
562.73 89.85
564.74 92.25
566.75 90.84
568.76 89.16
570.78 94.0
572.79 93.61
574.8 91.73
576.81 91.73
578.83 94.37
580.83 93.36
582.85 92.01
584.86 92.18
586.0 88.34
588.9 88.34
590.91 91.78
592.92 2.09
594.93 95.6
596.96 91.15
598.97 93.88
600.12 90.43
602.0 93.67
605.02 76.75
607.03 91.83
608.05 90.75
610.07 86.3
612.09 89.49
614.1 92.07
616.12 91.58
618.13 94.15
620.14 92.84
622.16 92.59
624.18 93.52
626.19 89.24
628.21 93.69
630.22 94.89
632.23 95.7
634.24 90.47
636.25 85.88
638.26 85.88
640.28 85.88
642.29 85.88
644.31 82.45
646.33 92.8
648.34 95.5
650.35 79.95
652.37 95.24
654.4 89.62
656.42 93.09
658.42 89.41
660.44 93.86
662.45 91.49
664.46 94.11
666.48 94.24
668.49 91.9
670.5 86.88
672.51 90.94
674.52 92.85
676.53 84.41
678.55 88.97
680.56 93.97
682.57 90.67
684.58 89.98
686.6 91.32
688.61 95.5
690.63 92.37
692.64 89.92
694.66 89.92
696.67 89.92
698.69 92.12
700.7 93.42
702.71 91.46
704.73 91.46
706.74 91.46
708.76 94.02
710.77 89.81
712.79 93.52
714.8 97.04
716.82 92.2
718.83 94.57
720.85 88.37
722.85 88.37
724.87 88.37
726.88 88.37
728.89 88.37
730.91 88.37
732.92 88.37
734.93 89.84
736.96 94.24
738.96 94.24
740.98 94.24
743.0 94.24
744.15 89.57
747.05 89.57
749.06 89.57
751.07 89.57
753.1 89.57
754.24 89.57
757.13 89.57
759.15 89.57
761.16 89.57
762.16 89.57
765.18 89.57
766.18 89.57
768.19 89.57
770.22 89.57
772.23 89.57
774.25 89.57
776.26 89.57
778.27 89.57
780.28 89.57
782.3 89.57
784.3 89.57
786.32 89.57
788.33 89.57
790.34 89.57
792.35 89.57
794.36 89.57
796.37 89.57
798.38 89.57
800.4 89.57
802.41 89.57
804.43 89.57
806.44 89.57
808.46 89.57
810.47 89.57
812.49 89.57
814.5 89.57
816.51 89.57
818.54 89.57
820.54 89.57
822.56 89.57
824.56 89.57
826.58 89.57
828.59 89.57
830.6 96.64
832.61 94.64
834.62 92.26
836.64 90.89
838.65 93.64
840.66 94.33
842.67 89.26
844.68 90.57
846.69 90.91
848.71 91.29
850.73 66.18
852.74 66.18
854.75 66.18
856.76 66.18
858.78 66.18
860.8 86.4
862.81 84.13
864.84 88.62
866.85 93.04
868.86 92.54
870.87 92.85
872.88 92.14
874.89 82.64
876.9 89.35
878.92 85.96
880.94 87.77
882.96 86.82
884.97 80.94
886.99 95.41
889.01 83.15
891.03 89.14
893.04 93.94
895.06 94.61
897.07 94.31
899.09 93.74
901.1 97.44
903.12 92.3
905.14 88.92
907.15 85.84
909.16 90.75
911.18 86.58
912.32 81.66
915.21 90.04
917.23 82.32
919.25 85.97
921.26 87.06
923.28 85.43
925.3 83.69
927.31 73.95
929.32 73.95
931.34 73.95
932.34 79.1
935.36 71.72
936.37 71.72
938.38 79.19
940.4 79.19
942.42 79.19
944.43 82.67
946.45 75.16
948.48 75.16
950.5 75.16
952.51 75.16
954.53 75.16
956.56 75.16
958.57 75.16
960.59 75.16
962.6 75.16
964.62 75.16
966.66 75.16
968.69 75.16
970.7 75.16
972.72 75.16
974.74 79.63
976.75 89.36
978.77 89.93
980.79 90.34
982.8 97.99
984.82 91.62
986.84 84.42
988.86 87.13
990.87 80.11
992.88 86.58
994.9 81.63
996.91 85.18
998.93 86.33
1000.94 86.33
1002.96 81.68
1004.98 81.68
1006.99 81.68
1009.0 81.68
1011.02 81.68
1013.04 81.32
1015.05 75.63
1017.07 74.41
1019.09 78.5
1021.1 74.68
1023.12 79.3
1025.13 79.3
1027.14 78.13
1029.16 81.09
1031.17 83.65
1033.19 84.03
1035.2 75.08
1037.22 80.24
1039.24 81.54
1041.25 77.95
1043.26 73.84
1045.3 78.64
1047.31 77.21
1049.32 84.14
1051.34 82.59
1053.36 82.61
1055.38 79.59
1056.52 84.76
1059.4 88.81
1061.42 84.56
1063.43 84.7
1065.44 84.87
1067.45 82.5
1069.47 86.55
1070.48 84.68
1073.5 83.56
1074.51 80.14
1076.52 78.93
1078.54 78.93
1080.55 78.93
1082.56 81.28
1084.59 80.74
1086.61 75.32
1088.62 77.92
1090.65 80.62
1092.66 77.8
1094.68 80.22
1096.69 77.02
1098.72 76.5
1100.74 81.91
1102.75 81.91
1104.78 81.36
1106.8 77.73
1108.82 75.65
1110.84 81.52
1112.87 79.18
1114.9 93.89
1116.92 92.95
1118.93 92.95
1120.94 87.8
1122.95 92.95
1124.96 93.03
1126.98 93.03
1128.99 93.03
1131.0 86.5
1133.02 87.76
1135.03 0.09
1137.05 44.46
1139.06 82.97
1141.08 81.27
1143.11 81.78
1145.12 86.23
1147.14 83.24
1149.15 83.31
1151.16 83.09
1153.18 80.09
1155.19 83.88
1157.2 82.58
1159.22 83.59
1161.23 83.71
1163.24 84.84
1165.26 79.79
1167.27 79.01
1169.28 87.1
1171.3 75.2
1173.31 82.45
1175.64 82.15
1177.34 47.38
1179.36 62.12
1181.36 62.12
1183.38 61.33
1185.37 56.53
1187.4 60.8
1189.42 53.43
1191.45 62.09
1193.48 64.69
1195.5 80.11
1197.52 86.37
1199.53 85.77
1200.69 80.55
1203.58 95.68
1205.6 96.43
1207.62 91.76
1209.64 91.76
1210.64 92.58
1212.66 89.56
1214.67 93.91
1216.69 85.97
1218.7 93.61
1220.72 94.05
1222.73 87.74
1224.75 92.61
1226.76 92.61
1228.78 92.61
1230.79 92.61
1232.81 89.89
1234.82 88.32
1236.83 89.56
1238.84 89.75
1240.85 90.49
1242.88 91.83
1244.89 2.89
1246.91 37.97
1248.93 37.97
1250.94 43.7
1252.96 43.7
1254.98 43.7
1256.99 30.88
1259.0 31.24
1261.03 34.88
1263.04 34.88
1265.06 38.35
1267.07 38.35
1269.09 46.58
1271.1 47.4
1273.13 46.62
1275.13 49.46
1277.15 48.55
1279.16 55.37
1281.18 52.02
1283.19 51.87
1285.21 51.87
1287.23 52.62
1289.24 55.01
1291.26 56.53
1293.28 56.53
1295.29 56.53
1297.3 53.72
1299.31 52.56
1301.33 52.56
1303.36 52.56
1305.37 56.5
1307.38 52.6
1309.39 52.6
1311.4 52.6
1313.41 52.6
1315.44 52.6
1317.45 59.75
1319.46 63.25
1321.47 74.08
1323.48 79.8
1325.49 93.75
1327.52 92.13
1329.52 87.25
1331.53 87.25
1333.54 87.25
1335.55 86.74
1337.56 86.37
1339.58 92.21
1341.59 92.21
1343.6 92.21
1345.61 92.21
1347.62 92.21
1349.64 92.21
1351.64 92.21
1353.66 92.21
1355.67 92.21
1357.68 93.79
1358.83 93.32
1361.7 89.86
1363.72 94.34
1365.75 92.34
1367.74 94.05
1369.75 93.18
1371.76 89.4
1372.91 92.58
1375.81 89.07
1376.81 89.07
1378.82 89.07
1380.83 89.07
1382.85 95.02
1384.87 93.26
1386.88 93.26
1388.9 89.69
1390.91 95.46
1392.93 92.61
1394.94 89.29
1396.95 93.78
1398.97 90.12
1400.98 92.28
1402.99 92.22
1405.0 92.22
1407.02 92.22
1409.03 95.37
1411.05 93.09
1413.07 88.84
1415.08 94.7
1417.1 94.19
1419.12 94.19
1421.12 89.17
1423.14 89.83
1425.16 94.12
1427.17 93.48
1429.19 92.5
1431.2 92.5
1433.21 92.5
1435.23 92.5
1437.24 92.5
1439.26 92.5
1441.27 92.5
1443.28 94.15
1445.29 94.15
1447.32 94.15
1449.33 94.15
1451.36 94.15
1453.37 94.15
1455.38 94.15
1457.39 94.15
1459.4 94.15
1461.41 94.15
1463.42 94.15
1465.44 93.57
1467.45 93.29
1469.46 91.94
1471.48 92.44
1473.48 89.93
1475.5 2.1
1477.51 94.7
1479.52 95.81
1481.53 93.24
1483.54 92.99
1485.55 98.6
1487.56 98.6
1489.58 94.09
1491.59 94.09
1493.6 94.09
1495.61 94.09
1497.62 94.09
1499.64 94.09
1501.66 94.09
1503.67 94.09
1505.68 94.09
1507.7 94.09
1509.71 94.09
1511.73 94.09
1513.74 94.09
1515.75 94.09
1517.76 94.09
1519.78 94.09
1521.78 94.09
1523.8 94.09
1525.8 94.09
1527.82 94.09
1529.83 94.09
1531.84 94.09
1533.86 94.09
1535.88 94.09
1537.89 94.09
1539.9 94.09
1541.05 90.2
1543.93 90.2
1545.95 90.2
1547.98 90.2
1548.98 90.2
1551.0 90.2
1553.02 90.2
1555.03 90.2
1557.04 90.2
1559.05 90.2
1561.07 90.2
1563.08 90.2
1565.1 90.2
1567.11 90.2
1569.13 90.2
1571.14 0.43
1573.16 5.63
1575.18 10.33
1577.19 12.28
1579.21 12.78
1581.22 12.3
1583.24 14.99
1585.25 14.02
1587.26 17.49
1589.28 17.85
1591.29 18.67
1593.3 20.25
1595.32 21.36
1597.33 22.53
1599.34 26.35
1601.35 25.04
1603.37 29.33
1605.38 29.79
1607.4 31.58
1609.42 35.17
1611.43 36.91
1613.46 34.99
1615.48 34.85
1617.51 34.85
1619.53 34.85
1621.54 34.85
1623.55 34.85
1625.57 34.85
1627.58 34.85
1629.6 34.85
1631.61 34.85
1633.62 34.65
1635.65 34.65
1637.66 34.65
1639.67 37.35
1641.68 40.55
1643.69 44.87
1645.72 48.78
1647.73 49.33
1649.87 49.33
1652.1 49.33
1653.76 49.33
1655.78 42.11
1657.8 42.11
1659.82 42.11
1661.82 42.11
1663.85 42.11
1665.88 42.11
1667.9 42.11
1669.91 42.11
1671.94 42.11
1673.95 42.11
1675.98 42.11
1677.99 42.11
1680.01 42.11
1682.02 42.11
1684.04 42.11
1685.19 42.11
1688.07 42.11
1690.09 42.11
1692.1 42.11
1693.11 42.11
1695.14 42.11
1697.15 42.11
1699.17 42.11
1701.19 42.11
1703.2 42.11
1705.22 42.11
1707.24 42.11
1709.24 42.11
1711.26 42.11
1713.27 42.11
1715.28 55.26
1717.29 52.9
1719.31 5.7
1721.32 58.85
1723.33 58.85
1725.35 58.85
1727.36 62.08
1729.38 60.0
1731.39 67.92
1733.41 67.92
1735.41 67.92
1737.43 67.92
1739.45 66.79
1741.47 67.13
1743.49 74.51
1745.52 76.07
1747.55 77.7
1749.56 72.84
1751.57 72.84
1753.58 72.84
1755.59 72.84
1757.6 79.09
1759.62 76.77
1761.65 76.77
1763.67 76.77
1765.68 76.77
1767.7 72.81
1769.71 72.81
1771.72 81.02
1773.73 81.33
1775.75 81.33
1777.78 81.33
1779.79 81.33
1781.82 81.33
1783.85 81.33
1785.85 81.33
1787.39 81.33
1789.43 81.33
1791.49 81.33
1793.3 81.33
1795.34 81.33
1798.31 81.33
1799.34 81.33
1801.34 81.33
1803.37 81.33
1805.4 81.33
1807.41 81.33
1809.43 81.33
1811.62 81.33
1813.58 81.33
1815.54 2.23
1817.51 3.91
1819.54 7.69
1821.63 8.75
1823.57 8.51
1825.6 7.21
1827.63 7.96
1829.66 11.84
1831.65 16.53
1833.7 12.33
1835.73 13.64
1837.73 16.55
1839.72 5.84
1841.72 16.98
1843.75 17.47
1845.77 15.91
1847.78 21.39
1849.8 21.53
1851.81 24.15
1853.83 26.38
1855.85 26.38
1857.86 28.75
1859.88 33.25
1861.9 34.26
1863.93 32.76
1865.94 34.79
1867.97 36.48
1869.98 36.83
1872.02 36.19
1874.02 36.91
1876.04 36.91
1878.07 36.41
1880.1 37.11
1882.24 29.19
1884.13 29.19
1886.15 34.84
1888.17 34.26
1890.2 34.71
1891.4 38.58
1894.24 37.93
1896.26 35.56
1898.26 37.72
1900.28 37.72
1901.44 37.72
1903.32 38.58
1905.33 38.58
1907.34 38.58
1909.35 38.58
1911.37 38.58
1913.4 38.58
1915.42 38.58
1917.64 38.58
1919.45 38.58
1921.45 38.58
1923.47 38.58
1925.6 38.58
1927.4 38.58
1929.46 38.58
1931.53 38.58
1933.59 38.58
