0.0 42.73
1.2 75.01
3.19 75.01
5.19 75.01
7.2 75.01
9.2 75.01
11.2 75.01
13.19 80.97
15.19 75.73
17.19 108.17
19.2 93.65
21.19 2.64
23.19 97.1
25.2 124.15
27.19 111.94
29.19 152.31
31.2 7.97
33.2 130.55
35.19 5.03
37.2 135.85
39.2 152.98
41.2 143.0
43.22 134.96
45.19 0.19
47.21 198.04
49.2 0.17
51.19 186.63
53.19 184.7
55.24 0.22
57.2 95.8
59.2 0.21
61.2 183.42
63.2 184.41
65.44 130.94
67.2 2.05
69.35 0.11
71.25 53.72
73.2 0.15
75.24 99.52
77.2 114.41
79.23 3.81
81.24 172.91
83.2 5.55
85.19 183.0
87.2 176.77
89.23 11.89
91.2 137.43
93.2 0.19
95.22 228.16
97.2 4.24
99.2 208.11
101.2 231.6
103.19 0.14
105.2 227.47
107.2 8.55
109.22 37.98
113.79 44.92
114.33 52.85
115.19 64.31
117.2 54.47
119.2 84.71
121.2 67.03
123.19 59.39
125.2 62.54
127.19 101.91
129.21 103.07
131.2 103.98
133.19 107.04
135.19 136.69
137.2 120.45
139.2 121.15
141.2 2.69
143.2 139.77
145.2 8.0
147.2 142.5
149.2 128.57
151.2 4.13
153.2 135.2
155.2 8.14
157.2 143.29
159.2 150.92
161.2 130.62
163.2 174.43
165.2 3.97
167.2 187.33
169.21 0.07
171.2 203.83
173.21 104.72
175.22 0.58
177.19 148.74
179.2 4.03
181.2 222.85
183.2 55.56
185.19 170.81
187.2 179.8
189.19 0.42
191.2 186.94
193.2 212.29
195.2 116.47
197.2 115.92
199.2 0.2
201.2 36.78
203.2 41.94
205.2 41.94
207.2 41.18
209.2 37.23
211.19 3.19
213.2 33.38
215.19 14.14
217.2 38.95
219.19 36.59
221.2 37.62
223.2 38.39
225.2 32.62
227.44 36.18
229.24 34.8
231.4 45.01
233.48 44.11
235.44 44.11
237.45 44.68
239.44 49.88
241.44 46.99
243.44 40.65
245.44 49.32
247.45 48.15
249.45 42.87
251.44 63.39
253.45 52.96
255.28 62.1
257.44 52.9
259.44 52.9
261.47 66.98
263.46 67.17
265.44 64.85
267.44 63.15
269.44 60.61
271.45 1.69
273.47 57.97
275.45 59.26
277.45 73.23
279.27 57.09
281.44 66.61
283.44 61.67
285.46 76.33
287.45 63.97
289.44 63.97
291.44 76.33
293.45 66.94
295.45 51.4
297.45 89.19
299.48 86.44
301.44 76.63
303.45 76.63
305.44 74.52
307.44 90.72
309.45 78.86
311.45 86.26
313.44 86.26
315.45 86.26
317.44 86.26
319.44 86.26
321.44 86.26
323.44 86.26
325.44 90.31
327.45 81.54
329.44 81.54
331.44 81.54
333.44 81.54
335.44 81.54
337.44 81.54
339.44 81.54
341.44 95.05
343.45 107.1
345.45 95.84
347.45 102.91
349.45 102.83
351.46 92.28
353.45 107.1
355.45 81.44
357.44 98.85
359.45 103.3
361.44 107.9
363.46 129.69
365.44 143.93
367.44 156.67
369.44 156.97
371.45 0.2
373.45 163.27
375.44 2.68
377.45 167.92
379.44 130.89
381.44 6.43
383.45 156.8
385.45 0.21
387.44 165.38
389.44 220.2
391.45 218.64
393.45 207.06
395.45 3.12
397.45 186.71
399.45 0.19
401.44 199.97
403.44 177.39
405.44 0.21
407.45 197.51
409.44 179.67
411.45 129.82
413.44 222.14
415.44 3.08
417.44 169.08
419.45 0.21
421.45 127.16
423.45 0.21
425.45 232.07
427.45 2.77
429.45 0.2
431.45 71.94
433.45 0.17
435.45 122.56
437.45 130.66
439.45 125.26
441.47 133.41
443.45 124.09
445.45 155.14
447.45 0.19
449.44 173.35
451.45 172.52
453.45 0.21
455.45 170.06
457.45 0.18
459.45 162.64
461.45 145.45
463.45 163.26
465.45 181.91
467.46 0.21
469.45 167.68
471.45 0.21
473.45 176.63
475.45 183.88
477.7 0.18
479.7 155.8
481.7 0.19
483.7 154.43
485.7 178.15
487.7 217.09
489.7 221.11
491.7 8.29
493.7 227.27
495.7 0.21
497.7 240.82
499.7 171.62
501.7 223.44
503.7 207.54
505.7 0.21
507.7 233.09
509.7 259.59
511.7 208.37
513.71 182.01
515.7 0.21
517.7 222.53
519.7 0.19
521.7 210.62
523.7 180.08
525.71 0.19
527.7 235.0
529.7 0.21
531.7 220.04
533.71 243.88
535.7 240.57
537.7 210.24
539.7 0.21
541.7 237.46
543.71 0.18
545.7 190.07
547.7 254.16
549.7 0.42
551.7 225.24
553.7 0.21
555.7 250.57
557.7 122.34
559.7 230.19
561.7 262.64
563.71 0.19
565.7 224.14
567.7 0.19
569.7 231.27
571.7 261.68
573.7 0.21
575.7 221.3
577.7 262.05
579.71 237.43
581.7 256.88
583.7 171.48
585.7 229.23
587.7 6.74
589.7 95.58
591.7 0.21
593.7 57.31
595.7 46.62
597.7 80.92
599.7 95.98
601.7 10.81
603.7 124.92
605.7 118.53
607.7 111.03
609.7 87.34
611.71 0.21
613.7 149.51
615.7 0.19
617.7 170.37
619.7 143.87
621.71 0.19
623.7 139.95
625.71 1.04
627.71 155.46
629.7 189.13
631.7 177.77
633.7 154.52
635.7 0.2
637.71 166.4
639.7 0.21
641.7 190.54
643.7 221.13
645.71 0.19
647.7 196.03
649.71 3.44
651.71 212.07
653.7 230.86
655.71 213.7
657.71 235.01
659.7 0.19
661.71 232.11
663.7 6.06
665.7 202.26
667.72 80.21
669.8 0.03
671.7 36.18
673.71 0.21
675.7 114.35
677.72 115.72
679.71 120.84
681.7 150.95
683.7 0.19
685.7 140.3
687.7 2.69
689.71 211.1
691.7 171.39
693.7 9.5
695.7 196.53
697.74 0.08
699.71 214.89
701.7 209.87
703.7 183.99
705.7 242.91
707.71 0.41
709.7 249.69
711.7 0.21
713.7 172.66
715.7 225.16
717.71 0.21
719.7 218.14
721.7 0.19
723.7 242.1
725.7 217.61
727.7 266.46
729.95 236.17
731.7 0.21
733.95 256.98
735.95 0.18
737.95 267.17
739.95 258.71
741.95 212.62
743.95 222.16
745.95 0.21
747.96 249.74
749.82 0.19
751.95 260.18
753.96 329.35
755.95 0.2
757.96 331.28
759.95 0.19
761.95 139.4
763.95 202.7
765.95 280.37
767.95 322.9
769.95 0.18
771.95 167.91
773.82 0.19
775.95 269.4
777.95 223.44
779.96 1.86
781.95 204.35
783.95 0.21
785.95 247.59
787.96 267.36
789.95 247.47
791.95 227.73
793.95 0.2
795.95 252.57
797.81 0.19
799.95 178.36
801.95 215.86
803.95 0.21
805.95 266.75
807.96 0.43
809.95 264.0
811.95 225.14
813.95 241.33
815.95 262.01
817.96 0.17
819.95 204.83
821.82 0.19
823.95 198.74
825.95 208.81
827.95 0.42
829.95 151.73
831.95 2.02
833.95 126.88
835.95 129.36
837.95 8.09
839.95 130.72
841.95 0.15
843.95 0.51
845.95 0.19
847.95 135.65
849.95 165.63
851.95 0.19
853.96 173.71
855.95 0.37
857.96 156.2
859.95 201.72
861.95 195.07
863.95 166.05
865.95 0.12
867.95 212.93
869.95 0.21
871.95 212.61
873.96 206.65
875.95 0.19
877.96 214.38
879.95 0.19
881.95 38.3
883.95 62.18
885.95 108.17
887.96 205.26
889.95 0.08
891.95 206.59
893.95 7.9
895.95 164.2
897.96 182.33
899.95 0.21
901.95 177.73
903.95 5.54
905.95 113.45
907.96 127.99
909.95 10.59
911.96 128.24
913.95 4.25
915.95 122.3
917.95 0.19
919.96 123.6
921.95 127.62
923.95 127.5
925.95 127.5
927.96 0.17
929.95 16.18
931.95 13.36
933.96 17.31
935.95 19.69
937.95 19.33
939.95 17.89
941.96 18.3
943.95 16.72
945.95 21.07
947.96 12.71
949.96 19.39
951.96 19.23
953.95 22.56
955.95 22.95
957.96 19.92
959.95 26.84
961.95 27.63
963.95 16.68
965.95 22.1
967.96 27.65
969.95 26.63
971.96 27.76
973.95 24.32
976.2 25.56
977.96 21.68
979.98 27.33
982.21 26.2
984.2 24.18
986.2 23.24
988.2 32.26
990.2 30.19
992.2 32.71
994.21 27.02
996.2 33.89
998.2 26.35
1000.2 29.65
1002.2 37.16
1004.03 29.68
1006.2 34.47
1008.2 41.11
1010.2 48.82
1012.2 45.98
1014.2 36.81
1016.2 50.92
1018.2 47.78
1020.2 65.73
1022.21 58.52
1024.2 70.76
1026.2 65.95
1028.03 75.13
1030.2 100.28
1032.2 75.64
1034.2 75.64
1036.2 75.64
1038.2 75.64
1040.2 103.48
1042.21 93.06
1044.2 118.17
1046.2 94.11
1048.2 113.12
1050.2 109.13
1052.2 125.55
1054.2 131.49
1056.2 101.56
1058.2 1.36
1060.21 110.13
1062.2 9.09
1064.2 117.54
1066.2 142.34
1068.2 143.0
1070.2 153.89
1072.2 0.19
1074.2 126.28
1076.07 0.19
1078.21 140.5
1080.21 139.63
1082.2 0.16
1084.2 185.84
1086.2 0.19
1088.21 192.41
1090.21 210.45
1092.2 186.06
1094.2 197.15
1096.2 0.17
1098.21 212.77
1100.21 0.19
1102.2 215.93
1104.2 212.73
1106.21 227.57
1108.2 212.33
1110.2 0.18
1112.2 255.53
1114.2 251.76
1116.21 249.38
1118.21 200.26
1120.2 1.15
1122.2 189.91
1124.2 0.19
1126.2 252.85
1128.2 239.28
1130.2 0.19
1132.21 261.89
1134.21 0.18
1136.21 275.21
1138.2 207.63
1140.21 255.95
1142.2 258.49
1144.2 0.19
1146.2 142.45
1148.2 0.16
1150.2 245.26
1152.2 198.38
1154.2 0.19
1156.2 230.43
1158.21 8.04
1160.2 249.38
1162.21 264.73
1164.2 242.89
1166.2 271.39
1168.2 0.21
1170.21 264.24
1172.21 2.43
1174.2 282.65
1176.2 267.92
1178.21 0.19
1180.2 263.83
1182.21 0.18
1184.21 300.25
1186.2 266.62
1188.2 326.8
1190.21 272.62
1192.2 0.18
1194.2 257.09
1196.2 5.23
1198.2 126.64
1200.2 79.19
1202.2 0.17
1204.21 119.7
1206.2 138.01
1208.2 113.81
1210.2 162.97
1212.2 182.29
1214.21 149.03
1216.2 8.97
1218.2 170.93
1220.2 0.2
1222.2 230.58
1224.2 228.63
1226.21 3.55
1228.21 219.94
1230.46 0.17
1232.21 242.9
1234.45 206.81
1236.45 0.2
1238.46 216.69
1240.46 4.21
1242.45 259.4
1244.46 0.21
1246.46 227.84
1248.45 170.87
1250.45 0.08
1252.45 280.19
1254.45 6.62
1256.45 133.33
1258.47 197.51
1260.46 190.3
1262.47 237.78
1264.45 0.19
1266.47 30.11
1268.5 0.11
1270.57 11.76
1272.46 26.73
1274.46 94.06
1276.47 111.87
1278.46 0.21
1280.46 141.97
1282.45 83.06
1284.45 128.48
1286.45 156.32
1288.46 0.19
1290.45 143.11
1292.46 0.19
1294.46 89.52
1296.46 150.82
1298.46 0.19
1300.45 162.96
1302.46 0.19
1304.46 151.11
1306.46 160.77
1308.46 155.0
1310.46 147.15
1312.46 0.21
1314.46 147.16
1316.46 0.45
1318.45 46.72
1320.46 63.0
1322.46 0.17
1324.45 6.31
1326.46 78.46
1328.46 78.46
1330.46 78.46
1332.45 92.45
1334.46 93.37
1336.46 93.37
1338.45 92.05
1340.46 92.05
1342.46 92.05
1344.45 92.05
1346.45 92.05
1348.46 92.05
1350.46 92.05
1352.46 78.15
1354.47 66.27
1356.45 60.2
1358.46 3.3
1360.46 39.92
1362.47 41.12
1364.46 11.02
1366.46 84.0
1368.46 3.82
1370.45 37.76
1372.46 41.68
1374.47 41.68
1376.46 41.68
1378.46 84.71
1380.46 84.71
1382.46 84.71
1384.46 84.71
1386.46 84.71
1388.46 84.71
1390.46 84.71
1392.46 84.71
1394.46 84.71
1396.46 84.71
1398.46 84.71
1400.46 84.71
1402.46 84.71
1404.46 84.71
1406.46 84.71
1408.46 84.71
1410.46 84.71
1412.46 84.71
1414.46 84.71
1416.46 84.71
1418.46 84.71
1420.46 84.71
1422.47 84.71
1424.46 84.71
1426.47 71.02
1428.46 0.1
1430.46 44.74
1432.46 46.69
1434.46 46.69
1436.46 46.69
1438.46 99.47
1440.46 88.64
1442.46 113.9
1444.46 113.33
1446.46 6.0
1448.46 89.92
1450.46 70.06
1452.46 112.04
1454.46 103.73
1456.55 0.2
1458.46 97.04
1460.46 6.42
1462.46 125.24
1464.46 129.04
1466.46 0.2
1468.46 141.91
1470.46 0.44
1472.46 124.92
1474.59 6.74
1476.47 138.57
1478.71 177.83
1480.71 0.19
1482.71 194.38
1484.71 0.45
1486.71 197.63
1488.71 175.77
1490.71 85.4
1492.71 201.58
1494.71 0.19
1496.71 197.09
1498.59 0.17
1500.71 168.74
1502.71 197.46
1504.71 0.44
1506.72 163.46
1508.71 0.2
1510.71 73.72
1512.71 202.95
1514.72 185.83
1516.71 199.71
1518.71 0.21
1520.71 80.63
1522.57 0.18
1524.71 202.9
1526.71 196.65
1528.73 0.2
1530.71 88.53
1532.71 0.19
1534.71 216.74
1536.71 212.33
1538.71 188.27
1540.71 88.32
1542.71 0.19
1544.71 68.54
1546.58 0.21
1548.71 84.15
1550.71 35.19
1552.71 82.78
1554.71 92.46
1556.71 83.9
1558.71 78.96
1560.71 35.91
1562.71 77.42
1564.71 93.6
1566.71 79.81
1568.71 50.35
1570.71 50.95
1572.71 92.8
1574.71 101.79
1576.71 7.25
1578.71 131.91
1580.71 71.38
1582.71 138.01
1584.72 102.42
1586.71 126.18
1588.71 135.08
1590.71 6.02
1592.71 135.58
1594.71 0.19
1596.71 97.39
1598.71 93.09
1600.71 1.18
1602.71 88.38
1604.71 102.2
1606.71 97.44
1608.71 3.7
1610.71 59.63
1612.71 76.87
