0.0 0.63
1.38 117.17
3.38 6.07
5.38 142.26
7.38 103.88
9.38 100.16
11.38 86.4
13.38 121.02
15.38 107.78
17.38 107.78
19.38 115.75
21.38 113.09
23.38 92.7
25.38 77.42
27.38 67.61
29.38 122.75
31.38 154.56
33.38 0.65
35.38 111.35
37.38 18.15
39.38 98.93
41.39 2.67
43.38 123.58
45.38 138.62
47.38 0.64
49.38 100.9
51.38 11.97
53.38 173.88
55.38 181.93
57.38 151.19
59.38 227.76
61.38 4.48
63.38 141.04
65.39 11.55
67.38 148.07
69.39 168.9
71.39 0.65
73.38 164.17
75.38 12.41
77.63 140.64
79.63 143.72
81.63 204.36
83.88 154.41
85.64 6.0
87.65 195.95
89.88 12.51
91.64 142.49
93.89 150.34
95.88 8.83
97.89 159.15
99.89 22.39
101.88 167.75
103.88 113.36
105.88 6.9
107.88 126.3
109.89 0.6
111.89 167.58
113.89 0.61
115.89 119.09
117.89 149.4
119.88 0.67
121.89 147.65
123.89 2.62
125.88 189.56
127.89 193.69
129.89 220.82
131.88 229.19
133.88 0.66
135.89 225.55
137.88 0.65
139.89 173.0
141.88 224.61
143.88 156.12
145.88 260.23
147.89 12.27
149.89 206.84
151.89 271.99
153.89 259.63
155.88 226.78
157.89 1.97
159.89 297.95
161.88 0.57
163.89 289.7
165.88 257.88
167.88 0.63
169.89 268.11
171.88 1.22
173.88 222.22
175.89 200.4
177.89 273.82
179.89 228.8
181.89 0.65
183.89 260.46
185.88 7.92
187.88 277.05
189.88 285.49
191.88 0.67
193.88 300.78
195.89 0.66
197.89 270.55
199.88 182.47
201.88 273.07
203.89 340.6
205.89 1.91
207.89 330.27
209.88 0.7
211.88 330.71
213.89 381.3
215.89 0.61
217.88 359.0
219.89 5.77
221.89 250.37
223.88 323.96
225.89 436.61
228.34 325.42
229.89 0.64
231.88 360.26
233.89 0.61
235.89 308.56
237.89 422.32
239.88 0.61
241.89 410.25
243.9 0.63
245.89 465.17
247.88 239.38
249.88 271.48
251.88 314.74
253.89 0.65
255.88 461.33
257.89 6.48
259.88 245.78
261.89 284.64
263.9 0.67
265.88 256.94
267.89 0.55
269.89 238.12
271.89 252.81
273.88 234.09
275.88 299.82
277.88 0.58
279.89 295.38
281.88 0.66
283.88 334.92
285.89 215.97
287.88 0.67
289.9 287.79
291.88 9.25
293.89 247.22
295.89 362.8
297.89 397.11
299.89 382.96
301.88 0.62
303.89 490.89
305.89 6.32
307.89 344.05
309.89 467.32
311.88 0.62
313.89 308.48
315.89 0.5
317.88 412.18
319.9 349.17
321.89 353.2
323.89 354.72
325.88 0.66
327.88 359.33
329.89 0.64
331.9 382.99
334.13 408.57
336.13 211.32
337.89 455.44
340.13 0.68
342.14 489.71
343.94 23.77
346.14 494.8
348.14 395.17
350.14 0.61
352.13 407.74
354.14 1.25
356.14 313.79
358.14 364.81
360.13 0.62
362.14 296.36
364.14 0.67
366.14 299.96
367.93 8.28
370.14 288.04
372.14 360.12
374.13 0.64
376.13 279.5
378.15 0.61
380.14 339.96
382.13 367.64
384.15 275.82
386.13 343.05
388.14 3.39
390.14 265.75
392.14 13.26
394.14 350.3
396.14 330.46
398.14 0.58
400.14 224.83
402.14 0.59
404.13 368.31
406.14 372.24
408.14 0.66
410.14 247.07
412.14 0.68
414.15 285.45
416.13 0.66
418.13 397.18
420.14 371.56
422.13 0.67
424.14 327.34
426.15 0.68
428.13 350.95
430.14 350.61
432.13 0.51
434.13 250.67
436.14 0.66
438.14 391.91
440.15 0.66
442.14 397.08
444.14 334.1
446.13 0.66
448.14 389.12
450.14 0.67
452.14 284.23
454.15 389.44
456.14 14.69
458.13 369.73
460.14 22.45
462.14 264.76
464.14 0.66
466.14 250.99
468.15 312.72
470.15 3.53
472.14 282.75
474.14 1.26
476.13 298.89
478.14 308.87
480.14 0.66
482.13 253.77
484.14 0.59
486.14 333.55
488.15 1.91
490.14 333.98
492.14 265.34
494.13 0.69
496.15 223.54
498.15 11.32
500.14 202.39
502.13 112.18
504.14 0.66
506.13 193.93
508.13 11.04
510.14 108.05
512.13 108.05
514.14 97.59
516.14 80.05
518.15 80.05
520.14 36.48
522.13 105.47
524.14 84.52
526.13 112.81
528.14 109.23
530.14 61.7
532.14 89.13
534.15 116.22
536.14 113.79
538.14 87.73
540.14 74.8
542.15 102.41
544.14 104.14
546.14 112.56
548.14 150.54
550.14 162.42
552.14 131.69
554.13 124.43
556.14 19.88
558.14 168.28
560.14 0.54
562.15 205.44
564.15 184.91
566.14 0.69
568.13 156.42
570.14 0.62
572.14 154.75
574.14 150.18
576.15 195.54
578.15 235.98
580.14 218.0
582.4 231.26
584.14 0.66
586.14 131.95
588.39 252.63
590.39 0.66
592.39 232.67
594.38 0.63
596.39 220.44
598.18 0.63
600.4 124.7
602.4 225.36
604.39 0.64
606.38 134.14
608.4 0.67
610.38 175.21
612.39 269.65
614.4 0.69
616.39 259.07
618.4 145.45
620.39 122.32
622.4 6.69
624.39 138.81
626.4 124.93
628.38 141.82
630.39 136.93
632.39 9.44
634.39 128.94
636.4 139.78
638.4 0.67
640.38 79.49
642.39 106.0
644.39 151.52
646.39 16.95
648.39 134.96
650.39 97.48
652.39 0.67
654.39 126.12
656.39 17.27
658.39 156.06
660.39 126.85
662.39 6.06
664.39 128.98
666.39 16.76
668.38 72.84
670.39 18.32
672.39 136.9
674.4 109.37
676.39 130.28
678.4 114.88
680.39 125.2
682.39 71.25
684.4 101.49
686.39 111.62
688.39 95.85
690.39 110.06
692.39 123.48
694.4 17.5
696.39 19.74
698.39 20.78
700.39 22.16
702.4 17.27
704.39 44.74
706.39 31.61
708.39 59.38
710.39 62.82
712.39 56.71
714.39 82.08
716.39 98.43
718.39 118.2
720.4 87.3
722.4 82.33
724.39 64.41
726.39 119.23
728.39 84.48
730.4 104.17
732.4 163.61
734.39 0.64
736.39 165.63
738.39 12.55
740.39 194.62
742.41 0.63
744.39 222.89
746.4 187.15
748.4 16.93
750.4 199.47
752.39 11.18
754.39 255.01
756.4 235.89
758.39 1.78
760.39 296.7
762.4 0.67
764.4 354.83
766.39 17.45
768.39 115.45
770.39 196.6
772.39 156.37
774.39 170.32
776.39 3.14
778.4 121.17
780.39 149.9
782.39 12.02
784.4 95.13
786.39 4.85
788.39 87.32
790.39 0.66
792.4 145.13
794.4 106.71
796.39 11.25
798.39 192.7
800.39 0.61
802.4 196.27
804.4 134.43
806.4 0.7
808.39 151.87
810.39 19.54
812.39 23.49
814.39 26.06
816.39 35.5
818.4 38.07
820.4 40.95
822.4 44.18
824.39 76.17
826.4 73.64
828.4 98.91
830.39 115.3
832.4 84.52
834.4 110.26
836.4 110.8
838.4 0.69
840.65 147.59
842.65 109.36
844.64 1.35
846.65 100.19
848.65 0.65
850.64 124.1
852.64 140.61
854.65 103.47
856.65 163.03
858.65 1.25
860.65 125.55
862.65 10.39
864.64 174.37
866.64 128.86
868.64 0.61
870.64 132.86
872.64 181.81
874.64 107.43
876.65 145.16
878.64 148.93
880.65 158.3
882.64 0.69
884.64 193.07
886.64 17.36
888.65 184.46
890.64 144.31
892.64 8.71
894.64 200.5
896.64 0.68
898.64 156.59
900.65 142.53
902.64 218.56
904.64 216.62
906.65 3.32
908.65 220.28
910.65 4.81
912.65 196.19
914.64 219.28
916.65 0.7
918.64 173.03
920.64 0.66
922.65 214.35
924.65 142.74
926.64 268.83
928.64 252.58
930.65 0.67
932.64 65.04
934.65 67.82
936.64 131.66
938.65 139.11
940.64 0.67
942.65 88.52
944.64 105.44
946.65 132.04
948.65 104.97
950.65 113.66
952.64 96.57
954.64 96.57
956.65 126.78
958.65 0.68
960.64 87.16
962.65 136.3
964.64 132.48
966.65 100.6
968.64 97.46
970.64 69.36
972.65 73.19
974.64 74.82
976.65 121.72
978.65 4.39
980.65 118.55
982.64 0.63
984.64 124.63
986.65 130.43
988.65 24.57
990.65 113.22
992.66 143.24
994.64 111.93
996.4 132.12
998.89 98.24
1000.91 119.18
1002.9 24.54
1004.9 86.36
1006.9 0.64
1008.9 128.87
1010.89 91.47
1012.89 0.66
1014.89 97.59
1016.9 0.67
1018.89 156.85
1020.69 0.7
1022.89 135.62
1024.89 136.12
1026.9 1.37
1028.9 143.91
1030.9 0.66
1032.89 163.15
1034.9 82.07
1036.89 0.66
1038.89 81.33
1040.9 14.99
1042.9 155.52
1044.89 5.99
1046.9 212.55
1048.9 231.58
1050.89 0.67
1052.9 285.3
1054.9 0.67
1056.9 220.79
1058.9 276.8
1060.89 0.61
1062.9 254.72
1064.89 0.67
1066.89 370.36
1068.9 0.64
1070.9 367.62
1072.91 300.41
1074.9 1.31
1076.89 269.15
1078.89 0.65
1080.89 290.86
1082.9 309.87
1084.9 0.57
1086.9 397.66
1088.9 0.56
1090.9 392.82
1092.9 0.67
1094.9 387.47
1096.9 353.68
1098.9 0.7
1100.9 400.34
1102.9 8.59
1104.9 87.38
1106.9 96.98
1108.89 5.54
1110.9 125.59
1112.89 14.63
1114.9 100.93
1116.9 100.93
1118.9 100.93
1120.9 134.27
1122.9 136.19
1124.9 136.19
1126.9 136.19
1128.9 136.19
1130.9 82.71
1132.9 0.66
1134.9 60.95
1136.9 76.02
1138.89 73.67
1140.9 91.77
1142.89 105.0
1144.9 82.23
1146.89 97.42
1148.9 89.75
1150.9 104.84
1152.91 90.87
1154.89 103.8
1156.91 88.59
1158.89 78.77
1160.9 86.1
1162.89 86.1
1164.9 88.95
1166.9 59.48
1168.9 106.19
1170.89 89.03
1172.9 113.27
1174.89 85.1
1176.89 104.69
1178.9 81.48
1180.9 9.89
1182.89 69.58
1184.9 15.19
1186.9 58.44
1188.9 54.28
1190.89 53.0
1192.89 40.8
1194.9 60.47
1196.89 47.05
1198.9 47.48
1200.9 56.36
1202.9 52.46
1204.89 42.28
1206.9 51.79
1208.89 36.8
1210.89 69.08
1212.9 91.77
1214.91 96.18
1216.9 48.54
1218.9 97.23
1220.89 70.88
1222.9 83.28
1224.89 91.87
1226.9 168.63
1228.9 0.66
1230.91 146.66
1233.15 11.34
1235.15 17.95
1236.9 19.9
1238.9 25.13
1241.14 25.43
1243.15 47.07
1245.16 37.75
1247.14 33.51
1249.15 51.49
1251.15 48.28
1253.14 76.96
1255.15 76.9
1257.14 57.61
1259.15 67.83
1261.15 75.56
1263.15 69.09
1265.15 95.21
1267.14 105.08
1269.15 97.21
1271.15 21.75
1273.14 80.01
1275.15 127.19
1277.15 87.69
1279.15 98.88
1281.15 99.15
1283.15 99.15
1285.15 1.32
1287.16 114.85
1289.15 114.85
1291.15 125.47
1293.15 141.8
1295.14 135.98
1297.14 135.98
1299.14 142.76
1301.15 116.38
1303.15 136.53
1305.15 5.17
1307.15 138.52
1309.16 20.35
1311.15 116.49
1313.15 115.94
1315.15 0.68
1317.15 111.7
1319.15 0.6
1321.16 124.61
1323.15 129.46
1325.15 117.73
1327.15 133.95
1329.15 0.7
1331.15 140.07
1333.15 0.66
1335.15 156.52
1337.14 145.49
1339.16 1.07
1341.15 141.88
1343.16 7.92
1345.14 203.25
1347.15 120.04
1349.14 186.86
1351.15 283.81
1353.15 0.63
1355.15 215.37
1357.14 2.33
1359.15 192.36
1361.14 170.24
1363.15 0.62
1365.15 262.56
1367.16 0.63
1369.15 287.86
1371.15 228.13
1373.15 277.97
1375.15 318.16
1377.16 0.59
1379.14 293.75
1381.15 0.67
1383.16 333.23
1385.15 298.27
1387.15 1.4
1389.14 329.1
1391.16 0.59
1393.14 320.27
1395.16 332.23
1397.16 357.76
1399.14 254.44
1401.15 0.61
1403.16 228.69
1405.15 0.66
1407.15 360.19
1409.15 375.84
1411.16 0.62
1413.16 375.46
1415.15 0.63
1417.15 200.07
1419.16 219.21
1421.16 251.82
1423.15 365.86
1425.14 0.64
1427.15 231.51
1429.16 0.67
1431.16 339.45
1433.14 314.56
1435.15 0.66
1437.15 304.56
1439.15 0.61
1441.16 348.59
1443.15 354.38
1445.14 311.47
1447.15 361.75
1449.15 0.68
1451.15 367.79
1453.15 6.01
1455.14 359.43
1457.15 322.06
1459.15 185.53
1461.15 249.78
1463.15 0.69
1465.16 141.95
1467.15 175.4
1469.16 160.6
1471.16 107.8
1473.16 1.33
1475.16 131.95
1477.15 20.48
1479.16 139.16
1481.15 155.3
1483.15 2.64
1485.15 127.42
1487.39 1.98
1489.4 163.04
1491.16 115.03
1493.4 95.99
1495.4 159.96
1497.4 3.86
1499.39 110.28
1501.4 2.01
1503.41 166.27
1505.39 120.8
1507.4 17.2
1509.39 119.95
1511.39 0.64
1513.4 131.12
1515.4 166.45
1517.4 175.34
1519.41 218.18
1521.4 1.34
1523.4 269.39
1525.4 1.16
1527.41 169.56
1529.41 201.77
1531.41 201.77
1533.4 133.36
1535.4 0.64
1537.4 196.31
1539.4 13.71
1541.41 193.1
1543.41 187.57
1545.4 0.67
1547.41 128.26
1549.41 207.7
1551.4 154.33
1553.41 138.03
1555.41 203.75
1557.41 189.18
1559.4 18.29
1561.4 173.65
1563.41 0.68
1565.41 200.63
1567.4 197.3
1569.4 0.62
1571.41 167.22
1573.4 16.83
1575.4 163.92
1577.4 130.65
1579.4 175.91
1581.4 195.98
1583.39 14.05
1585.4 174.36
1587.4 23.07
1589.41 84.02
1591.4 194.24
1593.4 24.43
1595.4 176.02
1597.41 171.33
1599.4 133.51
1601.4 174.26
1603.41 168.92
1605.4 144.69
1607.41 0.39
1609.4 169.59
1611.4 20.75
1613.41 165.54
1615.4 143.16
1617.41 13.18
1619.4 154.11
1621.4 18.57
1623.4 154.35
1625.4 178.65
1627.41 179.18
1629.4 142.87
1631.41 0.61
1633.4 165.54
1635.4 17.11
1637.41 203.46
1639.4 156.02
1641.4 172.92
1643.4 170.75
1645.4 0.67
1647.41 212.64
1649.4 202.89
1651.4 0.66
1653.4 191.88
1655.41 0.66
1657.4 120.49
1659.41 0.71
1661.4 171.32
1663.4 160.83
1665.4 1.77
1667.4 158.18
1669.41 8.36
1671.4 203.35
1673.4 172.79
1675.4 144.8
1677.41 167.17
1679.41 7.36
1681.15 157.4
1683.15 0.49
1685.15 127.43
1687.15 112.24
1689.16 0.63
1691.15 154.93
1693.16 0.67
1695.15 181.99
1697.16 199.41
1699.16 123.03
1701.41 128.46
1703.15 0.67
1705.16 224.33
1707.41 7.81
1709.41 136.38
1711.4 90.6
1713.4 0.66
1715.41 230.06
1717.41 0.61
1719.4 235.25
1721.41 246.84
1723.4 269.56
1725.41 285.92
1727.4 0.65
1729.41 286.08
1731.41 0.52
1733.41 330.81
1735.4 197.36
1737.41 0.61
1739.4 213.61
1741.41 8.11
1743.4 181.22
1745.41 211.48
1747.41 202.58
1749.4 206.12
1751.4 0.54
1753.4 171.17
1755.41 20.58
1757.41 212.72
1759.41 196.33
1761.41 0.58
1763.4 187.08
1765.4 0.55
1767.4 202.68
1769.41 167.92
1771.4 201.08
1773.41 177.44
1775.41 0.65
1777.4 163.1
1779.4 9.14
1781.4 229.15
1783.4 169.36
1785.41 0.65
1787.41 173.2
1789.41 0.62
1791.4 178.5
1793.41 238.81
1795.41 263.04
1797.4 266.12
1799.41 0.65
1801.4 259.96
1803.41 0.69
1805.4 210.4
1807.4 192.65
1809.41 0.64
1811.4 211.43
1813.41 0.52
1815.4 154.17
1817.4 228.12
1819.4 190.91
1821.4 293.62
1823.41 0.6
1825.41 277.41
1827.41 0.66
1829.4 298.33
1831.41 243.47
1833.41 335.1
1835.4 268.91
1837.41 0.54
1839.41 243.9
1841.41 261.28
1843.4 258.52
1845.4 248.05
1847.41 9.25
1849.41 278.61
1851.41 14.42
1853.4 295.6
1855.4 284.5
1857.4 0.65
1859.4 250.99
1861.41 0.4
1863.41 257.81
1865.41 242.06
1867.41 167.04
1869.4 179.76
1871.41 0.64
1873.4 233.69
1875.41 9.44
1877.4 200.44
1879.41 180.41
1881.4 0.62
1883.41 206.19
1885.4 0.66
1887.4 279.95
1889.41 281.53
1891.41 259.82
1893.4 227.63
1895.41 0.65
1897.4 253.95
1899.41 0.68
1901.41 312.58
1903.41 251.21
1905.41 0.67
1907.41 329.07
1909.4 8.26
1911.41 342.34
1913.4 122.35
1915.41 213.48
1917.4 154.23
1919.41 0.52
1921.4 174.66
1923.41 0.69
1925.41 221.73
1927.4 179.01
1929.41 0.63
1931.4 193.88
1933.4 3.24
1935.41 134.34
1937.41 165.97
1939.4 140.39
1941.41 140.39
1943.4 0.65
1945.4 152.83
1947.41 0.68
1949.4 204.67
1951.41 204.52
1953.41 0.63
1955.65 214.26
1957.41 0.67
1959.41 210.74
1961.45 0.91
1963.67 169.78
1965.65 189.15
1967.66 0.67
1969.66 13.64
1971.66 22.29
1973.66 27.62
1975.66 38.72
1977.65 34.69
1979.66 48.77
1981.66 53.97
1983.66 44.48
1985.45 70.43
1987.65 70.56
1989.66 64.77
1991.65 72.7
1993.65 75.01
1995.66 67.27
1997.66 102.2
1999.66 59.24
2001.65 78.02
2003.66 79.65
2005.66 110.37
2007.66 100.83
2009.65 96.74
2011.66 75.74
2013.66 127.83
2015.66 137.07
2017.66 83.52
2019.66 0.65
2021.65 122.77
2023.65 100.13
2025.65 150.07
2027.66 89.79
2029.65 0.67
2031.65 133.44
2033.66 1.98
2035.66 157.59
2037.66 153.88
2039.66 0.67
2041.66 96.39
2043.66 0.6
2045.66 157.51
2048.05 137.32
2049.66 137.32
2051.65 102.41
2053.67 0.52
2055.66 132.98
2057.65 1.39
2059.65 122.57
2061.66 190.66
2063.66 0.65
2065.66 145.78
2067.66 152.82
2069.66 142.86
2071.66 193.36
2073.67 29.28
2075.65 119.41
2077.66 0.65
2079.66 147.83
2081.66 0.64
2083.66 104.23
2085.66 148.71
2087.66 8.66
2089.66 173.38
2091.65 0.65
2093.65 159.75
2095.66 135.81
2097.66 91.03
2099.66 38.24
2101.67 21.24
2103.65 79.1
2105.66 70.84
2107.67 80.36
2109.66 75.14
2111.66 94.73
2113.66 129.6
2115.66 7.18
2117.66 158.31
2119.66 172.07
2121.66 171.41
2123.66 164.56
2125.66 21.09
2127.66 127.64
2129.66 1.35
2131.66 135.06
2133.66 135.85
2135.66 12.02
2137.65 138.6
2139.66 7.44
2141.67 180.73
2143.66 238.59
2145.66 188.63
2147.67 239.16
2149.65 0.66
2151.66 212.0
2153.65 0.65
2155.66 167.11
2157.66 190.4
2159.66 0.69
2161.66 255.39
2163.66 1.15
2165.66 225.3
2167.66 236.54
2169.66 251.27
2171.65 262.28
2173.66 15.36
2175.66 242.57
2177.66 14.64
2179.67 216.18
2181.66 194.23
2183.66 0.7
2185.66 84.97
2187.66 13.08
2189.66 108.89
2191.66 77.63
2193.67 69.6
2195.65 79.59
2197.66 107.48
2199.66 80.68
2201.65 105.61
2203.66 105.61
2205.66 105.61
2207.67 105.61
2209.92 110.32
2211.91 0.66
2213.91 90.36
2215.68 116.88
2217.9 126.8
2219.91 87.97
2221.91 0.65
2223.91 95.61
2225.92 93.73
2227.9 93.73
2229.91 90.41
2231.91 94.49
2233.91 117.72
2235.91 22.03
2237.92 105.68
2239.92 105.68
2241.92 106.32
2243.92 105.61
2245.92 0.67
2247.9 115.38
2249.91 69.18
2251.91 95.3
2253.91 72.38
2255.91 119.83
2257.91 97.3
2259.91 76.27
2261.91 121.39
2263.91 99.26
2265.9 115.26
2267.91 117.38
2269.91 121.23
2271.92 70.72
2273.91 0.68
2275.91 144.53
2277.92 110.98
2279.91 0.7
2281.91 96.36
2283.91 19.33
2285.92 160.18
2287.91 11.02
2289.91 150.81
2291.91 173.11
2293.91 0.66
2295.91 172.02
2297.91 28.86
2299.91 95.76
2301.92 108.76
2303.9 1.31
2305.91 129.14
2307.91 7.04
2309.91 119.0
2311.91 18.83
2313.91 24.66
2315.91 21.12
2317.91 18.97
2319.91 35.89
2321.91 31.3
2323.91 47.76
2325.92 51.82
2327.91 48.9
2329.91 36.6
2331.91 47.96
2333.92 40.6
2335.91 49.59
2337.91 45.76
2339.91 57.34
2341.92 68.02
2343.91 59.58
2345.91 41.24
2347.91 47.25
2349.91 57.02
2351.91 71.67
2353.91 67.09
2355.92 70.53
2357.91 73.83
2359.92 80.86
2361.91 119.44
2363.93 100.56
2365.92 142.18
2367.91 105.17
2369.91 20.33
2371.92 146.25
2373.9 113.66
2375.91 0.59
2377.91 146.38
2379.9 4.59
2381.91 89.23
2383.91 125.28
2385.91 146.75
2387.91 85.03
2389.91 3.24
2391.92 114.77
2393.91 10.79
2395.91 164.9
2397.92 97.88
2399.91 0.62
2401.92 121.98
2403.92 0.65
2405.91 143.56
2407.91 152.75
2409.92 140.53
2411.91 137.93
2413.91 0.65
2415.91 149.36
2417.91 20.2
2419.92 131.84
2421.91 157.07
2423.92 0.63
2425.91 134.02
2427.91 5.84
2429.91 150.73
2431.92 25.32
2433.91 127.63
2435.92 157.16
2437.91 0.64
2439.92 79.95
2441.91 113.03
2443.9 119.09
2445.91 126.0
2447.92 1.82
2449.92 91.4
2451.91 20.17
2454.16 66.26
2455.92 120.48
2458.17 106.53
2459.92 64.14
2462.16 23.11
2464.17 94.38
2466.16 117.29
2468.16 114.23
2470.17 109.1
2472.17 99.12
2474.17 110.52
2476.16 107.93
2478.16 104.23
2480.16 91.83
2482.16 101.84
2484.17 97.35
2486.16 0.53
2488.16 82.79
2490.16 1.23
2492.17 111.56
2494.17 80.97
2496.17 174.84
2498.16 160.05
2500.16 3.93
2502.16 118.95
2504.17 8.5
2506.17 88.68
2508.16 54.17
2510.17 114.34
2512.16 110.06
2514.16 91.11
2516.16 85.61
2518.17 108.83
2520.17 106.72
2522.16 106.72
2524.17 95.41
2526.17 91.57
2528.16 114.7
2530.16 104.05
2532.16 106.6
2534.17 77.94
2536.17 77.94
2538.16 114.0
2540.16 93.33
2542.16 93.33
2544.16 12.48
2546.16 88.42
2548.17 100.39
2550.16 109.35
2552.16 92.23
2554.17 68.27
2556.17 85.62
2558.16 106.84
2560.17 94.83
2562.17 91.3
2564.16 74.73
2566.16 71.13
2568.16 98.27
2570.17 96.85
2572.17 63.68
2574.17 72.68
2576.16 83.37
2578.17 138.07
2580.17 84.1
2582.16 0.61
2584.16 140.2
2586.16 101.12
2588.17 139.6
2590.17 87.45
2592.16 92.91
2594.16 170.86
2596.16 115.4
2598.16 174.83
2600.16 1.92
2602.17 119.16
2604.16 109.84
2606.17 0.6
2608.16 113.59
2610.17 2.0
2612.17 178.7
2614.17 160.46
2616.16 159.61
2618.17 169.48
2620.17 0.63
2622.17 156.5
2624.16 10.05
2626.16 161.94
2628.17 100.07
2630.16 5.48
2632.16 109.51
2634.16 0.65
2636.16 157.12
2638.17 142.81
2640.16 87.78
2642.16 112.07
2644.17 5.18
2646.16 114.17
2648.17 0.61
2650.17 122.31
2652.17 99.85
2654.17 0.63
2656.16 103.67
2658.16 2.4
2660.17 140.05
2662.17 100.8
2664.16 115.9
2666.17 126.12
2668.17 0.61
2670.17 139.79
2672.16 0.62
2674.17 111.24
2676.16 179.2
2678.16 0.67
2680.16 130.62
2682.17 0.53
2684.17 190.35
2686.17 223.34
2688.16 158.0
2690.16 248.03
2692.17 0.65
2694.16 278.06
2696.17 255.49
2698.17 236.29
2700.17 246.02
2702.16 0.68
2704.17 244.47
2706.41 11.17
2708.42 261.41
2710.21 1.22
2712.42 272.8
2714.42 218.68
2716.43 0.65
2718.42 266.58
2720.41 0.63
2722.41 295.02
2724.41 82.73
2726.42 295.38
2728.41 195.74
2730.41 0.63
2732.41 223.72
2734.21 28.67
2736.41 309.87
2738.42 292.11
2740.42 0.66
2742.42 287.14
2744.42 306.07
2746.42 314.12
2748.42 153.91
2750.41 0.67
2752.41 298.99
2754.41 0.68
2756.42 375.54
2758.41 13.01
2760.41 376.37
2762.42 375.3
2764.43 0.5
2766.41 373.92
2768.41 7.77
2770.42 268.22
2772.42 365.36
2774.43 366.07
2776.41 286.76
2778.42 12.39
2780.41 394.54
2782.41 10.35
