0.0 55.34
0.83 48.02
2.83 53.89
4.85 45.5
6.83 63.52
8.85 54.75
10.83 6.14
12.85 27.75
14.89 1.9
16.85 19.16
18.83 6.37
20.86 52.67
22.83 34.81
24.86 43.11
26.83 56.77
28.86 58.94
30.83 50.0
32.85 44.54
34.83 8.53
36.86 62.14
38.84 42.61
40.85 58.28
42.83 12.19
44.86 3.59
46.83 13.56
48.86 12.85
50.83 21.93
52.86 60.53
54.83 5.97
56.85 15.57
58.83 7.45
60.85 17.57
62.84 65.17
64.85 48.69
66.84 6.33
68.85 55.44
70.83 21.45
72.87 3.37
74.83 17.69
76.86 50.65
78.83 56.38
80.85 10.21
82.83 1.03
84.85 46.69
86.83 0.24
88.85 43.54
90.83 1.1
92.85 1.69
94.83 59.13
96.86 58.05
98.83 50.42
100.86 59.51
102.83 33.22
104.86 0.56
106.83 2.84
108.86 24.64
110.83 55.97
112.85 57.94
114.84 53.21
116.85 25.69
119.1 51.22
120.86 12.05
123.1 35.93
124.86 2.67
126.87 21.7
128.87 1.31
131.09 46.79
132.87 8.77
135.1 15.35
137.12 22.27
139.1 14.39
141.12 3.62
143.1 59.48
145.14 49.47
147.1 20.6
149.11 4.19
151.1 63.69
153.11 58.29
155.09 3.21
157.11 53.72
159.09 12.77
161.11 58.16
163.1 54.01
165.12 59.61
167.1 27.98
169.12 12.12
171.1 59.53
173.12 6.05
174.94 45.94
177.12 51.58
179.09 50.16
181.11 51.92
183.09 43.71
185.11 60.47
187.1 3.37
189.11 63.98
191.1 0.56
193.12 4.12
195.1 35.77
197.12 55.08
199.1 19.85
201.11 1.5
203.1 4.9
205.11 57.59
207.09 55.54
209.11 17.93
211.09 58.82
213.11 32.72
215.11 4.97
217.12 5.0
219.1 18.14
221.12 60.57
223.1 20.47
225.12 22.71
227.1 3.49
229.11 47.02
231.35 63.73
233.11 20.68
235.17 3.16
237.11 7.39
239.09 56.71
241.11 40.35
243.1 59.14
245.12 30.06
247.1 21.51
249.11 22.3
251.1 15.93
253.12 38.28
255.1 25.15
257.11 58.2
259.1 60.37
261.11 49.53
263.11 41.09
265.11 60.39
267.1 53.89
269.12 6.77
271.1 33.81
273.12 1.33
275.1 5.02
277.12 56.85
279.1 59.44
281.11 45.86
283.1 56.91
285.12 40.69
287.09 61.7
289.12 1.23
291.09 15.54
293.11 4.61
295.11 54.33
297.12 62.79
299.1 6.77
301.12 43.93
303.1 63.72
305.12 63.99
307.1 0.27
309.11 58.64
311.1 8.05
313.11 60.48
315.1 57.06
317.11 4.62
319.1 20.06
321.12 4.35
323.1 16.8
325.12 63.45
327.1 53.39
329.12 59.78
331.1 15.38
333.12 29.49
335.1 6.35
337.11 54.8
339.1 22.72
341.11 4.44
343.1 50.35
345.11 57.12
347.1 12.67
349.13 46.7
351.1 1.83
353.12 61.68
355.1 38.15
357.12 53.01
359.1 27.46
361.11 37.02
363.09 51.97
365.11 0.86
367.09 16.64
369.11 60.07
371.1 56.58
373.11 2.17
375.1 55.23
377.12 6.89
379.35 51.65
381.12 20.98
383.35 54.8
385.12 55.09
387.35 60.82
389.12 51.27
391.36 57.95
393.34 9.45
395.35 6.33
397.33 25.35
399.36 57.76
401.12 21.72
403.35 11.33
405.34 3.25
407.35 1.23
409.33 59.81
411.35 36.56
413.34 41.9
415.35 58.45
417.34 58.38
419.36 60.13
421.34 53.18
423.35 5.29
425.34 51.88
427.36 1.63
429.34 8.91
431.35 53.96
433.33 51.84
435.35 21.33
437.33 21.13
439.35 21.38
441.34 59.96
443.36 48.91
445.34 0.43
447.36 23.67
449.34 42.99
451.36 36.05
453.34 34.95
455.35 36.42
457.34 57.51
459.35 28.29
461.33 8.67
463.35 56.28
465.33 59.93
467.35 8.19
469.34 21.62
471.36 49.89
473.34 21.96
475.36 61.08
477.34 30.53
479.36 31.9
481.34 54.8
483.35 21.76
485.34 7.24
487.35 27.75
489.34 54.83
491.35 57.81
493.34 22.95
495.35 63.18
497.34 20.55
499.36 0.57
501.34 26.27
503.36 0.4
505.34 53.95
507.36 56.25
509.34 46.72
511.35 36.4
513.33 1.95
515.35 11.04
517.33 56.6
519.35 4.68
521.34 58.46
523.4 61.74
525.34 1.28
527.36 5.41
529.34 45.95
531.36 11.4
533.34 54.08
535.35 57.09
537.34 54.99
539.35 7.61
541.33 30.58
543.35 11.63
545.34 18.48
547.35 63.96
549.34 21.02
551.37 8.54
553.34 41.71
555.36 21.87
557.34 50.25
559.36 18.85
561.34 53.64
563.35 10.51
565.34 15.76
567.35 43.17
569.33 21.58
571.35 2.25
573.34 3.92
575.36 17.29
577.34 55.9
579.36 53.76
581.34 19.37
583.36 21.75
585.35 48.72
587.35 62.44
589.34 59.38
591.35 56.29
593.34 21.48
595.36 61.15
597.34 15.97
599.35 0.29
601.34 2.55
603.36 21.18
605.34 51.03
607.36 21.25
609.34 4.21
611.35 65.16
613.34 32.17
615.35 28.64
617.6 63.36
619.35 54.76
621.37 21.45
623.35 59.36
625.6 51.6
627.36 62.13
629.6 64.37
631.37 22.27
633.6 14.79
635.36 60.27
637.59 0.87
639.6 30.93
641.61 21.53
643.61 17.79
645.4 54.96
647.61 4.77
649.6 5.65
651.61 28.85
653.6 4.0
655.61 40.47
657.59 60.67
659.61 57.56
661.59 36.83
663.61 3.5
665.6 21.74
667.61 9.28
669.6 22.07
671.62 59.23
673.6 7.99
675.62 3.94
677.6 45.86
679.61 20.66
681.6 37.46
683.61 61.74
685.62 0.24
687.62 50.61
689.59 56.27
691.64 42.4
693.6 21.98
695.61 7.14
697.6 53.21
699.62 30.31
701.6 17.29
703.62 18.06
705.6 8.58
707.61 38.04
709.6 56.81
711.61 35.13
713.59 21.89
715.61 61.68
717.59 25.72
719.61 50.14
721.6 61.94
723.61 49.89
725.6 2.0
727.62 54.77
729.6 9.89
731.62 57.01
733.6 34.38
735.61 59.28
737.59 53.9
739.61 4.57
741.59 57.93
743.61 63.76
745.61 57.0
747.61 26.26
749.6 12.41
751.62 61.45
753.6 57.83
755.62 1.28
757.6 60.85
759.62 51.24
761.63 58.41
763.61 1.05
765.59 54.62
767.61 50.78
769.61 15.91
771.61 41.8
773.61 7.36
775.62 63.49
777.6 44.74
779.62 57.27
781.6 21.63
783.62 42.27
785.6 22.29
787.61 64.34
789.6 57.69
791.61 5.46
793.59 63.96
795.61 17.29
797.6 54.09
799.61 21.92
801.6 49.54
803.62 1.42
805.6 58.52
807.62 40.78
809.6 53.18
811.61 10.78
813.6 21.74
815.61 60.57
817.59 0.86
819.61 0.85
821.59 2.75
823.61 14.42
825.61 9.12
827.62 60.71
829.6 1.52
831.62 61.75
833.6 21.45
835.62 56.18
837.6 40.29
839.62 10.92
841.6 1.75
843.61 52.82
845.59 63.82
847.61 51.89
849.59 4.8
851.61 28.32
853.6 24.23
855.62 64.34
857.6 60.86
859.62 50.08
861.6 30.05
863.62 60.07
865.6 51.86
867.61 20.58
869.59 59.68
871.61 21.68
873.86 53.61
875.61 61.49
877.61 60.84
879.61 62.26
881.85 20.74
883.87 1.19
885.85 44.12
887.62 61.75
889.85 0.05
891.62 60.82
893.85 36.88
895.87 19.24
897.86 2.15
899.87 60.73
901.86 2.52
903.88 34.21
905.85 49.55
907.87 39.49
909.85 64.47
911.87 57.73
913.85 8.64
915.87 6.48
917.85 3.84
919.87 59.99
921.86 51.23
923.88 53.92
925.86 49.58
927.87 53.51
929.86 57.22
931.87 60.36
933.86 47.48
935.87 61.73
937.85 55.47
939.88 2.1
941.85 46.04
943.86 59.37
945.85 61.49
947.87 5.03
949.86 57.55
951.87 5.1
953.86 21.9
955.87 63.39
957.85 21.8
959.88 3.9
961.85 54.87
963.87 64.49
965.85 17.48
967.86 21.53
969.85 1.33
971.86 59.81
973.86 54.93
975.87 63.53
977.86 15.74
979.88 6.39
981.86 31.97
983.87 64.2
985.86 60.94
987.87 51.06
989.85 57.54
991.87 14.76
993.85 12.83
995.86 0.29
997.85 20.78
999.87 9.63
1001.86 21.75
1003.87 63.21
1005.86 21.35
1007.87 60.69
1009.87 60.69
1011.87 4.14
1013.85 45.96
1015.87 58.6
1017.85 3.13
1019.87 3.38
1021.85 27.17
1023.87 34.53
1025.86 48.9
1027.87 54.78
1029.86 21.19
1031.87 4.43
1033.86 6.47
1035.87 21.06
1037.86 57.39
1039.87 60.37
1041.85 9.57
1043.87 31.05
1045.86 1.77
1047.86 52.26
1049.85 22.01
1051.87 6.77
1053.86 40.4
1055.88 46.5
1057.86 9.24
1059.87 56.43
1061.86 56.83
1063.87 58.52
1065.86 3.57
1067.87 62.93
1069.85 30.85
1071.87 62.94
1073.85 54.59
1075.86 0.9
1077.84 55.32
1079.87 12.95
1081.86 3.94
1083.88 63.71
1085.86 4.68
1087.88 56.08
1089.86 54.45
1091.87 60.89
1093.85 51.36
1095.87 59.74
1097.85 19.83
1099.86 46.02
1101.85 52.11
1103.87 1.82
1105.86 17.51
1107.87 21.9
1109.86 55.79
1111.87 28.52
1113.86 64.06
1115.87 32.95
1117.86 32.95
1119.87 53.46
1121.85 22.65
1123.87 55.71
1125.85 53.03
1127.87 52.47
1130.11 59.53
1131.88 3.85
1133.86 62.57
1135.87 19.58
1138.11 23.12
1139.88 62.65
1142.1 63.56
1143.87 16.31
1146.1 47.04
1148.1 23.15
1150.11 53.87
1152.1 66.85
1154.11 5.83
1156.1 33.74
1158.11 50.21
1160.1 61.95
1162.11 7.03
1163.91 51.53
1166.11 48.53
1168.1 57.79
1170.1 39.66
1172.09 3.77
1174.12 30.33
1176.1 58.84
1178.11 1.04
1180.1 4.67
1182.11 10.65
1184.09 63.98
1186.11 64.98
1188.1 22.27
1190.12 4.71
1192.09 3.97
1194.11 7.28
1196.09 12.95
1198.11 54.53
1200.1 41.07
1202.12 4.78
1204.1 49.5
1206.12 47.78
1208.1 55.15
1210.11 19.84
1212.1 20.39
1214.11 6.63
1216.09 40.84
1218.11 52.25
1220.09 13.11
1222.11 64.34
1224.09 61.3
1226.11 53.58
1228.1 67.29
1230.12 23.41
1232.1 54.69
1234.11 4.36
1236.1 65.8
1238.11 6.83
1240.09 8.16
1242.11 57.64
1244.09 54.51
1246.11 16.98
1248.09 17.15
1250.11 2.02
1252.11 62.56
1254.11 28.28
1256.1 21.48
1258.11 42.05
1260.1 51.92
1262.11 5.54
1264.1 45.83
1266.11 3.87
1268.09 4.17
1270.12 62.98
1272.09 22.59
1274.11 32.39
1276.09 23.68
1278.11 16.77
1280.1 20.44
1282.11 58.98
1284.1 65.13
1286.11 12.78
1288.1 56.46
1290.11 56.0
1292.1 8.39
1294.11 56.59
1296.09 35.63
1298.11 62.48
1300.09 3.97
1302.1 51.85
1304.09 21.18
1306.11 58.06
1308.1 52.9
1310.11 2.95
1312.1 5.15
1314.11 57.82
1316.1 3.67
1318.11 16.96
1320.09 47.82
1322.11 59.95
1324.09 5.41
1326.11 2.16
1328.09 20.02
1330.11 8.3
1332.1 61.94
1334.12 1.7
1336.1 0.15
1338.11 19.78
1340.1 51.74
1342.11 33.87
1344.1 58.96
1346.11 51.29
1348.1 8.51
1350.11 16.09
1352.09 36.37
1354.11 56.59
1356.09 20.63
1358.11 1.5
1360.1 11.36
1362.11 58.14
1364.1 43.64
1366.11 62.93
1368.1 44.9
1370.11 36.12
1372.35 47.23
1374.11 45.21
1376.36 64.76
1378.11 68.57
1380.36 26.66
1382.37 10.07
1384.36 57.55
1386.37 51.73
1388.35 58.58
1390.37 44.65
1392.35 4.67
1394.14 54.87
1396.35 57.6
1398.36 3.07
1400.36 55.66
1402.38 1.01
1404.36 57.2
1406.37 9.81
1408.36 3.63
1410.37 6.1
1412.35 61.83
1414.37 49.78
1416.35 1.13
1418.37 18.75
1420.35 19.35
1422.36 19.35
1424.35 21.53
1426.38 61.06
1428.36 52.87
1430.37 3.25
1432.36 1.42
1434.37 17.82
1436.36 10.8
1438.37 19.67
1440.35 59.79
1442.37 19.39
1444.35 61.75
1446.36 5.37
1448.35 22.06
1450.37 51.97
1452.36 57.31
1454.38 1.82
1456.36 9.88
1458.37 59.15
1460.36 31.66
1462.37 52.38
1464.35 60.22
1466.37 57.86
1468.35 61.64
1470.37 62.92
1472.35 58.29
1474.36 55.67
1476.35 21.42
1478.38 56.74
1480.36 7.79
1482.38 36.85
1484.35 57.05
1486.37 20.59
1488.36 13.83
1490.37 42.85
1492.35 61.03
1494.37 1.77
1496.35 25.34
1498.37 58.63
1500.35 19.69
1502.36 55.99
1504.36 2.4
1506.38 55.23
1508.36 37.99
1510.37 45.24
1512.35 56.46
1514.37 44.24
1516.36 0.37
1518.37 5.83
1520.36 63.16
1522.37 53.03
1524.37 21.55
1526.36 29.3
1528.35 37.46
1530.38 0.52
1532.36 60.08
1534.38 21.45
1536.36 3.24
1538.37 64.21
1540.35 3.93
1542.37 35.32
1544.35 21.01
1546.37 61.02
1548.35 56.54
1550.36 2.53
1552.35 3.2
1554.36 64.52
1556.36 8.19
1558.38 18.57
1560.36 4.21
1562.37 53.73
1564.35 21.89
1566.37 59.75
1568.36 35.05
1570.37 49.45
1572.35 55.72
1574.37 60.08
1576.35 59.86
1578.37 58.57
1580.35 57.33
1582.38 59.43
1584.36 49.01
1586.38 56.43
1588.36 1.27
1590.37 57.72
1592.36 14.09
1594.37 14.2
1596.35 20.53
1598.37 12.05
1600.35 62.87
1602.37 3.06
1604.35 44.74
1606.36 20.73
1608.35 60.0
1610.38 21.89
1612.37 5.82
1614.38 45.39
1616.36 37.74
1618.37 53.7
1620.35 22.16
1622.37 15.58
1624.36 5.9
1626.37 29.68
1628.61 33.45
1630.37 58.44
1632.61 5.64
1634.37 54.35
1636.61 63.56
1638.38 26.27
1640.61 57.32
1642.38 57.7
1644.61 61.14
1646.63 6.09
1648.61 2.2
1650.62 0.17
1652.61 64.1
1654.64 60.17
1656.61 4.14
1658.63 38.22
1660.61 23.16
1662.63 53.02
1664.61 13.68
1666.63 3.31
1668.62 20.36
1670.62 56.98
1672.61 3.29
1674.62 51.1
1676.61 59.26
1678.62 21.73
1680.61 6.6
1682.63 34.01
1684.61 60.82
1686.63 13.98
1688.61 61.3
1690.62 2.31
1692.61 37.51
1694.63 50.3
1696.61 62.49
1698.62 54.01
1700.61 50.22
1702.62 24.85
1704.61 12.61
1706.63 20.65
1708.61 16.85
1710.63 52.47
1712.61 27.58
1714.63 4.26
1716.62 19.56
1718.63 53.8
1720.61 53.71
1722.62 46.8
1724.61 27.35
1726.62 54.56
1728.61 0.28
1730.62 63.02
1732.61 49.19
1734.63 8.79
1736.61 45.02
1738.63 57.65
1740.61 50.37
1742.63 27.01
1744.61 9.86
1746.63 63.9
1748.61 36.91
1750.63 48.26
1752.61 64.18
1754.62 62.65
1756.61 5.41
1758.64 61.89
1760.61 0.53
1762.63 49.37
1764.61 21.77
1766.63 43.59
1768.61 56.49
1770.63 64.72
1772.61 20.51
1774.63 40.0
1776.61 4.29
1778.62 48.46
1780.61 20.86
1782.62 9.59
1784.61 5.67
1786.63 43.62
1788.61 53.4
1790.64 5.12
1792.62 31.79
1794.64 1.77
1796.61 0.57
1798.65 29.33
1800.63 3.71
1802.63 59.44
1804.61 33.08
1806.62 39.7
1808.61 3.03
1810.62 1.34
1812.61 45.84
1814.61 39.0
1816.61 40.48
1818.63 11.08
1820.61 50.05
1822.63 54.64
1824.61 60.08
1826.63 21.55
1828.61 55.79
1830.62 36.17
1832.61 1.34
1834.62 23.61
1836.61 18.33
1838.64 51.5
1840.62 9.42
1842.63 59.65
1844.61 59.98
1846.63 20.04
1848.61 0.77
1850.63 59.05
1852.61 22.73
1854.63 57.74
1856.61 12.32
1858.62 54.59
1860.61 54.29
1862.63 59.92
1864.61 0.4
1866.63 61.73
1868.61 4.35
1870.63 62.8
1872.61 61.25
1874.63 29.33
1876.61 2.94
1878.63 56.18
1880.61 20.5
1882.63 5.5
1884.87 62.48
1886.62 3.25
1888.65 48.01
1890.64 61.86
1892.87 57.67
1894.63 31.68
1896.87 22.76
1898.63 62.98
1900.86 63.09
1902.85 48.73
1904.86 10.02
1906.85 31.86
1908.88 21.72
1910.87 58.44
1912.65 65.04
1914.85 7.59
1916.87 59.89
1918.85 54.03
1920.87 48.18
1922.85 21.52
1924.86 48.95
1926.85 20.98
1928.86 45.21
1930.85 5.53
1932.88 46.38
1934.86 17.94
1936.87 59.37
1938.85 59.75
1940.87 6.23
1942.85 24.47
1944.87 5.29
1946.85 57.71
1948.87 2.92
1950.85 62.1
1952.86 60.9
1954.85 64.12
1956.86 21.7
1958.85 58.21
1960.88 42.26
1962.85 57.14
1964.88 61.16
1966.85 7.84
1968.87 47.09
1970.85 22.1
1972.87 60.15
1974.85 49.12
1976.87 43.32
1978.85 62.45
1980.86 3.92
1982.86 50.56
1984.86 40.55
1986.85 56.36
1988.88 10.15
1990.85 43.94
1992.87 5.13
1994.85 22.13
1996.87 60.84
1998.85 40.9
2000.87 62.25
2002.85 62.24
2004.87 51.2
2006.85 8.49
2008.86 22.09
2010.85 27.12
2012.88 28.72
2014.86 16.04
2016.88 4.41
2018.86 21.53
2020.87 59.9
2022.85 3.88
2024.87 58.39
2026.85 21.0
2028.87 6.51
2030.85 2.53
2032.86 20.67
2034.85 22.45
2036.86 53.78
2038.85 53.23
2040.88 5.11
2042.85 20.05
2044.88 58.59
2046.85 16.33
2048.87 11.33
2050.85 58.26
2052.87 61.49
2054.85 53.61
2056.86 35.78
2058.85 50.74
2060.89 61.65
2062.85 0.59
2064.88 42.01
2066.85 56.84
2068.87 0.23
2070.85 45.9
2072.87 52.5
2075.63 60.36
2077.35 1.42
2078.85 46.27
2080.87 19.42
2082.85 47.99
2084.87 3.87
2086.85 5.33
2088.88 38.32
2090.85 47.38
2092.88 53.27
2094.85 16.51
2096.87 0.78
2098.85 9.84
2100.86 56.68
2102.85 45.33
2104.87 9.06
2106.85 64.47
2108.87 25.2
2111.37 37.7
2112.86 49.55
2114.85 37.14
2116.88 52.84
2118.86 53.95
2120.88 58.99
2123.11 1.52
2124.87 60.29
2127.11 58.71
2128.88 21.52
2131.12 53.25
2132.87 2.72
2135.15 7.64
2137.13 26.24
2139.12 53.86
2141.1 61.78
2142.88 38.28
2144.88 58.37
2147.13 7.9
2149.12 22.28
2151.1 62.93
2153.12 20.16
2155.12 14.77
2157.12 11.21
2159.12 13.88
2161.13 62.89
2163.12 59.14
2165.13 59.77
2167.11 28.28
2169.13 47.36
2171.11 55.24
2173.13 59.22
2175.11 50.54
2177.12 18.82
2179.1 53.75
2181.12 2.17
2183.12 47.26
2185.13 5.97
2187.1 57.44
2189.13 63.96
2191.11 21.21
2193.13 7.33
2195.11 60.3
2197.13 22.44
2199.11 4.37
2201.13 21.56
2203.12 60.73
2205.12 37.29
2207.11 4.92
2209.12 5.11
2211.12 54.61
2213.13 32.27
2215.12 22.08
2217.13 61.52
2219.12 5.77
2221.13 58.65
2223.11 61.97
2225.14 48.49
2227.11 16.31
2229.13 54.55
2231.11 44.91
2233.12 2.75
2235.12 34.82
2237.12 6.05
2239.12 62.87
2241.13 52.31
2243.11 6.69
2245.17 2.18
2247.12 2.32
2249.13 21.41
2251.11 1.32
2253.13 44.14
2255.11 3.17
2257.12 11.08
2259.11 54.64
2261.12 6.83
2263.12 61.26
2265.13 60.4
2267.12 9.37
2269.13 37.52
2271.11 3.16
2273.13 46.23
2275.11 42.54
2277.13 50.97
2279.11 46.11
2281.13 29.54
2283.11 27.34
2285.12 60.34
2287.12 21.91
2289.12 46.72
2291.12 35.87
2293.13 64.21
2295.12 59.48
2297.13 65.31
2299.11 40.3
2301.13 40.29
2303.11 53.9
2305.13 60.11
2307.11 21.7
2309.13 62.09
2311.1 22.44
2313.12 30.41
2315.11 3.22
2317.14 60.93
2319.12 11.37
2321.13 30.55
2323.11 57.52
2325.13 3.47
2327.11 0.24
2329.13 8.53
2331.11 21.77
2333.13 58.07
2335.11 19.35
2337.12 8.49
2339.12 34.22
2341.12 16.99
2343.12 55.34
2345.13 64.3
2347.12 52.06
2349.13 56.99
2351.11 2.83
2353.13 50.01
2355.12 42.83
2357.13 5.65
2359.11 20.45
2361.13 64.28
2363.11 48.18
2365.12 22.49
2367.12 6.68
2369.14 51.82
2371.12 0.27
2373.13 11.7
2375.12 18.94
2377.13 64.17
2379.11 49.96
2381.13 58.37
2383.36 20.75
2385.13 55.39
2387.37 30.16
2389.12 8.5
2391.37 1.7
2393.35 26.79
2395.37 57.08
2397.14 16.76
2399.38 19.68
2401.36 56.47
2403.37 33.49
2405.35 5.32
2407.36 58.19
2409.35 35.22
2411.38 1.47
2413.35 46.37
2415.37 0.47
2417.35 49.62
2419.37 50.54
2421.35 65.19
2423.37 55.09
2425.35 44.62
2427.37 19.43
2429.35 6.28
2431.37 53.51
2433.35 52.8
2435.36 0.8
2437.35 22.09
2439.4 51.41
2441.35 52.43
2443.36 54.6
2445.35 52.78
2447.37 47.45
2449.35 59.02
2451.37 59.02
2453.35 59.02
2455.37 59.02
2457.35 0.32
2459.36 14.64
2461.35 56.2
2463.36 58.64
2465.35 48.7
2467.38 13.79
2469.35 4.7
2471.37 1.85
2473.36 27.65
2475.37 36.78
2477.35 0.29
2479.37 62.73
2481.35 62.46
2483.36 3.16
2485.35 53.51
2487.36 33.77
2489.35 57.7
2491.38 52.37
2493.35 0.79
2495.37 4.62
2497.35 6.39
2499.37 43.06
2501.35 57.67
2503.37 21.56
2505.35 62.79
2507.37 54.57
2509.35 56.5
2511.37 53.25
2513.35 20.34
2515.36 60.1
2517.35 53.03
2519.38 10.42
2521.35 60.79
2523.37 21.74
2525.35 11.4
2527.37 64.2
2529.35 24.45
2531.37 3.03
2533.35 36.07
2535.37 62.68
2537.35 21.54
2539.36 51.82
2541.35 8.77
2543.38 0.55
2545.35 54.46
2547.37 18.59
2549.35 4.66
2551.37 48.8
2553.35 6.53
2555.37 49.05
2557.35 39.17
2559.37 41.6
2561.35 43.91
2563.39 41.29
2565.35 12.03
2567.36 38.95
2569.35 4.32
2571.38 20.04
2573.35 7.95
2575.37 55.98
2577.35 10.33
2579.37 0.29
2581.35 52.22
2583.37 0.27
2585.35 52.88
2587.37 54.84
2589.35 43.37
2591.37 19.28
2593.35 4.74
2595.38 22.31
2597.35 50.01
2599.38 22.29
2601.35 57.87
2603.38 6.1
2605.35 60.04
2607.37 57.72
2609.35 49.13
2611.37 26.59
2613.36 55.61
2615.37 57.55
2617.35 54.54
2619.36 37.03
2621.61 5.41
2623.38 20.51
2625.61 63.38
2627.37 56.64
2629.6 59.94
2631.37 3.8
2633.61 21.4
2635.62 1.97
2637.39 61.94
2639.62 62.89
2641.62 26.31
2643.63 1.13
2645.62 66.13
2647.63 19.45
2649.61 45.08
2651.63 56.23
2653.61 57.72
2655.62 8.56
2657.61 57.3
2659.62 65.36
2661.61 20.52
2663.62 0.82
2665.62 0.75
2667.63 17.66
2669.61 12.4
2672.37 35.1
2673.61 6.44
2675.63 58.09
2677.63 43.08
2679.62 10.33
2681.61 36.47
2683.64 49.91
2685.6 21.15
2687.62 51.82
2689.62 15.08
2691.63 18.98
2693.62 59.23
2695.63 21.18
2697.61 7.13
2699.63 19.83
2701.61 55.45
2703.63 50.99
2705.61 21.58
2707.62 0.49
2709.61 57.61
2711.62 47.98
2713.62 52.34
2715.62 5.44
2717.62 4.03
2719.63 28.56
2721.61 61.39
2723.63 51.8
2725.61 48.15
2727.62 12.97
2729.61 54.75
2731.62 1.54
2733.61 21.66
2735.63 3.33
2737.61 16.11
2739.62 56.72
2741.62 1.14
2743.62 61.16
2745.62 58.29
2747.63 3.6
2749.62 8.53
2751.63 3.12
2753.61 55.58
2755.63 59.0
2757.61 21.14
2759.63 52.88
2761.61 39.42
2763.62 59.08
2765.62 6.04
2767.62 57.8
2769.62 60.03
2771.63 13.67
2773.62 65.17
2775.63 53.38
2777.61 21.19
2779.63 47.86
2781.61 30.34
2783.63 55.46
2785.61 3.14
2787.62 9.02
2789.61 43.46
2791.62 21.33
2793.62 52.35
2795.62 8.21
2797.62 4.16
2799.63 6.49
2801.62 59.22
2803.63 62.53
2805.61 22.18
2807.63 0.6
2809.61 0.88
2811.62 2.17
2813.61 5.91
2815.62 21.2
2817.62 0.59
2819.62 8.88
2821.62 65.23
2823.62 16.8
2825.61 17.32
2827.63 27.56
2831.38 33.77
2832.26 2.17
2833.61 58.37
2835.63 2.08
2837.61 0.58
2839.62 56.57
2841.62 62.48
2843.62 60.17
2846.39 27.25
2847.63 60.14
2849.62 58.47
2851.63 45.12
2853.62 23.45
2855.64 57.08
2857.61 59.12
2859.63 4.07
2861.61 50.47
2863.63 25.15
2865.61 55.93
2867.62 0.5
2869.62 6.92
2871.62 12.12
2873.62 37.31
2875.62 56.18
2877.62 52.63
2879.63 2.24
2881.86 57.71
2883.62 63.88
2885.86 9.39
2887.88 58.65
2889.88 52.59
2891.9 3.83
2893.87 1.21
2895.94 0.57
2897.87 21.91
2899.89 60.55
2901.87 17.09
2903.88 9.74
2905.87 62.25
2907.88 40.81
2909.86 51.12
2911.88 27.83
2913.86 58.91
2915.89 35.97
2917.88 58.71
2919.89 36.22
2921.87 56.15
2923.89 8.04
2925.87 22.09
2927.89 57.91
2929.87 6.74
2931.88 9.35
2933.87 0.22
2935.88 30.65
2937.86 38.04
2939.85 53.13
2941.88 1.17
2943.89 62.29
2945.87 47.01
2947.89 54.04
2949.87 60.91
2951.89 5.04
2953.87 56.21
2955.89 42.02
2957.87 45.74
2959.88 21.95
2961.86 40.47
2963.88 5.48
2965.86 13.53
2967.89 59.03
2969.87 21.55
2971.9 0.8
2973.87 20.17
2975.89 33.5
2977.87 20.74
2979.89 5.76
2981.87 46.11
2983.88 32.15
2985.87 32.15
2987.88 10.7
2989.86 0.43
2991.88 43.24
2993.86 59.0
2995.89 56.92
2997.87 21.9
2999.89 0.3
3001.87 20.18
3003.89 61.1
3005.88 50.34
3007.89 24.31
3009.87 21.78
3011.88 57.9
3013.86 6.17
3015.88 14.02
3017.86 55.83
3019.89 62.9
3021.88 39.87
3023.89 27.59
3025.87 9.71
3027.89 53.39
3029.87 4.54
3031.89 21.54
3033.87 7.05
3035.89 15.36
3037.87 4.71
3039.88 35.92
3041.86 17.7
3043.88 20.77
3045.88 57.78
3047.89 3.18
3049.88 21.02
3051.89 21.74
3053.87 58.1
3055.89 57.98
3057.87 2.49
3059.89 49.45
3061.87 12.51
3063.88 48.32
3065.87 50.8
3067.89 54.95
3069.86 56.16
3071.88 2.36
3073.88 44.95
3075.89 0.61
3077.87 58.15
3079.89 51.26
3081.87 35.89
3083.89 7.6
3085.87 45.02
3087.89 62.21
3089.87 59.18
3091.89 43.47
3093.86 20.06
3095.88 5.61
3097.86 0.78
3099.89 7.73
3101.88 56.96
3103.89 21.91
3105.89 61.86
3107.89 12.05
3109.87 2.27
3111.89 25.21
3113.87 58.4
3115.88 0.42
3118.1 58.1
3120.12 11.96
