0.0 76.57
2.07 78.22
4.25 0.15
7.11 6.96
8.01 10.75
10.01 17.21
12.01 18.2
14.02 20.59
16.25 22.0
18.26 26.65
20.26 33.06
22.25 36.86
24.26 39.57
26.25 42.33
28.27 44.55
30.25 47.05
32.26 39.89
34.26 47.06
36.26 48.78
38.26 48.42
40.26 48.48
42.27 48.12
44.25 50.32
46.26 50.65
48.25 50.21
50.26 51.14
52.26 50.51
54.25 50.51
56.27 50.07
58.25 51.26
60.26 53.84
62.26 53.46
64.26 53.84
66.26 54.32
68.26 54.52
70.27 54.52
72.25 54.52
74.25 54.52
76.26 54.33
78.26 54.3
80.26 52.81
82.26 54.05
84.27 54.05
86.25 54.05
88.25 56.63
90.26 57.83
92.26 55.27
94.26 56.7
96.27 58.48
98.27 56.24
100.25 56.24
102.26 56.24
104.26 56.24
106.26 56.24
108.26 56.24
110.27 56.24
112.27 56.24
114.25 58.38
116.25 58.38
118.26 58.38
120.26 58.38
122.26 58.38
124.27 57.68
126.27 57.68
128.27 57.68
130.26 56.68
132.26 55.22
134.26 56.18
136.26 58.01
138.27 58.01
140.27 58.01
142.27 58.01
144.26 58.01
146.26 58.01
148.26 58.01
150.26 58.01
152.26 58.01
154.27 58.01
156.27 58.01
158.26 58.47
160.26 52.39
162.26 58.51
164.26 58.51
166.26 58.51
168.27 58.51
170.27 58.51
172.26 58.51
174.26 58.51
176.26 58.22
178.26 60.99
180.26 61.53
182.27 62.34
184.27 61.66
186.26 61.66
188.26 61.66
190.26 61.66
192.26 61.66
194.26 61.66
196.27 61.66
198.27 61.66
200.26 61.66
202.26 61.66
204.26 61.66
206.26 61.66
208.26 61.66
210.27 61.66
212.27 61.66
214.26 61.66
216.26 61.66
218.26 61.66
220.26 61.66
222.27 61.66
224.27 61.66
226.27 61.66
228.27 61.66
230.26 61.66
232.27 61.66
234.26 61.66
236.27 61.66
238.27 61.66
240.28 61.66
242.28 61.66
244.26 61.66
246.26 61.66
248.27 61.66
250.27 61.66
252.27 61.66
254.27 61.66
256.27 61.66
258.51 61.66
260.51 61.66
262.51 61.66
264.51 61.66
266.52 61.66
268.52 61.66
270.52 61.66
272.38 61.66
274.51 62.87
276.51 63.83
278.52 63.29
280.52 61.79
282.52 62.17
284.52 62.17
286.52 62.17
288.51 62.17
290.51 62.17
292.52 62.17
294.52 62.17
296.36 62.54
298.52 62.54
300.51 62.54
302.51 62.54
304.51 62.54
306.51 62.54
308.52 63.07
310.52 63.07
312.52 63.07
314.52 61.72
316.51 61.72
318.51 61.72
320.36 61.72
322.52 61.72
324.52 61.72
326.52 61.72
328.51 61.72
330.51 61.72
332.51 61.72
334.51 61.72
336.52 61.72
338.52 61.72
340.52 61.72
342.53 61.72
344.35 61.02
346.51 61.63
348.51 61.63
350.52 61.45
352.52 61.45
354.52 61.45
356.52 61.45
358.53 61.45
360.51 61.45
362.51 61.45
364.52 61.45
366.52 61.45
368.38 61.45
370.52 61.45
372.51 61.45
374.51 61.45
376.52 61.45
378.52 61.45
380.52 61.45
382.52 61.45
384.52 61.45
386.53 61.45
388.51 61.45
390.52 61.45
392.52 61.45
394.52 61.45
396.52 61.59
398.52 60.53
400.53 60.53
402.51 60.53
404.52 60.53
406.52 60.53
408.52 60.53
410.52 60.53
412.52 60.53
414.53 60.53
416.51 60.53
418.52 60.53
420.52 60.53
422.52 60.53
424.52 60.53
426.53 60.53
428.53 61.27
430.51 61.27
432.51 57.89
434.52 57.89
436.52 57.89
438.52 57.89
440.52 57.89
442.52 57.89
444.51 57.89
446.51 57.89
448.52 57.89
450.52 57.89
452.52 57.89
454.53 57.89
456.53 59.73
458.51 56.54
460.51 61.22
462.52 61.22
464.52 61.22
466.52 61.22
468.52 61.22
470.52 61.22
472.53 61.22
474.51 61.22
476.52 61.22
478.52 61.22
480.52 61.22
482.53 61.22
484.52 61.22
486.53 61.71
488.52 61.71
490.52 61.71
492.52 66.76
494.52 65.73
496.52 64.3
498.52 67.16
500.53 67.75
502.52 68.87
504.52 72.43
506.52 71.3
508.53 71.3
510.52 71.3
512.53 71.3
514.78 71.3
516.77 71.3
518.77 71.3
520.77 71.3
522.77 72.88
524.78 72.88
526.62 73.24
528.78 73.24
530.76 73.24
532.77 73.24
534.77 73.24
536.77 76.04
538.77 76.04
540.78 75.34
542.78 75.34
544.78 75.34
546.77 74.91
548.77 74.91
550.61 74.91
552.77 77.42
554.78 76.47
556.78 79.21
558.78 79.21
560.77 79.21
562.77 79.01
564.77 79.01
566.77 79.01
568.78 79.01
570.78 79.01
572.78 76.11
574.61 76.11
576.77 79.23
578.77 79.23
580.77 79.23
582.78 79.23
584.78 79.23
586.78 79.23
588.77 79.23
590.77 79.23
592.77 79.23
594.77 79.23
596.78 79.23
598.62 79.23
600.78 79.23
602.77 79.23
604.77 79.23
606.77 77.31
608.77 77.31
610.78 77.31
612.77 76.87
614.78 76.87
616.77 74.99
618.77 74.99
620.77 78.41
622.77 78.41
624.78 78.41
626.78 78.41
628.78 73.9
630.78 80.05
632.77 80.05
634.77 80.05
636.77 80.05
638.78 80.05
640.78 80.05
642.78 81.59
644.78 76.86
646.77 80.77
648.77 80.77
650.77 80.77
652.78 80.77
654.78 80.77
656.78 80.77
658.78 80.77
660.78 80.77
662.77 80.77
664.77 80.77
666.78 80.77
668.78 80.77
670.77 80.77
672.78 80.77
674.77 80.77
676.77 80.77
678.77 80.77
680.78 80.77
682.78 80.77
684.77 80.77
686.77 80.77
688.77 80.77
690.77 80.77
692.77 80.77
694.78 80.77
696.78 80.77
698.77 80.77
700.77 80.77
702.79 80.77
704.77 80.77
706.77 80.77
708.78 80.77
710.78 80.77
712.77 80.77
714.78 80.77
716.79 80.77
718.77 81.1
720.77 81.1
722.77 81.1
724.78 81.1
726.77 81.1
728.78 81.1
730.79 81.1
732.77 81.1
734.77 81.1
736.78 81.1
738.78 81.1
740.77 81.1
742.78 81.1
744.79 81.1
746.77 81.1
748.77 81.1
750.83 81.1
752.78 81.1
754.78 81.1
756.78 81.1
758.78 81.1
761.02 81.1
763.02 81.1
764.78 81.1
766.78 81.1
768.78 81.1
770.78 81.1
772.79 81.1
775.02 81.1
777.02 81.1
779.03 81.1
781.03 81.1
783.03 81.1
785.04 81.1
787.04 81.1
789.04 81.1
791.02 81.1
793.03 81.1
795.03 81.1
797.03 81.1
799.03 81.1
801.04 81.1
803.04 81.1
805.03 81.1
807.02 81.1
809.03 81.1
811.03 81.53
813.03 81.53
815.04 79.48
817.04 79.48
819.03 79.48
821.02 81.78
823.03 81.78
825.03 81.78
827.03 81.78
829.04 81.78
831.04 81.78
833.02 81.78
835.03 81.78
837.03 81.78
839.03 81.78
841.02 81.78
843.04 81.78
845.03 81.78
847.02 81.78
849.03 81.78
851.03 81.78
853.03 81.78
855.03 81.78
857.04 81.78
859.04 81.78
861.03 81.78
863.03 81.78
865.03 81.78
867.03 81.78
869.03 81.78
871.04 81.78
873.04 81.78
875.02 81.78
877.03 81.78
879.03 81.78
881.03 81.78
883.03 81.78
885.04 81.78
887.04 81.78
889.04 81.78
891.03 82.51
893.03 79.22
895.03 72.45
897.03 72.45
899.04 72.45
901.04 72.45
903.04 72.45
905.03 72.45
907.03 72.45
909.03 72.45
911.03 72.45
913.04 72.45
915.04 72.45
917.04 72.45
919.03 72.45
921.03 72.45
923.03 72.45
925.03 72.45
927.03 72.45
929.04 72.45
931.04 72.45
933.03 81.83
935.03 88.83
937.03 85.59
939.03 85.59
941.03 94.58
943.03 94.58
945.03 96.04
947.03 96.04
949.03 96.04
951.03 96.04
953.03 96.04
955.03 96.04
957.04 96.04
959.03 96.04
961.04 100.47
963.03 100.47
965.03 94.14
967.03 94.14
969.04 94.14
971.04 94.14
973.03 94.14
975.04 99.68
977.03 99.68
979.03 99.68
981.03 99.68
983.03 99.68
985.03 99.68
987.04 99.68
989.04 99.68
991.03 99.68
993.03 99.68
995.03 99.68
997.03 99.68
999.03 99.68
1001.09 99.68
1003.03 99.68
1005.03 99.68
1007.03 99.68
1009.03 99.68
1011.04 99.68
1013.04 99.68
1015.29 99.68
1017.04 99.68
1019.05 99.68
1021.13 99.68
1023.28 99.68
1025.29 99.68
1027.29 99.68
1029.29 99.68
1031.29 0.17
1034.18 8.6
1035.28 12.96
1037.28 19.06
1039.29 22.13
1041.28 23.98
1043.29 23.76
1045.15 29.83
1047.3 33.04
1049.28 34.95
1051.28 41.95
1053.29 47.17
1055.29 53.46
1057.29 54.97
1059.29 60.84
1061.3 60.84
1063.28 60.84
1065.28 60.84
1067.29 60.84
1069.13 60.84
1071.29 60.84
1073.29 60.84
1075.29 60.84
1077.28 60.84
1079.28 60.84
1081.29 60.84
1083.28 60.84
1085.29 60.84
1087.29 60.84
1089.3 60.84
1091.28 60.84
1093.13 60.84
1095.29 60.84
1097.29 62.15
1099.29 59.34
1101.29 65.11
1103.29 65.11
1105.28 65.02
1107.28 65.02
1109.29 65.02
1111.29 65.82
1113.29 65.82
1115.29 66.94
1117.3 66.94
1119.3 66.94
1121.28 66.94
1123.29 66.94
1125.29 68.5
1127.29 68.61
1129.29 62.1
1131.34 73.57
1133.3 4.84
1135.28 74.03
1137.29 74.03
1139.29 73.89
1141.29 71.92
1143.29 67.29
1145.3 79.42
1147.3 84.49
1149.28 85.13
1151.29 85.75
1153.29 84.43
1155.29 85.05
1157.29 83.03
1159.3 85.38
1161.3 69.97
1163.28 83.07
1165.29 83.9
1167.29 82.08
1169.29 91.37
1171.29 92.52
1173.3 94.67
1175.3 93.36
1177.28 93.36
1179.29 93.36
1181.29 94.62
1183.3 94.62
1185.29 94.62
1187.3 94.62
1189.28 94.62
1191.28 94.62
1193.29 94.62
1195.29 94.62
1197.29 94.62
1199.3 94.62
1201.3 94.62
1203.3 94.62
1205.28 94.62
1207.29 94.62
1209.29 94.62
1211.29 94.62
1213.29 94.62
1215.29 94.62
1217.3 94.62
1219.28 94.62
1221.29 94.62
1223.29 94.62
1225.29 94.62
1227.29 94.62
1229.3 94.62
1231.3 94.62
1233.3 94.62
1235.28 94.62
1237.29 94.62
1239.29 94.62
1241.29 94.62
1243.3 94.62
1245.3 94.62
1247.29 94.62
1249.29 94.62
1251.29 94.62
1253.29 94.62
1255.29 94.62
1257.3 94.62
1259.3 94.62
1261.3 94.62
1263.29 94.62
1265.29 94.62
1267.29 94.62
1269.29 94.62
1271.3 94.62
1273.3 94.62
1275.3 94.62
1277.54 94.62
1279.54 92.31
1281.54 92.31
1283.55 92.31
1285.55 97.37
1287.55 97.82
1289.55 98.18
1291.55 98.18
1293.54 98.18
1295.54 98.18
1297.54 98.18
1299.55 98.18
1301.55 93.21
1303.55 93.21
1305.55 93.21
1307.54 93.21
1309.54 93.21
1311.54 93.21
1313.54 93.21
1315.55 93.21
1317.55 93.21
1319.55 93.21
1321.54 93.21
1323.54 93.21
1325.71 93.21
1327.55 93.21
1329.55 93.21
1331.55 91.29
1333.54 91.29
1335.54 86.12
1337.54 86.12
1339.54 86.58
1341.55 92.7
1343.55 92.7
1345.55 88.73
1347.55 88.73
1349.54 88.73
1351.54 88.73
1353.54 88.73
1355.55 88.73
1357.55 88.73
1359.55 88.73
1361.55 88.73
1363.54 88.73
1365.54 93.46
1367.54 93.46
1369.55 93.42
1371.55 93.42
1373.55 93.42
1375.55 93.42
1377.56 93.42
1379.54 93.42
1381.54 93.31
1383.55 93.31
1385.55 95.83
1387.55 95.83
1389.55 95.83
1391.56 95.83
1393.54 95.83
1395.55 95.83
1397.55 95.83
1399.55 95.83
1401.55 95.83
1403.55 95.83
1405.56 95.83
1407.54 95.83
1409.54 95.83
1411.55 95.83
1413.55 95.83
1415.55 95.83
1417.55 95.83
1419.55 95.83
1421.54 95.83
1423.54 95.83
1425.54 95.83
1427.55 95.83
1429.55 95.83
1431.55 95.83
1433.54 95.83
1435.54 96.06
1437.54 96.06
1439.55 96.06
1441.55 96.06
1443.55 96.06
1445.55 96.06
1447.55 96.06
1449.54 93.79
1451.54 94.21
1453.55 94.21
1455.55 94.21
1457.55 94.21
1459.55 94.21
1461.56 94.21
1463.54 94.21
1465.54 94.21
1467.55 94.21
1469.55 94.21
1471.55 94.21
1473.55 94.21
1475.55 94.21
1477.54 94.21
1479.54 94.21
1481.55 94.21
1483.55 94.21
1485.55 93.01
1487.55 93.01
1489.55 93.01
1491.55 93.01
1493.54 93.01
1495.55 93.01
1497.55 93.01
1499.55 93.01
1501.55 93.01
1503.56 93.01
1505.56 93.01
1507.54 93.01
1509.55 93.01
1511.55 93.01
1513.55 93.01
1515.55 93.01
1517.55 93.01
1519.65 93.01
1521.79 1.0
1523.8 6.81
1525.8 11.76
1527.8 12.72
1529.8 14.49
1531.81 17.06
1533.81 18.66
1535.79 23.93
1537.8 23.18
1539.65 22.64
1541.8 28.47
1543.8 34.17
1545.81 40.71
1547.8 37.57
1549.81 39.01
1551.8 43.41
1553.8 43.41
1555.8 50.15
1557.8 51.34
1559.81 55.22
1561.79 57.26
1563.8 57.26
1565.8 58.49
1567.8 58.49
1569.8 58.49
1571.8 58.49
1573.81 58.49
1575.81 58.49
1577.81 58.49
1579.8 6.91
1581.8 25.76
1583.8 25.76
1585.8 25.76
1587.65 25.76
1589.8 25.76
1591.81 25.76
1593.8 25.76
1595.8 25.76
1597.8 25.76
1599.8 25.76
1601.81 25.76
1603.8 25.76
1605.8 25.76
1607.8 25.76
1609.8 25.76
1611.64 25.76
1613.8 55.67
1615.8 58.84
1617.8 56.39
1619.8 60.02
1621.8 58.4
1623.8 58.4
1625.8 59.25
1627.8 59.25
1629.81 59.25
1631.81 59.25
1633.81 59.25
1635.81 60.01
1637.8 60.01
1639.8 60.01
1641.8 60.01
1643.81 60.01
1645.81 59.16
1647.82 59.16
1649.81 0.11
1651.8 61.57
1653.8 57.53
1655.8 59.93
1657.81 57.48
1659.81 64.24
1661.81 62.72
1663.81 62.72
1665.8 63.93
1667.8 63.93
1669.8 63.93
1671.81 63.93
1673.81 63.93
1675.8 5.86
1677.81 29.39
1679.8 66.15
1681.8 65.03
1683.8 65.03
1685.81 68.43
1687.8 68.43
1689.8 68.43
1691.8 68.43
1693.8 68.43
1695.8 68.7
1697.8 68.7
1699.81 71.65
1701.81 71.65
1703.8 71.65
1705.82 70.18
1707.8 70.18
1709.8 70.18
1711.8 72.78
1713.81 72.78
1715.81 71.9
1717.8 71.9
1719.81 71.9
1721.81 71.9
1723.8 72.26
1725.8 66.44
1727.81 66.44
1729.81 66.44
1731.81 66.44
1733.82 73.46
1735.81 77.45
1737.8 77.45
1739.81 79.74
1741.81 79.74
1743.81 79.74
1745.81 79.74
1747.81 79.74
1749.81 79.74
1751.8 79.74
1753.8 79.74
1755.8 79.74
1757.81 79.74
1759.81 79.74
1761.81 79.74
1763.81 79.74
1765.8 79.95
1767.8 79.95
1769.8 89.36
1771.81 82.76
1773.81 82.76
1775.81 94.43
1777.81 94.43
1779.82 92.93
1782.05 92.93
1784.06 92.93
1786.06 92.93
1788.06 92.93
1790.06 92.93
1792.06 92.93
1793.89 92.93
1796.05 92.93
1798.05 92.93
1800.06 92.93
1802.06 92.93
1804.05 92.93
1806.06 92.93
1808.07 92.93
1810.05 92.93
1812.05 92.93
1814.06 92.93
1816.06 92.93
1817.89 92.93
1820.06 92.93
1822.05 94.59
1824.05 94.59
1826.05 94.59
1828.06 94.59
1830.06 94.59
1832.06 94.59
1834.06 94.59
1836.06 85.82
1838.05 85.82
1840.05 85.82
1841.89 85.82
1844.06 85.82
1846.05 85.82
1848.07 85.82
1850.07 85.82
1852.07 85.82
1854.05 85.82
1856.06 85.82
1858.06 85.82
1860.06 85.82
1862.07 85.82
1864.06 85.82
1865.91 85.82
1868.05 85.82
1870.06 85.82
1872.06 85.82
1874.06 85.82
1876.07 85.82
1878.07 85.82
1880.07 85.82
1882.06 85.82
1884.06 85.82
1886.06 85.82
1888.06 85.82
1890.06 85.82
1892.07 85.82
1894.07 85.82
1896.07 85.82
1898.06 85.82
1900.06 85.82
1902.05 85.82
1904.07 85.82
1906.06 85.82
1908.07 85.82
1910.05 85.82
1912.06 85.82
1914.06 85.82
1916.06 85.82
1918.07 85.82
1920.06 85.82
1922.07 85.82
1924.05 85.82
1926.06 85.82
1928.06 85.82
1930.06 85.82
1932.06 85.82
1934.06 85.82
1936.07 85.82
1938.06 85.82
1940.06 85.82
1942.06 85.82
1944.06 85.82
1946.06 85.82
1948.07 85.82
1950.06 85.82
1952.07 85.82
1954.06 85.82
1956.06 85.82
1958.06 85.82
1960.07 85.82
1962.07 85.82
1964.06 85.82
1966.06 85.82
1968.06 85.82
1970.06 85.82
1972.06 85.82
1974.06 85.82
1976.07 85.82
1978.07 85.82
1980.07 85.82
1982.06 85.82
1984.06 85.82
1986.06 85.82
1988.06 85.82
1990.06 85.82
1992.07 85.82
1994.07 85.82
1996.06 85.82
1998.06 85.82
2000.06 85.82
2002.06 92.79
2004.06 92.79
2006.07 92.79
2008.07 92.79
2010.06 92.79
2012.06 92.79
2014.06 92.79
2016.06 92.79
2018.07 92.79
2020.07 92.79
2022.07 92.79
2024.31 92.79
2026.31 92.79
2028.31 92.79
2030.06 92.79
2032.07 92.79
2034.32 92.79
2036.07 92.79
2038.31 92.79
2040.31 92.79
2042.31 92.79
2044.32 92.79
2046.31 92.79
2048.32 92.79
2050.32 92.79
2052.32 92.79
2054.31 92.79
2056.31 92.79
2058.31 92.79
2060.32 92.79
2062.32 92.79
2064.32 92.79
2066.32 92.79
2068.31 92.79
2070.31 92.79
2072.32 92.79
2074.31 92.79
2076.32 92.79
2078.32 92.79
2080.33 92.79
2082.31 92.79
2084.31 92.79
2086.31 92.79
2088.32 92.79
2090.32 92.79
2092.32 92.79
2094.33 92.79
2096.31 92.79
2098.31 92.79
2100.32 92.79
2102.32 92.79
2104.32 92.79
2106.32 92.79
2108.33 92.79
2110.33 92.79
2112.31 92.79
2114.32 92.79
2116.32 92.79
2118.32 92.79
2120.32 92.79
2122.32 92.79
2124.33 92.79
2126.31 92.79
2128.32 92.79
2130.32 92.79
2132.32 92.79
2134.32 92.79
2136.32 92.79
2138.33 92.79
2140.31 92.79
2142.32 92.79
2144.32 92.79
2146.32 92.79
2148.32 92.79
2150.32 92.79
2152.33 92.79
2154.31 92.79
2156.31 92.79
2158.32 92.79
2160.32 92.79
2162.32 92.79
2164.32 92.79
2166.33 92.79
2168.43 92.79
2170.31 92.79
2172.32 92.79
2174.32 92.79
2176.32 92.79
2178.32 92.79
2180.33 92.79
2182.31 92.79
2184.31 92.79
2186.32 92.79
2188.32 92.79
2190.32 92.79
2192.33 92.79
2194.33 92.79
2196.31 92.79
2198.31 92.79
2200.32 92.79
2202.32 92.79
2204.32 92.79
2206.32 92.79
2208.33 92.79
2210.32 92.79
2212.32 92.79
2214.32 92.79
2216.32 92.79
2218.32 92.79
2220.32 92.79
2222.33 92.79
2224.31 92.79
2226.31 92.79
2228.32 92.79
2230.32 92.79
2232.32 92.79
2234.32 92.79
2236.33 92.79
2238.33 92.79
2240.32 92.79
2242.32 92.79
2244.32 92.79
2246.33 92.79
2248.32 92.79
2250.33 92.79
2252.33 92.79
2254.31 92.79
2256.32 92.79
2258.32 92.79
2260.32 92.79
2262.33 92.79
2264.33 92.79
2266.33 92.79
2268.32 92.79
2270.32 92.79
2272.32 92.79
2274.32 92.79
2276.32 92.79
2278.33 92.79
2280.33 92.79
2282.33 92.79
2284.57 92.79
2286.57 92.79
2288.41 92.79
2290.57 92.79
2292.58 92.79
2294.58 92.79
2296.57 92.79
2298.57 92.79
2300.57 92.79
2302.57 92.79
2304.57 92.79
2306.58 92.79
2308.58 92.79
2310.58 92.79
2312.4 92.79
2314.57 92.79
2316.57 92.79
2318.57 92.79
2320.58 92.79
2322.58 92.79
2324.57 92.79
2326.57 92.79
2328.57 92.79
2330.57 92.79
2332.57 92.79
2334.58 92.79
2336.42 92.79
2338.57 92.79
2340.57 92.79
2342.57 92.79
2344.57 92.79
2346.57 92.79
2348.58 92.79
2350.58 92.79
2352.58 92.79
2354.57 92.79
2356.57 92.79
2358.57 92.79
2360.41 92.79
2362.58 92.79
2364.58 92.79
2366.58 92.79
2368.59 92.79
2370.57 92.79
2372.57 92.79
2374.57 92.79
2376.58 92.79
2378.58 92.79
2380.58 92.79
2382.59 92.79
2384.57 92.79
2386.57 92.79
2388.58 92.79
2390.57 92.79
2392.58 92.79
2394.58 92.79
2396.58 92.79
2398.57 92.79
2400.57 92.79
2402.57 92.79
2404.58 92.79
2406.58 92.79
2408.58 92.79
2410.58 92.79
2412.57 92.79
2414.57 92.79
2416.57 92.79
2418.57 92.79
2420.58 92.79
2422.58 92.79
2424.58 92.79
2426.57 92.79
2428.57 92.79
2430.57 92.79
2432.58 92.79
2434.58 92.79
2436.58 92.79
2438.57 92.79
2440.59 92.79
2442.57 92.79
2444.57 92.79
2446.58 92.79
2448.58 92.79
2450.58 92.79
2452.58 92.79
2454.59 92.79
2456.57 92.79
2458.58 92.79
2460.58 92.79
2462.58 92.79
2464.58 92.79
2466.58 92.79
2468.59 92.79
2470.57 92.79
2472.58 92.79
2474.58 92.79
2476.58 92.79
2478.58 92.79
2480.57 92.79
2482.59 92.79
2484.57 92.79
2486.58 92.79
2488.58 92.79
2490.58 92.79
2492.58 92.79
2494.58 92.79
2496.59 92.79
2498.57 92.79
2500.57 92.79
2502.58 92.79
2504.58 92.79
2506.58 92.79
2508.58 92.79
2510.58 92.79
2512.57 92.79
2514.57 92.79
2516.58 92.79
2518.58 92.79
2520.58 92.79
2522.58 92.79
2524.59 92.79
2526.59 92.79
2528.57 92.79
2530.58 92.79
2532.6 92.79
2534.58 92.79
2536.58 92.79
2538.59 92.79
2540.84 92.79
2542.66 92.79
2544.83 92.79
2546.83 92.79
2548.83 92.79
2550.84 92.79
2552.84 92.79
2554.84 92.79
2556.82 92.79
2558.83 92.79
2560.83 92.79
2562.83 92.79
2564.83 92.79
2566.68 92.79
2568.84 92.79
2570.82 92.79
2572.83 92.79
2574.83 92.79
2576.83 92.79
2578.83 92.79
2580.83 92.79
2582.84 92.79
2584.83 92.79
2586.83 92.79
2588.83 92.79
2590.67 92.79
2592.83 92.79
2594.83 92.79
2596.84 92.79
2598.83 92.79
2600.83 92.79
2602.83 92.79
2604.83 92.79
2606.83 92.79
2608.84 92.79
2610.84 92.79
2612.83 92.79
2614.66 92.79
2616.83 92.79
2618.83 92.79
2620.83 92.79
2622.84 92.79
2624.84 107.22
2626.84 107.22
2628.83 107.22
2630.83 107.22
2632.83 107.22
2634.83 107.22
2636.84 107.22
2638.83 107.22
2640.84 107.22
2642.83 107.22
2644.83 107.22
2646.83 107.22
2648.83 107.22
2650.84 107.22
2652.84 107.22
2654.84 107.22
2656.83 107.22
2658.83 107.22
2660.83 107.22
2662.77 107.22
2664.84 107.22
2666.83 107.22
2668.83 107.22
2670.83 107.22
2672.83 107.22
2674.83 107.22
2676.83 107.22
2678.84 107.22
2680.84 107.22
2682.84 107.22
2684.83 103.87
2686.83 88.85
2688.83 88.85
2690.83 96.99
2692.84 96.99
2694.84 96.99
2696.84 96.99
2698.84 96.99
2700.83 96.99
2702.83 96.99
2704.84 96.99
2706.84 96.99
2708.84 96.99
2710.84 95.59
2712.84 97.47
2714.83 100.23
2716.83 92.14
2718.83 92.14
2720.84 92.14
2722.83 92.14
2724.84 92.14
2726.84 92.14
2728.83 92.14
2730.83 92.14
2732.83 92.14
2734.84 92.14
2736.84 92.14
2738.84 92.14
2740.84 92.14
2742.83 92.14
2744.83 92.14
2746.84 92.14
2748.84 92.14
2750.84 92.14
2752.84 92.14
2754.84 92.14
2756.83 92.14
2758.83 92.14
2760.83 92.14
2762.84 92.14
2764.84 92.14
2766.84 92.14
2768.84 92.14
2770.83 92.14
2772.83 92.14
2774.83 92.14
2776.84 92.14
2778.84 92.14
2780.84 92.14
2782.84 92.14
2784.85 92.14
2787.08 92.14
2789.08 92.14
2791.09 92.14
2793.09 92.14
2795.09 92.14
2797.09 92.14
2799.1 92.14
2801.08 92.14
2803.09 92.14
2805.09 92.14
2807.09 92.14
2809.09 92.14
2811.08 92.14
2813.1 92.14
2815.08 92.14
2817.08 92.14
2819.09 92.14
2821.09 92.14
2823.09 92.14
2825.09 92.14
2827.1 92.14
2829.08 92.14
2831.08 92.14
2833.09 92.14
2835.09 92.14
2837.08 92.14
2839.1 92.14
2841.1 92.14
2843.08 92.14
2845.08 92.14
2847.09 92.14
2849.09 92.14
2851.09 92.14
2853.09 92.14
2855.1 92.14
2857.08 92.14
2859.09 92.14
2861.09 98.29
2863.09 98.29
2865.08 98.29
2867.09 98.29
2869.09 103.54
2871.08 106.86
2873.08 108.58
2875.09 108.58
2877.09 108.58
2879.09 108.58
2881.09 108.58
2883.09 108.58
2885.1 108.58
2887.08 108.58
2889.09 108.58
2891.09 108.58
2893.09 108.58
2895.09 108.58
2897.09 108.58
2899.1 108.58
2901.08 108.58
2903.09 108.58
2905.08 108.58
2907.09 108.58
2909.09 108.58
2911.1 108.58
2913.1 108.58
2915.09 108.58
2917.09 108.58
2919.09 108.58
2921.09 108.58
2923.09 108.58
2925.1 108.58
2927.1 108.58
2929.08 108.58
2931.09 108.58
2933.09 108.58
2935.09 108.58
2937.09 108.58
2939.1 108.58
2941.1 108.58
2943.09 108.58
2945.08 108.58
2947.09 108.58
2949.09 108.58
2951.09 108.58
2953.1 108.58
2955.09 108.58
2957.08 108.58
2959.09 108.58
2961.09 0.74
2963.09 8.97
2965.08 19.91
2967.08 31.39
2969.1 39.08
2971.1 42.75
2973.08 45.65
2975.09 48.15
2977.09 48.15
2979.09 48.15
2981.09 48.15
2983.1 48.15
2985.1 48.15
2987.09 48.15
2989.09 48.15
2991.09 48.15
2993.09 48.15
2995.1 48.15
2997.1 48.15
2999.1 48.15
3001.09 48.15
3003.09 48.15
3005.09 48.15
3007.09 48.15
3009.1 48.15
3011.1 48.15
3013.1 48.15
3015.09 48.15
3017.09 48.15
3019.09 48.15
3021.09 48.15
3023.09 48.15
3025.1 52.37
3027.1 56.02
3029.1 62.11
3031.09 65.9
3033.09 79.62
3035.09 84.59
3037.1 91.05
3039.1 90.83
3041.1 96.51
3043.1 98.93
3045.34 98.93
3047.34 98.93
3049.34 98.93
3051.35 98.93
3053.35 98.93
3055.35 98.93
3057.35 98.93
3059.34 98.93
3061.18 98.93
3063.34 98.93
3065.35 98.93
3067.35 96.77
3069.35 96.77
3071.35 96.77
3073.34 96.77
3075.34 96.77
3077.35 96.77
3079.35 96.77
3081.35 96.77
3083.35 96.77
3085.19 96.77
3087.34 96.77
3089.34 96.77
3091.34 96.77
3093.35 96.77
3095.35 99.23
3097.35 99.23
3099.35 99.23
3101.34 99.23
3103.34 99.23
3105.34 99.23
3107.35 99.23
3109.19 99.23
3111.35 99.23
3113.35 99.23
3115.36 99.23
3117.34 99.23
3119.34 99.23
3121.35 99.23
3123.35 99.23
3125.35 99.23
3127.35 99.23
3129.36 99.23
3131.34 99.23
3133.34 99.23
3135.35 99.23
3137.35 99.23
3139.35 99.23
3141.35 99.23
3143.35 97.46
3145.34 97.46
3147.34 92.84
3149.35 97.43
3151.35 97.43
3153.35 97.43
3155.35 97.43
3157.36 97.43
3159.34 97.43
3161.34 97.43
3163.34 97.43
3165.35 97.43
3167.35 97.43
3169.35 97.43
3171.36 97.43
3173.34 97.43
3175.34 97.43
3177.34 97.43
3179.35 97.43
3181.35 97.43
3183.35 97.43
3185.35 97.43
3187.34 97.43
3189.34 97.43
3191.35 97.43
3193.35 97.43
3195.35 97.43
3197.35 97.43
3199.36 97.43
3201.34 97.43
3203.34 97.43
3205.35 97.43
3207.35 97.43
3209.35 97.43
3211.35 97.43
3213.36 97.43
3215.36 97.43
3217.34 97.43
3219.35 97.43
3221.35 97.43
3223.35 97.43
3225.35 97.43
3227.36 97.43
3229.36 97.43
3231.34 97.43
3233.35 97.43
3235.35 97.43
3237.35 97.43
3239.35 97.43
3241.35 97.43
3243.36 97.43
3245.34 97.43
3247.35 97.43
3249.35 97.43
3251.35 97.43
3253.35 97.43
3255.36 97.43
3257.36 97.43
3259.36 97.43
3261.34 97.43
3263.35 97.43
3265.35 97.43
3267.36 97.43
3269.36 97.43
3271.36 97.43
3273.35 97.43
3275.35 97.43
3277.35 97.43
3279.35 97.43
3281.35 97.43
3283.36 97.43
3285.36 97.43
3287.59 97.43
3289.76 97.43
3291.44 97.43
3293.6 97.43
3295.6 97.43
3297.36 97.43
3299.36 97.43
3301.36 97.43
3303.6 97.43
3305.6 97.43
3307.6 97.43
3309.6 97.43
3311.6 97.43
3313.61 97.43
3315.44 97.43
3317.6 97.43
3319.6 97.43
3321.6 97.43
3323.6 97.43
3325.61 97.43
3327.61 97.43
3329.6 97.43
3331.6 97.43
3333.6 97.43
3335.6 97.43
3337.6 97.43
3339.44 97.43
3341.61 97.43
3343.6 97.43
3345.6 97.43
3347.6 97.43
3349.6 97.43
3351.6 97.43
3353.6 97.43
3355.61 97.43
3357.61 97.43
3359.6 97.43
3361.6 97.43
3363.44 97.43
3365.6 97.43
3367.61 97.43
3369.61 97.43
3371.61 97.43
3373.61 97.43
3375.6 97.43
3377.6 97.43
3379.6 97.43
3381.6 97.43
3383.61 97.43
3385.61 97.43
3387.45 97.43
3389.6 97.43
3391.6 97.43
3393.6 97.43
3395.6 97.43
3397.61 97.43
3399.61 97.43
3401.6 97.43
3403.6 97.43
3405.6 97.43
3407.6 97.43
3409.6 97.43
3411.61 97.43
3413.61 97.43
3415.61 97.43
3417.6 97.43
3419.6 97.43
3421.6 97.43
3423.6 97.43
3425.61 97.43
3427.61 97.43
3429.6 97.43
3431.6 97.43
3433.6 97.43
3435.6 97.43
3437.61 97.43
3439.61 97.43
3441.61 97.43
3443.6 97.43
3445.61 97.43
3447.6 97.43
3449.6 97.43
3451.61 97.43
3453.61 97.43
3455.61 97.43
3457.61 97.43
3459.61 97.43
3461.6 97.43
3463.6 97.43
3465.6 97.43
3467.61 97.43
3469.61 97.43
3471.61 97.43
3473.62 97.43
3475.6 97.43
3477.6 97.43
3479.61 97.43
3481.61 97.43
3483.61 97.43
3485.61 97.43
3487.62 97.43
3489.6 97.43
3491.61 97.43
3493.61 97.43
3495.61 97.43
3497.61 97.43
3499.61 97.43
3501.61 97.43
3503.6 97.43
3505.6 97.43
3507.61 97.43
3509.61 97.43
3511.61 97.43
3513.61 97.43
3515.61 97.43
3517.62 97.43
3519.6 97.43
3521.61 97.43
3523.61 97.43
3525.61 97.43
3527.61 97.43
3529.61 97.43
3531.6 97.43
3533.6 97.43
3535.61 97.43
3537.61 97.43
3539.61 97.43
3541.62 97.43
3543.61 97.43
3545.62 97.43
3547.86 97.43
3549.86 97.43
3551.86 97.43
3553.86 97.43
3555.86 97.43
3557.87 97.43
3559.87 97.43
3561.85 97.43
3563.86 97.43
3565.86 97.43
3567.86 97.43
3569.86 97.43
3571.86 97.43
3573.87 97.43
3575.85 97.43
3577.86 97.43
3579.86 97.43
3581.86 97.43
3583.86 97.43
3585.86 97.43
3587.87 97.43
3589.87 97.43
3591.86 97.43
3593.86 97.43
3595.86 97.43
3597.86 97.43
3599.86 101.45
3601.87 0.07
3603.85 37.47
3605.86 47.4
3607.86 101.6
3609.86 101.6
3611.86 101.6
3613.86 101.6
3615.86 101.6
3617.87 101.6
3619.86 101.6
3621.86 101.6
3623.86 101.6
3625.86 101.6
3627.86 101.6
3629.87 99.66
3631.87 99.66
3633.86 99.66
3635.86 99.66
3637.86 99.66
3639.86 99.66
3641.86 99.66
3643.87 99.66
3645.87 99.66
3647.86 99.66
3649.86 99.66
3651.86 99.66
3653.86 99.66
3655.87 99.66
3657.87 99.66
3659.87 99.66
3661.85 99.66
3663.86 99.66
3665.86 99.66
3667.86 99.66
3669.87 99.66
3671.87 99.66
3673.87 99.66
3675.85 99.66
3677.86 99.66
3679.86 99.66
3681.86 99.66
3683.86 99.66
3685.86 99.66
3687.87 99.66
3689.87 99.66
3691.86 99.66
3693.86 99.66
3695.86 99.66
3697.87 99.66
3699.87 99.66
3701.86 99.66
3703.87 99.66
3705.86 99.66
3707.86 99.66
3709.86 99.66
3711.87 99.66
3713.86 99.66
3715.87 99.66
3717.87 99.66
3719.86 99.66
3721.86 99.66
3723.86 99.66
3725.86 99.66
3727.87 99.66
3729.87 99.66
3731.87 99.66
3733.86 99.66
3735.86 99.66
3737.86 99.66
3739.87 99.66
3741.87 99.66
3743.87 99.66
3745.87 99.66
3747.86 99.66
3749.86 99.66
3751.86 99.66
3753.86 99.66
3755.87 99.66
3757.87 99.66
3759.87 99.66
3761.88 99.66
3763.86 99.66
3765.86 99.66
3767.86 99.66
3769.87 99.66
3771.87 99.66
3773.87 99.66
3775.88 99.66
3777.86 99.66
3779.86 99.66
3781.86 99.66
3783.87 99.66
3785.86 99.66
3787.87 99.66
3789.87 99.66
3791.86 99.66
3793.86 99.66
3795.87 99.66
3797.87 99.66
3800.11 99.66
3801.87 99.66
3804.12 99.66
3806.11 99.66
3808.11 99.66
3809.95 99.66
3812.12 99.66
3814.11 99.66
3816.12 99.66
3818.12 99.66
3820.11 99.66
3822.11 99.66
3824.11 99.66
3826.11 99.66
3828.11 99.66
3830.12 99.66
3832.13 99.66
3833.95 99.66
3836.11 99.66
3838.11 99.66
3840.12 99.66
3842.11 99.66
3844.12 99.66
3846.13 99.66
3848.11 99.66
3850.11 99.66
3852.11 99.66
3854.12 99.66
3856.12 99.66
3857.96 99.66
3860.12 99.66
3862.13 99.66
3864.11 99.66
3866.12 99.66
3868.12 99.66
3870.12 99.66
3872.12 99.66
3874.12 99.66
3876.13 99.66
3878.11 99.66
3880.11 99.66
3881.96 99.66
3884.12 99.66
3886.12 99.66
3888.12 99.66
3890.13 99.66
3892.11 99.66
3894.11 99.66
3896.12 99.66
3898.12 99.66
3900.12 99.66
3902.12 99.66
3904.16 99.66
3906.11 99.66
3908.11 99.66
3910.12 99.66
3912.12 99.66
3914.12 99.66
3916.12 99.66
3918.13 99.66
3920.11 99.66
3922.11 99.66
3924.12 99.66
3926.12 99.66
3928.11 99.66
3930.11 99.66
3932.13 99.66
3934.11 99.66
3936.11 99.66
3938.12 99.66
3940.12 99.66
3942.12 99.66
3944.12 99.66
3946.13 99.66
3948.13 99.66
3950.11 99.66
3952.12 99.66
3954.12 99.66
3956.12 99.66
3958.11 99.66
3960.13 99.66
3962.13 99.66
3964.12 99.66
3966.12 99.66
3968.12 99.66
3970.12 99.66
3972.12 99.66
3974.13 99.66
3976.13 99.66
3978.12 99.66
3980.12 99.66
3982.12 99.66
3984.12 99.66
3986.13 99.66
3988.13 99.66
3990.13 99.66
3992.12 99.66
3994.12 99.66
3996.12 99.66
3998.12 99.66
4000.13 99.66
4002.13 99.66
4004.13 99.66
4006.11 99.66
4008.12 99.66
4010.12 99.66
4012.12 99.66
4014.12 99.66
4016.13 99.66
4018.13 99.66
4020.12 99.66
4022.12 99.66
4024.12 99.66
4026.12 99.66
4028.12 99.66
4030.13 99.66
4032.13 99.66
4034.13 99.66
4036.12 99.66
4038.12 99.66
4040.12 99.66
4042.12 99.66
4044.13 99.66
4046.13 99.66
4048.13 99.66
4050.37 99.66
4052.37 0.59
4054.2 9.27
4056.37 13.5
4058.38 16.77
4060.38 19.92
4062.38 21.67
4064.37 23.99
4066.37 24.39
4068.37 26.31
4070.37 28.75
4072.38 28.58
4074.38 34.09
4076.38 35.38
4078.37 31.81
4080.37 31.81
4082.37 35.92
4084.38 42.77
4086.38 42.97
4088.38 55.29
4090.38 55.29
4092.38 55.29
4094.37 55.29
4096.37 55.29
4098.37 55.29
4100.38 55.29
4102.38 55.29
4104.38 55.29
4106.37 55.29
4108.37 55.29
4110.37 55.29
4112.37 55.29
4114.38 55.29
4116.38 55.29
4118.38 55.29
4120.38 55.29
4122.37 55.29
4124.37 55.29
4126.38 55.29
4128.38 55.29
4130.38 54.75
4132.38 54.54
4134.38 54.17
4136.37 54.18
4138.37 55.86
4140.37 55.86
4142.38 55.86
4144.38 55.86
4146.38 55.86
4148.38 55.86
4150.37 55.86
4152.37 55.44
4154.37 55.44
4156.38 55.44
4158.38 55.44
4160.38 55.44
4162.39 55.44
4164.37 55.44
4166.37 55.44
4168.37 55.44
4170.38 55.44
4172.38 55.44
4174.38 55.44
4176.38 55.44
4178.37 55.44
4180.37 55.44
4182.37 55.44
4184.38 55.44
4186.38 55.44
4188.38 55.44
4190.39 55.44
4192.38 55.44
4194.37 55.44
4196.38 55.44
4198.38 55.44
4200.38 55.44
4202.38 55.44
4204.38 51.87
4206.37 55.83
4208.37 57.34
4210.38 60.9
4212.38 62.0
4214.38 62.0
4216.38 62.0
4218.38 62.0
4220.39 62.0
4222.37 62.0
4224.38 62.0
4226.38 62.0
4228.38 62.0
4230.38 62.0
4232.38 62.0
4234.39 62.0
4236.37 62.0
4238.37 62.0
4240.38 62.0
4242.38 67.22
4244.38 68.06
4246.38 71.77
4248.39 75.49
4250.37 74.51
4252.37 80.34
4254.38 80.34
4256.38 80.34
4258.38 80.34
4260.39 80.34
4262.39 84.91
4264.37 84.91
4266.37 82.63
4268.38 81.53
4270.38 81.53
4272.38 81.53
4274.39 81.53
4276.39 81.53
4278.39 81.53
4280.38 81.53
4282.38 81.9
4284.38 81.9
4286.38 81.9
4288.38 81.9
4290.39 81.9
4292.37 81.9
4294.38 81.9
4296.38 81.9
4298.38 81.9
4300.38 81.9
4302.39 81.9
4304.39 81.9
4306.39 81.9
4308.62 81.9
4310.63 81.9
4312.63 81.9
4314.63 81.9
4316.64 81.9
4318.64 81.9
4320.63 81.9
4322.62 81.9
4324.63 81.9
4326.63 81.9
4328.47 81.9
4330.64 81.9
4332.64 81.9
4334.64 83.12
4336.62 87.59
4338.63 86.97
4340.63 86.97
4342.63 86.28
4344.64 86.28
4346.64 94.49
4348.64 94.49
4350.63 94.49
4352.47 93.58
4354.63 94.12
4356.63 94.12
4358.64 94.12
4360.64 94.12
4362.64 94.12
4364.64 94.12
4366.63 94.12
4368.63 94.12
4370.63 94.12
4372.63 89.56
4374.64 87.64
4376.48 87.73
4378.64 89.88
4380.63 91.23
4382.63 91.23
4384.63 91.23
4386.63 91.23
4388.64 91.23
4390.64 91.23
4392.64 91.23
4394.63 91.23
4396.63 91.23
4398.63 91.23
4400.63 91.23
4402.64 91.23
4404.64 91.23
4406.63 91.23
4408.63 91.23
4410.63 91.23
4412.63 91.23
4414.7 91.23
4416.64 91.23
4418.64 91.23
4420.63 91.23
4422.63 91.23
4424.63 91.23
4426.63 91.23
4428.63 91.23
4430.64 91.23
4432.64 86.38
4434.63 86.38
4436.64 86.38
4438.63 86.38
4440.63 86.38
4442.64 86.38
4444.64 86.38
4446.64 86.38
4448.63 86.38
4450.63 86.38
4452.63 86.38
4454.63 86.38
4456.64 86.38
4458.64 86.38
4460.64 86.38
4462.64 89.14
4464.64 98.63
4466.63 98.46
4468.63 98.46
4470.63 98.46
4472.64 100.49
4474.64 100.49
4476.64 100.49
4478.64 100.49
4480.63 100.49
4482.63 100.49
4484.63 100.49
4486.64 100.49
4488.64 100.49
4490.64 100.49
4492.64 100.49
4494.63 100.49
4496.63 100.49
4498.63 100.49
4500.64 100.49
4502.64 98.11
4504.64 59.59
4506.63 94.05
4508.63 93.86
4510.63 93.86
4512.63 99.47
4514.64 99.47
4516.64 99.47
4518.64 99.47
4520.64 99.47
4522.65 99.47
4524.63 99.47
4526.63 99.47
4528.64 99.47
4530.64 99.47
4532.64 97.81
4534.64 97.81
4536.65 96.94
4538.63 96.94
4540.63 96.94
4542.64 96.94
4544.64 96.94
4546.64 94.6
4548.64 95.97
4550.65 95.97
4552.88 95.97
4554.64 95.97
4556.89 99.08
4558.64 103.77
4560.64 105.84
4562.89 102.88
4564.65 61.8
4566.88 106.9
4568.89 100.84
4570.89 100.84
4572.89 100.84
4574.89 111.16
4576.89 100.52
4578.9 100.52
4580.88 100.52
4582.72 100.52
4584.89 100.52
4586.89 100.52
4588.89 100.52
4590.89 100.52
4592.9 100.52
4594.88 100.52
4596.89 100.52
4598.89 100.52
4600.89 100.52
4602.89 100.52
4604.89 100.52
4606.74 100.52
4608.9 100.52
4610.88 100.52
4612.89 100.52
4614.89 100.52
4616.89 110.62
4618.9 110.62
4620.9 110.62
4622.9 110.62
4624.88 110.62
4626.89 110.62
4628.89 88.19
4630.73 88.19
4632.89 88.19
4634.89 88.19
4636.89 88.19
4638.89 88.19
4640.89 88.19
4642.89 88.19
4644.89 88.19
4646.89 88.19
4648.9 88.19
4650.89 88.19
4652.89 105.81
4654.89 105.81
4656.89 105.81
4658.89 105.81
4660.89 105.81
4662.89 105.81
4664.9 105.81
4666.89 105.81
4668.89 105.81
4670.89 105.81
4672.89 105.81
4674.89 105.81
4676.89 105.81
4678.9 105.81
4680.89 105.81
4682.89 91.42
4684.89 91.42
4686.89 96.13
4688.89 96.13
4690.89 96.13
4692.9 98.78
4694.9 98.78
4696.89 96.88
4698.89 96.88
4700.89 96.88
4702.89 97.83
4704.9 103.39
4706.9 88.24
4708.9 88.24
4710.89 88.24
4712.89 88.24
4714.89 88.24
4716.9 88.24
4718.9 88.24
4720.89 88.24
4722.9 100.71
4724.89 100.71
4726.89 100.71
4728.89 100.71
4730.9 100.71
4732.9 99.74
4734.9 99.74
4736.9 95.24
4738.89 95.24
4740.89 95.24
4742.89 95.24
4744.89 95.24
4746.9 96.18
4748.9 96.18
4750.9 96.18
4752.89 96.18
4754.89 96.18
4756.89 96.18
4758.89 96.18
4760.9 96.18
4762.89 96.18
4764.9 96.18
4766.89 96.18
4768.89 96.18
4770.89 96.18
4772.89 96.18
4774.9 96.18
4776.89 96.18
4778.9 96.18
4780.9 96.18
4782.89 96.18
4784.89 96.18
4786.89 96.18
4788.9 96.18
4790.89 96.18
4792.9 96.18
4794.9 96.18
4796.89 96.18
4798.89 96.18
4800.9 96.18
4803.0 96.18
4804.9 96.18
4807.15 96.18
4808.91 96.18
4811.14 96.18
4813.14 96.18
4815.14 96.18
4817.15 96.18
4819.15 96.18
4821.15 96.18
4823.15 96.18
4825.14 96.18
4827.14 96.18
4829.14 96.18
4831.15 96.18
4833.14 96.18
4835.15 96.18
4837.15 96.18
4839.14 96.18
4841.14 96.18
4843.14 96.18
4845.15 96.18
4847.15 96.18
4849.15 96.18
4851.15 96.18
4853.16 96.18
4855.14 96.18
4857.14 96.18
4859.15 96.18
4861.15 96.18
4863.15 96.18
4865.15 96.18
4867.15 96.18
4869.14 96.18
4871.15 96.18
4873.15 96.18
4875.15 96.18
4877.15 96.18
4879.15 96.18
4881.16 96.18
4883.14 96.18
4885.14 96.18
4887.15 96.18
4889.15 96.18
4891.15 96.18
4893.15 96.18
4895.16 96.18
4897.14 96.18
4899.14 96.18
4901.15 96.18
4903.15 95.74
4905.14 100.22
4907.15 93.2
4909.14 79.73
4911.14 79.73
4913.14 97.59
4915.15 97.59
4917.15 97.59
4919.14 97.59
4921.15 97.59
4923.16 97.59
4925.14 97.59
4927.14 97.59
4929.15 97.59
4931.15 97.59
4933.15 97.59
4935.16 97.59
4937.14 97.59
4939.16 97.59
4941.14 97.59
4943.15 97.59
4945.15 97.59
4947.14 97.59
4949.15 97.59
4951.16 97.59
4953.14 97.59
4955.14 97.59
4957.15 97.59
4959.15 97.59
4961.14 97.59
4963.15 97.59
4965.16 97.59
4967.16 97.59
4969.14 97.59
4971.15 97.59
4973.15 97.59
4975.15 97.59
4977.15 97.59
4979.15 97.59
4981.16 97.59
4983.14 97.59
4985.15 97.59
4987.15 97.59
4989.15 96.14
4991.15 96.14
4993.16 96.14
4995.16 96.14
4997.14 102.53
4999.15 102.53
5001.15 102.53
5003.15 102.53
5005.15 102.53
5007.16 102.53
5009.16 102.53
5011.15 102.53
5013.14 102.53
5015.15 102.53
5017.15 102.53
5019.15 102.53
5021.16 102.53
5023.16 102.53
5025.16 102.53
5027.15 102.53
5029.15 102.53
5031.15 102.53
5033.14 102.53
5035.16 102.53
5037.16 102.53
5039.16 102.53
5041.15 102.53
5043.15 102.53
5045.15 102.53
5047.15 102.53
5049.14 102.53
5051.16 102.53
5053.16 102.53
5055.15 102.53
5057.15 102.53
5059.15 102.53
5061.5 102.53
5063.15 102.53
5065.41 102.53
5067.16 102.53
5069.16 102.53
5071.4 102.53
5073.4 102.53
5075.4 102.53
5077.24 103.58
5079.41 104.66
5081.41 106.06
5083.41 96.94
5085.4 106.98
5087.4 110.51
5089.4 108.6
5091.41 110.43
5093.41 112.86
5095.41 106.95
5097.4 106.95
5099.4 108.43
5101.24 113.59
5103.4 111.9
5105.41 111.9
5107.41 111.9
5109.41 111.9
5111.41 111.9
5113.4 111.9
5115.4 111.9
5117.41 111.9
5119.4 106.27
5121.41 111.5
5123.41 102.09
5125.25 97.47
5127.4 97.47
5129.4 97.47
5131.4 97.47
5133.41 97.47
5135.41 97.47
5137.41 103.07
5139.41 103.07
5141.4 103.07
5143.4 103.07
5145.4 103.07
5147.41 103.07
5149.26 103.07
5151.41 103.07
5153.41 103.07
5155.4 103.07
5157.4 103.07
5159.4 103.07
5161.4 103.07
5163.41 103.07
5165.41 103.07
5167.41 103.07
5169.4 103.07
5171.4 103.07
5173.4 103.07
5175.41 103.07
5177.41 103.07
5179.41 103.07
5181.41 103.07
5183.4 103.07
5185.4 103.07
5187.4 103.07
5189.41 103.07
5191.41 103.07
5193.41 103.07
5195.41 103.07
5197.42 103.07
5199.4 103.07
5201.4 103.07
5203.41 103.07
5205.41 103.07
5207.41 103.07
5209.41 103.07
5211.41 103.07
5213.4 103.07
5215.4 103.07
5217.41 103.07
5219.41 103.07
5221.41 103.07
5223.42 103.07
5225.42 103.07
5227.4 103.07
5229.41 103.07
5231.41 106.79
5233.41 102.78
5235.41 104.6
5237.42 104.6
5239.42 104.6
5241.4 104.6
5243.41 104.6
5245.41 104.6
5247.41 104.6
5249.41 104.6
5251.41 104.6
5253.42 104.6
5255.4 104.6
5257.4 104.6
5259.41 104.6
5261.41 104.6
5263.41 110.76
5265.41 101.66
5267.42 108.26
5269.4 108.26
5271.4 108.26
5273.41 108.26
5275.41 108.26
5277.41 108.26
5279.41 108.26
5281.42 108.26
5283.41 108.26
5285.4 108.26
5287.41 108.26
5289.41 108.26
5291.41 108.26
5293.41 108.26
5295.42 108.26
5297.41 108.26
5299.4 108.26
5301.41 108.26
5303.41 108.26
5305.41 108.26
5307.41 108.26
5309.42 108.26
5311.42 108.26
5313.65 108.26
5315.66 108.26
5317.66 108.26
5319.66 108.26
5321.66 108.26
5323.67 108.26
5325.66 108.26
5327.65 108.26
5329.66 108.26
5331.5 108.26
5333.66 108.26
5335.66 108.26
5337.67 108.26
5339.67 108.26
5341.67 108.26
5343.66 108.26
5345.66 108.26
5347.66 108.26
5349.67 108.26
5351.67 108.26
5353.67 108.26
5355.51 108.26
5357.66 108.26
5359.66 108.26
5361.66 108.26
5363.66 108.26
5365.66 108.26
5367.66 108.26
5369.67 108.26
5371.66 108.26
5373.66 108.26
5375.66 108.26
5377.66 108.26
5379.51 108.26
5381.67 108.26
5383.67 108.26
5385.66 108.26
5387.66 108.26
5389.66 108.26
5391.66 108.26
5393.67 108.26
5395.67 108.26
5397.66 108.26
5399.66 108.26
5401.66 108.26
5403.66 108.26
5405.66 108.26
5407.67 108.26
5409.67 108.26
5411.66 108.26
5413.66 108.26
5415.66 108.26
5417.66 108.26
5419.66 108.26
5421.67 108.26
5423.67 108.26
5425.66 108.26
5427.66 108.26
5429.66 108.26
5431.66 108.26
5433.66 108.26
5435.67 108.26
5437.67 108.26
5439.66 108.26
5441.66 108.26
5443.66 108.26
5445.66 108.26
5447.66 108.26
5449.67 108.26
5451.67 108.26
5453.67 108.26
5455.67 108.26
5457.66 108.26
5459.66 108.26
5461.66 108.26
5463.67 108.26
5465.67 108.26
5467.67 108.26
5469.67 108.26
5471.66 108.26
5473.66 108.26
5475.66 108.26
5477.67 108.26
5479.67 108.26
5481.67 108.26
5483.67 108.26
5485.66 108.26
5487.66 108.26
5489.66 108.26
5491.66 108.26
5493.67 108.26
5495.67 108.26
5497.67 108.26
5499.66 108.26
5501.66 108.26
5503.66 108.26
5505.66 108.26
5507.67 108.26
5509.67 108.26
5511.67 108.26
5513.67 108.26
5515.66 108.26
5517.66 108.26
5519.66 108.26
5521.67 108.26
5523.67 108.26
5525.67 108.26
5527.67 108.26
5529.66 108.26
5531.66 108.26
5533.66 108.26
5535.67 108.26
5537.67 108.26
5539.66 108.26
5541.68 108.26
5543.66 108.26
5545.66 108.26
5547.66 108.26
5549.67 108.26
5551.67 108.26
5553.67 108.26
5555.67 108.26
5557.66 108.26
5559.66 108.26
5561.67 108.26
5563.67 108.26
5565.67 108.26
5567.67 108.26
5569.68 0.06
5572.62 4.7
5573.91 8.96
5575.92 11.62
5577.92 16.63
5579.92 18.9
5581.92 19.69
5583.93 22.99
5585.91 23.88
5587.92 29.43
5589.92 33.63
5591.92 36.51
5593.92 40.19
5595.92 45.7
5597.93 51.76
5599.93 52.96
5601.91 55.52
5603.92 62.6
5605.92 66.28
5607.92 66.28
5609.92 66.28
5611.93 66.28
5613.93 66.28
5615.91 66.28
5617.92 66.28
5619.92 67.75
5621.92 69.05
5623.92 69.05
5625.92 69.05
5627.93 69.05
5629.91 69.05
5631.92 66.4
5633.92 66.4
5635.92 66.4
5637.92 66.4
5639.93 70.25
5641.93 70.25
5643.91 70.25
5645.92 70.25
5647.92 70.25
5649.92 70.25
5651.92 70.25
5653.93 70.25
5655.93 70.25
5657.91 70.25
5659.92 70.96
5661.92 70.96
5663.92 70.96
5665.92 70.96
5667.92 70.96
5669.93 70.96
5671.91 70.96
5673.92 70.96
5675.92 70.96
5677.92 70.96
5679.92 70.96
5681.93 70.96
5683.93 70.96
5685.93 70.96
5687.92 70.96
5689.92 70.96
5691.92 70.96
5693.92 70.96
5695.92 70.96
5697.93 67.85
5699.92 67.85
5701.92 68.99
5703.92 70.46
5705.92 70.46
5707.92 61.22
5709.93 61.22
5711.93 61.22
5713.93 61.22
5715.92 61.22
5717.92 61.22
5719.92 61.22
5721.92 61.22
5723.93 61.22
5725.93 61.22
5727.93 61.22
5729.92 61.22
5731.92 61.22
5733.92 61.22
5735.92 61.22
5737.93 61.22
5739.93 61.22
5741.93 67.48
5743.92 67.48
5745.92 67.48
5747.92 67.48
5749.92 67.48
5751.93 67.48
5753.93 67.48
5755.93 69.86
5757.92 71.91
5759.92 72.15
5761.92 72.15
5763.92 72.15
5765.92 72.15
5767.93 72.15
5769.92 74.36
5771.93 74.36
5773.92 74.36
5775.92 74.36
5777.92 74.36
5779.93 74.36
5781.93 74.36
5783.92 74.36
5785.93 74.36
5787.92 74.36
5789.92 74.36
5791.92 74.36
5793.93 74.36
5795.92 74.36
5797.93 74.36
5799.93 74.36
5801.92 74.36
5803.92 74.36
5805.92 73.92
5807.93 73.92
5809.93 73.92
5811.93 73.92
5813.93 73.92
5815.92 73.92
5818.17 73.92
5820.18 73.92
5821.93 73.92
5823.93 73.92
5825.93 73.92
5827.93 73.92
5830.17 73.92
5832.17 73.92
5834.17 73.92
5836.18 73.92
5838.18 73.92
5840.18 73.92
5842.18 73.92
5844.17 73.92
5846.17 73.92
5848.17 73.92
5850.02 73.92
5852.18 73.92
5854.18 73.92
5856.18 73.92
5858.19 73.92
5860.17 73.92
5862.17 73.92
5864.18 73.92
5866.18 73.92
5868.18 73.92
5870.18 73.92
5872.19 73.92
5874.01 73.92
5876.17 73.92
5878.18 73.92
5880.18 73.92
5882.18 73.92
5884.18 73.92
5886.18 73.92
5888.17 73.92
5890.29 73.92
5892.18 73.92
5894.18 73.92
5896.17 73.92
5898.02 73.92
5900.18 73.92
5902.17 73.92
5904.17 73.92
5906.18 73.92
5908.18 73.92
5910.18 73.92
5912.18 73.92
5914.19 73.92
5916.17 73.92
5918.17 73.92
5920.18 73.92
5922.18 73.92
5924.17 73.92
5926.18 73.92
5928.19 73.92
5930.17 73.92
5932.17 73.92
5934.17 73.92
5936.18 73.92
5938.17 73.92
5940.18 73.92
5942.19 73.92
5944.19 73.92
5946.17 73.92
5948.18 73.92
5950.18 73.92
5952.18 73.92
5954.18 73.92
5956.18 73.92
5958.17 73.92
5960.17 73.92
5962.18 77.68
5964.18 76.65
5966.18 76.92
5968.18 76.2
5970.19 74.1
5972.19 81.75
5974.17 75.17
5976.18 80.18
5978.18 80.18
5980.18 80.18
5982.18 80.18
5984.18 80.18
5986.19 80.18
5988.17 80.18
5990.18 80.18
5992.18 80.18
5994.18 80.18
5996.18 80.18
5998.18 80.18
6000.19 80.18
6002.17 80.18
6004.17 80.18
6006.18 80.18
6008.18 80.18
6010.18 80.18
6012.19 78.34
6014.19 78.34
6016.19 78.34
6018.17 78.34
6020.18 78.34
6022.18 78.34
6024.18 76.41
6026.18 76.69
6028.19 77.33
6030.17 77.33
6032.17 77.33
6034.18 77.33
6036.18 79.08
6038.18 71.61
6040.18 71.61
6042.19 71.61
6044.19 71.61
6046.17 71.61
6048.18 71.61
6050.18 71.61
6052.18 71.61
6054.19 80.24
6056.19 80.24
6058.19 80.24
6060.18 80.21
6062.18 80.21
6064.18 80.21
6066.18 80.93
6068.19 80.93
6070.19 80.93
6072.19 91.33
6074.43 91.08
6076.43 91.08
6078.43 91.93
6080.43 91.93
6082.43 90.79
6084.44 87.93
6086.44 87.93
6088.43 101.18
6090.43 102.23
6092.43 102.23
6094.43 82.21
6096.44 102.22
6098.44 101.51
6100.44 99.12
6102.43 99.12
6104.43 0.37
6106.43 48.56
6108.43 107.47
6110.44 92.39
6112.44 99.56
6114.44 99.56
6116.44 99.56
6118.43 99.56
6120.43 105.76
6122.43 106.84
6124.44 107.89
6126.44 91.02
6128.44 91.02
6130.44 112.66
6132.43 112.66
6134.43 112.66
6136.43 111.05
6138.44 111.05
6140.44 111.05
6142.44 111.05
6144.44 111.05
6146.43 111.05
6148.43 111.05
6150.43 111.05
6152.44 111.05
6154.44 111.05
6156.44 111.05
6158.44 111.05
6160.43 111.05
6162.43 111.05
6164.43 111.05
6166.44 111.05
6168.44 111.05
6170.44 111.05
6172.44 111.05
6174.43 111.05
6176.43 111.05
6178.43 111.05
6180.43 111.05
6182.44 111.05
6184.45 111.05
6186.44 111.05
6188.43 111.05
6190.43 111.05
6192.43 111.05
6194.44 111.05
6196.44 111.05
6198.44 111.05
6200.44 111.05
6202.45 111.05
6204.43 111.05
6206.43 111.05
6208.44 111.05
6210.44 111.05
6212.44 111.05
6214.44 111.05
6216.44 111.05
6218.43 111.05
6220.43 111.05
6222.44 111.05
6224.44 111.05
6226.44 111.05
6228.44 111.05
6230.44 111.05
6232.43 111.05
6234.43 111.05
6236.44 111.05
6238.44 111.05
6240.44 111.05
6242.44 111.05
6244.44 111.05
6246.43 111.05
6248.43 111.05
6250.44 111.05
6252.44 111.05
6254.44 111.05
6256.44 111.05
6258.44 111.05
6260.43 111.05
6262.43 111.05
6264.44 111.05
6266.44 111.05
6268.44 111.05
6270.44 111.05
6272.45 111.05
6274.43 111.05
6276.43 111.05
6278.44 111.05
6280.44 111.05
6282.44 111.05
6284.44 111.05
6286.45 111.05
6288.44 111.05
6290.43 111.05
6292.43 111.05
6294.44 111.05
6296.44 111.05
6298.44 111.05
6300.45 111.05
6302.45 111.05
6304.43 111.05
6306.44 111.05
6308.44 111.05
6310.44 111.05
6312.44 111.05
6314.45 111.05
6316.45 111.05
6318.43 111.05
6320.44 111.05
6322.44 111.05
6324.44 111.05
6326.44 111.05
6328.44 111.05
6330.45 111.05
6332.68 111.05
6334.69 111.05
6336.76 111.05
6338.69 111.05
6340.69 111.05
6342.7 111.05
6344.54 111.05
6346.68 111.05
6348.68 111.05
6350.69 111.05
6352.69 111.05
6354.69 111.05
6356.7 111.05
6358.7 111.05
6360.7 111.05
6362.68 111.05
6364.69 111.05
6366.69 111.05
6368.53 111.05
6370.7 111.05
6372.7 111.05
6374.7 111.05
6376.69 111.05
6378.69 111.05
6380.69 111.05
6382.69 111.05
6384.7 111.05
6386.7 111.05
6388.69 111.05
6390.69 111.05
6392.53 111.05
6394.69 111.05
6396.69 111.05
6398.69 111.05
6400.7 111.33
6402.69 7.41
6404.69 44.74
6406.69 44.74
6408.69 61.08
6410.69 61.08
6412.69 61.08
6414.7 61.08
6416.69 61.08
6418.7 61.08
6420.69 61.08
6422.69 61.08
6424.69 61.08
6426.69 61.08
6428.7 61.08
6430.7 61.08
6432.7 84.47
6434.69 84.47
6436.69 84.47
6438.69 84.47
6440.7 84.47
6442.7 84.47
6444.69 84.47
6446.7 1.21
6448.69 6.55
6450.69 12.01
6452.69 12.5
6454.69 14.23
6456.7 16.22
6458.69 17.97
6460.69 22.88
6462.69 27.45
6464.69 30.3
6466.69 33.83
6468.7 36.89
6470.7 39.2
6472.7 41.29
6474.7 41.29
6476.69 38.27
6478.69 41.89
6480.69 45.96
6482.69 46.24
6484.71 47.83
6486.7 49.45
6488.69 49.45
6490.69 49.45
6492.69 49.45
6494.69 52.55
6496.69 54.34
6498.7 58.32
6500.7 58.32
6502.71 58.32
6504.69 58.32
6506.69 58.32
6508.69 58.32
6510.69 58.32
6512.7 58.32
6514.7 56.98
6516.69 60.95
6518.7 60.95
6520.69 60.95
6522.69 60.95
6524.69 60.95
6526.7 60.95
6528.7 61.74
6530.7 61.74
6532.71 61.74
6534.69 63.11
6536.69 62.01
6538.69 63.97
6540.7 64.07
6542.7 61.25
6544.7 64.39
6546.71 61.84
6548.69 65.69
6550.69 65.69
6552.7 65.69
6554.7 65.69
6556.7 65.69
6558.7 65.69
6560.71 65.69
6562.69 65.69
6564.69 65.69
6566.7 65.69
6568.7 65.69
6570.7 65.69
6572.7 65.69
6574.7 65.69
6576.94 65.98
6578.94 65.98
6580.95 65.98
6582.95 66.53
6584.95 66.53
6586.95 66.53
6588.96 66.53
6590.95 66.53
6592.94 66.53
6594.95 66.53
6596.95 66.53
6598.79 66.53
6600.95 66.53
6602.96 66.53
6604.95 66.53
6606.94 67.8
6608.94 68.41
6610.95 67.87
6612.95 68.75
6614.95 68.75
6616.96 68.75
6618.96 68.75
6620.94 68.75
6622.78 68.75
6624.95 68.75
6626.95 68.75
6628.95 68.75
6630.96 68.75
6632.96 68.75
6634.94 68.75
6636.95 68.75
6638.95 69.99
6640.95 69.99
6642.95 69.99
6644.96 69.99
6646.8 69.99
6648.94 69.99
6650.95 69.99
6652.95 69.99
6654.95 68.85
6656.95 68.85
6658.95 60.39
6660.96 60.39
6662.94 60.39
6664.95 60.39
6666.95 71.28
6668.95 71.28
6670.79 71.28
6672.95 71.28
6674.95 71.28
6676.96 71.28
6678.95 71.28
6680.95 71.28
6682.95 70.89
6684.95 70.89
6686.95 70.6
6688.96 70.6
6690.94 70.6
6692.95 75.11
6694.95 75.11
6696.95 75.11
6698.95 75.11
6700.96 75.11
6702.96 75.11
6704.96 75.11
6706.95 75.11
6708.95 75.11
6710.95 75.11
6712.95 75.11
6714.96 75.11
6716.96 75.11
6718.96 79.61
6720.95 79.61
6722.95 69.59
6724.95 75.2
6726.95 75.2
6728.96 79.72
6730.96 82.42
6732.96 82.42
6734.95 82.42
6736.95 81.32
6738.95 73.9
6740.95 73.9
6742.96 88.06
6744.96 95.13
6746.96 94.23
6748.95 94.23
6750.95 94.23
6752.95 94.23
6754.95 94.23
6756.96 89.68
6758.95 89.68
6760.95 89.68
6762.95 89.68
6764.95 89.68
6766.95 95.55
6768.95 95.55
6770.95 95.55
6772.95 100.53
6774.96 100.53
6776.96 100.53
6778.95 100.53
6780.95 100.53
6782.95 100.53
6784.95 100.53
6786.95 100.53
6788.96 100.53
6790.95 100.53
6792.95 100.53
6794.95 100.53
6796.95 100.53
6798.95 100.53
6800.95 100.53
6802.96 100.53
6804.96 100.53
6806.95 100.53
6808.95 100.53
6810.95 100.53
6812.95 100.53
6814.96 100.53
6816.96 100.53
6818.96 100.53
6820.95 100.53
6822.95 100.53
6824.96 100.53
6826.96 100.53
6828.96 100.53
6830.96 100.53
6832.96 100.53
6835.2 100.53
6837.2 100.53
6839.2 100.53
6841.2 100.53
6843.21 100.53
6845.21 100.53
6847.21 100.53
6849.22 100.53
6851.2 100.53
6853.2 100.53
6855.2 100.53
6857.21 100.53
6859.2 100.53
6861.21 100.53
6863.22 100.53
6865.2 100.53
6867.2 100.53
6869.21 100.53
6871.21 100.53
6873.21 100.53
6875.21 100.53
6877.21 100.53
6879.2 100.53
6881.2 100.53
6883.21 100.53
6885.21 100.53
6887.2 100.53
6889.21 100.53
6891.22 100.53
6893.2 100.53
6895.2 100.53
6897.21 100.53
6899.21 100.53
6901.21 100.53
6903.21 100.53
6905.21 100.53
6907.2 100.53
6909.2 100.53
6911.21 100.53
6913.21 100.53
6915.2 100.53
6917.21 99.96
6919.21 99.31
6921.2 99.31
6923.2 99.31
6925.2 99.31
6927.21 99.31
6929.21 99.31
6931.21 99.31
6933.21 99.31
6935.22 99.31
6937.2 99.31
6939.2 99.31
6941.21 99.31
6943.21 99.31
6945.2 100.03
6947.22 97.85
6949.2 97.95
6951.2 100.76
6953.2 94.74
6955.21 94.74
6957.21 94.74
6959.21 94.74
6961.22 94.74
6963.22 94.74
6965.2 94.74
6967.21 94.74
6969.21 94.74
6971.21 94.74
6973.21 101.0
6975.21 102.02
6977.22 102.02
6979.2 102.02
6981.2 102.02
6983.21 99.66
6985.21 105.67
6987.21 105.67
6989.21 105.67
6991.22 105.67
6993.2 105.67
6995.21 105.67
6997.21 105.67
6999.21 105.67
7001.2 105.67
7003.21 105.67
7005.2 105.67
7007.2 105.67
7009.2 105.67
7011.21 105.67
7013.21 105.67
7015.21 105.67
7017.21 105.67
7019.22 105.67
7021.22 89.62
7023.2 91.79
7025.21 90.73
7027.21 90.73
7029.21 87.89
7031.21 87.94
7033.22 87.94
7035.22 87.94
7037.2 87.94
7039.21 87.94
7041.21 87.94
7043.21 87.94
7045.22 87.94
7047.22 87.94
7049.22 87.94
7051.2 87.94
7053.21 87.94
7055.21 87.94
7057.21 87.94
7059.21 87.94
7061.22 87.94
7063.22 87.94
7065.2 87.94
7067.21 87.94
7069.21 87.94
7071.21 87.94
7073.21 87.94
7075.22 87.94
7077.22 87.94
7079.46 87.94
7081.46 87.94
7083.46 87.94
7085.21 87.94
7087.22 87.94
7089.47 87.94
7091.22 87.94
7093.22 87.94
7095.46 87.94
7097.46 87.94
7099.46 87.94
7101.46 87.94
7103.47 87.94
7105.47 87.94
7107.47 87.94
7109.52 87.94
7111.46 87.94
7113.46 87.94
7115.47 87.94
7117.31 87.94
7119.47 87.94
7121.47 87.94
7123.46 87.94
7125.46 87.94
7127.46 87.94
7129.47 87.94
7131.46 87.94
7133.47 87.94
7135.47 87.94
7137.46 87.94
7139.46 87.94
7141.3 87.94
7143.46 87.94
7145.47 87.94
7147.47 87.94
7149.47 90.69
7151.46 90.69
7153.46 90.69
7155.46 90.69
7157.47 90.69
7159.47 90.69
7161.47 90.69
7163.47 83.97
7165.3 91.24
7167.46 91.24
7169.46 91.24
7171.46 91.24
7173.47 91.24
7175.47 91.24
7177.47 91.24
7179.47 91.24
7181.46 91.24
7183.46 91.24
7185.47 91.24
7187.47 91.24
7189.47 91.24
7191.47 91.24
7193.47 91.24
7195.46 91.24
7197.46 91.24
7199.46 91.24
7201.47 91.24
7203.47 91.24
7205.47 91.24
7207.48 90.08
7209.46 90.08
7211.46 90.08
7213.46 90.08
7215.47 90.08
7217.47 90.08
7219.47 90.08
7221.47 90.08
7223.46 90.08
7225.46 90.08
7227.47 90.08
7229.47 90.08
7231.47 90.08
7233.47 90.08
7235.47 90.08
7237.46 90.08
7239.46 90.08
7241.46 90.08
7243.47 90.08
7245.47 90.08
7247.47 90.08
7249.47 90.08
7251.46 90.08
7253.46 90.08
7255.46 90.08
7257.47 90.08
7259.47 90.08
7261.47 90.08
7263.47 90.08
7265.46 90.08
7267.46 90.08
7269.47 90.08
7271.47 90.08
7273.47 90.08
7275.47 90.08
7277.47 90.08
7279.46 90.08
7281.46 90.08
7283.46 90.08
7285.47 90.08
7287.47 90.08
7289.47 90.08
7291.47 90.08
7293.48 90.08
7295.46 90.08
7297.46 90.08
7299.47 90.08
7301.47 90.08
7303.47 90.08
7305.47 90.08
7307.48 90.08
7309.46 90.08
7311.46 90.08
7313.47 90.08
7315.47 90.08
7317.47 90.08
7319.48 90.08
7321.48 90.08
7323.46 90.08
7325.46 90.08
7327.47 90.08
7329.47 90.08
7331.47 90.08
7333.47 90.08
7335.48 90.08
7337.48 90.08
7339.72 90.08
7341.72 90.08
7343.72 90.08
7345.72 90.08
7347.56 90.08
7349.73 90.08
7351.71 90.08
7353.71 90.08
7355.72 90.08
7357.72 90.08
7359.72 90.08
7361.73 90.08
7363.73 90.08
7365.73 90.08
7367.71 90.08
7369.72 90.08
7371.56 90.08
7373.72 90.08
7375.73 90.08
7377.73 90.08
7379.72 90.08
7381.71 90.08
7383.72 90.08
7385.72 90.08
7387.72 90.08
7389.73 90.08
7391.73 90.08
7393.72 90.08
7395.55 90.08
7397.72 90.08
7399.72 90.08
7401.72 90.08
7403.73 90.08
7405.73 90.08
7407.72 90.08
7409.72 90.08
7411.72 90.08
7413.72 90.08
7415.72 90.08
7417.73 90.08
7419.57 90.08
7421.73 90.08
7423.79 90.08
7425.72 90.08
7427.72 90.08
7429.72 90.08
7431.73 91.59
7433.73 91.59
7435.73 91.59
7437.73 91.59
7439.72 91.59
7441.72 91.59
7443.72 91.59
7445.73 91.59
7447.73 91.59
7449.73 91.59
7451.73 91.59
7453.72 91.59
7455.72 99.33
7457.72 77.63
7459.72 90.98
7461.73 90.98
7463.73 97.47
7465.73 96.77
7467.72 96.77
7469.72 96.77
7471.72 96.77
7473.72 96.77
7475.73 97.98
7477.73 98.15
7479.73 95.67
7481.72 97.48
7483.72 93.76
7485.72 93.76
7487.72 89.28
7489.73 89.28
7491.73 89.28
7493.72 89.28
7495.72 92.59
7497.72 91.18
7499.72 89.53
7501.72 89.53
7503.73 89.53
7505.73 89.53
7507.72 89.53
7509.73 89.53
7511.72 89.53
7513.72 89.53
7515.72 89.53
7517.73 89.53
7519.73 89.53
7521.72 89.53
7523.73 89.53
7525.72 89.53
7527.72 89.53
7529.72 89.53
7531.73 89.53
7533.73 89.53
7535.72 89.53
7537.73 89.53
7539.72 89.53
7541.72 89.53
7543.72 89.53
7545.73 89.53
7547.73 89.53
7549.73 89.53
7551.73 89.53
7553.72 89.53
7555.72 89.53
7557.73 89.53
7559.73 89.53
7561.73 89.53
7563.73 89.53
7565.73 89.53
7567.72 89.53
7569.72 89.53
7571.73 89.53
7573.73 89.53
7575.73 89.53
7577.73 89.53
7579.73 89.53
7581.74 89.53
7583.72 89.53
7585.73 89.53
7587.73 89.53
7589.73 89.53
7591.73 89.53
7593.73 89.53
7595.97 89.53
7597.97 89.53
7599.97 89.53
7601.98 89.53
7603.98 89.53
7605.98 89.53
7607.99 89.53
7609.99 89.53
7611.97 89.53
7613.98 89.53
7615.98 89.53
7617.98 89.53
7619.98 89.53
7621.99 89.53
7623.99 89.53
7625.97 89.53
7627.98 89.53
7629.98 98.16
7631.98 94.07
7633.98 99.97
7635.98 96.62
7637.99 40.81
7639.97 97.61
7641.98 97.61
7643.98 97.61
7645.98 97.61
7647.98 97.61
7649.98 97.61
7651.99 100.81
7653.97 99.11
7655.98 104.79
7657.98 103.8
7659.99 97.1
7661.98 103.19
7663.98 102.03
7665.99 109.17
7667.97 109.17
7669.97 109.21
7671.98 110.09
7673.98 92.49
7675.99 110.38
7677.99 107.62
7679.98 111.45
7681.97 102.55
7683.97 114.15
7685.98 114.15
7687.98 102.16
7689.98 102.16
7691.98 102.16
7693.99 108.81
7695.99 108.81
7697.98 108.81
7699.98 108.81
7701.98 108.81
7703.98 108.81
7705.98 108.81
7707.99 108.81
7709.99 108.81
7711.98 108.81
7713.98 108.81
7715.98 108.81
7717.98 108.81
7719.98 108.81
7721.99 108.81
7723.99 108.81
7725.98 108.81
7727.98 108.81
7729.98 108.81
7731.98 112.22
7733.98 112.22
7735.97 112.22
7737.99 112.22
7739.97 112.22
7741.98 112.22
7743.98 112.22
7745.98 112.22
7747.99 112.22
7749.99 112.22
7751.99 112.22
7753.97 112.22
7755.98 112.22
7757.98 112.22
7759.98 112.22
7761.98 112.22
7763.98 112.22
7766.02 112.22
7767.97 112.22
7769.98 112.22
7771.98 112.22
7773.98 112.22
7775.98 112.22
7777.98 112.22
7779.99 112.22
7781.99 112.22
7783.98 112.22
7785.98 112.22
7787.98 112.22
7789.98 112.22
7791.98 112.22
7793.99 112.22
7795.99 112.22
7797.98 112.22
7799.98 112.22
7801.98 112.22
7803.98 112.22
7805.99 112.22
7807.99 112.22
7809.99 112.22
7811.98 112.22
7813.98 112.22
7815.98 112.22
7817.98 112.22
7819.99 112.22
7821.99 112.22
7823.99 112.22
7825.98 112.22
7827.98 112.22
7829.98 112.22
7831.98 112.22
7833.99 112.22
7835.98 112.22
7837.99 112.22
7839.99 112.22
7842.07 112.22
7844.23 104.35
7846.24 104.35
7848.24 104.35
7850.24 104.35
7852.24 104.35
7854.23 104.35
7856.23 104.35
7858.23 104.35
7860.23 104.35
7862.24 104.35
7864.24 104.35
7866.08 104.35
7868.24 104.35
7870.23 104.35
7872.23 104.35
7874.23 104.35
7876.24 104.35
7878.23 104.35
7880.23 104.35
7882.25 104.35
7884.23 104.35
7886.23 104.35
7888.23 104.35
7890.08 104.35
7892.23 104.35
7894.24 104.35
7896.24 104.35
7898.23 104.35
7900.23 104.35
7902.24 104.35
7904.24 105.24
7906.24 101.56
7908.24 89.28
7910.24 89.28
7912.23 89.28
7914.07 89.28
7916.24 89.28
7918.24 89.28
7920.24 89.28
7922.24 89.28
7924.24 89.28
7926.23 89.28
7928.23 89.28
7930.24 89.28
7932.24 89.28
7934.23 89.28
7936.24 89.28
7938.08 89.28
7940.25 89.28
7942.23 89.28
7944.23 89.28
7946.24 89.28
7948.24 89.28
7950.24 89.28
7952.24 89.28
7954.25 89.28
7956.23 89.28
7958.23 89.28
7960.24 89.28
7962.24 89.28
7964.24 89.28
7966.24 89.28
7968.25 89.28
7970.23 89.28
7972.23 89.28
7974.24 89.28
7976.24 89.28
7978.24 89.28
7980.24 89.28
7982.25 89.28
7984.23 89.28
7986.23 89.28
7988.24 89.28
7990.24 89.28
7992.24 89.28
7994.23 89.28
7996.25 89.28
7998.23 89.28
8000.23 89.28
8002.24 89.28
8004.24 89.28
8006.23 89.28
8008.24 89.28
8010.25 89.28
8012.23 89.28
8014.23 89.28
8016.24 89.28
8018.24 89.28
8020.24 89.28
8022.24 89.28
8024.25 89.28
8026.25 89.28
8028.23 89.28
8030.24 89.28
8032.24 89.28
8034.24 89.28
8036.24 89.28
8038.25 89.28
8040.25 89.28
8042.24 89.28
8044.23 89.28
8046.24 89.28
8048.23 89.28
8050.24 89.28
8052.25 89.28
8054.25 89.28
8056.23 89.28
8058.24 89.28
8060.24 89.28
8062.24 89.28
8064.25 89.28
8066.25 89.28
8068.25 89.28
8070.23 89.28
8072.24 89.28
8074.24 89.28
8076.24 89.28
8078.23 89.28
8080.24 89.28
8082.25 89.28
8084.23 89.28
8086.24 89.28
8088.24 89.28
8090.24 89.28
8092.25 89.28
8094.24 89.28
8096.25 89.28
8098.25 89.28
8100.49 89.28
8102.49 89.28
8104.49 89.28
8106.49 89.28
8108.5 89.28
8110.5 89.28
8112.5 89.28
8114.49 89.28
8116.49 89.28
8118.49 89.28
8120.33 89.28
8122.5 89.28
8124.5 89.28
8126.5 89.28
8128.49 89.28
8130.49 89.28
8132.49 89.28
8134.49 89.28
8136.5 89.28
8138.5 89.28
8140.5 89.28
8142.49 89.28
8144.33 89.28
8146.49 89.28
8148.49 89.28
8150.5 89.28
8152.5 89.28
8154.5 89.28
8156.49 89.28
8158.49 89.28
8160.49 89.28
8162.5 89.28
8164.5 89.28
8166.5 89.28
8168.34 89.28
8170.5 89.28
8172.49 104.13
8174.49 87.08
8176.49 104.2
8178.5 98.29
8180.5 98.29
8182.5 98.29
8184.49 102.34
8186.49 102.82
8188.49 101.8
8190.49 101.8
8192.5 101.8
8194.5 101.8
8196.5 101.8
8198.5 101.8
8200.49 101.8
8202.49 101.8
8204.49 101.8
8206.5 101.8
8208.5 101.8
8210.5 101.8
8212.5 101.8
8214.49 101.8
8216.49 101.8
8218.49 101.8
8220.5 101.8
8222.5 101.8
8224.5 101.8
8226.51 101.8
8228.49 101.8
8230.49 101.8
8232.49 101.8
8234.5 101.8
8236.5 101.8
8238.5 101.8
8240.5 101.8
8242.49 101.8
8244.49 101.8
8246.49 101.8
8248.63 101.8
8250.5 0.09
8254.28 12.02
8254.79 17.04
8256.49 18.63
8258.49 24.34
8260.49 31.99
8262.5 36.89
8264.5 41.72
8266.5 46.38
8268.5 47.95
8270.49 50.86
8272.49 49.33
8274.5 49.33
8276.5 49.33
8278.5 49.33
8280.5 49.33
8282.5 49.33
8284.51 49.33
8286.49 49.33
8288.5 49.33
8290.5 49.33
8292.5 49.33
8294.5 49.33
8296.5 49.33
8298.51 49.33
8300.49 49.33
8302.49 49.33
8304.5 49.33
8306.5 49.33
8308.5 49.33
8310.5 49.33
8312.51 49.33
8314.49 49.33
8316.49 49.33
8318.5 49.33
8320.5 49.33
8322.5 49.33
8324.5 49.33
8326.51 49.33
8328.49 49.33
8330.49 59.74
8332.5 63.68
8334.5 63.78
8336.5 66.82
8338.5 72.85
8340.51 74.98
8342.49 80.11
8344.75 80.94
8346.5 82.47
8348.5 86.66
8350.75 85.93
8352.5 81.35
8354.51 81.35
8356.75 81.35
8358.75 81.35
8360.75 81.35
8362.75 81.35
8364.75 81.35
8366.75 81.35
8368.76 81.35
8370.74 81.35
8372.74 81.35
8374.75 81.35
8376.75 81.35
8378.75 81.35
8380.76 81.35
8382.76 81.35
8384.75 81.35
8386.74 81.35
8388.75 81.35
8390.75 81.35
8392.75 85.9
8394.76 90.63
8396.76 90.63
8398.75 90.63
8400.74 90.63
8402.75 90.63
8404.75 90.63
8406.75 90.63
8408.75 90.63
8410.76 90.63
8412.76 90.63
8414.75 90.63
8416.75 90.63
8418.75 90.63
8420.75 90.63
8422.76 89.29
8424.76 90.65
8426.76 91.77
8428.74 93.62
8430.75 92.74
8432.75 92.74
8434.76 92.74
8436.75 92.74
8438.76 92.74
8440.76 92.74
8442.75 92.74
8444.75 92.74
8446.75 92.74
8448.75 92.74
8450.75 92.74
8452.76 92.74
8454.76 92.74
8456.76 92.74
8458.75 92.74
8460.75 92.74
8462.75 92.74
8464.75 92.74
8466.76 92.74
8468.76 92.74
8470.75 92.74
8472.75 92.74
8474.75 92.74
8476.75 92.74
8478.75 92.74
8480.76 92.74
8482.77 92.74
8484.76 92.74
8486.75 92.74
8488.75 92.74
8490.75 92.74
8492.75 92.74
8494.76 92.74
8496.76 92.74
8498.76 92.74
8500.76 92.74
8502.75 92.74
8504.75 92.74
8506.75 92.74
8508.76 92.74
8510.76 92.74
8512.76 92.74
8514.76 92.74
8516.75 92.74
8518.75 92.74
8520.75 92.74
8522.76 92.74
8524.76 92.74
8526.76 92.74
8528.76 92.74
8530.75 92.74
8532.75 92.74
8534.76 92.74
8536.76 92.74
8538.76 92.74
8540.76 92.74
8542.77 92.74
8544.75 92.74
8546.78 92.74
8548.75 92.74
8550.76 92.74
8552.76 92.74
8554.77 92.74
8556.75 92.74
8558.75 92.74
8560.75 92.74
8562.75 92.74
8564.76 88.99
8566.76 88.99
8568.76 79.18
8570.77 97.4
8572.75 94.51
8574.75 94.51
8576.75 94.51
8578.76 99.61
8580.76 98.17
8582.76 105.06
8584.76 92.5
8586.75 106.01
8588.75 106.01
8590.75 106.01
8592.76 106.01
8594.76 102.29
8596.76 102.29
8598.76 105.95
8601.02 105.95
8603.0 105.95
8605.01 105.95
8607.01 6.45
8609.01 101.32
8611.13 82.16
8613.01 0.47
8614.86 42.36
8617.0 42.36
8619.0 42.7
8621.01 100.45
8623.0 100.45
8625.01 100.45
8627.01 100.45
8629.0 100.45
8631.0 100.45
8633.01 100.45
8635.01 100.45
8637.01 100.45
8638.85 100.45
8641.01 98.47
8643.02 98.47
8645.0 98.47
8647.0 98.47
8649.01 98.47
8651.01 98.47
8653.01 98.47
8655.01 98.47
8657.01 98.47
8659.0 98.47
8661.0 98.47
8662.85 98.47
8665.01 98.47
8667.01 98.47
8669.01 98.47
8671.02 98.47
8673.0 98.47
8675.0 98.47
8677.01 98.47
8679.01 98.47
8681.01 98.47
8683.01 98.47
8685.02 98.47
8686.86 98.47
8689.0 98.47
8691.01 98.47
8693.01 98.47
8695.01 98.47
8697.01 98.47
8699.02 98.47
8701.02 98.47
8703.01 98.47
8705.01 98.47
8707.01 98.47
8709.01 98.47
8711.02 98.47
8713.02 98.47
8715.02 98.47
8717.0 98.47
8719.01 98.47
8721.01 98.47
8723.01 98.47
8725.01 98.47
8727.02 98.47
8729.01 98.47
8731.01 98.47
8733.01 102.89
8735.01 94.0
8737.01 101.02
8739.01 94.63
8741.02 101.98
8743.0 101.64
8745.01 105.5
8747.01 106.32
8749.01 106.32
8751.01 7.21
8753.01 52.38
8755.02 106.31
8757.02 110.46
8759.01 110.46
8761.01 110.46
8763.01 110.46
8765.01 110.46
8767.01 110.46
8769.01 110.46
8771.02 110.46
8773.02 105.58
8775.01 7.13
8777.01 109.38
8779.01 105.04
8781.01 111.03
8783.01 107.37
8785.02 107.37
8787.02 107.37
8789.01 107.37
8791.01 107.37
8793.01 107.37
8795.01 107.37
8797.02 107.37
8799.01 107.37
8801.02 107.37
8803.01 107.37
8805.01 107.37
8807.01 107.37
8809.01 107.37
8811.02 107.37
8813.02 107.37
8815.02 107.37
8817.01 107.37
8819.01 107.37
8821.01 107.37
8823.02 107.37
8825.02 107.37
8827.02 107.37
8829.02 107.37
8831.01 107.37
8833.01 107.37
8835.01 107.37
8837.01 107.37
8839.02 107.37
8841.02 107.37
8843.02 107.37
8845.02 107.37
8847.01 107.37
8849.01 107.37
8851.01 107.37
8853.02 107.37
8855.27 107.37
8857.02 107.37
8859.02 107.37
8861.27 107.37
8863.26 107.37
8865.26 107.37
8867.27 107.37
8869.26 107.37
8871.26 107.37
8873.27 107.37
8875.26 107.37
8877.26 107.37
8879.26 107.37
8881.27 107.37
8883.26 107.37
8885.27 107.37
8887.27 107.37
8889.26 107.37
8891.26 107.37
8893.27 107.37
8895.27 107.37
8897.27 107.37
8899.26 107.37
8901.27 107.37
8903.26 107.37
8905.26 107.37
8907.26 107.37
8909.27 107.37
8911.27 107.37
8913.26 107.37
8915.27 107.37
8917.26 107.37
8919.26 107.37
8921.26 107.37
8923.27 107.37
8925.26 107.37
8927.27 107.37
8929.27 107.37
8931.26 107.37
8933.26 107.37
8935.26 107.37
8937.27 107.37
8939.27 107.37
8941.27 107.37
8943.27 107.37
8945.26 107.37
8947.26 107.37
8949.26 107.37
8951.27 107.37
8953.26 107.37
8955.27 107.37
8957.26 107.37
8959.28 107.37
8961.26 107.37
8963.26 107.37
8965.27 107.37
8967.27 107.37
8969.27 107.37
8971.26 107.37
8973.26 107.37
8975.26 107.37
8977.26 107.37
8979.27 107.37
8981.27 107.37
8983.27 107.37
8985.27 107.37
8987.27 107.37
8989.26 107.37
8991.26 107.37
8993.27 107.37
8995.27 107.37
8997.27 107.37
8999.27 107.37
9001.28 107.37
9003.26 107.37
9005.26 107.37
9007.27 107.37
9009.27 107.37
9011.26 107.37
9013.26 107.37
9015.28 107.37
9017.26 107.37
9019.26 107.37
9021.27 107.37
9023.27 107.37
9025.26 107.37
9027.27 107.37
9029.28 107.37
9031.28 107.37
9033.26 107.37
9035.27 107.37
9037.27 107.37
9039.27 107.37
9041.27 107.37
9043.28 107.37
9045.26 107.37
9047.26 107.37
9049.27 107.37
9051.27 107.37
9053.27 107.37
9055.27 107.37
9057.28 107.37
9059.28 107.37
9061.26 107.37
9063.27 107.37
9065.27 107.37
9067.27 107.37
9069.26 107.37
9071.27 107.37
9073.27 107.37
9075.26 107.37
9077.26 107.37
9079.27 107.37
9081.27 107.37
9083.27 107.37
9085.27 107.37
9087.28 107.37
9089.28 107.37
9091.27 107.37
9093.27 107.37
9095.27 107.37
9097.27 107.37
9099.28 107.37
9101.28 107.37
9103.53 107.37
9105.52 107.37
9107.52 107.37
9109.36 107.37
9111.52 107.37
9113.52 107.37
9115.53 107.37
9117.53 107.37
9119.52 107.37
9121.52 107.37
9123.52 107.37
9125.52 107.37
9127.53 107.37
9129.53 107.37
9131.53 107.37
9133.35 107.37
9135.52 107.37
9137.52 107.37
9139.52 107.37
9141.53 107.37
9143.53 107.37
9145.53 107.37
9147.52 107.37
9149.52 107.37
9151.52 107.37
9153.52 107.37
9155.52 107.37
9157.37 107.37
9159.53 107.37
9161.52 107.37
9163.52 107.37
9165.52 107.37
9167.52 107.37
9169.53 107.37
9171.53 107.37
9173.53 107.37
9175.53 107.37
9177.52 107.37
9179.52 107.37
9181.36 107.37
9183.53 107.37
9185.53 107.37
9187.53 107.37
9189.53 107.37
9191.52 107.37
9193.52 107.37
9195.52 107.37
9197.53 107.37
9199.53 107.37
9201.53 107.37
9203.53 107.37
9205.52 107.37
9207.53 107.37
9209.52 107.37
9211.53 107.37
9213.53 107.37
9215.53 107.37
9217.53 107.37
9219.52 107.37
9221.52 107.37
9223.52 107.37
9225.53 107.37
9227.53 107.37
9229.53 107.37
9231.53 107.37
9233.52 107.37
9235.52 107.37
9237.52 107.37
9239.53 107.37
9241.53 107.37
9243.53 107.37
9245.53 107.37
9247.52 107.37
9249.52 107.37
9251.53 107.37
9253.53 107.37
9255.53 107.37
9257.53 107.37
9259.53 107.37
9261.54 107.37
9263.52 107.37
9265.52 107.37
9267.53 107.37
9269.53 107.37
9271.53 107.37
9273.53 107.37
9275.52 107.37
9277.52 107.37
9279.52 107.37
9281.53 107.37
9283.53 107.37
9285.53 107.37
9287.53 107.37
9289.54 107.37
9291.52 107.37
9293.52 107.37
9295.53 107.37
9297.54 107.37
9299.53 107.37
9301.53 107.37
9303.54 107.37
9305.52 107.37
9307.62 107.37
9309.53 107.37
9311.53 107.37
9313.53 107.37
9315.53 107.37
9317.53 107.37
9319.52 107.37
9321.52 107.37
9323.52 107.37
9325.53 107.37
9327.53 107.37
9329.53 107.37
9331.54 107.37
9333.52 107.37
9335.52 107.37
9337.53 107.37
9339.53 107.37
9341.53 107.37
9343.53 107.37
9345.54 107.37
9347.52 107.37
9349.52 107.37
9351.53 107.37
9353.53 107.37
9355.53 107.37
9357.53 107.37
9359.54 107.37
9361.77 107.37
9363.61 107.37
9365.78 107.37
9367.78 107.37
9369.78 107.37
9371.79 107.37
9373.79 107.37
9375.77 107.37
9377.77 107.37
9379.78 107.37
9381.78 107.37
9383.78 107.37
9385.79 107.37
9387.63 107.37
9389.78 107.37
9391.77 107.37
9393.78 107.37
9395.78 107.37
9397.78 107.37
9399.78 107.37
9401.79 107.37
9403.78 107.37
9405.78 107.37
9407.78 107.37
9409.78 107.37
9411.62 107.37
9413.78 107.37
9415.79 107.37
9417.79 107.37
9419.79 107.37
9421.78 107.37
9423.78 107.37
9425.78 107.37
9427.78 107.37
9429.79 107.37
9431.79 107.37
9433.79 107.37
9435.61 107.37
9437.78 107.37
9439.78 107.37
9441.78 107.37
9443.79 107.37
9445.79 107.37
9447.79 107.37
9449.78 107.37
9451.78 107.37
9453.78 107.37
9455.78 107.37
9457.79 107.37
9459.79 107.37
9461.79 107.37
9463.78 107.37
9465.78 107.37
9467.78 107.37
9469.78 107.37
9471.79 107.37
9473.79 107.37
9475.78 107.37
9477.78 107.37
9479.78 107.37
9481.78 107.37
9483.78 107.37
9485.79 107.37
9487.79 107.37
9489.78 107.37
9491.78 107.37
9493.78 107.37
9495.78 107.37
9497.78 107.37
9499.78 107.37
9501.79 107.37
9503.78 107.37
9505.79 107.37
9507.78 107.37
9509.78 107.37
9511.78 107.37
9513.79 107.37
9515.79 107.37
9517.78 107.37
9519.78 107.37
9521.78 107.37
9523.78 107.37
9525.78 107.37
9527.79 107.37
9529.79 107.37
9531.78 107.37
9533.79 107.37
9535.78 107.37
9537.78 107.37
9539.78 107.37
9541.79 107.37
9543.79 107.37
9545.79 107.37
9547.78 107.37
9549.78 107.37
9551.78 107.37
9553.78 107.37
9555.79 107.37
9557.78 107.37
9559.79 107.37
9561.79 107.37
9563.78 107.37
9565.78 107.37
9567.78 107.37
9569.79 107.37
9571.79 107.37
9573.78 107.37
9575.79 107.37
9577.78 107.37
9579.78 107.37
9581.78 107.37
9583.78 107.37
9585.79 107.37
9587.79 107.37
9589.79 107.37
9591.78 107.37
9593.78 107.37
9595.78 107.37
9597.78 107.37
9599.79 107.37
9601.79 107.37
9603.78 107.37
9605.8 107.37
9608.11 107.37
9610.03 107.37
9612.04 107.37
9613.79 107.37
9615.79 107.37
9618.04 107.37
9620.05 107.37
9622.03 107.37
9624.03 107.37
9626.04 107.37
9628.04 107.37
9630.04 107.37
9632.04 107.37
9634.03 107.37
9636.03 107.37
9638.03 107.37
9640.04 107.37
9642.04 107.37
9644.04 107.37
9646.04 107.37
9648.04 107.37
9650.03 107.37
9652.03 107.37
9654.04 107.37
9656.04 107.37
9658.04 107.37
9660.04 107.37
9662.04 107.37
9664.03 107.37
9666.03 107.37
9668.04 107.37
9670.04 107.37
9672.04 104.92
9674.04 104.92
9676.04 104.92
9678.03 110.44
9680.03 110.44
9682.04 110.44
9684.04 110.09
9686.04 107.56
9688.04 107.56
9690.05 107.56
9692.05 108.46
9694.04 108.46
9696.04 103.12
9698.04 111.61
9700.04 105.2
9702.04 110.15
9704.05 110.15
9706.05 110.15
9708.03 90.71
9710.04 113.31
9712.04 117.62
9714.05 43.52
9716.04 107.29
9718.04 90.93
9720.05 6.08
9722.03 86.26
9724.04 97.57
9726.04 97.57
9728.04 97.57
9730.04 97.57
9732.05 97.94
9734.05 95.63
9736.04 86.48
9738.04 102.67
9740.04 79.4
9742.04 79.4
9744.04 101.47
9746.04 101.47
9748.05 99.41
9750.05 99.41
9752.04 99.41
9754.04 99.41
9756.04 96.12
9758.04 96.12
9760.05 96.12
9762.05 96.12
9764.05 96.12
9766.04 101.2
9768.04 101.2
9770.04 101.2
9772.04 101.2
9774.04 101.2
9776.04 100.95
9778.05 99.76
9780.04 107.52
9782.04 112.27
9784.04 95.49
9786.04 95.49
9788.05 95.49
9790.05 95.49
9792.05 95.49
9794.04 95.49
9796.04 95.49
9798.04 95.49
9800.04 95.49
9802.05 95.49
9804.05 95.49
9806.05 95.49
9808.04 95.49
9810.04 95.49
9812.04 95.49
9814.04 95.49
9816.05 95.49
9818.05 95.49
9820.05 95.49
9822.04 95.49
9824.04 95.49
9826.04 95.49
9828.04 95.49
9830.05 95.49
9832.04 95.49
9834.05 95.49
9836.04 95.49
9838.04 95.49
9840.04 95.49
9842.04 95.49
9844.05 95.49
9846.05 95.49
9848.05 95.49
9850.04 95.49
9852.04 95.49
9854.04 95.49
9856.04 95.49
9858.05 95.49
9860.3 95.49
9862.05 95.49
9864.05 95.49
9866.29 95.49
9868.29 95.49
9870.29 95.49
9872.3 95.49
9874.29 95.49
9876.3 95.49
9878.29 95.49
9880.29 95.49
9882.13 95.49
9884.29 95.49
9886.3 95.49
9888.29 95.49
9890.29 95.49
9892.3 95.49
9894.29 95.49
9896.29 95.49
9898.29 95.49
9900.3 95.49
9902.3 95.49
9904.3 95.49
9906.14 95.49
9908.29 95.49
9910.29 95.49
9912.3 95.49
9914.3 95.49
9916.29 95.49
9918.3 95.49
9920.3 95.49
9922.31 95.49
9924.29 95.49
9926.29 95.49
9928.3 95.49
9930.14 95.49
9932.3 95.49
9934.3 95.49
9936.31 95.49
9938.29 95.49
9940.29 95.49
9942.3 95.49
9944.3 95.49
9946.3 95.49
9948.29 95.49
9950.31 95.49
9952.29 95.49
9954.29 95.49
9956.3 95.49
9958.3 95.49
9960.29 95.49
9962.3 95.49
9964.31 98.33
9966.29 97.59
9968.29 97.59
9970.3 97.59
9972.3 97.59
9974.3 97.59
9976.29 97.59
9978.29 97.59
9980.29 97.59
9982.29 97.59
9984.3 97.59
9986.3 97.59
9988.3 97.59
9990.3 97.59
9992.3 97.59
9994.29 97.59
9996.29 97.59
9998.3 97.59
10000.3 97.59
10002.29 97.59
10004.3 97.59
10006.31 97.59
10008.29 97.59
10010.29 97.59
10012.3 97.59
10014.3 97.59
10016.29 97.59
10018.3 97.59
10020.31 97.59
10022.29 97.59
10024.29 97.59
10026.29 97.59
10028.3 97.59
10030.29 97.59
10032.3 97.59
10034.31 97.59
10036.29 97.59
10038.29 97.59
10040.3 97.59
10042.3 97.59
10044.29 97.59
10046.3 97.59
10048.3 97.59
10050.29 97.59
10052.29 97.59
10054.3 97.59
10056.3 97.59
10058.3 97.59
10060.29 97.59
10062.3 97.59
10064.31 97.59
10066.29 97.59
10068.29 97.59
10070.3 97.59
10072.3 97.59
10074.3 97.59
10076.31 97.59
10078.31 97.59
10080.29 97.59
10082.3 97.59
10084.3 97.59
10086.3 97.59
10088.29 97.59
10090.29 97.59
10092.31 97.59
10094.29 97.59
10096.29 97.59
10098.3 97.59
10100.3 97.59
10102.3 97.59
10104.3 97.59
10106.31 97.59
10108.31 97.59
10110.3 97.59
10112.3 97.59
10114.3 97.59
10116.54 97.59
10118.3 97.59
10120.31 97.59
10122.31 97.59
10124.55 97.59
10126.55 97.59
10128.55 97.59
10130.55 97.59
10132.56 97.59
10134.56 97.59
10136.38 97.59
10138.55 97.59
10140.55 97.59
10142.55 97.59
10144.54 97.59
10146.56 97.59
10148.56 97.59
10150.56 97.59
10152.55 97.59
10154.55 97.59
10156.55 97.59
10158.55 97.59
10160.4 97.59
10162.56 97.59
10164.56 97.59
10166.55 97.59
10168.55 97.59
10170.55 97.59
10172.55 97.59
10174.56 97.59
10176.56 97.59
10178.56 97.59
10180.56 97.59
10182.55 97.59
10184.39 97.59
10186.55 97.59
10188.56 97.59
10190.56 97.59
10192.56 97.59
10194.56 97.59
10196.55 97.59
10198.55 97.59
10200.55 97.59
10202.56 97.59
10204.56 97.59
10206.56 97.59
10208.4 97.59
10210.55 97.59
10212.55 97.59
10214.55 97.59
10216.56 97.59
10218.56 97.59
10220.56 97.59
10222.56 97.59
10224.55 97.59
10226.55 97.59
10228.55 97.59
10230.56 97.59
10232.56 97.59
10234.56 97.59
10236.56 97.59
10238.55 97.59
10240.55 97.59
10242.55 97.59
10244.56 97.59
10246.56 97.59
10248.56 97.59
10250.56 97.59
10252.55 97.59
10254.55 97.59
10256.55 97.59
10258.56 97.59
10260.56 97.59
10262.56 97.59
10264.56 97.59
10266.55 97.59
10268.55 97.59
10270.55 97.59
10272.56 97.59
10274.56 97.59
10276.56 97.59
10278.56 97.59
10280.57 97.59
10282.55 97.59
10284.55 97.59
10286.55 97.59
10288.56 97.59
10290.56 97.59
10292.56 97.59
10294.56 97.59
10296.55 97.59
10298.55 97.59
10300.56 97.59
10302.56 97.59
10304.56 97.59
10306.56 97.59
10308.56 97.59
10310.55 97.59
10312.55 97.59
10314.56 97.59
10316.56 97.59
10318.56 97.59
10320.56 97.59
10322.57 97.59
10324.55 97.59
10326.55 101.13
10328.56 106.91
10330.56 105.69
10332.56 100.29
10334.56 100.29
10336.56 100.29
10338.55 100.29
10340.55 100.29
10342.56 108.15
10344.56 108.15
10346.56 108.15
10348.56 108.15
10350.56 108.15
10352.56 108.15
10354.55 105.83
10356.56 108.9
10358.56 108.9
10360.56 107.81
10362.56 107.81
10364.56 107.81
10366.56 107.81
10368.8 6.66
10370.81 108.08
10372.81 108.08
10374.81 97.98
10376.81 110.72
10378.82 110.72
10380.8 110.72
10382.8 110.72
10384.81 110.72
10386.81 110.72
10388.81 108.53
10390.81 108.53
10392.82 108.53
10394.82 108.53
10396.8 108.53
10398.81 108.53
10400.81 108.53
10402.81 108.53
10404.81 106.63
10406.81 106.63
10408.82 106.63
10410.8 106.63
10412.81 106.63
10414.81 106.63
10416.81 106.63
10418.81 106.63
10420.81 110.29
10422.82 112.46
10424.8 84.49
10426.81 107.02
10428.81 102.46
10430.81 107.35
10432.81 117.22
10434.82 5.18
10436.82 6.88
10438.82 5.35
10440.8 5.1
10442.81 7.18
10444.81 7.04
10446.81 7.61
10448.81 8.17
10450.82 8.11
10452.8 8.24
10454.81 8.24
10456.81 8.24
10458.81 8.24
10460.81 8.24
10462.82 9.26
10464.82 19.1
10466.82 19.1
10468.81 19.1
10470.81 19.1
10472.81 22.3
10474.81 30.33
10476.82 37.07
10478.82 39.21
10480.82 46.3
10482.81 48.28
10484.81 50.57
10486.81 62.98
10488.81 67.85
10490.81 67.52
10492.82 74.97
10494.81 86.88
10496.81 96.84
10498.81 96.19
10500.81 96.19
10502.81 96.19
10504.82 96.19
10506.82 96.19
10508.81 96.19
10510.82 96.19
10512.81 96.19
10514.81 102.4
10516.81 103.13
10518.82 104.74
10520.82 91.75
10522.82 101.3
10524.82 103.42
10526.81 103.42
10528.81 103.42
10530.81 103.42
10532.81 103.42
10534.82 103.42
10536.82 103.42
10538.81 103.42
10540.81 103.42
10542.81 103.42
10544.81 103.42
10546.81 103.42
10548.82 103.42
10550.82 103.42
10552.82 103.42
10554.81 103.42
10556.81 103.42
10558.81 103.42
10560.82 103.42
10562.82 103.42
10564.82 103.42
10566.82 103.42
10568.81 103.42
10570.81 103.42
10572.81 103.42
10574.81 103.42
10576.82 103.42
10578.82 103.42
10580.82 103.42
10582.82 103.42
10584.81 103.42
10586.81 103.42
10588.82 103.42
10590.82 103.42
10592.82 103.42
10594.81 103.42
10596.82 103.42
10598.81 103.42
10600.81 103.42
10602.81 103.42
10604.82 103.42
10606.82 103.42
10608.82 103.42
10610.81 103.42
10612.81 103.42
10614.81 103.42
10616.81 103.42
10618.82 103.42
10620.82 103.42
10623.06 103.42
10624.83 103.42
10627.06 103.42
10629.06 103.42
10630.91 103.42
10633.07 103.42
10635.08 103.42
10637.06 103.42
10639.07 103.42
10641.06 103.42
10643.06 103.42
10645.07 103.42
10647.07 103.42
10649.07 103.42
10651.07 103.42
10653.06 103.42
10654.9 103.42
10657.06 103.42
10659.07 103.42
10661.07 103.42
10663.07 103.42
10665.07 103.42
10667.07 103.42
10669.06 103.42
10671.06 103.42
10673.07 103.42
10675.07 103.42
10677.08 103.42
10678.92 103.42
10681.07 103.42
10683.06 103.42
10685.06 103.42
10687.06 103.42
10689.07 103.42
10691.07 103.42
10693.07 103.42
10695.08 103.42
10697.08 103.42
10699.06 103.42
10701.06 103.42
10702.91 103.42
10705.07 103.42
10707.07 103.42
10709.08 103.42
10711.08 103.42
10713.06 103.42
10715.06 103.42
10717.07 103.42
10719.07 103.42
10721.07 103.42
10723.08 103.42
10725.08 103.42
10727.06 103.42
10729.07 103.42
10731.07 103.42
10733.07 103.42
10735.07 103.42
10737.08 103.42
10739.06 103.42
10741.08 103.42
10743.07 103.42
10745.07 103.42
10747.07 103.42
10749.07 103.42
10751.07 103.42
10753.08 103.42
10755.06 103.42
10757.07 103.42
10759.07 103.42
10761.07 103.42
10763.07 103.42
10765.07 103.42
10767.08 103.42
10769.08 103.42
10771.07 103.42
10773.07 103.42
10775.07 103.42
10777.07 103.42
10779.07 103.42
10781.07 103.42
10783.06 103.42
10785.07 103.42
10787.07 103.42
10789.07 103.42
10791.08 103.42
10793.08 103.42
10795.07 103.42
10797.08 103.42
10799.07 103.42
10801.07 103.42
10803.07 103.42
10805.07 103.42
10807.08 103.42
10809.07 103.42
10811.07 103.42
10813.07 103.42
10815.07 103.42
10817.07 103.42
10819.07 103.42
10821.08 103.42
10823.07 103.42
10825.08 103.42
10827.06 103.42
10829.07 103.42
10831.07 103.42
10833.07 103.42
10835.08 103.42
10837.08 103.42
10839.08 6.01
10841.07 9.56
10843.07 15.39
10845.07 18.16
10847.07 20.84
10849.07 26.46
10851.07 28.16
10853.07 28.9
