0.0 1.54
0.72 2.0
1.44 1.76
2.31 0.74
3.02 2.42
3.56 0.93
4.13 1.22
4.99 1.51
6.45 1.35
8.97 0.03
13.63 1.58
14.96 1.61
16.57 1.76
19.0 1.97
20.51 0.03
21.89 0.03
23.05 1.92
24.42 0.05
27.26 0.64
30.01 1.68
34.87 1.75
39.42 1.74
41.14 2.03
42.89 0.62
45.33 1.5
46.64 1.73
49.49 1.64
51.31 0.04
53.98 2.0
55.35 0.03
58.16 1.88
59.86 0.74
63.56 1.35
65.36 2.25
68.26 1.94
70.64 1.83
72.17 0.03
74.06 1.55
75.73 2.49
76.43 0.4
78.23 0.03
79.51 1.17
83.07 1.17
84.69 1.38
86.34 1.85
87.25 1.85
89.18 1.85
91.99 3.49
93.1 3.49
94.15 1.78
94.69 0.82
96.92 0.01
98.01 1.98
98.79 0.04
101.72 0.02
102.92 1.89
104.47 1.76
106.64 0.04
108.11 1.56
108.69 1.56
111.54 1.75
114.96 1.75
116.04 2.18
118.63 0.46
119.88 0.47
121.27 2.16
123.93 2.16
127.67 2.38
131.5 2.38
132.86 0.04
136.61 2.3
138.6 2.3
140.1 0.03
142.11 0.04
145.67 0.03
147.14 0.74
149.77 0.77
151.63 1.42
153.16 0.03
155.35 1.32
157.61 1.85
158.95 1.17
160.38 0.03
161.98 0.04
163.8 1.48
164.83 0.04
167.26 0.03
168.37 0.03
169.45 0.04
171.63 1.21
173.13 2.03
174.8 1.72
176.13 1.7
176.85 0.57
179.72 1.51
181.08 0.03
183.96 1.87
184.69 0.75
186.92 1.03
188.75 1.39
190.77 0.45
194.19 0.89
198.6 0.04
199.49 1.59
201.63 1.98
202.64 2.21
203.85 0.05
205.7 0.04
207.77 0.03
209.08 2.27
211.4 2.33
213.2 0.8
215.99 2.36
217.62 2.22
220.05 0.02
222.58 1.36
225.46 2.5
227.69 0.02
229.1 1.18
232.55 0.03
235.8 0.05
246.53 0.72
311.34 1.92
