0.0 0.19
0.74 9.27
1.33 2.55
1.96 0.35
2.55 0.38
3.19 0.23
3.78 0.34
4.37 0.57
4.93 0.39
5.94 0.51
7.94 0.1
9.94 0.8
11.94 0.08
13.94 0.09
15.95 0.2
17.94 0.25
19.94 0.46
21.95 6.9
23.94 0.56
25.95 9.99
27.95 0.11
29.94 20.87
31.94 0.1
33.95 19.96
35.94 24.77
37.94 13.42
39.94 0.54
41.94 0.12
43.94 9.81
45.94 6.63
47.94 0.23
49.94 0.09
51.94 0.53
53.94 0.21
55.94 6.53
57.95 0.39
59.95 6.59
61.94 0.4
63.94 0.43
65.94 0.28
68.2 0.24
70.19 0.1
72.19 0.69
74.06 6.7
76.19 0.81
78.19 12.0
80.19 6.44
82.19 0.69
84.19 0.1
86.19 0.42
88.2 23.38
90.19 0.23
92.19 8.28
94.19 26.72
96.2 0.33
98.06 6.34
100.2 0.76
102.2 50.41
104.19 0.21
106.2 0.5
108.19 6.63
110.19 24.5
112.19 0.17
114.19 4.52
116.19 10.4
118.19 7.06
120.19 0.42
122.06 6.38
124.19 0.36
126.19 0.78
128.2 21.34
130.19 0.4
132.19 10.04
134.2 8.52
136.19 0.79
138.19 0.67
140.19 0.4
142.19 0.1
144.19 0.1
146.05 6.41
148.2 0.26
150.19 1.04
152.2 6.81
154.19 9.81
156.19 0.1
158.19 0.33
160.19 9.01
162.19 0.53
164.19 57.37
166.19 0.19
168.19 0.65
170.06 6.65
172.19 0.98
174.19 0.55
176.19 7.63
178.19 0.63
180.19 0.09
182.19 0.63
184.2 0.78
186.19 0.51
188.19 31.1
190.19 6.27
192.19 0.19
194.19 54.34
196.19 0.93
198.19 0.42
200.19 12.78
202.19 1.5
204.19 6.27
206.2 0.29
208.19 8.37
210.19 6.27
212.19 6.6
214.19 6.79
216.19 0.26
218.19 15.77
220.19 1.08
222.19 0.56
224.19 49.45
226.2 0.41
228.2 6.48
230.19 0.1
232.19 48.12
234.19 0.41
236.19 0.38
238.19 6.35
240.19 21.39
242.2 6.48
244.19 0.7
246.19 33.31
248.19 6.53
250.19 0.52
252.19 0.18
254.19 6.46
256.19 0.79
258.19 0.1
260.19 0.67
262.19 7.09
264.19 0.6
266.19 6.69
268.2 0.52
270.19 5.97
272.19 0.12
274.2 3.76
276.19 6.87
278.19 0.75
280.19 0.66
282.19 0.2
284.19 0.52
286.19 9.45
288.19 0.99
290.19 0.09
292.19 0.78
294.19 0.32
296.2 4.93
298.2 0.65
300.2 0.1
302.19 0.67
304.19 0.38
306.19 0.21
308.2 1.14
310.19 0.1
312.19 0.34
314.19 31.99
316.19 0.49
318.2 15.89
320.2 7.02
322.19 0.21
324.44 0.11
326.44 0.32
328.44 0.38
330.44 10.26
332.44 60.35
334.44 6.65
336.44 0.21
338.44 6.92
340.44 31.2
342.45 0.27
344.44 0.28
346.44 0.29
348.44 6.93
350.44 26.31
352.44 56.05
354.44 0.11
356.44 0.58
358.44 7.04
360.44 0.14
362.44 6.45
364.44 14.84
366.44 26.66
368.44 0.39
370.44 0.55
372.44 0.41
374.44 18.33
376.44 0.21
378.45 2.42
380.44 0.13
382.46 6.79
384.44 13.95
386.44 0.19
388.44 22.56
390.44 11.31
392.44 0.18
394.45 0.13
396.45 20.05
398.44 0.27
400.44 0.8
402.44 47.74
404.44 0.34
406.44 56.04
408.44 0.56
410.44 6.41
412.44 40.95
414.44 30.45
416.45 19.55
418.45 0.82
420.44 9.36
422.44 9.36
424.44 4.72
426.44 20.53
428.44 0.94
430.44 20.26
432.44 23.25
434.44 23.1
436.44 0.64
438.44 0.25
440.44 8.52
442.44 0.68
444.44 5.98
446.44 25.29
448.44 3.01
450.45 9.54
452.44 0.1
454.44 26.63
456.45 14.44
458.44 14.66
460.44 2.31
462.44 9.48
464.44 8.74
466.44 8.87
468.44 9.22
470.44 2.08
472.44 15.27
474.44 0.54
476.44 12.0
478.44 0.1
480.44 11.36
482.44 0.38
484.44 0.19
486.44 0.44
488.44 0.11
490.44 14.86
492.44 7.02
494.44 22.54
496.44 0.2
498.44 0.1
500.44 8.91
502.44 16.62
504.44 11.47
506.44 6.09
508.44 11.02
510.44 0.3
512.44 0.26
514.44 10.12
516.45 0.1
518.44 0.18
520.44 33.53
522.44 18.87
524.44 0.2
526.44 0.2
528.44 0.43
530.44 5.73
532.44 9.8
534.44 1.03
536.44 0.2
538.44 0.59
540.44 6.89
542.45 0.65
544.44 0.53
546.44 28.89
548.44 0.33
550.44 0.1
552.44 24.64
554.44 6.35
556.44 0.58
558.44 0.53
560.44 0.56
562.44 0.91
564.44 6.81
566.44 0.37
568.44 0.19
570.44 0.33
572.69 5.97
574.69 0.09
576.69 0.19
578.69 6.5
580.69 0.39
582.69 0.14
584.69 0.11
586.69 0.39
588.69 7.03
590.69 0.42
592.69 6.35
594.69 0.12
596.69 0.58
598.69 0.13
600.69 6.63
602.69 0.08
604.69 0.08
606.69 1.05
608.69 0.61
610.69 0.11
612.69 0.08
614.69 0.54
616.55 6.36
618.69 0.42
620.69 0.65
622.69 0.1
624.69 0.75
626.69 6.51
628.69 39.32
630.69 5.88
632.69 0.41
634.7 1.8
636.69 0.1
638.69 4.14
640.55 6.37
642.69 0.31
644.7 0.13
646.7 0.19
648.69 3.0
650.69 7.33
652.69 0.81
654.69 0.31
656.7 4.87
658.69 8.76
660.69 0.19
662.7 6.48
664.55 6.66
666.69 0.39
668.69 39.63
670.7 0.12
672.69 5.05
674.7 6.95
676.69 0.23
678.69 0.7
680.69 0.68
682.69 0.11
684.69 28.79
686.69 0.14
688.69 6.51
690.7 0.42
692.69 59.78
694.69 61.59
696.69 0.57
698.69 6.52
700.69 61.69
702.69 25.56
704.69 1.2
706.69 26.7
708.69 6.4
710.69 59.48
712.69 7.65
714.69 9.65
716.69 8.22
718.69 6.83
720.69 16.52
722.69 6.63
724.69 0.43
726.69 9.4
728.69 0.4
730.69 0.51
732.7 6.37
734.69 10.39
736.69 6.46
738.69 0.35
740.69 0.64
742.69 0.2
744.69 0.4
746.7 0.1
748.69 0.28
750.69 0.55
752.69 1.22
754.69 0.42
756.69 10.68
758.69 0.54
760.69 6.93
762.69 1.29
764.7 9.75
766.69 6.31
768.69 0.65
770.69 6.8
772.69 0.11
774.69 0.28
776.69 0.11
778.7 20.21
780.69 7.07
782.7 0.29
784.69 6.51
786.69 0.27
788.7 38.29
790.7 6.23
792.69 62.16
794.7 7.2
796.69 0.58
798.7 46.41
800.7 0.12
802.69 0.42
804.69 11.05
806.69 0.38
808.69 6.4
810.69 0.08
812.69 0.1
814.69 6.63
816.69 16.81
818.69 7.16
820.94 0.22
822.92 0.1
824.94 5.82
826.95 0.34
828.95 6.84
830.94 31.02
832.95 6.15
834.94 15.44
836.94 15.99
838.97 9.43
840.94 1.95
842.95 0.11
844.95 20.01
846.81 6.06
848.94 0.13
850.94 1.53
852.94 6.53
854.95 33.83
856.94 18.76
858.94 32.21
860.94 0.52
862.94 6.96
864.95 37.64
866.94 13.13
868.94 0.2
870.94 30.89
872.94 28.34
874.94 3.16
876.94 6.14
878.94 32.73
880.94 10.06
882.94 10.06
884.94 16.55
886.94 0.21
888.94 0.8
890.94 5.62
892.94 0.11
894.93 0.1
896.94 9.14
898.94 8.55
900.94 0.97
902.94 8.33
904.94 0.1
906.94 5.93
908.95 0.23
910.94 5.56
912.94 0.09
914.94 0.1
916.95 0.23
918.92 0.22
920.94 0.66
922.94 6.18
924.94 0.1
926.94 16.43
928.94 0.2
930.94 0.65
932.94 0.22
934.94 0.66
936.94 5.9
938.94 0.1
940.94 0.48
942.92 0.1
944.94 0.56
946.94 1.02
948.94 6.89
950.94 0.96
952.94 6.85
954.94 4.19
956.94 0.6
958.94 0.54
960.94 0.67
962.94 15.71
964.94 0.21
966.94 6.78
968.94 0.21
970.94 0.77
972.94 7.23
974.94 0.95
976.94 6.7
978.94 0.53
980.94 0.28
982.94 0.28
984.94 13.53
986.95 20.66
988.94 11.54
990.94 8.86
992.94 52.83
994.94 0.27
996.95 6.48
998.94 0.13
1000.95 0.19
1002.94 0.23
1004.94 0.53
1006.94 34.59
1008.94 0.56
1010.94 6.88
1012.94 8.51
1014.95 9.5
1016.94 35.38
1018.95 0.3
1020.94 0.09
1022.95 0.51
1024.94 6.47
1026.94 0.21
1028.94 27.8
1030.95 0.79
1032.94 2.93
1034.94 6.54
1036.94 0.14
1038.95 6.44
1040.94 6.39
1042.95 52.66
1044.94 61.07
1046.94 37.69
1048.95 0.1
1050.94 12.8
1052.94 0.55
1054.95 0.5
1056.94 45.38
1058.94 6.6
1060.94 10.56
1062.94 32.48
1064.94 2.36
1066.95 11.14
1069.19 0.43
1071.19 0.4
1073.19 6.4
1075.19 10.07
1077.19 0.77
1079.19 0.95
1081.19 46.63
1083.19 6.91
1085.2 0.28
1087.19 0.29
1089.19 0.49
1091.19 0.86
1093.19 0.1
1095.19 26.31
1097.19 6.04
1099.19 0.55
1101.19 0.9
1103.19 0.1
1105.19 0.43
1107.19 0.1
1109.19 1.5
1111.19 6.78
1113.19 8.38
1115.19 0.29
1117.19 50.92
1119.2 0.54
1121.19 16.45
1123.2 62.93
1125.19 0.44
1127.19 0.68
1129.19 0.81
1131.19 6.52
1133.2 0.97
1135.19 0.19
1137.19 0.52
1139.19 31.73
1141.19 0.13
1143.19 0.31
1145.19 6.69
1147.19 0.14
1149.2 0.11
1151.19 0.69
1153.19 18.82
1155.19 0.1
1157.2 6.6
1159.19 6.71
1161.19 0.78
1163.19 0.71
1165.2 10.8
1167.19 0.32
1169.19 27.17
1171.19 0.62
1173.19 0.46
1175.19 0.11
1177.19 0.01
1179.19 0.1
1181.2 0.52
1183.19 6.8
1185.2 29.64
1187.19 61.71
1189.19 7.21
1191.19 0.27
1193.19 6.75
1195.19 0.9
1197.19 0.53
1199.19 0.77
1201.19 6.63
1203.2 0.19
1205.19 0.87
1207.19 6.48
1209.19 0.38
1211.19 0.94
1213.19 5.98
1215.2 3.74
1217.19 7.22
1219.19 4.76
1221.19 0.98
1223.19 33.69
1225.19 1.25
1227.2 20.45
1229.19 0.41
1231.19 0.1
1233.19 0.72
1235.19 0.72
1237.2 0.44
1239.19 0.41
1241.2 6.54
1243.2 0.1
1245.19 24.35
1247.2 54.4
1249.2 0.17
1251.2 6.87
1253.2 0.53
1255.19 6.34
1257.19 0.33
1259.19 0.21
1261.19 0.13
1263.19 0.52
1265.19 0.1
1267.19 43.64
1269.19 6.39
1271.19 34.97
1273.19 0.2
1275.19 0.09
1277.19 4.73
1279.19 7.07
1281.19 0.92
1283.2 0.46
1285.2 0.28
1287.2 0.26
1289.19 6.88
1291.2 11.59
1293.19 4.69
1295.2 7.07
1297.19 8.08
1299.2 6.5
1301.19 0.2
1303.19 6.79
1305.19 0.42
1307.19 0.83
1309.19 0.28
1311.19 0.89
1313.19 6.87
1315.19 0.81
1317.19 0.8
1319.19 0.77
1321.19 1.31
1323.19 9.48
1325.19 1.69
1327.44 6.93
1329.44 19.37
1331.44 1.05
1333.44 0.53
1335.45 0.91
1337.44 6.65
1339.44 0.97
1341.31 6.91
1343.44 0.14
1345.44 0.97
1347.44 0.14
1349.44 0.27
1351.44 6.45
1353.44 1.27
1355.44 0.64
1357.44 0.08
1359.44 10.69
1361.45 0.22
1363.44 0.4
1365.45 0.07
1367.44 0.8
1369.44 0.77
1371.44 0.09
1373.44 18.54
1375.44 0.07
1377.44 0.73
1379.44 1.03
1381.44 1.04
1383.45 0.24
1385.44 0.07
1387.44 2.59
1389.44 19.64
1391.44 0.83
1393.44 1.09
1395.44 4.13
1397.44 0.21
1399.44 6.98
1401.44 0.12
1403.44 0.6
1405.44 0.28
1407.44 29.46
1409.39 1.26
1411.78 3.8
1413.45 1.14
1415.44 5.04
1417.44 5.3
1419.44 2.99
1421.44 2.6
1423.44 0.68
1425.44 10.9
1427.44 0.14
1429.44 3.43
1431.44 7.52
1433.44 0.2
1435.44 6.65
1437.41 1.78
1439.44 0.4
1441.44 0.76
1443.44 0.2
1445.44 0.23
1447.44 0.33
1449.44 17.69
1451.44 28.27
1453.44 27.34
1455.44 0.23
1457.44 0.11
1459.44 15.25
1461.43 0.11
1463.44 0.43
1465.44 8.02
1467.44 0.11
1469.44 9.64
1471.44 5.57
1473.44 0.68
1475.45 0.21
1477.44 13.03
1479.44 0.44
1481.44 0.11
1483.46 0.57
1485.44 0.1
1487.44 0.65
1489.44 2.43
1491.44 0.1
1493.44 3.84
1495.44 6.42
1497.45 0.35
1499.44 3.08
1501.44 6.43
1503.44 0.39
1505.44 6.42
1507.44 0.3
1509.44 16.55
1511.44 0.2
1513.45 10.53
1515.44 0.11
1517.44 0.77
1519.44 5.7
1521.44 16.69
1523.44 10.15
1525.44 0.06
1527.44 0.83
1529.44 6.86
1531.45 6.86
1533.44 6.44
1535.44 0.6
1537.44 18.13
1539.44 0.11
1541.44 0.14
1544.02 0.21
1545.44 5.13
1547.44 16.75
1549.44 0.09
1551.44 0.28
1553.44 0.3
1555.44 28.88
1557.45 6.64
1559.45 1.5
1561.44 1.21
1563.44 0.12
1565.44 1.73
1567.44 6.86
1569.44 0.28
1571.44 0.55
1573.44 6.33
1575.44 0.33
1577.69 6.55
1579.69 0.78
1581.69 6.68
1583.69 0.31
1585.69 0.26
1587.69 0.28
1589.7 0.14
1591.69 0.09
1593.69 0.29
1595.69 0.48
1597.69 0.4
1599.7 0.33
1601.69 6.83
1603.69 0.56
1605.71 0.17
1607.69 0.69
1609.69 9.59
1611.7 1.78
1613.69 0.67
1615.69 7.95
1617.69 0.32
1619.69 0.31
1621.69 3.38
1623.69 10.36
1625.69 0.08
1627.69 0.78
1629.7 0.08
1631.69 0.54
1633.69 16.35
1635.69 0.26
1637.69 0.97
1639.69 6.9
1641.69 8.01
1643.69 0.11
1645.69 0.8
1647.69 1.06
1649.69 6.64
1651.7 1.62
1653.69 0.17
1655.69 0.84
1657.69 20.71
1659.69 0.43
1661.69 0.47
1663.69 0.09
1665.69 0.28
1667.69 0.27
1669.69 0.63
1671.7 1.23
1673.69 0.39
1675.69 0.68
1677.7 7.14
1679.69 0.74
1681.69 0.42
1683.69 1.43
1685.7 26.56
1687.69 0.1
1689.69 0.28
1691.69 0.39
1693.69 0.68
1695.69 2.35
1697.69 0.11
1699.69 1.21
1701.69 6.03
1703.69 0.33
1705.69 1.17
1707.69 0.37
1709.7 0.14
1711.69 7.05
1713.69 0.68
1715.69 0.8
1717.69 0.4
1719.69 0.55
1721.69 6.46
1723.69 0.58
1725.69 0.1
1727.69 0.66
1729.69 0.8
1731.69 1.07
1733.69 0.52
1735.7 6.9
1737.7 11.7
1739.69 6.77
1741.7 11.79
1743.69 0.49
1745.7 0.29
1747.69 1.12
1749.69 6.77
1751.7 0.66
1753.69 3.29
1756.27 0.11
1757.69 0.86
1759.7 6.81
1761.69 1.17
1763.69 59.78
1765.7 8.47
1767.69 0.57
1769.7 0.1
1771.69 0.54
1773.69 0.09
1775.69 2.12
1777.69 0.35
1779.69 0.51
1781.69 16.66
1783.69 0.09
1785.69 0.2
1787.69 0.11
1789.69 0.5
1791.69 0.83
1793.69 0.2
1795.7 0.56
1797.69 18.63
1799.7 0.74
1801.69 0.32
1803.69 0.87
1805.69 0.09
1807.69 6.72
1809.69 1.31
1811.69 0.48
1813.69 1.2
1815.69 6.47
1817.7 4.34
1819.69 0.07
1821.94 0.07
1823.94 1.67
1825.94 0.66
1827.94 0.22
1829.94 0.78
1831.94 6.74
1833.94 1.21
1835.81 16.17
1837.95 10.47
1839.95 0.83
1841.94 0.2
1843.94 1.34
1845.94 6.47
1847.94 0.69
1849.95 0.91
1851.95 48.82
1853.94 1.04
1855.94 0.1
1857.94 5.88
1859.81 6.49
1861.94 7.8
1863.94 0.62
1865.94 7.04
1867.94 0.77
1869.94 6.99
1871.94 0.53
1873.94 0.41
1875.94 0.3
1877.94 50.92
1879.94 6.9
1881.94 0.57
1883.8 6.9
1885.95 1.27
1887.94 0.58
1889.94 7.09
1891.94 1.07
1893.95 0.1
1895.94 0.19
1897.94 0.19
1899.95 0.27
1901.94 0.41
1903.94 5.82
1905.95 0.28
1907.83 13.29
1909.95 0.11
1911.94 0.41
1913.94 1.72
1915.94 16.64
1917.94 14.54
1919.94 3.46
1921.94 8.28
1923.94 0.34
1925.94 7.23
1927.94 6.14
1929.95 0.42
1931.81 10.33
1933.94 0.51
1935.94 0.71
1937.94 0.2
1939.94 0.94
1941.95 0.1
1943.94 0.14
1945.94 1.84
1947.94 0.21
1949.94 0.68
1951.94 0.1
1953.94 0.22
1955.94 0.1
1957.94 0.13
1959.94 0.19
1961.94 0.11
1963.95 0.31
1965.94 0.1
1967.94 2.95
1969.94 5.59
1971.94 4.15
1973.95 20.82
1975.94 0.2
1977.94 9.58
1979.93 0.11
1981.94 26.3
1983.94 3.45
1985.94 6.04
1987.94 0.66
1989.95 5.83
1991.94 6.07
1993.95 21.37
1995.94 3.39
1997.94 0.4
1999.94 6.52
2001.94 0.57
2004.04 0.89
2005.94 23.16
2007.94 0.1
2009.94 0.28
2011.94 22.34
2013.94 0.1
2015.94 0.18
2017.94 0.54
2019.94 0.77
2021.94 0.83
2023.94 0.11
2025.94 0.11
2027.94 6.02
2029.94 0.64
2031.94 0.87
2033.95 0.25
2035.94 0.41
2037.94 6.35
2039.94 8.67
2041.95 0.55
2043.94 2.06
2045.94 0.42
2047.94 6.97
2049.94 1.04
2051.94 0.09
2053.94 0.98
2055.94 0.95
2057.94 0.14
2060.02 0.72
2061.94 6.83
2063.95 0.32
2065.94 16.53
2067.94 0.22
2070.19 0.51
2072.19 0.24
2074.19 0.66
2076.19 6.53
2078.19 0.53
2080.2 0.44
2082.2 0.97
2084.19 0.14
2086.05 1.77
2088.19 0.96
2090.19 6.27
2092.19 1.61
2094.19 0.55
2096.19 6.81
2098.2 0.12
2100.0 0.06
2102.19 0.66
2104.19 0.42
2106.19 1.08
2108.19 0.34
2110.19 5.24
2112.19 0.84
2114.17 0.1
2116.19 0.97
2118.19 0.86
2120.2 0.1
2122.19 1.03
2124.19 0.1
2126.19 20.32
2128.19 0.56
2130.19 0.11
2132.19 40.09
2134.19 0.11
2136.19 0.13
2138.2 0.08
2140.19 0.49
2142.19 0.33
2144.19 0.17
2146.19 0.81
2148.19 0.38
2150.19 1.15
2152.19 0.09
2154.19 0.94
2156.19 0.55
2158.2 48.64
2160.19 0.43
2162.06 7.05
2164.2 5.24
2166.2 0.53
2168.2 4.25
2170.19 0.44
2172.19 6.68
2174.19 0.03
2176.19 0.69
2178.19 0.54
2180.19 0.77
2182.19 4.87
2184.19 0.69
2186.06 8.69
2188.19 1.43
2190.19 58.29
2192.19 6.56
2194.19 0.74
2196.19 7.44
2198.19 0.03
2200.19 0.28
2202.2 30.09
2204.19 0.32
2206.19 6.44
2208.19 0.4
2210.19 6.5
2212.19 3.59
2214.19 3.59
2216.2 0.19
2218.2 0.75
2220.2 6.74
2222.19 0.73
2224.19 5.02
2226.19 0.7
2228.19 4.16
2230.19 6.41
2232.19 0.31
2234.17 0.11
2236.2 5.43
2238.19 0.11
2240.19 0.1
2242.19 0.1
2244.19 0.21
2246.19 0.21
2248.2 0.5
2250.19 0.29
2252.19 0.51
2254.19 20.14
2256.2 2.73
2258.19 6.28
2260.19 0.78
2262.19 7.65
2264.2 0.1
2266.19 0.29
2268.19 8.79
2270.19 0.43
2272.19 0.21
2274.2 6.46
2276.19 1.91
2278.2 21.3
2280.19 0.31
2282.17 0.1
2284.19 0.71
2286.19 0.24
2288.19 6.54
2290.19 12.08
2292.19 6.94
2294.19 0.61
2296.19 0.51
2298.19 0.2
2300.19 6.65
2302.79 1.35
2304.19 3.48
2306.19 0.95
2308.19 8.01
2310.19 20.87
2312.2 9.09
2314.19 1.61
2316.52 1.29
2318.77 1.29
2320.19 0.03
2322.19 5.77
2324.77 0.43
2326.44 0.11
2328.44 21.71
2330.44 6.59
2332.79 0.21
2334.45 15.14
2336.44 8.5
2338.45 0.09
2340.44 6.73
2342.44 0.56
2344.44 43.88
2346.45 0.76
2348.45 50.77
2350.44 6.3
2352.44 6.4
2354.45 6.31
2356.44 0.1
2358.45 16.87
2360.44 0.19
2362.44 12.76
2364.44 6.97
2366.45 0.62
2368.44 0.61
2370.45 19.78
2372.44 0.31
2374.44 6.52
2376.45 1.26
2378.44 0.08
2380.44 1.19
2382.44 0.63
2384.44 0.1
2386.44 0.78
2388.44 6.67
2390.44 11.81
2392.44 0.74
2394.44 0.41
2396.44 0.2
2398.45 0.2
2400.44 0.61
2402.44 6.64
2404.45 0.75
2406.45 0.22
2408.45 7.15
2410.44 5.27
2412.44 0.2
2414.44 0.28
2416.44 15.0
2418.44 0.61
2420.44 0.2
2422.44 6.64
2424.44 6.24
2426.44 6.24
2428.45 24.12
2430.45 0.67
2432.45 6.28
2434.44 0.77
2436.45 14.05
2438.44 0.1
2440.45 1.31
2442.45 11.34
2444.44 9.3
2446.44 6.68
2448.45 0.93
2450.46 5.97
2452.45 24.95
2454.44 0.23
2456.44 3.74
2458.44 20.86
2460.45 6.43
2462.45 0.4
2464.44 0.43
2466.45 0.54
2468.45 2.05
2470.44 1.07
2472.45 2.54
2474.44 6.19
2476.44 0.67
2478.44 3.81
2480.44 0.55
2482.45 0.63
2484.44 0.08
2486.45 1.79
2488.44 0.21
2490.44 0.39
2492.44 0.18
2494.44 0.08
2496.45 0.55
2498.44 6.55
2500.44 0.48
2502.45 0.22
2504.45 0.14
2506.45 0.79
2508.44 6.69
2510.45 3.13
2512.45 0.21
2514.45 0.4
2516.44 0.48
2518.44 8.43
2520.45 7.68
2522.45 7.03
2524.45 7.8
2526.44 54.11
2528.44 0.11
2530.47 0.21
2532.44 6.62
2534.44 0.47
2536.44 0.39
2538.45 20.73
2540.45 6.41
2542.45 38.94
2544.44 48.53
2546.45 0.19
2548.45 1.6
2550.45 0.4
2552.45 0.14
2554.45 15.93
2556.45 7.1
2558.44 10.49
2560.45 0.21
2562.45 0.36
2564.44 0.41
2566.44 0.1
2568.44 0.41
2570.44 0.1
2572.45 0.28
2574.7 0.41
2576.7 0.5
2578.69 3.66
2580.7 0.03
2582.7 0.42
2584.68 0.09
2586.7 0.44
2588.69 0.87
2590.69 0.27
2592.7 9.54
2594.7 19.89
2596.69 30.46
2598.69 0.14
2600.7 4.75
2602.7 15.75
2604.69 6.68
2606.7 0.37
2608.68 0.19
2610.69 18.34
2612.69 18.67
2614.69 3.34
2616.69 0.43
2618.69 0.09
2620.7 2.15
2622.7 27.72
2624.7 0.4
2626.7 2.85
2628.69 0.2
2630.69 0.44
2632.57 6.07
2634.7 22.29
2636.7 0.51
2638.69 6.23
2640.7 31.5
2642.69 16.97
2644.69 39.74
2646.7 12.73
2648.7 1.04
2650.69 4.66
2652.7 6.29
2654.7 0.93
2656.56 6.68
2658.71 14.39
2660.69 15.49
2662.7 6.71
2664.7 44.47
2666.69 6.23
2668.7 51.33
2670.7 18.38
2672.7 47.88
2674.69 19.71
2676.69 11.34
2678.69 2.25
2680.56 11.12
2682.7 7.77
2684.7 2.62
2686.69 7.16
2688.69 0.1
2690.7 55.04
2692.69 0.39
2694.69 0.32
2696.69 0.28
2698.7 4.39
2700.69 6.83
2702.7 0.4
2704.69 7.09
2706.69 27.28
2708.69 0.22
2710.69 0.1
2712.7 0.35
2714.69 6.99
2716.7 0.31
2718.69 50.44
2720.69 0.64
2722.69 0.26
2724.7 52.05
2726.7 1.13
2728.69 6.45
2730.69 0.78
2732.69 14.36
2734.69 23.65
2736.69 0.28
2738.69 6.84
2740.69 0.64
2742.69 11.44
2744.69 0.24
2746.69 15.99
2748.69 17.06
2750.7 3.6
2752.69 6.75
2754.69 1.95
2756.69 14.18
2758.69 0.09
2760.69 0.21
2762.69 0.1
2764.69 1.16
2766.69 0.56
2768.69 11.39
2770.69 0.58
2772.69 6.9
2774.69 0.39
2776.7 36.29
2778.69 7.94
2780.7 0.21
2782.7 39.25
2784.7 1.04
2786.69 7.03
2788.7 0.3
2790.7 19.88
2792.69 0.11
2794.69 3.74
2796.7 0.2
2798.7 10.54
2800.69 6.74
2802.69 55.47
2804.7 52.02
2806.7 7.14
2808.7 8.87
2810.69 0.1
2812.7 0.61
2814.69 13.98
2816.7 0.45
2818.7 17.65
2820.7 7.0
2822.94 9.85
2824.94 20.42
2826.94 0.13
2828.95 0.3
2830.94 34.53
2832.94 62.87
2834.94 6.62
2836.95 0.55
2838.81 6.81
2840.94 52.45
2842.94 0.29
2844.95 6.57
2846.94 48.28
2848.95 6.61
2850.95 18.12
2852.95 0.3
2854.98 21.31
2856.94 60.61
2858.94 6.56
2860.95 7.49
2862.81 16.23
2864.94 14.88
2866.94 0.23
2868.94 6.77
2870.95 12.36
2872.95 7.1
2874.95 0.23
2876.94 11.65
2878.94 0.03
2880.95 20.27
2882.94 22.01
2884.94 3.6
2886.81 6.57
2888.95 17.52
2890.94 0.32
2892.95 0.09
2894.95 0.4
2896.95 0.09
2898.94 0.26
2900.94 3.22
2902.95 1.43
2904.95 4.64
2906.95 6.51
2908.95 0.14
2910.81 6.64
2912.94 4.0
2914.94 0.26
2916.95 0.09
2918.95 10.98
2920.94 6.73
2922.95 44.32
2924.94 0.65
2926.94 0.22
2928.94 4.61
2930.94 6.57
2932.94 0.59
2934.93 0.1
2936.94 0.7
2938.94 35.95
2940.94 7.47
2942.94 17.84
2944.94 45.31
2946.94 12.98
2948.94 1.63
2950.94 7.28
2952.95 0.42
2954.94 6.82
2956.95 8.41
2958.95 6.69
2960.95 0.09
2962.95 0.29
2964.95 6.42
2966.95 0.75
2968.95 6.81
2970.95 37.24
2972.95 0.24
2974.95 29.75
2976.94 9.27
2978.95 0.09
2980.94 0.09
2982.94 6.66
2984.94 0.1
2987.75 3.94
2988.95 5.76
2990.94 7.7
2992.94 9.67
2994.95 3.79
2996.94 11.54
2998.94 9.75
3000.95 14.47
3002.94 12.45
3004.95 13.46
3006.95 3.19
3008.94 0.1
3010.94 10.37
3012.94 20.47
3014.94 8.01
3016.94 7.44
3018.94 6.22
3020.95 11.18
3022.94 6.81
3024.96 13.57
3026.94 20.78
3028.94 4.05
3030.94 6.11
3032.94 14.14
3034.94 14.14
3036.94 6.03
3038.95 12.36
3040.95 6.35
3042.95 8.83
3044.94 7.64
3046.94 16.21
3048.94 0.1
3050.95 20.3
3052.95 34.52
3054.95 30.8
3056.95 2.26
3058.94 2.56
3060.94 6.23
3062.96 33.41
3064.95 6.52
3066.94 35.41
3068.94 24.26
3071.19 7.15
3073.2 29.06
3075.19 20.4
3077.2 0.32
3079.22 0.19
3081.19 1.82
3083.2 32.78
3085.2 6.42
3087.21 5.01
3089.2 0.1
3091.19 0.46
3093.19 0.52
3095.2 19.08
3097.19 0.52
3099.19 6.73
3101.19 13.58
3103.19 6.71
3105.2 37.48
3107.2 37.48
3109.19 6.15
3111.19 16.08
3113.2 28.64
3115.2 0.32
3117.2 1.31
3119.2 26.29
3121.19 0.1
3123.19 30.51
3125.19 0.21
3127.19 7.89
3129.19 0.22
3131.19 40.09
3133.19 6.67
3135.19 0.39
3137.2 0.03
3139.19 14.99
3141.19 49.48
3143.2 3.96
3145.2 0.19
3147.2 6.41
3149.2 12.39
3151.19 4.15
3153.2 0.19
3155.2 8.93
3157.2 0.09
3159.19 2.08
3161.2 3.05
3163.2 4.02
3165.2 3.82
3167.2 5.69
3169.2 4.97
3171.2 2.97
3173.2 7.27
3175.2 0.1
3177.19 6.35
3179.19 8.69
3181.19 5.75
3183.19 7.45
3185.19 4.55
3187.2 10.48
3189.19 0.23
3191.2 12.13
3193.2 0.09
3195.19 0.23
3197.19 13.68
3199.2 0.93
3201.19 0.39
3203.2 14.97
3205.2 0.23
3207.19 18.53
3209.19 19.55
3211.21 22.52
3213.19 2.21
3215.22 0.76
3217.2 5.87
3219.2 5.69
3221.2 18.32
3223.2 0.11
3225.19 27.32
3227.19 0.46
3229.2 6.39
3231.19 4.63
3233.2 6.44
3235.2 44.86
3237.2 0.21
3239.19 14.29
3241.19 44.96
3243.19 6.64
3245.19 0.11
3247.19 6.92
3249.19 0.19
3251.19 52.61
3253.2 8.64
3255.19 0.79
3257.19 0.1
3259.19 0.25
3261.19 10.87
3263.19 0.41
3265.19 0.43
3267.19 0.1
3269.19 9.15
3271.2 18.84
3273.2 11.79
3275.2 1.94
3277.23 21.62
3279.21 5.87
3281.2 7.89
3283.19 9.12
3285.2 0.59
3287.19 21.1
3289.2 20.03
3291.2 0.19
3293.2 21.38
3295.2 0.39
3297.2 4.39
3299.2 0.33
3301.19 16.45
3303.19 30.73
3305.2 0.18
3307.2 0.27
3309.2 7.83
3311.2 30.07
3313.2 3.55
3315.2 29.03
3317.2 25.76
3319.2 6.77
3321.19 8.98
3323.2 6.6
3325.2 13.29
3327.44 7.45
3329.45 5.83
3331.45 0.61
3333.44 0.21
3335.46 0.28
3337.44 0.28
3339.45 26.9
3341.45 0.45
3343.45 0.32
3345.46 0.4
3347.46 0.32
3349.45 0.35
3351.45 0.27
3353.44 6.6
3355.45 43.14
3357.31 18.2
3359.44 6.34
3361.44 13.92
3363.44 42.05
3365.44 0.3
3367.44 0.1
3369.44 6.95
3371.45 0.51
3373.44 42.73
3375.44 0.35
3377.44 6.75
3379.44 0.21
3381.32 6.18
3383.44 0.11
3385.44 0.19
3387.44 0.1
3389.45 6.9
3391.45 29.31
3393.45 0.72
3395.45 0.75
3397.44 0.11
3399.44 8.28
3401.46 2.17
3403.46 8.5
3405.36 9.31
3407.45 0.1
3409.44 4.31
3411.44 11.98
3413.45 0.54
3415.45 0.97
3417.45 3.76
3419.44 0.66
3421.45 0.28
3423.44 8.09
3425.45 0.11
3427.44 4.88
3429.41 3.04
3431.46 0.19
3433.45 0.2
3435.44 0.19
3437.45 0.12
3439.45 5.63
3441.45 18.81
3443.45 22.55
3445.45 2.13
3447.45 22.25
3449.45 0.12
3451.44 6.82
3453.46 0.11
3455.44 8.53
3457.44 10.21
3459.44 0.1
3461.45 10.75
3463.45 0.11
3465.46 0.09
3467.45 4.69
3469.44 18.53
3471.45 2.63
3473.44 6.14
3475.45 8.42
3477.45 6.09
3479.44 16.48
3481.44 2.2
3483.44 20.25
3485.44 28.17
3487.44 0.09
3489.44 0.68
3491.44 14.34
3493.44 0.28
3495.45 7.62
3497.44 0.21
3499.44 0.25
3501.43 0.11
3503.44 0.51
3505.45 0.22
3507.44 0.09
3509.44 6.01
3511.44 6.42
3513.44 7.84
3515.45 0.57
3517.44 0.1
3519.44 10.09
3521.46 0.2
3523.44 8.74
3525.43 0.1
3527.44 0.27
3529.44 14.1
3531.44 37.98
3533.44 2.04
3535.45 6.67
3537.44 0.33
3539.46 0.51
3541.45 36.57
3543.45 14.64
3545.45 6.36
3547.45 6.87
3549.45 15.69
3551.45 14.18
3553.46 0.3
3555.45 5.29
3557.44 14.05
3559.44 5.43
3561.45 0.22
3563.45 0.1
3565.44 0.54
3567.45 0.21
3569.44 5.72
3571.45 0.33
3573.45 7.56
3575.69 0.93
3577.45 0.11
3579.7 11.57
3581.69 0.2
3583.7 9.77
3585.69 0.11
3587.7 27.38
3589.69 27.65
3591.69 4.1
3593.69 0.11
3595.7 22.7
3597.7 0.11
3599.7 3.11
3601.69 0.59
3603.7 0.13
3605.7 9.13
3607.7 0.1
3609.7 27.58
3611.7 0.28
3613.69 11.04
3615.7 0.92
3617.69 6.58
3619.7 0.85
3621.69 0.1
3623.69 22.26
3625.7 0.25
3627.7 13.65
3629.69 12.21
3631.69 0.11
3633.69 11.59
3635.69 0.51
3637.69 0.34
3639.69 0.42
3641.69 6.27
3643.7 0.49
3645.7 6.38
3647.69 0.23
3649.69 0.3
3651.69 0.41
3653.7 0.69
3655.69 0.11
3657.7 19.38
3659.69 0.57
3661.69 4.16
3663.69 1.49
3665.69 0.1
3667.69 7.52
3669.69 0.11
3671.69 0.4
3673.69 15.16
3675.69 6.23
3677.69 0.79
3679.7 6.23
3681.69 0.44
3683.69 0.26
3685.69 0.4
3687.69 12.41
3689.69 6.4
3691.69 0.59
3693.69 6.08
3695.7 0.39
3697.69 0.42
3699.69 6.22
3701.7 4.03
3703.7 0.07
3705.7 0.09
3707.7 0.42
3709.7 28.42
3711.69 0.1
3713.69 6.6
3715.69 0.23
3717.69 6.32
3719.69 3.11
3721.69 6.95
3723.69 0.23
3725.7 24.93
3727.69 6.64
3729.69 0.44
3731.7 4.33
3733.69 34.57
3735.69 0.14
3737.7 8.92
3739.7 9.07
3741.69 9.32
3743.7 0.57
3745.69 6.21
3747.69 0.29
3749.69 18.41
3751.69 6.43
3753.69 0.45
3755.69 0.56
3757.69 30.57
3759.7 26.8
3761.7 0.31
3763.69 1.34
3765.7 4.71
3767.69 27.69
3769.7 0.88
3771.7 0.25
3773.7 18.42
3775.7 0.25
3777.69 0.41
3779.7 14.24
3781.7 6.56
3783.69 24.36
3785.7 0.2
3787.69 9.16
3789.69 6.31
3791.69 0.03
3793.7 0.28
3795.69 0.11
3797.7 0.7
3799.69 0.13
3801.7 0.1
3803.7 10.37
3805.7 0.52
3807.7 7.65
3809.7 0.18
3811.69 0.22
3813.7 0.1
3815.69 48.3
3817.69 0.38
3819.69 3.8
3821.69 0.4
3823.94 17.59
3825.95 20.75
3827.92 0.11
3829.94 1.04
3831.94 4.68
3833.94 57.94
3835.94 17.33
3837.94 6.57
3839.95 0.98
3841.95 0.51
3843.94 0.21
3845.94 0.13
3847.94 0.11
3849.94 0.63
3851.81 6.86
3853.95 0.28
3855.95 0.74
3857.95 0.1
3859.95 17.11
3861.94 7.01
3863.95 0.54
3865.94 1.7
3867.95 0.08
3869.94 0.56
3871.94 7.02
3873.95 7.87
3875.81 6.6
3877.94 0.21
3879.95 7.52
3881.94 7.29
3883.94 0.58
3885.95 1.41
3887.95 1.79
3889.95 2.94
3891.94 3.92
3893.94 3.16
3895.94 4.76
3897.94 0.14
3899.86 8.71
3901.94 5.35
3903.95 2.71
3905.94 6.77
3907.95 0.31
3909.95 0.22
3911.95 0.42
3913.94 0.26
3915.95 7.99
3917.94 0.11
3919.94 8.02
3921.94 6.85
3923.87 4.16
3925.95 0.27
3927.95 3.78
3929.94 2.93
3931.94 6.09
3933.95 4.42
3935.95 0.14
3937.95 3.69
3939.97 9.18
3941.95 9.19
3943.94 4.57
3945.95 9.73
3947.83 13.84
3949.94 8.93
3951.94 9.31
3953.94 2.89
3955.94 5.68
3957.95 7.31
3959.94 22.49
3961.94 18.67
3963.94 1.44
3965.95 15.31
3967.94 7.73
3969.95 1.75
3971.95 25.76
3973.95 3.59
3975.95 0.31
3977.94 6.41
3979.94 0.37
3981.94 0.1
3983.95 0.95
3985.95 1.77
3987.94 0.22
3989.95 0.84
3991.94 13.48
3993.95 0.19
3995.87 5.26
3997.94 17.1
3999.94 0.14
4001.94 3.2
4003.95 0.25
4005.94 0.09
4007.95 2.53
4009.96 4.52
4011.95 19.02
4013.95 19.02
4015.95 19.02
4017.95 7.28
4019.94 5.75
4021.95 8.38
4023.95 10.66
4025.95 0.11
4027.95 0.22
4029.94 0.69
4031.94 4.99
4033.95 1.0
4035.95 10.77
4037.94 4.82
4039.95 0.4
4041.95 7.27
4043.95 1.64
4045.94 0.27
4047.94 6.93
4049.94 2.55
4051.94 12.65
4053.94 5.29
4055.94 2.61
4057.94 6.21
4059.96 9.17
4061.94 5.98
4063.95 6.29
4065.95 4.17
4067.94 0.12
4069.95 11.57
4072.22 22.88
4074.56 0.11
4076.2 1.68
4078.2 7.89
4080.2 2.21
4082.17 1.92
4084.19 25.21
4086.2 19.4
4088.19 23.89
4090.19 0.44
4092.19 5.98
4094.19 0.26
4096.2 0.33
4098.19 0.1
4100.2 0.22
4102.19 6.16
4104.2 6.72
4106.07 5.95
4108.2 2.95
4110.2 0.22
4112.2 0.1
4114.2 0.56
4116.21 12.43
4118.19 8.33
4120.2 8.88
4122.2 9.67
4124.2 9.82
4126.19 0.32
4128.19 0.43
4130.07 6.3
4132.2 0.34
4134.2 20.28
4136.2 0.11
4138.19 3.62
4140.19 0.11
4142.19 6.69
4144.2 0.11
4146.2 0.12
4148.19 3.92
4150.19 0.19
4152.2 6.27
4154.15 5.0
4156.2 0.57
4158.19 8.18
4160.19 4.3
4162.2 7.59
4164.19 4.27
4166.19 0.58
4168.19 6.53
4170.19 0.1
4172.19 9.49
4174.19 1.15
4176.19 0.21
4178.09 5.23
4180.19 8.53
4182.19 12.25
4184.2 0.12
4186.2 12.94
4188.2 0.11
4190.2 0.03
4192.19 8.81
4194.19 0.43
4196.19 17.01
4198.19 5.55
4200.19 1.27
4202.19 0.21
4204.2 7.9
4206.19 0.3
4208.19 0.2
4210.19 7.49
4212.2 4.11
4214.19 6.18
4216.19 8.5
4218.2 9.27
4220.2 0.11
4222.19 7.14
4224.19 1.34
4226.2 5.04
4228.19 8.51
4230.19 0.14
4232.19 10.6
4234.19 0.03
4236.19 0.11
4238.2 14.26
4240.19 5.06
4242.2 0.23
4244.19 0.1
4246.19 5.7
4248.19 0.11
4250.2 5.58
4252.19 21.34
4254.19 5.42
4256.19 7.37
4258.2 0.38
4260.19 0.22
4262.2 5.35
4264.2 0.52
4266.19 4.86
4268.19 0.38
4270.2 0.11
4272.2 6.68
4274.2 5.81
4276.2 0.83
4278.2 0.43
4280.2 0.2
4282.19 11.17
4284.19 0.09
4286.19 9.07
4288.2 4.55
4290.2 0.1
4292.19 8.58
4294.19 3.14
4296.2 1.29
4298.2 2.24
4300.19 0.42
4302.2 0.83
4304.19 20.03
4306.2 13.84
4308.2 0.2
4310.19 0.1
4312.2 0.65
4314.19 0.11
4316.19 7.92
4318.2 1.56
4320.45 4.34
4322.2 5.77
4324.2 5.12
4326.19 0.22
4328.45 6.19
4330.44 0.52
4332.44 0.1
4334.44 0.68
4336.45 14.24
4338.44 0.12
4340.45 0.1
4342.44 0.1
4344.44 1.76
4346.45 6.39
4348.44 0.28
4350.45 0.57
4352.45 5.64
4354.45 0.63
4356.45 6.58
4358.45 33.77
4360.44 2.32
4362.44 0.41
4364.44 0.84
4366.44 0.2
4368.45 0.57
4370.44 6.93
4372.44 0.1
4374.44 0.36
4376.45 6.03
4378.53 16.75
4380.44 0.03
4382.44 0.1
4384.45 5.64
4386.45 0.11
4388.45 0.12
4390.44 0.22
4392.44 14.79
4394.44 12.66
4396.45 0.28
4398.45 2.48
4400.44 16.68
4402.44 20.12
4404.44 0.09
4406.45 0.28
4408.45 0.44
4410.45 0.53
4412.45 0.34
4414.45 0.22
4416.44 0.09
4418.45 0.1
4420.44 32.99
4422.44 7.12
4424.44 2.52
4426.45 0.44
4428.44 11.11
4430.44 0.36
4432.44 9.08
4434.44 5.16
4436.45 0.38
4438.44 6.47
4440.44 23.37
4442.45 19.28
4444.44 0.44
4446.44 0.11
4448.45 0.1
4450.46 34.1
4452.44 6.57
4454.44 41.07
4456.45 0.51
4458.45 37.07
4460.45 30.39
4462.45 0.11
4464.44 0.36
4466.44 0.19
4468.44 0.71
4470.45 0.9
4472.45 14.94
4474.45 0.11
4476.44 0.11
4478.45 0.34
4480.45 18.89
4482.45 9.44
4484.45 2.89
4486.45 0.13
4488.45 0.33
4490.45 0.41
4492.45 0.42
4494.45 4.49
4496.44 0.3
4498.45 0.11
4500.45 6.17
4502.44 0.2
4504.44 0.41
4506.46 0.42
4508.45 10.06
4510.45 0.1
4512.44 0.2
4514.44 0.1
4516.45 4.49
4518.44 0.52
4520.45 1.81
4522.45 14.14
4524.45 5.78
4526.45 2.57
4528.44 0.41
4530.45 22.71
4532.45 4.81
4534.44 0.11
4536.45 5.05
4538.45 0.11
4540.44 0.37
4542.44 9.2
4544.46 10.35
4546.44 13.36
4548.45 18.55
4550.44 0.36
4552.44 27.7
4554.45 0.27
4556.44 0.41
4558.45 0.3
4560.45 0.65
4562.44 0.2
4564.45 23.88
4566.45 0.21
4568.44 5.77
4570.45 14.42
4572.45 1.09
4574.44 0.21
4576.7 6.85
4578.69 3.55
4580.7 0.03
4582.69 0.1
4584.7 0.14
4586.7 0.11
4588.7 0.21
4590.7 0.23
4592.69 0.2
4594.69 9.71
4596.7 2.07
4598.7 11.22
4600.68 0.11
4602.69 21.41
4604.69 1.71
4606.7 5.88
4608.69 0.62
4610.69 6.07
4612.69 3.41
4614.7 24.27
4616.7 1.51
4618.69 11.28
4620.7 6.26
4622.71 0.3
4624.57 6.08
4626.71 0.28
4628.7 0.22
4630.7 0.22
4632.69 0.21
4634.69 0.14
4636.7 8.89
4638.7 0.6
4640.7 0.87
4642.7 0.89
4644.7 6.43
4646.7 0.61
4648.67 0.11
4650.7 9.77
4652.7 28.2
4654.7 0.11
4656.7 3.35
4658.7 7.63
4660.7 0.71
4662.71 0.33
4664.69 15.08
4666.7 0.65
4668.71 5.4
4670.7 0.39
4672.7 0.2
4674.7 31.13
4676.71 0.5
4678.7 0.2
4680.7 12.75
4682.7 6.06
4684.7 0.1
4686.7 0.22
4688.69 0.11
4690.69 8.32
4692.69 5.75
4694.7 0.68
4696.66 1.24
4698.7 16.96
4700.69 0.03
4702.69 11.69
4704.69 5.43
4706.7 0.11
4708.7 0.09
4710.7 27.75
4712.7 0.09
4714.69 0.63
4716.7 9.47
4718.7 9.87
4720.7 9.68
4722.69 21.27
4724.69 19.85
4726.69 0.1
4728.69 0.37
4730.69 0.1
4732.7 16.41
4734.69 0.2
4736.69 0.28
4738.7 0.41
4740.7 0.1
4742.69 14.22
4744.69 11.13
4746.7 2.66
4748.69 0.56
4750.69 5.59
4752.7 2.18
4754.7 0.2
4756.7 3.73
4758.69 0.56
4760.69 1.92
4762.69 5.12
4764.7 1.03
4766.7 5.75
4768.69 10.93
4770.69 1.2
4772.7 12.3
4774.69 0.03
4776.7 12.13
4778.69 4.79
4780.7 0.31
4782.7 9.83
4784.69 0.12
4786.69 15.87
4788.7 5.77
4790.69 17.47
4792.69 1.24
4794.69 18.36
4796.72 4.78
4798.69 5.85
4800.69 0.57
4802.7 20.39
4804.7 0.44
4806.7 0.53
4808.69 14.73
4810.69 0.23
4812.7 5.88
4814.7 15.19
4816.7 5.69
4818.7 6.77
4820.7 0.22
4822.7 6.27
4824.95 0.14
4826.94 0.27
4828.94 29.84
4830.92 0.12
4832.94 5.74
4834.94 0.46
4836.95 17.58
4838.94 0.22
4840.94 0.1
4842.95 10.33
4844.95 0.2
4846.94 8.77
4848.95 0.22
4850.94 0.1
4852.94 4.31
4854.85 4.83
4856.95 16.54
4858.94 6.95
4860.94 17.44
4862.95 0.22
4864.94 5.99
4866.95 1.91
4868.95 9.52
4870.95 0.11
4872.95 2.59
4874.95 0.26
4876.95 0.2
4878.93 0.33
4880.94 8.21
4882.94 19.22
4884.94 0.1
4886.94 0.24
4888.95 0.29
4890.94 1.93
4892.95 0.32
4894.97 6.24
4896.94 0.29
4898.96 4.57
4900.95 3.02
4902.94 0.55
4904.94 3.14
4906.95 4.66
4908.95 0.2
4910.94 6.1
4912.94 5.3
4914.95 2.71
4916.95 0.85
4918.95 0.11
4920.95 2.63
4922.95 0.11
4924.95 0.21
4926.92 0.27
4928.94 0.43
4930.94 3.07
4932.95 12.17
4934.94 9.69
4936.94 1.56
4938.95 20.13
4940.94 6.5
4942.95 0.28
4944.95 0.3
4946.95 0.38
4948.96 11.03
4950.82 6.0
4952.94 22.67
4954.95 4.28
4956.95 0.03
4958.95 6.03
4960.95 6.03
4962.95 11.95
4964.95 0.38
4966.95 7.72
4968.95 0.19
4970.95 0.11
4972.94 17.44
4974.94 0.5
4976.95 13.7
4978.95 3.35
4980.95 6.01
4982.94 6.27
4984.95 6.57
4986.95 7.89
4988.94 6.56
4990.94 0.28
4992.94 2.35
4994.94 6.62
4996.94 6.1
4998.95 6.11
5000.94 0.1
5002.95 0.23
5004.95 6.73
5006.95 5.04
5008.95 0.1
5010.95 1.03
5012.95 21.89
5014.95 0.1
5016.95 0.45
5018.94 6.69
5020.94 0.58
5022.94 6.35
5024.95 0.6
5026.94 10.46
5028.95 16.27
5030.95 0.5
5032.95 18.85
5034.94 0.33
5036.94 0.3
5038.95 12.65
5040.94 0.83
5042.94 6.65
5044.95 0.35
5046.92 0.11
5048.95 5.28
5050.94 0.48
5052.95 0.21
5054.95 8.28
5056.95 8.74
5058.95 0.55
5060.94 16.85
5062.94 6.55
5064.94 0.31
5066.95 0.23
5068.95 0.13
5070.96 5.61
5073.19 0.1
5075.2 2.63
5077.2 0.14
5079.2 0.32
5081.19 0.19
5083.2 17.68
5085.19 6.02
5087.19 17.73
5089.2 3.57
5091.2 0.11
5093.2 0.57
5095.2 0.1
5097.2 0.41
5099.2 0.14
5101.2 4.12
5103.2 7.39
5105.19 0.1
5107.2 0.24
5109.2 0.22
5111.2 0.57
5113.2 0.69
5115.2 0.1
5117.2 3.65
5119.2 0.21
5121.2 0.46
5123.2 3.21
5125.19 8.08
5127.19 6.63
5129.2 0.1
5131.2 7.11
5133.19 0.71
5135.2 5.69
5137.2 1.45
5139.2 0.11
5141.19 0.68
5143.19 0.09
5145.19 7.0
5147.2 0.82
5149.2 7.07
5151.19 0.84
5153.2 0.1
5155.19 1.04
5157.2 5.41
5159.19 0.86
5161.2 1.66
5163.2 6.83
5165.2 1.47
5167.2 6.28
5169.19 1.1
5171.2 0.76
5173.2 0.14
5175.2 0.87
5177.2 0.17
5179.19 0.94
5181.2 14.48
5183.19 0.34
5185.2 5.16
5187.2 0.18
5189.19 1.41
5191.2 0.1
5193.2 14.45
5195.19 0.48
5197.2 0.21
5199.2 0.29
5201.19 6.66
5203.2 0.97
5205.19 4.81
5207.21 0.11
5209.2 0.68
5211.2 0.1
5213.2 0.92
5215.2 0.19
5217.2 0.69
5219.2 0.48
5221.2 7.11
5223.2 0.21
5225.2 6.96
5227.2 14.31
5229.19 18.67
5231.2 0.98
5233.2 0.68
5235.2 7.24
5237.2 0.67
5239.2 6.49
5241.2 2.34
5243.2 0.68
5245.2 7.75
5247.21 0.42
5249.2 6.73
5251.2 0.31
5253.2 1.12
5255.2 0.32
5257.2 55.58
5259.2 6.58
5261.2 5.55
5263.2 9.57
5265.2 11.68
5267.2 4.99
5269.2 0.1
5271.19 15.12
5273.2 0.1
5275.21 0.57
5277.2 0.1
5279.2 0.41
5281.2 0.4
5283.19 6.72
5285.2 0.13
5287.2 0.21
5289.19 1.24
5291.19 0.28
5293.19 5.41
5295.2 4.42
5297.2 1.84
5299.2 0.32
5301.2 1.41
5303.19 0.38
5305.19 6.84
5307.2 0.21
5309.2 19.26
5311.2 5.7
5313.19 0.95
5315.2 8.01
5317.2 7.32
5319.2 0.26
5321.2 9.32
5323.2 6.03
5325.2 0.14
5327.2 25.22
5329.46 0.59
5331.44 0.28
5333.45 0.22
5335.44 6.45
5337.45 7.01
5339.45 11.93
5341.45 0.11
5343.44 0.26
5345.45 6.43
5347.45 12.04
5349.41 0.12
5351.45 0.31
5353.44 19.55
5355.45 0.41
5357.45 0.54
5359.45 0.2
5361.45 13.63
5363.44 0.62
5365.45 7.68
5367.45 0.82
5369.45 0.1
5371.45 7.95
5373.43 0.2
5375.45 0.72
5377.45 0.7
5379.45 0.1
5381.45 0.75
5383.45 6.76
5385.45 0.28
5387.45 0.95
5389.45 25.84
5391.44 9.2
5393.45 0.1
5395.45 0.1
5397.42 0.11
5399.45 12.21
5401.45 12.21
5403.45 0.22
5406.67 0.84
5407.54 2.66
5409.45 1.11
5411.45 5.15
5413.45 7.26
5415.45 1.99
5417.45 0.82
5419.45 3.8
5421.34 5.24
5423.46 0.33
5425.45 11.36
5427.45 0.23
5429.45 0.98
5431.45 10.92
5433.45 0.59
5435.45 2.21
5437.45 0.28
5439.45 0.2
5441.44 0.2
5443.45 15.22
5445.43 0.11
5447.45 3.53
5449.44 0.21
5451.44 7.86
5453.45 0.23
5455.45 6.19
5457.45 11.58
5459.46 0.94
5461.45 1.39
5463.46 12.5
5465.45 5.39
5467.45 0.1
5469.44 16.48
5471.45 4.03
5473.45 3.46
5475.44 0.1
5477.45 17.51
5479.44 13.43
5481.45 7.95
5483.44 0.13
5485.45 0.39
5487.45 0.03
5489.45 0.1
5491.45 0.88
5493.45 5.72
5495.45 7.69
5497.45 12.18
5499.44 26.68
5501.45 0.92
5503.44 6.25
5505.45 10.82
5507.44 0.98
5509.45 0.03
5511.44 0.33
5513.45 28.74
5515.45 6.18
5517.44 8.17
5519.45 0.47
5521.44 4.41
5523.45 6.6
5525.45 0.62
5527.45 0.19
5529.45 3.92
5531.44 0.03
5533.45 0.41
5535.45 9.45
5537.45 6.22
5539.45 0.68
5541.42 0.1
5543.44 2.68
5545.45 32.09
5547.45 0.1
5549.45 0.23
5551.45 0.19
5553.45 0.71
5555.45 6.25
5557.44 0.28
5559.45 0.53
5561.45 0.29
5563.45 19.39
5565.45 6.26
5567.45 0.32
5569.44 5.84
5571.45 6.04
5573.44 1.05
5575.44 19.73
5577.69 3.84
5579.7 11.54
5581.7 0.12
5583.69 3.55
5585.7 9.85
5587.7 22.28
5589.7 0.19
5591.7 0.2
5593.7 0.42
5595.7 6.08
5597.69 0.24
5599.69 0.1
5601.7 26.48
5603.7 0.69
5605.7 0.24
5607.69 25.53
5609.69 0.28
5611.69 20.98
5613.7 5.9
5615.7 2.27
5617.7 0.81
5619.69 5.06
5621.7 0.46
5623.7 6.39
5625.69 0.59
5627.7 30.9
5629.7 0.11
5631.7 3.11
5633.69 0.2
5635.7 5.46
5637.7 0.12
5639.7 0.29
5641.7 0.41
5643.7 0.11
5645.7 0.29
5647.69 6.26
5649.7 0.39
5651.7 28.94
5653.7 9.46
5655.7 9.54
5657.7 6.76
5659.7 3.17
5661.7 8.05
5663.69 40.09
5665.7 10.08
5667.7 6.47
5669.7 0.29
5671.7 0.11
5673.7 0.43
5675.7 0.34
5677.7 10.19
5679.69 33.08
5681.7 6.68
5683.7 0.1
5685.7 6.45
5687.7 17.86
5689.7 0.46
5691.7 0.27
5693.69 3.05
5695.7 0.1
5697.69 0.56
5699.7 0.31
5701.69 10.93
5703.7 0.39
5705.7 6.61
5707.7 5.93
5709.7 0.1
5711.7 0.81
5713.7 0.27
5715.7 0.28
5717.7 0.66
5719.7 0.11
5721.7 0.96
5723.7 0.56
5725.7 0.92
5727.69 0.21
5729.7 6.67
5731.7 0.57
5733.7 6.19
5735.7 1.13
5737.7 29.7
5739.7 0.27
5741.7 1.89
5743.7 0.1
5745.7 1.06
5747.7 0.67
5749.69 0.7
5751.69 0.28
5753.7 6.99
5755.69 1.6
5757.69 0.17
5759.69 0.41
5761.7 0.51
5763.7 0.14
5765.7 0.54
5767.7 7.12
5769.7 0.33
5771.7 0.54
5773.7 0.78
5775.7 0.52
5777.7 0.26
5779.7 2.79
5781.7 0.1
5783.7 8.85
5785.7 6.4
5787.7 5.81
5789.7 0.56
5791.69 0.22
5793.7 0.45
5795.7 9.23
5797.7 0.23
5799.7 2.28
5801.69 13.01
5803.7 0.23
5805.7 6.24
5807.7 0.41
5809.7 0.33
5811.7 0.26
5813.7 0.33
5815.7 0.09
5817.7 0.52
5819.7 5.45
5821.7 5.92
5823.7 0.54
5825.95 6.72
5827.95 0.4
5829.95 0.11
5831.95 10.68
5833.95 0.72
5835.95 0.12
5837.95 0.43
5839.95 1.23
5841.94 0.32
5843.81 6.81
5845.95 0.59
5847.95 0.11
5849.94 0.11
5851.95 0.54
5853.95 6.46
5855.95 0.26
5857.95 10.39
5859.95 35.56
5861.95 1.01
5863.95 0.11
5865.94 24.77
5867.92 0.11
5869.95 0.28
5871.95 0.53
5873.95 0.1
5875.94 18.3
5877.95 0.1
5879.95 0.69
5881.94 6.95
5883.94 0.4
5885.95 0.82
5887.95 6.94
5889.95 4.08
5891.94 0.09
5893.94 0.1
5899.16 3.92
5900.28 6.99
5901.51 9.51
5902.55 0.75
5903.95 5.67
5905.95 5.26
5907.95 10.32
5909.95 6.33
5911.95 0.11
5913.95 5.54
5915.82 6.23
5917.94 0.26
5919.95 2.65
5921.95 0.81
5923.95 4.53
5925.94 0.1
5927.94 0.2
5929.95 0.24
5931.95 0.22
5933.95 0.55
5935.95 6.66
5937.94 6.64
5939.94 0.1
5941.95 0.43
5943.95 7.86
5945.95 0.29
5947.95 46.28
5949.95 6.77
5951.95 0.52
5953.95 0.66
5955.95 0.3
5957.95 0.58
5959.95 6.64
5961.95 2.04
5963.93 0.1
5965.95 0.51
5967.95 1.67
5969.95 0.13
5971.95 0.72
5973.94 7.32
5975.95 0.64
5977.95 9.28
5979.95 0.14
5981.95 0.43
5983.95 0.11
5985.95 0.68
5987.93 0.31
5989.95 1.14
5991.94 0.03
5993.95 6.81
5995.95 0.76
5997.95 0.1
5999.95 0.84
6001.94 26.31
6003.95 0.11
6005.95 17.03
6007.95 19.8
6009.95 0.4
6011.92 0.2
6013.95 1.19
6015.95 0.8
6017.95 6.53
6019.95 13.15
6021.95 0.1
6023.95 8.73
6025.94 0.56
6027.95 6.14
6029.95 0.52
6031.95 6.7
6033.95 0.77
6035.95 0.18
6037.95 9.65
6039.95 0.22
6041.95 0.3
6043.95 0.95
6045.94 0.29
6047.95 6.54
6049.95 0.51
6051.95 5.64
6053.95 10.67
6055.95 0.31
6057.95 5.65
6059.95 12.28
6061.95 1.27
6063.95 0.61
6065.95 5.86
6067.95 1.74
6069.95 6.57
6071.95 0.95
6074.17 0.1
6076.2 0.74
6078.2 0.29
6080.2 33.52
6082.2 1.32
6084.2 0.1
6086.2 0.41
6088.2 0.66
6090.2 4.57
6092.2 0.94
6094.2 21.38
6096.2 3.95
6098.06 6.39
6100.2 1.12
6102.2 0.53
6104.2 0.11
6106.2 1.06
6108.2 0.19
6110.2 51.53
6112.2 1.3
6114.19 6.74
6116.2 15.88
6118.2 0.2
6120.2 0.41
6122.07 7.25
6124.2 0.36
6126.2 1.08
6128.21 0.1
6130.21 0.53
6132.2 2.0
6134.2 6.47
6136.22 7.66
6138.2 0.13
6140.2 8.0
6142.19 0.1
6144.2 0.03
6146.1 4.72
6148.2 8.87
6150.2 13.51
6152.21 13.43
6154.2 15.54
6156.2 10.54
6158.2 0.2
6160.2 8.06
6162.2 0.41
6164.2 0.12
6166.2 0.1
6168.19 3.74
6170.18 0.11
6172.2 9.71
6174.2 17.51
6176.2 6.17
6178.2 22.02
6180.21 0.22
6182.19 0.35
6184.19 5.24
6186.2 0.34
6188.2 0.35
6190.2 5.83
6192.2 24.66
6194.07 8.31
6196.2 0.77
6198.19 6.42
6200.2 5.71
6202.2 0.4
6204.2 6.44
6206.2 0.32
6208.2 0.31
6210.2 12.1
6212.2 0.1
6214.2 6.11
6216.2 15.36
6218.18 0.11
6220.19 2.87
6222.2 0.14
6224.2 19.14
6226.2 7.4
6228.2 0.99
6230.2 0.68
6232.2 0.26
6234.2 0.12
6236.19 1.07
6238.2 5.81
6240.2 23.39
6242.2 7.17
6244.2 21.68
6246.25 0.89
6248.26 6.2
6250.27 4.23
6252.26 6.39
6254.26 0.09
6256.2 13.63
6258.21 0.32
6260.24 1.54
6262.24 6.06
6264.26 0.54
6266.21 5.96
6268.29 9.87
6270.27 0.51
6272.21 0.22
6274.2 0.83
6276.19 9.89
6278.19 8.66
6280.2 0.41
6282.19 0.28
6284.2 12.04
6286.2 0.2
6288.2 0.42
6290.18 0.2
6292.2 13.9
6294.2 0.45
6296.2 0.09
6298.2 0.33
6300.2 0.11
6302.19 17.93
6304.2 12.8
6306.2 0.54
6308.2 0.28
6310.2 0.11
6312.2 20.46
6314.2 0.44
6316.2 5.24
6318.2 9.23
6320.2 0.1
6322.45 0.29
6324.2 0.2
6326.2 15.62
6328.2 0.39
6330.44 0.7
6332.45 5.0
6334.45 0.21
6336.45 26.86
6338.44 0.52
6340.45 13.88
6342.45 0.33
6344.45 7.2
6346.45 0.79
6348.45 21.66
6350.44 0.44
6352.45 30.54
6354.45 5.54
6356.45 0.14
6358.45 0.11
6360.45 0.56
6362.44 6.41
6364.45 0.5
6366.44 14.34
6368.44 6.55
6370.45 11.11
6372.45 5.54
6374.45 12.97
6376.45 11.85
6378.45 0.14
6380.45 0.14
6382.45 10.43
6384.45 6.38
6386.45 0.68
6388.44 5.11
6390.46 1.81
6392.45 9.31
6394.45 16.3
6396.46 2.24
6398.44 0.1
6400.45 0.21
6402.45 0.1
6404.45 0.11
6406.45 0.11
6408.45 2.78
6410.45 0.22
6412.45 2.15
6414.45 0.61
6416.45 0.28
6418.45 0.63
6420.45 1.47
6422.46 1.82
6424.45 2.57
6426.45 7.76
6428.45 13.56
6430.45 10.53
6432.45 23.12
6434.44 5.36
6436.45 0.66
6438.45 0.72
6440.44 6.38
6442.45 17.1
6444.45 5.67
6446.45 12.9
6448.45 4.77
6450.45 0.29
6452.45 0.48
6454.45 20.32
6456.45 0.81
6458.44 0.12
6460.45 0.32
6462.45 3.74
6464.45 0.29
6466.45 3.53
6468.46 0.29
6470.44 2.65
6472.45 0.56
6474.45 4.31
6476.49 1.03
6478.5 13.05
6480.52 7.0
6482.53 15.45
6484.45 0.37
6486.45 18.98
6488.45 3.2
6490.45 0.57
6492.45 6.31
6494.45 15.67
6496.45 0.54
6498.45 0.38
6500.45 43.57
6502.45 0.3
6504.45 14.7
6506.45 6.35
6508.45 0.57
6510.45 0.82
6512.45 6.43
6514.45 4.07
6516.45 14.6
6518.45 0.96
6520.45 0.45
6522.45 0.31
6524.45 0.2
6526.45 4.33
6528.45 18.19
6530.45 6.71
6532.45 22.87
6534.45 2.21
6536.45 6.9
6538.45 7.66
6540.45 4.23
6542.45 8.84
6544.45 9.34
6546.46 7.09
6548.45 2.4
6550.44 5.29
6552.45 11.94
6554.45 11.96
6556.45 0.56
6558.45 0.11
6560.44 6.23
6562.45 16.71
6564.45 6.92
6566.45 11.41
6568.45 20.34
6570.45 0.2
6572.45 0.24
6574.44 6.27
6576.45 0.1
6578.45 6.09
6580.7 12.91
6582.7 0.11
6584.7 0.25
6586.69 3.38
6588.7 0.42
6590.71 2.22
6592.66 0.96
6594.7 12.58
6596.7 7.85
6598.7 6.27
6600.7 0.56
6602.7 6.04
6604.7 9.24
6606.7 0.56
6608.7 0.27
6610.7 0.79
6612.7 1.52
6614.7 1.59
6616.69 0.1
6618.7 0.34
6620.7 7.91
6622.7 0.14
6624.7 0.47
6626.7 5.85
6628.7 0.58
6630.7 2.08
6632.7 0.38
6634.7 21.26
6636.7 0.09
6638.7 9.06
6640.7 0.35
6642.7 0.2
6644.7 10.94
6646.7 6.46
6648.7 18.21
6650.7 0.12
6652.7 3.91
6654.7 1.19
6656.71 0.44
6658.7 4.98
6660.7 0.19
6662.7 0.11
6664.67 0.11
6666.7 44.7
6668.7 2.99
6670.7 0.19
6672.7 0.09
6674.7 0.09
6676.7 0.17
6678.7 0.34
6680.7 0.09
6682.7 9.3
6684.7 0.2
6686.7 2.54
6688.7 4.05
6690.7 0.03
6692.7 4.72
6694.69 5.46
6696.7 5.15
6698.71 6.24
6700.7 5.52
6702.7 7.07
6704.7 7.93
6706.7 7.81
6708.7 7.18
6710.7 0.84
6712.69 1.29
6714.7 12.89
6716.7 12.74
6718.7 1.81
6720.7 12.24
6722.7 0.19
6724.7 10.77
6726.7 0.21
6728.7 0.42
6730.7 14.74
6732.7 6.02
6734.7 0.25
6736.7 7.31
6738.7 5.1
6740.7 0.67
6742.7 0.31
6744.7 0.21
6746.7 0.19
6748.7 0.23
6750.7 2.34
6752.7 12.27
6754.7 0.03
6756.7 0.11
6758.7 30.96
6760.7 6.63
6762.7 0.79
6764.7 0.6
6766.7 8.87
6768.7 0.48
6770.7 6.69
6772.7 0.54
6774.69 0.46
6776.7 0.1
6778.7 1.19
6780.71 0.11
6782.7 0.68
6784.7 6.52
6786.69 0.84
6788.7 0.12
6790.7 6.94
6792.7 27.45
6794.7 0.1
6796.7 0.7
6798.7 0.91
6800.7 0.2
6802.7 0.34
6804.7 0.42
6806.7 0.86
6808.7 0.1
6810.7 0.66
6812.7 0.87
6814.7 0.09
6816.7 0.65
6818.7 9.18
6820.7 0.71
6822.7 0.14
6824.7 23.19
6826.7 2.06
6828.95 0.11
6830.95 0.33
6832.95 9.44
6834.97 0.65
6836.95 0.65
6838.95 0.21
6840.95 14.66
6842.94 0.12
6844.95 0.52
6846.83 14.55
6848.95 0.15
6850.95 34.83
6852.95 6.63
6854.94 0.4
6856.95 0.29
6858.94 0.64
6860.95 4.83
6862.95 0.22
6864.95 11.05
6866.95 0.11
6868.95 0.34
6870.92 0.11
6872.95 25.11
6874.95 0.56
6876.95 19.9
6878.95 0.31
6880.95 0.31
6882.95 0.63
6884.95 0.42
6886.95 7.77
6888.95 16.99
6890.95 6.52
6892.95 36.71
6894.94 0.1
6896.95 24.86
6898.95 0.72
6900.94 6.13
6902.95 0.61
6904.95 6.47
6906.95 1.46
6908.95 0.44
6910.95 0.21
6912.95 0.61
6914.95 0.11
6916.95 0.97
6918.93 0.21
6920.95 0.86
6922.95 0.44
6924.95 6.56
6926.95 0.34
6928.95 0.11
6930.95 20.56
6932.94 0.52
6934.95 8.58
6936.95 0.69
6938.95 0.11
6940.95 0.4
6942.82 6.24
6944.95 0.79
6946.95 0.1
6948.95 0.18
6950.95 0.53
6952.95 12.9
6954.95 0.55
6956.94 3.34
6958.95 0.12
6960.94 0.35
6962.95 0.09
6964.95 0.29
6966.95 6.6
6968.95 0.26
6970.95 0.09
6972.95 9.68
6974.95 0.45
6976.95 0.33
6978.95 0.11
6980.95 10.2
6982.95 12.82
6984.95 0.57
6986.95 0.14
6988.95 4.54
6990.95 5.69
6992.95 0.54
6994.95 15.28
6996.95 5.7
6998.95 0.56
7000.95 1.25
7002.95 16.44
7004.95 0.56
7006.95 0.2
7008.95 10.23
7010.95 0.21
7012.95 0.14
7014.94 0.1
7016.95 4.25
7018.95 1.14
7020.94 0.13
7022.95 0.52
7024.94 6.13
7026.95 2.88
7028.95 0.3
7030.95 0.4
7032.95 0.53
7034.95 5.93
7036.95 0.29
7038.93 0.22
7040.95 8.47
7042.95 0.43
7044.95 20.09
7046.95 34.3
7048.95 0.1
7050.95 0.55
7052.95 0.76
7054.95 6.69
7056.95 0.41
7058.95 0.1
7060.94 28.06
7062.94 0.3
7064.95 0.78
7066.95 0.94
7068.95 0.19
7070.94 0.67
7072.95 0.3
7075.2 0.68
7077.2 0.81
7079.2 5.85
7081.2 0.68
7083.2 17.94
7085.2 31.51
7087.2 6.37
7089.2 0.37
7091.2 37.9
7093.2 8.07
7095.2 0.22
7097.2 22.29
7099.2 16.3
7101.2 0.3
7103.2 41.64
7105.2 0.69
7107.2 6.58
7109.2 23.79
7111.17 0.21
7113.2 0.42
7115.2 0.65
7117.2 0.11
7119.2 2.45
7121.2 6.58
7123.2 0.44
7125.2 10.46
7127.2 0.3
7129.2 13.95
7131.2 12.81
7133.2 8.15
7135.2 0.03
7137.2 1.13
7139.21 0.2
7141.2 0.11
7143.2 5.29
7145.2 6.54
7147.2 0.48
7149.2 0.09
7151.2 0.25
7153.2 0.62
7155.2 0.09
7157.2 0.58
7159.2 0.1
7161.2 0.79
7163.2 0.21
7165.2 7.43
7167.2 0.14
7169.2 6.66
7171.2 0.1
7173.2 0.48
7175.2 0.26
7177.2 0.57
7179.2 42.32
7181.19 0.58
7183.2 6.2
7185.2 17.47
7187.2 0.55
7189.2 6.46
7191.2 0.42
7193.2 6.6
7195.2 0.1
7197.2 0.2
7199.2 0.14
7201.2 2.67
7203.2 15.9
7205.2 16.02
7207.2 0.21
7209.2 2.83
7211.2 7.29
7213.2 0.2
7215.2 0.11
7217.2 8.63
7219.2 9.83
7221.2 10.75
7223.2 3.47
7225.2 7.65
7227.2 8.63
7229.2 0.33
7231.2 5.4
7233.2 4.51
7235.2 0.14
7237.2 16.78
7239.2 0.54
7241.2 0.11
7243.2 5.91
7245.2 0.65
7247.2 0.24
7249.2 14.07
7251.2 0.11
7253.2 21.35
7255.2 24.0
7257.2 0.2
7259.2 0.43
7261.2 0.12
7263.19 5.61
7265.2 6.19
7267.2 0.32
7269.2 0.21
7271.2 1.4
7273.2 3.03
7275.2 6.34
7277.2 0.78
7279.2 6.68
7281.2 0.39
7283.2 9.24
7285.2 9.16
7287.2 9.73
7289.2 0.18
7291.2 0.92
7293.19 0.45
7295.2 0.11
7297.2 19.4
7299.2 0.1
7301.2 0.09
7303.2 0.22
7305.21 5.71
7307.2 25.55
7309.2 0.1
7311.21 37.87
7313.2 0.1
7315.2 0.83
7317.2 0.41
7319.2 0.29
7321.2 29.52
7323.2 6.78
7325.2 0.58
7327.2 0.12
7329.2 0.72
7331.45 0.82
7333.45 0.12
7335.45 0.47
7337.45 6.72
7339.45 0.33
7341.31 6.37
7343.44 0.41
7345.45 0.44
7347.46 0.11
7349.45 1.11
7351.44 6.8
7353.45 3.72
7355.45 0.78
7357.44 0.26
7359.46 0.29
7361.45 0.2
7363.45 0.4
7365.32 6.45
7367.45 12.17
7369.45 0.47
7371.45 16.86
7373.45 0.19
7375.45 0.11
7377.45 8.66
7379.45 0.96
7381.44 0.42
7383.45 0.28
7385.45 6.46
7387.46 11.5
7389.32 6.37
7391.45 0.41
7393.45 0.63
7395.45 0.31
7397.45 1.41
7399.45 0.11
7401.45 2.64
7403.46 0.21
7405.45 0.27
7407.45 0.51
7409.45 0.11
7411.45 0.71
7413.32 6.3
7415.45 0.31
7417.45 0.66
7419.45 0.1
7421.46 19.33
7423.45 6.4
7425.45 0.67
7427.45 2.97
7429.45 0.29
7431.49 1.24
7433.45 0.2
7435.45 0.55
7437.31 6.37
7439.45 0.41
7441.45 10.99
7443.45 0.1
7445.45 10.33
7447.45 0.23
7449.45 0.33
7451.45 0.41
7453.45 0.14
7455.45 0.4
7457.45 6.32
7459.45 5.56
7461.45 6.7
7463.45 0.2
7465.45 8.35
7467.45 0.12
7469.45 0.39
7471.45 0.21
7473.45 31.54
7475.45 0.56
7477.45 0.55
7479.45 0.5
7481.45 0.2
7483.45 0.3
7485.45 0.11
7487.44 2.33
7489.45 1.12
7491.45 44.34
7493.45 0.59
7495.45 6.24
7497.45 0.45
7499.45 0.63
7501.45 0.3
7503.45 0.4
7505.44 6.82
7507.45 0.44
7509.43 0.1
7511.46 0.41
7513.45 0.19
7515.44 6.61
7517.45 0.22
7519.45 7.02
7521.45 0.9
7523.45 0.54
7525.45 0.27
7527.45 0.22
7529.45 0.28
7531.45 20.73
7533.45 6.24
7535.45 0.54
7537.45 0.55
7539.45 24.51
7541.45 0.78
7543.45 0.2
7545.45 0.3
7547.46 0.73
7549.44 0.12
7551.45 4.14
7553.45 0.1
7555.44 1.19
7557.43 0.29
7559.45 2.06
7561.45 0.7
7563.45 0.1
7565.45 0.51
7567.45 0.19
7569.45 18.79
7571.45 0.28
7573.45 17.75
7575.7 0.68
7577.45 0.1
7579.7 0.32
7581.7 0.3
7583.7 0.22
7585.7 2.83
7587.7 6.24
7589.7 0.64
7591.7 0.11
7593.71 22.92
7595.7 0.65
7597.7 0.43
7599.7 0.93
7601.7 6.65
7603.7 0.32
7605.7 0.16
7607.7 13.26
7609.71 11.57
7611.7 0.34
7613.7 28.52
7615.7 0.02
7617.7 0.35
7619.7 8.78
7621.7 4.95
7623.7 8.56
7625.7 0.29
7627.7 19.22
7629.7 0.1
7631.71 3.41
7633.7 0.64
7635.7 0.1
7637.7 0.8
7639.7 0.11
7641.7 8.11
7643.7 0.43
7645.7 0.23
7647.7 0.21
7649.7 6.64
7651.7 20.16
7653.7 0.21
7655.7 0.73
7657.71 0.29
7659.7 0.1
7661.7 0.39
7663.7 0.11
7665.7 10.34
7667.7 0.4
7669.7 0.11
7671.7 20.66
7673.7 6.26
7675.7 10.33
7677.7 6.52
7679.7 0.35
7681.7 0.44
7683.7 0.2
7685.7 0.76
7687.7 6.41
7689.7 0.66
7691.7 9.45
7693.7 0.03
7695.7 0.91
7697.7 0.19
7699.7 0.62
7701.7 0.11
7703.72 5.19
7705.69 3.26
7707.7 6.26
7709.7 0.28
7711.7 0.11
7713.7 1.53
7715.7 0.28
7717.7 0.1
7719.69 0.21
7721.7 0.11
7723.7 0.48
7725.7 0.1
7727.7 7.31
7729.7 0.32
7731.7 0.4
7733.7 0.73
7735.7 0.11
7737.7 11.02
7739.7 0.85
7741.7 16.75
7743.7 4.49
7745.7 0.19
7747.7 0.62
7749.7 0.1
7751.7 2.24
7753.7 0.69
7755.71 0.41
7757.7 24.87
7759.7 6.54
7761.7 4.22
7763.7 0.23
7765.7 5.73
7767.7 5.81
7769.7 0.22
7771.7 2.53
7773.7 0.1
7775.7 0.79
7777.7 1.0
7779.7 7.03
7781.7 0.84
7783.7 0.11
7785.7 0.56
7787.7 0.21
7789.7 0.24
7791.7 47.8
7793.7 6.63
7795.7 0.83
7797.7 6.16
7799.7 4.45
7801.7 4.87
7803.7 22.28
7805.7 6.66
7807.7 0.29
7809.7 0.84
7811.7 0.81
7813.7 0.62
7815.7 24.74
7817.7 7.16
7819.7 0.39
7821.7 0.1
7823.71 0.52
7825.7 22.78
7827.95 0.21
7829.95 1.59
7831.95 0.1
7833.95 0.5
7835.93 0.1
7837.95 3.1
7839.95 0.21
7841.95 7.0
7843.95 0.55
7845.95 0.19
7847.95 26.15
7849.95 9.07
7851.95 7.17
7853.95 3.5
7855.95 6.53
7857.95 25.15
7859.82 6.08
7861.95 10.72
7863.95 2.62
7865.95 6.09
7867.95 3.13
7869.95 12.89
7871.95 4.99
7873.95 0.27
7875.95 0.33
7877.95 0.7
7879.95 0.11
7881.95 1.16
7883.86 6.5
7885.95 0.46
7887.95 36.11
7889.95 6.39
7891.95 2.12
7893.95 0.11
7895.95 0.23
7897.95 0.69
7899.95 0.11
7901.95 0.8
7903.95 0.22
7905.95 4.29
7907.93 0.3
7909.95 0.53
7911.95 4.27
7913.95 6.82
7915.95 0.56
7917.95 0.28
7919.95 0.2
7921.95 0.56
7923.95 0.4
7925.95 0.92
7927.95 7.09
7929.95 6.32
7931.82 6.51
7933.95 8.15
7935.95 0.46
7937.94 6.22
7939.95 0.13
7941.95 0.3
7943.95 0.31
7945.95 0.19
7947.95 0.22
7949.95 0.52
7951.95 0.11
7953.95 40.35
7955.95 6.88
7957.95 10.08
7959.95 0.62
7961.95 0.09
7963.95 0.33
7965.95 0.1
7967.95 0.45
7969.95 0.41
7971.95 0.28
7973.95 0.85
7975.95 6.44
7977.94 0.43
7979.95 6.46
7981.95 38.34
7983.95 0.33
7985.95 0.1
7987.95 0.69
7989.95 6.89
7991.95 1.85
7993.95 0.71
7995.95 0.57
7997.95 5.46
7999.95 0.11
8001.95 2.84
8003.93 0.11
8005.95 19.45
8007.95 30.52
8009.95 6.74
8011.95 15.11
8013.95 6.46
8015.95 0.12
8017.94 17.8
8019.95 0.11
8021.95 2.12
8023.95 1.87
8025.95 2.93
8027.94 3.38
8029.95 4.11
8031.95 6.81
8033.95 0.12
8035.95 2.35
8037.95 7.82
8039.95 1.11
8041.95 0.42
8043.95 4.99
8045.95 2.26
8047.96 0.11
8049.95 3.52
8051.95 0.22
8053.95 3.83
8055.95 0.99
8057.95 0.11
8059.95 7.84
8061.95 13.78
8063.95 8.61
8065.95 15.74
8067.95 0.3
8069.95 6.25
8071.96 5.66
8073.95 0.3
8076.2 3.05
8078.2 0.33
8080.2 0.35
8082.2 0.65
8084.2 16.13
8086.2 0.21
8088.2 20.82
8090.16 1.43
8092.2 0.03
8094.2 0.21
8096.2 2.44
8098.2 6.69
8100.2 5.87
8102.2 3.38
8104.2 9.55
8106.2 0.33
8108.2 2.61
8110.2 6.25
8112.2 8.24
8114.07 6.15
8116.2 0.24
8118.2 5.11
8120.2 0.12
8122.2 0.66
8124.2 0.11
8126.21 0.28
8128.21 0.99
8130.2 0.12
8132.2 0.5
8134.2 6.85
8136.2 0.1
8138.06 6.77
8140.2 0.19
8142.2 0.78
8144.19 0.1
8146.2 29.65
8148.2 6.51
8150.2 5.79
8152.2 0.49
8154.19 0.14
8156.19 0.34
8158.2 6.6
8160.2 1.15
8162.18 0.21
8164.2 10.03
8166.2 0.6
8168.2 0.11
8170.2 0.73
8172.2 6.7
8174.2 22.08
8176.2 1.42
8178.2 0.11
8180.2 4.27
8182.2 0.1
8184.2 0.22
8186.06 6.66
8188.2 0.68
8190.2 5.39
8192.2 6.67
8194.2 0.78
8196.2 0.38
8198.2 0.52
8200.2 0.93
8202.2 23.04
8204.78 0.19
8206.2 6.75
8208.2 4.74
8210.16 0.12
8212.2 14.82
8214.2 0.29
8216.2 0.4
8218.2 14.3
8220.2 0.18
8222.2 36.68
8224.2 15.46
8226.2 0.21
8228.2 17.84
8230.2 0.29
8232.2 0.46
8234.19 0.19
8236.2 0.73
8238.2 7.8
8240.2 25.76
8242.2 0.81
8244.2 0.11
8246.2 0.71
8248.21 39.08
8250.2 0.11
8252.2 0.1
8254.2 6.53
8256.2 18.15
8258.2 6.6
8260.2 0.52
8262.2 5.25
8264.2 0.1
8266.2 3.94
8268.2 0.11
8270.2 0.39
8272.2 0.21
8274.2 40.15
8276.2 0.59
8278.2 0.11
8280.2 0.68
8282.18 0.1
8284.2 0.28
8286.2 0.32
8288.2 6.9
8290.2 0.44
8292.2 6.51
8294.2 0.38
8296.2 5.66
8298.2 0.32
8300.2 13.8
8302.2 6.33
8304.2 0.55
8306.2 6.84
8308.2 34.6
8310.2 0.51
8312.2 0.09
8314.2 0.48
8316.2 0.25
8318.2 0.57
8320.2 0.35
8322.2 6.18
8324.44 24.92
8326.2 0.11
8328.2 0.32
8330.19 6.69
8332.45 13.26
8334.45 0.56
8336.45 0.14
8338.45 9.76
8340.45 6.93
8342.45 0.51
8344.46 0.65
8346.45 0.11
8348.46 7.4
8350.45 6.85
8352.45 13.24
8354.45 6.79
8356.45 0.56
8358.45 19.2
8360.46 7.23
8362.45 0.38
8364.45 6.43
8366.45 0.67
8368.45 15.81
8370.45 0.11
8372.45 0.28
8374.45 0.11
8376.45 1.2
8378.45 0.11
8380.45 0.19
8382.44 0.11
8384.45 7.85
8386.45 0.65
8388.45 6.37
8390.45 0.35
8392.45 0.59
8394.45 0.12
8396.45 16.67
8398.45 6.64
8400.45 14.93
8402.45 6.39
8404.45 0.41
8406.45 0.41
8408.45 6.97
8410.45 39.97
8412.45 25.08
8414.45 0.91
8416.45 0.42
8418.45 4.91
8420.45 14.49
8422.45 0.11
8424.45 0.67
8426.45 10.0
8428.45 0.44
8430.45 0.52
8432.45 6.21
8434.45 1.0
8436.45 0.2
8438.46 0.24
8440.45 5.21
8442.46 4.43
8444.45 7.33
8446.45 6.68
8448.45 0.03
8450.45 0.1
8452.45 1.95
8454.45 0.55
8456.45 7.11
8458.45 0.77
8460.45 0.27
8462.45 0.29
8464.45 1.15
8466.45 0.95
8468.46 0.65
8470.45 0.11
8472.45 35.69
8474.45 0.1
8476.45 0.03
8478.45 14.91
8480.45 6.51
8482.45 0.81
8484.45 6.43
8486.45 0.57
8488.45 15.12
8490.45 8.33
8492.45 0.6
8494.45 17.88
8496.45 7.21
8498.44 6.62
8500.45 39.71
8502.45 11.88
8504.45 6.11
8506.45 0.71
8508.45 0.1
8510.45 3.19
8512.45 7.06
8514.45 0.47
8516.45 0.4
8518.45 0.11
8520.45 0.69
8522.45 6.86
8524.45 0.44
8526.45 0.53
8528.45 7.54
8530.45 0.29
8532.45 44.03
8534.45 15.37
8536.45 0.31
8538.45 0.98
8540.45 0.7
8542.45 0.11
8544.45 16.28
8546.45 6.37
8548.45 2.69
8550.45 28.62
8552.45 6.44
8554.45 0.48
8556.49 7.04
8558.45 0.4
8560.45 19.82
8562.45 0.31
8564.45 45.65
8566.45 8.57
8568.45 0.18
8570.45 0.11
8572.45 0.39
8574.45 0.34
8576.45 6.33
8578.45 0.2
8580.7 0.2
8582.7 0.03
8584.68 0.2
8586.7 0.96
8588.7 0.7
8590.7 6.13
8592.7 0.41
8594.7 6.38
8596.7 0.2
8598.7 0.59
8600.7 0.11
8602.7 0.55
8604.7 0.1
8606.7 0.71
8608.56 19.49
8610.7 1.23
8612.7 0.23
8614.7 6.17
8616.7 0.28
8618.7 15.8
8620.7 0.45
8622.7 0.55
8624.7 0.42
8626.7 0.1
8628.7 0.11
8630.7 0.46
8632.66 0.11
8634.7 0.57
8636.7 0.61
8638.7 0.11
8640.7 0.57
8642.7 6.71
8644.7 0.5
8646.7 0.75
8648.71 7.45
8650.7 0.2
8652.7 0.03
8654.7 1.24
8656.68 0.1
8658.7 0.85
8660.7 0.03
8662.7 0.11
8664.7 0.03
8666.7 22.69
8668.7 0.14
8670.7 0.33
8672.7 0.11
8674.7 0.89
8676.7 0.1
8678.7 0.29
8680.68 0.1
8682.7 0.2
8684.7 0.68
8686.7 0.1
8688.7 0.52
8690.7 0.11
8692.7 1.85
8694.7 0.81
8696.7 0.82
8698.7 0.44
8700.7 6.52
8702.69 0.36
8704.68 0.1
8706.7 0.67
8708.7 6.31
8710.7 0.1
8712.7 9.89
8714.7 6.91
8716.7 11.41
8718.7 3.54
8720.7 0.39
8722.7 0.39
8724.7 6.66
8726.7 0.66
8728.7 6.62
8730.7 1.14
8732.7 6.63
8734.7 0.12
8736.7 0.66
8738.7 6.54
8740.71 44.05
8742.7 0.68
8744.7 0.28
8746.7 0.43
8748.7 0.19
8750.7 2.23
8752.7 6.26
8754.7 0.39
8756.7 0.41
8758.7 0.1
8760.7 42.18
8762.7 0.2
8764.7 0.39
8766.7 13.37
8768.7 0.39
8770.7 0.57
8772.69 29.66
8774.7 0.94
8776.7 22.05
8778.7 0.44
8780.7 0.26
8782.7 20.29
8784.7 0.51
8786.7 6.72
8788.71 9.97
8790.7 0.76
8792.7 4.33
8794.7 2.2
8796.7 0.1
8798.71 0.42
8800.69 0.28
8802.7 0.31
8804.7 0.38
8806.69 6.69
8808.7 0.52
8810.7 0.11
8812.7 45.05
8814.7 3.23
8816.7 11.84
8818.7 0.53
8820.7 0.1
8822.7 29.85
8824.7 10.27
8826.7 0.57
8828.95 0.45
8830.95 4.93
8832.95 0.22
8834.95 0.11
8836.95 0.23
8838.94 0.2
8840.95 0.33
8842.96 26.88
8844.95 6.84
8846.95 0.03
8848.95 0.1
8850.95 12.72
8852.95 0.1
8854.95 6.86
8856.95 8.58
8858.95 6.44
8860.95 0.23
8862.92 0.11
8864.95 0.57
8866.95 6.65
8868.95 0.2
8870.95 0.74
8872.95 0.11
8874.95 0.92
8876.95 1.04
8878.95 7.94
8880.95 0.21
8882.95 0.11
8884.95 7.93
8886.92 0.11
8888.95 8.5
8890.95 0.51
8892.95 0.21
8894.95 1.25
8896.95 6.69
8898.95 0.34
8900.95 0.69
8902.95 0.11
8904.95 5.02
8906.95 0.21
8908.95 11.52
8910.94 0.1
8912.95 36.84
8914.95 0.8
8916.95 0.2
8918.95 0.91
8920.95 6.13
8922.95 7.03
8924.95 44.71
8926.95 0.28
8928.95 0.41
8930.95 0.21
8932.95 0.66
8934.94 0.19
8936.95 6.49
8938.95 22.95
8940.95 6.58
8942.95 0.2
8944.95 5.81
8946.95 6.29
8948.95 0.63
8950.95 0.2
8952.95 0.22
8954.95 0.11
8956.95 0.2
8958.95 28.45
8960.95 0.47
8962.95 7.63
8964.95 0.12
8966.95 6.06
8968.95 30.12
8970.95 22.49
8972.95 30.25
8974.95 0.3
8977.05 27.07
8978.95 6.41
8980.95 0.43
8982.95 21.78
8984.95 3.14
8986.95 13.96
8988.95 0.19
8990.95 3.21
8992.95 5.85
8994.95 0.2
8996.95 3.37
8998.95 5.56
9000.95 34.58
9002.95 0.29
9004.95 2.27
9006.95 25.69
9008.95 0.37
9010.95 12.11
9012.95 6.37
9014.95 0.8
9016.95 6.07
9018.95 0.54
9020.95 36.65
9022.95 0.11
9024.95 1.03
9026.95 6.28
9028.95 0.92
9030.95 6.69
9032.95 17.14
9034.95 0.63
9036.95 11.96
9038.95 21.38
9040.95 0.1
9042.96 0.66
9044.95 3.65
9046.95 6.95
9048.96 23.84
9050.95 6.57
9052.95 0.76
9054.93 0.11
9056.95 0.78
9058.95 12.17
9060.95 6.86
9062.95 0.4
9064.95 6.86
9066.95 0.7
9068.95 41.85
9070.95 0.2
9072.95 0.03
9074.95 6.48
9077.2 0.77
9079.2 0.19
9081.2 0.51
9083.2 0.1
9085.2 0.1
9087.2 13.17
9089.2 34.27
9091.2 1.23
9093.2 0.49
9095.2 19.27
9097.2 11.28
9099.2 42.85
9101.2 1.04
9103.2 6.47
9105.2 0.76
9107.2 0.25
9109.2 0.2
9111.2 1.06
9113.2 12.9
9115.2 0.2
9117.19 40.77
9119.2 0.26
9121.2 0.03
9123.2 0.11
9125.2 0.27
9127.2 6.22
9129.2 0.31
9131.2 35.4
9133.2 0.31
9135.2 11.14
9137.2 6.53
9139.2 1.06
9141.2 0.31
9143.21 0.19
9145.2 0.32
9147.2 0.1
9149.2 1.26
9151.2 0.09
9153.21 1.77
9155.55 21.56
9157.2 0.2
9159.2 0.67
9161.2 6.5
9163.2 0.38
9165.2 0.36
9167.2 0.19
9169.2 8.38
9171.2 0.1
9173.2 45.03
9175.2 0.1
9177.2 17.16
9179.2 20.01
9181.2 14.5
9183.2 3.48
9185.2 0.22
9187.2 0.19
9189.2 0.28
9191.2 0.27
9193.2 1.12
9195.2 6.05
9197.21 0.51
9199.21 0.11
9201.2 0.74
9203.2 0.42
9205.2 34.75
9207.2 0.53
9209.2 0.11
9211.2 0.11
9213.2 1.76
9215.2 0.26
9217.2 0.1
9219.2 0.17
9221.2 0.5
9223.2 6.06
9225.2 4.06
9227.2 0.65
9229.2 6.46
9231.2 0.51
9233.2 0.11
9235.2 4.82
9237.2 0.51
9239.2 24.55
9241.2 48.15
9243.2 0.1
9245.21 10.6
9247.2 8.43
9249.2 8.07
9251.2 0.64
9253.2 0.2
9255.2 1.36
9257.2 0.11
9259.2 7.88
9261.2 7.22
9263.2 2.06
9265.2 0.72
9267.2 6.39
9269.2 0.53
9271.2 0.2
9273.2 11.56
9275.2 0.68
9277.2 0.1
9279.2 20.76
9281.2 6.28
9283.2 0.55
9285.2 0.64
9287.2 0.88
9289.2 4.35
9291.21 6.5
9293.2 0.82
9295.2 0.2
9297.2 0.1
9299.2 3.38
9301.2 0.2
9303.2 2.91
9305.2 0.1
9307.2 0.54
9309.2 0.83
9311.2 1.0
9313.2 0.87
9315.2 6.71
9317.2 0.69
9319.2 0.1
9321.21 0.22
9323.2 0.23
9325.2 0.1
9327.21 0.7
9329.2 6.34
9331.2 0.55
9333.44 0.2
9335.45 0.39
9337.45 0.27
9339.46 5.85
9341.45 0.45
9343.45 0.1
9345.45 0.27
9347.45 0.57
9349.45 5.29
9351.45 0.52
9353.45 6.61
9355.45 0.57
9357.43 0.1
9359.45 20.22
9361.45 4.87
9363.45 6.44
9365.45 0.61
9367.45 0.1
9369.45 18.48
9371.45 1.39
9373.45 0.11
9375.45 0.47
9377.45 10.16
9379.45 25.6
9381.33 6.54
9383.46 0.77
9385.46 2.88
9387.45 6.5
9389.45 0.91
9391.46 0.1
9393.45 0.43
9395.45 0.51
9397.45 0.19
9399.45 0.39
9401.45 10.92
9403.45 0.53
9405.44 0.1
9407.45 0.42
9409.45 15.64
9411.45 6.61
9413.45 0.99
9415.45 40.82
9417.45 0.33
9419.45 0.43
9421.45 0.3
9423.45 0.41
9425.45 0.11
9427.45 32.17
9429.44 0.2
9431.45 0.42
9433.45 10.13
9435.45 6.59
9437.45 1.07
9439.45 22.29
9441.45 0.34
9443.45 1.26
9445.45 5.74
9447.45 0.28
9449.45 0.19
9451.45 0.79
9453.45 6.54
9455.45 0.33
9457.45 0.67
9459.45 6.63
9461.45 4.69
9463.45 6.24
9465.45 23.82
9467.45 0.48
9469.45 0.51
9471.46 30.48
9473.45 0.41
9475.45 0.21
9477.45 6.02
9479.45 0.1
9481.45 0.22
9483.45 10.03
9485.45 10.03
9487.45 2.06
9489.46 4.74
9491.45 0.09
9493.45 7.34
9495.45 0.14
9497.45 7.24
9499.45 10.24
9501.47 0.1
9503.45 15.13
9505.46 0.22
9507.45 0.1
9509.45 15.15
9511.45 13.62
9513.45 0.39
9515.45 19.04
9517.45 0.11
9519.45 8.67
9521.45 8.69
9523.45 0.1
9525.43 2.94
9527.44 4.15
9529.45 8.78
9531.45 6.21
9533.45 6.37
9535.46 0.3
9537.45 11.32
9539.45 12.07
9541.45 0.11
9543.45 5.95
9545.45 3.3
9547.45 0.03
9549.45 5.59
9551.45 12.53
9553.45 0.91
9555.45 0.14
9557.45 2.94
9559.45 6.6
9561.45 0.33
9563.45 0.14
9565.46 23.63
9567.45 5.62
9569.45 11.47
9571.45 1.54
9573.45 9.87
9575.45 24.11
9577.45 28.43
9579.45 0.25
9581.7 24.47
9583.7 6.19
9585.7 0.34
9587.71 0.31
9589.7 0.11
9591.7 4.84
9593.7 0.14
9595.7 0.52
9597.7 0.21
9599.7 0.52
9601.7 7.68
9603.7 0.1
9605.7 0.35
9607.7 17.87
9609.7 11.64
9611.7 13.45
9613.7 38.93
9615.7 0.4
9617.7 6.65
9619.71 0.39
9621.7 0.11
9623.7 17.09
9625.7 0.53
9627.7 0.11
9629.7 7.99
9631.7 6.1
9633.7 21.53
9635.7 0.31
9637.7 0.81
9639.7 0.55
9641.7 6.81
9643.7 19.2
9645.7 25.29
9647.7 0.43
9649.7 0.03
9651.7 5.8
9653.7 0.41
9655.7 6.97
9657.7 0.57
9659.7 19.79
9661.7 19.04
9663.7 0.33
9665.71 6.72
9667.7 0.3
9669.7 0.1
9671.7 0.55
9673.7 0.4
9675.7 0.11
9677.7 0.1
9679.7 0.1
9681.7 0.49
9683.71 1.71
9685.71 0.77
9687.7 19.2
9689.7 0.2
9691.7 0.78
9693.7 0.1
9695.7 5.95
9697.7 0.57
9699.71 0.14
9701.71 0.3
9703.7 6.6
9705.7 7.8
9707.7 0.2
9709.7 0.35
9711.7 6.64
9713.7 0.1
9715.7 32.06
9717.7 6.47
9719.7 0.1
9721.7 0.3
9723.7 28.1
9725.7 0.54
9727.7 7.02
9729.7 0.75
9731.7 0.69
9733.7 0.43
9735.7 0.52
9737.7 6.79
9739.7 2.06
9741.7 10.68
9743.7 1.11
9745.7 16.08
9747.7 31.0
9749.7 0.14
9751.7 0.09
9753.7 0.61
9755.7 1.47
9757.7 0.41
9759.7 0.27
9761.71 0.1
9763.7 0.19
9765.7 9.12
9767.7 7.2
9769.7 14.76
9771.7 6.76
9773.7 26.2
9775.7 16.35
9777.7 24.76
9779.7 8.43
9781.7 0.7
9783.7 0.46
9785.7 0.12
9787.7 0.43
9789.7 0.1
9791.7 7.49
9793.7 0.51
9795.7 0.1
9797.7 2.64
9799.7 0.11
9801.71 11.23
9803.7 4.18
9805.7 0.13
9807.7 1.57
9809.7 4.74
9811.7 1.37
9813.71 5.65
9815.7 3.3
9817.7 0.32
9819.7 0.27
9821.7 4.91
9823.7 0.13
9825.71 0.42
9827.7 0.34
9829.96 10.26
9831.96 7.38
9833.96 16.17
9835.95 4.62
9837.95 6.25
9839.95 3.71
9841.95 0.11
9843.95 0.23
9845.95 8.76
9847.95 0.1
9849.96 0.67
9851.94 0.2
9853.95 0.41
9855.95 14.14
9857.95 10.04
9859.95 1.14
9861.96 0.22
9863.95 0.21
9865.95 0.45
9867.96 29.03
9869.96 0.1
9871.95 5.92
9873.95 0.33
9875.82 6.15
9877.95 0.44
9879.95 0.51
9881.96 0.11
9883.95 0.36
9885.95 6.71
9887.96 25.44
9889.95 0.11
9891.95 6.25
9893.95 37.04
9895.95 0.1
9897.95 0.8
9899.83 20.81
9901.95 0.6
9903.95 1.04
9905.95 0.31
9907.95 0.51
9909.95 6.23
9911.95 0.27
9913.95 11.87
9915.95 0.11
9917.95 1.72
9919.95 0.09
9921.95 1.03
9923.92 0.21
9925.95 0.25
9927.96 0.31
9929.95 5.49
9931.95 0.95
9933.95 4.28
9935.95 7.54
9937.95 0.31
9939.95 0.14
9941.95 8.6
9943.95 12.07
9945.95 10.75
9947.85 5.96
9949.95 14.4
9951.95 0.23
9953.95 5.33
9955.95 14.64
9957.95 0.1
9959.95 0.22
9961.95 13.35
9963.95 0.54
9965.95 0.23
9967.94 1.53
9969.95 13.56
9971.96 0.19
9973.95 2.59
9975.96 0.55
9977.96 5.71
9979.95 0.21
9981.95 5.59
9983.95 21.88
9985.95 0.33
9987.95 0.28
9989.95 0.28
9991.95 0.1
9993.95 13.83
9995.94 0.09
9997.95 2.71
9999.95 0.11
10001.95 0.1
10003.95 0.3
10005.95 0.3
10007.95 1.34
10009.95 0.1
10011.95 0.33
10013.95 0.53
10015.95 6.47
10017.95 9.43
10019.95 0.29
10021.95 0.11
10023.95 0.1
10025.95 14.25
10027.95 2.83
10029.95 0.09
10031.95 0.1
10033.95 0.25
10035.95 0.77
10037.95 0.37
10039.95 0.09
10041.95 0.83
10043.94 0.1
10045.95 0.58
10047.95 0.32
10049.95 0.11
10051.95 1.53
10053.95 0.2
10055.95 0.54
10057.95 0.22
10059.95 6.89
10061.95 0.88
10063.95 0.17
10065.95 2.61
10067.96 0.16
10069.95 3.97
10071.95 1.53
10073.95 0.28
10075.95 0.51
10078.2 0.1
10080.2 0.52
10082.18 0.21
10084.21 0.49
10086.2 0.66
10088.2 0.5
10090.2 0.32
10092.2 0.2
10094.21 0.82
10096.2 0.3
10098.21 14.69
10100.19 11.75
10102.2 6.48
10104.2 4.73
10106.19 0.1
10108.2 0.48
10110.2 0.49
10112.2 0.1
10114.2 14.65
10116.2 6.41
10118.21 8.56
10120.2 0.93
10122.2 0.11
10124.21 9.3
10126.21 6.57
10128.2 1.03
10130.07 8.21
10132.2 0.84
10134.21 0.19
10136.2 6.59
10138.2 0.34
10140.2 0.1
10142.2 0.31
10144.2 1.27
10146.2 0.11
10148.21 0.13
10150.2 0.1
10152.2 0.93
10154.18 0.22
10156.2 0.31
10158.2 0.11
10160.2 0.29
10162.2 12.35
10164.2 6.44
10166.2 33.26
10168.2 0.69
10170.2 0.67
10172.2 1.54
10174.2 12.55
10176.2 0.31
10178.12 4.57
10180.19 0.22
10182.2 9.16
10184.2 2.17
10186.2 8.77
10188.2 2.51
10190.2 0.1
10192.21 0.19
10194.2 5.42
10196.2 0.22
10198.2 0.11
10200.2 0.27
10202.1 21.96
10204.21 0.28
10206.2 0.37
10208.2 0.01
10210.21 0.31
10212.2 0.21
10214.2 1.62
10216.2 15.66
10218.2 5.24
10220.2 1.16
10222.2 6.46
10224.2 5.91
10226.17 0.12
10228.2 30.14
10230.2 42.85
10232.2 6.22
10234.2 9.23
10236.2 6.38
10238.2 0.03
10240.2 36.71
10242.21 0.11
10244.2 0.9
10246.2 6.51
10248.2 0.27
10250.19 0.1
10252.2 0.4
10254.21 8.09
10256.2 0.21
10258.2 0.2
10260.2 6.47
10262.2 0.5
10264.2 0.2
10266.2 0.11
10268.2 49.75
10270.2 0.1
10272.2 5.57
10274.18 0.1
10276.2 17.92
10278.2 0.38
10280.2 0.1
10282.2 25.38
10284.2 0.1
10286.2 33.12
10288.21 2.53
10290.21 0.73
10292.2 34.53
10294.21 0.11
10296.2 16.75
10298.2 7.0
10300.2 0.81
10302.2 0.71
10304.2 0.21
10306.2 6.54
10308.2 5.46
10310.2 4.99
10312.21 8.6
10314.2 2.66
10316.2 3.25
10318.21 5.51
10320.2 3.26
10322.2 5.54
10324.2 18.45
10326.45 9.5
10328.2 7.33
10330.2 20.17
10332.2 1.95
10334.45 3.75
10336.45 1.54
10338.45 0.22
10340.45 0.29
10342.45 0.21
10344.45 2.92
10346.45 0.22
10348.45 0.64
10350.45 7.02
10352.45 19.45
10354.45 8.89
10356.45 6.09
10358.45 0.56
10360.46 0.2
10362.45 8.74
10364.45 13.52
10366.45 6.68
10368.45 0.54
10370.45 33.2
10372.45 13.62
10374.45 22.96
10376.45 0.1
10378.45 0.43
10380.47 7.21
10382.45 24.89
10384.46 13.22
10386.45 0.33
10388.45 8.58
10390.45 0.2
10392.45 0.53
10394.45 0.11
10396.46 0.89
10398.45 18.01
10400.45 6.67
10402.45 0.22
10404.45 0.2
10406.45 0.32
10408.46 2.92
10410.45 0.11
10412.45 3.03
10414.45 13.65
10416.46 0.57
10418.45 25.32
10420.45 0.13
10422.45 25.88
10424.45 0.11
10426.45 0.14
10428.45 6.49
10430.46 0.52
10432.45 17.1
10434.46 0.1
10436.46 8.38
10438.45 6.47
10440.46 2.68
10442.45 23.43
10444.45 21.2
10446.45 13.26
10448.45 37.76
10450.45 0.97
10452.45 10.64
10454.45 0.72
10456.45 0.19
10458.45 0.41
10460.45 2.19
10462.45 17.91
10464.45 0.03
10466.45 0.1
10468.45 18.03
10470.46 1.38
10472.46 0.2
10474.45 0.54
10476.45 12.12
10478.46 4.95
10480.45 6.29
10482.46 0.55
10484.45 0.26
10486.45 0.1
10488.45 10.47
10490.45 0.1
10492.45 16.35
10494.45 0.93
10496.45 19.53
10498.45 0.03
10500.45 0.1
10502.45 0.33
10504.45 0.38
10506.46 0.94
10508.45 0.4
10510.46 7.04
10512.45 8.23
10514.45 6.52
10516.45 5.48
10518.46 0.35
10520.45 6.29
10522.45 0.73
10524.45 6.32
10526.45 0.21
10528.45 4.8
10530.45 4.6
10532.45 6.33
10534.46 6.1
10536.45 25.5
10538.45 6.13
10540.46 1.68
10542.45 23.62
10544.45 16.24
10546.45 0.18
10548.46 0.1
10550.45 28.07
10552.45 33.3
10554.45 6.0
10556.45 1.14
10558.45 0.09
10560.45 1.78
10562.45 0.19
10564.45 0.53
10566.45 8.9
10568.45 0.28
10570.45 0.58
10572.45 6.38
10574.7 0.32
10576.45 0.39
10578.45 0.3
10580.45 0.62
10582.7 6.55
10584.7 11.32
10586.7 0.26
10588.7 7.68
10590.71 10.42
10592.7 0.32
10594.7 17.49
10596.7 5.65
10598.7 17.41
10600.58 17.13
10602.7 5.03
10604.7 24.74
10606.7 6.05
10608.7 14.14
10610.7 0.1
10612.7 2.42
10614.7 19.11
10616.7 0.1
10618.7 2.45
10620.7 20.18
10622.7 27.18
10624.71 0.32
10626.7 4.68
10628.7 9.83
10630.7 0.13
10632.7 18.87
10634.7 10.72
10636.7 0.26
10638.7 13.94
10640.7 0.2
10642.7 4.6
10644.7 17.28
10646.7 25.17
10648.68 0.11
10650.7 0.03
10652.7 0.2
10654.7 6.02
10656.7 0.47
10658.7 0.03
10660.7 36.99
10662.7 0.44
10664.7 25.48
10666.7 0.29
10668.7 0.2
10670.71 7.79
10672.72 0.2
10674.7 11.91
10676.7 9.4
10678.7 5.38
10680.7 17.09
10682.7 0.78
10684.7 17.45
10686.7 4.31
10688.7 0.26
10690.7 7.62
10692.7 0.11
10694.7 0.23
10696.7 0.1
10698.7 14.76
10700.7 6.8
10702.7 0.14
10704.7 14.61
10706.71 0.23
10708.7 9.12
10710.7 4.65
10712.7 0.52
10714.7 12.22
10716.7 0.1
10718.7 8.56
10720.7 6.48
10722.7 22.92
10724.7 25.06
10726.71 0.49
10728.7 0.42
10730.7 0.11
10732.7 3.51
10734.7 0.64
10736.7 18.95
10738.7 0.51
10740.7 6.48
10742.7 1.59
10744.7 6.56
10746.71 0.47
10748.7 0.41
10750.71 5.99
10752.7 0.78
10754.71 6.45
10756.7 12.15
10758.7 0.3
10760.72 0.11
10762.7 0.54
10764.7 8.67
10766.7 2.88
10768.69 0.21
10770.7 0.42
10772.7 0.45
10774.7 5.4
10776.7 14.63
10778.7 0.09
10780.7 2.65
10782.7 0.26
10784.7 0.21
10786.7 5.38
10788.7 1.9
10790.71 0.41
10792.67 1.51
10794.7 2.0
10796.7 17.74
10798.7 0.2
10800.7 0.66
10802.71 5.77
10804.7 2.82
10806.7 19.96
10808.71 3.28
10810.7 6.26
10812.7 2.12
10814.7 0.1
10816.71 17.63
10818.7 17.29
10820.85 0.38
10822.7 0.33
10824.7 2.93
10826.7 0.12
10828.7 17.71
10831.15 15.78
10832.96 22.97
10834.95 22.97
10836.95 6.23
10838.95 0.41
10840.95 0.11
10842.95 14.35
10844.95 5.34
10846.95 0.35
10848.95 13.67
10850.95 25.14
10852.95 0.31
10854.82 5.91
10856.95 2.85
10858.96 0.5
10860.95 0.11
10862.95 0.4
10864.95 0.25
10866.95 0.14
10868.95 4.4
10870.95 20.25
10872.95 24.91
10874.96 0.21
10876.95 0.4
10878.94 0.11
10880.95 0.29
10882.95 2.83
10884.95 0.21
10886.95 18.27
10888.95 0.09
10890.95 0.4
10892.95 0.21
10894.95 0.41
10896.95 9.62
10898.95 0.2
10900.95 6.89
10902.93 0.12
10904.95 0.2
10906.95 0.1
10908.95 0.1
10910.95 32.48
10912.95 0.1
10914.95 0.79
10916.95 44.94
10918.95 0.29
10920.95 0.27
10922.95 0.09
10924.95 0.2
10926.85 5.14
10928.96 0.39
10930.95 11.77
10932.95 3.44
10934.95 9.55
10936.96 0.42
10938.95 12.62
10940.95 14.41
10942.95 5.94
10944.95 0.32
10946.95 5.12
10948.95 2.97
10950.95 0.11
10952.95 1.44
10954.95 0.39
10956.96 0.11
10958.95 4.76
10960.95 5.63
10962.96 0.23
10964.95 12.95
10966.95 0.23
10968.95 0.1
10970.95 5.66
10972.95 0.11
10974.96 0.18
10976.95 4.29
10978.96 0.3
10980.96 0.11
10982.95 0.3
10984.95 0.29
10986.96 1.7
10988.95 4.5
10990.95 7.05
10992.95 4.48
10994.95 5.94
10996.95 22.83
10998.94 0.1
11000.95 15.01
11002.95 11.28
11004.95 5.88
11006.95 12.63
11008.95 14.56
11010.95 1.72
11012.95 11.32
11014.95 0.11
11016.95 1.84
11018.95 0.1
11020.95 26.64
11022.93 0.11
11024.95 31.32
11026.95 13.69
11028.95 0.1
11030.95 8.69
11032.95 10.07
11034.96 20.61
11036.95 0.21
11038.95 6.36
11040.95 0.33
11042.95 14.37
11044.95 9.16
11046.95 5.9
11048.96 20.98
11050.95 6.91
11052.95 1.14
11054.95 8.87
11056.96 5.8
11058.95 6.89
11060.95 15.51
11062.95 5.54
11064.95 0.36
11066.95 6.2
11068.95 0.22
11070.95 5.96
11072.95 0.22
11074.95 0.42
11076.95 6.23
11079.2 0.2
11081.2 6.5
11083.2 0.58
11085.2 0.67
11087.2 0.27
11089.2 4.23
11091.2 16.44
11093.2 11.56
11095.2 5.63
11097.2 19.73
11099.2 8.77
11101.2 0.2
11103.2 0.52
11105.2 0.11
11107.2 0.3
11109.2 12.08
11111.21 20.38
11113.2 8.56
11115.2 24.03
11117.2 31.33
11119.21 6.33
11121.2 2.9
11123.21 13.63
11125.2 20.98
11127.2 18.28
11129.2 6.52
11131.2 0.52
11133.2 0.45
11135.22 0.14
11137.2 25.74
11139.2 0.03
11141.2 0.44
11143.2 19.11
11145.2 0.32
11147.2 14.79
11149.2 16.51
11151.2 4.81
11153.21 5.84
11155.2 22.56
11157.2 3.42
11159.2 0.27
11161.2 0.32
11163.2 0.1
11165.21 11.38
11167.2 0.1
11169.21 4.96
11171.2 9.0
11173.2 32.28
11175.2 29.58
11177.2 5.8
11179.2 0.42
11181.2 0.68
11183.2 7.8
11185.2 27.06
11187.2 6.59
11189.2 0.21
11191.2 20.41
11193.2 0.28
11195.21 0.33
11197.2 6.48
11199.2 12.03
11201.2 7.96
11203.2 38.02
11205.2 6.32
11207.2 0.11
11209.2 3.87
11211.2 20.34
11213.2 0.32
11215.19 0.19
11217.2 1.42
11219.2 0.42
11221.2 0.1
11223.2 0.65
11225.2 0.1
11227.2 4.59
11229.2 0.21
11231.2 0.31
11233.2 16.53
11235.2 5.52
11237.2 0.49
11239.2 21.3
11241.2 11.35
11243.2 0.1
11245.2 6.15
11247.2 10.33
11249.2 6.27
11251.2 11.8
11253.2 23.14
11255.2 21.2
11257.2 13.61
11259.2 6.14
11261.2 6.3
11263.2 6.03
11265.2 14.59
11267.2 6.69
11269.2 0.21
11271.2 11.64
11273.2 0.11
11275.21 1.04
11277.2 20.04
11279.2 0.41
11281.2 10.94
11283.21 13.64
11285.2 27.14
11287.2 0.11
11289.2 6.85
11291.21 8.52
11293.2 6.09
11295.21 12.63
11297.2 0.21
11299.2 17.75
11301.2 7.55
11303.2 0.22
11305.2 0.19
11307.21 6.35
11309.2 23.63
11311.2 6.13
11313.2 0.23
11315.2 0.2
11317.2 8.46
11319.21 1.44
11321.2 16.58
11323.2 3.54
11325.2 2.39
11327.45 15.81
11329.2 15.99
11331.2 18.19
11333.2 13.41
11335.45 5.42
11337.45 2.44
11339.45 0.1
11341.45 0.25
11343.45 13.13
11345.46 0.11
11347.46 11.85
11349.43 0.11
11351.46 28.94
11353.45 0.52
11355.46 31.97
11357.45 10.41
11359.45 0.2
11361.45 19.17
11363.45 8.87
11365.45 1.06
11367.45 13.52
11369.45 6.63
11371.45 4.28
11373.32 6.56
11375.45 0.37
11377.45 49.96
11379.46 6.69
11381.45 0.2
11383.45 6.17
11385.46 0.56
11387.45 1.79
11389.45 0.2
11391.46 7.12
11393.45 6.82
11395.45 0.19
11397.32 13.23
11399.45 7.46
11401.45 1.19
11403.45 6.51
11405.46 0.38
11407.45 0.1
11409.44 0.43
11411.46 3.22
11413.46 0.31
11415.46 7.55
11417.45 6.48
11419.46 4.57
11421.32 6.53
11423.46 7.72
11425.45 19.46
11427.45 6.81
11429.45 2.44
11431.45 0.19
11433.45 0.38
11435.45 24.15
11437.45 0.27
11439.45 2.42
11441.45 6.87
11443.45 14.08
11445.33 5.92
11447.45 1.03
11449.45 0.3
11451.45 0.1
11453.45 0.67
11455.46 0.19
11457.45 8.65
11459.51 0.33
11461.45 0.11
11463.45 10.07
11465.45 0.19
11467.46 8.45
11469.34 5.46
11471.45 0.5
11473.45 0.25
11475.45 0.11
11477.45 23.42
11479.45 13.91
11481.45 0.28
11483.46 17.81
11485.46 6.65
11487.45 0.32
11489.45 1.0
11491.46 0.32
11493.46 25.35
11495.46 3.87
11497.45 0.43
11499.45 0.1
11501.45 30.95
11503.45 9.1
11505.45 4.59
11507.46 0.3
11509.45 0.1
11511.46 0.3
11513.45 0.4
11515.45 0.9
11517.46 4.13
11519.45 0.78
11521.45 0.14
11523.45 0.17
11525.45 0.97
11527.45 0.08
11529.45 6.94
11531.45 0.31
11533.46 0.18
11535.45 0.31
11537.45 12.34
11539.45 3.81
11541.45 37.11
11543.45 0.7
11545.45 7.69
11547.45 6.92
11549.45 0.14
11551.45 8.05
11553.45 0.38
11555.45 0.72
11557.45 0.23
11559.45 0.59
11561.45 0.2
11563.45 26.64
11565.45 0.11
11567.45 0.28
11569.45 7.78
11571.45 0.03
11573.45 5.02
11575.45 6.33
11577.45 8.74
11579.45 2.26
11581.45 19.77
11583.45 0.55
11585.7 0.12
11587.7 0.11
11589.7 0.1
11591.7 37.98
11593.7 0.66
11595.7 0.6
11597.7 0.51
11599.71 0.11
11601.7 1.08
11603.7 0.55
11605.7 3.73
11607.7 0.28
11609.7 20.69
11611.7 0.1
11613.71 0.1
11615.7 12.9
11617.7 11.06
11619.7 0.11
11621.7 4.3
11623.7 2.63
11625.7 17.56
11627.7 14.43
11629.7 5.42
11631.7 12.36
11633.7 5.59
11635.7 9.82
11637.71 2.22
11639.7 14.28
11641.7 0.13
11643.71 0.21
11645.7 0.28
11647.7 13.53
11649.71 0.44
11651.71 14.25
11653.7 0.41
11655.7 17.5
11657.7 17.59
11659.7 11.85
11661.7 8.84
11663.7 11.43
11665.7 10.08
11667.7 0.11
11669.7 0.65
11671.7 6.02
11673.7 3.51
11675.7 0.21
11677.7 2.82
11679.7 0.45
11681.7 0.11
11683.7 10.92
11685.7 0.11
11687.7 0.76
11689.7 0.3
11691.7 0.12
11693.7 3.06
11695.7 6.3
11697.7 4.51
11699.7 17.1
11701.7 0.77
11703.71 1.07
11705.7 6.62
11707.71 3.15
11709.7 0.1
11711.7 0.65
11713.7 1.04
11715.7 6.51
11717.71 20.9
11719.7 9.32
11721.7 0.45
11723.71 0.83
11725.7 3.08
11727.7 8.32
11729.7 0.11
11731.7 0.38
11733.7 5.87
11735.7 2.06
11737.7 25.58
11739.7 7.24
11741.7 24.0
11743.7 6.16
11745.7 0.52
11747.7 19.65
11749.7 0.3
11751.7 4.85
11753.7 6.02
11755.7 0.49
11757.7 4.66
11759.69 9.39
11761.7 10.37
11763.7 0.48
11765.71 0.39
11767.71 5.86
11769.7 21.72
11771.7 0.31
11773.7 0.21
11775.7 0.23
11777.7 0.2
11779.71 23.69
11781.7 0.19
11783.7 0.42
11785.7 8.24
11787.7 30.15
11789.7 0.23
11791.7 0.2
11793.7 0.83
11795.7 0.34
11797.7 0.52
11799.7 0.26
11801.7 0.17
11803.7 0.4
11805.7 6.5
11807.7 0.41
11809.7 0.77
11811.71 0.12
11813.7 15.6
11815.7 0.09
11817.7 0.2
11819.7 0.78
11821.7 0.14
11823.7 1.71
11825.7 0.09
11827.7 0.65
11829.7 7.02
11831.95 0.34
11833.95 0.27
11835.96 0.11
11837.95 3.72
11839.95 6.57
11841.95 7.58
11843.95 4.26
11845.95 9.09
11847.95 11.57
11849.95 0.4
11851.96 1.58
11853.95 0.11
11855.96 0.19
11857.95 4.25
11859.95 14.98
11861.95 0.38
11863.95 0.03
11865.96 16.43
11867.84 10.9
11869.95 4.76
11871.95 8.71
11873.95 0.21
11875.95 17.22
11877.95 14.49
11879.95 0.8
11881.95 19.93
11883.95 0.41
11885.96 21.29
11887.95 0.1
11889.95 0.55
11891.83 6.08
11893.95 0.37
11895.95 9.86
11897.95 0.12
11899.95 0.11
11901.95 6.37
11903.96 0.57
11905.95 10.03
11907.95 27.76
11909.95 0.26
11911.95 5.87
11913.95 0.11
11915.94 0.1
11917.95 4.65
11919.95 0.41
11921.95 0.31
11923.95 26.91
11925.95 0.13
11927.95 0.44
11929.96 25.29
11931.95 0.26
11933.95 14.25
11935.95 5.72
11937.95 0.21
11939.83 14.29
11941.95 4.1
11943.95 9.17
11945.95 5.68
11947.95 4.9
11949.95 6.14
11951.95 3.25
11953.95 6.57
11955.95 6.74
11957.95 6.51
11959.95 6.95
11961.95 1.11
11963.88 5.89
11965.95 0.11
11967.95 2.44
11969.95 5.48
11971.95 0.22
11973.95 1.12
11975.95 1.14
11977.95 0.22
11979.95 1.8
11981.95 10.15
11983.95 6.59
11985.95 12.27
11987.95 8.14
11989.95 10.34
11991.95 0.09
11993.95 5.29
11995.95 8.82
11997.95 0.23
11999.95 0.22
12001.95 5.05
12003.95 0.33
12005.95 6.74
12007.95 0.1
12009.95 2.71
12011.95 15.0
12013.95 0.34
12015.95 5.66
12017.95 5.7
12019.95 8.2
12021.95 5.9
12023.95 9.3
12025.95 2.65
12027.95 3.98
12029.95 0.28
12031.95 0.21
12033.95 1.36
12035.95 6.25
12037.95 0.33
12039.95 0.21
12041.96 0.14
12043.95 0.22
12045.95 31.42
12047.95 0.24
12049.95 0.43
12051.95 0.63
12053.95 0.69
12055.95 6.73
12057.95 34.29
12059.95 6.18
12061.95 8.59
12063.95 13.34
12065.95 0.2
12067.95 0.55
12069.96 0.11
12071.95 0.72
12073.95 0.27
12075.96 7.19
12077.95 29.58
12080.2 0.1
12082.21 0.55
12084.2 0.29
12086.2 0.73
12088.2 0.5
12090.21 0.11
12092.2 42.89
12094.2 0.3
12096.2 0.56
12098.18 0.3
12100.2 22.82
12102.2 3.77
12104.2 37.26
12106.2 0.56
12108.2 0.21
12110.2 0.13
12112.2 0.26
12114.2 47.77
12116.2 0.61
12118.21 20.87
12120.2 0.6
12122.19 0.11
12124.2 0.72
12126.2 13.74
12128.2 16.91
12130.2 0.14
12132.2 0.1
12134.21 11.16
12136.2 7.87
12138.2 3.91
12140.2 21.47
12142.2 9.2
12144.21 0.56
12146.07 6.81
12148.2 10.71
12150.2 0.11
12152.2 0.1
12154.2 0.54
12156.2 17.0
12158.2 0.11
12160.2 0.71
12162.21 0.42
12164.2 22.62
12166.2 43.25
12168.2 0.28
12170.19 0.1
12172.2 4.36
12174.2 1.04
12176.2 6.76
12178.21 0.4
12180.22 0.11
12182.2 38.27
12184.2 0.73
12186.2 0.26
12188.2 0.79
12190.21 0.11
12192.21 0.72
12194.07 6.63
12196.2 25.18
12198.2 0.2
12200.2 0.11
12202.2 7.71
12204.21 0.1
12206.2 3.11
12208.2 2.44
12210.2 0.27
12212.2 0.63
12214.2 6.67
12216.2 0.65
12218.2 22.93
12220.2 0.21
12222.2 0.23
12224.2 6.38
12226.2 0.22
12228.2 0.11
12230.2 0.98
12232.21 0.45
12234.2 6.66
12236.2 0.1
12238.2 6.57
12240.2 0.65
12242.2 6.96
12244.53 0.9
12246.2 7.1
12248.2 0.32
12250.21 0.72
12252.21 18.63
12254.2 1.77
12256.2 0.77
12258.2 0.11
12260.2 0.58
12262.21 6.56
12264.2 44.72
12266.18 0.1
12268.2 0.1
12270.2 0.5
12272.2 0.1
12274.2 48.25
12276.2 6.52
12278.2 0.89
12280.2 0.3
12282.2 0.22
12284.2 0.35
12286.2 0.11
12288.2 21.24
12290.2 25.85
12292.2 0.34
12294.2 0.1
12296.2 7.0
12298.21 0.99
12300.2 0.1
12302.2 0.21
12304.2 31.76
12306.21 20.01
12308.2 0.11
12310.2 0.31
12312.21 0.71
12314.2 0.1
12316.21 0.46
12318.2 0.55
12320.2 6.26
12322.21 0.85
12324.2 6.46
12326.2 33.86
12328.2 0.56
12330.2 9.82
12332.2 28.25
12334.45 0.21
12336.45 0.93
12338.45 6.38
12340.45 11.9
12342.45 0.1
12344.46 6.71
12346.45 0.82
12348.46 0.1
12350.45 10.09
12352.45 0.29
12354.45 0.29
12356.45 5.23
12358.45 0.42
12360.45 0.33
12362.46 7.92
12364.45 6.42
12366.45 0.1
12368.45 7.6
12370.45 0.1
12372.46 0.69
12374.45 1.73
12376.45 0.23
12378.45 0.34
12380.45 9.63
12382.45 0.1
12384.45 1.77
12386.46 8.02
12388.45 22.05
12390.45 0.66
12392.45 7.42
12394.45 0.4
12396.46 0.22
12398.45 0.31
12400.45 0.11
12402.45 0.12
12404.45 5.08
12406.45 0.34
12408.45 2.42
12410.32 0.43
12412.45 5.04
12414.45 4.88
12416.45 2.61
12418.45 0.94
12420.45 4.49
12422.45 0.43
12424.45 5.65
12426.45 9.06
12428.45 7.64
12430.45 4.51
12432.45 2.25
12434.45 0.3
12436.45 9.88
12438.46 1.45
12440.46 0.03
12442.45 0.13
12444.45 5.31
12446.45 14.76
12448.45 0.42
12450.45 0.21
12452.46 10.81
12454.45 5.28
12456.45 0.1
12458.45 5.36
12460.45 12.73
12462.46 0.31
12464.45 0.12
12466.45 14.28
12468.45 6.6
12470.45 17.51
12472.45 2.76
12474.45 1.67
12476.45 9.88
12478.46 0.1
12480.45 16.0
12482.45 0.1
12484.45 0.03
12486.45 0.11
12488.45 7.14
12490.46 4.95
12492.45 4.39
12494.45 8.47
12496.45 0.33
12498.46 14.05
12500.45 15.93
12502.45 5.65
12504.45 19.31
12506.45 5.76
12508.45 1.85
12510.45 2.72
12512.45 7.41
12514.45 11.88
12516.45 5.62
12518.45 18.56
12520.45 0.1
12522.45 0.41
12524.45 0.18
12526.45 0.09
12528.45 9.58
12530.45 0.1
12532.45 13.81
12534.45 13.81
12536.45 0.11
12538.45 8.06
12540.46 5.37
12542.45 14.15
12544.46 3.78
12546.45 1.81
12548.45 6.02
12550.45 2.08
12552.45 17.93
12554.45 0.22
12556.45 11.53
12558.45 2.83
12560.45 7.79
12562.45 9.91
12564.45 5.33
12566.45 0.09
12568.45 1.11
12570.45 0.11
12572.45 0.22
12574.45 0.1
12576.45 8.23
12578.45 5.26
12580.45 1.97
12582.45 0.11
12584.7 8.49
12586.7 16.92
12588.7 5.3
12590.7 11.96
12592.7 0.21
12594.7 0.11
12596.71 1.07
12598.7 0.2
12600.7 5.98
12602.7 14.38
12604.7 6.88
12606.7 0.96
12608.7 0.27
12610.7 9.91
12612.7 0.22
12614.71 0.53
12616.59 5.58
12618.7 0.31
12620.7 12.85
12622.7 0.03
12624.71 2.48
12626.7 0.21
12628.7 11.89
12630.71 11.89
12632.7 2.06
12634.7 0.33
12636.7 5.52
12638.7 0.1
12640.66 1.67
12642.7 0.99
12644.71 0.23
12646.7 0.95
12648.7 2.1
12650.7 0.4
12652.7 14.21
12654.7 0.31
12656.7 0.97
12658.7 6.83
12660.7 0.3
12662.7 7.97
12664.6 12.3
12666.7 9.0
12668.7 0.34
12670.71 0.55
12672.7 6.39
12674.7 0.41
12676.7 7.26
12678.7 0.12
12680.7 0.11
12682.71 2.71
12684.71 0.27
12686.7 10.78
12688.7 0.11
12690.7 1.23
12692.7 7.86
12694.71 5.26
12696.71 14.11
12698.71 1.66
12700.71 0.14
12702.7 6.93
12704.7 0.35
12706.7 5.57
12708.7 13.3
12710.71 1.54
12712.59 13.91
12714.71 0.11
12716.71 3.53
12718.71 12.81
12720.7 13.27
12722.7 5.08
12724.71 4.4
12726.71 6.74
12728.7 0.46
12730.71 0.34
12732.7 0.12
12734.7 0.34
12736.71 7.12
12738.7 0.27
12740.7 4.66
12742.71 0.11
12744.7 0.4
12746.7 0.24
12748.71 17.9
12750.71 0.28
12752.7 0.11
12754.71 4.91
12756.7 12.47
12758.7 0.21
12760.72 0.11
12762.7 3.17
12764.71 16.27
