0.0 20.71
0.72 7.4
1.32 20.28
2.72 23.06
4.74 18.23
6.71 14.39
8.71 19.32
10.71 15.03
12.71 23.31
14.7 15.6
16.71 20.87
18.72 14.8
20.71 11.29
28.34 17.73
30.12 19.46
32.13 16.64
34.12 12.44
36.12 15.49
38.12 18.77
40.12 12.87
42.11 18.45
44.12 17.72
46.13 16.2
48.14 14.17
55.62 13.02
57.2 8.38
59.19 15.49
61.19 14.6
63.19 15.44
65.19 23.09
67.19 11.38
69.2 2.37
71.2 8.83
73.19 16.1
75.19 22.79
77.19 13.81
92.91 0.68
93.81 1.19
94.43 4.75
95.07 0.98
96.79 9.46
97.41 8.34
105.93 8.18
107.47 9.92
109.45 11.51
111.46 21.2
113.47 14.45
115.46 3.58
117.46 18.81
119.46 13.11
121.46 20.2
123.46 9.56
125.47 13.85
127.47 15.85
129.46 9.8
136.8 18.96
143.36 8.17
144.12 18.42
146.11 19.7
148.11 2.86
150.11 5.73
152.12 17.8
154.12 14.3
156.11 20.78
158.11 20.31
160.11 14.5
162.11 12.72
164.1 15.08
166.11 15.57
168.12 6.67
170.12 15.0
172.11 20.84
174.11 16.76
176.11 18.13
178.11 18.87
180.12 12.01
182.12 21.05
184.11 20.95
186.11 18.21
188.11 6.82
190.36 19.65
192.35 21.22
194.37 14.48
196.12 18.09
198.12 14.24
205.65 21.02
214.25 16.44
214.96 21.32
216.96 16.82
222.97 0.32
224.4 15.53
226.4 13.59
228.4 7.44
236.45 16.06
237.27 16.93
239.26 22.86
241.26 20.51
243.26 20.25
245.26 20.47
247.27 17.35
249.27 23.6
251.26 17.62
253.26 21.03
255.26 4.88
257.26 18.24
259.26 13.99
261.27 16.44
268.07 13.32
270.18 13.59
272.18 19.15
274.18 15.74
276.19 17.91
278.18 14.24
280.18 11.58
282.18 7.69
284.18 6.56
286.18 18.89
288.18 0.09
290.19 11.6
292.19 12.02
294.19 19.26
296.18 8.02
298.18 10.0
300.19 22.55
302.18 19.74
304.19 14.3
306.2 18.58
308.18 19.76
310.18 9.43
312.18 13.53
314.18 10.81
323.16 16.43
324.82 19.14
326.82 10.69
336.09 6.15
337.81 18.78
339.82 12.87
341.81 15.31
343.81 22.98
345.81 20.94
347.82 18.89
349.81 18.18
358.23 17.97
367.82 21.82
369.44 18.2
371.45 11.62
380.64 19.59
382.41 18.74
384.42 15.58
386.42 20.57
388.41 15.9
397.94 0.01
399.18 19.33
401.17 15.38
403.17 20.33
405.17 10.7
407.18 16.95
415.09 20.69
416.39 4.83
418.39 13.73
420.39 1.92
422.39 18.23
424.4 18.03
426.4 7.04
428.39 16.31
430.39 20.9
432.39 17.14
437.85 0.02
440.96 0.03
441.82 9.01
452.03 6.81
467.58 2.75
468.41 14.05
470.41 15.32
472.41 12.37
474.41 14.47
476.41 9.45
478.42 2.52
487.7 12.42
488.37 0.33
496.35 18.24
510.36 4.19
516.43 4.19
523.95 18.89
524.86 13.73
525.6 18.45
527.53 15.82
532.93 9.05
534.93 20.46
537.17 10.53
539.17 17.88
541.17 19.66
543.17 15.3
550.83 14.03
551.35 6.97
560.32 9.86
560.85 12.84
568.84 6.78
587.64 10.83
588.27 18.01
589.57 17.5
591.56 19.08
593.56 15.88
595.56 19.43
597.57 19.92
599.58 14.15
601.57 17.95
603.59 15.63
605.57 21.59
607.56 16.12
609.57 18.71
618.64 15.72
631.95 8.49
633.76 20.95
635.76 11.67
641.91 15.02
642.69 18.86
643.22 3.86
643.77 8.35
645.77 0.16
647.76 15.26
649.76 6.63
658.97 15.4
677.3 4.67
686.35 0.28
686.99 1.54
694.17 0.05
694.81 1.86
702.77 1.86
705.01 9.98
706.78 14.11
709.01 18.27
725.38 2.31
726.07 4.65
727.58 21.91
729.59 13.48
731.59 14.58
733.6 21.2
735.58 15.23
737.59 18.62
739.58 13.78
741.58 22.87
743.58 20.72
745.58 16.3
747.6 8.28
749.46 5.8
751.58 12.37
753.59 16.05
755.81 4.75
757.58 10.77
759.58 10.17
761.58 7.71
763.58 16.4
765.58 4.79
775.24 7.25
775.84 18.86
776.65 10.8
784.43 4.8
784.94 8.76
785.69 21.09
786.32 18.89
786.86 21.18
788.68 15.03
790.7 9.51
792.69 13.43
798.09 10.74
806.59 17.03
807.72 20.73
809.68 5.81
811.68 20.37
813.68 22.82
815.68 10.04
817.7 14.84
819.69 21.64
821.69 21.41
823.69 16.16
825.68 20.89
827.69 11.82
829.68 13.89
831.7 14.2
833.69 17.6
835.69 23.35
837.69 7.64
839.68 18.94
841.69 16.43
843.68 12.18
845.7 12.79
847.7 9.35
849.7 11.78
851.68 19.54
857.59 18.39
859.24 8.02
866.51 17.36
868.5 22.82
870.51 3.58
872.53 9.27
874.51 14.87
876.51 6.16
878.5 16.05
880.51 0.27
882.5 8.02
884.5 11.88
886.52 0.54
888.52 16.91
890.52 15.3
892.5 1.99
898.95 2.14
900.34 4.37
900.88 3.29
902.12 3.58
912.19 0.02
913.0 0.13
920.89 5.26
922.76 3.76
929.75 6.54
930.45 8.5
932.45 13.74
934.44 18.38
936.44 5.53
938.44 9.34
940.48 6.03
947.95 0.09
948.46 2.47
948.99 3.77
949.55 2.52
950.54 7.17
952.69 11.87
954.46 8.18
961.99 5.06
963.13 2.8
964.11 12.49
966.1 14.22
968.13 9.54
970.11 3.66
972.11 21.12
973.91 20.77
976.11 8.46
978.11 22.09
980.11 21.59
982.12 18.21
984.12 13.21
986.11 17.98
988.12 21.39
990.11 17.12
992.11 14.55
994.12 21.4
996.12 19.57
997.92 21.18
1000.12 17.49
1002.12 18.92
1004.11 21.37
1006.11 15.96
1012.89 0.1
1013.53 10.03
1015.54 10.01
1017.52 15.42
1019.52 21.87
1021.52 22.59
1023.53 16.97
1025.53 0.24
1027.52 16.5
1029.53 22.73
1031.52 23.03
1033.52 15.21
1035.52 19.52
1037.52 15.06
1039.53 1.89
1041.53 19.33
1043.53 17.72
1045.52 16.66
1047.52 22.32
1049.52 18.06
1051.54 21.25
1053.53 10.19
1055.53 15.42
1057.53 20.5
1059.52 21.01
1061.52 17.2
1063.52 9.99
1065.52 18.36
1073.14 16.15
1082.79 19.06
1083.65 3.99
1084.88 15.71
1086.86 12.82
1088.87 21.51
1090.87 16.43
1092.86 19.36
1094.88 21.01
1096.88 16.91
1098.88 22.56
1100.87 15.81
1102.86 15.43
1104.87 13.13
1106.86 13.7
1108.88 18.19
1110.88 18.73
1119.29 17.53
1120.47 18.3
1128.26 0.07
1128.78 13.88
1129.86 6.27
1131.86 5.55
1137.0 16.64
1146.98 12.79
1149.0 12.46
1149.91 8.41
1159.88 4.04
1160.44 7.93
1161.04 7.91
1161.9 7.88
1168.0 13.09
1169.75 1.89
1170.93 9.77
1172.93 17.87
1174.95 19.18
1176.93 9.01
1178.94 10.71
1180.93 18.65
1182.93 14.94
1190.23 5.29
1190.77 4.5
1192.49 11.77
1194.49 21.85
1196.49 9.59
1198.49 15.99
1200.5 18.38
1218.14 6.12
1218.86 15.09
1219.41 21.64
1221.42 16.86
1223.41 14.99
1247.05 12.62
1253.57 0.03
1254.26 0.46
1256.28 5.01
1258.25 9.52
1260.26 3.93
1262.26 4.82
1264.26 6.87
1266.26 9.69
1271.05 11.04
1271.97 2.59
1273.96 13.88
1285.49 1.96
1293.19 0.03
1294.81 10.96
1296.11 15.97
1298.1 9.04
1300.1 19.19
1302.1 12.66
1304.09 21.76
1311.57 21.6
1312.22 14.01
1313.52 20.39
1315.53 20.27
1317.52 18.4
1319.52 12.03
1321.52 15.46
1323.54 14.87
1325.52 14.05
1327.53 20.48
1329.53 22.8
1331.52 16.54
1333.52 21.3
1352.87 3.95
1355.14 0.57
1355.9 4.64
1357.66 15.28
1359.65 8.86
1361.66 20.28
1363.65 16.88
1365.66 14.67
1374.09 11.44
1376.34 9.19
1378.28 15.84
1380.27 14.34
1382.27 8.93
1384.26 19.5
1386.26 8.04
1388.27 4.6
1390.27 9.12
1392.28 16.93
1394.27 20.46
1396.26 19.49
1398.27 15.91
1400.26 9.64
1402.26 10.7
1404.26 9.02
1406.28 19.53
1408.27 13.12
1410.26 7.9
1412.27 15.77
1414.26 12.29
1416.27 12.98
1418.27 17.77
1420.28 14.86
1428.87 0.04
1447.88 7.07
1449.92 11.37
1451.93 4.2
1453.92 15.92
1460.52 14.46
1469.19 17.97
1469.72 7.1
1471.75 8.19
1473.75 22.44
1475.74 15.55
1477.74 12.69
1479.73 20.79
1486.72 8.91
1488.71 17.76
1490.72 14.19
1492.72 20.28
1494.71 12.75
1496.71 11.73
1498.73 20.39
1500.72 12.83
1502.72 20.7
1508.92 16.58
1509.44 3.82
1510.46 18.07
1512.45 17.17
1514.47 9.58
1516.46 0.03
1518.46 12.96
1520.46 18.7
1522.45 14.32
1524.46 8.97
1526.46 7.86
1528.47 13.43
1530.45 23.12
1536.82 7.26
1537.44 15.71
1546.47 6.82
1547.04 14.89
1548.8 12.68
1550.8 20.86
1552.8 18.71
1554.81 19.12
1563.13 4.22
1563.79 14.91
1565.68 15.58
1567.7 16.72
1569.68 14.04
1571.69 15.19
1573.69 19.33
1575.69 15.31
1577.68 21.22
1579.68 12.15
1581.71 16.89
1583.69 18.39
1598.66 13.71
1599.17 13.59
1599.96 0.26
1600.67 13.62
1602.68 20.51
1604.67 19.57
1606.66 16.82
1608.68 17.44
1610.68 15.68
1612.74 13.78
1614.68 10.92
1622.04 13.24
1631.18 0.06
1632.03 3.46
1632.55 3.2
1639.22 0.05
1640.36 16.71
1647.47 7.33
1657.23 2.7
1659.2 0.96
1660.53 7.37
1662.65 17.8
1664.65 21.63
1666.64 10.19
1679.49 2.19
1680.26 4.08
1680.9 5.74
1682.97 11.36
1684.97 20.06
1692.98 0.07
1704.12 1.04
1704.83 3.26
1706.27 9.76
1708.34 9.98
1710.34 14.39
1712.33 8.71
1714.35 6.25
1716.34 11.21
1718.34 5.24
1720.34 16.82
1722.34 13.6
1724.34 16.0
1726.34 20.43
1728.35 17.14
1730.34 18.78
1732.35 16.32
1734.34 14.66
1736.34 15.46
1738.34 14.65
1740.33 17.1
1742.35 15.8
1744.34 19.5
1746.34 21.34
1748.34 18.27
1750.34 17.0
1752.34 15.82
1754.33 20.0
1756.35 15.3
1758.34 9.03
1760.34 18.29
1762.35 19.61
1764.34 16.9
1766.34 20.75
1768.33 17.66
1770.35 19.13
1777.37 15.8
1779.35 18.96
1781.35 19.75
1783.37 19.54
1785.36 21.2
1787.35 8.71
1789.36 20.18
1791.36 17.73
1793.35 20.66
1795.35 17.03
1797.36 14.8
1799.37 18.78
1801.36 17.83
1803.36 18.08
1805.36 17.54
1807.35 18.4
1809.35 8.11
1811.37 22.09
1813.36 15.45
1815.36 10.41
1817.37 20.3
1824.22 19.83
1824.97 13.86
1825.68 23.05
1827.01 16.53
1829.25 22.72
1831.25 15.31
1833.24 16.45
1835.24 15.64
1837.24 19.9
1839.26 17.62
1841.26 14.78
1843.25 18.48
1845.24 22.64
1847.24 12.85
1849.05 19.72
1851.24 20.68
1853.25 20.09
1855.26 18.0
1857.25 14.48
1859.25 20.47
1864.8 18.89
1865.38 14.36
1866.99 16.29
1868.99 20.74
1870.98 20.52
1872.81 6.01
1879.06 20.37
1880.36 21.3
1882.35 20.75
1887.8 0.01
1889.97 12.68
1891.97 13.1
1893.98 16.84
1895.99 19.65
1897.97 12.6
1899.97 19.37
1901.97 16.73
1903.97 13.33
1905.97 19.89
1907.96 20.16
1909.98 19.1
1911.97 15.51
1913.97 11.68
1915.97 17.6
1917.97 20.56
1919.97 18.43
1929.05 13.52
1930.89 7.98
1932.89 12.97
1934.88 17.25
1936.9 16.12
1938.89 22.33
1940.89 24.19
1942.89 20.88
1944.89 14.54
1946.89 16.13
1948.88 14.25
1950.9 15.9
1952.89 20.95
1954.9 10.78
1956.89 18.69
1958.89 19.15
1960.89 16.82
1962.9 17.4
1964.9 18.48
1966.9 23.0
1968.89 21.18
1970.89 21.1
1972.89 18.31
1974.89 20.52
1976.88 18.2
1978.91 12.82
1980.91 18.81
1982.89 20.25
1984.89 15.03
1986.89 22.62
1988.89 18.51
1990.89 18.59
1992.89 9.87
1994.89 14.91
1996.89 20.95
1998.89 15.61
2000.9 18.25
2002.89 21.52
2004.89 17.44
2006.9 16.87
2008.89 18.68
2010.89 20.8
2012.89 18.23
2014.88 19.83
2016.89 19.08
2018.89 16.45
2020.9 17.89
2022.9 15.72
2024.89 8.51
2026.89 10.59
2028.89 10.77
2030.89 15.09
2032.89 13.57
2034.9 17.9
2036.91 18.27
2038.89 9.51
2040.89 19.89
2042.89 14.84
2044.89 21.69
2046.89 16.08
2048.9 20.95
2050.9 19.17
2052.89 13.18
2054.9 21.22
2056.89 18.45
2058.89 4.7
2060.89 15.81
2062.89 21.06
2064.9 17.48
2066.89 18.19
2068.89 17.17
2070.89 15.12
2073.14 17.91
2075.14 11.75
2077.15 19.68
2079.15 15.96
2081.14 11.79
2083.14 16.47
2085.14 20.5
2087.14 4.35
2089.14 19.71
2091.15 17.51
2093.16 17.74
2095.14 19.09
2097.14 19.16
2099.15 19.17
2101.14 18.53
2103.14 19.1
2105.15 14.63
2107.15 18.76
2109.14 14.15
2111.14 17.77
2113.15 16.58
2115.14 19.08
2117.14 15.97
2119.15 17.98
2129.21 13.64
2129.81 8.24
2131.47 23.0
2133.46 18.82
2135.46 19.62
2137.46 17.29
2146.88 16.02
2147.44 10.31
2148.27 13.51
2150.27 19.05
2152.27 18.06
2154.27 20.1
2163.78 19.66
2165.02 14.48
2167.02 20.91
2171.94 3.67
2172.69 3.19
2174.69 0.38
2176.7 11.38
2178.68 11.45
2180.68 12.12
2185.6 14.55
2186.62 13.38
2188.61 17.72
2190.61 17.72
2192.62 17.78
2194.61 13.92
2196.61 13.92
2198.62 8.34
2200.62 21.98
2202.61 19.73
2204.61 16.83
2206.62 20.76
2208.61 19.75
2210.61 17.14
2212.62 10.71
2214.62 12.5
2223.34 12.78
2225.43 20.68
2227.42 15.41
2229.42 16.13
2231.42 18.48
2233.41 16.92
2235.42 20.45
2237.41 22.33
2245.56 15.7
2246.75 18.02
2248.75 14.15
2250.76 19.16
2252.74 18.86
2254.76 20.05
2256.76 13.82
2258.75 19.35
2260.75 18.62
2262.75 20.75
2264.74 18.2
2266.74 12.96
2268.76 18.11
2270.76 6.39
2272.75 10.92
2274.75 11.96
2282.29 5.95
2289.37 12.14
2290.13 5.29
2291.21 7.99
2293.2 10.72
2295.21 9.3
2304.11 2.64
2312.49 7.9
2313.16 5.29
2313.81 17.06
2314.38 11.42
2314.94 19.42
2322.65 8.35
2323.2 6.28
2323.86 11.72
2324.48 6.55
2335.61 2.07
2339.68 6.34
2341.11 8.25
2342.75 8.45
2366.9 13.43
2375.81 17.08
2376.38 14.84
2377.27 10.98
2378.8 17.4
2380.8 9.65
2389.2 11.52
2391.25 6.12
2392.97 16.75
2393.82 10.74
2394.57 19.37
2396.03 14.83
2398.03 9.5
2400.02 13.86
2402.03 9.66
2404.03 14.64
2406.04 22.88
2408.02 20.01
2410.03 13.21
2412.02 19.1
2414.02 20.45
2416.02 20.17
2418.03 8.18
2420.03 13.16
2422.03 20.37
2424.28 16.07
2426.04 2.43
2428.28 10.96
2430.03 16.84
2432.28 13.4
2434.28 10.82
2436.27 21.0
2438.28 13.94
2440.28 18.34
2442.27 22.25
2444.28 12.74
2446.29 11.4
2448.29 14.8
2450.27 16.95
2452.28 18.01
2454.28 17.92
2456.27 11.07
2458.29 17.94
2460.29 15.87
2462.29 19.17
2464.29 18.2
2466.28 11.33
2468.28 15.11
2470.27 16.56
2472.27 16.65
2474.29 9.91
2476.29 21.12
2478.28 21.97
2480.28 20.47
2482.28 21.12
2484.27 18.56
2486.27 10.33
2488.29 18.66
2490.29 12.06
2492.28 10.52
2494.28 13.12
2506.12 2.87
2506.74 11.76
2519.85 2.91
2526.39 0.05
2527.35 2.85
2528.0 2.63
2553.93 0.0
2554.86 12.27
2562.1 16.75
2564.17 13.83
2570.94 16.89
2571.84 20.54
2573.84 14.46
2575.85 15.44
2584.45 17.12
2585.21 11.93
2587.21 16.73
2589.22 16.3
2591.21 3.6
2593.21 15.08
2595.22 19.51
2597.22 18.18
2599.22 15.72
2601.21 19.21
2603.21 17.43
2605.21 16.81
2607.21 13.04
2609.23 20.39
2611.23 16.44
2613.22 17.98
2621.73 22.09
2623.71 11.46
2625.7 17.71
2627.69 21.85
2629.7 14.27
2631.7 21.0
2633.69 16.37
2643.55 13.87
2644.1 15.92
2644.86 17.08
2651.57 16.86
2652.1 7.15
2652.81 19.91
2654.81 14.84
2656.81 16.03
2658.8 16.58
2660.8 14.96
2662.82 14.57
2664.82 16.78
2666.81 18.67
2668.61 21.68
2670.81 15.69
2672.81 12.75
2674.8 17.49
2676.82 22.57
2678.82 19.15
2680.81 16.26
2682.81 22.15
2684.8 16.81
2686.81 18.88
2688.8 18.38
2690.82 3.07
2692.62 20.36
2694.81 13.15
2703.0 15.84
2704.31 19.16
2706.3 18.05
2708.3 14.24
2710.3 18.76
2712.3 22.56
2714.3 15.48
2716.29 20.47
2718.31 17.44
2720.31 14.13
2722.3 21.84
2724.3 18.3
2726.3 18.96
2728.3 16.18
2730.29 21.45
2732.29 17.01
2734.3 19.64
2736.31 17.11
2738.3 17.49
2740.3 20.89
2742.3 8.64
2744.29 22.51
2746.29 21.12
2748.3 16.71
2753.72 13.9
2754.35 2.64
2756.07 15.74
2758.07 16.78
2760.06 17.1
2762.08 11.32
2764.07 22.1
2766.07 22.82
2768.07 18.99
2770.07 8.48
2772.07 15.3
2774.08 15.52
2776.08 21.05
2778.07 17.11
2780.07 15.15
2782.07 7.3
2784.07 20.79
2786.07 17.55
2788.06 22.43
2790.08 16.62
2792.08 19.14
2794.07 12.32
2796.07 11.39
2798.07 17.74
2800.07 19.08
2804.97 15.85
2805.85 15.13
2807.84 3.65
2809.84 20.77
2811.84 3.26
2813.85 17.4
2815.84 21.46
2817.86 16.24
2823.68 21.05
2825.37 18.05
2827.37 17.7
2829.37 18.08
2831.38 19.07
2833.38 13.07
2835.37 17.02
2837.37 20.18
2839.37 18.09
2841.37 15.47
2843.37 19.75
2845.38 1.16
2847.38 18.12
2849.37 12.83
2851.37 9.12
2853.38 18.79
2855.37 10.77
2857.37 15.57
2865.41 20.52
2866.01 14.26
2873.9 15.01
2875.53 13.73
2877.53 12.42
2879.53 16.74
2881.53 18.23
2883.53 15.89
2885.54 17.61
2891.36 19.62
2893.1 20.05
2895.1 8.66
2897.35 5.71
2899.12 20.21
2901.11 5.79
2903.35 19.32
2905.35 20.15
2907.34 18.68
2909.35 21.88
2911.34 17.73
2913.36 18.98
2915.36 12.31
2917.35 15.27
2919.16 17.4
2921.35 20.99
2923.35 13.24
2925.34 21.21
2933.65 11.53
2934.38 19.51
2934.94 16.45
2935.82 21.19
2937.03 18.95
2939.02 12.2
2941.04 14.52
2942.88 4.59
2945.03 16.92
2947.06 19.45
2949.03 22.83
2951.03 16.25
2953.02 17.62
2955.04 20.85
2957.04 14.13
2959.04 19.58
2961.03 6.26
2963.02 12.42
2965.03 7.69
2967.02 20.84
2969.04 16.66
2971.03 15.33
2973.03 12.29
2975.03 11.48
2977.02 18.22
2979.04 21.19
2981.02 22.13
2983.05 18.03
2985.04 7.58
2987.03 20.88
2989.03 15.96
2991.02 14.51
2993.03 8.61
2995.03 17.95
2997.02 18.02
2999.04 17.04
3001.03 21.03
3003.03 15.42
3005.03 18.24
3007.03 20.18
3009.03 18.85
3011.03 13.92
3013.04 20.7
3015.03 18.06
3017.03 4.29
3019.03 21.18
3021.04 16.38
3023.02 20.52
3025.03 19.75
3027.03 19.75
3029.04 19.75
3031.03 22.22
3033.02 16.34
3035.02 18.16
3037.03 15.92
3039.04 17.79
3041.04 12.05
3043.03 12.11
3045.04 6.06
3047.03 9.93
3049.03 11.24
3051.03 16.14
3053.04 16.24
3055.03 16.22
3057.04 13.51
3059.03 16.07
3061.03 5.87
3063.03 18.96
3065.03 12.13
3067.02 20.68
3069.04 18.8
3071.03 11.03
3073.03 18.05
3075.03 18.86
3077.03 10.53
3079.03 18.83
3081.02 17.33
3083.04 17.88
3085.03 19.86
3087.03 21.58
3089.03 19.97
3091.02 11.3
3093.03 18.66
3095.02 17.13
3097.04 19.38
3099.04 12.21
3101.03 18.47
3103.03 17.9
3105.03 2.62
3107.03 18.18
3109.03 12.56
3111.03 14.75
3113.04 6.4
3115.03 11.46
3117.03 16.02
3119.02 10.79
3121.03 16.99
3123.03 20.46
3125.04 15.38
3127.04 14.42
3129.03 11.48
3131.03 2.62
3133.03 13.8
3138.65 13.6
3140.58 21.35
3142.56 17.56
3144.56 21.86
3152.21 18.48
3153.75 14.9
3155.99 13.58
3157.99 19.92
3159.99 20.3
3161.99 21.14
3163.99 10.72
3166.0 19.82
3167.99 11.28
3174.8 14.07
3193.8 6.88
3202.29 22.54
3202.95 14.44
3204.94 14.95
3206.96 18.91
3208.96 16.34
3210.95 1.4
3212.95 14.07
3219.56 12.89
3220.32 17.44
3222.32 18.08
3224.31 20.81
3226.31 12.31
3228.32 19.8
3230.31 17.93
3232.34 17.41
3234.32 4.61
3236.32 14.1
3238.31 20.59
3240.31 16.95
3242.31 12.79
3244.31 21.83
3246.31 14.36
3248.34 17.62
3250.32 5.38
3252.31 17.97
3254.31 18.7
3256.31 22.08
3258.31 18.71
3260.56 19.1
3262.32 18.96
3264.32 20.11
3266.56 12.81
3268.56 18.59
3270.56 16.38
3272.56 21.4
3274.57 21.87
3279.76 17.74
3280.43 9.44
3282.43 8.47
3284.43 16.44
3286.43 18.01
3288.43 21.13
3293.67 12.63
3295.51 17.57
3297.51 16.38
3299.51 15.24
3301.51 19.13
3303.51 15.76
3305.52 20.69
3307.52 14.39
3309.51 17.2
3311.51 22.55
3313.53 21.04
3315.51 19.91
3317.52 19.9
3319.52 18.35
3325.51 21.67
3326.82 18.59
3328.81 17.43
3330.82 15.95
3332.83 15.59
3334.82 19.64
3336.82 19.18
3338.82 11.18
3340.82 22.05
3342.81 20.49
3344.83 0.06
3346.82 9.54
3348.83 17.27
3350.82 7.94
3352.82 15.01
3354.82 21.53
3356.81 19.22
3358.81 10.28
3360.83 18.96
3362.83 13.39
3364.82 15.17
3366.82 16.95
3368.81 20.05
3370.82 1.01
3372.83 14.67
3374.82 6.23
3376.83 4.39
3378.82 21.15
3380.82 5.81
3382.81 14.99
3384.82 19.97
3386.82 20.22
3388.83 15.0
3390.83 19.89
3392.82 21.33
3394.82 18.21
3396.82 21.51
3398.82 17.55
3400.83 14.03
3402.83 20.39
3404.83 21.8
3406.82 12.24
3408.82 12.33
3410.82 17.04
3412.82 15.59
3414.83 19.55
3416.83 14.63
3418.83 17.86
3420.82 17.41
3422.82 14.65
3424.82 18.96
3426.82 19.04
3428.83 13.58
3430.83 4.43
3432.83 17.95
3434.82 19.13
3436.82 17.29
3438.82 22.78
3440.82 16.29
3442.82 14.35
3444.82 17.34
3446.83 15.34
3448.82 14.11
3450.82 12.61
3452.82 12.75
3454.82 20.77
3456.83 20.0
3458.82 18.0
3460.82 11.81
3462.83 21.38
3464.82 20.07
3466.82 12.7
3468.82 7.6
3470.82 14.25
3472.83 17.47
3474.83 13.98
3476.83 21.49
3478.82 14.4
3480.82 16.01
3482.82 19.68
3484.82 15.14
3486.83 22.84
3488.83 19.98
3490.83 21.69
3492.82 15.96
3494.82 18.09
3496.82 22.45
3498.82 22.05
3500.82 16.74
3502.83 12.96
3504.83 20.12
3506.82 19.52
3508.83 15.82
3510.88 19.6
3513.09 13.95
3521.39 8.55
3522.02 15.59
3522.6 16.39
3524.4 18.64
3526.39 14.9
3528.41 12.77
3530.41 21.15
3532.4 15.5
3534.2 20.94
3536.4 18.18
3538.4 8.08
3540.39 21.5
3542.41 5.37
3544.4 20.3
3546.39 17.83
3548.4 14.28
3550.4 18.9
3552.41 19.78
3554.39 18.34
3556.4 13.29
3558.2 21.59
3560.41 20.78
3562.4 15.68
3564.4 19.99
3566.4 16.53
3568.39 22.33
3570.41 13.29
3572.41 20.75
3574.41 17.06
3576.4 16.15
3578.4 19.36
3580.4 19.6
3582.39 20.7
3584.41 19.72
3586.4 18.21
3588.4 12.34
3590.4 15.01
3592.4 9.53
3594.4 4.88
3596.39 16.15
3598.41 20.09
3600.4 15.58
3602.41 19.73
3604.4 12.99
3606.4 18.99
3608.4 14.39
3610.39 7.78
3612.41 20.47
3614.41 7.31
3616.41 21.62
3618.4 15.99
3620.4 18.75
3628.62 17.92
3629.21 19.03
3629.92 21.41
3630.64 15.7
3631.47 11.84
3632.4 15.69
3634.4 14.34
3636.4 18.65
3638.4 21.46
3640.41 5.22
3642.41 23.17
3644.4 14.87
3646.4 17.19
3648.4 14.86
3650.4 16.97
3652.4 4.54
3654.41 14.45
3656.41 16.07
3658.41 12.19
3660.4 20.24
3662.4 20.19
3670.66 13.59
3671.62 19.78
3673.62 3.33
3675.62 15.56
3677.62 17.43
3679.62 9.97
3681.64 17.91
3683.62 19.14
3685.62 15.61
3687.63 20.48
3689.62 17.75
3691.62 19.93
3693.62 15.1
3695.64 17.3
3697.63 23.21
3707.47 15.76
3708.82 17.26
3710.8 16.56
3712.81 15.43
3714.79 15.89
3716.79 8.99
3718.8 20.56
3720.8 18.27
3722.82 14.34
3724.8 22.06
3726.8 14.91
3728.79 12.82
3730.8 20.92
3732.79 17.28
3734.8 16.12
3736.81 18.71
3738.8 18.18
3740.8 12.25
3742.8 16.1
3744.8 20.92
3746.8 15.82
3748.8 22.19
3750.79 21.16
3752.81 11.78
3754.81 19.35
3756.81 9.02
3759.05 19.94
3761.05 23.45
3762.85 18.97
3765.06 21.23
3767.06 16.13
3769.06 18.56
3771.06 1.13
3773.05 13.82
3775.05 20.81
3777.05 15.86
3786.0 0.06
3787.99 11.46
3789.99 22.07
3791.99 21.92
3794.0 20.55
3796.0 18.0
3798.0 14.63
3799.99 17.87
3802.0 17.71
3804.0 15.17
3805.99 19.3
3807.99 15.44
3809.81 16.52
3817.58 9.89
3819.0 13.85
3821.0 17.21
3823.0 14.94
3825.01 20.75
3827.0 7.01
3829.0 17.84
3831.0 18.85
3833.0 16.55
3835.0 13.75
3837.01 17.04
3839.01 12.16
3841.0 21.71
3843.0 22.72
3845.0 23.04
3847.0 13.03
3849.0 16.69
3851.0 22.81
3853.01 22.81
3859.38 18.3
3859.93 17.03
3860.54 14.94
3862.53 17.31
3864.51 19.23
3866.52 19.91
3868.51 16.53
3870.51 14.43
3872.51 17.85
3874.51 20.74
3876.52 21.83
3878.51 13.34
3880.52 14.8
3882.51 12.8
3884.51 10.82
3886.51 19.67
3888.51 18.5
3890.52 16.39
3892.52 19.41
3894.52 15.7
3896.51 13.61
3898.51 13.61
3900.51 9.35
3902.52 20.97
3904.51 19.34
3906.52 17.03
3908.52 12.04
3910.51 18.01
3912.51 16.76
3914.51 16.61
3916.51 18.51
3918.53 20.64
3920.52 18.76
3922.51 15.69
3924.52 13.6
3926.52 21.24
3928.51 21.76
3930.52 12.45
3932.53 14.56
3934.51 20.46
3936.52 18.52
3938.52 13.42
3940.51 13.42
3942.51 7.1
3944.51 17.51
3946.52 17.77
3948.51 22.77
3950.52 19.22
3952.52 20.19
3954.51 17.95
3956.51 15.23
3958.51 17.53
3960.54 20.54
3962.52 21.78
3964.52 17.0
3966.52 15.31
3968.51 18.54
3970.51 17.96
3972.51 16.9
3974.53 16.66
3976.51 20.37
3978.52 16.84
3980.52 20.47
3982.51 20.31
3984.51 17.64
3986.51 21.77
3988.53 10.18
3990.52 3.45
3992.52 17.41
4003.3 13.6
4012.97 4.57
4013.86 19.35
4015.89 18.79
4017.89 18.79
4019.87 18.22
4021.87 17.41
4031.06 17.08
4032.6 16.94
4034.59 8.91
4036.59 16.77
4038.59 20.93
4048.42 8.94
4049.48 19.15
4051.48 19.91
4053.48 20.74
4055.48 19.1
4057.5 20.64
4059.49 9.88
4061.49 16.31
4063.48 19.03
4065.48 20.04
4067.48 18.7
4069.48 15.08
4071.5 20.16
4073.49 14.26
4075.49 19.11
4077.48 5.0
4079.48 18.78
4081.48 22.39
4083.48 18.21
4085.5 21.56
4087.49 17.49
4089.49 17.68
4091.48 19.78
4093.49 17.02
4095.48 15.69
4097.48 17.87
4099.5 0.86
4101.49 10.45
4103.49 19.75
4105.49 19.75
4107.48 18.17
4109.48 15.99
4111.48 15.99
4113.5 15.09
4115.48 11.9
4117.49 13.41
4119.49 8.77
4121.48 22.78
4123.48 16.0
4125.48 14.42
4127.5 6.83
4129.5 16.97
4131.48 21.19
4133.49 18.21
4135.48 12.86
4137.48 21.46
4139.48 17.59
4141.5 20.51
4143.49 13.52
4145.49 20.33
4147.49 15.88
4149.48 9.64
4151.5 16.09
4153.48 20.36
4155.5 10.63
4157.5 16.21
4159.49 11.73
4161.48 14.97
4163.48 19.71
4165.49 22.09
4167.48 13.69
4169.5 20.28
4171.49 11.08
4173.49 16.91
4175.49 16.47
4177.48 10.31
4179.48 7.8
4181.49 9.13
4183.5 1.02
4185.48 9.63
4187.49 17.78
4189.48 22.42
4191.48 21.44
4193.48 14.52
4195.5 16.85
4197.5 14.01
4199.49 19.88
4201.49 10.29
4211.55 7.15
4212.19 15.62
4214.09 15.52
4216.1 14.48
4218.08 10.97
4220.09 19.52
4227.95 21.28
4237.72 14.18
4239.26 22.1
4241.25 19.33
4243.27 19.9
4245.25 18.91
4247.25 17.5
4249.27 15.16
4251.26 17.12
4253.26 22.76
4255.51 14.01
4257.5 15.08
4259.51 16.68
4261.5 13.74
4272.49 13.88
4273.06 21.35
4273.64 18.42
4274.19 22.6
4274.81 17.96
4275.47 3.55
4277.19 17.24
4279.19 12.26
4281.17 22.39
4283.18 17.46
4285.17 16.65
4287.17 14.58
4289.18 16.03
4291.17 18.99
4293.18 12.9
4294.98 16.78
4297.18 16.09
4299.18 15.03
4301.17 16.38
4303.17 23.38
4305.19 12.82
4307.19 10.32
4309.18 10.5
4311.18 15.47
4313.18 14.48
4315.17 19.92
4317.18 14.05
4319.18 18.95
4321.2 22.3
4323.18 13.51
4325.17 19.49
4327.18 17.68
4329.18 15.88
4331.18 19.08
4333.17 10.15
4335.19 22.21
4337.18 18.42
4339.18 19.99
4341.18 19.15
4343.17 22.26
4345.17 20.2
4347.18 15.07
4349.19 20.88
4351.17 22.06
4353.18 19.49
4355.17 17.44
4357.17 14.17
4359.18 13.4
4361.18 12.13
4363.19 17.8
4365.18 13.71
4367.18 21.37
4369.19 12.62
4371.17 9.39
4373.18 16.87
4375.18 18.85
4377.19 14.11
4379.18 13.37
4381.18 17.95
4383.19 20.7
4385.17 21.76
4387.18 21.16
4389.18 19.04
4391.19 9.01
4393.18 15.26
4395.17 24.12
4397.18 17.3
4399.18 20.14
4401.17 19.7
4403.18 9.66
4405.19 12.4
4407.19 15.32
4409.18 11.57
4411.19 17.78
4413.18 15.48
4421.36 10.96
4422.03 16.42
4424.03 15.83
4426.04 11.66
4428.02 17.26
4430.02 21.19
4432.04 12.95
4434.03 13.44
4436.03 12.24
4438.03 21.38
4440.03 13.72
4442.02 13.67
4444.02 10.14
4446.02 6.99
4448.03 20.76
4450.03 21.44
4452.03 19.66
4454.03 14.96
4456.02 21.51
4458.02 20.71
4460.04 8.72
4462.04 12.63
4464.03 18.3
4466.03 20.15
4468.03 3.41
4470.02 15.46
4472.02 12.71
4474.04 20.5
4476.03 19.15
4478.03 22.0
4480.03 12.02
4482.03 21.8
4484.03 18.05
4486.02 10.01
4488.04 18.6
4490.04 15.97
4492.03 19.16
4494.03 22.29
4496.03 6.51
4498.27 13.7
4500.12 10.44
4502.04 15.04
4504.04 18.43
4506.03 14.24
4508.28 16.61
4510.04 19.91
4512.29 15.07
4514.27 20.35
4516.29 16.14
4518.29 18.18
4520.28 13.35
4522.28 19.46
4524.09 18.18
4526.28 6.23
4528.27 17.6
4530.29 16.91
4532.29 9.11
4534.28 15.5
4536.28 11.77
4538.28 18.73
4540.28 23.43
4542.28 23.74
4544.28 16.4
4546.29 10.21
4548.09 16.12
4550.28 15.36
4552.28 19.59
4554.28 16.1
4556.28 20.0
4558.29 18.96
4560.29 18.09
4562.28 18.92
4564.28 17.97
4566.29 13.51
4568.28 17.22
4570.28 18.94
4572.27 21.48
4574.29 15.28
4576.28 22.34
4578.28 18.58
4580.28 13.5
4582.27 19.77
4584.28 15.99
4586.27 11.95
4588.29 14.81
4590.29 19.6
4592.28 18.37
4594.28 18.15
4596.28 13.19
4598.28 16.51
4600.29 17.51
4602.29 22.0
4604.28 22.41
4612.09 11.06
4613.37 16.04
4615.37 5.87
4617.36 12.19
4619.36 19.9
4621.36 15.01
4623.36 15.61
4625.35 13.54
4627.35 21.19
4629.37 14.64
4631.36 7.47
4633.36 17.3
4635.36 16.58
4637.36 14.78
4639.35 16.73
4641.35 19.12
4643.37 20.94
4645.36 21.25
4647.36 17.52
4649.36 13.36
4651.36 15.27
4653.35 22.23
4655.35 18.58
4657.37 16.5
4659.37 8.28
4661.36 14.12
4663.36 19.94
4665.36 21.62
4667.35 20.33
4669.35 22.01
4671.37 18.44
4673.36 20.78
4675.36 10.76
4677.35 22.63
4679.36 13.54
4681.35 17.02
4683.35 9.41
4685.37 16.62
4687.36 20.05
4689.36 19.75
4691.35 20.62
4693.36 13.37
4700.91 14.27
4701.53 14.77
4702.13 22.65
4703.06 20.74
4705.06 15.87
4707.06 20.72
4709.06 15.6
4711.06 21.63
4713.07 12.1
4715.07 18.02
4717.07 15.91
4719.06 15.11
4721.06 18.11
4723.06 14.94
4725.06 17.05
4727.07 15.73
4729.07 14.07
4731.06 16.7
4733.07 17.12
4735.06 5.44
4737.06 17.18
4739.06 17.15
4741.07 15.56
4743.08 19.68
4745.06 19.56
4747.06 17.18
4749.06 15.57
4755.95 20.81
4758.18 22.19
4760.18 17.96
4762.18 16.66
4764.18 19.6
4766.17 16.44
4768.19 16.01
4770.18 17.11
4772.18 19.57
4774.18 19.99
4776.18 14.77
4778.18 21.68
4780.18 11.54
4782.19 17.3
4784.2 17.3
4786.18 17.9
4788.18 20.04
4790.18 23.13
4792.19 18.43
4794.18 20.26
4796.18 18.1
4798.19 20.15
4800.19 19.93
4802.18 20.07
4804.19 20.8
4806.18 18.75
4808.18 15.03
4810.19 21.21
4812.19 15.66
4814.18 17.0
4816.19 13.13
4818.18 19.6
4820.18 19.33
4822.18 11.26
4824.17 14.59
4826.18 17.12
4828.19 20.27
4830.18 17.71
4832.18 10.85
4834.18 19.51
4836.18 16.41
4838.18 16.93
4840.19 20.34
4842.18 18.13
4844.18 14.83
4846.18 16.33
4848.18 11.09
4850.18 17.19
4852.2 19.31
4854.2 16.95
4856.19 14.92
4858.19 19.72
4860.18 14.38
4862.18 20.49
4864.18 19.0
4866.18 17.21
4868.19 18.92
4870.18 13.03
4872.18 18.14
4874.18 12.36
4876.19 18.06
4878.18 19.25
4880.18 20.53
4882.2 20.09
4884.18 19.94
4886.19 13.98
4888.18 15.89
4890.18 19.87
4892.18 20.89
4894.18 19.51
4896.19 16.39
4898.18 21.03
4900.18 15.57
4902.18 21.74
4904.18 19.26
4906.18 19.16
4908.18 18.73
4910.19 17.89
4912.19 14.07
4914.19 22.75
4916.19 22.34
4918.19 13.94
4920.19 14.44
4922.18 22.07
4924.19 9.73
4926.19 12.26
4928.19 14.64
4930.19 15.53
4932.19 18.39
4934.18 17.07
4936.18 13.33
4938.18 18.55
4940.2 21.32
4942.19 9.35
4944.18 11.74
4946.19 10.07
4948.18 7.13
4950.18 14.17
4952.19 18.66
4954.19 14.74
4956.19 16.91
4958.19 11.82
4960.19 12.89
4962.18 9.78
4964.18 2.79
4966.2 12.99
4968.19 23.4
4970.19 14.62
4972.19 18.43
4974.19 7.9
4976.18 12.6
4978.18 13.93
4980.19 19.64
4982.2 19.64
4984.19 11.5
4986.19 11.5
4993.51 0.0
4995.22 16.17
4997.21 19.32
4999.21 19.17
5001.21 22.87
5003.46 13.72
5005.46 11.99
5007.22 21.92
5009.47 19.83
5011.46 16.09
5013.46 14.17
5015.27 19.15
5017.46 15.72
5019.46 18.42
5021.47 21.37
5023.47 17.88
5025.47 21.83
5027.46 17.91
5029.46 22.34
5031.46 20.23
5033.46 21.4
5035.47 21.74
5037.47 22.57
5039.27 17.48
5041.46 13.35
5043.46 20.73
5045.46 18.81
5047.46 18.03
5049.48 21.35
5051.47 18.52
5053.46 18.81
5055.46 17.49
5057.46 15.21
5059.46 21.96
5061.46 18.35
5063.47 20.92
5065.47 13.61
5067.46 12.62
5069.46 20.95
5071.46 21.13
5073.46 16.24
5075.46 20.85
5077.47 19.08
5079.47 10.59
5081.46 15.46
5083.46 22.28
5085.46 17.28
5087.46 19.86
5089.46 19.31
5091.46 13.18
5093.47 6.11
5095.47 20.76
5097.46 16.99
5099.46 14.13
5101.46 12.61
5103.46 14.31
5105.46 16.21
5107.47 21.2
5109.46 13.98
5111.46 19.17
5113.46 21.82
5115.46 16.28
5117.46 5.91
5119.47 17.13
5121.47 17.56
5123.47 13.94
5125.46 21.84
5127.46 16.97
5129.46 15.62
5131.46 19.3
5133.47 19.88
5135.49 16.74
5137.47 16.67
5139.46 19.92
5146.98 0.04
5148.77 13.24
5150.77 13.9
5152.76 16.99
5154.76 16.9
5160.32 13.07
5162.18 8.04
5164.18 13.69
5166.17 10.07
5168.17 18.26
5170.17 13.21
5172.17 10.26
5174.16 19.96
5176.17 12.68
5178.18 20.91
5180.17 16.8
5182.17 21.96
5184.17 17.38
5186.17 16.73
5188.16 22.35
5190.18 9.41
5192.18 20.7
5194.17 19.5
5196.17 14.89
5198.17 11.15
5200.17 14.59
5202.16 20.9
5204.18 19.39
5206.18 18.04
5208.17 17.12
5210.17 9.04
5212.17 5.76
5214.17 20.95
5216.16 21.95
5218.18 21.91
5220.18 18.44
5222.17 18.63
5224.17 20.11
5226.17 17.38
5234.64 0.04
5235.67 19.82
5237.67 19.24
5248.15 22.76
5257.8 9.47
5258.42 15.41
5259.09 16.74
5259.71 15.99
5260.86 12.68
5263.1 18.0
5265.1 16.85
5267.1 12.99
5269.09 17.24
5271.09 9.8
5273.11 16.25
5275.11 16.63
5277.1 21.77
5279.1 16.59
5281.1 14.18
5283.1 21.84
5285.09 17.71
5287.11 19.31
5289.1 15.56
5291.1 17.7
5293.1 13.99
5295.1 20.74
5297.1 17.95
5299.1 17.79
5301.1 21.37
5303.1 17.53
5305.1 14.72
5307.1 21.34
5309.1 16.7
5311.1 18.42
5313.09 19.97
5315.11 16.18
5317.11 14.05
5319.1 15.88
5321.1 22.08
5323.1 22.53
5325.1 18.79
5327.09 16.43
5329.11 19.11
5331.11 20.5
5333.1 16.46
5335.1 20.25
5337.1 13.69
5339.1 18.32
5341.09 15.0
5343.1 15.18
5345.1 17.7
5347.1 18.38
5349.1 18.64
5351.1 13.38
5353.1 13.39
5355.09 18.99
5357.11 17.92
5359.11 8.37
5361.11 21.62
5363.1 13.49
5365.1 16.7
5367.11 23.42
5373.69 13.02
5374.66 22.44
5376.65 22.07
5378.65 14.44
5380.65 16.34
5382.65 19.87
5384.66 15.21
5386.65 15.82
5388.66 11.17
5390.65 11.63
5392.66 18.59
5394.65 10.17
5396.65 20.08
5398.66 15.5
5400.66 20.96
5402.65 7.38
5404.65 14.85
5406.65 20.92
5408.66 17.38
5410.65 16.34
5412.65 17.17
5414.66 13.15
5416.66 22.99
5418.65 19.65
5420.65 13.13
5422.65 16.66
5424.65 16.91
5426.65 17.02
5428.66 20.11
5430.66 17.29
5432.65 17.05
5434.65 10.52
5436.65 15.54
5438.65 20.09
5440.65 21.69
5442.66 19.54
5444.66 22.24
5446.65 11.97
5448.65 15.22
5450.65 16.19
5452.65 13.7
5454.65 18.53
5456.66 10.09
5458.65 14.7
5460.65 13.67
5462.65 13.24
5464.65 22.05
5466.65 14.28
5468.65 15.38
5470.66 12.82
5472.66 12.68
5474.65 14.61
5476.65 13.6
5478.65 17.78
5480.65 11.79
5482.65 18.83
5484.65 21.19
5486.66 16.44
5488.65 12.13
5490.65 9.95
5492.65 18.72
5494.65 17.61
5496.91 20.63
5498.65 12.16
5500.66 11.39
5502.66 16.98
5504.9 18.97
5506.71 18.71
5508.94 16.63
5510.9 13.41
5512.91 15.76
5514.91 19.64
5516.91 16.62
5518.9 12.44
5520.9 12.28
5522.9 15.79
5524.91 14.49
5526.91 19.17
5528.91 18.23
5530.72 15.57
5532.9 19.1
5534.9 17.97
5536.91 21.84
5542.01 18.32
5542.79 8.31
5544.78 22.07
5546.78 14.7
5548.78 15.54
5550.79 12.29
5552.78 9.84
5554.6 17.48
5556.79 12.42
5558.79 17.12
5560.78 20.51
5562.78 9.14
5564.78 20.19
5566.78 15.27
5568.79 18.02
5570.79 15.11
5572.79 15.32
5574.78 17.08
5576.79 17.28
5578.79 17.71
5580.78 17.58
5582.79 20.78
5584.79 20.04
5586.78 8.21
5588.78 18.3
5590.79 18.67
5592.79 16.86
5594.78 22.94
5596.79 15.87
5598.83 20.77
5600.8 22.14
5602.78 21.55
5604.78 15.69
5606.78 21.01
5608.78 17.47
5610.8 17.4
5612.79 19.34
5614.79 5.96
5616.78 14.1
5618.78 13.0
5620.78 20.39
5622.78 6.14
5624.8 16.83
5626.79 17.73
5628.79 11.55
5630.78 16.83
5632.78 15.72
5634.78 15.68
5636.78 16.62
5638.79 19.85
5640.79 14.41
5642.79 17.83
5644.78 16.17
5646.78 17.66
5648.78 7.61
5650.79 2.22
5652.79 16.34
5654.79 18.89
5656.79 17.83
5658.79 14.77
5660.79 18.7
5662.78 18.99
5664.78 18.1
5666.78 20.18
5668.8 14.28
5670.79 17.92
5672.78 11.14
5674.78 13.38
5676.79 19.7
5678.78 17.18
5680.78 20.08
5682.8 20.04
5684.79 21.63
5686.78 18.52
5688.79 17.29
5690.79 19.21
5692.78 12.84
5694.81 22.29
5696.8 23.09
5698.79 17.05
5700.79 19.02
5702.79 11.54
5704.79 21.09
5706.78 15.7
5708.8 19.92
5710.79 16.78
5712.79 13.54
5714.78 11.21
5716.79 17.23
5718.79 21.35
5720.79 13.46
5722.78 21.86
5724.8 21.4
5726.8 17.01
5728.79 22.63
5730.79 15.03
5732.79 21.79
5734.79 17.69
5736.78 15.59
5738.79 20.55
5740.8 20.98
5742.8 16.29
5744.79 15.56
5746.78 22.43
5748.79 10.41
5751.06 16.13
5752.8 20.7
5754.8 11.57
5756.8 21.38
5759.04 8.39
5766.39 1.91
5767.89 20.99
5769.89 21.18
5771.89 22.22
5779.54 12.85
5780.04 16.88
5781.11 19.38
5782.92 18.76
5785.11 19.02
5787.11 19.01
5789.11 22.64
5791.1 22.14
5793.12 23.51
5795.11 18.97
5797.11 14.99
5799.1 20.58
5801.11 15.89
5803.11 20.3
5805.1 15.37
5806.92 21.53
5809.12 14.29
5811.11 11.3
5813.11 5.14
5815.11 12.7
5817.11 17.11
5819.11 19.28
5821.12 16.17
5823.12 18.32
5825.11 10.64
5827.11 21.26
5829.11 8.26
5831.11 13.47
5833.1 16.55
5835.12 14.8
5837.11 17.17
5839.12 16.4
5841.11 21.72
5843.1 12.77
5845.11 16.6
5847.11 18.57
5849.11 3.22
5851.11 15.11
5853.12 14.32
5855.11 14.79
5857.11 18.65
5862.79 16.26
5863.32 18.78
5864.86 21.16
5866.85 16.36
5868.85 19.43
5870.85 14.56
5872.85 17.59
5874.85 21.23
5876.87 22.91
5878.86 19.39
5880.86 20.28
5882.85 20.34
5884.85 18.6
5890.78 14.72
5891.31 18.35
5892.59 16.91
5894.59 7.83
5896.58 22.05
5898.58 15.7
5900.58 13.33
5902.58 20.11
5904.59 19.6
5906.6 15.01
5908.58 18.73
5910.59 13.31
5912.59 16.87
5914.59 13.79
5916.58 20.53
5918.61 17.6
5920.58 14.03
5922.59 20.17
5924.59 22.37
5926.59 17.95
5928.58 10.82
5930.58 8.68
5932.61 10.25
5934.6 19.22
5936.59 13.4
5938.58 9.63
5940.59 19.55
5942.59 13.76
5944.59 18.75
5946.61 15.54
5965.43 21.73
5966.21 20.48
5967.02 10.77
5967.96 11.95
5968.65 15.23
5977.86 0.0
5979.8 17.22
5981.8 15.0
5983.8 18.33
5985.8 14.5
5987.81 13.87
5989.81 13.23
5991.81 16.28
5993.81 11.72
5995.8 14.45
5997.8 16.48
5999.8 15.46
6001.82 15.6
6003.81 20.11
6005.81 21.11
6007.8 17.38
6009.8 16.35
6011.8 9.34
6013.8 14.75
6019.27 15.91
6019.85 17.53
6021.35 20.73
6023.35 20.79
6025.35 7.95
6027.35 20.31
6029.37 13.91
6037.45 0.0
6038.06 11.49
6040.09 19.35
6042.11 12.97
6044.1 21.38
6046.09 20.04
6048.1 21.25
6050.1 16.25
6052.09 12.93
6054.09 15.55
6056.11 15.41
6058.1 13.21
6060.1 16.37
6062.1 16.73
6064.09 20.38
6066.1 15.73
6068.09 13.42
6070.11 12.1
6072.09 16.48
6074.1 16.65
6076.11 17.93
6078.09 20.16
6080.09 16.1
6082.09 22.2
6084.11 12.4
6086.35 12.4
6088.1 13.31
6090.1 7.31
6092.35 15.11
6094.34 16.22
6096.1 15.07
6098.11 17.74
6100.36 15.19
6102.35 19.13
6104.35 19.13
6106.15 20.95
6108.34 20.7
6110.35 12.25
6112.34 12.48
6120.26 17.05
6120.81 17.51
6121.33 19.24
6129.9 13.85
6138.96 23.16
6140.96 22.55
6142.96 8.08
6144.96 18.31
6146.95 10.8
6148.95 18.96
6150.95 16.67
6152.97 22.3
6154.96 14.66
6156.95 13.63
6158.95 17.02
6160.95 13.98
6162.95 20.51
6164.95 19.48
6166.95 18.54
6168.96 21.78
6170.96 19.81
6172.96 17.5
6174.95 22.55
6176.95 17.09
6178.96 18.68
6180.95 14.15
6182.95 19.55
6184.96 16.12
6186.96 16.25
6188.95 15.86
6190.95 20.75
6192.95 18.64
6194.95 15.26
6196.96 20.03
6198.96 8.42
6200.96 21.22
6202.95 13.92
6208.01 0.09
6208.64 18.07
6210.67 15.96
6212.66 18.45
6214.65 17.28
6216.65 21.6
6218.65 20.71
6220.65 13.4
6222.64 8.8
6224.67 17.78
6226.66 16.74
6228.65 14.15
6230.65 18.69
6232.65 16.11
6234.65 10.62
6236.65 18.07
6238.67 13.88
6240.66 17.39
6242.65 11.62
6244.66 19.98
6246.65 13.13
6248.65 16.76
6250.65 16.45
6252.67 14.19
6254.66 21.6
6256.66 15.19
6258.66 17.6
6260.65 20.78
6262.65 17.97
6264.65 17.32
6266.67 15.57
6268.66 13.62
6270.66 12.96
6272.65 19.58
6274.65 17.33
6276.65 15.14
6278.65 14.04
6280.67 17.6
6282.65 19.27
6284.65 17.6
6286.66 19.17
6288.65 10.79
6290.65 17.87
6292.65 16.85
6294.67 11.41
6296.65 12.1
6298.65 17.09
6300.65 20.44
6302.65 22.33
6304.65 18.3
6306.65 18.47
6308.67 12.26
6310.65 16.05
6312.65 1.0
6314.65 18.13
6316.65 22.7
6318.65 18.69
6320.65 17.65
6322.67 20.76
6324.66 16.39
6326.65 19.31
6328.66 16.32
6330.65 21.36
6332.65 22.09
6334.65 10.37
6336.67 22.13
6338.66 21.36
6340.66 14.32
6342.91 14.84
6344.9 15.45
6346.9 18.83
6348.9 16.58
6350.67 21.17
6352.9 21.64
6354.91 17.31
6356.91 19.42
6358.9 11.86
6360.9 10.62
6362.9 22.03
6364.91 22.45
6366.91 19.05
6368.91 0.18
6370.91 11.56
6372.9 16.81
6374.9 12.74
6376.9 15.44
6378.92 20.27
6385.5 14.8
6386.31 14.37
6388.31 20.64
6390.31 20.34
6392.33 20.08
6394.31 18.15
6396.32 16.86
6398.32 22.94
6400.31 17.16
6402.31 0.05
6404.31 12.8
6406.32 17.82
6408.32 18.49
6410.31 12.0
6412.32 19.15
6414.31 11.49
6416.31 10.36
6418.31 18.21
6420.32 18.64
6422.32 21.6
6424.32 16.66
6426.32 22.61
6428.32 11.82
6430.31 18.6
6432.31 12.99
6434.33 12.84
6436.32 17.33
6438.31 18.49
6440.32 18.96
6442.32 19.67
6444.31 17.84
6446.31 19.75
6448.31 16.95
6450.32 21.14
6452.31 16.23
6454.31 16.68
6456.32 12.79
6458.31 12.55
6460.31 16.2
6462.33 14.72
6464.33 18.24
6466.32 20.76
6468.32 15.17
6470.31 16.18
6472.31 19.61
6474.31 8.57
6476.31 17.12
6478.32 21.37
6480.32 15.28
6482.32 12.58
6484.32 19.39
6486.31 21.38
6488.31 20.93
6490.31 16.04
6492.33 14.87
6494.32 16.36
6496.31 20.05
6498.32 19.33
6506.59 23.49
6508.62 0.18
6510.62 15.02
6512.61 22.54
6514.62 17.27
6516.62 21.13
6518.63 13.18
6520.62 16.27
6522.61 15.81
6524.62 18.84
6526.61 20.46
6528.61 15.94
6530.61 22.68
6532.63 10.52
6534.62 20.69
6536.62 13.94
6538.62 16.45
6547.01 14.17
6547.77 18.16
6549.52 13.69
6551.52 14.97
6553.52 14.71
6555.52 16.35
6557.51 18.09
6559.53 22.18
6561.51 21.08
6563.52 10.94
6565.52 12.86
6567.51 21.56
6569.52 12.89
6571.51 20.77
6573.53 15.64
6575.52 10.86
6577.52 18.81
6579.52 7.68
6581.51 20.27
6583.52 17.46
6585.76 23.12
6587.53 18.81
6589.77 22.6
6591.77 17.21
6593.77 19.56
6595.57 18.78
6602.41 17.54
6603.09 10.67
6605.09 10.59
6607.09 21.61
6609.09 12.48
6611.08 15.59
6613.08 11.75
6615.1 19.95
6620.15 0.09
6620.75 21.4
6622.74 20.58
6624.74 18.93
6626.74 11.59
6628.76 12.74
6630.75 12.03
6632.74 18.52
6634.75 19.61
6643.48 12.78
6645.48 20.7
6647.85 21.06
6649.47 20.88
6651.47 17.01
6653.47 20.58
6655.49 19.94
6657.49 16.45
6659.48 20.09
6661.47 21.14
6663.47 18.92
6665.47 20.69
6667.47 17.36
6669.49 14.71
6671.48 18.44
6673.48 11.37
6675.48 13.3
6677.48 17.19
6679.47 16.32
6681.47 16.97
6683.49 10.95
6685.49 15.03
6687.48 17.58
6689.48 21.12
6691.47 17.34
6693.47 12.43
6695.47 19.74
6697.49 15.76
6699.49 21.48
6701.48 20.42
6703.48 14.03
6705.47 13.28
6707.47 16.14
6709.47 22.2
6711.48 13.05
6713.49 15.19
6715.48 22.65
6717.48 13.67
6719.49 17.78
6721.48 15.56
6723.47 19.16
6725.48 15.71
6727.49 16.71
6729.47 19.47
6731.48 11.21
6740.55 17.72
6742.11 14.77
6744.11 14.97
6746.11 16.67
6748.11 14.5
6750.1 20.35
6752.12 13.64
6754.12 19.99
6756.11 17.56
6758.11 16.45
6760.11 20.13
6762.11 16.72
6764.11 13.32
6766.1 17.48
6768.11 20.87
6770.11 21.44
6772.11 22.27
6774.11 18.65
6776.11 16.48
6778.1 19.22
6780.1 20.43
6782.11 16.43
6784.11 15.45
6786.12 10.14
6788.11 16.02
6790.11 11.62
6792.11 18.01
6794.1 18.25
6796.12 17.25
6798.11 21.43
6804.72 22.22
6805.63 15.17
6807.63 18.47
6809.65 17.89
6818.24 12.54
6818.89 13.93
6820.89 12.02
6822.91 11.57
6824.9 16.82
6826.89 15.77
6828.89 17.73
6830.9 17.8
6832.89 12.7
6835.14 17.35
6836.9 20.47
6839.15 14.28
6841.14 20.58
6843.15 19.36
6844.9 12.64
6847.14 14.61
6849.14 14.81
6851.16 7.82
6853.15 18.77
6855.14 20.96
6857.15 19.74
6859.15 11.82
6861.14 22.29
6863.14 16.17
6865.15 22.09
6867.16 12.37
6869.15 18.12
6871.15 14.07
6873.15 8.62
6875.14 16.58
6877.14 20.53
6879.15 21.55
6881.16 17.83
6883.15 12.69
6885.15 15.02
6887.15 18.36
6889.14 9.94
6891.14 8.12
6893.16 14.07
6895.15 13.07
6897.15 12.85
6899.15 19.71
6901.15 20.56
6903.14 17.58
6905.14 16.64
6907.15 16.19
6909.15 15.4
6911.15 17.99
6913.15 18.91
6915.16 15.97
6917.14 18.85
6919.14 19.38
6921.15 15.53
6923.16 22.08
6925.15 14.28
6934.77 15.71
6935.59 18.71
6936.52 11.58
6937.94 20.28
6938.54 18.4
6940.54 13.46
6942.53 13.49
6944.54 14.99
6946.54 12.41
6948.55 20.3
6950.54 22.12
6952.54 10.04
6954.54 11.42
6956.54 20.44
6958.54 10.01
6960.54 21.38
6962.55 11.84
6970.59 18.46
6971.14 21.98
6979.63 0.03
6980.69 19.67
6982.69 20.88
6984.69 14.39
6986.69 17.25
6988.69 17.84
6990.7 14.11
6992.69 19.69
6994.69 9.23
6996.69 19.06
6998.69 14.09
7000.69 17.76
7002.69 11.58
7004.7 18.16
7006.69 9.19
7008.7 13.27
7010.69 15.01
7016.19 23.05
7018.16 15.31
7020.15 21.8
7022.15 0.05
7024.15 12.65
7026.15 18.37
7028.15 19.19
7030.15 19.16
7032.16 11.07
7034.16 20.39
7036.15 22.69
7043.5 17.75
7062.49 5.63
7071.58 0.01
7081.26 2.15
7082.98 19.19
7089.66 22.33
7090.57 14.62
7098.8 17.8
7099.58 12.6
7101.76 11.64
7103.75 16.06
7105.75 21.84
7107.75 9.57
7109.75 14.79
7111.75 14.57
7113.76 23.03
7115.76 14.5
7117.76 10.51
7119.75 20.52
7121.75 19.4
7123.75 18.78
7125.75 21.22
7127.76 18.39
7129.76 16.09
7131.76 18.97
7133.75 20.98
7135.75 16.33
7137.76 18.85
7144.64 13.22
7146.77 16.54
7148.77 19.06
7150.77 16.31
7152.77 17.08
7154.78 17.53
7156.77 10.26
7158.78 15.8
7160.77 14.06
7162.77 20.57
7164.77 17.1
7166.77 15.97
7168.78 7.41
7170.77 22.69
7176.54 2.04
7178.4 15.14
7180.39 16.34
7182.39 21.74
7184.4 20.11
7186.41 17.24
7188.4 23.46
7190.4 16.15
7192.4 17.51
7194.39 16.9
7196.39 14.58
7198.41 20.3
7200.41 13.87
7202.4 21.9
7204.4 18.94
7206.4 12.13
7208.39 16.08
7210.39 20.48
7212.41 16.37
7214.4 22.08
7216.4 10.66
7218.4 17.01
7220.4 19.57
7222.4 14.0
7224.39 21.19
7226.41 12.03
7236.81 0.01
7246.48 10.46
7247.18 16.97
7249.18 17.07
7251.18 20.74
7259.58 13.28
7267.61 20.68
7269.11 16.44
7271.11 11.55
7273.11 20.95
7275.11 17.65
7277.1 20.64
7279.12 20.89
7281.11 14.23
7283.11 4.6
7285.11 12.93
7287.11 19.17
7289.11 23.09
7291.1 14.03
7293.12 19.23
7295.12 16.63
7297.11 15.82
7299.36 15.25
7301.16 17.95
7303.36 21.41
7309.23 11.61
7309.77 12.67
7310.94 15.95
7312.93 12.38
7314.93 15.34
7316.93 17.93
7318.92 19.24
7320.94 18.71
7322.94 20.34
7324.76 13.12
7326.93 13.15
7328.93 15.69
7330.93 16.67
7332.93 8.08
7334.93 20.99
7336.94 13.25
7338.93 21.8
7340.94 21.07
7342.93 19.48
7344.93 19.63
7346.92 8.93
7348.75 18.21
7350.94 17.13
7352.93 14.03
7354.93 20.94
7356.92 13.49
7358.93 11.7
7364.32 12.7
7366.43 13.95
7368.42 15.58
7370.41 23.34
7372.41 20.59
7374.41 10.05
7376.43 4.93
7378.43 20.19
7380.43 16.85
7382.42 13.34
7384.41 15.84
7386.43 17.36
7388.42 10.69
7390.43 11.87
7392.43 10.09
7394.43 13.12
7396.42 22.84
7398.42 12.68
7400.42 13.42
7402.41 15.43
7404.42 13.13
7406.43 19.28
7408.43 17.17
7410.42 15.35
7412.42 15.96
7414.42 20.16
7416.41 20.41
7418.43 16.93
7420.43 17.63
7422.43 19.0
7424.42 14.49
7426.42 19.69
7428.42 20.99
7430.42 18.59
7432.42 18.18
7434.43 11.83
7436.43 13.05
7438.42 14.08
7440.42 17.16
7442.42 21.87
7444.42 18.19
7446.42 16.12
7448.43 9.87
7450.42 18.02
7452.42 12.78
7454.42 18.82
7456.42 15.88
7458.42 14.54
7466.62 22.03
7467.42 16.82
7469.37 18.11
7471.37 15.57
7473.36 16.94
7475.38 21.12
7477.38 15.53
7479.37 17.16
7481.37 18.69
7483.36 8.63
7485.37 19.54
7487.36 20.1
7489.37 13.99
7491.38 16.28
7493.37 17.93
7495.37 21.54
7497.36 19.88
7499.37 17.24
7501.36 22.81
7503.38 14.33
7505.38 10.13
7507.37 15.97
7509.37 10.87
7511.37 20.27
7513.37 13.54
7515.37 12.14
7517.38 15.72
7519.38 21.48
7521.38 9.41
7523.37 10.71
7525.37 21.98
7527.37 15.18
7529.37 10.24
7536.21 19.88
7536.75 12.99
7538.76 3.48
7541.0 20.92
7543.0 16.29
7544.76 17.33
7546.76 18.47
7548.76 21.06
7551.0 16.58
7553.01 10.96
7554.77 20.4
7557.0 18.38
7559.01 20.41
7561.01 15.88
7563.01 19.97
7565.01 17.34
7567.0 11.61
7569.01 16.97
7571.0 11.2
7573.01 17.89
7575.01 14.12
7577.01 14.77
7579.01 12.58
7581.01 11.55
7583.01 20.23
7585.0 21.28
7587.02 19.71
7589.02 13.42
7591.01 13.28
7593.01 13.39
7595.01 21.06
7597.01 18.96
7599.01 16.32
7601.02 19.27
7603.01 13.92
7605.02 13.55
7607.01 11.06
7609.0 19.45
7611.0 15.49
7613.0 13.45
7615.02 15.18
7617.02 16.48
7619.02 13.16
7621.01 10.33
7623.01 17.07
7625.01 15.81
7627.0 15.28
7629.02 15.21
7631.02 9.23
7633.02 15.59
7635.01 21.11
7637.01 14.26
7639.01 0.05
7640.94 18.47
7643.02 13.41
7661.76 4.69
7662.41 18.85
7670.41 0.01
7671.18 17.56
7671.83 10.0
7706.59 9.52
7707.12 19.05
7709.11 11.0
7710.91 21.05
7713.1 17.54
7715.1 14.96
7717.1 17.65
7719.11 16.75
7721.1 16.77
7723.12 17.63
7725.11 20.22
7727.11 1.06
7729.1 14.23
7731.1 18.04
7733.1 12.36
7735.1 15.23
7737.11 19.9
7739.11 12.82
7741.11 21.95
7743.1 18.58
7745.1 19.95
7747.1 19.6
7749.1 21.6
7751.12 18.18
7753.11 20.71
7755.11 14.48
7757.11 19.33
7759.1 11.81
7761.1 18.63
7763.1 14.86
7765.13 15.99
7767.1 20.07
7769.11 20.85
7771.11 14.87
7779.06 0.07
7787.99 0.02
7788.58 15.3
7789.55 14.94
7791.55 13.36
7793.56 10.06
7795.56 18.36
7797.56 9.66
7799.55 15.79
7801.55 6.19
7803.55 13.12
7810.42 2.17
7811.61 1.95
7819.9 8.19
7821.89 21.82
7823.89 14.29
7832.24 7.56
7833.64 15.86
7837.97 11.65
7838.9 22.28
7839.65 10.16
7846.23 11.24
7846.83 16.72
7847.37 18.32
7849.37 18.64
7859.51 0.03
7860.01 16.44
7867.83 18.51
7868.65 20.78
7869.76 20.01
7871.2 13.99
7909.12 1.21
7911.11 16.49
7913.13 20.69
7915.13 15.82
7920.97 15.88
7926.02 22.85
7948.93 9.12
7949.51 15.38
7950.2 20.92
7951.02 20.98
7959.41 7.9
7960.01 17.83
7965.77 16.7
7966.28 18.71
7967.18 16.27
7969.19 14.34
7971.18 13.05
7978.69 21.16
7980.61 16.2
7982.63 16.89
7984.62 14.25
7986.62 19.82
7988.61 19.55
7990.62 18.76
7992.61 18.39
7994.63 13.91
7996.62 17.59
7998.63 15.93
8000.62 16.95
8002.62 13.36
8004.63 20.2
8006.61 12.54
8008.63 8.76
8010.63 16.44
8012.63 16.06
8020.25 16.65
8021.81 14.88
8023.81 12.82
8025.8 16.86
8027.8 20.31
8029.8 13.48
8031.79 13.61
8033.79 22.09
8035.81 15.82
8037.81 20.75
8039.81 15.32
8041.8 16.93
8043.8 11.61
8045.79 10.36
8047.8 17.64
8049.8 10.25
8051.81 18.03
8053.81 23.06
8055.8 8.65
8057.8 21.6
8059.79 17.02
8061.8 17.61
8063.81 14.58
8065.81 19.52
8067.81 21.1
8069.8 15.81
8071.8 18.87
8073.79 21.5
8075.8 20.86
8077.8 23.26
8079.81 17.7
8081.81 20.71
8083.8 22.85
8085.8 19.91
8087.8 17.35
8089.8 18.51
8091.8 21.19
8093.94 16.9
8095.81 21.64
8097.8 15.21
8099.8 20.08
8101.8 12.22
8103.8 13.29
8105.81 18.96
8107.81 17.75
8109.81 12.23
8111.8 18.88
8113.8 12.52
8115.8 22.23
8117.8 15.32
8119.81 14.71
8121.81 11.78
8123.81 9.74
8125.8 16.17
8127.8 22.86
8129.79 15.71
8131.8 16.86
8133.8 20.33
8135.8 15.32
8137.81 14.19
8139.81 17.88
8141.8 9.42
8143.8 17.76
8145.8 17.18
8147.8 15.2
8149.81 17.51
8151.81 16.18
8153.8 20.88
8156.05 20.91
8158.05 17.58
8160.05 10.71
8162.05 17.77
8164.06 16.73
8166.06 22.27
8168.05 17.8
8170.05 22.28
8171.86 13.97
8174.05 9.01
8176.05 13.79
8178.06 9.26
8180.06 17.57
8182.05 21.05
8184.05 20.51
8186.05 19.27
8188.05 18.45
8190.05 20.73
8197.67 20.78
8199.4 21.87
8201.4 21.53
8203.39 17.18
8205.41 17.9
8207.4 21.16
8209.41 18.06
8211.4 12.92
8213.4 10.78
8220.99 18.0
8221.6 22.09
8222.88 18.81
8224.88 21.37
8226.88 19.87
8228.89 20.02
8230.87 13.1
8232.89 16.5
8234.89 11.88
8236.89 15.84
8238.88 19.49
8240.88 17.83
8242.88 19.85
8244.88 15.13
8246.89 21.64
8248.89 8.2
8250.89 15.98
8252.88 18.41
8254.88 13.14
8256.88 20.56
8258.88 17.84
8260.89 15.49
8262.88 12.68
8264.88 18.49
8266.88 12.72
8268.88 13.82
8270.88 19.15
8272.88 15.42
8274.89 18.05
8276.88 18.09
8278.88 22.49
8280.88 16.87
8282.88 9.84
8284.88 21.61
8286.88 22.33
8288.89 11.08
8290.89 21.48
8292.88 15.71
8294.88 16.41
8296.88 22.73
8298.88 13.46
8300.88 20.04
8302.89 12.76
8304.88 9.56
8306.89 10.05
8308.88 16.01
8310.88 18.58
8312.88 16.94
8314.87 20.07
8316.89 14.4
8318.89 20.84
8320.88 21.31
8322.88 12.27
8324.88 19.6
8326.88 14.57
8328.88 20.43
8330.89 10.77
8332.88 17.31
8334.89 19.33
8336.88 15.89
8338.88 17.14
8340.88 6.08
8342.88 10.78
8344.9 18.02
8350.58 0.02
8352.35 15.12
8354.35 12.93
8356.35 14.44
8358.35 17.31
8360.36 16.92
8362.36 12.48
8364.36 12.71
8366.35 21.38
8368.36 20.68
8370.36 19.18
8372.37 21.33
8374.36 22.35
8376.36 13.45
8378.35 9.02
8380.35 15.6
8382.35 21.16
8384.36 14.11
8386.35 18.86
8388.36 22.07
8390.36 11.48
8392.37 16.41
8394.35 14.58
8396.36 15.95
8398.35 15.22
8400.62 6.2
8402.36 20.28
8404.36 8.71
8406.6 20.08
8408.61 20.05
8410.61 13.34
8412.6 17.04
8414.62 10.17
8416.61 17.39
8418.61 7.83
8420.61 17.37
8422.6 19.13
8424.61 11.33
8426.61 14.83
8428.62 14.41
8430.62 16.44
8432.61 23.45
8434.62 22.71
8436.61 17.64
8438.61 17.04
8448.53 2.18
8449.06 10.44
8450.1 9.18
8452.1 19.22
8454.11 20.99
8456.1 19.66
8458.1 13.94
8460.12 20.17
8462.11 15.42
8464.1 17.9
8466.11 21.75
8468.1 14.54
8470.1 9.23
8472.11 13.35
8474.11 12.9
8476.11 15.19
8478.1 21.99
8480.1 21.26
8482.1 18.58
8484.1 14.85
8486.1 17.44
8488.11 15.7
8490.11 19.29
8492.1 15.8
8494.1 11.92
8496.1 17.59
8498.1 12.45
8500.1 16.31
8502.1 16.76
8504.11 13.43
8506.1 19.56
8508.1 14.43
8510.1 20.94
8512.1 14.65
8514.1 22.82
8516.1 15.0
8518.11 17.46
8520.1 19.35
8522.1 17.24
8524.1 16.99
8526.11 19.43
8528.11 17.34
8530.11 21.52
8532.11 16.2
8534.1 15.12
8541.58 20.1
8542.39 19.15
8543.55 8.77
8545.55 17.93
8547.54 17.98
8549.54 18.26
8551.54 13.27
8553.54 19.36
8555.55 10.93
8557.53 21.33
8559.55 13.49
8561.54 16.96
8563.54 18.48
8565.54 21.78
8567.54 12.88
8569.55 20.2
8571.54 17.9
8573.54 19.43
8575.54 21.55
8577.54 20.35
8579.54 19.03
8581.54 16.23
8583.56 11.51
8585.54 10.75
8587.55 17.54
8589.54 21.24
8591.54 19.32
8593.54 20.73
8595.54 20.8
8597.55 18.57
8599.54 17.4
8601.55 13.94
8603.54 15.86
8605.54 21.97
8607.54 22.51
8609.54 8.01
8611.55 21.98
8613.55 17.61
8615.55 16.8
8617.55 18.78
8619.54 15.15
8621.54 14.62
8623.54 15.29
8625.53 21.76
8627.54 18.64
8629.55 9.18
8631.55 15.71
8633.54 20.94
8635.54 10.93
8637.55 22.56
8639.55 14.55
8641.54 14.17
8643.55 14.79
8645.55 16.32
8647.54 17.49
8649.54 10.75
8651.54 15.38
8653.55 13.95
8655.55 17.67
8657.55 21.85
8659.55 15.09
8661.79 18.71
8663.6 18.17
8665.79 20.34
8667.56 18.7
8669.8 16.01
8671.79 18.76
8673.8 21.34
8675.79 8.61
8677.79 11.62
8679.79 16.22
8681.79 8.65
8683.8 3.93
8685.8 19.05
8687.6 21.25
8689.8 14.91
8691.79 10.43
8693.79 18.33
8695.81 13.7
8697.8 20.92
8699.8 16.65
8701.8 16.48
8703.79 19.31
8705.79 22.82
8707.79 7.4
8709.79 17.59
8711.8 16.6
8713.8 22.15
8715.79 17.61
8717.79 15.33
8719.79 10.16
8721.79 16.84
8723.79 13.09
8725.8 17.15
8727.8 14.76
8729.79 21.14
8731.79 20.04
8733.79 16.04
8735.79 20.28
8737.79 17.44
8739.8 14.75
8741.79 18.91
8743.8 14.87
8745.79 17.66
8747.79 12.22
8756.84 21.11
8758.46 1.13
8760.46 20.55
8762.46 13.73
8764.46 10.49
8766.47 15.9
8768.46 19.81
8773.52 15.86
8774.31 20.12
8776.32 16.31
8778.31 19.13
8780.33 20.0
8782.32 19.7
8784.33 16.5
8786.31 19.08
8788.31 19.27
8790.31 13.34
8792.32 16.42
8794.33 19.85
8796.31 18.66
8798.32 19.09
8800.31 18.22
8802.31 18.09
8804.31 15.07
8806.31 16.39
8808.33 14.56
8810.32 18.78
8812.32 14.52
8814.32 10.37
8816.32 12.16
8818.32 10.35
8820.31 11.79
8822.33 19.54
8824.31 13.47
8826.32 17.57
8828.32 12.12
8830.31 15.87
8832.32 22.56
8834.32 13.0
8836.33 21.63
8838.32 14.83
8840.32 18.85
8842.32 18.82
8844.31 14.3
8846.31 12.41
8848.32 18.46
8850.34 18.1
8852.32 11.68
8854.32 18.83
8862.29 16.48
8863.66 20.04
8865.66 20.78
8867.66 13.28
8869.66 8.06
8875.67 9.79
8877.11 18.51
8879.1 12.68
8881.09 13.11
8883.09 20.77
8885.09 17.35
8887.09 18.93
8889.09 16.87
8891.11 16.07
8893.1 15.57
8895.1 18.91
8897.1 18.95
8899.34 17.05
8901.35 19.11
8903.34 21.88
8905.11 15.72
8907.1 15.03
8909.35 13.58
8911.35 17.88
8913.34 22.11
8915.14 21.18
8917.34 10.26
8919.34 12.31
8921.34 17.23
8923.35 18.01
8925.35 20.53
8927.34 17.09
8929.35 13.75
8931.34 17.96
8933.36 16.49
8935.35 20.71
8937.35 14.21
8939.14 18.34
8941.34 15.78
8943.34 5.88
8945.35 19.78
8947.36 17.0
8949.35 17.36
8951.35 17.84
8953.35 9.8
8955.34 18.15
8957.34 18.85
8959.34 20.4
8961.36 17.71
8963.34 22.13
8965.34 17.19
8967.36 16.92
8969.34 19.3
8971.34 13.08
8973.34 20.28
8975.36 14.19
8977.35 8.97
8979.35 14.87
8981.35 16.19
8983.34 14.82
8985.34 20.81
8987.34 16.75
8989.34 12.04
8991.35 12.7
8993.34 18.44
8995.35 21.33
8997.34 18.93
8999.34 17.79
9001.34 13.67
9003.34 12.31
9005.36 18.6
9007.35 18.08
9009.35 19.56
9011.35 19.31
9013.34 15.43
9015.35 20.19
9017.35 13.76
9019.36 19.85
9021.35 11.32
9023.36 14.55
9025.34 13.08
9027.34 10.61
9029.35 19.59
9031.34 20.55
9033.36 14.42
9035.35 20.56
9043.59 13.44
9044.49 8.76
9046.51 15.2
9048.5 23.35
9050.49 18.92
9052.49 20.18
9054.48 20.96
9056.5 17.41
9058.5 19.7
9060.5 10.03
9062.49 19.42
9064.49 19.13
9066.49 11.43
9068.49 13.57
9070.49 22.99
9072.49 20.73
9074.51 22.59
9076.5 13.26
9078.5 21.56
9080.5 15.27
9082.49 19.74
9084.49 17.88
9086.49 20.68
9094.61 12.46
9095.32 15.54
9097.32 11.6
9099.32 12.85
9101.34 15.35
9103.32 16.11
9105.33 20.14
9107.32 12.62
9109.32 15.72
9111.33 21.59
9113.34 16.6
9115.32 16.76
9121.6 14.44
9122.71 14.02
9124.71 18.42
9126.71 15.82
9128.73 17.73
9130.72 16.61
9132.72 19.02
9134.72 20.74
9136.71 17.65
9138.71 19.48
9140.71 17.2
9142.71 18.37
9144.72 12.37
9146.72 21.83
9148.72 12.73
9150.72 17.52
9152.72 18.57
9154.96 11.93
9156.73 17.55
9158.97 16.8
9160.96 19.38
9162.97 17.86
9164.97 14.91
9166.96 9.03
9168.96 13.62
9170.98 21.82
9172.97 20.79
9174.97 18.81
9176.96 17.46
9178.96 4.14
9180.97 21.66
9182.96 17.26
9184.98 19.1
9186.97 21.34
9188.97 17.7
9190.97 10.55
9192.96 13.68
9194.96 15.86
9196.96 22.26
9198.98 20.27
9200.97 12.7
9202.97 20.94
9204.97 18.69
9206.96 16.52
9208.97 20.23
9210.96 15.96
9212.98 18.77
9214.98 17.33
9216.97 19.52
9218.97 14.8
9220.97 20.55
9222.96 15.7
9224.96 16.61
9226.98 17.86
9228.98 17.75
9230.97 22.37
9232.97 18.6
9234.97 20.44
9236.96 14.48
9242.62 14.54
9243.17 16.79
9243.7 16.38
9244.97 15.31
9246.97 15.0
9256.76 11.13
9257.79 7.66
9259.79 15.13
9261.79 13.59
9263.79 15.84
9265.79 14.9
9267.79 22.57
9269.8 15.74
9271.79 11.47
9273.79 19.3
9275.79 11.51
9277.78 14.68
9279.8 8.68
9287.81 16.06
9288.74 19.35
9290.74 18.76
9292.74 14.64
9294.74 18.4
9296.76 12.26
9298.75 16.26
9300.74 19.9
9302.75 19.94
9310.19 22.0
9310.76 10.42
9311.3 19.47
9312.5 18.17
9314.5 14.22
9316.5 16.26
9318.49 16.08
9320.49 18.86
9322.49 14.35
9324.51 15.01
9326.5 10.74
9328.51 16.54
9330.51 19.77
9332.5 13.41
9334.52 15.71
9336.49 21.87
9338.51 20.75
9340.51 14.35
9342.5 22.43
9344.5 9.41
9346.5 12.65
9348.5 15.86
9350.5 21.41
9352.52 20.6
9354.52 11.98
9356.5 10.18
9358.5 15.95
9360.5 15.58
9362.5 7.53
9364.5 17.51
9366.52 10.87
9368.51 16.56
9370.51 15.11
9372.5 22.31
9374.51 15.43
9376.5 18.27
9378.5 18.18
9380.52 20.75
9382.51 12.69
9384.51 14.36
9386.51 12.82
9388.51 16.67
9390.5 21.78
9392.5 11.99
9394.52 11.07
9397.74 18.93
9403.92 21.89
9404.55 22.36
9406.06 16.08
9407.83 13.76
9409.84 9.51
9412.07 14.19
9421.58 14.69
9422.94 14.33
9424.93 8.98
9426.74 21.57
9428.94 14.95
9434.48 14.76
9435.27 17.41
9436.18 15.36
9436.73 11.93
9438.93 21.84
9440.93 15.88
9442.93 13.5
9444.93 16.32
9446.93 17.92
9448.94 10.81
9450.75 18.93
9452.94 10.91
9454.93 15.54
9456.94 11.13
9458.93 16.68
9467.24 20.09
9468.03 20.63
9476.4 5.56
9476.92 16.93
9477.79 12.28
9479.59 14.97
9481.6 12.2
9483.59 6.33
9485.59 17.04
9487.59 17.84
9489.6 16.9
9491.6 19.46
9493.59 18.05
9495.6 11.26
9497.59 14.82
9499.59 17.5
9501.59 14.82
9503.58 11.49
9513.29 10.91
9514.85 15.31
9516.85 18.78
9518.86 19.72
9520.85 15.33
9522.85 19.52
9524.85 10.12
9526.85 13.58
9528.86 13.8
9530.84 17.17
9532.86 17.5
9540.16 9.76
9541.49 10.83
9543.49 13.0
9545.51 7.93
9547.5 10.7
9549.5 5.24
9551.5 18.66
9553.5 22.61
9555.49 16.96
9557.49 15.1
9559.51 21.0
9561.5 17.73
9567.1 15.75
9567.64 9.63
9569.1 10.91
9571.09 18.93
9573.11 20.94
9575.11 15.03
9577.1 18.44
9579.1 15.31
9581.1 12.98
9589.77 13.82
9591.79 12.49
9593.8 19.36
9595.79 11.94
9597.78 16.57
9599.8 15.56
9601.8 20.1
9607.47 15.26
9608.28 20.28
9609.24 21.72
9609.77 20.98
9611.79 16.36
9613.8 19.18
9615.8 10.61
9617.79 19.18
9619.79 10.23
9621.8 18.89
9623.79 8.69
9625.78 16.8
9627.8 13.84
9629.79 16.51
9631.8 8.68
9640.13 13.88
9640.64 17.51
9641.16 10.9
9643.16 18.11
9645.15 15.37
9647.4 19.86
9649.4 12.2
9651.4 8.3
9653.4 16.09
9655.41 16.98
9657.41 19.94
9659.4 12.38
9666.27 19.15
9668.17 8.96
9670.18 17.1
9672.17 21.76
9674.17 15.6
9676.17 17.42
9678.17 21.06
9680.17 10.18
9682.17 18.8
9684.18 3.87
9686.2 11.72
9688.17 17.75
9690.17 16.16
9692.17 22.13
9694.17 17.6
9696.19 15.89
9698.18 14.32
9700.17 23.35
9702.17 9.59
9704.17 20.15
9706.17 20.89
9708.17 20.74
9710.18 15.94
9712.18 12.3
9714.17 18.01
9716.17 17.95
9718.16 19.91
9720.17 14.09
9722.17 20.71
9724.18 19.77
9726.18 12.43
9728.17 13.38
9730.17 19.42
9732.17 18.02
9734.18 15.98
9736.17 14.77
9738.18 15.84
9740.18 16.61
9742.17 22.21
9744.17 21.22
9746.17 13.68
9748.17 11.84
9750.17 18.54
9752.18 16.9
9754.18 15.09
9756.17 23.18
9758.17 16.16
9760.17 11.36
9762.17 22.04
9764.17 12.23
9766.17 16.46
9768.18 10.96
9770.17 17.63
9772.17 13.77
9774.17 19.02
9776.17 18.3
9778.17 13.24
9780.17 16.0
9782.18 16.11
9784.18 19.07
9786.17 16.24
9788.17 15.11
9790.18 21.18
9792.17 11.7
9794.17 21.67
9796.18 8.49
9798.17 17.68
9800.17 14.65
9802.17 19.25
9804.18 21.13
9806.17 17.79
9808.17 15.19
9810.18 14.88
9812.18 11.08
9814.17 20.59
9816.17 18.59
9818.17 11.92
9820.17 17.89
9822.17 16.97
9824.19 16.79
9826.19 21.17
9828.18 21.12
9830.17 19.45
9832.17 13.95
9834.17 15.44
9839.32 12.55
9839.97 13.46
9841.95 13.06
9843.94 10.62
9845.95 14.17
9847.95 21.87
9849.94 18.97
9851.96 19.1
9853.96 14.45
9855.95 20.24
9857.95 8.91
9859.95 14.6
9861.95 7.33
9863.94 18.29
9865.95 6.45
9867.96 14.91
9869.95 15.04
9871.95 20.46
9873.95 11.45
9875.95 19.99
9877.95 15.52
9879.96 16.3
9881.96 16.89
9883.95 16.26
9885.95 19.13
9887.95 16.23
9889.95 9.98
9892.2 13.9
9893.96 15.46
9895.96 19.15
9898.2 20.94
9900.2 16.97
9902.2 10.85
9904.2 22.31
9906.2 17.05
9908.2 14.73
9910.21 10.62
9912.2 10.53
9914.01 15.39
9932.97 6.93
9933.53 11.14
9934.05 16.89
9935.97 18.22
9938.15 10.61
9940.15 16.16
9942.15 12.93
9944.15 17.75
9946.14 18.95
9948.16 19.92
9950.16 18.94
9952.15 21.19
9954.15 15.39
9956.15 20.28
9958.15 18.33
9960.14 10.77
9968.09 17.62
9968.82 19.06
9977.45 0.03
9978.24 11.67
9980.03 16.86
9982.03 21.83
9984.03 17.32
9986.03 12.75
9994.49 17.43
9995.16 22.56
9995.78 16.59
9997.5 16.21
9999.5 16.43
10001.5 16.22
10003.5 17.62
10005.5 17.97
10007.5 12.63
10009.5 12.74
10011.5 18.65
10013.5 16.71
10015.5 19.74
10017.5 9.8
10019.51 16.24
10021.5 19.29
10023.49 12.8
10025.5 13.77
10027.5 12.83
10029.51 16.11
10031.51 20.37
10033.51 8.93
10035.5 21.59
10037.5 14.53
10039.51 15.81
10041.5 14.97
10043.5 19.0
10045.51 19.97
10047.5 21.25
10049.5 22.56
10051.5 13.01
10053.51 14.04
10055.5 17.8
10057.49 18.15
10059.5 21.58
10061.51 17.54
10063.5 12.88
10065.5 10.98
10067.5 10.51
10069.5 18.31
10071.51 21.38
10073.5 18.79
10087.73 0.85
10095.35 21.26
10095.92 18.42
10097.54 8.58
10099.55 21.67
10101.55 20.51
10103.54 20.85
10105.54 11.15
10107.54 14.99
10109.54 19.19
10111.54 15.59
10113.54 21.12
10115.55 13.91
10117.54 19.82
10119.54 19.14
10121.54 12.76
10123.54 18.93
10125.54 22.41
10127.55 16.18
10129.55 18.61
10131.54 18.18
10133.54 1.3
10135.55 7.21
10137.54 6.21
10139.79 16.18
10141.56 4.29
10143.8 13.55
10145.79 10.67
10152.75 16.63
