0.0 5.16
1.01 12.04
3.1 12.72
5.18 14.16
7.01 13.47
9.11 16.07
11.82 19.06
13.83 18.54
14.94 22.1
17.86 22.83
19.87 22.95
21.89 23.84
23.9 24.3
25.93 24.64
27.94 29.5
29.05 29.29
30.97 32.1
32.99 32.45
35.0 32.4
37.02 37.23
39.05 39.15
41.07 39.92
43.07 39.92
45.09 41.65
47.1 41.67
49.12 41.63
51.14 40.51
53.17 39.48
55.18 44.66
57.19 44.92
59.21 44.92
61.22 44.59
63.27 46.51
65.25 46.51
67.26 46.51
69.27 46.51
71.28 46.51
73.3 46.51
75.31 46.51
77.33 46.51
79.34 44.47
81.35 44.47
83.38 44.47
85.39 44.47
87.41 44.47
89.43 44.47
91.45 44.47
93.47 44.47
95.48 44.47
97.5 44.47
99.53 44.47
101.54 44.47
103.56 44.47
105.57 44.47
107.58 44.47
109.59 44.9
111.62 44.9
113.63 44.9
115.65 44.9
117.66 45.73
119.67 45.73
121.69 45.73
123.7 45.73
125.71 45.73
127.73 45.73
129.74 44.29
131.75 44.29
133.76 46.36
135.77 47.1
137.79 51.53
139.8 57.75
141.82 59.04
143.9 65.51
145.84 65.51
147.85 65.51
149.87 67.08
151.91 67.08
153.93 66.0
155.94 69.31
157.96 68.35
159.05 43.94
162.0 43.94
164.02 43.94
166.03 43.94
168.05 43.94
170.07 43.94
171.07 43.94
173.11 43.94
175.12 43.94
177.15 43.94
179.16 43.94
181.18 43.94
183.2 43.94
185.22 43.94
187.24 43.94
189.25 43.94
191.27 43.94
193.28 43.94
195.3 43.94
197.32 43.94
199.33 43.94
201.35 43.94
203.36 43.94
205.38 43.94
207.4 43.94
209.41 43.94
211.42 43.94
213.44 43.94
215.45 43.94
217.49 67.59
219.5 76.63
221.52 76.63
223.56 76.63
225.57 76.63
227.6 76.25
229.62 70.36
231.64 70.36
233.66 72.23
235.67 74.11
237.69 74.11
239.7 74.11
241.71 74.11
243.72 78.34
245.74 78.34
247.75 78.34
249.77 78.34
251.8 78.34
253.81 78.34
255.83 78.34
257.84 78.34
259.86 78.34
261.88 78.34
263.9 78.34
265.91 78.34
267.93 78.34
269.95 78.34
271.97 78.34
273.99 74.63
276.0 74.63
278.02 74.63
280.02 74.63
282.05 74.63
284.06 74.63
286.07 74.63
288.08 74.63
290.1 74.63
292.11 74.63
293.2 79.98
296.14 79.98
298.15 79.98
300.17 79.98
302.18 79.98
304.19 79.98
306.21 79.98
307.3 71.8
309.25 83.88
311.26 92.38
313.28 98.04
315.29 98.04
317.31 104.47
319.32 105.98
321.33 107.88
323.34 7.58
325.44 102.32
327.38 94.14
329.4 117.59
331.42 115.92
333.43 117.18
335.5 117.18
337.46 6.21
339.48 53.7
341.5 58.27
343.52 64.8
345.53 57.82
347.54 74.37
349.56 74.58
351.57 69.88
353.59 73.21
355.61 71.25
357.64 77.43
359.66 77.43
361.67 77.43
363.68 77.43
365.69 77.43
367.71 77.09
369.77 78.11
371.75 78.11
373.76 78.11
375.77 78.11
377.8 78.11
379.82 78.11
381.84 78.11
383.85 78.11
386.09 78.11
387.9 78.11
389.9 78.11
391.92 78.11
393.93 78.11
396.01 78.11
397.96 78.11
399.98 78.11
402.0 78.11
404.09 78.11
406.01 78.11
408.03 78.11
410.05 78.11
412.07 78.11
414.08 78.11
416.1 78.11
418.12 78.11
420.14 78.11
422.16 78.11
424.17 78.11
426.19 78.11
428.2 78.11
430.22 78.11
432.24 78.11
434.26 78.11
436.27 78.11
437.37 78.11
440.31 78.11
442.33 78.11
444.35 78.11
446.37 78.11
447.37 78.11
449.39 78.11
451.4 78.11
453.42 78.11
455.44 78.11
457.46 78.11
459.47 78.11
461.5 82.44
463.52 90.91
465.54 95.78
467.55 95.78
469.56 12.22
471.58 90.07
473.6 94.05
475.6 94.05
477.62 94.96
479.64 94.96
481.65 91.7
483.67 91.81
485.69 91.81
487.7 91.81
489.71 91.81
491.73 91.81
493.75 91.46
495.77 93.29
497.79 98.06
499.79 98.06
501.8 98.06
503.82 98.06
505.84 98.06
507.87 98.06
509.89 98.06
511.91 98.06
513.92 98.06
515.94 98.06
517.95 98.06
519.97 98.06
521.99 98.06
524.01 98.06
526.03 98.06
528.05 98.06
530.07 98.06
532.09 98.06
534.11 98.06
536.13 98.06
538.14 98.06
540.15 98.06
542.16 98.06
544.18 98.06
546.19 98.06
548.21 98.06
550.23 98.06
552.24 98.06
554.26 98.06
556.28 98.06
557.54 98.06
560.32 98.06
562.37 98.06
564.36 22.19
566.38 20.58
568.39 24.9
570.41 26.57
571.51 30.6
574.44 31.24
576.47 34.65
577.48 37.5
580.5 37.01
582.52 44.37
583.52 44.18
585.53 49.0
587.55 53.93
589.56 53.89
591.58 53.22
593.6 56.9
595.61 58.85
597.61 64.53
599.64 62.27
601.64 68.36
603.66 72.58
605.68 73.75
607.69 73.75
609.71 73.75
611.72 73.75
613.74 73.75
615.76 73.75
617.77 73.75
619.78 73.75
621.79 73.75
623.81 73.75
625.84 73.75
627.86 73.75
629.87 73.75
631.88 73.75
633.89 73.75
635.91 73.75
637.93 73.75
639.94 73.75
641.96 73.75
643.99 73.75
646.02 73.75
648.03 73.75
650.05 73.75
652.07 73.75
654.08 73.75
656.13 73.75
658.11 73.75
660.13 73.75
662.15 73.75
664.17 73.75
666.19 73.75
668.2 73.75
670.22 73.75
672.24 73.75
674.25 73.75
676.26 73.75
678.28 73.75
680.29 70.97
682.31 70.97
684.33 70.97
686.34 70.97
688.35 70.97
690.36 70.97
692.38 70.97
694.4 70.97
696.42 70.97
698.43 7.61
700.44 7.2
702.45 7.65
704.47 8.26
705.62 9.01
708.5 11.5
710.51 15.2
712.53 15.64
714.55 18.29
715.66 20.02
718.57 23.06
720.58 25.42
722.59 25.46
724.6 23.93
726.63 29.7
727.64 28.62
729.64 33.49
732.65 30.37
733.66 36.46
735.67 37.0
737.68 40.65
739.7 40.65
741.71 40.33
743.72 38.45
745.74 40.17
747.76 40.41
749.77 42.16
751.78 43.05
753.78 46.25
755.8 49.31
757.82 48.0
759.83 53.58
761.85 53.58
763.87 53.58
765.88 51.21
767.89 56.1
769.91 57.01
771.92 57.35
773.93 57.35
775.95 57.35
777.96 57.35
779.97 57.35
781.98 57.35
784.0 57.35
786.02 57.35
788.02 57.35
789.9 57.35
791.97 57.35
793.79 57.35
796.19 57.35
798.21 57.35
800.24 57.35
802.26 57.35
804.28 57.35
806.3 57.23
808.32 57.05
810.33 57.74
812.36 57.74
814.38 57.74
816.39 57.74
818.41 1.73
820.43 62.46
822.45 62.46
824.47 62.46
826.48 63.69
828.49 66.52
830.5 66.52
832.52 66.52
834.54 70.13
836.57 73.34
838.58 73.34
840.61 73.34
842.62 73.34
844.64 73.34
846.66 73.34
848.68 73.34
850.69 73.34
852.7 72.4
854.73 72.4
856.75 72.4
858.78 72.4
859.79 72.4
861.8 72.27
863.82 72.27
865.84 72.27
867.86 72.27
869.89 72.27
871.9 72.27
873.92 72.27
875.95 72.27
877.97 72.27
879.99 72.27
882.01 72.27
884.03 72.27
886.05 72.27
888.07 72.27
890.09 72.27
892.1 72.27
894.12 72.27
896.14 72.27
898.16 72.27
900.17 72.27
902.2 72.27
904.23 72.27
906.24 72.27
908.26 72.27
910.28 72.27
912.29 72.27
914.31 72.27
916.32 72.27
918.33 72.27
920.36 72.27
922.38 72.27
924.39 72.27
926.39 72.27
928.41 72.27
930.43 72.27
932.44 72.27
934.45 72.27
936.47 72.27
938.49 72.27
940.5 72.27
942.52 72.27
944.52 72.27
946.54 72.27
948.55 72.27
950.57 72.27
952.59 72.27
954.6 72.27
956.62 72.27
958.63 72.27
960.64 72.27
962.65 72.27
964.66 72.27
966.68 72.27
968.69 72.27
970.71 72.27
972.72 68.86
974.74 68.86
976.76 68.86
978.77 68.86
980.8 68.86
982.81 68.86
984.83 68.86
986.85 68.86
988.86 70.11
990.87 73.19
992.88 73.19
993.99 73.19
996.9 73.19
997.9 73.19
1000.92 70.51
1002.93 70.51
1003.93 70.51
1005.95 70.51
1007.98 70.51
1009.98 70.51
1012.01 70.51
1014.02 70.51
1016.03 70.51
1018.05 70.51
1020.06 70.51
1022.07 70.51
1024.09 70.51
1026.1 70.51
1028.11 70.51
1030.13 70.51
1032.14 70.51
1034.15 70.51
1036.16 76.53
1038.18 76.53
1040.19 76.53
1042.2 76.53
1044.23 76.53
1046.24 76.53
1048.25 76.53
1050.26 76.53
1052.28 76.53
1054.29 76.53
1056.29 76.53
1058.3 76.53
1060.32 76.53
1062.34 76.53
1064.35 76.53
1066.36 76.53
1068.37 76.53
1070.38 76.53
1072.4 76.53
1074.42 76.53
1076.43 76.53
1078.45 76.53
1080.47 76.53
1082.48 76.53
1084.5 76.53
1086.51 76.53
1088.53 76.53
1090.53 76.53
1092.55 76.53
1094.56 76.53
1096.58 76.53
1098.61 76.53
1100.62 76.53
1102.64 76.53
1104.66 76.53
1106.68 76.53
1108.71 76.53
1110.73 76.53
1112.75 76.53
1114.77 76.53
1116.78 76.53
1118.79 76.53
1120.81 76.53
1122.82 76.53
1124.84 76.53
1126.85 76.53
1128.87 76.53
1130.89 41.76
1132.91 41.34
1134.94 41.34
1136.95 40.31
1138.07 41.49
1140.99 42.31
1143.02 39.07
1145.03 41.36
1147.05 41.36
1149.05 41.36
1151.07 41.36
1152.07 41.36
1154.11 44.3
1156.11 43.96
1158.13 45.3
1160.14 48.77
1162.17 48.77
1164.18 49.99
1166.19 49.99
1168.22 48.38
1170.23 49.21
1172.25 47.97
1174.27 47.97
1176.29 47.97
1178.3 46.87
1180.32 46.87
1182.34 46.87
1184.36 46.87
1186.38 47.34
1188.39 48.94
1190.41 47.41
1192.43 49.12
1194.44 51.63
1196.47 47.05
1198.49 50.21
1200.5 51.24
1202.52 55.97
1204.55 57.5
1206.56 58.12
1208.57 58.55
1210.58 58.55
1212.6 58.55
1214.62 58.55
1216.63 58.55
1218.65 58.55
1220.67 58.55
1222.69 58.55
1224.7 58.55
1226.71 58.55
1228.72 58.55
1230.73 58.55
1232.76 58.55
1234.77 58.55
1236.79 58.55
1238.81 58.55
1240.82 58.55
1242.85 63.35
1244.85 63.35
1246.87 63.35
1248.89 63.35
1250.9 63.35
1252.93 63.35
1254.94 43.61
1256.96 62.3
1258.98 53.49
1260.99 62.78
1263.0 63.83
1265.02 3.84
1267.04 66.01
1269.06 68.59
1271.08 68.59
1273.09 68.59
1275.11 68.59
1277.13 68.59
1279.14 68.59
1281.16 67.29
1282.25 66.49
1285.2 67.59
1287.22 67.59
1288.23 67.59
1290.24 69.33
1292.26 69.33
1294.29 69.33
1296.32 69.86
1298.33 69.86
1300.34 69.86
1302.36 68.78
1304.37 73.3
1306.39 73.3
1308.4 85.9
1310.41 85.9
1312.43 93.93
1314.44 92.73
1316.46 92.15
1318.48 78.06
1320.49 107.45
1322.51 107.45
1324.53 91.33
1326.56 105.11
1328.56 107.94
1330.57 107.94
1332.6 107.94
1334.61 107.94
1336.63 91.42
1338.65 108.82
1340.66 107.79
1342.68 110.85
1344.7 110.85
1346.72 110.85
1348.75 110.85
1350.77 110.85
1352.78 114.42
1354.8 112.26
1356.82 0.49
1358.84 48.16
1360.86 112.64
1362.88 93.88
1364.89 6.31
1366.9 108.24
1368.92 6.22
1370.94 43.64
1372.96 49.43
1374.97 55.5
1376.99 55.5
1379.01 55.5
1381.03 55.5
1383.05 55.5
1385.07 55.5
1387.09 55.5
1389.11 57.68
1391.13 57.68
1393.16 57.68
1395.18 57.68
1397.19 57.68
1399.23 57.68
1401.25 57.68
1402.34 57.68
1405.28 57.68
1406.38 57.68
1409.31 57.68
1411.33 57.68
1412.34 57.68
1414.35 57.68
1416.38 57.68
1418.39 57.68
1420.43 57.68
1422.46 57.68
1424.82 57.68
1426.6 57.68
1429.34 57.68
1430.41 57.68
1433.36 57.68
1434.37 57.68
1436.38 57.68
1438.39 57.68
1440.41 57.68
1442.43 57.68
1444.45 57.68
1446.46 57.68
1448.48 57.68
1450.5 57.68
1452.52 57.68
1454.54 57.68
1456.55 57.68
1458.56 57.68
1460.59 57.68
1462.61 57.68
1464.62 57.68
1466.64 57.68
1468.66 57.68
1470.68 57.68
1472.7 57.68
1474.72 57.68
1476.75 57.68
1478.77 57.68
1480.78 57.68
1482.81 57.68
1484.83 57.68
1486.84 57.68
1488.86 57.68
1490.87 57.68
1492.88 57.68
1494.9 57.68
1496.91 57.68
1498.92 57.68
1500.93 57.68
1502.95 57.68
1504.96 57.68
1506.98 57.68
1509.0 57.68
1511.01 57.68
1513.03 57.68
1515.05 57.68
1517.07 57.68
1519.09 57.68
1521.1 57.68
1523.15 57.68
1525.12 57.68
1527.14 57.68
1529.15 57.68
1531.17 57.68
1533.19 57.68
1535.21 57.68
1537.23 57.68
1539.26 57.68
1541.28 57.68
1543.3 57.68
1545.3 57.68
1547.32 57.68
1549.34 57.68
1551.36 57.68
1553.37 57.68
1555.39 57.68
1557.4 57.68
1559.42 57.68
1560.52 57.68
1563.45 57.68
1565.47 57.68
1567.51 57.68
1568.52 57.68
1570.54 57.68
1572.55 57.68
1574.57 57.68
1576.59 57.68
1578.63 57.68
1580.64 57.68
1582.66 57.68
1584.68 57.68
1586.7 57.68
1588.72 57.68
1590.74 57.68
1592.78 57.68
1594.8 57.68
1596.81 57.68
1598.83 57.68
1600.84 57.68
1602.86 94.75
1604.87 94.75
1606.89 89.67
1608.9 89.67
1610.92 89.67
1612.94 89.67
1614.96 89.67
1616.98 89.67
1618.99 89.67
1621.03 89.67
1623.05 89.67
1625.07 89.67
1627.08 89.67
1629.1 89.67
1631.11 90.51
1633.13 89.24
1635.15 89.24
1637.17 89.24
1639.17 89.24
1641.19 89.24
1643.2 89.24
1645.22 89.24
1647.25 89.24
1649.27 89.24
1651.29 89.24
1653.31 89.24
1655.33 89.24
1657.34 89.24
1659.36 89.24
1661.37 95.23
1663.38 95.23
1665.4 97.61
1667.42 97.61
1669.44 97.61
1671.46 97.61
1673.48 97.61
1675.49 97.61
1677.51 97.61
1679.54 97.61
1680.64 97.61
1683.58 97.61
1685.6 97.61
1686.61 97.61
1688.62 97.61
1690.64 97.61
1692.65 97.61
1694.67 97.61
1696.68 97.61
1698.71 97.61
1700.72 97.61
1702.73 97.61
1704.75 97.61
1706.77 97.61
1708.78 97.61
1710.79 97.61
1712.81 97.61
1714.83 97.61
1716.84 97.61
1718.87 97.61
1720.89 97.61
1722.9 97.61
1724.92 97.61
1726.93 97.61
1728.95 97.61
1730.97 97.61
1732.99 97.61
1735.01 97.61
1737.02 97.61
1739.04 97.61
1741.06 97.61
1743.08 97.61
1745.09 97.61
1747.11 97.61
1749.13 97.61
1751.15 97.61
1753.18 97.61
1755.19 97.61
1757.22 97.61
1759.24 97.61
1761.25 97.61
1763.26 97.61
1765.31 97.61
1767.3 97.61
1769.32 97.61
1771.33 97.61
1773.35 97.61
1775.37 97.61
1777.38 97.61
1779.4 97.61
1781.42 97.61
1783.43 97.61
1785.45 97.61
1787.49 97.61
1789.51 97.61
1791.53 97.61
1793.56 97.61
1795.57 97.61
1797.59 97.61
1799.61 97.61
1800.71 97.61
1803.64 97.61
1805.66 97.61
1807.67 97.61
1809.69 97.61
1811.71 97.61
1813.72 97.61
1814.82 97.61
1816.76 97.61
1818.77 97.61
1820.78 97.61
1822.8 97.61
1824.81 97.61
1826.82 97.61
1828.84 97.61
1830.86 97.61
1832.88 97.61
1834.89 97.61
1836.9 97.61
1838.92 97.61
1840.93 97.61
1842.94 97.61
1844.95 97.61
1846.97 97.61
1848.99 97.61
1850.99 97.61
1853.01 97.61
1855.03 97.61
1857.06 97.61
1859.08 97.61
1861.1 97.61
1863.1 97.61
1865.12 97.61
1867.13 97.61
1869.15 97.61
1871.18 97.61
1873.2 97.61
1875.23 97.61
1877.24 97.61
1879.26 97.61
1881.28 97.61
1883.3 97.61
1885.31 97.61
1887.32 97.61
1889.34 97.61
1891.36 97.61
1893.37 97.61
1895.39 97.61
1897.41 97.61
1899.42 97.61
1901.45 97.61
1903.46 97.61
1905.48 97.61
1907.5 97.61
1909.52 97.61
1911.53 97.61
1913.55 97.61
1915.57 97.61
1917.58 97.61
1919.6 97.61
1921.62 97.61
1923.63 97.61
1925.65 97.61
1927.66 97.61
1929.68 97.61
1931.7 97.61
1933.72 97.61
1935.73 97.61
1937.76 97.61
1939.77 97.61
1941.79 97.61
1943.81 97.61
1945.83 97.61
1947.84 97.61
1948.94 64.74
1951.88 64.74
1953.9 97.12
1954.93 97.86
1956.92 97.86
1958.95 97.86
1960.97 94.07
1963.0 94.07
1965.03 95.96
1967.03 95.06
1969.04 96.06
1971.06 96.06
1973.08 101.19
1975.1 99.8
1977.12 99.8
1979.14 99.8
1981.17 99.8
1983.18 99.8
1985.2 99.8
1987.22 98.49
1989.23 98.49
1991.26 98.49
1993.27 98.49
1995.3 98.49
1997.31 98.49
1999.33 5.66
2001.35 38.9
2003.36 88.52
2005.38 88.52
2007.4 88.52
2009.42 88.52
2011.44 88.52
2013.46 88.52
2015.48 85.46
2017.5 85.46
2019.52 85.46
2021.54 85.46
2023.56 85.46
2025.57 85.46
2027.6 85.46
2029.62 85.46
2031.64 85.46
2033.66 85.46
2035.67 85.46
2037.69 85.46
2039.71 85.46
2041.73 85.46
2043.74 85.46
2045.75 85.46
2047.76 85.46
2049.77 85.46
2051.79 85.46
2053.8 85.46
2055.82 85.46
2057.83 85.46
2059.85 85.46
2061.87 85.46
2063.89 85.46
2065.91 85.46
2067.94 85.46
2069.03 85.46
2071.96 85.46
2073.98 85.46
2074.99 85.46
2077.01 85.46
2079.03 85.46
2081.05 85.46
2083.07 88.63
2085.09 88.63
2087.1 88.63
2089.12 88.63
2091.13 88.63
2093.15 88.63
2095.17 88.63
2097.2 88.63
2099.24 88.63
2101.26 88.63
2103.27 88.63
2105.29 88.63
2107.3 88.63
2109.32 88.63
2111.34 88.63
2113.35 88.63
2115.37 88.63
2117.38 88.63
2119.39 88.63
2121.41 88.63
2123.43 88.63
2125.44 88.63
2127.46 88.63
2129.47 88.63
2131.48 88.63
2133.5 88.63
2135.52 88.63
2137.54 88.63
2139.55 86.37
2141.57 86.37
2143.59 86.37
2145.61 86.37
2147.63 6.42
2149.64 85.83
2151.66 85.83
2153.67 85.83
2155.69 85.83
2157.71 85.83
2159.73 85.83
2161.75 85.83
2163.77 85.83
2165.79 85.83
2167.81 85.83
2169.82 85.83
2171.84 85.83
2173.86 85.83
2175.89 86.31
2177.9 82.09
2179.92 87.75
2181.94 93.45
2183.95 93.47
2185.97 93.47
2187.99 93.47
2190.0 93.47
2192.03 93.47
2194.04 93.56
2196.06 93.56
2198.08 93.56
2200.11 93.56
2201.11 92.31
2203.21 87.12
2205.15 84.37
2207.16 84.37
2209.18 84.37
2211.19 88.5
2213.21 68.44
2215.23 92.85
2217.24 92.85
2219.26 92.85
2221.27 92.85
2223.28 92.85
2225.3 92.85
2227.31 92.85
2229.33 92.85
2231.34 92.85
2233.38 92.85
2235.41 92.85
2237.43 92.85
2239.46 92.85
2241.48 92.85
2243.49 92.85
2245.51 90.26
2247.52 86.08
2249.54 86.08
2251.65 86.08
2253.57 94.59
2255.59 94.59
2257.61 94.59
2259.62 94.59
2261.66 94.53
2263.65 94.53
2265.68 94.53
2267.69 94.53
2269.71 94.53
2271.74 94.53
2273.74 94.53
2275.76 94.53
2277.78 94.53
2279.8 94.53
2281.82 94.53
2283.82 94.53
2285.84 94.53
2287.85 94.53
2289.87 94.53
2291.88 94.53
2293.9 94.53
2295.91 94.53
2297.92 94.53
2299.94 94.53
2301.95 94.53
2303.97 94.53
2305.98 94.53
2308.0 94.53
2310.02 94.53
2312.05 94.53
2314.06 94.53
2316.08 94.53
2318.11 94.53
2320.12 94.53
2322.14 94.53
2324.18 94.53
2326.18 94.53
2328.19 94.53
2330.21 94.53
2332.22 94.53
2333.32 94.53
2336.26 94.53
2337.27 94.53
2339.29 94.53
2341.31 94.53
2343.32 94.53
2345.34 94.53
2347.36 94.53
2349.38 94.53
2351.39 94.53
2353.41 94.53
2355.42 94.53
2357.44 94.53
2359.45 94.53
2361.47 94.53
2363.5 94.53
2365.52 94.53
2367.53 94.53
2369.56 94.53
2371.57 94.53
2373.61 94.53
2375.62 94.53
2377.64 94.53
2379.66 94.53
2381.68 94.53
2383.7 94.53
2385.71 94.53
2387.72 94.53
2389.74 94.53
2391.76 94.53
2393.77 94.53
2395.79 90.94
2397.81 90.94
2399.83 90.94
2401.85 90.94
2403.86 90.94
2405.87 90.94
2407.9 90.94
2409.91 90.94
2411.93 90.94
2413.94 90.94
2415.96 90.94
2417.97 90.94
2419.99 90.94
2422.0 90.94
2424.02 90.94
2426.03 90.94
2428.05 90.94
2430.06 90.94
2432.08 90.94
2434.1 90.94
2436.11 90.94
2438.12 90.94
2440.14 90.94
2442.15 90.94
2444.16 90.94
2446.18 90.94
2448.19 90.94
2450.2 90.94
2452.21 90.94
2454.22 90.94
2456.24 90.94
2458.26 90.94
2460.27 90.94
2462.28 90.94
2464.3 90.94
2466.31 90.94
2467.41 90.94
2470.34 90.94
2472.36 90.94
2474.37 90.94
2476.39 90.94
2477.39 90.94
2480.41 90.94
2482.42 90.94
2483.43 90.94
2485.44 90.94
2487.54 90.94
2489.49 90.94
2491.5 90.94
2493.51 90.94
2495.52 90.94
2497.53 90.94
2499.55 90.94
2501.56 90.94
2503.58 90.94
2505.59 90.94
2507.61 90.94
2509.62 90.94
2511.63 90.94
2513.64 90.94
2515.65 90.94
2517.66 90.94
2519.69 90.94
2521.71 90.94
2523.72 90.94
2525.73 90.94
2527.75 90.94
2529.76 90.94
2531.78 90.94
2533.81 90.94
2535.85 90.94
2537.86 90.94
2539.87 90.94
2541.9 90.94
2544.92 90.94
2545.92 90.94
2547.94 90.94
2549.95 90.94
2551.96 90.94
2553.97 90.94
2555.98 90.94
2557.99 90.94
2560.0 90.94
2562.02 90.94
2564.04 90.94
2566.06 90.94
2568.07 90.94
2570.08 90.94
2572.11 90.94
2574.11 90.94
2576.13 90.94
2578.16 90.94
2580.16 90.94
2582.18 90.94
2584.19 90.94
2586.21 90.94
2588.22 90.94
2590.24 90.94
2592.25 90.94
2594.26 90.94
2596.27 90.94
2598.29 90.94
2600.3 86.16
2602.32 86.16
2604.33 86.16
2606.34 86.16
2608.36 86.16
2610.37 86.16
2612.38 86.16
2614.4 86.16
2616.42 86.16
2618.43 86.16
2620.45 86.16
2621.56 86.16
2624.48 86.16
2625.58 86.16
2628.52 86.16
2630.53 82.87
2631.54 82.87
2634.56 82.87
2635.65 82.87
2637.58 82.87
2639.6 82.87
2641.61 82.87
2643.62 82.87
2645.64 82.87
2647.65 82.87
2649.66 82.87
2651.67 82.87
2653.67 82.87
2655.69 82.87
2657.71 82.87
2659.72 82.87
2661.74 56.94
2663.75 56.94
2665.77 56.94
2667.78 56.94
2669.8 76.16
2671.81 75.75
2673.82 75.75
2675.84 74.65
2677.86 74.65
2679.87 74.65
2681.89 74.65
2683.91 74.65
2685.93 77.34
2687.95 78.97
2689.97 84.53
2691.98 84.53
2694.0 79.66
2696.02 86.94
2698.03 84.44
2700.04 83.87
2702.06 85.34
2704.07 83.5
2706.09 90.65
2708.11 90.65
2710.13 91.71
2712.14 94.73
2714.16 97.47
2716.18 97.47
2718.19 95.97
2720.21 95.97
2722.24 95.97
2724.26 95.97
2726.27 95.97
2728.29 95.97
2730.31 95.97
2732.33 95.97
2734.34 95.97
2736.35 95.97
2738.37 95.97
2740.39 95.97
2742.41 95.97
2744.44 95.97
2746.45 95.97
2748.47 95.97
2750.49 95.97
2752.49 95.97
2754.51 95.97
2756.54 95.97
2758.56 95.97
2760.57 95.97
2762.59 95.97
2764.6 95.97
2766.61 95.97
2768.63 95.97
2769.73 95.97
2772.66 95.97
2774.69 95.97
2776.7 95.97
2777.71 95.97
2779.73 95.97
2781.75 95.97
2783.77 95.97
2785.77 95.97
2787.78 95.97
2789.8 95.97
2791.82 95.97
2793.83 95.97
2795.85 95.97
2797.88 95.97
2799.89 95.97
2801.9 95.97
2803.93 95.97
2805.95 95.97
2807.97 95.97
2809.99 95.97
2812.01 95.97
2814.02 95.97
2816.03 95.97
2818.05 95.97
2820.06 95.97
2822.08 95.97
2824.11 95.97
2826.13 95.97
2828.15 95.97
2830.17 95.97
2832.19 95.97
2834.2 95.97
2836.23 95.97
2838.24 95.97
2840.26 95.97
2842.28 95.97
2844.32 95.97
2846.34 95.97
2848.37 95.97
2850.39 95.97
2852.4 95.97
2854.42 95.97
2856.45 95.97
2858.46 95.97
2860.48 103.71
2862.51 94.79
2864.53 92.98
2866.54 92.98
2868.57 94.33
2870.57 99.51
2872.58 99.51
2874.6 99.51
2876.62 99.51
2878.64 99.51
2880.65 99.51
2882.66 80.03
2884.69 99.46
2886.71 98.84
2888.73 93.15
2889.82 95.29
2892.76 86.92
2894.79 99.74
2896.83 7.47
2897.84 88.18
2899.85 98.42
2901.88 109.22
2903.9 110.71
2905.92 112.73
2907.94 94.73
2909.95 89.83
2911.96 103.23
2913.98 110.74
2916.0 95.95
2918.02 95.95
2920.05 95.95
2922.06 95.95
2924.07 98.4
2926.09 98.4
2928.11 98.4
2930.13 98.4
2932.15 98.4
2934.16 98.4
2936.17 98.4
2938.18 98.4
2940.19 98.4
2942.2 98.4
2944.22 98.4
2946.24 98.4
2948.25 98.4
2950.26 98.4
2952.28 98.4
2954.29 98.4
2956.3 98.4
2958.31 98.4
2960.34 98.4
2962.35 98.2
2964.37 98.2
2966.38 98.2
2968.41 98.2
2970.42 98.2
2972.44 98.2
2974.46 98.2
2976.47 98.2
2978.49 98.2
2980.51 98.2
2982.52 98.2
2984.53 98.2
2986.55 98.2
2988.56 98.2
2990.58 98.2
2992.59 98.2
2994.62 98.2
2996.64 98.2
2998.66 98.2
3000.67 98.2
3002.69 98.2
3004.71 98.2
3006.73 98.2
3008.75 98.2
3010.76 98.2
3012.78 98.2
3014.79 98.2
3016.81 98.2
3018.83 98.2
3020.85 98.2
3022.86 98.2
3023.96 98.2
3026.88 98.2
3028.9 98.2
3030.92 98.2
3032.94 98.2
3034.04 98.2
3035.96 98.2
3037.97 98.2
3039.99 98.2
3042.01 98.2
3044.03 98.2
3046.05 98.2
3048.06 98.2
3050.08 98.2
3052.1 98.2
3054.12 98.2
3056.13 98.2
3058.15 98.2
3060.17 98.2
3062.19 98.2
3064.2 98.2
3066.23 98.2
3068.24 98.2
3070.25 98.2
3072.27 96.24
3074.31 89.65
3076.32 89.65
3078.34 89.65
3080.35 89.65
3082.37 89.65
3084.38 89.65
3086.41 89.65
3088.42 89.65
3090.44 89.65
3092.48 89.65
3094.49 89.65
3096.51 89.65
3098.53 89.65
3100.56 89.65
3102.57 89.65
3104.6 89.65
3106.61 89.65
3108.63 89.65
3110.64 89.65
3112.65 89.65
3114.67 89.65
3116.7 89.65
3118.71 89.65
3120.73 89.65
3122.75 89.65
3124.77 89.65
3126.79 89.65
3128.8 89.65
3130.81 89.65
3132.83 89.65
3134.84 97.45
3136.85 93.23
3138.87 86.27
3140.89 86.27
3142.9 82.7
3144.91 82.7
3146.93 82.7
3148.94 82.7
3150.96 82.7
3152.99 92.63
3154.99 92.63
3157.02 92.63
3159.03 92.63
3161.06 92.63
3163.07 92.63
3165.08 92.63
3167.09 92.63
3168.09 92.63
3170.12 92.63
3172.13 92.63
3174.14 92.63
3176.16 92.63
3178.17 92.63
3180.19 92.63
3182.21 92.63
3184.21 92.63
3186.22 92.63
3188.24 92.63
3190.25 92.63
3192.27 92.63
3194.31 92.63
3196.33 92.63
3198.35 92.63
3200.36 92.63
3202.39 92.63
3204.4 92.63
3206.43 92.63
3208.45 92.63
3210.47 92.63
3212.47 92.63
3214.48 92.63
3216.5 92.63
3218.52 92.63
3220.53 92.63
3222.56 92.63
3224.57 92.63
3226.59 92.63
3228.59 92.63
3230.61 92.63
3232.62 92.63
3234.63 92.63
3236.65 92.63
3238.66 92.63
3240.66 92.63
3242.67 92.63
3244.68 92.63
3246.7 92.63
3248.71 92.63
3250.72 92.63
3252.73 92.63
3254.75 92.63
3256.76 92.63
3258.78 92.63
3260.79 92.63
3262.8 92.63
3264.81 92.63
3266.82 92.63
3268.84 92.63
3270.85 92.63
3272.87 92.63
3274.89 92.63
3276.9 92.63
3278.91 92.63
3280.92 92.63
3282.93 92.63
3284.93 92.63
3286.94 92.63
3288.94 92.63
3290.96 92.63
3292.98 92.63
3294.99 92.63
3297.01 92.63
3299.02 92.63
3301.03 92.63
3303.05 92.63
3305.06 92.63
3307.06 92.63
3309.08 92.63
3311.09 92.63
3313.12 92.63
3315.13 92.63
3317.15 92.63
3319.15 92.63
3321.16 92.63
3322.25 92.63
3325.18 92.63
3327.22 92.63
3329.22 92.63
3331.23 92.63
3333.24 92.63
3335.26 92.63
3336.36 92.63
3338.3 92.63
3341.34 92.63
3342.35 92.63
3344.36 92.63
3346.37 92.63
3348.39 92.63
3350.4 92.63
3352.4 92.63
3354.42 92.63
3356.42 92.63
3358.44 92.63
3360.45 92.63
3362.45 92.63
3364.47 92.63
3366.48 92.63
3368.5 92.63
3370.51 92.63
3372.51 92.63
3374.53 92.63
3376.53 92.63
3378.54 92.63
3380.56 92.63
3382.57 92.63
3384.59 92.63
3386.61 92.63
3388.63 92.63
3390.65 92.63
3392.65 92.63
3394.66 92.63
3396.68 92.63
3398.7 92.63
3400.71 92.63
3402.73 88.87
3404.74 96.27
3406.75 94.17
3408.77 94.17
3410.78 90.62
3412.8 90.62
3414.81 96.1
3416.82 87.0
3418.83 98.42
3420.84 98.42
3422.86 98.42
3424.87 98.42
3426.89 98.42
3428.91 98.42
3430.91 98.42
3432.92 98.42
3434.93 98.42
3436.94 98.42
3438.96 98.42
3440.97 98.42
3442.99 98.42
3445.0 98.42
3447.0 98.42
3449.02 98.42
3451.03 98.42
3453.04 98.42
3455.05 98.42
3457.07 98.42
3459.08 98.42
3461.09 98.42
3463.12 98.42
3465.1 98.42
3467.11 98.42
3469.11 98.42
3471.12 98.42
3473.14 90.8
3475.15 90.8
3477.17 90.8
3479.18 90.8
3481.2 91.26
3483.22 85.95
3485.23 85.95
3487.25 85.95
3489.26 85.95
3491.28 85.95
3493.3 85.95
3495.32 85.95
3497.33 85.95
3499.34 85.95
3501.35 85.95
3503.37 85.95
3504.47 85.95
3507.41 85.95
3509.43 85.95
3510.46 85.95
3512.48 85.95
3514.51 85.95
3516.54 85.95
3518.54 85.95
3520.57 85.95
3522.6 85.95
3524.61 85.95
3526.62 85.95
3528.63 85.95
3530.65 85.95
3532.67 85.95
3534.68 85.95
3536.7 85.95
3538.71 85.95
3540.73 85.95
3542.75 85.95
3544.76 85.95
3546.76 85.95
3548.78 85.95
3550.82 85.95
3552.82 85.95
3554.84 85.95
3556.87 85.95
3558.88 85.95
3560.9 86.35
3562.92 86.35
3564.93 86.35
3566.95 85.43
3568.97 92.54
3570.99 89.44
3573.0 7.25
3575.02 46.72
3577.03 50.2
3579.06 84.31
3581.07 82.15
3583.08 7.27
3585.09 36.41
3587.1 36.41
3589.12 36.41
3591.13 36.41
3593.15 37.98
3595.17 39.05
3597.19 43.81
3599.2 43.81
3601.22 43.81
3603.23 43.81
3605.25 43.81
3607.26 43.81
3609.27 43.81
3611.28 43.81
3613.29 43.81
3615.31 43.81
3617.33 43.81
3619.34 43.81
3621.35 43.81
3623.37 91.35
3625.38 89.59
3627.41 89.59
3629.42 89.59
3631.44 89.59
3633.46 89.59
3635.46 89.59
3637.47 89.59
3638.57 89.59
3641.51 89.59
3643.53 89.59
3645.54 89.59
3647.55 89.59
3648.66 89.59
3650.58 89.59
3652.59 89.59
3654.63 89.15
3656.63 89.99
3658.65 90.68
3660.67 78.7
3662.67 78.7
3664.67 78.7
3666.7 78.7
3668.72 78.7
3670.76 78.7
3672.76 78.7
3674.77 78.7
3676.79 78.7
3678.8 78.7
3680.81 78.7
3682.82 78.7
3684.83 78.7
3686.85 78.7
3688.87 78.7
3690.88 78.7
3692.89 78.7
3694.91 78.7
3696.92 78.7
3698.94 78.7
3700.9 78.7
3702.74 78.7
3705.61 78.7
3707.62 78.7
3709.63 78.7
3710.64 78.7
3712.66 78.7
3714.67 78.7
3716.69 78.7
3718.72 78.7
3720.73 78.7
3722.75 78.7
3724.77 78.7
3726.81 78.7
3728.84 78.7
3730.86 78.7
3732.87 78.7
3734.88 78.7
3736.91 78.7
3738.91 78.7
3740.93 78.7
3742.95 78.7
3744.96 78.7
3746.99 78.7
3749.01 78.7
3751.05 78.7
3753.07 78.7
3755.08 78.7
3757.1 78.7
3759.12 78.7
3761.14 78.7
3763.16 78.7
3765.17 78.7
3767.19 78.7
3769.21 78.7
3771.23 78.7
3773.25 78.7
3775.27 78.7
3777.29 78.7
3779.31 78.7
3781.33 78.7
3783.34 78.7
3785.35 78.7
3787.37 78.7
3789.39 78.7
3791.41 78.7
3793.43 78.7
3795.44 83.9
3797.45 83.9
3799.46 89.49
3801.48 88.37
3803.49 88.37
3805.51 88.37
3807.53 88.37
3809.54 88.37
3811.56 88.37
3813.58 94.37
3815.6 96.2
3817.62 93.23
3819.63 93.23
3821.64 93.23
3823.66 88.66
3825.67 101.08
3827.69 101.08
3829.71 101.08
3830.83 101.08
3833.74 101.08
3835.75 101.08
3837.77 101.08
3838.79 99.5
3840.79 103.97
3842.8 104.99
3844.81 104.99
3846.82 104.99
3848.83 104.99
3850.85 104.99
3852.87 104.99
3854.88 104.99
3856.92 104.99
3858.94 104.99
3860.96 104.99
3862.97 104.99
3865.0 104.99
3867.02 104.99
3869.04 104.99
3871.06 97.24
3873.07 97.24
3875.08 97.24
3877.09 97.24
3879.11 97.24
3881.12 97.24
3883.14 97.24
3885.16 97.24
3887.17 97.24
3889.19 97.24
3891.19 97.24
3893.21 97.24
3895.23 97.24
3897.24 97.24
3899.26 97.24
3901.28 97.24
3903.3 97.24
3905.32 97.24
3907.34 97.24
3909.35 97.24
3911.37 97.24
3913.38 97.24
3915.4 97.24
3917.41 97.24
3919.43 97.24
3921.44 97.24
3923.45 97.24
3925.47 97.24
3927.48 97.24
3929.52 97.24
3931.53 97.24
3933.55 97.24
3935.56 97.24
3937.58 97.24
3939.58 97.24
3941.59 97.24
3943.6 97.24
3945.64 97.24
3947.67 97.24
3949.69 97.24
3951.71 97.24
3953.72 97.24
3955.75 97.24
3957.76 97.24
3959.78 97.24
3961.8 97.24
3963.82 93.77
3964.91 104.9
3967.84 97.18
3969.86 91.85
3971.88 97.04
3973.89 99.14
3974.9 103.95
3976.93 104.32
3978.94 100.71
3980.96 7.48
3982.97 52.23
3985.0 99.97
3987.01 109.15
3989.03 109.15
3991.04 109.15
3993.06 109.15
3995.07 109.15
3997.08 109.15
3999.1 109.15
4001.1 109.15
4003.13 109.15
4005.14 74.43
4007.15 73.9
4009.18 78.1
4011.19 77.95
4013.21 81.6
4015.22 81.6
4017.25 81.6
4019.26 81.6
4021.28 81.6
4023.3 81.6
4025.32 81.6
4027.35 81.6
4029.35 81.6
4031.37 81.6
4033.39 81.6
4035.4 81.6
4037.43 81.6
4039.45 81.6
4041.46 81.6
4043.52 81.6
4045.51 81.6
4047.52 81.6
4049.54 81.6
4051.56 81.15
4053.59 82.55
4055.6 88.18
4057.62 88.18
4059.64 88.18
4061.66 88.18
4063.67 88.18
4065.68 88.18
4067.7 88.18
4069.72 88.18
4071.74 88.18
4073.76 88.18
4075.77 88.18
4077.79 88.18
4079.81 88.18
4081.83 88.18
4083.84 88.18
4085.86 88.18
4087.87 88.18
4089.89 88.18
4091.89 88.18
4093.91 88.18
4095.93 88.18
4097.94 88.18
4099.96 88.18
4101.99 85.55
4104.0 85.55
4106.01 86.97
4108.03 86.97
4109.13 86.97
4112.07 86.97
4113.08 86.97
4115.09 86.97
4117.11 86.97
4119.11 86.97
4121.13 86.97
4123.15 86.97
4125.17 86.97
4127.18 86.97
4129.2 86.97
4131.22 86.97
4133.23 86.97
4135.26 86.97
4137.28 86.97
4139.3 86.97
4141.32 86.97
4143.35 86.97
4145.36 86.97
4147.37 86.97
4149.39 86.97
4151.41 86.97
4153.42 86.97
4155.43 86.97
4157.46 86.97
4159.47 86.97
4161.49 86.97
4163.52 86.97
4165.54 86.97
4167.56 86.97
4169.57 86.97
4171.6 86.97
4173.61 86.97
4175.63 86.97
4177.65 86.97
4179.67 86.97
4181.7 86.97
4183.72 86.97
4185.76 86.97
4187.77 86.97
4189.79 86.97
4191.81 86.97
4193.82 86.97
4195.84 86.97
4197.85 86.97
4199.87 86.97
4201.88 86.97
4203.9 86.97
4205.91 86.97
4207.94 86.97
4209.96 86.97
4211.97 86.97
4213.99 86.97
4216.01 86.97
4218.03 86.97
4220.05 86.97
4222.06 86.97
4224.08 86.97
4226.09 86.97
4228.11 85.3
4229.22 85.3
4232.14 85.3
4234.15 85.3
4236.17 85.3
4237.18 85.3
4239.21 85.3
4241.22 82.33
4243.24 80.6
4245.25 85.75
4247.26 85.75
4249.28 85.75
4251.3 85.75
4253.32 85.75
4255.34 85.75
4257.36 85.75
4259.38 85.75
4261.39 85.75
4263.41 85.75
4265.43 85.75
4267.45 85.75
4269.47 85.75
4271.48 85.75
4273.5 85.75
4275.52 85.75
4277.53 85.75
4279.55 85.75
4281.56 85.75
4283.58 85.75
4285.59 85.75
4287.61 85.75
4289.62 85.75
4291.64 85.75
4293.66 85.75
4295.68 85.75
4297.7 85.75
4299.72 85.75
4301.74 85.75
4303.76 85.75
4305.78 87.31
4307.8 84.52
4309.83 84.52
4311.84 84.52
4313.85 84.52
4315.88 84.52
4317.89 84.52
4319.91 84.52
4321.93 88.59
4323.94 89.12
4325.96 89.12
4327.97 89.12
4329.99 89.12
4332.0 89.12
4334.02 89.12
4336.04 89.12
4338.06 89.12
4340.08 89.12
4342.1 89.12
4344.11 89.12
4346.14 89.12
4348.16 89.12
4350.18 89.12
4352.2 89.12
4354.22 89.12
4356.24 89.12
4358.26 89.12
4360.27 89.12
4361.28 89.12
4363.3 89.12
4365.32 89.12
4367.34 89.12
4369.35 89.12
4371.37 89.12
4373.39 89.12
4375.4 89.12
4377.42 89.12
4379.44 89.12
4381.46 89.12
4383.48 89.12
4385.49 89.12
4387.52 89.12
4389.54 89.12
4391.55 89.12
4393.57 89.12
4395.6 89.12
4397.62 89.12
4399.64 89.12
4401.67 89.12
4403.68 89.12
4405.7 89.12
4407.72 89.12
4409.75 89.12
4411.77 89.12
4413.78 89.12
4415.79 89.12
4417.81 89.12
4419.83 89.12
4421.85 89.12
4424.88 89.12
4425.88 89.12
4427.9 89.12
4429.92 89.12
4431.93 89.12
4433.96 89.12
4435.98 89.12
4438.0 89.12
4440.03 89.12
4442.04 89.12
4444.06 89.12
4446.08 89.12
4448.1 89.12
4450.11 89.12
4452.12 89.12
4454.14 89.12
4456.16 89.12
4458.18 89.12
4460.2 89.12
4462.22 89.12
4464.24 89.12
4466.25 89.12
4468.26 89.12
4470.28 89.12
4472.3 89.12
4474.32 89.12
4476.33 89.12
4478.35 89.12
4480.36 89.12
4482.39 89.12
4483.49 89.12
4486.42 89.12
4487.43 89.12
4489.44 89.12
4491.46 89.12
4493.47 89.12
4495.49 89.12
4497.51 89.12
4499.53 89.12
4501.54 89.12
4503.55 89.12
4505.57 89.12
4507.6 89.12
4509.61 89.12
4511.63 89.12
4513.65 89.12
4515.68 89.12
4517.7 89.12
4519.72 89.12
4521.74 89.12
4523.76 89.12
4525.78 89.12
4527.8 89.12
4529.82 89.12
4531.84 89.12
4533.86 84.57
4535.87 84.57
4537.88 84.57
4539.89 84.57
4541.92 84.57
4543.94 84.57
4545.96 84.57
4547.97 84.57
4549.99 84.57
4552.02 84.57
4554.04 84.57
4556.06 84.57
4558.07 84.57
4560.09 84.57
4562.1 84.57
4564.12 84.57
4566.16 84.57
4568.17 84.57
4570.18 84.57
4572.2 84.57
4574.22 84.57
4576.24 84.57
4578.26 84.57
4580.27 84.57
4582.29 84.57
4584.3 84.57
4586.31 84.57
4588.33 84.57
4590.35 81.11
4592.35 81.11
4594.36 78.62
4596.37 78.62
4598.38 78.62
4600.4 85.15
4602.44 82.5
4603.54 82.5
4606.47 82.5
4608.49 82.5
4610.5 82.5
4612.52 82.5
4613.61 82.5
4616.55 82.5
4617.56 82.5
4619.57 82.5
4621.58 82.5
4623.59 82.5
4625.61 82.5
4627.62 82.5
4629.63 82.5
4631.65 82.5
4633.67 82.5
4635.69 82.5
4637.7 82.5
4639.71 82.5
4641.73 82.5
4643.75 82.5
4645.76 82.5
4647.8 82.5
4649.82 82.5
4651.83 82.5
4653.85 82.5
4655.87 82.5
4657.88 82.5
4659.89 82.5
4661.91 82.5
4663.94 82.5
4665.95 85.52
4667.97 85.52
4669.99 85.52
4672.02 85.52
4674.03 85.52
4676.05 85.52
4678.07 85.52
4680.08 85.52
4682.1 85.52
4684.11 85.52
4686.12 85.52
4688.14 85.52
4690.16 85.52
4692.19 85.52
4694.2 85.52
4696.23 85.52
4698.24 85.52
4700.25 85.52
4702.27 85.52
4704.29 85.52
4706.3 85.52
4708.32 85.52
4710.34 85.52
4712.35 85.52
4714.37 85.52
4716.38 85.52
4718.4 85.52
4720.42 85.52
4722.44 85.52
4724.45 85.52
4726.46 85.52
4728.47 85.52
4730.49 88.09
4732.51 88.38
4734.52 86.21
4736.55 86.21
4738.57 86.21
4740.59 86.21
4742.61 86.21
4744.62 86.21
4746.64 86.21
4747.73 86.21
4750.66 86.21
4752.68 86.21
4754.7 86.21
4755.7 86.21
4757.72 86.21
4759.75 86.21
4761.75 86.21
4763.78 86.21
4765.79 86.21
4767.8 86.21
4769.82 86.21
4771.83 86.21
4773.84 86.21
4775.87 86.21
4777.89 86.21
4779.91 86.21
4781.93 86.21
4783.94 86.21
4785.96 86.21
4787.97 86.21
4789.99 86.21
4792.0 86.21
4794.01 86.21
4796.03 86.21
4798.05 86.21
4800.06 86.21
4802.08 86.21
4804.1 86.21
4806.11 86.21
4808.12 86.21
4810.14 86.21
4812.18 86.21
4814.19 86.21
4816.21 86.21
4818.24 86.21
4820.25 86.21
4822.27 86.21
4824.28 86.21
4826.29 86.21
4828.31 86.21
4830.33 86.21
4832.39 86.21
4834.38 86.21
4836.4 86.21
4838.41 86.21
4840.43 86.21
4842.45 86.21
4844.47 86.21
4846.49 86.21
4848.5 86.21
4850.55 86.21
4852.53 86.21
4854.55 86.21
4856.56 86.21
4857.97 86.21
4860.6 86.21
4862.62 86.21
4864.64 86.21
4866.66 86.21
4868.68 86.21
4870.69 86.21
4872.72 86.21
4874.74 86.21
4876.75 86.21
4878.78 86.21
4880.79 86.21
4881.89 86.21
4884.82 86.21
4885.84 86.21
4887.84 86.21
4889.86 86.21
4891.88 86.21
4893.9 86.21
4895.91 83.59
4897.93 83.59
4899.94 80.77
4901.96 89.8
4903.98 89.8
4906.0 89.8
4908.01 89.32
4910.04 89.32
4912.05 89.32
4914.07 91.15
4916.08 99.15
4918.1 99.15
4920.12 99.15
4922.13 99.15
4924.15 99.15
4926.17 100.93
4928.18 102.78
4930.2 109.44
4932.22 109.24
4934.24 109.24
4936.25 7.71
4938.26 113.13
4940.28 105.15
4942.3 108.65
4944.33 108.65
4946.34 108.65
4948.36 108.65
4950.38 113.7
4952.4 109.92
4954.42 116.34
4956.45 116.34
4958.47 116.34
4960.49 116.34
4962.52 116.34
4964.54 5.99
4966.55 91.6
4968.57 91.99
4970.58 88.05
4972.6 90.05
4975.63 95.07
4976.64 95.07
4978.65 97.48
4980.67 97.48
4982.68 97.48
4984.71 97.48
4986.72 94.79
4988.74 94.79
4990.75 94.79
4992.76 94.79
4994.78 94.79
4996.79 97.82
4998.8 97.82
5000.82 97.82
5002.83 97.82
5004.85 97.82
5006.87 93.41
5008.88 96.31
5010.9 96.46
5012.91 89.65
5014.93 94.3
5015.96 97.11
5017.98 90.48
5020.0 93.3
5022.02 93.3
5024.04 93.3
5026.05 93.3
5028.07 93.3
5030.08 93.3
5032.1 93.3
5034.11 93.3
5036.12 93.3
5038.14 93.3
5040.16 93.3
5042.18 93.3
5044.19 93.3
5046.27 93.3
5048.22 93.3
5050.23 93.3
5052.25 92.81
5054.27 92.81
5056.28 92.81
5058.3 92.81
5060.32 92.81
5062.33 92.81
5064.35 92.81
5066.36 92.81
5068.38 92.81
5070.39 92.81
5072.41 92.81
5074.42 92.81
5076.43 92.81
5078.45 92.81
5080.46 92.81
5082.48 92.81
5084.49 92.81
5086.51 92.81
5088.53 92.81
5090.55 92.81
5092.56 92.81
5094.57 92.81
5096.58 92.81
5098.59 92.81
5100.62 92.81
5102.63 92.81
5104.64 92.81
5106.66 92.81
5108.67 92.81
5110.69 92.81
5112.7 92.81
5114.71 92.81
5116.73 92.81
5118.76 92.81
5120.78 92.81
5122.79 92.81
5124.81 92.81
5126.88 92.81
5128.84 92.81
5130.86 92.81
5132.87 92.81
5134.89 92.81
5136.9 92.81
5138.91 92.81
5140.93 92.81
5142.95 92.81
5144.96 92.81
5146.97 92.81
5148.99 92.81
5151.0 92.81
5153.01 92.81
5155.01 92.81
5157.03 92.81
5159.05 92.81
5160.14 92.81
5163.08 92.81
5164.09 92.81
5167.11 92.81
5169.12 92.81
5170.14 92.81
5172.16 92.81
5174.19 92.81
5176.23 92.81
5178.22 92.81
5180.24 92.81
5182.26 92.81
5184.27 86.61
5186.29 88.47
5188.31 90.44
5190.33 87.51
5192.35 88.76
5194.38 90.05
5196.39 98.11
5198.41 98.11
5200.42 98.11
5202.45 98.11
5204.46 98.11
5206.49 98.11
5208.5 98.11
5210.53 98.11
5212.54 98.11
5214.55 98.11
5216.57 98.11
5218.59 98.11
5220.61 98.11
5222.62 98.11
5224.64 98.11
5226.66 98.11
5228.68 98.11
5230.71 98.11
5232.73 98.11
5234.74 98.11
5236.76 98.11
5238.77 98.11
5240.8 98.11
5242.81 98.11
5244.82 98.11
5246.83 98.11
5248.85 98.11
5250.87 98.11
5252.89 98.11
5254.92 98.11
5256.93 98.11
5258.94 98.11
5260.96 98.11
5262.98 98.11
5264.99 98.11
5267.01 98.11
5269.03 98.11
5271.05 98.11
5273.07 98.11
5275.08 98.11
5277.1 98.11
5279.12 98.11
5281.13 98.11
5283.14 98.11
5285.15 98.11
5287.17 98.11
5289.19 98.11
5290.28 98.11
5293.21 98.11
5295.23 98.11
5296.23 98.11
5298.3 98.11
5300.29 98.11
5302.3 98.11
5304.31 98.11
5306.32 98.11
5308.35 98.11
5310.37 98.11
5312.39 98.11
5314.4 98.11
5316.42 98.11
5318.43 98.11
5320.44 98.11
5322.46 98.11
5324.46 98.11
5326.48 98.11
5328.49 98.11
5330.51 98.11
5332.54 98.11
5334.55 98.11
5336.57 98.11
5338.58 98.11
5340.59 98.11
5342.61 98.11
5344.62 98.11
5346.63 98.11
5348.65 98.11
5350.67 98.11
5352.69 98.11
5354.7 98.11
5356.72 98.11
5358.73 98.11
5360.75 98.11
5362.76 98.11
5364.79 98.11
5366.81 98.11
5368.83 98.11
5370.86 98.11
5372.86 98.11
5374.88 98.11
5376.9 98.11
5378.91 98.11
5380.92 98.11
5382.95 98.11
5384.97 98.11
5386.98 98.11
5389.0 98.11
5391.01 98.11
5393.03 98.11
5395.05 98.11
5397.07 98.11
5399.08 98.11
5401.1 98.11
5403.11 98.11
5405.12 98.11
5407.14 98.11
5409.16 98.11
5411.17 98.11
5413.18 98.11
5415.19 98.11
5417.21 98.11
5419.22 98.11
5421.24 98.11
5423.25 98.11
5425.27 98.11
5427.28 98.11
5429.29 98.11
5431.3 98.11
5433.33 98.11
5434.43 98.11
5437.37 98.11
5438.39 98.11
5441.4 98.11
5442.41 98.11
5444.43 98.11
5446.45 98.11
5448.47 98.11
5450.47 98.11
5452.49 98.11
5454.51 98.11
5456.53 98.11
5458.55 98.11
5460.56 98.11
5462.58 98.11
5464.59 98.11
5466.61 98.11
5468.62 98.11
5470.63 98.11
5472.65 98.11
5474.67 98.11
5476.69 98.11
5478.71 98.11
5480.73 98.11
5482.75 98.11
5484.76 98.11
5486.77 98.11
5488.79 98.11
5490.82 98.11
5492.83 98.11
5494.85 98.11
5496.87 98.11
5498.88 98.11
5500.89 98.11
5502.91 98.11
5504.92 98.11
5506.94 98.11
5508.95 98.11
5510.97 98.11
5512.99 98.11
5515.0 98.11
5517.02 98.11
5519.04 98.11
5521.05 98.11
5523.07 98.11
5525.08 98.11
5527.11 98.11
5529.12 98.11
5531.14 98.11
5533.16 98.11
5535.19 98.11
5537.21 98.11
5539.23 98.11
5541.24 98.11
5543.25 98.11
5545.27 98.11
5547.28 98.11
5549.3 98.11
5551.32 98.11
5553.33 98.11
5555.35 98.11
5557.36 98.76
5559.38 102.41
5561.39 101.03
5563.41 105.3
5565.42 105.3
5567.43 105.3
5568.53 105.3
5571.46 105.3
5573.48 104.12
5575.49 104.12
5577.51 104.12
5579.52 104.12
5581.54 104.12
5582.55 104.12
5584.57 101.68
5586.59 106.39
5588.61 106.39
5590.62 109.55
5592.64 109.55
5594.66 109.55
5596.67 109.55
5598.69 109.77
5600.71 112.06
5602.72 112.06
5604.73 112.06
5606.77 109.68
5608.78 109.68
5610.8 109.68
5612.82 109.68
5614.84 109.68
5616.84 109.68
5618.86 120.57
5620.87 42.85
5622.88 49.2
5624.89 63.58
5626.91 6.09
5628.93 67.74
5630.94 67.74
5632.95 61.89
5634.97 67.3
5636.99 67.3
5639.0 67.3
5641.02 67.3
5643.04 67.3
5645.06 67.3
5647.07 67.3
5649.09 67.3
5651.1 54.33
5653.13 60.54
5655.14 69.8
5657.16 68.99
5659.18 88.96
5661.18 90.26
5663.2 89.74
5665.21 89.74
5667.23 89.74
5669.24 89.74
5671.25 89.74
5673.26 89.74
5675.3 89.74
5677.31 89.74
5679.33 89.74
5681.34 89.74
5683.38 89.74
5685.38 89.74
5687.39 89.74
5689.41 89.74
5691.42 89.74
5693.44 89.74
5695.46 89.74
5697.47 89.74
5699.49 89.74
5701.51 89.74
5703.53 96.27
5705.55 96.68
5707.56 104.2
5709.57 104.2
5711.59 104.2
5712.76 99.95
5715.62 110.63
5717.63 110.73
5719.64 110.84
5721.66 110.84
5722.67 110.84
5724.68 99.04
5726.7 106.85
5728.71 106.76
5730.73 106.76
5732.75 106.76
5734.77 106.76
5736.78 106.76
5738.8 106.76
5740.82 106.76
5742.83 106.76
5744.85 104.54
5746.86 105.65
5748.87 103.14
5750.89 101.05
5752.9 106.65
5754.92 97.81
5756.94 97.81
5758.97 97.81
5760.99 97.81
5763.0 97.81
5765.03 97.81
5767.05 97.81
5769.07 97.81
5771.09 97.81
5773.11 97.81
5775.13 97.81
5777.14 97.81
5779.15 97.81
5781.17 97.81
5783.18 97.81
5785.22 97.81
5787.23 95.61
5789.24 95.61
5791.26 95.61
5793.27 95.61
5795.29 95.61
5797.29 95.61
5799.31 95.61
5801.32 95.61
5803.34 95.61
5805.35 95.61
5807.36 95.61
5809.38 95.61
5811.4 95.61
5813.42 95.61
5815.43 95.61
5817.45 95.61
5819.47 95.61
5821.49 95.61
5823.5 95.61
5825.52 95.61
5827.53 95.61
5829.55 95.61
5831.56 95.61
5833.57 95.61
5835.59 95.61
5837.6 95.61
5839.61 95.61
5841.63 95.61
5843.64 95.61
5845.71 95.61
5847.67 95.61
5849.69 95.61
5851.95 95.61
5853.73 95.61
5855.75 95.61
5856.85 95.61
5859.78 95.61
5860.87 95.61
5862.8 95.61
5864.87 95.61
5866.87 95.61
5868.95 95.61
5871.02 95.61
5872.87 95.61
5874.98 95.61
5876.99 95.61
5879.01 95.61
5881.03 95.61
5883.04 95.61
5885.06 95.61
5887.07 95.61
5889.09 95.61
5891.11 95.61
5893.13 95.61
5895.14 95.61
5897.15 95.61
5899.17 95.61
5901.18 95.61
5903.19 95.61
5905.2 95.61
5907.22 95.61
5909.23 95.61
5911.25 95.61
5913.26 95.61
5915.28 95.61
5917.3 95.61
5919.32 95.61
5921.33 95.61
5923.35 95.61
5925.36 95.61
5927.38 95.61
5929.39 95.61
5931.41 95.61
5933.41 95.61
5935.43 95.61
5937.45 95.61
5939.47 95.61
5941.5 95.61
5943.52 95.61
5945.53 95.61
5947.55 95.61
5949.57 95.61
5951.58 95.61
5953.6 95.61
5955.62 95.61
5957.64 95.61
5959.66 95.61
5961.67 95.61
5963.69 95.61
5965.7 95.61
5967.72 95.61
5969.75 95.61
5971.77 95.61
5973.77 95.61
5975.79 95.61
5977.82 95.61
5979.82 95.61
5981.84 95.61
5983.86 95.61
5985.87 95.61
5987.88 95.61
5989.89 95.61
5990.98 95.61
5993.92 95.61
5995.93 95.61
5997.94 95.61
5999.95 95.61
6000.96 95.61
6002.98 95.61
6004.98 95.61
6007.0 95.61
6009.02 95.61
6011.04 95.61
6013.07 95.61
6015.09 95.61
6017.1 95.61
6019.11 95.61
6021.13 95.61
6023.15 95.61
6025.16 95.61
6027.18 95.61
6029.19 95.61
6031.23 95.61
6033.23 95.61
6035.25 95.61
6037.26 95.61
6039.3 95.61
6041.29 95.61
6043.33 95.61
6045.35 95.61
6047.38 95.61
6049.38 95.61
6051.39 95.61
6053.42 95.61
6055.43 95.61
6057.45 95.61
6059.47 95.61
6061.48 95.61
6063.5 95.61
6065.51 95.61
6067.52 95.61
6069.54 95.61
6071.56 95.61
6073.58 95.61
6075.59 95.61
6077.63 95.61
6079.64 95.61
6081.65 95.61
6083.67 95.61
6085.69 95.61
6087.7 95.61
6089.71 95.61
6091.72 95.61
6093.74 95.61
6095.75 95.61
6097.76 95.61
6099.79 95.61
6101.81 95.61
6103.83 95.61
6105.85 95.61
6107.86 95.61
6109.88 95.61
6111.89 95.61
6113.9 95.61
6115.92 95.61
6117.95 7.44
6119.96 13.21
6121.97 15.26
6124.0 16.11
6125.1 17.71
6128.03 23.6
6130.04 26.61
6132.05 31.16
6134.06 30.11
6136.07 36.67
6138.08 35.79
6139.18 39.38
6141.12 39.26
6143.13 39.26
6145.14 39.26
6147.16 39.0
6149.17 38.7
6151.18 40.34
6153.19 40.34
6155.21 43.03
6157.22 26.42
6159.23 46.57
6161.25 48.26
6163.28 48.26
6165.3 49.98
6167.32 49.98
6169.33 48.68
6171.34 48.68
6173.36 46.83
6175.38 50.47
6177.38 49.71
6179.4 49.08
6181.41 49.08
6183.42 49.69
6185.44 50.03
6187.45 50.03
6189.46 54.62
6191.48 50.24
6193.49 50.24
6195.5 50.24
6197.51 50.24
6199.52 50.24
6201.54 50.24
6203.56 50.24
6205.58 49.8
6207.59 49.8
6209.62 49.8
6211.63 49.8
6213.64 49.8
6215.68 49.8
6217.69 50.8
6219.7 50.8
6221.72 50.8
6223.73 50.8
6225.74 50.8
6227.78 48.21
6229.79 53.14
6231.8 51.23
6233.82 51.23
6235.83 51.23
6237.84 52.68
6239.86 52.68
6241.86 52.68
6243.88 52.68
6245.89 52.68
6247.9 52.68
6249.93 52.68
6251.96 52.68
6253.98 51.43
6255.98 54.19
6258.0 55.27
6260.01 63.08
6262.03 64.33
6264.04 72.78
6266.05 63.25
6268.09 72.96
6270.07 66.39
6272.09 72.94
6274.1 82.82
6276.12 93.01
6278.14 91.68
6280.15 89.08
6282.16 102.34
6283.26 113.99
6286.19 99.48
6288.21 99.48
6290.23 7.67
6291.24 112.5
6293.25 114.02
6295.26 115.12
6297.28 115.12
6299.3 115.12
6301.31 115.12
6303.32 6.1
6305.35 56.38
6307.36 56.38
6309.39 58.12
6311.41 57.88
6313.42 56.0
6315.44 57.53
6317.45 57.53
6319.47 57.53
6321.49 57.53
6323.5 57.53
6325.51 57.53
6327.53 57.53
6329.55 57.53
6331.57 57.53
6333.58 57.53
6335.6 57.53
6337.61 57.53
6339.63 57.53
6341.64 57.53
6343.66 57.53
6345.68 57.53
6347.7 57.53
6349.73 57.53
6351.75 57.53
6353.76 57.53
6355.78 57.53
6357.8 57.53
6359.81 57.53
6361.83 57.53
6363.84 57.53
6365.86 59.55
6367.88 59.63
6369.89 59.27
6371.9 54.07
6373.93 71.73
6375.38 75.81
6377.47 77.83
6379.5 82.08
6381.51 80.99
6383.53 82.12
6385.55 82.74
6387.57 80.84
6389.58 85.91
6391.6 92.33
6393.61 92.33
6395.63 92.33
6397.65 92.33
6399.67 92.33
6401.68 92.33
6403.71 92.33
6405.73 92.33
6407.74 92.33
6409.76 92.33
6411.77 92.33
6413.79 92.33
6415.81 92.33
6417.83 92.33
6419.85 92.33
6421.86 92.33
6423.88 92.33
6425.89 92.33
6427.9 92.33
6429.92 92.33
6431.94 92.33
6433.95 92.33
6435.96 92.33
6437.97 92.33
6439.99 92.33
6442.03 92.33
6444.03 92.33
6446.05 92.33
6448.07 92.33
6450.08 92.33
6452.1 92.33
6454.11 92.33
6456.13 92.33
6458.14 92.33
6459.77 92.33
6462.32 92.33
6464.34 92.33
6465.65 92.33
6467.49 92.33
6470.38 92.33
6472.41 92.33
6473.42 92.33
6475.43 92.33
6477.43 92.33
6479.45 92.33
6481.47 92.33
6483.48 92.33
6485.5 92.33
6487.51 92.33
6489.53 92.33
6491.55 92.33
6493.57 92.33
6495.59 92.33
6497.61 92.33
6499.62 92.33
6501.63 92.33
6503.68 92.33
6505.66 92.33
6507.68 92.33
6509.7 92.33
6511.71 92.33
6513.73 92.33
6515.74 92.33
6517.76 92.33
6519.78 92.33
6521.8 92.33
6523.82 92.33
6525.84 92.33
6527.86 92.33
6529.87 92.33
6531.92 92.33
6533.94 92.33
6535.96 92.33
6537.98 92.33
6540.0 85.43
6542.03 85.43
6544.04 85.43
6546.06 85.43
6548.08 85.43
6550.09 85.43
6552.11 85.43
6554.13 85.43
6556.14 85.43
6558.16 85.43
6560.17 85.43
6562.19 85.43
6563.98 87.08
6565.54 87.08
6567.62 88.27
6570.12 88.27
6572.13 88.53
6574.15 88.61
6576.16 85.24
6578.18 85.24
6580.19 85.24
6582.21 85.24
6584.22 85.24
6586.25 85.24
6588.28 82.3
6590.31 83.12
6592.33 83.12
6594.33 83.12
6596.35 83.12
6598.37 83.12
6600.39 83.12
6602.41 83.12
6604.43 83.12
6606.44 83.12
6608.45 83.12
6610.47 83.12
6612.48 83.12
6614.49 83.12
6616.5 83.12
6618.52 83.12
6619.61 83.12
6622.56 83.12
6624.58 83.12
6626.59 83.12
6627.6 83.12
6629.63 83.12
6631.65 83.12
6633.67 83.12
6635.68 83.12
6637.7 83.12
6639.72 83.12
6641.73 83.12
6643.74 83.12
6645.76 83.12
6647.78 83.12
6649.8 83.12
6651.81 83.12
6653.82 83.12
6655.85 83.12
6657.86 83.12
6659.87 83.12
6661.89 83.12
6663.91 83.12
6665.93 83.12
6667.94 83.12
6669.96 68.81
6671.97 68.81
6673.99 68.81
6676.01 68.81
6678.03 68.81
6680.05 68.81
6682.06 68.81
6684.09 68.81
6686.11 68.81
6688.13 67.84
6690.14 67.84
6692.15 67.84
6694.17 67.84
6696.19 67.84
6698.2 67.84
6700.22 67.84
6702.22 67.84
6704.24 67.84
6706.26 67.84
6708.27 67.84
6710.29 67.84
6712.3 67.84
6714.32 67.84
6716.33 67.84
6718.34 69.06
6720.36 67.97
6722.38 6.95
6724.39 72.41
6726.4 72.24
6728.42 75.22
6730.43 50.85
6732.44 74.2
6734.46 76.44
6736.48 79.61
6738.49 80.7
6740.5 81.38
6742.52 84.96
6744.53 84.67
6746.55 7.79
6748.56 81.0
6750.57 84.02
6752.59 84.02
6754.6 84.02
6756.61 85.83
6758.63 85.83
6760.63 85.83
6762.64 75.77
6763.75 75.77
6766.67 75.77
6768.68 75.77
6770.69 75.77
6772.71 75.77
6773.71 75.77
6776.72 75.77
6777.82 75.77
6779.74 75.77
6781.75 75.77
6783.76 75.77
6785.79 89.19
6787.8 86.8
6789.81 90.96
6791.82 88.88
6793.83 88.34
6795.84 87.14
6797.86 87.14
6799.87 87.14
6801.88 87.14
6803.89 87.14
6805.9 90.33
6807.92 92.48
6809.93 93.22
6811.94 92.53
6813.95 108.29
6815.96 91.21
6817.98 106.83
6819.99 107.71
6822.0 107.71
6824.02 113.17
6826.03 115.24
6828.04 115.03
6830.05 115.37
6832.06 81.15
6834.07 114.87
6836.08 106.26
6838.1 113.55
6840.11 113.55
6842.12 113.55
6844.13 113.55
6846.14 5.87
6848.16 106.21
6850.17 59.36
6852.18 59.36
6854.19 59.36
6856.2 59.36
6858.23 59.36
6860.23 59.36
6862.24 59.36
6864.26 59.36
6866.26 59.36
6868.28 59.36
6870.29 59.36
6872.3 59.36
6874.31 59.36
6876.32 59.36
6878.34 59.36
6880.35 59.36
6882.36 59.36
6884.37 59.36
6886.38 105.82
6888.41 105.82
6890.42 105.82
6892.43 101.19
6894.44 103.26
6896.47 107.14
6898.48 110.2
6900.49 105.72
6902.51 101.46
6904.52 101.46
6906.53 101.46
6908.55 101.46
6910.56 101.46
6912.58 101.46
6914.6 101.46
6916.62 101.46
6918.63 101.46
6920.66 101.46
6922.68 101.46
6924.69 101.46
6926.71 101.46
6928.73 101.46
6930.74 101.46
6932.75 101.46
6934.77 101.46
6936.78 101.46
6938.79 101.46
6940.82 101.46
6942.83 101.46
6944.84 101.46
6945.94 101.46
6948.88 101.46
6950.9 101.46
6951.9 101.46
6954.92 101.46
6955.92 101.46
6957.94 101.46
6959.95 101.46
6961.96 101.46
6963.97 101.46
6965.99 101.46
6968.01 101.46
6970.03 101.46
6972.04 101.46
6974.05 101.46
6976.06 101.46
6978.07 101.46
6980.08 101.46
6982.1 101.46
6984.11 101.46
6986.12 101.46
6988.14 101.46
6990.15 101.46
6992.17 101.46
6994.19 101.46
6996.21 101.46
6998.23 101.46
7000.24 101.46
7002.27 101.46
7004.29 101.46
7006.31 101.46
7008.32 101.46
7010.34 101.46
7012.35 101.46
7014.37 101.46
7016.39 101.46
7018.4 101.46
7020.42 101.46
7022.44 101.46
7024.46 101.46
7026.48 101.46
7028.49 101.46
7030.5 101.46
7032.51 101.46
7034.53 101.46
7036.54 101.46
7038.55 101.46
7040.56 101.46
7042.58 101.46
7044.59 101.46
7046.61 101.46
7048.62 101.46
7050.64 101.46
7052.66 101.46
7054.68 101.46
7056.69 101.46
7058.71 101.46
7060.74 101.46
7062.76 101.46
7064.77 101.46
7066.79 101.46
7068.81 101.46
7070.84 101.46
7072.85 101.46
7074.87 101.46
7076.89 101.46
7078.9 101.46
7080.91 79.28
7082.92 82.72
7084.93 82.72
7086.94 82.72
7088.95 82.72
7090.05 80.12
7092.98 84.3
7094.99 84.3
7097.0 84.3
7099.02 84.3
7101.03 84.3
7103.05 84.3
7104.05 84.3
7107.09 84.3
7108.09 84.3
7110.12 84.3
7112.14 84.3
7114.15 84.3
7116.17 84.3
7118.17 84.3
7120.2 84.3
7122.21 84.3
7124.22 84.3
7126.25 84.3
7128.25 84.3
7130.26 84.3
7132.27 84.3
7134.27 84.3
7136.29 84.3
7138.29 84.3
7140.31 84.3
7142.33 84.3
7144.34 84.3
7146.35 84.3
7148.36 84.3
7150.37 84.3
7152.38 84.3
7154.39 84.3
7156.4 84.3
7158.41 84.3
7160.42 84.3
7162.43 84.3
7164.48 84.3
7166.47 84.3
7168.48 84.3
7170.49 84.3
7172.5 84.3
7174.51 84.3
7176.52 79.0
7178.53 83.64
7180.54 83.64
7182.57 83.64
7184.56 83.64
7186.57 83.64
7188.58 83.64
7190.59 83.64
7192.6 83.64
7194.61 83.64
7196.62 83.64
7198.63 83.64
7200.64 83.64
7202.65 83.64
7204.66 83.64
7206.67 83.64
7208.68 83.64
7210.7 83.64
7212.7 83.64
7214.72 83.64
7216.73 83.64
7218.74 83.64
7220.77 83.64
7222.77 83.64
7224.78 83.64
7226.8 83.64
7228.81 83.64
7230.82 83.64
7232.83 83.64
7234.84 83.64
7236.85 83.64
7238.86 83.64
7240.87 83.64
7242.88 83.64
7244.89 83.64
7246.9 83.64
7248.91 83.64
7250.92 83.64
7252.93 83.64
7254.96 83.64
7256.97 83.64
7258.98 83.64
7260.99 83.64
7263.0 83.64
7265.01 83.64
7267.03 83.64
7269.04 83.64
7271.05 83.64
7273.06 83.64
7275.06 83.64
7277.08 83.64
7279.09 83.64
7281.1 83.64
7283.11 83.64
7285.12 83.64
7287.13 83.64
7289.15 83.64
7291.16 83.64
7293.18 83.64
7295.2 83.64
7296.3 83.64
7299.22 83.64
7301.23 83.64
7303.24 83.64
7305.25 83.64
7306.35 83.64
7309.26 83.64
7310.27 83.64
7313.29 83.64
7314.29 83.64
7316.3 83.64
7318.31 83.64
7320.32 83.64
7322.33 79.3
7324.34 75.74
7326.35 80.96
7328.36 80.96
7330.37 80.96
7332.38 80.96
7334.39 80.96
7336.4 80.96
7338.41 80.96
7340.42 80.96
7342.43 80.96
7344.44 80.96
7346.45 80.96
7348.46 80.96
7350.47 80.96
7352.48 81.56
7354.5 76.2
7356.51 81.06
7358.51 86.58
7360.52 85.59
7362.54 85.59
7364.55 85.59
7366.56 85.59
7368.57 73.35
7370.58 71.39
7372.59 71.39
7374.6 85.47
7376.61 67.11
7378.62 68.5
7380.64 63.84
7383.67 85.33
7384.67 79.34
7386.68 79.36
7388.69 79.36
7390.7 79.36
7392.71 0.59
7394.72 45.17
7396.73 74.74
7398.74 82.87
7400.75 82.81
7402.76 82.7
7404.77 82.7
7406.79 82.7
7408.8 87.96
7410.81 92.54
7412.82 92.54
7414.83 92.54
7416.84 92.54
7418.85 92.54
7420.86 92.54
7422.87 92.54
7424.88 85.55
7426.89 79.66
7428.9 95.18
7430.91 101.74
7432.92 95.13
7434.93 95.13
7436.94 95.13
7438.95 95.13
7440.97 95.13
7442.98 95.13
7444.99 95.13
7447.0 95.13
7449.01 95.13
7451.02 95.13
7453.03 95.13
7455.06 95.13
7457.08 95.13
7459.1 95.13
7461.11 95.13
7463.14 95.13
7465.15 95.13
7467.15 95.13
7469.16 95.13
7471.19 95.13
7473.21 95.13
7475.22 95.13
7477.23 95.13
7479.23 95.13
7481.24 108.39
7483.26 104.26
7485.28 109.2
7487.31 115.34
7488.47 4.7
7491.32 108.59
7493.34 108.92
7495.35 107.4
7497.36 113.55
7499.37 113.55
7501.38 113.55
7502.48 104.76
7505.41 120.79
7507.42 120.0
7509.43 120.0
7511.45 120.0
7512.62 4.75
7514.46 55.52
7517.48 56.11
7518.48 59.34
7520.49 59.34
7522.5 57.64
7524.52 69.6
7526.53 71.62
7528.53 85.11
7530.55 82.13
7532.56 82.13
7534.57 82.13
7536.59 82.13
7538.59 82.13
7540.61 82.13
7542.62 82.13
7544.63 82.13
7546.65 82.13
7548.67 82.13
7550.69 82.13
7552.71 82.13
7554.72 82.13
7556.74 82.13
7558.75 82.13
7560.77 82.13
7562.79 85.42
7564.79 76.44
7566.79 76.44
7568.81 76.44
7570.82 76.44
7572.84 76.44
7574.88 76.44
7576.88 76.44
7578.89 76.44
7580.89 76.44
7582.92 76.44
7584.94 76.44
7586.96 76.44
7588.98 76.44
7590.97 76.44
7593.01 76.44
7595.02 76.44
7597.06 76.44
7599.09 76.44
7601.1 76.44
7603.13 76.44
7605.14 76.44
7607.16 83.24
7609.17 83.24
7611.18 82.35
7613.2 88.34
7615.21 87.45
7617.23 84.16
7619.26 84.16
7621.26 84.16
7623.26 86.2
7625.27 87.42
7627.28 87.42
7629.29 87.42
7631.32 89.25
7633.32 83.06
7635.35 83.06
7637.38 83.06
7639.39 83.06
7641.4 83.06
7643.41 83.06
7645.43 83.06
7647.46 88.82
7649.46 89.82
7651.48 89.82
7653.49 89.82
7655.49 89.82
7657.51 89.82
7659.54 89.82
7661.57 89.82
7663.58 89.82
7665.61 89.82
7666.62 89.82
7668.63 89.82
7670.67 89.82
7672.69 89.82
7674.72 89.82
7676.73 89.82
7678.76 89.82
7680.78 89.82
7682.81 89.82
7684.82 89.82
7686.83 89.82
7688.86 89.82
7690.86 89.82
7692.87 89.82
7694.87 89.82
7696.9 89.82
7698.91 89.82
7700.94 89.82
7702.94 89.82
7704.96 89.82
7706.97 89.82
7708.99 89.82
7710.99 89.82
7713.0 89.82
7715.0 89.82
7717.03 89.82
7719.06 89.82
7721.07 89.82
7724.12 89.82
7725.13 89.82
7727.13 89.82
7729.15 89.82
7731.15 87.11
7733.17 87.11
7735.17 87.11
7737.2 87.11
7739.2 87.11
7741.22 87.11
7743.23 87.11
7745.24 86.97
7747.24 86.97
7749.24 86.97
7751.25 86.97
7753.27 86.97
7755.3 86.97
7757.31 86.97
7759.31 96.0
7761.33 96.0
7763.35 96.0
7765.37 92.72
7767.38 92.72
7769.4 92.72
7771.42 92.72
7773.43 92.72
7775.45 92.72
7777.46 92.72
7779.47 92.72
7781.49 92.72
7783.5 92.72
7785.51 92.72
7787.53 92.72
7789.54 92.72
7791.56 92.72
7793.57 92.72
7795.58 92.72
7797.6 92.72
7799.61 92.72
7801.64 92.72
7803.64 92.72
7805.65 92.72
7807.65 92.72
7809.67 92.72
7811.68 92.72
7813.68 92.72
7814.77 92.72
7817.69 92.72
7819.7 92.72
7821.72 92.72
7823.72 92.72
7824.82 92.72
7827.74 92.72
7828.85 92.72
7830.79 92.72
7832.8 92.72
7834.82 92.72
7836.85 92.72
7838.87 92.72
7840.88 92.72
7842.88 92.72
7844.91 92.72
7846.94 92.72
7848.96 92.72
7850.97 92.72
7852.99 92.72
7855.0 92.72
7857.0 92.72
7859.03 92.72
7861.04 92.72
7863.06 92.72
7865.07 92.72
7867.09 92.72
7869.12 92.72
7871.13 95.61
7873.16 95.61
7875.18 95.61
7877.3 95.61
7879.22 95.61
7881.22 95.61
7883.22 95.61
7885.24 95.61
7887.24 95.61
7889.24 95.61
7891.28 95.61
7893.3 95.61
7895.3 95.61
7897.3 95.61
7899.32 95.61
7901.33 95.61
7903.35 95.61
7905.37 95.61
7907.38 95.61
7909.41 95.61
7911.42 95.61
7913.44 95.61
7915.45 95.61
7917.47 95.61
7919.47 95.61
7921.49 95.61
7923.51 95.61
7925.53 95.61
7927.53 95.61
7929.54 95.61
7931.56 95.61
7933.57 95.61
7935.58 95.61
7937.59 95.61
7939.6 95.61
7941.61 95.61
7943.61 95.61
7945.63 95.61
7947.63 95.61
7949.64 95.61
7951.65 95.61
7953.66 95.61
7955.68 95.54
7957.7 95.86
7959.72 101.41
7961.75 101.41
7963.76 101.41
7965.77 101.41
7967.8 101.41
7969.81 101.41
7971.81 101.41
7972.95 101.41
7975.85 101.41
7977.85 101.41
7979.87 101.41
7981.89 101.41
7982.99 101.41
7985.91 101.41
7987.91 101.41
7989.97 101.41
7991.95 101.41
7992.95 101.41
7994.95 101.41
7996.98 101.41
7999.0 101.41
8001.0 101.41
8003.03 101.41
8005.06 101.41
8007.09 101.41
8009.1 101.41
8011.11 101.41
8013.12 101.41
8015.15 101.41
8017.15 101.41
8019.17 101.41
8021.2 101.41
8023.23 101.41
8025.23 101.41
8027.25 101.41
8029.26 101.41
8031.27 101.41
8033.28 101.41
8035.29 96.51
8037.31 96.51
8039.32 96.51
8041.35 94.79
8043.35 96.74
8045.35 96.72
8047.37 96.72
8049.39 96.72
8051.39 96.72
8053.41 96.72
8055.43 96.72
8057.46 96.72
8059.47 96.72
8061.49 47.64
8063.51 46.87
8065.53 48.92
8067.56 50.89
8069.59 57.51
8071.6 67.53
8073.6 63.46
8075.6 75.38
8077.62 78.41
8079.65 81.94
8081.67 81.94
8083.69 81.94
8085.7 81.94
8087.72 81.94
8089.73 81.94
8091.74 81.94
8093.74 81.94
8095.77 81.94
8097.78 81.94
8099.79 81.94
8101.79 81.94
8103.79 81.94
8105.81 81.94
8107.83 81.94
8109.84 81.94
8111.88 81.94
8113.89 81.94
8115.92 81.94
8117.94 81.94
8119.94 81.94
8121.94 81.94
8123.97 81.94
8126.02 81.94
8127.1 81.94
8130.01 81.94
8132.02 81.94
8134.03 81.94
8136.05 81.94
8138.07 81.94
8139.09 81.94
8141.1 81.94
8143.12 81.94
8145.13 81.94
8147.14 81.94
8149.16 81.94
8151.16 81.94
8153.17 81.94
8155.18 81.94
8157.21 81.94
8159.23 81.94
8161.24 81.94
8163.26 81.94
8165.26 81.94
8167.27 81.94
8169.28 81.94
8171.29 81.94
8173.31 81.94
8175.31 81.94
8177.33 81.94
8179.35 81.94
8181.35 81.94
8183.36 81.94
8185.37 81.94
8187.37 81.94
8189.39 81.94
8191.4 81.94
8193.42 81.94
8195.42 7.0
8197.44 77.56
8199.44 77.56
8201.46 77.56
8203.5 77.56
8205.5 77.56
8207.51 77.56
8209.53 77.56
8211.55 77.56
8213.56 77.56
8215.58 77.56
8217.58 77.56
8219.6 77.56
8221.62 77.56
8223.64 77.56
8225.67 77.56
8227.7 77.56
8229.71 77.56
8231.72 77.56
8233.75 77.56
8235.76 77.56
8237.78 77.56
8239.78 77.56
8241.8 77.56
8243.81 77.56
8245.82 77.56
8247.84 77.56
8249.84 77.56
8251.85 77.56
8253.88 77.56
8255.89 77.56
8257.89 77.56
8259.91 77.56
8261.91 77.56
8264.95 77.56
8265.95 77.56
8267.96 77.56
8269.97 81.96
8271.98 81.08
8273.99 89.0
8276.0 85.27
8278.0 92.05
8280.01 90.88
8282.01 91.25
8284.04 93.04
8286.06 90.97
8288.07 90.59
8290.11 92.29
8292.11 92.29
8294.14 89.03
8296.15 93.86
8298.17 89.19
8299.27 90.09
8302.21 92.19
8304.24 94.9
8305.25 94.9
8308.27 95.14
8309.27 93.96
8311.29 95.59
8313.3 90.29
8315.31 90.29
8317.34 93.26
8319.36 93.26
8321.37 95.22
8323.39 95.22
8325.41 95.22
8327.42 95.22
8329.43 95.22
8331.46 95.22
8333.48 95.22
8335.5 95.22
8337.52 95.22
8339.52 95.22
8341.54 95.22
8343.55 95.22
8345.57 95.22
8347.6 95.22
8349.61 95.22
8351.63 95.22
8353.64 95.22
8355.66 95.22
8357.68 95.22
8359.7 95.22
8361.72 95.22
8363.76 95.22
8365.77 95.22
8367.78 95.22
8369.8 95.22
8371.81 95.22
8373.82 95.22
8375.83 95.22
8377.85 95.22
8379.88 95.22
8381.89 95.22
8383.9 95.22
8385.92 95.22
8387.93 95.22
8389.96 95.22
8391.98 95.22
8393.99 95.22
8396.01 95.22
8398.03 95.22
8400.04 95.22
8402.06 95.22
8404.08 95.22
8406.11 95.22
8408.13 95.22
8410.14 95.22
8412.17 95.22
8414.18 95.22
8416.2 95.22
8418.23 95.22
8420.24 95.22
8422.26 95.22
8424.27 95.22
8426.29 95.22
8428.3 95.22
8429.39 95.22
8432.31 95.22
8434.33 95.22
8436.34 95.22
8438.36 95.22
8440.37 95.22
8442.38 95.22
8443.47 95.22
8445.4 95.22
8447.43 95.22
8449.43 95.22
8451.45 95.22
8453.45 95.22
8455.47 95.22
8457.49 95.22
8459.49 95.22
8461.51 95.22
8463.52 95.22
8465.54 95.22
8467.55 95.22
8469.57 93.84
8471.58 93.84
8473.6 93.84
8475.63 93.84
8477.66 93.84
8479.68 93.84
8481.7 93.84
8483.7 93.84
8485.7 93.84
8487.7 93.84
8489.71 93.84
8491.72 93.84
8493.75 93.84
8495.77 93.84
8497.78 93.84
8499.79 93.84
8501.82 93.84
8503.85 93.84
8505.85 93.84
8507.87 93.84
8509.89 93.84
8511.9 93.84
8513.93 93.84
8515.93 93.84
8517.94 93.84
8519.96 93.84
8521.96 93.84
8523.98 93.84
8525.98 93.84
8527.99 93.84
8530.01 93.84
8532.03 93.84
8534.03 93.84
8536.05 93.84
8538.13 93.84
8539.77 93.84
8541.77 93.84
8543.79 93.84
8545.81 93.84
8547.83 93.84
8549.85 93.84
8551.87 93.84
8553.88 93.84
8555.9 93.84
8557.91 93.84
8559.91 93.84
8561.93 93.84
8563.95 93.84
8565.97 93.84
8568.0 93.84
8570.01 6.92
8572.01 9.14
8574.03 10.66
8576.04 13.14
8578.06 15.89
8580.06 15.65
8582.07 18.97
8584.09 20.64
8586.1 21.95
8588.1 24.26
8590.12 27.86
8592.14 27.47
8594.15 33.75
8596.16 37.45
8598.18 48.1
8600.18 49.93
8602.18 46.21
8604.19 53.72
8606.19 54.21
8608.2 53.72
8610.22 61.29
8612.24 61.29
8614.24 58.44
8616.24 72.42
8618.31 73.81
8620.26 79.28
8622.28 79.28
8624.3 80.09
8626.31 74.53
8628.32 79.8
8630.34 87.38
8632.35 96.65
8634.37 96.65
8636.38 96.22
8638.4 90.26
8640.41 96.1
8642.42 5.92
8644.42 43.6
8646.42 48.48
8648.43 90.91
8650.44 90.91
8652.47 96.31
8654.48 89.49
8656.5 89.49
8658.52 89.49
8660.53 89.49
8662.53 89.49
8664.56 96.72
8666.58 96.72
8668.59 97.13
8670.61 97.13
8672.62 99.36
8673.7 90.07
8676.63 90.07
8677.63 92.19
8679.65 92.19
8681.67 92.19
8683.68 92.19
8685.7 92.19
8687.71 92.19
8689.74 92.19
8691.75 92.19
8693.77 92.19
8695.77 84.6
8697.8 84.6
8699.79 84.6
8701.8 84.6
8703.82 75.98
8705.83 75.98
8707.85 84.83
8709.87 92.18
8711.91 92.07
8713.91 92.19
8715.94 100.22
8717.94 102.1
8719.95 97.26
8721.98 97.78
8723.99 97.78
8726.0 97.78
8728.02 96.5
8730.03 90.39
8732.05 102.35
8734.06 105.06
8736.07 101.11
8738.1 101.11
8740.12 105.85
8742.16 105.85
8744.18 91.71
8746.21 105.28
8748.22 102.52
8750.22 102.52
8752.24 100.58
8754.27 100.58
8756.27 100.58
8758.29 100.58
8760.32 100.58
8762.32 100.58
8764.33 100.58
8766.35 100.58
8768.37 100.58
8770.39 100.58
8772.38 100.58
8774.4 100.58
8776.4 100.58
8778.42 100.58
8780.42 100.58
8782.42 94.1
8784.43 94.1
8786.45 94.1
8788.45 94.1
8790.47 94.1
8792.47 94.1
8794.47 94.1
8796.49 94.1
8798.49 94.1
8800.51 94.1
8802.53 94.1
8804.55 94.1
8806.55 94.1
8808.56 94.1
8810.57 94.1
8812.57 94.1
8814.59 94.1
8816.61 94.1
8818.63 94.1
8820.64 94.1
8822.66 94.1
8824.67 94.1
8826.71 94.1
8827.81 94.1
8830.74 94.1
8832.76 94.1
8834.77 94.1
8835.88 94.1
8838.82 94.1
8839.82 94.1
8841.84 94.1
8843.85 94.1
8845.87 94.1
8847.9 94.1
8849.91 94.1
8851.93 94.1
8853.95 94.1
8855.97 94.1
8857.97 94.1
8859.97 94.1
8861.98 94.1
8864.01 94.1
8866.01 94.1
8868.19 94.1
8870.05 94.1
8872.07 94.1
8874.07 94.1
8876.1 94.1
8878.12 94.1
8880.14 94.1
8882.16 94.1
8884.19 94.1
8886.21 94.1
8888.21 94.1
8890.22 94.1
8892.23 94.1
8894.25 94.1
8896.25 94.1
8898.27 94.1
8900.27 94.1
8902.27 94.1
8904.29 94.1
8906.31 94.1
8908.33 94.1
8910.34 94.1
8912.35 94.1
8914.37 94.1
8916.38 94.1
8918.4 94.1
8920.41 94.1
8922.42 94.1
8924.45 94.1
8926.46 94.1
8928.48 94.1
8930.49 94.1
8932.5 94.1
8934.52 94.1
8936.53 94.1
8938.54 94.1
8940.54 94.1
8942.55 94.1
8944.56 94.1
8946.57 94.1
8948.59 94.1
8950.61 94.1
8952.64 94.1
8955.68 94.1
8956.69 94.1
8958.7 94.1
8960.72 94.1
8962.72 94.1
8964.74 94.1
8966.75 94.1
8968.77 94.1
8970.77 94.1
8972.78 94.1
8974.79 94.1
8976.86 94.1
8978.83 94.1
8980.85 94.1
8982.86 94.1
8984.88 94.1
8985.98 94.1
8988.9 94.1
8990.91 94.1
8992.93 94.1
8994.94 94.1
8996.95 94.1
8998.97 94.1
8999.98 94.1
9002.0 94.1
9004.0 94.1
9006.02 94.1
9008.04 94.1
9010.05 94.1
9012.07 94.1
9014.07 94.1
9016.09 94.1
9018.12 94.1
9020.13 94.1
9022.14 94.1
9024.14 94.1
9026.16 94.1
9028.21 94.1
9030.18 94.1
9032.18 94.1
9034.21 94.1
9036.22 94.1
9038.22 94.1
9040.24 94.1
9042.25 94.1
9044.26 94.1
9046.29 94.1
9048.31 94.1
9050.33 94.1
9052.36 94.1
9054.36 94.1
9056.38 94.1
9058.39 94.1
9060.39 94.1
9062.39 94.1
9064.4 94.1
9066.41 94.1
9068.42 94.1
9070.44 94.1
9072.45 94.1
9074.48 94.1
9076.48 94.1
9078.49 94.1
9080.51 94.1
9082.52 94.1
9084.53 94.1
9086.55 94.1
9088.56 94.1
9090.08 94.1
