0.0 277.73
0.91 293.07
2.9 17.71
4.92 196.76
6.91 237.84
8.91 13.49
10.91 231.22
12.9 0.56
14.9 253.27
16.91 238.44
18.91 193.19
20.92 226.19
22.91 221.39
24.92 268.58
26.92 29.18
28.91 255.5
30.91 238.44
32.91 0.69
34.92 301.47
36.9 20.92
38.92 303.14
40.91 278.61
42.91 301.53
44.9 251.61
46.92 1.01
48.91 256.09
50.91 23.06
52.9 188.6
54.91 176.79
56.91 196.12
58.92 239.43
60.91 32.67
62.91 277.4
64.91 253.56
66.92 326.89
68.91 217.9
70.92 0.91
72.91 315.78
74.92 25.75
76.91 253.6
78.9 239.72
80.9 0.91
82.91 298.33
84.92 22.88
86.91 238.51
88.91 285.82
90.91 197.48
92.91 154.71
94.9 21.26
96.92 264.42
98.91 259.5
100.91 175.83
102.91 193.2
104.91 0.97
106.91 239.09
108.91 21.36
110.91 191.4
112.91 282.1
114.91 157.07
116.91 209.18
118.91 1.03
120.91 259.57
122.9 16.26
124.91 262.34
127.15 273.51
128.91 319.65
131.16 226.8
132.92 18.66
135.15 316.12
136.94 17.94
139.17 322.91
141.16 245.6
143.16 17.73
145.16 224.93
147.16 4.61
149.16 299.93
151.16 257.71
153.16 276.05
155.16 216.58
157.16 0.9
159.16 290.17
160.94 27.25
163.17 348.07
165.16 311.83
167.16 0.89
169.16 294.18
171.16 0.89
173.16 276.13
175.16 243.56
177.16 326.14
179.16 265.15
181.16 0.84
183.17 204.53
185.16 23.24
187.16 223.55
189.16 273.17
191.16 31.58
193.16 240.19
195.16 173.33
197.16 260.25
199.16 278.19
201.16 7.28
203.16 287.47
205.16 0.96
207.15 172.19
209.16 28.91
211.16 127.72
213.16 212.74
215.16 1.04
217.15 281.14
219.17 24.21
221.16 206.45
223.16 315.34
225.16 189.08
227.16 242.29
229.16 12.54
231.15 233.04
233.16 24.41
235.16 323.31
237.16 298.45
239.16 0.98
241.16 267.11
243.16 29.7
245.17 315.68
247.16 331.9
249.16 236.58
251.16 162.2
253.16 15.15
255.16 249.57
257.16 0.72
259.15 326.06
261.16 349.6
263.16 0.69
265.15 24.61
267.16 40.49
269.16 38.39
271.16 81.2
273.15 115.45
275.15 69.98
277.16 21.58
279.16 100.67
281.17 32.63
283.16 136.97
285.16 131.38
287.16 74.27
289.15 72.37
291.16 52.31
293.15 62.04
295.16 73.42
297.16 63.41
299.15 93.15
301.16 8.29
303.16 92.37
305.16 25.76
307.16 107.83
309.15 177.64
311.16 14.57
313.16 219.22
315.16 31.28
317.16 151.42
319.16 236.91
321.16 210.26
323.52 131.52
325.16 20.44
327.15 200.82
329.16 0.98
331.16 167.46
333.16 251.8
335.17 0.68
337.16 221.67
339.17 220.81
341.16 256.93
343.16 195.23
345.17 284.78
347.16 274.09
349.16 22.83
351.16 247.52
353.15 26.07
355.16 253.71
357.16 278.41
359.15 0.97
361.16 241.76
363.16 0.97
365.15 269.83
367.16 261.35
369.18 231.19
371.17 271.49
373.16 1.04
375.16 187.72
377.42 17.69
379.4 100.22
381.16 256.81
383.41 1.04
385.42 288.66
387.41 28.6
389.41 272.57
391.19 9.54
393.4 324.29
395.41 275.43
397.42 15.49
399.41 275.44
401.41 23.07
403.41 33.56
405.41 35.39
407.4 57.85
409.41 47.65
411.41 67.6
413.42 98.0
415.4 22.32
417.41 90.87
419.41 185.42
421.41 0.96
423.41 138.21
425.41 30.49
427.41 189.82
429.41 216.0
431.42 286.67
433.42 130.84
435.41 22.23
437.41 115.82
439.41 26.24
441.41 298.69
443.41 310.1
445.41 1.03
447.4 245.19
449.42 33.52
451.42 287.54
453.4 274.94
455.42 0.92
457.41 215.01
459.41 0.91
461.4 214.33
463.42 1.03
465.42 232.26
467.41 225.18
469.41 0.79
471.41 212.84
473.4 32.28
475.42 230.79
477.41 179.46
479.41 215.01
481.4 149.2
483.41 0.93
485.41 179.49
487.42 0.93
489.41 220.02
491.41 220.88
493.41 0.97
495.41 226.78
497.41 0.92
499.41 268.0
501.41 251.28
503.41 1.01
505.4 255.74
507.41 20.65
509.41 277.67
511.42 32.67
513.4 212.94
515.42 195.56
517.41 0.74
519.41 288.67
521.4 1.0
523.41 246.46
525.41 257.64
527.41 19.45
529.41 288.27
531.42 19.53
533.41 277.88
535.41 13.76
537.41 294.24
539.41 230.94
541.42 19.8
543.41 236.98
545.4 27.54
547.41 260.06
549.4 307.54
551.41 0.93
553.41 278.76
555.41 32.55
557.41 282.04
559.42 27.71
561.41 86.89
563.42 137.05
565.41 0.88
567.41 186.27
569.41 15.14
571.41 187.41
573.41 181.65
575.4 270.51
577.41 249.92
579.41 19.17
581.4 221.94
583.41 33.85
585.4 271.48
587.41 176.53
589.41 0.95
591.41 284.93
593.41 0.92
595.41 246.73
597.41 282.08
599.41 0.8
601.4 283.54
603.41 22.2
605.41 278.16
607.41 30.84
609.4 158.99
611.4 195.99
613.42 0.98
615.41 183.82
617.41 18.71
619.41 270.11
621.41 239.76
623.65 1.04
625.42 224.11
627.41 19.13
629.66 281.22
631.42 21.34
633.65 316.1
635.42 283.46
637.65 16.65
639.67 268.55
641.65 0.92
643.66 277.66
645.65 396.09
647.66 278.84
649.66 283.53
651.66 28.3
653.66 369.89
655.65 28.06
657.66 342.74
659.66 309.91
661.65 0.92
663.65 221.58
665.66 20.66
667.66 207.28
669.66 205.64
671.66 238.19
673.66 254.4
675.65 13.8
677.66 255.01
679.66 22.75
681.66 228.29
683.65 247.43
685.65 1.04
687.66 267.66
689.66 0.9
691.66 195.02
693.66 290.97
695.66 285.73
697.65 255.27
699.65 0.77
701.66 81.48
703.67 0.8
705.66 246.62
707.67 241.46
709.66 1.01
711.67 290.22
713.65 22.02
715.66 309.36
717.65 185.62
719.66 300.32
721.66 293.76
723.66 0.94
725.65 83.51
727.66 1.04
729.65 272.42
731.65 301.65
733.67 13.79
735.66 239.55
737.66 27.71
739.66 214.5
741.66 249.99
743.66 249.64
745.66 211.43
747.66 222.11
749.66 266.68
751.67 25.11
753.66 236.2
755.66 218.01
757.66 1.01
759.66 217.86
761.65 30.35
763.67 206.7
765.66 282.39
767.66 278.27
769.66 187.08
771.66 0.92
773.66 269.53
775.65 21.89
777.66 299.16
779.65 274.8
781.66 0.96
783.65 272.9
785.66 29.62
787.66 309.42
789.66 316.22
791.66 256.98
793.66 215.37
795.65 22.24
797.66 280.46
799.66 31.73
801.66 269.19
803.65 287.63
805.66 0.81
807.65 185.63
809.66 0.91
811.67 217.86
813.66 233.22
815.66 275.47
817.66 234.33
819.65 0.93
821.66 272.18
823.66 1.03
825.66 216.39
827.65 255.11
829.66 0.95
831.66 312.22
833.66 28.29
835.65 164.83
837.66 130.77
839.66 137.65
841.65 133.13
843.66 0.93
845.65 141.78
847.65 15.53
849.66 137.87
851.66 172.38
853.66 0.63
855.65 203.59
857.65 29.02
859.65 171.17
861.66 140.72
863.66 269.96
865.66 228.41
867.65 161.26
869.66 272.79
871.67 22.58
873.66 241.76
875.9 255.51
877.66 253.33
879.66 178.55
881.66 1.03
883.9 299.77
885.68 35.22
887.9 257.2
889.9 250.3
891.92 0.95
893.91 212.83
895.9 32.33
897.9 23.88
899.91 28.76
901.91 41.07
903.9 50.72
905.91 55.36
907.91 62.35
909.91 47.07
911.91 48.9
913.91 78.09
915.91 102.51
917.9 107.63
919.91 88.81
921.9 68.02
923.91 116.24
925.91 75.29
927.9 63.58
929.9 71.48
931.91 91.92
933.91 17.16
935.91 131.84
937.91 93.32
939.9 93.02
941.9 117.72
943.91 139.07
945.92 92.31
947.91 224.28
949.9 151.87
951.9 166.79
953.91 29.3
955.91 151.22
957.9 31.1
959.91 138.04
961.91 126.91
963.91 0.84
965.9 155.85
967.91 0.91
969.9 191.08
971.9 163.93
973.9 167.92
975.9 286.06
977.91 22.37
979.91 154.48
981.92 0.64
983.9 274.49
985.91 243.06
987.9 0.85
989.91 222.49
991.9 0.88
993.9 239.8
995.9 263.52
997.9 309.48
999.91 283.28
1001.91 12.82
1003.91 228.61
1005.9 23.7
1007.91 254.97
1009.91 237.18
1011.91 0.9
1013.91 293.21
1015.91 34.64
1017.91 298.98
1019.9 239.77
1021.9 267.63
1023.9 190.39
1025.91 15.29
1027.91 273.78
1029.9 297.06
1031.9 259.05
1033.91 283.23
1035.91 1.03
1037.9 188.01
1039.91 22.83
1041.91 168.4
1043.91 132.44
1045.9 39.86
1047.91 129.08
1049.91 38.07
1051.91 153.08
1053.9 31.37
1055.91 135.73
1057.91 168.05
1059.91 21.59
1061.9 22.58
1063.91 27.11
1065.91 65.7
1067.91 48.73
1069.91 84.75
1071.9 73.96
1073.9 106.75
1075.91 93.12
1077.9 118.29
1079.9 161.81
1081.91 185.53
1083.91 25.99
1085.9 187.14
1087.91 20.83
1089.91 227.56
1091.9 208.2
1093.92 273.97
1095.92 209.72
1097.91 29.09
1099.91 170.63
1101.92 0.91
1103.91 291.35
1105.92 280.39
1107.91 19.25
1109.9 169.05
1111.91 0.92
1113.91 167.0
1115.91 277.51
1117.91 261.68
1119.91 264.04
1121.9 1.04
1123.91 225.52
1125.91 27.45
1128.15 310.65
1129.91 231.85
1132.15 0.97
1133.91 215.65
1136.16 29.34
1138.16 271.69
1139.93 31.27
1142.16 257.03
1144.15 264.54
1146.16 1.03
1148.15 286.83
1150.16 26.74
1152.15 281.71
1154.15 258.71
1156.16 1.02
1158.16 253.56
1160.16 28.27
1162.15 256.68
1163.94 30.71
1166.16 133.46
1168.16 221.0
1170.15 0.9
1172.15 182.71
1174.16 0.59
1176.15 201.04
1178.15 260.17
1180.16 0.91
1182.16 195.07
1184.16 0.86
1186.16 276.64
1188.16 19.17
1190.16 128.57
1192.15 242.09
1194.16 0.97
1196.15 330.03
1198.16 31.75
1200.16 207.76
1202.17 132.06
1204.16 0.91
1206.15 265.35
1208.15 27.16
1210.16 263.39
1212.16 1.03
1214.16 193.34
1216.16 177.47
1218.16 16.31
1220.15 160.86
1222.15 0.68
1224.15 141.38
1226.16 188.44
1228.15 0.89
1230.16 167.79
1232.15 15.74
1234.16 128.24
1236.15 23.98
1238.17 16.32
1240.16 23.44
1242.16 21.82
1244.15 41.44
1246.15 39.42
1248.15 28.49
1250.16 57.07
1252.15 60.15
1254.16 40.17
1256.15 82.35
1258.16 70.06
1260.16 108.9
1262.15 85.47
1264.16 121.32
1266.15 112.1
1268.16 107.99
1270.16 89.9
1272.16 137.04
1274.16 95.75
1276.15 0.66
1278.16 102.19
1280.16 23.24
1282.15 155.93
1284.16 22.8
1286.15 155.54
1288.16 132.88
1290.15 34.77
1292.16 109.59
1294.15 19.71
1296.16 97.72
1298.16 178.42
1300.16 1.03
1302.16 176.16
1304.16 0.92
1306.15 100.03
1308.16 29.44
1310.16 191.23
1312.15 161.69
1314.16 33.51
1316.16 181.8
1318.16 30.52
1320.15 128.48
1322.15 123.08
1324.15 1.04
1326.15 175.98
1328.16 30.0
1330.16 178.81
1332.15 21.84
1334.15 22.29
1336.16 22.41
1338.15 32.93
1340.16 48.1
1342.16 85.16
1344.15 49.28
1346.16 86.09
1348.16 106.39
1350.16 56.67
1352.15 24.72
1354.16 79.51
1356.15 17.48
1358.16 160.32
1360.16 145.01
1362.16 0.95
1364.16 123.46
1366.16 25.37
1368.16 195.97
1370.15 168.79
1372.15 0.83
1374.15 100.92
1376.4 27.52
1378.41 153.93
1380.16 26.49
1382.41 21.82
1384.41 173.25
1386.41 24.62
1388.4 39.24
1390.41 11.22
1392.41 13.81
1394.4 48.45
1396.4 87.54
1398.4 111.45
1400.41 132.54
1402.4 93.72
1404.42 38.66
1406.41 175.85
1408.41 178.76
1410.4 0.96
1412.41 175.31
1414.4 0.93
1416.41 170.85
1418.41 128.71
1420.4 155.69
1422.4 164.87
1424.41 35.36
1426.4 145.48
1428.41 0.68
1430.4 189.01
1432.4 108.64
1434.41 0.82
1436.41 105.21
1438.41 22.17
1440.41 200.68
1442.4 216.88
1444.4 188.78
1446.4 214.98
1448.41 17.6
1450.41 159.73
1452.41 0.93
1454.4 141.69
1456.4 117.11
1458.41 0.97
1460.4 182.79
1462.41 28.66
1464.4 115.42
1466.41 191.73
1468.4 146.11
1470.42 160.82
1472.4 31.89
1474.41 204.07
1476.4 0.93
1478.41 189.83
1480.4 243.79
1482.41 0.94
1484.4 233.75
1486.4 30.25
1488.41 226.8
1490.4 240.69
1492.41 216.51
1494.4 317.36
1496.4 18.29
1498.41 295.04
1500.4 21.69
1502.41 183.48
1504.41 259.13
1506.41 0.97
1508.4 248.56
1510.4 0.94
1512.41 290.87
1514.41 261.35
1516.4 259.73
1518.41 244.54
1520.4 0.62
1522.41 311.68
1524.4 26.19
1526.4 211.81
1528.41 118.62
1530.4 30.48
1532.4 177.36
1534.41 21.79
1536.4 186.26
1538.4 200.45
1540.4 181.05
1542.41 239.92
1544.4 19.43
1546.4 116.72
1548.4 0.92
1550.41 138.56
1552.4 219.62
1554.41 28.9
1556.4 221.62
1558.41 31.32
1560.4 295.26
1562.4 295.94
1564.4 295.31
1566.4 218.15
1568.41 20.49
1570.4 288.12
1572.4 14.69
1574.4 265.68
1576.41 206.32
1578.4 25.2
1580.41 172.3
1582.41 0.96
1584.41 267.46
1586.4 278.13
1588.41 232.12
1590.4 190.85
1592.41 22.65
1594.4 213.59
1596.41 21.88
1598.41 227.13
1600.41 231.87
1602.41 226.11
1604.4 289.19
1606.41 23.42
1608.41 256.33
1610.4 250.98
1612.41 195.61
1614.41 218.67
1616.4 218.67
1618.4 241.96
1620.4 22.58
1622.4 219.74
1624.41 275.49
1626.65 11.88
1628.41 245.6
1630.41 31.06
1632.65 283.12
1634.43 21.76
1636.66 173.0
1638.66 232.4
1640.66 34.06
1642.66 250.56
1644.65 23.39
1646.67 266.49
1648.66 171.98
1650.66 230.79
1652.66 229.16
1654.66 29.54
1656.65 273.16
1658.43 0.93
1660.66 220.73
1662.66 291.36
1664.65 0.88
1666.66 228.25
1668.65 20.96
1670.66 188.1
1672.65 271.05
1674.65 201.47
1676.65 219.37
1678.65 25.93
1680.66 240.97
1682.66 23.27
1684.66 92.11
1686.66 283.58
1688.66 0.87
1690.66 189.34
1692.66 222.65
1694.66 266.49
1696.66 171.12
1698.65 269.63
1700.66 287.91
1702.65 28.36
1704.65 196.52
1706.66 180.23
1708.65 287.41
1710.65 290.92
1712.65 25.32
1714.65 216.1
1716.66 30.89
1718.65 273.67
1720.66 220.65
