0.0 3.93
1.61 1.25
2.16 0.88
2.79 0.79
4.85 4.82
7.15 1.34
11.78 3.57
13.2 1.03
15.88 2.74
18.58 1.76
20.16 0.96
21.58 8.66
22.69 2.81
23.78 0.53
25.14 3.37
26.6 2.28
29.08 2.34
31.29 1.69
32.4 2.08
34.94 1.28
37.71 0.58
40.47 5.03
42.61 1.82
46.12 1.74
47.89 0.9
50.01 1.18
51.47 7.02
52.68 0.51
54.74 6.22
56.87 1.7
59.32 1.07
60.5 5.92
62.21 0.93
64.5 2.03
65.91 0.5
67.89 1.25
71.05 0.75
73.95 0.58
76.93 3.66
78.08 2.57
80.11 6.08
81.96 6.42
83.37 0.32
85.98 5.43
88.25 4.16
90.09 1.4
91.81 0.78
93.26 0.75
95.05 4.4
97.61 5.7
99.56 1.18
100.61 4.54
102.33 6.1
103.92 2.74
105.24 3.52
106.5 5.1
107.52 0.7
108.75 2.25
110.27 1.25
111.54 5.62
112.65 1.18
114.23 4.12
116.7 4.1
118.65 4.81
120.09 4.6
122.1 6.1
124.09 0.79
126.1 2.35
128.1 5.57
130.09 1.28
132.1 2.01
134.09 0.43
136.08 0.52
138.08 1.66
140.08 3.7
142.08 1.02
144.09 0.38
146.1 8.38
148.09 0.6
151.08 2.02
152.14 8.23
155.08 2.79
156.59 2.17
158.26 2.29
161.08 7.52
162.36 2.26
165.08 1.59
166.29 7.87
193.09 6.15
193.95 7.67
194.76 12.52
195.62 1.48
196.58 6.31
197.54 6.43
199.16 5.13
200.27 4.92
201.41 4.49
202.41 5.43
204.05 5.12
205.74 4.36
207.08 4.68
208.0 5.15
208.86 4.47
209.97 6.77
211.19 6.96
212.23 7.27
213.09 9.79
214.13 1.25
253.08 3.76
