0.0 58.64
1.1 16.92
2.08 25.91
4.08 25.91
6.08 35.6
8.08 21.81
10.08 31.54
12.11 53.71
14.08 45.96
16.1 66.36
18.58 71.12
20.58 68.55
22.59 57.25
24.6 65.99
26.59 81.76
28.58 73.09
30.58 81.66
32.58 96.35
34.59 63.6
36.58 17.43
38.58 49.65
40.59 28.25
42.82 84.59
44.58 79.21
46.61 25.34
48.58 83.58
50.58 15.57
52.58 0.16
54.58 82.39
56.58 68.72
58.6 78.3
60.59 62.43
62.58 64.8
64.59 73.99
66.58 65.1
68.58 65.1
70.59 65.1
72.58 65.1
74.58 53.29
76.58 82.36
78.58 91.12
80.58 91.12
82.59 81.78
84.58 66.49
86.58 91.81
88.58 78.16
90.58 34.91
92.58 81.39
94.58 81.39
96.58 81.39
98.58 73.22
100.58 87.48
102.58 87.48
104.58 86.49
106.59 99.8
108.58 83.93
110.58 58.95
112.58 58.95
114.58 70.63
116.58 82.37
118.59 81.73
120.58 60.65
122.58 93.24
124.58 45.15
126.58 45.15
128.58 81.52
130.58 90.47
132.58 89.68
134.58 89.68
136.6 17.49
138.58 47.13
140.58 51.2
142.61 0.32
144.61 84.77
146.58 77.16
148.58 85.36
150.58 54.48
152.58 68.03
154.59 81.64
156.58 81.64
158.58 78.98
160.58 62.07
162.58 80.15
164.58 81.44
166.58 76.17
168.58 69.55
170.58 69.55
172.58 69.55
174.59 69.55
176.58 42.73
178.58 13.32
180.58 62.5
182.59 62.5
184.59 62.5
186.58 86.67
188.58 65.16
190.58 77.37
192.58 74.03
194.83 91.12
196.83 92.26
198.61 64.27
200.62 64.27
202.59 38.35
204.58 81.7
206.87 88.15
208.58 50.21
210.83 50.21
212.65 50.21
214.83 50.21
216.85 0.35
218.83 15.53
220.84 37.79
222.86 81.39
224.83 68.96
226.86 68.96
228.83 62.79
230.83 93.34
232.83 93.34
234.83 84.85
236.64 45.19
238.83 84.44
240.86 90.13
242.83 95.46
244.83 79.81
246.84 82.91
248.83 82.91
250.83 93.64
252.85 105.06
254.83 94.85
256.83 85.96
258.83 10.68
260.83 88.79
262.83 51.43
264.85 51.43
266.83 99.72
268.83 98.04
270.83 81.76
272.83 95.43
274.83 21.45
276.83 98.96
278.84 78.93
280.84 74.99
282.84 59.18
284.83 50.79
286.83 10.0
288.83 0.26
290.83 15.58
292.83 87.71
294.84 68.64
296.83 64.98
298.83 68.87
300.83 54.79
302.86 20.32
304.83 78.23
306.84 67.24
308.83 67.24
310.83 67.24
312.86 82.42
314.83 52.87
316.83 76.79
318.83 73.56
320.83 82.18
322.83 65.61
324.86 12.9
326.83 87.47
328.83 83.35
330.83 86.16
332.83 88.1
334.83 86.81
336.83 77.23
338.83 12.68
340.84 39.97
342.86 57.38
344.83 0.94
346.86 86.74
348.83 73.56
350.83 30.46
352.84 14.28
354.84 61.38
356.83 14.0
358.84 57.77
360.85 0.38
362.83 90.81
364.84 66.93
366.84 94.54
368.83 60.28
370.83 12.53
372.86 66.51
374.83 101.11
376.83 13.45
378.83 0.38
380.83 65.73
382.84 80.66
384.84 89.61
386.83 81.41
388.83 101.0
390.83 62.68
392.83 73.74
394.83 70.31
396.84 81.58
398.84 91.31
400.83 23.96
402.83 80.88
404.83 93.13
406.83 70.13
409.09 75.22
410.83 75.22
412.83 75.22
414.83 75.22
416.84 102.72
418.85 102.72
420.84 84.07
422.83 98.96
424.83 99.08
426.83 70.7
428.83 97.38
430.83 56.8
432.84 64.18
434.83 78.68
436.83 72.12
438.83 93.25
440.83 87.7
442.83 66.7
445.08 85.16
446.83 85.16
448.83 75.96
450.83 66.23
453.11 61.68
454.83 48.15
457.11 102.74
459.12 0.26
461.08 73.6
463.11 12.75
465.1 55.83
466.9 55.73
469.08 88.53
471.11 75.35
473.1 79.83
475.08 79.46
477.08 91.66
479.08 91.66
481.1 56.69
483.09 78.07
485.08 86.02
487.11 97.46
489.08 85.43
490.92 70.75
493.08 79.66
495.1 89.98
497.08 88.3
499.08 79.33
501.1 98.95
503.09 98.95
505.08 98.95
507.1 98.95
509.08 36.35
511.12 80.18
513.08 88.44
514.88 74.14
517.34 91.1
519.11 79.82
521.08 15.85
523.09 89.74
525.09 101.47
527.08 38.32
529.08 53.85
531.1 91.99
533.08 93.08
535.08 7.82
537.08 0.57
539.08 104.1
541.11 61.7
543.08 1.09
545.08 32.38
547.09 73.49
549.08 78.26
551.08 78.26
553.08 78.26
555.09 78.26
557.08 78.26
559.08 78.26
561.08 78.26
563.09 9.87
565.08 13.39
567.08 26.2
569.08 26.2
571.08 18.64
573.08 17.33
575.08 27.4
577.09 30.14
579.08 46.68
581.08 42.2
583.08 40.25
585.08 20.33
587.08 32.01
589.08 48.5
591.09 30.37
593.08 34.31
595.08 52.38
597.08 35.16
599.08 50.63
601.09 50.63
603.09 34.98
605.09 43.85
607.08 43.85
609.08 43.85
611.08 40.11
613.09 35.43
615.08 50.71
617.09 27.9
619.08 37.57
621.08 67.54
623.11 67.54
625.09 56.69
627.09 61.52
629.08 69.64
631.08 69.64
633.08 85.53
635.08 88.51
637.11 70.86
639.08 70.86
641.08 82.8
643.1 82.8
645.08 87.2
647.09 82.06
649.08 44.89
651.08 36.81
653.1 82.85
655.08 45.21
657.08 4.31
659.09 68.7
661.08 108.76
663.08 53.58
665.08 75.69
667.08 70.15
669.08 79.63
671.08 41.7
673.08 55.24
675.08 74.84
677.08 76.35
679.08 88.73
681.08 76.83
683.08 63.71
685.08 102.23
687.08 0.3
689.08 15.52
691.08 0.41
693.08 41.77
695.34 41.77
697.08 41.77
699.33 93.43
701.33 98.13
703.36 98.13
705.34 98.13
707.33 98.13
709.33 88.58
711.35 88.58
713.34 88.58
715.33 68.18
717.34 87.78
719.33 79.49
721.58 85.87
723.35 77.41
725.36 74.9
727.34 68.13
729.34 76.17
731.33 97.16
733.33 103.13
735.36 93.79
737.33 107.67
739.37 92.2
741.35 74.04
743.33 76.98
745.34 77.73
747.33 17.85
749.33 33.54
751.36 39.89
753.34 49.05
755.33 14.96
757.35 18.06
759.34 75.38
761.34 13.64
763.35 79.68
765.34 98.75
767.33 104.04
769.34 57.51
771.33 54.88
773.33 64.64
775.33 7.9
777.33 67.35
779.33 93.23
781.34 0.59
783.33 58.63
785.34 87.3
787.34 85.8
789.33 94.66
791.33 72.52
793.33 82.05
795.36 27.99
797.34 27.99
799.34 27.99
801.35 54.54
803.33 22.69
805.33 33.32
807.35 93.38
809.33 97.35
811.36 70.19
813.34 93.69
815.33 60.65
817.33 73.26
819.36 101.06
821.33 72.39
823.36 15.56
825.36 91.74
827.34 71.88
829.33 35.95
831.33 83.74
833.33 5.42
835.33 15.15
837.36 58.93
839.34 49.77
841.34 84.01
843.34 63.61
845.33 77.58
847.34 99.42
849.33 99.42
851.33 99.42
853.34 85.76
855.33 100.98
857.36 15.02
859.33 101.56
861.34 93.24
863.34 110.43
865.34 89.85
867.33 6.66
869.33 43.44
871.36 108.52
873.33 33.2
875.34 95.16
877.35 95.32
879.34 71.16
881.34 59.39
883.34 0.39
885.34 85.41
887.33 61.67
889.34 93.02
891.36 98.83
893.34 96.75
895.35 42.45
897.36 84.75
899.35 12.98
901.36 0.39
903.34 72.01
905.33 102.62
907.33 93.04
909.33 92.09
911.33 82.41
913.35 0.99
915.33 83.03
917.33 20.84
919.33 96.83
921.33 96.83
923.35 96.83
925.33 96.83
927.34 65.4
929.33 7.87
931.36 72.19
933.33 11.2
935.33 24.36
937.33 81.88
939.33 76.12
941.33 76.12
943.33 17.52
945.34 99.37
947.58 22.59
949.33 76.47
951.58 84.63
953.58 84.63
955.59 84.63
957.62 84.63
959.58 84.63
961.4 84.63
963.58 84.4
965.58 78.02
967.58 78.02
969.58 78.02
971.58 78.02
973.6 86.39
975.58 90.74
977.59 64.58
979.58 73.04
981.59 69.06
983.58 45.53
985.4 64.61
987.59 86.05
989.58 66.56
991.58 88.57
993.61 88.57
995.58 85.99
997.6 10.31
999.58 69.77
1001.58 0.29
1003.58 52.32
1005.59 63.06
1007.58 82.42
1009.4 82.42
1011.59 86.42
1013.58 25.97
1015.58 109.24
1017.58 2.37
1019.58 75.12
1021.59 67.43
1023.58 77.78
1025.58 84.61
1027.59 78.99
1029.58 56.44
1031.58 33.22
1033.58 14.27
1035.58 104.18
1037.58 34.42
1039.58 49.51
1041.6 93.67
1043.58 78.14
1045.58 60.87
1047.58 81.26
1049.59 66.75
1051.59 75.25
1053.6 89.6
1055.58 71.08
1057.58 15.5
1059.58 70.07
1061.59 84.94
1063.59 97.23
1065.61 88.42
1067.58 88.65
1069.58 50.11
1071.59 81.39
1073.59 100.57
1075.59 97.77
1077.59 9.15
1079.58 72.24
1081.58 74.89
1083.58 89.82
1085.59 71.04
1087.58 12.0
1089.58 87.51
1091.59 78.88
1093.6 102.51
1095.58 73.2
1097.58 21.63
1099.58 89.43
1101.6 79.32
1103.58 80.1
1105.58 12.65
1107.59 55.34
1109.59 78.99
1111.58 88.3
1113.61 93.42
1115.59 63.8
1117.61 70.83
1119.58 51.27
1121.58 51.79
1123.58 73.75
1125.62 73.75
1127.58 0.28
1129.58 91.56
1131.58 74.43
1133.58 28.48
1135.58 78.74
1137.6 77.99
1139.59 30.21
1141.61 41.41
1143.59 22.87
1145.58 71.43
1147.58 85.97
1149.58 96.12
1151.59 68.67
1153.59 13.32
1155.59 33.11
1157.59 33.5
1159.59 13.29
1161.58 85.55
1163.58 103.55
1165.58 44.3
1167.58 105.3
1169.58 101.5
1171.58 101.5
1173.6 80.04
1175.58 48.84
1177.58 48.84
1179.58 42.44
1181.58 80.32
1183.58 8.55
1185.58 89.31
1187.59 13.79
1189.58 14.01
1191.58 94.36
1193.58 98.7
1195.58 86.26
1197.6 94.46
1199.58 89.02
1201.58 15.55
1203.86 54.53
1205.84 54.53
1207.83 6.4
1209.83 60.94
1211.83 12.29
1213.86 84.7
1215.85 81.5
1217.84 98.78
1219.84 98.78
1221.83 98.78
1223.84 98.78
1225.84 95.13
1227.84 88.55
1229.83 46.24
1231.83 87.09
1233.85 87.09
1235.85 78.25
1237.87 78.25
1239.85 87.58
1241.84 31.92
1243.83 98.39
1246.08 98.39
1247.84 8.52
1249.83 50.92
1251.84 54.63
1253.83 76.59
1255.83 107.52
1257.86 88.31
1259.83 14.38
1261.84 90.68
1263.83 105.41
1265.84 88.04
1267.83 57.76
1269.84 89.69
1271.83 32.35
1273.84 69.95
1275.83 95.1
1277.83 95.1
1279.83 88.6
1281.83 82.57
1283.83 50.35
1285.84 15.45
1287.83 94.88
1289.84 78.52
1291.84 5.64
1293.86 96.88
1295.85 74.21
1297.84 63.03
1299.85 7.97
1301.83 89.54
1303.83 54.15
1305.85 27.19
1307.83 91.14
1309.83 0.35
1311.84 88.29
1313.84 88.57
1315.83 87.46
1317.83 71.79
1319.83 18.93
1321.83 89.15
1323.85 56.86
1325.83 83.98
1327.83 63.77
1329.83 93.28
1331.84 75.51
1333.84 78.0
1335.83 71.84
1337.83 68.55
1339.85 92.17
1341.87 60.17
1343.83 85.69
1345.83 103.92
1347.83 0.14
1349.83 52.58
1351.85 13.05
1353.86 47.31
1355.84 93.0
1357.86 42.01
1359.86 0.95
1361.83 3.02
1363.85 79.88
1365.85 99.76
1367.83 0.22
1369.83 90.43
1371.86 90.43
1373.84 90.43
1375.84 90.43
1377.83 76.69
1379.83 103.57
1381.83 73.39
1383.84 73.39
1385.85 95.13
1387.84 49.51
1389.84 81.58
1391.83 101.21
1393.85 74.81
1395.83 76.84
1397.83 98.19
1399.85 84.74
1401.84 88.61
1403.83 5.0
1405.84 95.9
1407.83 95.9
1409.83 95.9
1411.83 95.9
1413.85 95.9
1415.83 95.9
1417.84 95.9
1419.84 93.44
1421.83 50.36
1423.85 49.56
1425.86 80.18
1427.83 86.82
1429.83 94.95
1431.84 90.2
1433.83 94.57
1435.84 66.19
1437.85 16.07
1439.84 48.68
1441.85 83.52
1443.87 83.52
1445.83 83.52
1448.08 83.52
1450.08 83.52
1451.84 80.9
1454.11 46.4
1455.86 85.37
1458.08 71.98
1460.1 88.24
1461.83 103.84
1464.08 99.37
1466.08 80.58
1468.08 55.79
1470.08 94.29
1472.09 94.92
1474.09 94.92
1476.08 94.92
1478.08 76.71
1479.92 77.61
1482.08 77.61
1484.1 77.61
1486.34 86.1
1488.09 18.1
1490.08 101.6
1492.1 102.52
1494.1 102.52
1496.08 79.31
1498.08 0.25
1500.08 98.81
1502.09 86.47
1503.93 81.41
1506.09 43.44
1508.08 97.43
1510.08 81.72
1512.08 76.78
1514.08 17.5
1516.08 72.11
1518.08 74.13
1520.1 0.26
1522.08 80.18
1524.08 80.18
1526.08 80.18
1528.08 80.18
1530.08 80.18
1532.09 80.18
1534.1 81.87
1536.09 72.53
1538.08 83.9
1540.08 87.0
1542.08 75.83
1544.11 99.3
1546.12 99.81
1548.08 99.81
1550.08 99.81
1551.99 95.46
1554.09 80.42
1556.09 93.65
1558.08 93.11
1560.09 68.27
1562.13 84.3
1564.08 92.53
1566.1 79.79
1568.08 79.79
1570.08 88.11
1572.09 90.59
1574.1 84.16
1576.08 89.8
1578.08 94.09
1580.11 78.62
1582.12 15.56
1584.08 84.95
1586.08 58.07
1588.09 92.38
1590.08 92.38
1592.1 92.38
1594.12 84.16
1596.08 88.24
1598.08 92.27
1600.08 17.09
1602.1 102.96
1604.1 102.96
1606.1 15.58
1608.08 95.0
1610.08 75.61
1612.1 104.72
1614.08 104.72
1616.08 104.72
1618.09 104.94
1620.08 91.64
1622.08 91.64
1624.08 100.41
1626.08 100.41
1628.08 107.52
1630.08 104.85
1632.1 81.34
1634.09 81.34
1636.1 94.16
1638.08 94.16
1640.08 102.58
1642.1 82.3
1644.08 83.19
1646.08 88.17
1648.08 83.42
1650.08 98.08
1652.08 101.4
1654.11 0.33
1656.08 85.52
1658.08 102.86
1660.08 102.86
1662.09 106.73
1664.1 110.03
1666.08 92.45
1668.08 111.42
1670.09 98.82
1672.08 16.53
1674.08 62.08
1676.08 62.08
1678.08 62.08
1680.08 62.08
1682.1 62.08
1684.11 80.73
1686.08 80.73
1688.08 88.2
1690.08 88.2
1692.08 88.2
1694.12 88.2
1696.08 14.23
1698.33 46.05
1700.09 46.05
1702.1 87.21
1704.34 79.84
1706.35 17.42
1708.08 72.58
1710.15 95.59
1712.34 12.97
1714.34 75.36
1716.33 57.97
1718.08 5.15
1720.34 10.25
1722.33 35.65
1724.34 83.32
1726.33 97.37
1728.33 48.35
1730.34 48.35
1732.36 86.75
1734.16 91.9
1736.35 86.55
1738.33 85.32
1740.34 93.35
1742.35 76.65
1744.35 41.44
1746.34 17.14
1748.33 26.28
1750.34 52.87
1752.33 72.93
1754.33 72.93
1756.36 72.93
1758.14 72.93
1760.35 72.93
1762.37 79.35
1764.33 63.41
1766.34 86.31
1768.33 61.41
1770.33 88.37
1772.36 51.43
1774.34 86.76
1776.33 65.94
1778.36 65.94
1780.33 63.18
1782.19 74.36
1784.33 83.38
1786.33 74.53
1788.34 74.53
1790.33 74.53
1792.36 74.53
1794.33 75.9
1796.35 29.85
1798.33 12.08
1800.34 80.39
1802.62 55.26
1804.36 0.34
1806.33 83.72
1808.33 63.17
1810.33 63.17
1812.33 63.17
1814.58 63.17
1816.35 63.17
1818.34 63.17
1820.33 63.17
1822.36 63.17
1824.33 0.27
1826.34 8.4
1828.34 11.95
1830.34 8.3
1832.34 10.12
1834.35 16.75
1836.33 13.32
1838.33 23.51
1840.33 22.46
1842.33 17.03
1844.34 29.75
1846.33 36.42
1848.33 39.56
1850.33 36.46
1852.34 32.13
1854.34 42.24
1856.36 69.79
1858.33 62.09
1860.33 44.55
1862.34 47.33
1864.35 77.52
1866.33 46.83
1868.33 63.11
1870.33 9.21
1872.33 63.35
1874.34 56.03
1876.34 63.15
1878.33 15.58
1880.36 78.37
1882.34 75.09
1884.34 49.96
1886.35 32.93
1888.33 76.81
1890.33 55.4
1892.35 62.44
1894.37 0.23
1896.33 39.96
1898.59 39.96
1900.34 39.96
1902.34 39.96
1904.33 39.96
1906.33 64.08
1908.33 74.8
1910.34 74.8
1912.36 57.46
1914.33 76.88
1916.35 59.61
1918.34 87.81
1920.34 91.57
1922.36 91.57
1924.36 84.31
1926.33 82.87
1928.33 90.47
1930.33 90.88
1932.35 51.04
1934.33 61.2
1936.36 78.67
1938.33 90.29
1940.33 57.2
1942.33 37.37
1944.33 72.57
1946.35 29.83
1948.58 97.42
1950.35 75.25
1952.58 87.42
1954.58 66.24
1956.58 79.89
1958.58 104.29
1960.58 91.06
1962.58 50.59
1964.58 14.18
1966.6 102.56
1968.58 102.4
1970.58 82.03
1972.58 78.89
1974.58 88.5
1976.58 6.62
1978.6 78.55
1980.58 102.98
1982.59 62.22
1984.58 89.04
1986.58 0.44
1988.59 80.74
1990.58 83.3
1992.58 81.42
1994.6 23.96
1996.6 19.06
1998.58 96.84
2000.59 109.47
2002.58 109.47
2004.58 16.78
2006.58 57.81
2008.58 95.41
2010.58 104.47
2012.58 75.63
2014.88 56.86
2016.6 73.31
2018.81 110.19
2020.84 110.19
2022.59 110.19
2024.58 110.19
2026.58 82.06
2028.59 17.69
2030.59 38.3
2032.62 58.22
2034.58 79.25
2036.61 86.89
2038.58 81.31
2040.58 95.89
2042.59 50.38
2044.62 68.41
2046.59 33.06
2048.58 19.77
2050.59 36.63
2052.6 70.86
2054.58 51.8
2056.61 93.52
2058.59 39.21
2060.59 58.96
2062.62 49.02
2064.58 49.02
2066.58 94.67
2068.58 44.85
2070.59 92.19
2072.59 114.37
2074.59 52.84
2076.58 84.11
2078.61 88.44
2080.58 58.57
2082.6 58.57
2084.59 77.07
2086.61 91.01
2088.59 33.99
2090.58 17.52
2092.6 48.9
2094.59 11.31
2096.83 112.38
2098.82 85.8
2100.58 0.32
2102.61 88.62
2104.63 95.93
2106.58 59.02
2108.58 8.2
2110.58 86.04
2112.58 98.32
2114.6 35.82
2116.62 79.18
2118.58 93.01
2120.6 93.01
2122.58 93.01
2124.59 93.01
2126.62 88.61
2128.59 88.61
2130.58 90.97
2132.61 73.76
2134.59 78.88
2136.61 41.14
2138.62 94.66
2140.59 73.32
2142.58 68.96
2144.58 50.09
2146.6 92.65
2148.59 91.05
2150.58 106.92
2152.61 13.65
2154.58 75.87
2156.58 0.35
2158.6 70.47
2160.62 77.9
2162.62 77.9
2164.6 74.44
2166.58 81.83
2168.58 117.03
2170.58 82.04
2172.58 8.96
2174.62 97.68
2176.61 83.83
2178.59 86.06
2180.83 87.31
2182.62 86.66
2184.6 86.22
2186.59 14.39
2188.58 86.75
2190.58 94.82
2192.58 94.82
2194.85 94.82
2196.59 94.82
2198.62 94.82
2200.83 94.82
2202.58 94.82
2204.65 94.82
2206.86 91.39
2208.83 99.04
2210.84 13.44
2212.86 86.58
2214.84 80.76
2216.83 80.76
2218.86 80.76
2220.84 77.05
2222.84 64.28
2224.85 64.28
2226.83 0.19
2228.65 33.38
2230.83 65.7
2232.84 66.23
2234.83 65.03
2236.84 65.03
2238.83 78.5
2240.83 68.65
2242.84 68.65
2244.83 0.29
2246.84 98.13
2248.84 89.87
2250.83 84.84
2252.66 84.84
2255.14 84.84
2256.83 74.27
2258.84 74.27
2260.85 64.85
2262.83 16.0
2264.83 52.23
2266.84 52.23
2268.84 52.23
2270.83 52.23
2272.87 68.7
2274.83 73.24
2276.68 71.67
2278.86 71.67
2280.84 84.59
2282.86 81.27
2284.86 77.28
2286.83 14.23
2288.83 55.81
2290.83 66.84
2292.84 80.06
2294.83 69.47
2296.86 63.35
2298.84 82.6
2300.85 81.03
2303.08 0.26
2304.83 62.63
2306.83 63.48
2308.84 60.04
2310.84 100.11
2312.83 86.26
2314.86 65.44
2316.83 79.42
2318.84 55.47
2320.83 52.15
2322.84 51.99
2324.83 94.3
2326.84 75.87
2328.84 85.37
2330.84 82.72
2332.84 68.82
2334.86 98.84
2336.83 55.77
2338.87 92.69
2340.84 0.27
2343.06 72.39
2344.85 48.25
2346.84 75.33
2348.83 15.56
2350.83 49.81
2352.83 81.28
2354.84 89.41
2356.85 5.94
2358.83 77.73
2360.87 51.0
2362.86 55.1
2364.83 93.07
2366.86 93.07
2368.83 75.84
2370.84 96.38
2372.83 84.04
2374.86 96.34
2376.84 101.26
2378.83 71.18
2380.84 56.55
2382.83 15.56
2384.84 49.01
2387.07 100.29
2388.83 76.09
