0.0 2.48
0.81 2.93
1.63 1.67
2.25 0.23
6.19 0.3
8.71 0.42
11.56 0.16
14.09 2.21
14.8 0.14
15.52 0.27
25.24 1.5
25.89 1.05
26.66 0.85
33.76 0.25
34.94 0.31
42.49 3.71
44.68 1.18
46.13 6.85
46.67 3.05
47.29 0.43
48.48 6.5
49.5 3.96
55.23 0.47
58.7 1.35
59.37 4.86
60.84 2.19
64.12 0.89
69.5 6.45
73.04 0.18
74.66 0.26
75.38 2.35
78.98 1.64
79.53 3.22
80.24 1.95
83.12 0.67
84.17 4.16
86.76 1.15
88.05 0.89
89.77 3.83
91.33 3.98
94.3 2.69
96.97 5.58
98.25 0.58
99.02 1.75
100.01 0.64
101.71 2.38
104.7 0.89
105.71 7.82
107.69 8.14
109.7 1.76
111.62 0.52
114.67 2.19
115.69 0.7
119.04 0.98
120.3 1.46
125.12 2.45
125.95 0.88
127.45 4.36
129.44 0.68
131.46 0.58
133.77 1.89
136.54 0.23
137.62 1.25
139.43 2.25
141.48 4.74
143.47 0.06
145.42 4.42
147.42 5.27
149.44 1.93
151.44 0.86
153.43 0.98
155.42 1.34
157.46 2.22
159.42 2.08
161.46 0.86
163.42 2.27
165.44 2.27
167.44 0.15
169.84 3.54
171.81 1.08
173.64 0.42
177.69 0.57
179.32 0.92
180.45 1.96
182.71 3.35
184.72 0.88
186.45 0.91
188.59 2.78
189.98 5.06
191.45 3.25
193.43 0.5
195.43 4.71
197.52 0.33
199.59 1.27
202.17 0.32
204.21 1.1
205.73 2.41
207.81 1.58
210.03 1.15
211.42 3.7
213.48 0.28
215.42 2.12
217.43 0.6
219.43 1.54
221.43 0.86
224.81 1.93
226.71 0.36
228.99 0.4
230.94 2.49
233.59 0.27
236.0 0.73
237.64 0.61
240.62 4.18
242.26 1.29
245.74 0.23
246.37 1.23
247.52 0.88
248.3 2.84
249.71 0.48
251.68 0.75
253.67 3.5
255.68 3.74
257.7 1.27
259.68 4.72
261.51 2.61
263.67 4.38
265.76 4.79
267.76 5.92
269.68 0.2
271.53 0.81
273.7 2.88
275.67 2.88
277.67 0.12
279.67 5.7
281.7 0.5
283.67 1.64
285.57 5.14
287.67 8.46
289.69 0.01
291.76 1.35
293.68 0.78
296.68 0.22
298.87 0.33
300.53 2.74
304.74 1.48
306.07 0.32
307.48 0.27
308.81 2.77
313.04 0.64
315.05 3.63
316.84 5.31
318.43 2.99
320.82 1.75
321.52 0.39
323.56 1.04
325.2 4.66
325.86 1.5
327.71 1.47
329.7 3.55
331.68 0.74
333.6 5.71
335.85 2.35
337.69 0.38
339.69 1.43
341.9 3.42
344.4 0.28
346.62 0.31
347.63 6.32
350.19 0.49
352.11 4.14
353.67 6.5
355.91 0.34
357.68 6.06
359.69 6.47
361.87 1.41
364.83 1.05
367.3 2.01
369.64 2.11
372.71 0.7
376.2 0.84
378.8 0.55
381.62 0.06
382.63 2.29
383.8 1.12
385.54 0.61
387.82 3.46
388.6 0.04
389.76 0.46
391.4 1.29
392.91 3.68
393.85 4.59
395.73 4.57
397.72 2.33
399.67 3.07
401.68 1.28
403.68 0.42
405.64 3.47
407.68 5.71
409.68 3.48
411.68 1.03
413.69 0.79
415.67 5.4
417.69 0.4
419.72 0.8
422.05 7.71
424.38 2.75
425.8 1.17
428.39 4.66
429.68 3.94
431.69 0.86
433.68 2.29
436.56 0.76
439.79 1.68
445.43 2.92
446.3 0.97
447.5 0.29
449.03 3.6
451.0 2.9
453.02 5.0
455.06 0.31
458.61 1.36
462.65 0.58
465.06 1.73
466.38 2.28
467.73 5.48
470.08 1.83
471.63 1.61
474.08 0.52
477.96 0.38
480.21 2.93
481.95 1.33
483.51 0.86
485.88 2.66
487.28 4.98
489.73 1.27
493.06 0.55
493.69 0.43
494.4 4.9
496.11 1.36
496.78 1.64
499.0 1.25
500.89 0.14
502.88 0.57
504.68 0.72
506.84 1.34
508.9 2.41
510.69 1.17
512.88 0.63
515.53 0.37
517.69 5.21
518.74 0.79
520.88 2.44
522.91 6.61
524.84 4.89
526.9 1.72
528.88 2.75
530.79 0.61
532.9 7.32
534.89 1.09
536.92 3.12
538.92 2.77
540.84 0.32
543.82 0.37
546.09 3.98
548.46 1.27
550.06 0.98
552.0 0.7
553.67 5.02
556.21 1.18
557.92 3.38
559.58 2.82
561.63 1.29
563.21 4.29
564.93 5.9
566.88 1.1
568.88 0.76
570.88 7.55
572.89 6.28
574.89 6.89
576.89 7.98
578.91 0.79
580.88 12.94
582.9 0.41
584.89 0.2
586.81 5.31
588.88 0.17
590.92 1.66
592.88 6.54
594.82 4.3
596.94 7.8
598.89 4.83
600.88 1.31
602.98 6.82
604.98 0.65
607.24 7.32
608.92 7.56
611.74 0.51
612.94 9.13
614.89 1.33
616.91 2.61
618.95 4.95
620.9 0.51
622.89 0.49
624.89 0.26
626.86 0.35
628.84 1.68
631.65 1.86
633.74 3.54
635.29 1.31
636.99 0.5
638.85 0.76
640.89 3.76
642.95 0.41
645.42 4.11
646.9 5.12
648.92 0.06
650.9 15.31
652.88 4.09
654.91 2.38
656.89 4.05
659.83 5.54
660.89 12.98
665.71 0.2
673.24 2.81
674.04 0.3
674.61 3.31
675.18 4.0
677.08 2.85
680.6 4.85
682.75 4.01
684.37 2.27
686.41 1.35
690.31 0.15
691.03 0.33
691.87 2.05
692.39 0.65
695.73 2.39
696.88 1.03
701.07 1.03
702.62 0.73
703.21 2.42
703.89 3.64
706.27 1.31
709.5 4.67
710.42 0.6
711.9 1.63
715.65 0.33
718.58 2.88
719.31 4.56
720.66 4.91
722.64 0.93
724.64 10.24
726.65 2.22
728.64 4.27
730.79 8.36
732.64 9.67
734.64 2.88
736.66 5.69
738.64 5.69
740.66 11.19
742.65 0.1
744.92 0.03
746.94 0.03
748.96 3.29
750.89 3.29
752.9 0.92
754.85 0.08
756.89 6.96
758.89 1.62
760.9 0.53
762.89 0.71
764.89 4.74
766.89 0.08
768.78 0.26
770.91 0.33
772.93 7.61
774.89 9.06
777.32 0.13
778.98 1.11
781.22 0.26
784.15 0.29
785.36 0.3
786.89 1.31
789.4 1.24
790.91 0.75
794.71 0.9
795.92 2.0
798.12 0.56
799.85 3.55
801.84 2.98
803.3 2.66
804.93 1.24
806.91 6.38
808.9 7.22
810.9 0.05
812.89 6.71
814.89 1.01
816.9 2.49
818.89 1.86
820.8 1.47
824.33 1.11
826.65 0.15
827.85 3.85
830.17 0.48
831.19 5.99
832.94 4.28
834.91 0.98
836.89 6.85
838.91 0.45
840.9 1.77
842.93 0.32
846.19 0.71
850.24 2.45
853.17 4.25
854.59 4.12
856.53 0.3
858.77 2.65
863.54 0.57
866.26 0.53
867.95 1.07
868.89 0.64
869.86 0.32
872.45 0.63
874.41 1.75
876.17 1.33
876.85 1.18
877.95 2.87
880.09 2.45
881.11 0.76
883.07 0.76
885.3 2.29
890.54 1.42
892.07 2.61
893.72 1.4
895.66 1.59
897.67 0.5
899.32 0.25
901.8 0.06
903.29 0.87
905.65 2.04
908.83 0.65
911.23 0.89
911.78 1.39
913.35 1.23
914.77 0.51
916.6 0.87
920.4 3.41
921.33 0.99
923.73 0.53
924.81 3.64
928.16 0.54
930.07 1.38
932.36 0.25
933.76 1.62
936.32 0.41
937.06 0.32
938.25 0.83
940.46 0.68
942.33 0.72
943.62 3.24
946.65 4.87
948.19 1.26
949.1 6.18
951.74 3.13
953.29 1.62
954.52 2.63
956.26 1.01
957.88 1.94
959.97 0.71
961.66 1.95
964.57 2.48
967.56 1.96
970.6 4.51
972.5 1.54
975.62 2.31
976.2 0.88
977.12 7.91
978.6 3.14
980.6 5.57
982.6 2.0
984.6 1.73
986.77 0.56
988.6 1.95
990.6 7.09
992.65 3.01
994.85 3.73
996.85 0.52
998.85 3.02
1000.61 0.13
1002.87 0.31
1004.86 7.06
1006.85 7.97
1008.76 4.91
1010.86 1.35
1012.85 2.89
1014.85 1.09
1016.85 2.48
1018.85 1.06
1020.85 1.82
1022.89 0.11
1024.88 0.22
1026.92 11.5
1028.85 0.07
1030.85 8.39
1032.73 10.13
1034.87 11.98
1036.86 10.08
1038.87 3.2
1040.86 12.16
1042.77 0.43
1044.85 2.22
1046.87 8.25
1048.74 0.02
1050.85 0.38
1052.91 0.72
1056.2 0.91
1056.8 5.16
1058.88 3.37
1060.85 0.51
1063.05 0.89
1064.92 0.06
1066.86 3.57
1068.9 0.18
1070.88 1.11
1072.9 3.11
1074.85 3.85
1076.85 0.6
1078.8 0.43
1080.87 0.99
1083.25 1.32
1087.0 0.31
1090.54 2.71
1092.68 3.94
1093.34 4.69
1095.05 2.63
1096.54 4.92
1098.82 1.05
1100.77 0.91
1102.99 7.74
1105.49 1.64
1108.05 0.54
1110.07 0.87
1111.19 6.11
1113.76 2.82
1115.26 2.46
1116.94 1.52
1117.72 1.03
1118.85 0.82
1120.89 2.29
1122.86 8.48
1124.89 7.27
1126.86 0.22
1128.9 4.32
1130.87 5.59
1132.87 0.53
1134.89 8.95
1136.87 5.39
1138.77 1.74
1140.87 0.81
1142.86 4.68
1144.86 0.2
1146.85 1.71
1149.57 1.24
1151.66 0.95
1153.8 0.56
1154.9 0.53
1157.19 0.4
1159.04 1.51
1160.85 4.49
1162.93 5.66
1164.87 0.52
1166.86 6.09
1168.85 2.97
1170.87 1.08
1172.87 6.25
1174.85 1.35
1176.9 2.83
1178.85 5.67
1180.93 4.42
1182.97 2.41
1184.85 5.83
1186.88 0.05
1188.85 3.74
1190.88 0.33
1192.87 1.45
1194.89 5.7
1196.87 5.4
1198.85 1.02
1200.93 3.24
1202.92 2.47
1204.85 0.67
1206.98 1.18
1208.96 0.01
1210.85 0.31
1212.85 1.27
1214.85 6.41
1216.95 0.45
1218.85 2.44
1220.87 0.15
1222.9 3.35
1224.89 2.16
1226.87 4.63
1228.88 3.45
1230.9 0.52
1232.85 5.75
1234.85 0.21
1236.85 0.2
1238.95 2.99
1240.86 0.74
1242.85 0.39
1245.1 0.22
1247.1 3.47
1249.15 0.76
1251.55 0.01
1253.14 3.94
1255.13 3.97
1257.12 3.26
1259.05 2.28
1261.11 0.24
1263.04 9.18
1265.11 1.68
1267.12 1.61
1269.1 0.52
1271.13 0.33
1273.53 0.4
1275.11 1.71
1277.07 5.46
1279.1 0.22
1280.98 0.21
1283.95 0.2
1286.83 0.4
1288.01 3.5
1290.38 3.35
1291.85 3.03
1293.71 0.64
1296.01 0.7
1297.14 8.84
1299.1 8.16
1301.11 0.99
1303.1 9.1
1305.1 3.97
1307.48 0.88
1309.36 1.73
1311.11 4.45
1313.15 3.75
1315.21 0.81
1317.11 0.3
1319.14 1.3
1321.13 3.5
1323.25 0.95
1325.55 0.12
1328.15 4.7
1329.68 1.37
1331.12 5.97
1333.11 2.97
1335.18 2.23
1337.1 1.98
1340.58 0.05
1342.17 1.58
1344.75 0.05
1346.98 0.95
1349.35 0.59
1350.89 0.23
1351.8 3.83
1355.05 0.78
1355.74 5.89
1357.13 1.9
1358.99 8.15
1361.23 0.99
1363.7 0.01
1365.55 1.95
1368.76 2.67
1370.37 1.8
1373.72 0.7
1376.14 0.48
1377.82 3.13
1379.56 0.1
1382.75 4.55
1384.53 0.44
1385.71 1.79
1387.24 3.88
1388.64 4.52
1390.17 6.42
1391.35 0.46
1393.38 1.0
1396.56 1.59
1399.79 0.22
1404.05 0.05
1405.66 0.53
1406.81 0.64
1408.02 0.93
1409.62 3.78
1412.38 1.57
1414.21 5.95
1415.81 0.83
1418.88 1.45
1420.76 0.58
1422.18 4.37
1423.85 4.52
1425.94 0.33
1426.77 6.14
1428.73 7.82
1431.19 0.88
1433.01 0.26
1434.9 6.8
1437.37 2.21
1439.56 0.52
1440.94 0.58
1442.65 2.05
1444.09 7.02
1445.28 0.17
1447.18 4.31
1449.11 4.42
1451.13 6.34
1453.12 3.94
1455.14 7.47
1457.11 0.85
1459.12 0.92
1461.1 0.19
1463.11 1.85
1465.1 4.69
1467.11 0.52
1469.11 1.13
1471.1 7.02
1473.11 0.26
1475.11 7.64
1477.15 0.77
1479.12 6.51
1481.1 4.42
1483.11 1.94
1485.14 2.69
1487.14 3.44
1490.0 1.55
1492.43 0.66
1493.92 0.24
1495.59 0.79
1497.35 7.05
1499.38 1.93
1501.72 2.08
1503.22 1.1
1506.12 0.47
1507.8 4.14
1510.28 0.64
1511.9 4.72
1513.39 6.87
1515.36 6.97
1517.37 6.64
1519.36 5.37
1521.39 0.51
1523.39 7.41
1525.27 0.55
1527.36 5.57
1529.36 1.22
1531.79 0.94
1533.36 5.25
1536.27 0.55
1537.48 3.84
1539.4 0.65
1541.35 4.63
1543.35 4.27
1545.36 7.38
1547.36 6.05
1549.35 1.01
1551.38 0.55
1553.6 0.74
1555.4 3.43
1557.53 1.63
1559.36 0.38
1561.23 0.75
1563.37 3.22
1565.37 4.88
1567.39 1.15
1570.49 0.45
1573.04 8.43
1574.98 8.04
1576.36 10.96
1578.72 0.1
1580.37 6.06
1582.01 0.7
1583.35 3.34
1585.38 3.95
1587.36 0.52
1589.27 0.49
1592.47 2.25
1595.14 3.72
1597.38 2.73
1598.9 19.33
1600.96 2.45
1602.5 1.73
1605.76 0.6
1609.86 0.63
1610.71 2.96
1615.11 1.75
1618.14 0.12
1619.16 0.25
1620.42 1.22
1621.26 2.45
1627.9 0.91
1628.63 1.99
1629.22 0.59
1629.83 4.73
1631.56 5.1
1633.12 0.22
1635.84 4.92
1636.82 1.44
1638.7 0.24
1641.04 0.21
1642.28 1.62
1643.21 1.83
1645.52 0.03
1646.86 6.28
1648.88 0.03
1650.86 0.32
1653.21 6.4
1654.86 1.27
1656.87 0.6
1658.86 1.19
1660.97 6.45
1662.86 1.1
1664.86 0.7
1666.86 3.72
1668.88 0.14
1672.05 1.31
1674.03 0.98
1674.88 2.1
1676.86 4.59
1678.88 0.34
1681.32 0.4
1684.26 0.46
1684.86 4.09
1687.18 0.35
1688.86 3.95
1690.87 1.0
1692.86 2.09
1694.86 7.01
1698.86 0.74
1700.79 3.33
1702.68 1.27
1704.7 2.35
1706.65 0.41
1708.66 1.49
1710.66 1.19
1712.68 1.11
1714.64 2.1
1716.7 5.56
1718.83 1.01
1720.68 0.43
1722.65 4.67
1724.65 0.4
1726.69 0.72
1728.65 1.5
1730.65 0.22
1732.65 2.02
1734.68 3.99
1736.65 6.36
1738.69 2.98
1741.72 0.59
1743.38 2.11
1745.65 1.56
1746.9 2.92
1749.05 5.44
1750.76 2.04
1752.93 1.05
1754.9 0.83
1757.43 1.32
1759.88 0.37
1761.68 0.97
1764.59 3.54
1766.97 0.02
1768.19 5.45
1769.94 0.02
1772.18 1.06
1773.4 0.87
1774.93 0.88
1776.71 4.42
1779.43 2.06
1783.5 3.61
1786.8 0.38
1787.32 0.75
1788.36 0.75
1790.01 0.55
1791.17 2.9
1792.9 5.27
1794.9 0.17
1796.85 0.87
1798.9 1.47
1800.91 5.31
1802.84 0.73
1804.83 4.06
1806.9 5.5
1808.91 0.6
1811.8 0.81
1814.37 0.57
1817.25 1.38
1819.53 2.92
1820.7 4.53
1823.0 0.76
1825.0 2.85
1827.2 4.58
1829.94 0.05
1832.08 0.14
1833.08 2.04
1836.16 4.22
1837.72 2.57
1839.29 3.23
1842.56 0.74
1844.11 1.73
1845.53 3.51
1847.35 0.98
1849.77 0.86
1851.68 0.5
1854.18 0.11
1855.54 0.76
1857.67 3.74
1859.02 0.41
1862.85 1.86
1865.46 0.24
1867.16 0.19
1868.57 2.63
1869.35 1.1
1870.49 4.75
1872.7 0.95
1874.59 2.79
1876.51 4.12
1878.57 6.53
1880.61 2.03
1882.57 5.31
1884.57 7.15
1886.57 0.56
1888.57 0.85
1890.62 2.55
1893.23 1.43
1894.76 0.37
1896.59 4.9
1898.57 0.36
1900.59 7.23
1902.62 1.57
1905.49 0.04
1908.48 4.91
1909.96 3.04
1912.68 1.21
1915.21 5.16
1916.42 4.1
1917.66 3.69
1919.44 2.14
1920.93 1.3
1922.57 5.92
1924.63 0.58
1926.58 2.63
1928.57 0.24
1930.57 5.94
1932.57 1.05
1934.57 5.37
1936.59 4.64
1938.58 1.24
1940.62 1.06
1942.57 6.77
1944.58 0.27
1946.57 1.09
1948.57 5.04
1950.64 7.76
1952.57 0.03
1954.57 2.26
1956.61 2.62
1958.57 10.52
1960.57 0.29
1962.6 3.93
1964.57 0.58
1966.61 0.41
1968.55 1.41
1970.58 1.04
1972.57 5.74
1974.57 1.28
1976.57 0.41
1978.67 0.54
1981.14 1.45
1983.29 3.25
1984.95 4.02
1986.57 5.34
1988.62 5.04
1990.62 6.93
1992.59 6.84
1994.82 1.54
1996.82 7.75
1998.82 3.04
2000.82 8.13
2003.08 1.2
2004.83 0.41
2006.68 0.71
2008.83 3.25
2010.82 6.56
2012.82 0.72
2014.82 0.41
2016.85 8.7
2018.82 5.04
2020.83 7.18
2022.82 1.6
2024.82 1.29
2026.85 4.55
2028.88 1.07
2030.82 0.13
2032.84 1.06
2034.83 5.96
2038.28 0.29
2039.25 3.37
2040.83 5.88
2042.82 0.24
2044.82 5.66
2046.82 6.24
2048.82 6.04
2050.82 12.3
2052.82 0.09
2054.68 0.08
2056.83 12.54
2058.87 1.45
2060.86 5.51
2062.82 6.56
2064.82 3.24
2066.83 5.35
2068.83 1.67
2070.84 5.21
2072.83 4.89
2074.82 1.81
2076.83 4.06
2078.82 0.1
2080.85 0.82
2082.83 0.08
2084.82 0.72
2086.82 0.11
2088.83 0.95
2090.83 1.12
2092.82 7.19
2094.82 7.29
2096.85 1.51
2099.96 1.95
2103.22 1.7
2105.17 2.98
2106.39 3.16
2107.02 3.08
2108.83 2.45
2111.57 3.36
2114.44 5.66
2117.03 2.64
2119.13 8.88
2120.98 0.64
2122.72 0.16
2125.04 3.37
2128.29 0.41
2130.58 2.44
2132.21 5.14
2132.73 5.73
2134.85 0.17
2136.4 1.18
2138.45 1.21
2140.4 7.11
2142.54 0.65
2144.4 5.5
2146.4 1.55
2148.4 4.63
2150.4 0.3
2152.4 5.55
2154.4 0.46
2156.4 0.72
2158.4 1.36
2160.42 1.9
2162.41 4.9
2164.39 2.42
2166.4 0.98
2168.4 0.15
2170.41 1.39
2172.43 0.32
2174.4 0.5
2176.41 2.9
2178.43 4.89
2180.4 5.26
2182.5 0.43
2184.4 8.95
2186.49 1.37
2188.4 10.05
2190.48 2.33
2192.59 3.36
2194.41 3.54
2196.46 0.22
2198.39 1.4
2200.4 0.55
2202.44 6.56
2204.4 1.58
2206.4 2.24
2208.4 4.14
2210.46 7.02
2212.41 5.7
2214.4 13.46
2216.4 0.11
2218.4 2.12
2220.41 0.33
2222.41 0.41
2224.47 1.94
2226.47 2.35
2229.2 1.47
2230.68 2.95
2232.52 3.43
2234.43 1.35
2236.45 3.46
2238.57 0.71
2242.58 0.21
2244.23 0.61
2245.44 2.2
2247.33 0.73
2250.51 1.66
2252.1 0.72
2254.39 2.9
2256.19 0.54
2258.29 0.69
2260.25 1.41
2262.01 1.24
2264.25 3.16
2266.24 0.26
2269.1 1.01
2271.32 5.56
2272.87 0.32
2274.47 2.78
2276.4 0.23
2278.24 5.42
2281.74 8.21
2283.92 4.2
2290.59 0.34
2291.35 0.25
2292.92 0.68
2294.67 1.05
2295.25 4.86
2295.89 0.9
2297.03 0.67
2298.14 5.84
2300.24 5.01
2302.24 5.07
2304.24 0.78
2306.24 2.1
2308.2 5.2
2310.25 5.37
2312.24 4.01
2314.28 4.21
2316.24 6.5
2318.83 0.21
2320.32 2.55
2323.71 1.29
2324.6 8.2
2326.24 5.88
2328.27 4.47
2330.35 7.34
2332.96 1.91
2334.15 4.46
2337.25 0.51
2338.24 8.15
2340.34 0.11
2342.2 0.7
2344.24 5.27
2346.38 1.67
2348.24 3.08
2350.29 1.12
2352.28 2.95
2354.27 2.1
2356.16 9.59
2358.25 7.5
2360.29 4.78
2362.33 4.37
2364.58 0.93
2366.24 8.32
2368.24 7.0
2370.24 8.08
2372.24 1.27
2374.24 4.35
2376.24 0.66
2378.24 5.51
2380.27 4.12
2382.24 1.09
2384.26 2.23
2386.24 0.13
2388.27 0.52
2390.26 2.56
2392.25 4.14
2394.31 5.42
2396.24 0.46
2398.24 0.28
2400.25 2.78
2402.25 1.6
2404.34 1.82
2406.25 1.76
2408.33 1.81
2410.31 0.08
2412.3 0.7
2414.3 5.84
2416.25 3.16
2418.26 4.69
2420.24 0.52
2422.27 6.42
2424.24 5.73
2426.24 0.52
2428.25 0.24
2430.24 6.07
2432.26 1.87
2434.24 0.59
2436.25 0.21
2438.24 0.37
2440.28 3.57
2442.25 2.52
2444.27 11.63
2446.25 6.04
2448.26 7.8
2450.24 4.82
2452.27 0.19
2454.25 0.31
2456.26 4.29
2458.25 6.56
2460.77 0.67
2462.24 7.71
2464.25 2.24
2466.25 4.03
2468.25 0.73
2470.25 6.67
2472.25 8.49
2474.24 0.32
2476.25 7.91
2478.24 5.46
2480.24 0.51
2482.28 1.15
2484.25 0.89
2486.26 0.43
2488.27 0.41
2490.26 1.61
2492.25 5.3
2494.5 7.35
2496.5 0.19
2498.53 1.46
2500.5 0.25
2503.07 6.08
2504.91 9.64
2506.54 2.73
2509.07 0.39
2512.29 0.2
2513.27 1.7
2514.77 7.58
2516.77 0.24
2518.51 1.57
2521.3 6.27
2524.05 1.79
2528.31 5.17
2530.6 1.07
2532.6 1.32
2534.55 4.39
2537.14 0.36
2538.92 4.72
2541.13 4.41
2543.64 5.69
2545.08 1.78
2546.45 2.81
2549.74 0.64
2552.95 0.8
2554.7 0.15
2555.74 0.99
2556.97 1.16
2558.08 0.59
2560.91 1.03
2564.0 3.16
2564.52 6.01
2566.07 0.47
2568.81 3.42
2570.25 0.44
2572.7 5.43
2576.41 0.65
2578.84 0.53
2582.12 0.92
2583.59 0.65
2585.28 2.97
2589.38 0.01
2591.24 1.33
2593.23 2.47
2595.23 4.81
2597.23 4.81
2599.28 2.65
2601.24 0.29
2603.3 0.07
2605.24 1.02
2607.24 1.21
2609.24 3.37
2611.26 0.26
2613.25 5.46
2615.27 1.4
2617.23 2.69
2619.27 7.74
2621.24 2.65
2623.25 2.46
2625.24 5.63
2627.23 5.29
2629.25 1.32
2631.23 3.06
2633.17 2.55
2635.24 0.28
2637.19 1.13
2639.26 5.42
2641.26 7.62
2643.24 3.49
2645.3 0.49
2647.17 3.33
2649.25 5.91
2651.25 0.32
2653.25 0.53
2655.24 8.4
2657.26 9.61
2659.24 1.29
2661.24 2.78
2663.24 5.62
2665.24 0.07
2667.74 3.91
2672.23 0.64
2675.08 0.25
2677.73 1.9
2678.46 12.47
2680.17 2.34
2682.61 0.19
2685.26 0.2
2688.61 0.83
2689.88 0.59
2691.2 2.47
2691.9 10.02
2695.56 3.24
2697.08 0.77
2700.36 0.3
2700.88 2.61
2701.61 2.4
2702.51 3.44
2704.66 2.32
2707.66 0.67
2708.58 4.66
2711.44 4.5
2715.3 2.06
2716.05 8.57
2717.65 5.82
2719.15 0.61
2721.07 8.76
2722.32 3.1
2723.25 6.53
2725.24 9.35
2727.24 6.55
2729.24 0.78
2731.24 7.07
2733.25 1.06
2735.28 7.29
2737.24 3.77
2739.26 12.34
2741.25 0.59
2743.49 9.77
2745.53 0.21
2747.5 0.92
2749.51 9.73
2751.49 0.63
2753.42 0.74
2755.49 4.04
2757.55 0.97
2760.26 0.59
2762.2 6.79
2763.49 7.31
2765.49 5.45
2767.49 2.24
2769.52 2.0
2771.5 10.71
2773.49 3.91
2775.52 3.01
2777.49 6.11
2779.53 0.6
2781.5 2.12
2783.5 2.86
2785.5 6.13
2787.49 3.61
2789.49 3.61
2791.49 5.5
2793.49 5.5
2795.49 5.5
2797.49 2.16
2799.49 2.63
2801.32 0.58
2803.52 2.58
2805.52 2.95
2807.57 1.4
2809.52 5.68
2811.82 0.82
2813.52 6.87
2815.5 1.92
2817.62 9.06
2820.4 0.37
2821.75 0.45
2823.49 9.84
2825.52 0.21
2827.49 6.83
2829.49 0.89
2831.53 3.01
2833.52 6.97
2835.5 4.28
2837.49 4.04
2839.52 0.38
2841.49 4.7
2843.51 0.89
2845.49 3.94
2847.5 3.72
2849.49 1.32
2851.49 0.4
2853.49 5.48
2855.49 0.8
2857.54 7.27
2859.49 7.51
2861.49 1.5
2863.49 3.85
2865.49 0.13
2867.49 1.35
2869.52 5.01
2871.49 0.97
2873.49 5.71
2875.49 5.54
2877.5 5.05
2879.5 3.09
2881.49 1.46
2883.49 7.21
2885.49 2.51
2887.51 6.32
2889.49 6.25
2891.49 0.15
2893.5 9.14
2895.49 5.46
2897.49 0.09
2899.53 7.63
2901.51 4.99
2903.51 6.74
2905.51 1.4
2907.52 0.44
2909.49 6.28
2911.66 9.69
2913.49 2.59
2915.49 2.69
2917.49 7.35
2919.51 8.23
2921.49 6.59
2923.49 8.05
2925.5 2.83
2927.5 0.6
2929.52 8.39
2931.82 2.45
2933.47 3.25
2935.5 7.57
2937.51 0.73
2939.68 1.59
2941.91 1.18
2944.08 0.31
2945.56 0.96
2947.74 0.94
2950.01 1.98
2951.8 2.87
2953.59 0.07
2955.49 0.95
2957.5 0.3
2959.55 0.99
2962.57 1.9
2964.09 4.36
2966.21 0.91
2968.46 0.5
2970.21 1.41
2972.1 0.35
2973.56 4.56
2975.51 7.15
2977.49 2.81
2979.49 0.23
2981.49 0.59
2983.5 7.67
2985.49 0.37
2987.49 0.93
2989.49 1.4
2991.86 2.76
2993.74 2.91
2995.66 2.32
2998.06 2.49
3000.52 0.44
3001.63 2.62
3003.77 4.59
3005.74 0.74
3007.76 0.29
3009.74 2.67
3011.67 1.67
3013.74 8.01
3015.54 1.8
3017.74 6.28
3019.74 0.28
3021.72 5.59
3023.55 0.31
3026.43 3.8
3029.07 0.6
3032.16 1.12
3034.6 1.92
3036.23 0.82
3040.07 0.57
3041.19 1.22
3042.69 1.2
3045.92 0.98
3047.66 1.09
3051.41 0.96
3051.96 1.03
3052.77 1.52
3054.09 0.62
3055.78 1.82
3056.83 3.62
3058.8 1.19
3060.33 3.7
3062.09 2.12
3063.92 0.89
3065.74 1.43
3067.76 2.13
3069.86 0.61
3071.82 2.4
3073.74 3.19
3075.74 2.53
3077.76 1.37
3079.74 3.47
3081.74 4.57
3083.74 3.12
3085.74 3.12
3087.74 4.43
3089.86 5.27
3091.83 1.24
3093.64 5.41
3095.75 0.43
3097.74 3.96
3099.86 0.41
3101.74 0.76
3103.74 4.32
3105.76 6.13
3107.75 0.58
3110.07 1.03
3112.75 0.33
3115.79 0.12
3116.77 5.54
3118.58 1.3
3119.79 7.46
3121.78 0.06
3125.1 1.32
3126.3 0.83
3128.66 1.36
3131.35 0.61
3132.19 5.25
3133.76 1.0
3137.61 3.29
3139.78 4.49
3141.12 3.67
3142.15 1.09
3144.8 0.45
3147.13 2.76
3148.98 1.88
3151.92 1.03
3153.59 5.28
3156.13 0.35
3156.96 0.91
3158.33 1.8
3159.74 1.15
3161.78 0.64
3163.75 7.43
3165.76 9.35
3167.76 0.56
3169.76 0.44
3171.74 0.49
3173.79 6.7
3175.74 4.16
3177.75 1.45
3179.74 0.35
3181.74 1.23
3183.75 0.45
3185.75 0.53
3187.74 0.58
3189.75 7.81
3191.78 0.45
3193.72 0.49
3195.76 0.96
3197.75 7.99
3199.77 0.93
3201.75 0.6
3203.74 3.54
3205.74 1.89
3207.75 3.17
3209.76 10.3
3211.75 10.57
3213.75 5.19
3215.74 4.3
3217.74 2.31
3219.76 10.56
3222.44 0.04
3223.76 1.11
3225.77 4.84
3227.78 1.87
3229.76 0.32
3231.74 0.22
3233.75 0.4
3235.79 5.36
3237.74 7.0
3239.8 9.96
3241.75 6.8
3243.99 13.27
3245.99 2.67
3247.99 11.39
3250.01 1.6
3251.89 6.65
3254.03 2.02
3256.0 2.76
3258.03 2.27
3260.07 0.25
3262.01 7.48
3264.29 7.49
3266.02 0.73
3268.0 0.84
3269.95 0.25
3272.04 0.05
3274.01 0.28
3275.95 4.23
3278.0 2.09
3280.0 1.81
3281.99 0.33
3283.99 2.33
3286.11 0.61
3288.02 2.02
3290.7 1.46
3292.24 3.6
3294.0 0.59
3296.13 5.83
3298.49 4.39
3301.58 1.05
3304.32 0.35
3306.19 1.73
3308.15 1.99
3310.55 0.2
3311.69 2.68
3313.22 5.45
3315.43 0.13
3316.97 0.65
3320.19 0.15
3321.01 1.37
3322.42 0.41
3323.91 4.62
3326.02 2.81
3328.01 3.62
3330.02 1.61
3332.02 0.44
3334.01 5.24
3336.0 4.99
3338.02 6.21
3340.0 1.08
3342.0 7.54
3344.0 5.31
3346.0 0.05
3348.06 0.82
3350.0 0.52
3352.03 0.45
3354.43 0.72
3356.04 0.21
3357.88 6.61
3360.03 0.72
3362.06 0.21
3363.91 0.45
3366.06 0.31
3368.0 6.26
3370.0 6.57
3372.68 1.88
3374.0 6.16
3376.0 3.17
3378.0 0.84
3380.51 0.42
3382.0 0.58
3384.0 9.33
3386.01 1.89
3388.0 0.68
3390.02 0.32
3392.02 0.44
3394.02 1.64
3396.09 1.96
3398.0 0.33
3400.92 0.92
3401.96 0.88
3404.0 4.41
3406.0 5.8
3408.0 6.51
3410.0 0.58
3412.04 8.65
3414.0 0.16
3416.04 2.48
3418.0 0.42
3420.02 14.81
3422.0 0.11
3424.02 2.52
3426.0 15.0
3428.02 6.84
3430.01 3.23
3432.01 1.23
3434.0 0.24
3436.0 0.49
3438.01 1.66
3440.02 6.75
3442.0 11.2
3444.0 5.17
3446.01 0.81
3448.04 0.2
3450.15 7.28
3452.49 0.22
3454.39 2.08
3456.23 1.18
3458.01 2.7
3460.71 0.24
3462.04 6.29
3464.0 0.96
3466.01 1.13
3468.01 5.66
3470.0 0.27
3472.03 4.82
3474.0 0.48
3476.03 1.37
3478.04 4.07
3480.03 1.59
3482.0 0.7
3484.02 1.41
3486.0 0.75
3488.01 1.06
3490.0 5.25
3492.06 3.87
3494.25 4.83
3496.32 0.43
3498.29 5.4
3500.27 0.08
3502.26 4.54
3504.29 6.41
3506.25 3.94
3508.29 1.02
3510.27 8.09
3512.25 3.11
3514.26 3.08
3516.29 0.76
3518.25 0.06
3520.26 0.09
3522.26 0.44
3524.26 1.54
3526.07 3.77
3528.11 0.17
3530.25 0.05
3532.57 3.23
3534.53 0.92
3536.57 1.41
3538.98 4.7
3540.21 6.23
3542.25 3.59
3544.25 0.21
3546.25 4.94
3548.25 0.48
3550.28 4.3
3552.25 5.25
3554.27 3.26
3556.25 0.15
3558.25 1.2
3560.26 1.57
3562.26 5.25
3564.31 1.03
3566.25 7.1
3568.25 0.14
3570.35 1.95
3573.11 0.86
3575.89 0.95
3577.5 0.23
3579.19 0.95
3581.41 0.1
3583.21 6.75
3584.89 7.61
3586.67 0.53
3588.25 2.3
3590.25 0.82
3592.25 7.01
3594.27 0.92
3596.25 0.87
3598.3 6.37
3600.25 0.31
3602.26 0.11
3604.27 0.29
3606.16 8.24
3608.76 1.02
3610.62 0.16
3612.26 1.35
3615.1 0.24
3616.27 2.57
3618.27 2.28
3620.3 0.27
3622.25 7.56
3624.26 15.54
3626.3 0.36
3628.25 0.59
3630.25 0.11
3633.31 3.92
3636.41 4.33
3641.43 1.89
3646.19 1.68
3646.76 0.68
3650.61 1.33
3652.0 1.05
3652.96 0.62
3654.64 0.93
3655.69 6.11
3660.24 0.77
3663.18 1.01
3664.87 1.07
3665.56 1.1
3666.09 6.4
3669.48 0.11
3673.14 0.29
3677.65 1.39
3678.36 1.05
3680.05 7.69
3682.21 1.48
3682.94 1.77
3686.07 5.31
3686.73 0.37
3688.38 1.04
3690.59 6.38
3693.11 1.54
3694.95 0.19
3695.47 6.77
3697.7 0.89
3699.21 1.01
3700.87 7.82
3702.87 8.71
3704.87 3.9
3706.89 5.87
3709.17 6.48
3710.88 6.89
3713.28 3.88
3715.11 1.28
3716.97 4.16
3719.11 0.67
3720.87 2.17
3722.95 0.29
3724.87 2.12
3726.88 2.35
3728.87 7.58
3730.87 10.25
3732.87 11.59
3734.87 9.53
3736.9 3.54
3738.88 0.07
3740.9 1.08
3743.2 0.28
3745.15 2.76
3747.12 7.55
3749.13 0.56
3751.12 3.11
3753.13 7.38
3755.03 1.95
3757.62 0.54
3759.48 5.28
3761.18 0.92
3763.4 0.07
3765.12 7.29
3767.13 1.99
3770.69 0.47
3773.21 6.56
3775.02 6.43
3775.86 7.4
3777.13 0.71
3779.18 3.06
3781.12 0.39
3783.21 1.18
3785.12 1.34
3787.12 0.19
3789.14 5.84
3791.12 9.94
3793.05 6.76
3795.13 3.33
3797.12 0.31
3799.15 1.47
3801.12 9.13
3803.12 4.06
3805.13 6.81
3807.14 0.74
3809.19 3.27
3811.16 0.22
3813.12 4.8
3815.12 1.26
3817.05 1.75
3819.15 0.54
3821.1 0.65
3823.47 4.74
3825.01 1.9
3827.13 8.27
3829.17 0.12
3831.13 1.86
3833.16 0.57
3835.14 0.75
3837.15 1.0
3839.17 1.18
3841.22 1.04
3843.13 1.24
3845.13 4.33
3847.93 1.19
3849.77 2.81
3851.34 0.69
3853.12 0.83
3855.33 1.1
3857.91 2.3
3859.25 0.81
3861.14 5.96
3863.15 0.53
3865.07 6.71
3867.14 6.89
3869.12 6.9
3871.15 8.7
3873.13 0.17
3875.13 1.65
3877.13 3.67
3879.12 9.92
3881.19 0.22
3883.13 0.52
3885.19 4.45
3887.12 0.5
3890.16 4.4
3892.68 1.43
3895.46 1.63
3898.4 8.65
3899.94 0.57
3901.68 0.62
3902.99 14.26
3904.86 10.32
3906.82 0.21
3908.83 5.18
3910.84 0.1
3912.82 6.2
3914.83 9.68
3916.83 10.99
3918.83 2.52
3920.83 1.05
3922.86 5.51
3924.83 0.7
3926.85 4.8
3928.9 3.88
3930.97 4.4
3932.84 6.33
3934.85 0.58
3936.82 5.65
3938.99 0.57
3940.83 4.13
3942.82 6.58
3944.83 0.89
3946.84 0.57
3948.82 5.21
3950.82 0.66
3952.86 5.78
3954.83 6.11
3956.83 6.08
3958.83 1.24
3960.82 6.7
3962.82 7.78
3964.84 2.07
3966.82 0.12
3968.83 1.97
3970.83 7.31
3972.85 0.3
3974.83 0.18
3976.87 7.7
3978.84 1.09
3980.82 0.55
3982.83 2.0
3984.82 3.54
3986.82 6.13
3988.88 2.61
3990.83 0.87
3993.07 0.87
3995.1 5.52
3997.1 0.08
3999.08 1.72
4001.11 7.25
4003.08 8.56
4005.09 0.24
4007.08 2.24
4009.1 8.05
4011.09 0.7
4013.09 0.79
4015.08 5.89
4017.07 0.32
4019.54 1.41
4021.08 4.97
4023.11 2.02
4025.08 4.07
4027.1 5.12
4029.08 2.19
4031.11 4.18
4033.08 3.3
4035.09 4.62
4037.08 4.92
4039.07 3.26
4041.08 5.09
4043.08 3.72
4045.09 0.55
4047.09 5.58
4049.46 0.86
4051.12 0.98
4053.11 7.48
4055.15 1.87
4057.12 6.91
4059.08 6.36
4061.09 6.21
4063.08 4.51
4065.1 0.44
4067.08 7.46
4069.08 0.45
4071.15 5.29
4073.08 6.28
4075.08 9.46
4077.13 0.18
4079.08 9.96
4081.08 1.67
4083.08 0.16
4085.08 3.08
4087.08 4.13
4089.09 5.56
4091.08 4.25
4093.08 0.43
4095.09 2.15
4097.07 0.4
4099.08 6.98
4101.08 3.88
4103.09 0.91
4105.08 0.35
4107.08 1.85
4109.08 3.52
4111.08 8.27
4113.18 6.1
4115.13 7.09
4117.1 1.9
4119.08 0.06
4121.08 4.46
4123.09 0.43
4125.09 5.65
4127.08 6.55
4129.09 10.51
4131.08 0.46
4133.08 0.31
4135.08 0.13
4137.08 11.27
4138.99 12.19
4141.1 0.61
4143.14 3.66
4145.08 4.63
4147.08 2.1
4149.08 5.1
4151.1 3.96
4153.08 6.61
4155.12 3.79
4157.08 5.16
4159.09 4.3
4161.08 2.17
4163.01 0.76
4165.09 0.25
4167.11 3.39
4169.13 2.22
4171.08 6.15
4173.12 6.24
4175.09 0.74
4177.08 6.87
4179.11 1.33
4181.08 5.99
4183.08 0.12
4185.08 0.19
4187.08 5.33
4189.09 3.58
4191.08 3.45
4193.11 3.17
4195.08 0.32
4197.12 0.47
4199.08 3.25
4201.08 0.08
4203.24 1.87
4205.08 0.14
4207.08 5.37
4209.08 7.08
4211.11 0.33
4213.08 0.75
4215.08 3.56
4217.08 0.79
4219.08 0.37
4221.08 6.7
4223.13 0.14
4225.12 3.73
4227.09 2.44
4229.08 6.5
4231.09 0.21
4233.08 7.37
4235.09 0.16
4237.12 0.88
4239.09 0.43
4241.12 1.8
4243.37 3.04
4245.33 7.31
4247.33 0.12
4249.33 7.65
4251.36 1.18
4253.34 1.25
4255.35 1.44
4257.37 0.21
4259.52 0.37
4264.62 0.75
4269.35 0.71
4270.3 1.82
4272.1 5.1
4273.84 0.23
4274.43 2.84
4275.59 0.77
4278.04 0.51
4279.64 1.31
4281.12 12.96
4283.17 1.36
4285.26 4.72
4287.46 2.42
4290.89 7.59
4294.46 1.14
4297.06 6.19
4298.31 2.69
4299.09 0.81
4300.8 11.15
4302.8 12.23
4304.79 3.55
4306.8 0.88
4308.91 1.14
4310.95 2.29
4312.8 8.87
4314.79 0.32
4316.8 0.7
4318.82 7.8
4320.81 0.3
4322.73 0.59
4324.8 2.38
4326.8 0.65
4328.8 12.48
4330.81 3.7
4332.97 0.71
4334.8 2.49
4337.32 4.41
4339.6 0.86
4340.81 5.62
4342.8 0.01
4344.84 5.33
4346.8 5.33
4348.84 0.13
4351.2 0.47
4352.83 6.44
4354.79 10.16
4356.83 7.89
4358.87 0.5
4363.12 0.86
4366.24 7.19
4370.45 1.59
4371.53 6.42
4372.26 3.37
4374.32 3.03
4376.26 3.67
4378.26 11.0
4380.3 11.0
4382.28 11.0
4384.29 11.0
4386.27 11.0
4388.27 9.59
4390.27 9.59
4392.27 3.39
4394.26 4.39
4396.27 0.53
4398.27 9.41
4400.27 9.41
4402.26 9.41
4404.27 9.41
4406.35 1.05
4409.75 4.78
4412.95 1.86
4416.31 3.17
4417.83 0.61
4419.66 4.27
4422.76 1.1
4424.64 0.58
4426.47 2.38
4428.74 0.85
4431.68 4.51
4435.62 16.3
4436.59 1.12
4437.15 0.38
4438.7 2.5
4440.03 0.28
4441.47 8.8
4443.47 0.26
4445.48 0.36
4448.45 0.65
4450.42 2.23
4452.06 7.08
4453.47 13.86
4455.47 0.32
4457.47 2.89
4459.47 0.31
4461.47 0.14
4463.47 0.69
4465.48 4.89
4467.48 6.64
4469.47 0.65
4471.5 4.48
4473.48 7.15
4475.5 9.26
4477.51 3.21
4479.47 0.59
4481.47 0.24
4483.47 6.16
4485.49 0.23
4487.47 2.12
4489.48 0.59
4491.6 5.44
4493.73 1.05
4495.74 0.31
4497.73 1.63
4499.72 1.66
4502.02 0.77
4504.06 0.81
4506.38 0.65
4507.7 5.94
4509.73 5.97
4511.77 6.58
4513.74 6.58
4515.69 6.58
4517.72 6.58
4519.72 5.42
4521.72 3.78
4523.72 6.45
4525.72 6.94
4527.73 0.56
4529.72 6.54
4531.72 5.59
4533.75 6.98
4535.72 7.52
4537.72 0.56
4539.64 5.82
4541.72 0.61
4543.72 10.08
4545.76 0.31
4547.9 0.72
4549.6 2.31
4551.75 1.77
4553.73 4.09
4555.72 1.06
4557.72 11.84
4559.72 4.57
4561.75 13.18
4563.89 2.89
4565.74 0.2
4567.75 2.83
4569.72 0.14
4571.72 5.47
4573.72 5.8
4575.75 0.12
4577.8 0.73
4579.72 1.22
4582.61 1.0
4583.94 2.54
4585.81 4.9
4587.58 9.19
4589.72 0.23
4591.72 0.42
4593.75 1.31
4596.14 0.87
4597.75 6.04
4599.72 6.8
4601.72 3.09
4603.74 0.64
4605.78 2.03
4607.74 7.3
4610.04 0.19
4611.73 1.04
4613.72 4.08
4616.72 2.21
4617.72 1.93
4619.72 0.63
4621.72 4.79
4623.72 7.03
4625.73 4.32
4627.72 0.86
4629.74 7.83
4631.72 3.66
4633.72 0.88
4635.76 3.83
4637.75 1.33
4639.75 4.93
4641.73 8.13
4643.73 0.65
4645.78 8.87
4647.72 0.54
4649.73 1.79
4651.72 4.6
4653.89 0.96
4657.04 0.67
4658.73 5.74
4660.42 0.88
4662.92 0.46
4664.31 6.15
4665.75 1.34
4668.79 0.81
4670.43 9.03
4672.41 8.88
4673.73 1.4
4675.72 0.67
4677.72 2.05
4679.72 0.21
4681.72 6.99
4683.72 5.12
4685.73 0.53
4687.73 4.71
4689.85 9.53
4691.72 4.99
4693.73 5.74
4695.72 6.63
4697.72 2.22
4699.78 5.82
4701.78 5.29
4703.76 5.03
4705.72 0.55
4707.77 1.44
4709.72 6.68
4711.72 1.42
4713.71 2.46
4715.82 4.77
4717.89 6.1
4719.73 0.59
4721.76 2.39
4723.73 5.77
4726.01 0.17
4728.22 3.39
4730.06 6.22
4731.92 1.36
4733.77 2.05
4735.82 0.36
4737.75 10.97
4739.72 0.78
4741.98 8.9
4743.98 5.93
4745.97 7.45
4747.9 9.68
4749.97 8.68
4751.97 0.24
4753.97 0.92
4756.11 1.09
4757.99 3.33
4759.97 3.13
4761.97 2.22
4763.97 6.88
4765.98 8.98
4768.01 5.85
4770.0 0.24
4771.97 6.65
4774.04 0.49
4775.97 0.22
4777.97 3.17
4779.94 0.56
4782.2 0.37
4783.97 0.49
4785.89 0.39
4788.02 0.15
4789.98 5.0
4791.97 5.44
4793.97 0.71
4795.98 5.28
4797.97 0.24
4799.99 2.83
4801.98 6.41
4803.98 14.2
4805.97 1.07
4807.98 5.87
4809.98 5.11
4811.97 8.25
4813.99 8.87
4815.97 0.27
4817.97 2.28
4820.0 4.09
4821.94 3.25
4824.02 0.03
4825.98 0.89
4828.16 0.34
4830.08 7.23
4831.98 0.38
4833.99 3.45
4835.97 0.65
4838.0 10.47
4839.97 9.13
4841.98 9.64
4843.98 0.19
4845.97 0.63
4847.97 5.71
4849.99 0.41
4852.04 4.67
4853.98 3.47
4856.15 1.37
4859.28 1.39
4859.94 3.5
4861.97 9.75
4863.97 4.78
4865.97 0.78
4867.99 0.63
4869.97 0.89
4871.98 0.23
4873.97 1.84
4875.97 6.45
4877.97 0.44
4879.98 3.23
4881.97 7.02
4883.98 1.4
4885.98 8.45
4887.97 8.11
4889.97 6.16
4891.97 0.5
4893.97 8.91
4895.98 0.82
4897.99 1.8
4899.97 4.68
4902.0 6.4
4903.97 1.26
4905.97 6.39
4907.98 0.73
4909.97 5.61
4911.98 0.9
4914.04 1.16
4915.99 11.42
4917.97 6.31
4920.01 5.49
4921.99 0.66
4923.97 6.63
4925.97 0.6
4928.03 14.07
4929.97 2.3
4932.0 4.57
4933.97 0.17
4935.98 0.22
4937.97 5.69
4939.98 0.95
4941.98 4.26
4943.97 9.58
4946.02 0.55
4948.01 5.73
4950.04 0.72
4951.99 3.57
4953.97 0.21
4955.97 12.03
4958.71 1.24
4961.59 0.33
4965.3 7.58
4968.36 0.67
4969.4 1.01
4971.02 6.71
4972.85 6.98
4976.12 0.03
4977.91 1.36
4979.62 0.86
4980.93 0.55
4982.72 5.48
4985.45 2.72
4987.2 1.15
4989.95 0.57
4990.88 11.9
4992.11 7.61
4994.51 0.87
4996.99 0.69
4999.68 2.02
5002.36 7.33
5003.38 2.71
5004.69 0.27
5006.56 0.63
5008.38 0.97
5009.93 4.04
5011.99 4.17
5014.01 6.4
5016.01 1.26
5018.0 1.58
5020.0 3.36
5022.0 0.25
5023.99 0.72
5026.0 4.69
5028.01 0.16
5030.0 9.87
5032.0 1.13
5033.87 11.03
5036.0 12.8
5037.99 0.53
5039.99 11.44
5042.04 11.68
5043.93 0.48
5046.0 11.73
5048.01 11.05
5049.99 14.06
5051.99 8.34
5053.99 4.87
5056.09 0.09
5057.88 7.0
5059.99 0.56
5062.01 8.85
5064.0 0.28
5066.01 8.34
5067.99 5.83
5070.0 10.36
5071.88 6.42
5073.85 9.92
5076.19 0.5
5078.27 2.97
5080.03 4.03
5081.93 13.96
5083.9 6.25
5086.17 3.01
5089.74 3.87
5092.08 3.59
5095.44 1.96
5099.85 0.74
5100.46 3.32
5101.55 4.22
5102.29 6.59
5103.8 0.88
5105.89 9.88
5107.8 0.52
5109.8 3.32
5111.8 0.15
5113.8 3.22
5115.8 0.51
5118.55 0.75
5119.8 5.79
5121.82 0.1
5123.8 4.9
5125.82 0.31
5127.8 3.91
5129.82 2.85
5131.81 10.36
5133.8 0.62
5135.8 4.6
5137.83 4.6
5139.8 10.11
5141.8 0.14
5143.81 0.17
5145.8 1.44
5147.79 6.62
5149.8 6.42
5151.83 2.34
5153.8 6.23
5155.85 10.58
5157.81 2.38
5159.81 0.27
5161.81 6.0
5163.8 9.76
5165.8 7.12
5167.8 9.27
5169.79 9.62
5171.84 0.09
5173.8 5.95
5175.8 8.21
5177.8 5.82
5179.99 0.37
5181.81 0.5
5183.83 10.43
5185.85 2.07
5187.8 0.42
5189.79 5.3
5191.8 0.24
5193.8 0.24
5195.86 0.75
5197.8 1.03
5199.81 0.72
5201.8 3.21
5203.79 0.18
5205.8 4.1
5207.85 1.51
5209.8 3.39
5211.8 0.41
5213.85 0.83
5216.36 0.18
5217.8 8.64
5219.85 5.97
5221.8 0.58
5223.81 0.69
5225.81 5.1
5227.8 0.84
5229.8 1.76
5231.81 1.11
5233.8 9.49
5235.81 0.65
5237.94 5.5
5239.8 8.61
5241.85 0.09
5244.08 4.04
5246.05 0.23
5248.12 4.27
5250.04 0.28
5252.06 9.27
5254.06 1.0
5256.08 8.92
5257.98 0.2
5260.05 5.15
5262.06 8.83
5263.97 4.92
5266.63 1.14
5268.6 4.69
5271.14 5.81
5273.46 3.4
5275.01 6.74
5277.16 3.41
5279.16 0.68
5280.59 10.42
5282.05 10.36
5284.05 9.54
5286.07 0.4
5288.14 0.61
5290.1 6.03
5292.06 5.5
5294.08 0.98
5296.05 0.19
5298.05 7.28
5300.05 0.24
5302.08 6.05
5304.06 1.64
5306.06 1.79
5308.08 0.37
5310.05 0.49
5311.9 9.45
5314.05 9.45
5316.11 0.16
5318.05 4.64
5320.06 4.64
5322.05 5.43
5324.09 1.12
5326.05 3.46
5328.09 0.44
5330.05 1.14
5332.15 1.37
5334.05 0.27
5336.1 2.72
5338.09 2.53
5340.05 2.45
5342.05 0.59
5344.06 2.0
5346.09 3.5
5348.64 1.32
5350.45 2.42
5352.45 0.99
5354.11 3.68
5356.16 6.03
5358.05 7.07
5360.28 1.83
5362.07 0.5
5364.06 3.74
5366.23 1.54
5368.05 0.54
5370.05 1.14
5372.05 0.47
5374.05 8.02
5376.07 1.97
5378.05 8.79
5380.08 9.24
5382.05 1.85
5384.09 5.97
5386.05 0.37
5388.08 0.88
5390.05 2.47
5393.34 0.01
5395.49 4.62
5397.45 3.89
5398.84 2.84
5400.04 0.64
5402.09 0.58
5404.06 0.84
5406.11 7.44
5408.05 6.54
5410.08 0.62
5412.13 1.1
5414.09 1.21
5416.06 3.12
5418.06 9.43
5420.06 2.09
5422.41 0.22
5424.35 1.68
5426.05 2.23
5428.06 1.26
5430.35 1.14
5432.05 6.23
5434.06 1.33
5436.39 0.95
5438.09 4.98
5440.08 1.79
5442.06 4.56
5444.07 0.96
5446.05 1.73
5448.08 2.22
5450.05 1.14
5452.06 9.33
5454.06 2.8
5456.06 4.04
5458.07 1.64
5460.05 1.43
5462.05 1.88
5464.05 8.69
5466.14 0.26
5468.05 5.38
5470.05 2.63
5472.05 2.18
5474.08 5.81
5476.07 10.25
5478.07 0.3
5480.07 3.56
5482.07 10.69
5484.05 0.71
5486.07 0.56
5488.6 3.33
5490.2 3.38
5492.58 3.2
5494.17 0.26
5497.05 1.0
5498.76 0.75
5500.31 1.07
5502.36 7.91
5504.3 9.55
5506.3 0.23
5508.5 0.22
5511.07 0.36
5513.84 3.62
5516.0 5.0
5520.31 4.77
5523.57 4.5
5525.0 0.24
5525.63 2.31
5527.47 0.76
5530.53 11.26
5532.79 0.15
5534.86 6.1
5536.66 0.17
5538.22 5.81
5543.63 0.47
5544.51 1.02
5545.46 0.31
5546.59 6.51
5548.38 3.46
5550.67 1.54
5552.83 2.13
5553.33 5.18
5554.71 0.81
5556.84 0.68
5557.94 1.98
5559.96 10.26
5561.96 4.92
5563.96 0.18
5565.96 2.72
5567.96 8.91
5570.0 6.92
5571.96 6.88
5574.1 0.46
5575.99 0.91
5578.01 11.09
5579.96 11.81
5581.99 9.09
5583.97 5.34
5585.99 0.24
5588.88 1.88
5590.17 1.01
5592.57 1.16
5595.71 0.63
5599.51 0.67
5602.19 9.18
5604.57 2.27
5606.26 2.94
5607.81 2.38
5608.7 6.61
5610.28 0.75
5611.92 0.23
5612.86 2.89
5614.38 2.23
5615.97 6.63
5617.97 3.72
5619.91 1.88
5622.03 1.7
5623.97 4.59
5625.99 1.58
5627.99 7.39
5630.01 0.72
5635.15 0.63
5636.08 2.45
5637.09 3.93
5638.54 4.23
5639.98 3.69
5641.98 0.75
5643.96 0.63
5645.97 6.02
5647.96 5.54
5649.97 2.15
5652.03 6.93
5653.96 1.76
5656.01 1.7
5657.98 0.1
5659.97 0.34
5661.97 0.24
5663.97 7.32
5665.97 4.36
5667.97 7.89
5670.0 8.99
5671.99 2.85
5673.97 10.29
5676.06 0.35
5677.97 0.65
5679.97 3.68
5681.97 0.89
5683.97 0.17
5685.99 1.23
5687.98 3.33
5690.03 0.71
5691.97 0.19
5694.1 0.78
5695.97 5.91
5697.97 10.47
5700.0 11.04
5702.0 0.33
5703.97 7.78
5705.99 0.83
5707.97 4.69
5710.09 7.6
5712.03 18.69
5714.82 0.13
5715.98 1.1
5717.97 10.53
5719.97 5.84
5721.98 0.46
5723.97 0.69
5725.97 5.89
5727.97 5.15
5729.98 0.33
5732.0 0.16
5733.97 8.2
5736.01 4.93
5738.85 0.12
5741.18 3.95
5742.57 3.07
5745.36 3.07
5748.08 0.84
5750.06 0.46
5752.49 5.63
5754.42 0.2
5756.08 0.45
5758.0 0.17
5760.12 2.55
5762.12 0.65
5764.26 1.47
5765.43 4.38
5767.34 2.91
5768.62 6.47
5770.06 1.18
5772.27 1.32
5774.32 2.71
5776.43 0.8
5779.3 2.7
5780.81 3.36
5783.44 0.82
5785.19 3.37
5786.78 0.52
5788.22 4.63
5790.26 7.32
5792.31 6.82
5795.1 1.93
5796.5 2.08
5798.3 0.6
5801.33 0.58
5802.48 3.73
5804.93 0.48
5807.51 0.67
5809.36 1.3
5811.62 0.46
5813.14 2.01
5815.4 5.34
5816.3 7.17
5818.23 0.63
5820.39 0.53
5822.22 7.13
5824.22 0.72
5826.22 8.06
5828.27 4.01
5830.12 8.87
5832.27 0.36
5834.22 0.31
5836.23 7.09
5838.22 0.97
5840.13 0.13
5842.38 2.86
5844.24 2.86
5846.22 8.85
5848.22 0.04
5850.22 9.72
5852.22 0.65
5854.16 5.27
5856.22 0.69
5858.27 7.77
5860.22 7.3
5862.25 0.59
5864.22 7.63
5866.17 0.64
5868.27 5.29
5870.24 0.1
5872.22 0.62
5875.37 0.55
5876.94 2.36
5879.94 5.69
5883.0 1.83
5884.65 0.03
5886.19 1.22
5886.78 1.38
5888.22 3.89
5890.22 8.28
5892.28 0.36
5894.23 3.13
5896.25 3.91
5898.23 1.03
5900.48 0.38
5902.7 1.64
5904.89 5.56
5906.44 3.48
5908.46 1.01
5910.22 1.51
5912.22 7.8
5914.8 2.18
5916.27 7.87
5918.89 0.12
5920.84 0.29
5922.84 5.39
5924.24 0.29
5926.24 3.14
5928.25 3.95
5930.26 0.68
5932.22 0.34
5934.23 0.52
5936.22 2.74
5938.36 0.78
5940.23 3.53
5942.25 4.43
5944.22 7.42
5946.22 5.32
5948.28 0.52
5950.23 5.33
5952.27 2.44
5954.22 0.26
5956.23 4.94
5958.24 0.2
5960.26 6.54
5962.22 0.74
5964.25 6.34
5967.33 0.46
5968.27 3.06
5970.22 7.04
5973.39 0.01
5974.45 9.06
5976.23 0.93
5978.22 5.63
5980.25 10.45
5982.23 6.72
5984.22 4.66
5986.25 0.43
5988.22 1.14
5990.26 1.22
5992.55 6.1
5994.47 0.19
5996.5 0.67
5998.38 0.65
6000.8 0.56
6002.47 3.15
6004.51 6.31
6006.53 0.7
6008.44 0.96
6010.47 0.8
6012.47 7.25
6014.54 5.14
6016.47 1.56
6018.47 5.72
6020.48 0.72
6022.47 0.67
6025.5 2.9
6029.94 2.47
6033.01 4.12
6033.58 1.86
6035.47 0.52
6036.16 2.73
6037.61 0.57
6040.17 0.65
6042.11 0.85
6043.22 5.83
6044.86 0.53
6046.47 4.28
6048.47 0.87
6050.47 1.3
6052.53 4.15
6056.1 4.16
6058.07 1.1
6060.21 1.18
6062.98 0.57
6063.71 1.62
6065.66 1.13
6067.12 7.87
6068.47 6.55
6070.89 1.33
6073.8 0.42
6076.22 2.33
6079.69 4.6
6080.21 1.62
6082.1 1.13
6083.85 6.65
6086.32 9.19
6088.46 6.83
6090.11 1.02
6091.34 7.61
6092.97 0.24
6094.49 11.11
6096.47 12.66
6098.48 8.97
6101.86 3.56
6104.24 9.62
6105.08 2.05
6106.7 0.41
6108.48 0.89
6110.8 2.92
6112.54 0.17
6114.47 0.48
6116.53 6.22
6118.47 4.17
6120.54 7.28
6122.39 12.34
6124.51 0.14
6126.59 5.18
6128.51 5.34
6130.48 7.86
6133.67 0.35
6135.98 1.58
6138.79 0.25
6141.72 3.52
6142.3 0.12
6144.29 3.11
6146.29 0.63
6148.29 0.53
6150.29 2.45
6152.29 2.98
6154.31 2.98
6156.29 3.76
6158.3 2.39
6160.29 3.46
6162.31 3.66
6164.28 2.39
6166.31 4.88
6168.29 4.88
6170.29 3.15
6172.29 0.62
6174.29 5.38
6176.34 5.37
6178.29 6.17
6180.29 6.01
6182.68 5.34
6186.81 0.53
6190.16 5.82
6193.48 0.84
6194.69 0.65
6196.14 1.08
6200.52 2.27
6201.37 3.85
6204.18 2.03
6204.91 1.33
6205.95 0.41
6208.1 11.27
6210.65 0.85
6212.03 3.03
6212.99 0.51
6214.07 2.77
6216.04 0.53
6218.07 4.28
6220.13 7.36
6222.1 1.81
6225.05 2.34
6227.61 0.84
6229.05 12.47
6232.58 0.03
6235.19 5.48
6235.79 0.06
6236.55 0.29
6238.62 1.24
6240.06 0.65
6242.29 0.4
6244.29 7.7
6246.3 2.84
6248.27 5.45
6250.29 1.01
6252.2 3.97
6254.29 0.48
6256.27 2.38
6258.29 4.25
6260.27 6.09
6262.27 2.92
6264.64 0.59
6266.39 3.28
6268.34 3.0
6270.31 0.21
6272.15 0.7
6274.27 1.18
6276.13 10.88
6278.27 0.2
6280.35 0.71
6282.28 1.45
6284.29 6.91
6286.27 7.39
6288.28 8.47
6290.27 5.64
6292.38 4.27
6295.77 0.35
6296.75 0.29
6298.79 5.66
6300.19 5.97
6302.27 0.11
6305.31 1.9
6308.08 3.86
6310.93 0.38
6314.32 0.55
6315.87 3.81
6320.14 4.28
6320.71 5.33
6322.92 0.18
6323.84 3.59
6325.71 3.38
6327.42 1.35
6328.98 7.72
6331.13 0.33
6333.78 6.02
6338.1 5.96
6338.93 5.7
6339.79 2.95
6341.79 3.21
6343.98 4.03
6345.83 1.84
6348.15 3.93
6351.02 0.23
6352.42 3.71
6353.85 5.18
6355.81 1.46
6358.35 1.32
6361.48 1.1
6362.88 3.06
6365.46 0.69
6367.93 0.81
6369.64 8.02
6370.93 2.18
6372.59 4.37
6373.83 6.8
6375.79 4.51
6377.8 0.16
6379.79 8.66
6381.83 5.46
6383.79 5.46
6385.81 5.46
6387.79 0.48
6389.8 2.39
6391.88 4.28
6393.79 5.36
6395.79 7.86
6397.79 1.62
6399.79 6.64
6401.84 4.48
6403.82 0.04
6405.79 0.25
6407.79 1.91
6409.79 0.82
6411.81 0.09
6413.82 4.78
6415.8 0.99
6417.8 1.12
6419.83 3.85
6421.84 1.62
6423.8 2.32
6425.8 5.68
6427.85 1.23
6429.91 1.43
6431.81 2.96
6433.79 6.78
6435.79 3.5
6437.83 0.78
6439.79 0.92
6441.82 0.18
6443.8 5.54
6445.84 0.11
6447.79 8.16
6449.83 6.61
6451.79 0.44
6453.8 0.12
6455.86 1.27
6457.81 5.38
6460.08 4.77
6461.8 2.52
6463.84 9.47
6465.82 4.71
6467.84 10.88
6469.8 0.59
6471.82 2.09
6473.79 0.28
6475.81 7.9
6477.8 5.52
6479.8 0.14
6481.79 0.29
6483.81 0.53
6485.79 0.79
6487.81 4.31
6489.79 0.83
6492.05 9.66
6494.06 0.49
6496.04 3.64
6498.13 8.84
6500.08 1.99
6501.87 0.18
6504.09 3.76
6506.17 7.01
6508.09 0.26
6510.09 9.95
6512.06 3.79
6514.05 1.41
6516.01 0.42
6518.04 0.87
6520.05 1.51
6522.04 0.38
6524.07 0.3
6526.05 0.2
6528.88 3.07
6530.41 0.69
6532.29 1.09
6533.9 0.72
6535.87 7.08
6538.11 6.88
6540.04 3.92
6542.06 0.37
6544.06 0.15
6546.06 7.7
6548.05 1.34
6550.05 8.86
6552.04 7.0
6553.94 5.93
6556.05 4.03
6558.19 0.26
6560.05 0.64
6562.08 1.45
6564.05 8.19
6566.05 7.79
6568.05 0.09
6570.05 5.69
6572.18 0.4
6574.16 0.25
6576.06 9.43
6577.97 5.22
6580.05 10.18
6582.04 0.47
6585.69 2.77
6586.92 3.67
6588.7 0.09
6590.05 5.84
6592.07 4.94
6594.1 0.94
6596.09 1.8
6598.05 3.84
6600.06 6.69
6601.98 3.84
6604.05 1.04
6606.08 0.17
6608.05 0.35
6610.06 2.29
6612.05 3.81
6614.06 3.28
6616.05 2.33
6618.05 0.24
6620.25 0.14
6622.08 2.33
6624.05 0.36
6626.14 1.47
6628.11 0.4
6630.06 2.37
6632.05 3.11
6634.05 0.67
6636.07 1.6
6638.08 2.68
6640.1 2.68
6642.05 0.29
6644.07 1.8
6646.05 3.82
6647.98 1.7
6650.77 0.2
6655.32 2.83
6656.68 3.04
6659.58 7.02
6662.19 0.23
6663.46 0.54
6664.5 0.66
6665.72 3.92
6667.57 4.61
6669.6 0.26
6671.57 6.32
6673.57 2.01
6675.61 3.51
6678.1 2.55
6680.43 1.49
6681.55 4.09
6683.56 3.27
6685.56 1.47
6687.57 3.98
6689.56 0.67
6691.56 5.68
6693.57 0.82
6696.93 0.8
6697.98 3.04
6699.61 0.2
6701.56 0.71
6703.57 5.71
6705.56 0.34
6707.56 6.67
6709.56 3.79
6711.56 0.77
6713.56 7.63
6715.65 1.0
6717.55 2.3
6719.59 2.05
6721.56 4.07
6723.56 2.24
6725.58 1.42
6727.56 4.23
6729.84 0.77
6732.06 4.09
6733.81 5.0
6736.31 0.63
6737.57 4.03
6739.56 6.87
6741.59 0.78
6743.82 0.21
6745.88 5.32
6747.71 2.37
6750.34 0.06
6751.71 6.7
6753.8 6.99
6757.04 0.12
6758.4 0.57
6760.52 0.12
6763.27 2.71
6766.17 0.38
6767.78 8.93
6769.68 5.99
6774.05 0.83
6775.07 0.54
6777.54 0.84
6779.21 0.46
6780.45 4.96
6783.47 3.58
6785.64 3.68
6787.65 3.68
6789.64 5.83
6791.62 5.83
6793.61 3.75
6795.7 2.71
6797.7 0.93
6799.68 1.06
6801.61 6.85
6803.64 7.41
6805.69 1.49
6807.63 0.56
6809.61 2.72
6811.63 3.29
6813.64 1.65
6815.62 7.18
6817.62 4.65
6819.67 9.2
6821.61 1.22
6823.62 2.44
6825.77 1.77
6827.53 4.2
6829.68 3.08
6831.61 0.7
6833.64 1.22
6835.63 0.48
6837.65 5.59
6839.61 3.81
6841.61 4.11
6843.63 4.52
6845.64 0.77
6847.73 0.93
6849.72 5.54
6851.62 0.18
6853.72 1.98
6855.72 5.42
6857.62 3.42
6859.61 2.19
6861.53 7.42
6863.63 3.78
6865.63 1.25
6867.63 3.76
6869.62 4.83
6871.75 0.17
6873.61 7.3
6875.61 0.14
6877.63 7.11
6879.61 0.32
6881.7 1.59
6883.62 5.5
6886.14 1.41
6887.59 2.03
6889.64 1.17
6891.65 4.38
6897.18 0.79
6898.89 3.72
6900.43 5.06
6901.83 3.2
6903.19 4.96
6905.23 0.57
6907.21 6.91
6909.22 5.81
6911.19 2.83
6913.2 4.17
6915.26 5.59
6917.19 10.01
6919.2 3.13
6921.2 7.31
6923.25 5.97
6925.2 8.97
6927.22 6.61
6929.19 6.0
6931.22 3.64
6933.19 1.32
6935.22 10.78
6937.19 6.53
6939.22 1.48
6941.2 4.3
6943.19 1.64
6945.19 0.56
6947.3 3.4
6949.19 3.44
6951.31 1.02
6953.2 5.1
6955.2 0.04
6957.21 1.01
6959.21 5.13
6961.23 0.95
6963.19 2.1
6965.25 1.73
6967.2 2.15
6969.21 8.07
6971.92 4.8
6974.26 3.49
6976.2 4.35
6977.54 10.46
6979.19 6.5
6981.49 6.25
6983.34 5.69
6986.52 2.42
6989.21 5.07
6991.13 1.1
6993.47 0.71
6995.24 2.17
6999.41 0.28
7001.02 2.04
7001.7 7.4
7003.46 0.04
7007.56 0.01
7008.47 7.56
7010.17 2.61
7012.51 0.47
7014.43 1.04
7016.14 6.77
7017.49 6.69
7018.87 2.64
7020.82 3.42
7022.36 7.08
7023.27 6.06
7025.44 0.09
7027.46 7.68
7029.44 9.83
7031.5 9.83
7033.44 0.13
7035.44 0.32
7037.45 2.93
7039.44 1.28
7041.44 2.91
7043.45 5.05
7045.44 0.7
7047.49 1.85
7049.5 2.55
7051.48 4.81
7053.51 3.35
7055.52 4.4
7057.46 5.83
7059.52 0.83
7061.46 0.5
7063.44 0.43
7065.45 4.39
7067.44 5.06
7069.44 2.92
7071.4 4.13
7073.45 3.46
7075.45 2.07
7077.46 3.42
7079.5 2.82
7081.34 0.43
7083.45 1.93
7085.45 1.08
7087.46 2.93
7089.45 2.22
7091.44 0.76
7093.47 3.34
7095.46 1.24
7097.46 1.13
7099.48 4.16
7101.44 3.58
7103.47 1.07
7105.45 5.16
7107.45 0.52
7109.45 2.47
7111.45 0.32
7113.48 4.34
7115.45 6.8
7117.45 0.61
7119.55 1.59
7121.46 0.03
7123.45 6.33
7125.46 4.23
7127.45 0.06
7129.47 5.34
7131.56 0.5
7133.51 6.63
7135.55 2.99
7137.5 1.06
7139.44 0.14
7141.45 0.7
7143.44 5.11
7145.44 0.14
7147.46 4.7
7149.46 4.37
7151.49 0.82
7153.48 0.09
7155.48 0.64
7157.45 0.4
7159.45 0.19
7161.48 3.55
7163.42 0.13
7165.54 2.32
7167.78 7.35
7170.16 0.25
7172.77 2.98
7174.84 0.74
7176.42 2.3
7179.08 2.86
7180.88 2.12
7181.97 4.73
7183.57 1.89
7185.47 2.51
7187.47 9.23
7189.45 9.65
7191.54 3.67
7193.45 0.23
7195.45 12.18
7197.45 0.67
7199.45 0.58
7201.45 1.3
7203.45 1.99
7205.44 3.39
7207.49 1.17
7209.47 1.08
7211.48 1.25
7213.45 0.05
7215.47 5.52
7217.48 7.75
7219.46 4.94
7221.45 4.5
7223.52 3.83
7225.45 9.55
7227.45 2.3
7229.5 0.03
7231.49 1.39
7233.46 1.38
7235.45 2.33
7237.46 1.81
7239.45 9.4
7241.7 1.7
7243.7 6.28
7245.71 0.34
7247.7 0.2
7249.7 2.3
7251.72 0.32
7253.71 3.35
7255.88 0.05
7257.73 1.87
7259.71 4.39
7261.7 3.6
7263.71 5.95
7265.71 5.14
7267.7 1.41
7269.7 0.45
7271.7 6.63
7273.72 8.17
7275.7 6.96
7277.84 0.69
7279.61 0.68
7281.73 0.51
7283.82 1.16
7285.86 6.5
7287.77 0.08
7289.95 0.24
7291.98 0.43
7293.72 1.02
7295.59 8.9
7299.19 1.65
7302.99 0.6
7304.06 6.33
7306.24 4.33
7308.25 0.35
7311.58 0.1
7312.17 2.23
7315.93 1.24
7318.84 1.56
7320.44 0.22
7322.05 4.46
7325.67 4.3
7326.6 3.77
7327.18 4.06
7334.12 3.32
7336.59 1.63
7340.47 1.76
7341.41 3.21
7343.36 4.53
7344.35 2.17
7345.12 1.47
7347.38 1.72
7348.97 3.67
7351.71 1.51
7356.93 4.23
7358.1 0.63
7359.87 8.79
7362.33 0.53
7365.88 5.44
7369.27 2.23
7370.18 6.33
7371.15 4.1
7373.29 10.2
7375.22 2.6
7376.64 2.4
7378.07 5.52
7379.02 4.86
7380.65 0.36
7382.8 0.14
7384.35 3.76
7386.36 2.71
7388.47 0.23
7391.8 0.99
7393.29 1.33
7394.87 0.13
7396.61 5.68
7398.6 0.1
7400.63 0.43
7402.88 2.77
7405.15 4.68
7408.79 2.04
7413.61 0.64
7418.27 1.64
7421.56 0.82
7423.19 3.63
7424.15 3.28
7427.02 1.59
7429.95 0.24
7432.42 0.37
7434.75 0.12
7436.72 2.36
7437.96 1.51
7439.41 6.31
7441.08 7.22
7443.98 0.32
7445.8 3.12
7448.71 3.65
7449.77 2.59
7452.16 1.28
7453.84 6.77
7454.93 7.31
7456.92 0.58
7458.94 7.46
7460.92 0.26
7462.93 1.28
7464.92 4.13
7466.92 6.97
7468.92 1.99
7470.93 3.23
7472.97 4.54
7474.92 0.49
7476.98 6.77
7479.63 2.58
7481.28 6.14
7483.0 4.5
7485.17 0.52
7487.2 7.5
7489.09 0.86
7491.52 4.93
7493.47 1.07
7495.13 0.57
7497.23 0.21
7498.98 0.98
7501.32 0.46
7503.17 2.41
7505.23 6.55
7507.17 3.05
7509.18 1.73
7511.17 3.65
7513.19 3.65
7515.2 0.59
7517.21 2.53
7519.18 2.53
7521.21 3.01
7523.17 0.32
7524.97 0.74
7527.18 2.54
7529.19 2.22
7531.19 3.0
7533.17 5.47
7535.23 0.1
7537.17 0.58
7539.2 2.93
7541.17 0.55
7543.2 0.43
7545.19 5.51
7547.18 1.35
7549.18 5.05
7551.2 2.49
7553.17 4.05
7555.17 0.09
7557.23 1.87
7559.17 3.58
7561.17 0.08
7563.22 3.3
7565.17 1.28
7567.73 1.41
7569.64 0.86
7572.59 2.08
7574.79 0.57
7576.5 1.26
7579.21 2.06
7581.93 5.94
7583.67 4.88
7585.55 0.18
7586.73 0.2
7587.3 9.13
7589.17 0.53
7591.18 0.2
7593.2 9.3
7595.17 7.03
7597.18 4.25
7599.17 6.94
7601.21 6.81
7603.22 0.51
7605.17 6.3
7607.23 2.23
7609.17 0.51
7611.17 2.02
7613.17 3.4
7615.18 3.97
7617.17 1.74
7619.25 5.66
7621.17 2.04
7623.18 4.81
7625.18 0.42
7627.18 5.7
7629.17 2.12
7631.2 0.59
7633.22 0.56
7636.02 4.28
7639.32 2.98
7641.3 2.53
7643.19 0.56
7645.13 0.88
7647.29 2.04
7649.81 4.11
7651.87 2.67
7653.75 5.34
7655.34 4.79
7656.92 1.01
7658.42 0.46
7659.55 3.9
7661.22 5.92
7663.18 0.82
7665.18 2.67
7667.24 4.18
7669.17 5.77
7671.21 1.11
7673.17 4.69
7675.2 1.15
7677.17 6.74
7679.19 2.6
7681.17 5.87
7683.2 4.7
7685.17 0.61
7687.23 2.66
7689.17 0.79
7691.17 2.8
7693.27 7.83
7695.18 1.41
7697.22 0.2
7699.38 0.14
7701.19 5.5
7703.17 2.35
7705.17 2.44
7707.17 3.35
7709.19 6.44
7711.17 0.21
7713.22 0.3
7715.23 2.76
7717.17 0.07
7719.18 1.17
7721.18 0.73
7723.17 0.67
7725.17 0.72
7727.17 7.12
7729.26 1.69
7731.2 0.29
7733.44 0.44
7735.42 1.75
7737.86 1.79
7739.43 0.45
7741.42 1.04
7743.5 5.22
7745.96 0.96
7748.31 0.2
7749.8 3.61
7751.51 3.72
7753.33 2.64
7755.42 3.04
7757.31 1.01
7759.42 4.09
7761.45 6.07
7763.42 5.97
7765.43 5.6
7767.45 1.81
7769.52 1.5
7771.44 3.88
7774.12 0.4
7778.25 0.33
7781.21 0.62
7781.75 5.0
7783.04 0.37
7784.8 1.49
7785.95 5.02
7787.44 0.25
7791.22 0.59
7792.96 0.44
7794.76 1.63
7795.83 4.01
7797.45 4.83
7799.42 1.65
7801.45 0.35
7803.42 4.07
7805.48 1.05
7807.42 3.24
7809.47 0.24
7811.43 4.7
7813.43 1.09
7816.1 0.15
7819.57 0.26
7821.12 0.97
7822.64 1.47
7824.82 5.03
7827.16 0.17
7829.23 1.4
7831.07 5.15
7833.02 1.05
7834.72 3.56
7837.2 0.16
7841.34 3.83
7843.02 0.3
7844.43 0.29
7845.81 0.19
7850.32 5.41
7851.14 3.56
7854.73 0.4
7855.84 3.96
7858.67 0.27
7860.67 1.68
7863.77 0.4
7864.29 1.22
7864.92 4.58
7869.47 0.85
7870.46 2.91
7871.88 1.12
7875.47 0.06
7882.45 1.44
7885.96 1.11
7886.47 3.5
7887.79 1.02
7888.71 1.44
7891.27 1.52
7892.37 3.75
7893.48 4.11
7897.49 1.65
7898.12 0.78
7898.74 4.82
7900.36 0.54
7901.76 0.79
7903.1 0.67
7904.65 0.86
7906.9 7.29
7908.56 6.93
7909.13 0.81
7911.12 2.4
7913.06 0.13
7914.77 6.61
7916.77 0.67
7918.77 1.95
7921.97 1.0
7922.77 4.54
7924.81 5.39
7928.39 3.96
7929.78 6.01
7931.3 1.31
7933.01 7.79
7934.79 5.9
7936.8 2.01
7938.77 1.67
7940.77 6.47
7942.78 4.97
7944.77 3.17
7946.77 1.9
7948.77 0.69
7950.77 6.85
7952.77 0.46
7955.45 2.38
7959.01 4.33
7960.47 4.16
7963.42 0.45
7964.16 0.86
7967.3 1.21
7972.24 0.26
7974.17 0.61
7976.22 0.47
7976.86 1.59
7978.3 0.51
7979.01 4.06
7981.25 0.44
7982.19 4.78
7985.71 0.58
7988.74 1.59
7990.75 6.44
7992.71 0.12
7995.9 2.21
7998.31 0.14
8000.5 1.48
8001.72 0.63
8003.58 0.57
8005.5 0.83
8009.0 5.77
8010.74 1.19
8012.46 0.58
8013.49 3.72
8015.27 5.96
8016.71 10.58
8018.71 7.87
8020.76 2.6
8023.64 3.42
8025.09 0.47
8026.63 0.42
8028.71 0.49
8030.71 3.54
8032.73 6.28
8035.11 0.86
8036.73 0.23
8038.71 4.34
8040.88 4.52
8042.71 6.5
8044.71 5.52
8046.71 2.21
8049.35 2.54
8053.21 1.72
8055.71 2.6
8057.21 2.09
8061.3 9.18
8063.15 0.24
8065.19 1.28
8067.96 2.02
8068.89 9.98
8069.89 14.19
8070.74 8.52
8072.41 7.81
8075.79 1.46
8079.03 0.12
8079.97 0.32
8081.26 7.8
8082.44 0.44
8083.94 9.23
8084.62 9.34
8086.71 0.73
8088.74 5.46
8090.71 5.43
8092.75 2.46
8094.72 3.83
8096.72 7.97
8098.71 0.62
8100.71 10.35
8102.71 0.53
8104.71 8.6
8106.72 7.55
8108.71 0.75
8110.71 0.76
8112.72 1.41
8114.71 4.26
8116.81 0.84
8118.7 5.35
8120.71 5.07
8122.73 0.21
8125.13 1.91
8128.42 4.69
8131.12 4.26
8132.57 5.93
8134.56 7.54
8136.58 7.54
8138.56 7.03
8140.56 6.12
8142.56 2.75
8144.77 0.11
8146.57 10.09
8148.57 0.9
8150.57 0.67
8152.57 18.52
8154.56 11.22
8156.63 16.45
8158.59 0.13
8160.59 15.38
8162.56 6.49
8164.58 0.12
8166.66 9.22
8168.56 0.19
8170.66 0.34
8172.56 0.39
8174.56 4.55
8176.58 0.07
8178.56 1.01
8180.57 0.67
8182.6 0.66
8184.58 1.35
8186.64 0.53
8188.56 2.13
8190.64 6.35
8192.57 1.89
8194.58 0.5
8196.56 4.94
8198.57 1.39
8200.56 2.57
8202.56 0.87
8204.57 0.58
8206.56 4.8
8208.63 7.85
8210.56 2.03
8212.56 0.56
8214.56 4.81
8216.59 0.42
8218.56 6.97
8220.56 1.55
8222.56 8.27
8224.56 4.29
8226.56 1.48
8228.56 0.44
8230.86 0.23
8232.81 8.99
8234.81 0.57
8236.71 0.53
8238.76 6.12
8240.83 6.29
8242.82 4.44
8244.81 5.21
8246.81 0.21
8248.88 6.63
8250.81 0.49
8252.85 0.41
8254.81 1.04
8256.87 7.76
8258.82 4.99
8260.82 6.91
8262.69 8.7
8264.85 5.05
8266.81 5.87
8268.81 7.68
8270.82 6.03
8272.65 0.11
8274.81 7.99
8276.82 0.79
8278.81 0.17
8280.83 4.68
8282.82 5.57
8284.82 0.26
8286.69 10.06
8288.82 10.33
8290.82 1.63
8292.82 7.35
8294.82 2.26
8296.81 1.52
8298.82 6.0
8300.9 5.43
8302.82 3.52
8304.83 1.23
8306.81 0.17
8308.81 0.43
8310.73 6.43
8312.84 0.16
8314.81 0.45
8317.3 1.79
8320.51 0.58
8323.22 4.07
8324.63 1.66
8326.6 1.53
8329.12 0.19
8330.48 2.23
8333.07 5.95
8334.42 3.54
8336.52 4.68
8338.43 0.45
8340.44 0.39
8342.43 1.94
8344.31 1.6
8346.45 1.2
8348.43 1.5
8350.34 0.57
8352.43 1.25
8354.71 0.63
8356.41 1.77
8358.45 4.35
8360.51 3.77
8362.43 2.4
8364.43 0.01
8366.43 3.31
8368.43 0.8
8370.44 6.01
8372.46 8.33
8374.43 0.82
8376.46 3.86
8378.43 7.71
8380.43 8.52
8382.39 8.43
8384.44 0.82
8386.43 2.98
8388.43 0.25
8390.43 0.53
8392.43 4.91
8394.43 2.51
8396.47 7.39
8398.51 0.64
8400.43 4.88
8402.44 1.15
8404.43 0.23
8406.47 3.7
8409.67 7.36
8411.91 0.35
8414.29 3.84
8414.79 1.29
8416.39 0.11
8418.43 1.68
8420.45 5.16
8422.43 0.96
8424.43 3.22
8426.43 0.39
8428.46 3.62
8430.43 6.6
8432.44 3.52
8434.45 4.84
8436.65 0.1
8439.86 0.53
8443.29 0.76
8451.46 0.8
8452.07 0.95
8452.73 1.81
8453.58 1.2
8455.48 0.67
8457.49 0.94
8459.48 3.85
8461.48 1.05
8463.48 2.79
8465.48 1.52
8467.52 0.24
8469.51 0.6
8471.5 0.29
8473.49 5.87
8475.51 4.18
8477.48 4.72
8479.75 1.29
8482.46 1.22
8485.29 0.66
8487.58 0.75
8488.79 1.89
8489.71 1.35
8491.66 4.24
8493.8 0.15
8495.74 4.56
8497.73 5.31
8499.74 0.98
8501.74 5.63
8503.74 0.43
8505.78 0.23
8507.74 5.18
8509.79 3.47
8511.6 0.27
8513.75 0.33
8515.7 4.19
8517.69 4.75
8520.5 2.73
8521.76 1.48
8523.77 1.18
8525.77 0.93
8527.74 8.43
8529.83 2.57
8531.74 10.26
8533.87 4.94
8535.74 1.06
8537.77 2.85
8540.08 7.03
8542.15 12.73
8544.83 0.66
8546.25 8.29
8547.73 3.35
8549.76 1.08
8551.68 0.48
8553.96 0.9
8557.17 3.81
8559.69 9.11
8560.49 12.7
8561.75 1.8
8563.86 8.88
8565.74 12.06
8567.82 6.02
8569.76 1.6
8571.75 0.75
8573.76 4.21
8575.74 0.44
8577.75 3.77
8579.74 0.92
8581.77 1.15
8583.75 1.6
8585.74 2.6
8587.74 2.93
8590.24 0.49
8591.73 2.86
8593.76 4.99
8595.74 0.8
8597.77 7.32
8599.74 7.12
8601.75 4.82
8603.77 7.85
8605.74 8.3
8607.79 0.25
8609.74 0.9
8611.81 1.22
8613.75 1.88
8615.74 1.75
8617.73 8.51
8619.74 5.27
8621.83 0.39
8623.74 1.25
8625.73 9.33
8627.73 0.5
8629.83 2.06
8631.76 9.44
8633.76 0.89
8635.75 9.63
8637.77 0.3
8639.83 4.8
8641.78 0.52
8643.74 2.09
8645.79 0.05
8647.74 10.96
8649.73 0.47
8652.29 2.23
8653.74 2.16
8655.73 0.94
8657.74 1.13
8659.71 3.96
8661.74 0.79
8663.77 5.37
8665.76 0.73
8667.74 0.39
8669.77 6.45
8671.76 0.56
8673.74 0.9
8675.83 5.12
8677.74 0.29
8679.74 5.06
8681.76 1.66
8683.78 2.04
8685.76 2.81
8687.78 0.3
8689.75 4.83
8691.74 3.62
8693.78 1.49
8695.74 0.11
8697.76 0.09
8699.74 0.51
8701.74 3.88
8703.73 2.78
8705.76 5.09
8707.74 4.44
8709.75 2.86
8711.74 0.1
8713.74 0.1
8715.74 1.51
8717.75 7.59
8719.74 0.74
8721.74 1.25
8723.75 8.57
8725.74 7.76
8727.77 0.5
8729.99 7.12
8731.99 4.45
8734.02 0.58
8736.02 0.28
8738.02 2.06
8739.99 0.27
8742.07 6.58
8744.0 2.02
8746.02 0.37
8747.99 2.57
8749.99 2.77
8752.0 0.26
8754.65 5.75
8756.45 3.96
8760.03 1.61
8761.82 4.65
8763.91 0.38
8766.93 5.33
8769.84 2.8
8772.9 0.03
8778.23 4.91
8778.76 4.12
8779.54 3.04
8780.92 2.88
8782.13 0.59
8783.62 8.49
8786.63 1.93
8787.53 7.24
8790.21 1.41
8791.63 8.29
8793.62 0.31
8795.66 0.33
8797.67 0.54
8799.62 0.62
8801.66 2.57
8803.63 4.17
8805.63 3.88
8807.62 1.85
8809.63 5.67
8811.57 3.67
8813.99 1.23
8815.63 0.72
8817.62 5.68
8819.62 0.45
8821.64 2.18
8823.62 0.44
8825.62 0.19
8828.23 4.08
8829.62 4.03
8831.65 3.92
8833.62 3.87
8835.63 0.63
8837.62 4.06
8839.63 0.98
8842.26 4.83
8844.01 6.16
8845.64 7.89
8847.62 0.72
8849.63 0.73
8851.62 1.41
8853.62 0.4
8855.64 4.35
8857.67 0.14
8859.62 1.84
8861.65 6.56
8863.62 10.29
8865.64 8.56
8867.7 2.91
8869.65 7.09
8871.62 7.27
8873.63 0.2
8875.63 6.32
8877.62 0.37
8879.63 0.85
8882.54 5.95
8884.85 0.39
8887.93 1.09
8892.07 3.13
8894.04 4.42
8895.39 0.19
8897.41 5.34
8899.47 0.62
8901.39 8.76
8903.39 13.63
8905.39 6.7
8907.39 0.21
8909.4 5.61
8911.39 1.27
8913.39 0.16
8915.36 6.4
8917.36 9.14
8919.41 11.27
8923.13 0.42
8925.37 6.66
8927.5 11.81
8928.8 11.62
8930.35 4.57
8931.83 0.58
8933.4 5.37
8935.43 5.28
8937.41 14.36
8939.39 7.82
8941.39 0.48
8943.39 0.56
8945.39 1.76
8947.4 8.44
8949.39 9.54
8951.39 0.35
8953.62 1.07
8955.42 8.05
8957.41 0.02
8959.39 6.5
8961.79 5.08
8963.49 3.76
8965.39 2.79
8968.02 0.23
8969.4 6.21
8971.43 6.72
8973.39 1.05
8975.39 1.99
8977.4 1.99
8979.64 1.3
8981.64 2.63
8985.99 0.04
8987.17 0.34
8989.18 0.08
8991.2 0.83
8993.17 1.98
8995.17 7.44
8997.17 1.04
8999.04 2.87
9001.18 0.27
9003.19 6.12
9005.17 0.49
9007.2 2.15
9009.04 6.61
9012.03 0.39
9013.16 5.68
9015.82 0.66
9019.01 0.82
9021.06 5.8
9023.0 5.15
9025.06 1.66
9027.0 6.68
9029.0 0.84
9031.0 0.97
9032.91 5.75
9035.01 0.7
9037.04 4.35
9039.06 0.73
9043.5 1.41
9045.53 0.23
9046.81 3.2
9048.83 0.2
9050.87 3.29
9052.81 10.99
9054.82 1.26
9057.13 1.2
9060.22 2.0
9060.78 2.21
9062.88 1.64
9064.81 1.29
9066.87 2.53
9069.22 0.85
9072.04 0.37
9072.87 2.72
9074.81 2.9
9076.81 2.87
9078.81 0.53
9080.9 0.88
9082.81 2.92
9084.87 0.71
9086.81 0.07
9088.84 2.26
9090.74 2.8
9095.1 7.42
9097.29 10.17
9101.43 0.45
9104.54 1.01
9107.39 2.46
9109.62 0.42
9111.28 1.68
9112.36 0.53
9113.64 2.14
9115.59 9.23
9117.45 6.76
9120.8 0.72
9123.51 8.23
9125.41 0.39
9126.99 0.58
9128.32 7.52
9129.08 2.44
9130.26 1.53
9132.32 0.43
9134.25 0.25
9136.25 1.44
9138.25 4.91
9140.26 4.91
9142.25 5.66
9144.25 6.25
9146.26 1.36
9148.3 0.28
9150.32 4.48
9152.25 6.59
9154.26 7.39
9156.28 1.33
9158.25 2.87
9160.26 2.17
9162.25 0.89
9164.3 5.3
9166.55 1.64
9168.3 0.07
9171.14 3.5
9174.01 0.23
9176.58 0.66
9179.51 1.26
9181.29 0.31
9182.49 5.58
9183.7 0.55
9184.49 1.53
9186.25 6.41
9188.26 1.97
9190.25 2.5
9192.25 1.65
9194.26 0.93
9196.25 0.63
9198.28 0.4
9200.32 1.29
9202.26 4.33
9204.85 3.9
9206.25 1.12
9208.29 2.44
9210.28 4.86
9212.32 5.33
9214.27 4.09
9216.3 1.11
9218.26 1.02
9220.29 3.4
9222.28 6.52
9224.47 6.89
9226.72 2.06
9229.08 0.75
9231.26 1.39
9232.76 0.36
9234.5 0.19
9236.51 3.53
9238.44 5.99
9240.35 0.46
9242.5 2.8
9244.5 0.15
9246.5 1.31
9248.37 1.47
9250.5 1.87
9252.5 0.52
9254.75 1.58
9256.89 0.46
9258.77 0.62
9260.76 2.9
9262.73 5.1
9264.81 3.91
9267.94 0.6
9269.78 2.07
9270.97 6.35
9272.75 3.04
9276.34 3.52
9278.41 0.92
9279.31 5.92
9280.79 0.42
9282.99 6.27
9284.88 4.44
9286.68 4.27
9288.77 1.45
9290.76 0.61
9292.78 6.54
9294.75 6.01
9296.75 7.16
9298.75 7.16
9300.75 6.94
9302.77 7.16
9304.75 1.49
9306.76 2.48
9308.76 6.48
9310.64 7.81
9312.75 8.52
9314.79 2.98
9316.78 8.67
9318.81 0.55
9320.75 9.18
9322.75 0.94
9324.78 0.92
9326.76 0.38
9328.75 0.65
9330.75 1.54
9332.76 0.67
9334.76 2.86
9336.75 0.23
9338.76 5.37
9340.75 0.98
9342.75 4.94
9344.77 4.43
9346.75 0.33
9348.79 0.48
9350.79 0.72
9353.85 0.13
9354.76 1.05
9359.03 3.78
9362.34 1.18
9363.47 0.24
9364.52 0.93
9366.57 2.02
9368.53 0.51
9370.52 2.63
9372.52 6.41
9374.52 4.68
9376.53 5.87
9378.55 2.72
9380.54 0.95
9382.54 5.65
9384.52 0.12
9386.55 0.6
9388.53 0.45
9390.87 0.75
9392.52 1.79
9394.57 4.99
9396.76 6.25
9398.52 1.29
9400.53 1.42
9403.01 0.74
9405.38 1.8
9408.77 0.37
9410.05 0.76
9411.9 1.01
9413.65 0.96
9416.25 2.42
9417.24 4.95
9419.43 4.01
9422.08 3.89
9423.82 2.72
9426.65 0.26
9428.32 1.38
9431.19 0.01
9432.21 5.87
9434.2 1.51
9436.21 3.19
9438.29 0.2
9440.21 1.29
9442.25 6.42
9444.23 1.73
9446.21 1.67
9448.23 0.29
9450.24 2.17
9452.23 0.45
9455.25 3.88
9456.55 4.39
9458.22 1.95
9460.21 3.64
9462.21 4.42
9464.21 1.13
9470.28 1.03
9471.95 2.48
9473.97 1.53
9475.95 0.82
9478.05 2.69
9479.84 0.61
9481.82 5.05
9484.66 4.7
9490.61 1.1
9491.26 1.78
9492.78 0.26
9494.75 4.45
9497.87 0.27
9498.5 0.62
9499.46 4.01
9501.46 1.66
9503.46 1.06
9505.79 0.43
9508.07 1.88
9511.13 0.17
9513.8 0.96
9514.98 0.85
9516.51 0.26
9518.71 6.04
9520.62 0.15
9522.17 0.72
9523.56 1.18
9525.46 1.15
9527.46 4.62
9530.16 0.92
9533.01 2.01
9536.42 1.6
9538.01 0.97
9541.93 1.58
9543.44 1.28
9546.79 0.78
9548.84 5.02
9550.52 1.35
9551.66 2.71
9553.18 1.27
9554.45 4.83
9556.5 0.92
9558.57 2.58
9560.55 2.12
9562.57 1.64
9564.96 0.31
9566.49 0.52
9568.55 0.75
9570.59 1.43
9572.59 3.96
9574.55 3.61
9576.58 0.77
9578.6 7.77
9580.56 3.18
9582.62 6.36
9584.55 0.48
9586.55 0.75
9588.56 1.43
9590.56 0.07
9592.55 1.11
9594.55 0.92
9596.55 4.41
9598.64 3.57
9600.6 2.6
9602.57 3.51
9604.55 4.91
9606.55 0.23
9608.55 1.93
9610.57 1.56
9612.56 0.73
9614.56 4.57
9616.55 1.92
9618.55 1.23
9620.46 5.19
9622.96 0.43
9624.62 0.44
9626.87 3.55
9628.58 0.49
9630.55 3.99
9632.55 3.16
9634.55 4.54
9636.57 0.67
9638.57 0.65
9640.99 0.61
9644.62 0.6
9648.52 2.02
9649.57 0.85
9650.97 3.64
9653.75 2.08
9654.99 0.37
9657.11 1.6
9659.06 0.41
9660.06 0.38
9661.43 0.92
9665.2 1.74
9666.1 3.99
9668.99 1.76
9671.77 2.95
9672.78 2.82
9673.9 3.39
9677.34 0.13
9678.32 5.2
9679.54 7.87
9680.56 5.03
9682.55 8.47
9685.07 0.07
9686.58 1.42
9688.55 6.52
9690.55 0.97
9692.66 4.68
9694.86 1.24
9696.55 6.15
9698.58 0.38
9700.56 6.11
9702.57 5.31
9704.56 1.0
9706.63 4.33
9708.58 0.41
9710.64 1.36
9712.55 0.08
9714.55 2.31
9716.55 7.22
9718.85 4.39
9720.82 0.48
9722.87 0.64
9724.81 3.53
9727.36 0.14
9729.02 2.51
9730.68 6.28
9732.8 5.71
9737.0 0.45
9737.95 3.91
9741.13 1.35
9742.24 3.88
9744.87 0.17
9745.59 4.81
9747.54 1.82
9749.19 0.89
9750.81 1.15
9752.82 5.86
9754.7 5.77
9756.8 5.65
9758.8 1.33
9762.17 0.91
9767.19 1.22
9767.8 3.07
9769.24 0.76
9770.05 2.51
9771.31 5.75
9772.63 5.0
9774.81 6.43
9776.8 4.99
9778.77 3.21
9780.82 0.91
9782.8 1.74
9784.82 6.69
9786.8 4.76
9788.81 7.63
9790.82 3.54
9792.8 8.89
9794.82 1.04
9796.8 2.86
9798.8 9.71
9800.82 0.17
9802.73 3.86
9804.81 0.6
9806.83 7.06
9808.81 0.22
9810.82 2.0
9812.8 10.6
9814.8 0.28
9816.82 8.85
9818.81 0.4
9820.88 2.44
9822.81 0.32
9824.8 0.26
9826.85 7.46
9828.85 7.67
9830.81 8.27
9832.83 0.31
9834.81 2.54
9836.83 6.28
9838.81 6.21
9840.85 0.72
9842.82 0.33
9844.83 0.14
9846.8 2.09
9848.81 7.85
9850.81 9.3
9852.8 7.03
9854.72 1.31
9856.8 8.01
9858.84 0.56
9860.81 10.07
9862.8 1.45
9864.88 0.11
9866.8 0.78
9868.8 6.75
9870.84 0.41
9872.8 1.67
9874.82 8.67
9876.81 6.12
9879.67 0.14
9881.27 5.41
9883.0 0.18
9885.0 5.8
9887.35 4.68
9890.3 0.51
9891.22 7.43
9892.83 5.81
9894.81 5.71
9896.83 5.94
9898.88 1.6
9900.83 1.17
9903.6 0.14
9905.29 3.23
9906.81 2.6
9908.81 11.36
9910.8 9.34
9912.81 7.03
9914.8 9.85
9916.8 0.41
9918.81 0.21
9920.81 1.45
9922.95 2.45
9924.8 2.06
9926.8 6.19
9930.2 0.65
9931.45 1.35
9932.81 0.31
9934.82 0.07
9936.81 0.79
9938.87 4.41
9940.81 0.7
9942.81 4.34
9944.83 1.46
9946.85 4.3
9948.81 0.17
9950.83 0.99
9952.81 3.27
9954.91 0.7
9956.81 0.14
9958.8 6.14
9960.83 2.36
9962.88 0.46
9964.84 7.02
9966.8 8.69
9969.06 0.06
9971.06 3.6
9973.14 0.18
9975.07 9.51
9977.06 0.28
9979.13 0.21
9981.06 9.34
9983.1 5.2
9985.06 3.14
9987.06 1.23
9989.07 2.29
9991.09 0.21
9993.07 6.5
9995.07 2.89
9997.08 1.35
9999.14 9.68
10001.07 0.98
10003.06 0.17
10005.07 1.12
10007.06 6.63
10009.05 0.27
10011.11 2.77
10013.06 2.27
10015.05 0.35
10017.06 3.33
10019.15 0.29
10021.06 6.3
10023.09 3.62
10025.06 4.88
10027.06 6.86
10029.06 4.24
10030.99 7.71
10033.06 0.23
10035.23 9.04
10037.06 0.87
10039.06 1.4
10041.06 7.99
10043.07 0.53
10045.06 5.03
10047.06 9.43
10049.06 8.51
10051.06 12.44
10053.06 10.07
10055.08 0.34
10057.72 1.98
10059.86 0.3
10061.1 12.05
10063.13 3.26
10065.08 6.49
10069.18 0.2
10071.29 0.14
10072.46 0.81
10073.84 3.0
10075.53 1.68
10077.06 0.16
10079.06 0.27
10081.07 2.24
10083.12 3.41
10085.06 4.67
10087.1 2.65
10089.06 8.56
10091.11 1.15
10093.06 2.66
10095.04 1.63
10097.28 13.17
10099.4 2.17
10103.9 3.64
10105.1 0.03
10106.69 12.14
10109.42 4.62
10110.96 0.23
10112.6 13.0
10113.24 1.19
10115.06 6.73
10117.46 7.85
10121.13 2.3
10125.3 2.25
10127.14 3.89
10128.6 4.65
10131.29 1.66
10132.43 4.33
10133.9 6.96
10134.82 0.75
10136.76 2.2
10137.92 0.55
10139.08 4.03
10141.06 0.81
10143.08 2.07
10146.18 0.77
10148.01 5.44
10149.5 7.91
10151.1 5.12
10153.06 1.96
10155.06 0.24
10157.07 0.82
10159.07 0.78
10161.06 5.04
10163.09 0.12
10165.06 3.43
10167.06 0.21
10169.06 11.08
10171.22 1.67
10173.06 8.12
10175.06 1.45
10177.14 1.41
10179.08 10.96
10181.08 12.87
10183.07 11.76
10185.07 0.23
10187.1 6.21
10189.12 0.19
10191.07 7.65
10193.08 0.25
10195.09 0.84
10198.11 5.0
10199.48 5.31
10201.06 1.25
10203.12 3.23
10205.06 5.72
10207.06 0.73
10209.06 1.08
10211.1 0.12
10213.07 0.17
10215.09 0.82
10217.29 0.57
10219.32 5.99
10221.31 6.21
10223.31 6.04
10225.07 1.05
10227.33 0.53
10229.34 0.31
10231.31 1.14
10233.32 0.65
10235.31 0.22
10237.33 1.02
10239.32 2.85
10241.31 5.49
10243.31 0.22
10245.31 6.2
10247.35 0.05
10249.2 5.02
10251.55 3.69
10253.42 0.41
10255.31 5.45
10257.35 1.28
10259.34 0.4
10261.31 3.77
10263.34 3.5
10267.02 8.77
10267.84 4.96
10269.18 4.86
10271.32 1.77
10274.75 0.27
