0.0 83.91
0.63 87.22
1.82 92.68
3.54 103.47
5.54 90.91
7.54 17.22
9.54 77.98
11.37 79.46
13.54 56.4
15.54 2.63
17.54 73.3
19.54 81.37
21.54 18.42
23.54 67.58
25.53 95.73
27.56 37.42
29.54 7.4
31.54 84.28
33.54 93.85
35.54 93.07
37.54 93.07
39.54 70.95
41.54 94.91
43.54 94.64
45.54 69.67
47.54 90.65
49.55 97.17
51.54 0.21
53.54 94.35
55.54 75.0
57.54 84.24
59.55 79.0
61.54 79.93
63.53 86.97
65.54 96.12
67.54 64.12
69.54 81.81
71.54 89.8
73.54 94.36
75.54 92.12
77.54 89.12
79.54 84.17
81.54 92.18
83.54 82.0
85.54 83.97
87.54 75.53
89.54 84.4
91.54 74.16
93.54 75.45
95.54 83.29
97.54 91.22
99.54 87.04
101.54 74.23
103.54 58.58
105.54 18.95
107.54 89.26
109.54 57.48
111.54 51.03
113.54 21.11
115.55 73.07
117.54 79.77
119.55 64.12
121.55 79.95
123.54 81.77
125.55 85.53
127.55 79.11
129.54 88.48
131.54 88.78
133.54 6.08
135.54 79.51
137.54 78.79
139.55 69.96
141.54 60.53
143.54 96.3
145.54 102.58
147.54 63.32
149.54 63.87
151.53 88.4
153.54 67.05
155.55 80.61
157.54 80.61
159.56 94.55
161.54 88.33
163.54 72.98
165.54 90.59
167.54 86.03
169.54 83.26
171.54 76.68
173.54 79.57
175.54 73.16
177.54 69.93
179.54 101.43
181.54 39.0
183.54 96.97
185.55 100.23
187.55 97.37
189.54 93.27
191.54 94.17
193.55 98.9
195.53 73.2
197.54 97.62
199.54 87.62
201.54 86.66
203.54 86.09
205.54 97.12
207.54 87.37
209.54 70.32
211.54 73.67
213.54 53.28
215.54 72.13
217.54 105.12
219.55 69.61
221.55 81.27
223.79 102.58
225.8 81.91
227.79 88.52
229.8 71.74
231.8 95.55
233.79 110.29
235.79 86.83
237.79 84.83
239.79 87.51
241.6 112.94
243.81 58.41
245.79 23.45
247.79 83.97
249.78 20.83
251.79 67.04
253.79 58.67
255.8 79.57
257.79 80.55
259.79 75.06
261.8 74.47
263.79 85.11
265.59 94.48
267.79 70.84
269.8 93.36
271.8 86.2
273.79 42.49
275.8 22.17
277.79 24.32
279.79 94.4
281.79 88.79
283.81 78.09
285.79 87.06
287.79 104.61
289.79 89.85
291.79 7.88
293.79 64.18
295.79 89.39
297.79 92.1
299.79 10.99
301.79 83.44
303.79 80.51
305.8 96.23
307.79 77.75
309.79 99.95
311.79 85.67
313.8 93.34
315.8 99.87
317.79 104.13
319.8 78.69
321.79 90.8
323.8 94.12
325.8 84.8
327.79 82.72
329.79 89.79
331.8 90.47
333.71 71.0
335.79 67.63
337.8 20.44
339.8 51.59
341.8 83.72
343.79 113.82
345.8 102.9
347.78 112.68
349.8 56.3
351.79 59.87
353.79 26.73
355.79 55.12
357.8 75.92
359.79 106.25
361.79 78.42
363.83 91.38
365.79 77.93
367.8 94.6
369.8 85.23
371.79 83.03
373.79 70.25
375.79 82.52
377.79 86.29
379.8 88.85
381.8 85.93
383.78 61.89
385.8 79.61
387.8 84.36
389.8 90.53
391.81 73.64
393.8 87.05
395.8 84.74
397.79 88.45
399.8 82.84
401.8 89.81
