0.0 39.4
0.51 52.65
1.73 64.91
3.83 94.51
5.93 100.04
7.77 107.54
9.87 124.3
11.97 133.57
13.77 5.65
15.84 134.8
17.93 5.48
19.97 194.11
21.77 202.21
23.82 5.86
25.9 211.58
27.99 216.71
29.82 215.78
31.9 214.84
33.98 222.33
35.82 221.17
37.92 5.65
40.01 232.62
41.83 5.61
43.93 237.75
46.03 237.71
47.86 7.0
49.96 248.38
51.8 4.8
53.89 243.63
55.9 5.39
57.82 282.44
59.91 299.68
62.02 5.4
63.86 314.19
65.96 5.72
67.8 333.75
69.9 332.95
72.0 5.64
73.83 212.83
75.92 4.95
78.01 202.49
79.84 215.64
81.94 235.49
84.04 257.55
85.85 4.95
87.95 263.72
90.04 5.54
91.88 181.59
93.99 154.93
96.07 190.9
97.91 203.63
100.02 5.74
101.85 202.68
103.95 213.48
106.04 236.7
107.88 247.52
109.98 5.11
112.07 258.78
113.91 5.66
116.01 290.82
117.85 305.95
119.95 5.07
122.04 273.02
123.88 5.47
125.98 135.0
127.99 5.35
129.86 174.98
131.9 216.47
133.93 5.66
135.95 197.31
137.99 5.53
140.05 211.79
142.08 248.82
144.12 233.93
145.89 185.89
147.94 5.55
149.98 261.85
151.95 5.59
154.09 293.59
156.12 292.45
157.89 5.65
159.95 305.48
161.97 5.67
164.01 334.29
166.05 357.19
168.07 5.6
170.12 218.69
172.16 5.32
173.93 247.27
175.89 5.33
177.99 217.79
180.04 206.29
182.06 5.72
184.11 293.12
186.15 5.54
187.92 292.87
189.95 230.35
192.0 269.79
194.03 233.38
196.05 5.71
198.08 267.55
200.05 5.38
201.93 268.64
203.97 279.65
206.03 4.34
208.09 303.41
210.14 5.58
211.94 218.51
213.97 338.73
216.01 340.29
218.06 370.28
220.11 4.48
222.15 392.76
224.1 5.69
225.97 404.91
228.02 347.81
230.06 5.6
232.08 335.93
234.1 5.76
236.12 241.42
238.17 226.56
240.2 334.97
241.97 240.44
243.99 5.61
246.03 221.98
247.98 5.69
250.09 237.71
252.13 265.3
254.16 5.49
256.21 268.35
258.01 4.86
260.03 305.56
262.07 285.89
264.08 284.41
266.11 244.58
268.14 5.44
270.18 331.13
272.22 5.6
274.01 350.56
276.06 360.94
278.11 5.43
280.16 266.61
282.19 4.71
284.23 348.16
286.04 364.94
288.08 385.84
290.12 285.17
292.17 5.62
294.19 401.42
296.23 5.62
298.25 470.55
300.29 479.41
302.07 5.22
304.13 239.13
306.17 5.6
308.19 377.4
310.25 406.07
312.28 430.44
314.07 428.46
316.11 5.44
318.14 283.84
320.11 5.68
322.21 282.93
324.25 360.75
326.04 5.7
328.09 377.44
330.13 5.75
332.16 387.53
334.18 397.43
336.22 6.55
338.25 378.39
340.32 5.77
342.1 220.28
344.07 5.47
346.2 317.07
348.22 298.15
350.26 5.34
352.31 317.9
354.35 5.11
356.14 334.33
358.18 329.14
360.19 315.92
362.22 332.71
364.28 5.77
366.3 264.71
368.09 4.86
370.12 239.32
372.16 321.57
374.18 5.18
376.21 252.87
378.24 5.58
380.28 386.33
382.31 422.33
384.35 440.52
386.14 438.11
388.17 5.65
390.23 268.6
392.26 5.3
394.28 253.42
396.32 247.52
398.36 361.99
400.14 386.95
402.16 5.61
404.2 324.07
406.26 260.23
408.31 352.44
410.34 321.03
412.14 5.79
414.21 235.4
416.23 5.03
418.26 212.17
420.29 195.23
422.33 5.59
424.39 147.37
426.16 5.76
428.21 96.28
430.25 116.17
432.28 134.34
434.31 148.59
436.32 5.69
438.36 90.47
440.39 4.92
442.41 131.09
444.2 164.71
446.26 5.91
448.29 169.44
450.33 5.51
452.35 5.51
454.3 5.61
456.42 80.07
458.23 89.16
460.27 95.1
462.31 100.89
464.34 105.1
466.38 109.46
468.41 109.46
470.44 109.46
472.21 110.35
474.25 109.8
476.28 109.8
478.32 109.8
480.34 109.8
482.39 109.8
484.43 112.48
486.46 112.48
488.49 112.27
490.26 119.81
492.3 119.81
494.34 5.59
496.38 124.93
498.43 5.66
500.46 106.59
502.26 129.89
504.29 139.35
506.32 154.32
508.35 5.77
510.41 155.36
512.45 5.68
514.24 79.45
516.29 96.33
518.34 5.81
520.36 21.2
522.38 21.2
524.42 94.08
526.28 94.08
528.46 94.08
530.51 99.7
532.3 99.7
534.34 99.7
536.37 112.52
538.38 112.52
540.42 120.51
542.47 79.76
544.49 79.76
546.27 5.73
548.54 118.94
550.31 126.31
552.37 147.33
554.45 143.27
556.48 3.42
558.52 85.92
560.3 5.59
562.33 181.12
564.35 205.28
566.4 215.3
568.44 249.57
570.48 5.61
572.54 304.38
574.49 5.45
576.35 334.38
578.41 355.99
580.45 4.97
582.48 381.9
584.56 5.53
586.33 381.18
588.38 384.79
590.41 369.12
592.45 282.51
594.5 5.43
596.55 182.48
598.33 289.22
600.37 298.24
602.39 334.31
604.43 5.17
606.45 358.14
608.48 5.64
610.51 365.71
612.53 373.2
614.58 383.58
616.6 380.28
618.4 5.67
620.43 268.33
622.42 5.6
624.55 299.44
626.6 288.25
628.41 363.19
630.44 381.26
632.46 4.62
634.55 301.49
636.39 216.27
638.47 249.21
640.57 245.16
642.42 5.76
644.52 357.41
646.54 5.29
648.46 259.42
650.55 239.04
652.66 206.65
654.5 234.94
656.59 5.63
658.44 276.8
660.53 281.04
662.64 292.53
664.47 297.39
666.57 5.64
668.41 322.6
670.49 5.36
672.58 343.85
674.42 348.0
676.52 5.47
678.61 243.03
680.45 5.55
682.5 230.57
684.56 202.09
686.64 6.2
688.46 241.35
690.57 260.56
692.67 262.37
694.5 5.48
696.6 265.61
698.44 282.36
700.53 5.0
702.64 255.77
704.46 4.95
706.56 367.48
708.67 374.51
710.49 374.76
712.59 386.08
714.69 5.14
716.53 390.85
718.54 5.59
720.46 390.84
722.57 275.87
724.67 4.88
726.5 157.32
728.54 5.65
730.57 163.97
732.61 202.93
734.69 215.17
736.53 222.6
738.63 5.0
740.72 229.46
742.47 5.54
744.66 203.1
746.51 110.74
748.59 5.18
750.69 314.49
752.52 5.38
754.61 329.71
756.72 281.37
758.55 357.55
760.63 277.54
762.74 5.04
764.56 349.53
766.66 5.42
768.74 330.05
770.58 254.77
772.67 5.77
774.5 258.03
776.6 5.65
778.69 233.71
780.53 264.47
782.63 317.35
784.72 334.94
786.54 5.75
788.63 352.37
790.73 5.75
792.56 364.7
794.66 361.24
796.76 5.69
798.58 115.66
800.69 5.4
802.52 306.1
804.63 342.63
806.72 203.71
808.8 19.54
810.64 5.62
812.73 21.43
814.54 68.23
816.63 68.23
818.72 68.23
820.56 68.23
822.66 68.23
824.76 68.23
826.59 68.23
828.68 71.25
830.77 76.39
832.61 76.39
834.71 76.39
836.8 76.39
838.64 76.39
840.74 77.01
842.83 77.01
844.67 88.97
846.76 89.91
848.87 89.6
850.69 92.62
852.62 100.64
854.63 91.25
856.71 91.25
858.81 91.25
860.65 91.25
862.74 91.25
864.82 91.25
866.67 91.25
868.76 91.25
870.86 91.25
872.69 5.74
874.78 81.03
876.63 55.25
878.74 43.85
880.83 4.56
882.66 119.43
884.75 131.74
886.85 5.8
888.68 124.7
890.77 154.01
892.86 135.21
894.69 153.21
896.79 5.38
898.62 163.1
900.71 171.55
902.8 123.99
904.88 39.65
906.72 5.77
908.82 36.64
910.91 43.29
912.75 49.42
914.85 50.18
916.88 62.25
918.7 76.05
920.8 73.75
922.91 76.17
924.74 76.17
926.84 78.12
928.68 74.72
930.78 83.79
932.89 83.79
934.72 83.79
936.81 83.79
938.91 83.79
940.73 83.79
942.82 101.94
944.92 101.94
946.75 101.94
948.68 101.93
950.69 109.64
952.78 109.64
954.88 112.0
956.71 112.0
958.81 112.0
960.9 112.0
962.72 112.0
964.83 112.49
966.92 131.59
968.74 130.76
970.82 135.47
972.82 5.54
974.75 162.74
976.84 176.96
978.94 5.68
980.77 219.22
982.87 5.66
984.95 180.41
986.78 248.64
988.85 7.04
990.96 276.77
992.79 5.62
994.89 275.17
996.9 5.67
998.83 281.48
1000.92 314.76
1002.75 5.63
1004.84 311.73
1006.94 5.44
1008.78 364.97
1010.88 375.31
1012.97 364.1
1014.8 434.28
1016.88 5.73
1018.97 454.07
1020.79 5.42
1022.89 358.25
1024.99 365.94
1026.83 5.63
1028.92 353.28
1031.01 5.62
1032.85 443.52
1034.95 277.57
1037.05 333.57
1038.89 263.21
1040.99 5.08
1042.81 347.34
1044.81 5.7
1047.0 375.18
1048.83 281.1
1050.93 5.17
1053.03 379.07
1054.86 5.5
1056.97 389.89
1058.81 248.34
1060.9 7.04
1063.0 161.07
1064.83 5.8
1066.94 271.0
1069.02 5.47
1071.09 32.24
1072.91 40.07
1075.0 49.69
1077.08 47.47
1078.9 58.54
1081.0 66.74
1082.83 72.42
1084.92 88.34
1087.02 105.57
1088.86 100.71
1090.97 107.66
1093.06 100.2
1094.9 157.18
1096.99 189.11
1099.09 5.59
1100.91 228.24
1102.99 5.72
1105.07 254.31
1106.9 261.85
1109.0 204.48
1111.1 171.41
1112.92 5.65
1115.02 260.79
1117.11 5.51
1118.95 274.89
1121.05 279.36
1122.87 5.53
1124.96 158.62
1127.07 5.32
1128.92 175.25
1131.0 238.6
1133.1 245.48
1134.94 259.02
1137.04 5.56
1138.88 254.78
1140.9 5.52
1143.07 267.15
1144.91 274.67
1147.0 5.53
1149.11 204.7
1150.94 5.52
1153.04 206.73
1155.14 184.26
1156.98 217.54
1159.08 258.25
1160.93 4.7
1163.02 306.66
1165.12 5.69
1166.95 269.34
1169.05 302.62
1171.14 5.33
1172.97 222.61
1175.07 5.54
1177.16 296.86
1178.98 301.29
1181.08 291.27
1183.17 301.77
1185.01 5.24
1187.11 324.46
1188.94 5.44
1191.05 320.8
1193.15 320.8
1194.98 342.09
1197.09 248.0
1199.17 5.6
1200.99 398.32
1203.07 325.83
1205.17 319.39
1207.01 256.18
1209.11 5.04
1211.21 252.5
1212.96 5.47
1215.15 273.13
1216.98 288.81
1219.09 5.63
1221.18 321.89
1223.02 5.19
1225.12 264.16
1226.95 276.83
1229.05 276.9
1231.15 253.94
1232.99 5.19
1235.08 277.86
1237.19 5.38
1239.02 289.97
1241.12 267.57
1242.97 5.78
1245.07 294.38
1247.17 5.71
1249.0 287.3
1251.11 311.57
1253.2 343.47
1255.04 378.17
1257.14 5.67
1259.23 389.26
1261.07 5.55
1263.17 402.69
1265.27 406.37
1267.11 412.2
1269.2 393.47
1271.03 5.58
1273.14 226.57
1275.15 5.53
1277.08 271.5
1279.18 270.82
1281.28 5.43
1283.12 92.58
1285.22 5.8
1287.06 156.71
1289.15 156.71
1291.25 5.74
1293.09 167.71
1295.13 5.73
1297.17 185.36
1299.18 5.7
1301.12 115.31
1303.22 117.89
1305.31 5.63
1307.13 198.77
1309.23 5.32
1311.31 184.82
1313.15 209.78
1315.25 212.09
1317.08 164.53
1319.18 5.33
1321.27 203.45
1323.11 172.37
1325.2 218.09
1327.29 252.47
1329.11 5.75
1331.2 304.71
1333.29 5.38
1335.12 311.64
1337.21 313.54
1339.31 265.69
1341.14 333.06
1343.23 5.18
1345.31 255.7
1347.15 335.84
1349.25 338.69
1351.35 265.09
1353.19 5.75
1355.29 340.11
1357.13 191.24
1359.23 199.38
1361.33 194.44
1363.16 249.22
1365.26 339.51
1367.1 5.61
1369.18 347.48
1371.19 5.62
1373.38 344.96
1375.21 358.36
1377.32 5.55
1379.16 245.92
1381.25 5.46
1383.34 377.58
1385.18 274.37
1387.27 245.42
1389.38 272.42
1391.22 5.52
1393.32 318.66
1395.15 5.6
1397.25 285.24
1399.35 347.47
1401.19 5.64
1403.29 376.29
1405.34 5.66
1407.17 165.58
1409.25 278.76
1411.35 6.92
1413.2 256.19
1415.29 5.44
1417.38 225.69
1419.22 5.28
1421.32 286.75
1423.15 303.5
1425.25 5.65
1427.35 323.0
1429.18 4.83
1431.28 339.55
1433.37 334.28
1435.2 346.41
1437.31 344.31
1439.41 5.62
1441.24 354.2
1443.25 5.23
1445.44 376.08
1447.27 383.96
1449.36 5.58
1451.45 282.01
1453.29 5.58
1455.39 224.35
1457.47 228.12
1459.31 288.22
1461.41 296.65
1463.24 5.22
1465.35 269.65
1467.45 5.44
1469.28 308.06
1471.37 227.83
1473.21 5.33
1475.3 215.4
1477.4 5.59
1479.25 260.46
1481.33 263.1
1483.42 276.36
1485.25 286.48
1487.34 5.55
1489.43 332.4
1491.26 4.85
1493.37 340.66
1495.46 324.18
1497.3 5.81
1499.39 108.23
1501.48 5.45
1503.32 39.36
1505.42 39.36
1507.52 39.36
1509.35 39.36
1511.45 115.69
1513.29 99.92
1515.4 99.92
1517.48 99.92
1519.28 99.92
1521.37 4.77
1523.46 21.15
1525.28 5.58
1527.38 5.58
1529.49 5.58
1531.34 25.94
1533.42 31.83
1535.51 32.42
1537.35 47.47
1539.45 39.21
1541.29 61.18
1543.37 59.88
1545.47 57.33
1547.31 78.57
1549.41 91.87
1551.52 91.87
1553.35 91.87
1555.46 91.87
1557.56 99.38
1559.39 99.38
1561.48 98.44
1563.32 96.66
1565.42 101.16
1567.51 101.16
1569.34 101.16
1571.45 101.16
1573.55 101.16
1575.37 101.16
1577.44 101.16
1579.53 101.16
1581.36 101.16
1583.47 101.16
1585.56 101.16
1587.4 101.16
1589.49 101.16
1591.32 101.16
1593.42 101.16
1595.52 101.16
1597.36 101.16
1599.45 101.16
1601.55 101.16
1603.39 101.16
1605.49 101.16
1607.59 101.16
1609.43 101.16
1611.53 101.16
1613.64 101.16
1615.47 101.16
1617.57 101.16
1619.39 87.69
1621.48 116.3
1623.58 124.11
1625.4 132.54
1627.49 144.46
1629.6 152.49
1631.43 5.66
1633.53 113.22
1635.37 5.59
1637.46 138.95
1639.55 144.17
1641.39 5.58
1643.49 28.13
1645.57 5.23
1647.38 54.65
1649.48 44.12
1651.58 53.99
1653.41 68.97
1655.48 80.54
1657.58 85.96
1659.67 99.12
1661.5 102.93
1663.59 118.81
1665.43 134.26
1667.51 139.46
1669.62 5.3
1671.46 6.29
1673.56 123.81
1675.66 22.48
1677.49 99.18
1679.58 5.53
1681.67 189.81
1683.51 5.45
1685.6 255.19
1687.44 270.28
1689.52 5.06
1691.63 305.91
1693.45 5.56
1695.55 341.44
1697.57 5.78
1699.49 287.34
1701.59 398.29
1703.68 5.64
1705.51 411.32
1707.61 4.79
1709.71 415.64
1711.55 406.29
1713.65 340.95
1715.48 337.6
1717.58 4.18
1719.68 417.79
1721.51 410.85
1723.61 360.76
1725.71 422.31
1727.55 5.56
1729.64 295.14
1731.49 5.34
1733.58 333.17
1735.67 428.83
1737.51 443.89
1739.61 451.26
1741.7 5.37
1743.54 364.93
1745.54 5.4
1747.73 349.43
1749.57 322.64
1751.67 5.77
1753.51 248.95
1755.59 5.58
1757.69 308.14
1759.53 308.37
1761.63 300.71
1763.71 326.59
1765.55 5.8
1767.63 349.32
1769.64 5.73
1771.56 338.38
1773.64 246.67
1775.74 5.46
1777.59 140.37
1779.68 5.78
1781.53 256.89
1783.61 217.66
1785.7 7.14
1787.54 292.36
1789.64 5.56
1791.72 319.87
1793.56 357.9
1795.64 377.29
1797.74 386.39
1799.58 403.52
1801.68 412.49
1803.78 5.48
1805.6 372.54
1807.7 353.89
1809.79 5.76
1811.63 317.7
1813.73 4.87
1815.57 340.26
1817.59 5.55
1819.76 341.48
1821.59 350.32
1823.68 5.65
1825.77 347.5
1827.61 5.32
1829.71 297.07
1831.81 347.07
1833.66 345.54
1835.73 350.53
1837.82 5.08
1839.65 384.54
1841.66 5.63
1843.83 282.33
1845.67 237.68
1847.76 5.6
1849.84 285.93
1851.66 5.33
1853.76 339.49
1855.86 355.29
1857.67 369.02
1859.76 372.27
1861.85 5.26
1863.7 253.74
1865.71 5.0
1867.89 351.79
1869.72 335.78
1871.82 5.69
1873.66 238.47
1875.74 4.68
1877.84 199.74
1879.67 192.6
1881.78 249.68
1883.87 250.02
1885.7 4.61
1887.8 246.68
1889.64 5.11
1891.73 269.54
1893.83 283.44
1895.65 4.88
1897.75 298.13
1899.85 5.76
1901.67 262.32
1903.78 305.22
1905.86 298.14
1907.71 246.25
1909.8 5.41
1911.9 256.47
1913.66 5.36
1915.84 245.05
1917.68 175.26
1919.78 183.04
1921.89 147.51
1923.73 170.01
1925.81 188.18
1927.91 150.06
1929.71 182.12
1931.75 204.34
1933.8 5.6
1935.84 216.27
1937.88 5.28
1939.91 292.1
1941.94 316.02
1943.72 343.73
1945.75 350.36
1947.77 5.59
1949.83 355.59
1951.86 376.38
1953.9 367.71
1955.94 394.26
1957.71 5.56
1959.76 307.94
1961.72 5.41
1963.82 425.42
1965.86 450.37
1967.91 5.75
1969.95 471.3
1971.73 5.6
1973.76 229.4
1975.8 191.17
1977.84 322.28
1979.88 256.22
1981.91 5.58
1983.93 152.48
1985.96 5.64
1987.75 225.22
1989.78 243.52
1991.81 5.43
1993.85 219.8
1995.89 5.63
1997.93 218.93
1999.95 175.83
2001.74 197.6
2003.77 193.17
2005.82 5.88
2007.85 270.46
2009.88 5.71
2011.91 280.93
2013.95 294.28
2015.98 288.46
2017.77 239.01
2019.79 5.48
2021.84 214.93
2023.86 205.89
2025.9 245.96
2027.94 205.5
2029.98 5.56
2031.77 256.45
2033.82 5.51
2035.84 262.81
2037.87 287.58
2039.9 5.88
2041.95 305.04
2044.01 4.92
2045.81 201.0
2047.86 184.25
2049.91 239.48
2051.92 253.52
2053.97 278.31
2055.99 278.78
2058.02 5.36
2060.04 289.88
2061.84 302.21
2063.86 5.73
2065.91 300.47
2067.96 5.33
2069.99 181.44
2071.97 5.67
2074.06 252.82
2075.84 287.59
2077.87 5.61
2079.89 287.13
2081.93 5.36
2083.99 113.66
2086.02 65.81
2088.07 80.78
2090.1 53.11
2091.88 53.11
2093.91 53.11
2095.93 3.18
2097.97 80.25
2100.0 80.52
2102.02 74.03
