0.0 120.8
0.83 162.61
2.84 135.3
4.83 10.26
6.84 140.64
8.83 0.52
10.83 159.42
12.83 171.33
14.84 117.0
16.84 155.55
18.84 20.98
20.84 200.12
22.84 0.44
24.84 187.62
26.83 184.5
28.83 2.3
30.83 200.94
32.84 6.81
34.84 195.77
36.84 147.58
38.84 26.5
40.84 180.14
42.85 22.77
44.83 133.25
46.83 176.8
48.84 104.66
50.84 213.82
52.84 3.12
54.84 222.28
56.84 11.37
58.84 219.51
60.85 209.43
62.83 15.31
64.83 235.36
66.84 4.68
68.84 238.59
70.84 18.66
72.84 238.25
74.84 172.14
76.83 12.73
78.83 99.43
80.83 13.78
82.84 121.23
84.84 101.09
86.84 101.66
88.84 84.53
90.84 124.18
92.85 102.58
94.83 3.06
96.83 107.77
98.84 121.32
100.84 3.64
102.84 146.21
104.84 22.65
106.84 147.66
108.85 175.67
110.83 154.88
112.83 152.8
114.83 14.28
116.84 181.95
118.84 19.53
120.84 159.56
122.84 197.34
124.84 0.53
126.85 180.63
128.83 0.5
130.83 198.1
132.83 228.79
134.84 220.89
136.84 192.88
138.84 12.25
140.84 238.01
142.83 13.76
144.83 221.84
146.83 159.29
148.83 0.52
150.84 111.06
152.84 6.0
154.84 161.45
156.84 132.83
158.84 21.3
160.83 164.19
162.83 0.54
164.83 112.76
166.84 10.9
168.84 102.63
170.84 117.91
172.83 0.55
174.84 150.15
177.08 9.66
179.08 165.85
181.08 173.07
183.09 130.23
185.11 155.62
187.09 0.54
189.09 140.79
191.09 7.73
193.11 55.25
195.08 58.49
197.08 0.51
199.08 9.56
201.09 62.73
203.11 66.45
205.09 82.96
207.09 72.23
209.1 119.82
211.08 8.21
213.11 93.75
215.11 10.92
217.09 114.47
219.09 125.25
221.09 1.57
223.11 134.18
225.1 16.26
227.1 133.7
229.08 136.64
231.08 187.15
233.11 188.69
235.09 2.66
237.09 132.4
239.09 0.96
241.09 228.64
243.11 92.75
245.11 12.33
247.08 114.71
249.08 3.3
251.09 131.5
253.12 164.51
255.09 170.14
257.09 148.91
259.12 6.88
261.08 138.16
263.12 5.67
265.12 194.36
267.09 216.69
269.09 2.63
271.1 197.25
273.11 0.54
275.11 224.75
277.08 190.65
279.08 221.5
281.09 212.05
283.11 0.54
285.09 209.98
287.08 2.25
289.09 230.87
291.09 253.84
293.11 0.56
295.09 265.43
297.09 0.53
299.1 165.46
301.09 149.47
303.11 127.26
305.11 201.01
307.09 8.61
309.09 183.05
311.09 12.48
313.12 157.53
315.09 208.71
317.09 2.12
319.09 185.3
321.08 0.52
323.12 172.49
325.12 203.42
327.11 143.0
329.08 222.42
331.08 0.53
333.11 149.3
335.11 2.05
337.09 237.67
339.08 174.44
341.09 3.68
343.11 180.78
345.08 196.98
347.09 235.74
349.09 235.0
351.09 210.19
353.11 231.62
355.11 18.26
357.09 236.37
359.09 0.48
361.09 229.08
363.12 168.51
365.12 9.1
367.08 122.1
369.09 15.69
371.09 210.18
373.12 210.18
375.08 234.9
377.08 135.77
379.09 19.93
381.09 159.33
383.12 0.58
385.09 143.25
387.08 135.32
389.08 5.09
391.08 132.58
393.11 1.1
395.11 147.02
397.08 129.62
399.09 132.83
401.09 142.05
403.11 1.16
405.08 123.37
407.09 3.32
409.08 173.4
411.08 170.34
413.12 0.5
415.12 184.45
417.08 6.56
419.08 184.58
421.09 174.16
423.11 177.57
425.11 198.46
427.1 5.74
429.34 222.87
431.09 12.92
433.33 218.14
435.34 178.09
437.34 9.99
439.33 168.36
441.34 0.53
443.34 235.67
445.16 0.54
447.34 223.3
449.34 253.98
451.34 10.82
453.34 240.78
455.34 1.57
457.34 246.17
459.33 246.58
461.34 0.51
463.33 204.74
465.33 4.87
467.33 120.58
469.34 139.02
471.34 173.54
473.34 165.04
475.35 11.57
477.34 176.82
479.34 13.51
481.34 178.51
483.34 164.95
485.34 145.96
487.35 168.65
489.33 5.38
491.33 177.57
493.16 21.54
495.34 168.63
497.33 186.47
499.33 15.44
501.34 203.35
503.34 12.21
505.34 160.55
507.33 154.83
509.34 154.83
511.34 170.01
513.34 1.14
515.34 92.93
517.34 10.55
519.34 104.66
521.34 79.71
523.33 98.78
525.33 76.82
527.34 95.72
529.34 104.15
531.34 106.83
533.33 103.96
535.33 103.55
537.34 104.65
539.34 109.56
541.33 117.17
543.34 124.28
545.33 129.66
547.34 110.71
549.34 123.82
551.34 3.78
553.34 44.66
555.34 51.68
557.34 39.78
559.34 46.01
561.34 47.03
563.33 47.47
565.34 43.89
567.34 46.57
569.33 45.18
571.34 42.3
573.34 65.39
575.34 82.33
577.34 86.42
579.35 99.56
581.34 92.08
583.34 85.14
585.34 124.96
587.34 139.73
589.33 23.85
591.34 136.98
593.34 150.39
595.34 20.72
597.34 159.67
599.33 24.97
601.34 127.75
603.34 158.54
605.33 134.37
607.34 154.37
609.33 0.53
611.34 142.47
613.34 2.09
615.34 155.71
617.33 141.52
619.34 10.59
621.34 160.13
623.33 20.28
625.34 177.35
627.35 157.1
629.33 168.85
631.34 155.49
633.34 11.65
635.34 90.57
637.34 6.32
639.33 131.86
641.34 128.13
643.33 4.85
645.33 98.8
647.34 0.57
649.34 181.93
651.35 188.69
653.34 158.81
655.34 140.45
657.34 3.05
659.34 15.39
661.34 17.49
663.34 27.66
665.34 23.98
667.34 26.81
669.34 27.14
671.34 46.82
673.34 41.55
675.34 31.84
677.34 43.69
679.34 56.92
681.34 60.28
683.59 39.17
685.59 68.45
687.59 73.67
689.58 89.49
691.58 81.57
693.58 119.86
696.03 6.53
697.58 126.17
699.39 10.01
701.58 101.36
703.58 114.36
705.58 9.35
707.58 119.21
709.58 131.02
711.59 125.43
713.59 138.93
715.59 4.28
717.59 111.99
719.59 0.54
721.58 146.6
723.38 20.63
725.59 168.63
727.59 176.08
729.58 5.86
731.59 180.86
733.59 4.46
735.59 154.28
737.58 154.75
739.59 21.0
741.59 102.72
743.59 21.61
745.59 140.79
747.59 139.06
749.59 129.1
751.58 136.16
753.58 0.48
755.59 146.52
757.58 0.53
759.59 143.55
761.58 137.68
763.58 1.61
765.58 110.32
767.58 9.86
769.58 146.34
771.58 8.58
773.59 159.45
775.59 156.2
777.58 8.7
779.58 117.57
781.59 18.13
783.59 101.12
785.58 116.04
787.59 98.38
789.58 91.31
791.59 9.13
793.59 91.53
795.59 105.14
797.59 106.88
799.59 109.96
801.59 10.67
803.58 114.68
805.59 11.99
807.59 100.97
809.59 110.52
811.58 97.08
813.59 94.56
815.58 114.23
817.59 91.83
819.59 100.66
821.58 100.66
823.58 102.27
825.58 5.93
827.59 116.08
829.59 8.61
831.58 192.36
833.59 173.23
835.59 186.53
837.6 213.84
839.58 17.8
841.58 215.4
843.59 0.52
845.59 220.74
847.59 247.0
849.59 0.58
851.59 269.17
853.59 0.53
855.58 297.89
857.59 311.36
859.59 4.1
861.59 293.06
863.78 9.15
865.59 299.18
867.59 5.92
869.58 77.37
871.58 151.98
873.58 0.52
875.58 95.75
877.58 17.08
879.59 110.04
881.59 97.96
883.58 0.53
885.59 126.99
887.58 6.63
889.58 143.17
891.59 139.73
893.58 113.96
895.59 132.33
897.58 3.73
899.58 149.53
901.58 22.37
903.58 149.58
905.58 162.06
907.58 1.04
909.58 121.82
911.59 3.65
913.59 98.33
915.58 5.49
917.58 133.23
919.59 176.47
921.58 1.73
923.58 131.5
925.59 17.32
927.58 102.75
929.59 126.53
931.59 7.55
933.83 122.36
935.59 15.74
937.84 120.74
939.83 18.57
941.84 131.67
943.84 117.37
945.84 3.2
947.83 119.57
949.83 22.38
951.83 139.65
953.85 123.87
955.83 141.63
957.83 104.34
959.83 6.72
961.84 174.47
963.83 10.59
965.83 170.33
967.83 170.83
969.83 0.42
971.83 166.07
973.83 0.53
975.84 179.2
977.83 201.94
979.83 25.87
981.85 170.74
983.84 2.11
985.83 183.38
987.84 6.81
989.83 195.42
991.84 209.3
993.84 0.54
995.83 175.5
997.83 12.64
999.83 179.2
1001.84 205.31
1003.83 210.26
1005.84 171.56
1007.84 1.61
1009.84 197.66
1011.83 13.46
1013.83 228.03
1015.83 227.4
1017.83 0.57
1019.83 171.9
1021.84 8.77
1023.83 273.57
1025.84 178.02
1027.84 268.22
1029.83 285.17
1031.83 2.7
1033.83 224.94
1035.84 9.95
1037.83 315.01
1039.85 236.25
1041.83 0.55
1043.83 19.25
1045.84 24.02
1047.84 41.33
1049.84 43.88
1051.84 54.3
1053.84 74.23
1055.83 73.62
1057.84 73.62
1059.83 73.62
1061.84 73.62
1063.84 73.62
1065.83 73.62
1067.83 73.62
1069.84 73.62
1071.85 73.62
1073.84 96.33
1075.83 79.53
1077.83 109.72
1079.83 4.91
1081.84 125.76
1083.84 115.18
1085.83 133.63
1087.83 137.58
1089.84 7.0
1091.84 149.54
1093.83 0.54
1095.83 169.96
1097.84 130.18
1099.83 154.08
1101.83 168.92
1103.84 19.59
1105.83 177.36
1107.84 9.96
1109.84 148.2
1111.83 153.68
1113.83 4.27
1115.84 154.84
1117.84 0.58
1119.84 250.43
1121.84 246.33
1123.84 236.56
1125.83 259.54
1127.83 0.54
1129.83 247.23
1131.84 0.58
1133.84 232.13
1135.83 272.62
1137.84 0.53
1139.84 192.1
1141.83 0.54
1143.83 215.8
1145.83 232.44
1147.83 294.86
1149.84 313.6
1151.84 19.25
1153.84 173.99
1155.83 22.2
1157.83 117.7
1159.83 121.27
1161.84 3.77
1163.85 137.52
1165.84 8.86
1167.84 141.45
1169.83 159.44
1171.83 164.85
1173.84 144.2
1175.83 11.72
1177.83 91.22
1179.84 128.37
1181.83 154.02
1184.08 164.4
1186.09 144.39
1188.13 171.46
1190.12 17.83
1192.09 157.53
1193.88 3.46
1196.08 182.9
1198.08 173.27
1200.08 0.53
1202.09 180.89
1204.08 183.26
1206.08 201.01
1208.08 186.95
1210.09 180.62
1212.08 159.05
1214.08 5.47
1216.08 94.87
1217.87 18.95
1220.08 224.97
1222.08 33.76
1224.09 18.34
1226.09 195.12
1228.08 22.24
1230.08 62.63
1232.09 56.72
1234.12 78.0
1236.09 247.24
1238.08 21.46
1240.09 250.97
1242.09 21.68
1244.08 236.7
1246.09 67.3
1248.12 3.45
1250.12 133.36
1252.09 22.61
1254.12 140.59
1256.09 127.75
1258.08 132.56
1260.09 146.23
1262.08 2.64
1264.08 124.95
1266.09 12.69
1268.09 135.43
1270.08 129.96
1272.09 3.14
1274.08 181.27
1276.09 0.53
1278.12 214.17
1280.08 225.42
1282.08 22.98
1284.08 156.16
1286.08 16.75
1288.08 166.34
1290.08 7.47
1292.09 132.53
1294.08 123.91
1296.09 10.08
1298.08 132.08
1300.08 111.54
1302.09 131.05
1304.09 131.05
1306.09 131.05
1308.13 138.44
1310.08 120.24
1312.08 123.14
1314.08 13.44
1316.08 68.2
1318.09 103.56
1320.08 130.27
1322.41 139.98
1324.09 139.01
1326.09 104.8
1328.08 135.01
1330.08 129.12
1332.08 207.44
1334.12 3.12
1336.09 161.53
1338.08 8.11
1340.09 130.41
1342.08 210.35
1344.13 0.59
1346.08 208.83
1348.09 7.0
1350.09 262.89
1352.09 206.09
1354.09 28.12
1356.09 249.72
1358.09 14.21
1360.09 267.74
1362.09 20.08
1364.08 267.14
1366.09 267.14
1368.08 0.59
1370.13 75.48
1372.09 20.1
1374.08 315.52
1376.08 52.45
1378.08 270.45
1380.09 272.55
1382.09 11.07
1384.09 334.09
1386.09 9.97
1388.08 338.5
1390.08 143.8
1392.08 0.53
1394.13 132.21
1396.08 16.21
1398.13 132.03
1400.13 126.72
1402.09 137.59
1404.09 142.63
1406.09 22.77
1408.08 126.4
1410.08 19.42
1412.08 139.46
1414.13 135.56
1416.09 3.75
1418.08 125.72
1420.09 7.01
1422.09 151.25
1424.09 135.56
1426.08 135.02
1428.08 137.17
1430.13 5.74
1432.09 137.64
1434.34 8.72
1436.34 169.27
1438.33 132.36
1440.34 11.65
1442.34 194.63
1444.34 13.34
1446.33 89.73
1448.12 20.26
1450.34 150.72
1452.34 167.55
1454.33 199.67
1456.33 177.86
1458.33 16.27
1460.34 145.2
1462.33 188.73
1464.33 0.58
1466.34 214.1
1468.33 12.2
1470.33 221.49
1472.13 18.98
1474.34 233.13
1476.34 232.86
1478.34 5.34
1480.33 223.59
1482.33 15.11
1484.33 250.87
1486.33 255.81
1488.33 0.54
1490.34 265.62
1492.34 5.38
1494.34 266.43
1496.34 22.21
1498.33 261.6
1500.34 287.52
1502.34 6.83
1504.34 203.69
1506.34 193.61
1508.34 262.86
1510.34 248.29
1512.33 5.9
1514.33 257.49
1516.34 22.42
1518.34 260.32
1520.33 0.53
1522.33 228.5
1524.34 222.45
1526.33 272.98
1528.34 287.73
1530.33 5.55
1532.33 277.71
1534.33 284.0
1536.33 0.58
1538.34 286.78
1540.34 5.88
1542.33 289.29
1544.33 0.54
1546.33 302.41
1548.34 253.46
1550.34 16.21
1552.34 87.4
1554.33 18.86
1556.33 72.49
1558.34 89.3
1560.34 86.29
1562.33 92.99
1564.33 11.52
1566.34 95.65
1568.34 100.74
1570.34 89.9
1572.34 110.43
1574.34 4.36
1576.34 102.92
1578.34 102.92
1580.34 88.23
1582.33 88.23
1584.34 88.23
1586.33 88.23
1588.34 88.23
1590.33 135.51
1592.34 10.35
1594.34 136.36
1596.34 149.45
1598.34 0.51
1600.34 152.34
1602.33 161.79
1604.33 168.05
1606.34 146.55
1608.33 5.18
1610.34 140.45
1612.34 0.53
1614.33 183.85
1616.33 13.24
1618.34 206.55
1620.33 194.18
1622.34 1.07
1624.34 187.42
1626.33 10.77
1628.34 265.62
1630.33 270.68
1632.33 16.44
1634.33 192.9
1636.33 15.45
1638.34 281.52
1640.34 1.34
1642.33 304.08
1644.33 281.43
1646.33 11.19
1648.34 333.93
1650.33 6.91
1652.33 346.54
1654.34 357.15
1656.34 1.07
1658.34 346.53
1660.33 329.38
1662.33 368.58
1664.33 4.55
1666.33 318.39
1668.33 274.72
1670.33 13.03
1672.34 343.05
1674.33 13.24
1676.34 364.77
1678.34 281.81
1680.33 0.54
1682.34 344.51
1684.59 16.54
1686.58 375.98
1688.59 18.62
1690.34 381.56
1692.58 366.83
1694.61 8.26
1696.59 363.43
1698.58 12.92
1700.58 145.12
1702.58 93.35
1704.58 4.36
1706.59 134.44
1708.59 9.38
1710.58 144.55
1712.59 4.8
1714.58 143.58
1716.58 118.95
1718.58 2.14
1720.58 140.75
1722.58 17.6
1724.59 128.7
1726.58 128.74
1728.59 144.93
1730.58 152.18
1732.58 17.43
1734.59 147.06
1736.59 16.1
1738.58 132.07
1740.59 115.56
1742.58 2.54
1744.59 133.02
1746.59 116.28
1748.59 131.67
1750.58 122.79
1752.58 94.71
1754.59 138.0
1756.59 23.19
1758.58 118.38
1760.58 10.33
1762.58 110.33
1764.58 153.26
1766.59 7.66
1768.58 160.1
1770.59 4.78
1772.58 153.67
1774.59 148.77
1776.59 186.98
1778.59 166.19
1780.58 3.77
1782.59 160.03
1784.59 0.59
1786.59 194.28
1788.58 152.51
1790.58 0.57
1792.58 233.4
1794.58 0.54
1796.58 257.99
1798.58 250.49
1800.59 199.65
1802.59 188.95
1804.58 0.52
1806.59 221.67
1808.59 8.5
1810.59 288.3
1812.59 254.94
1814.58 0.57
1816.59 302.71
1818.58 5.81
1820.59 300.77
1822.59 276.86
1824.59 206.61
1826.59 248.21
1828.59 12.99
1830.59 298.35
1832.58 0.53
1834.59 294.53
1836.58 285.4
1838.59 2.23
1840.58 321.15
1842.59 14.2
1844.59 339.12
1846.58 336.5
1848.59 356.05
1850.58 310.16
1852.58 8.78
1854.59 189.9
1856.59 21.67
1858.59 305.87
1860.59 255.98
1862.58 3.64
1864.58 247.78
1866.59 2.07
1868.59 301.18
1870.59 300.55
1872.58 353.61
1874.58 253.03
1876.58 7.52
1878.58 364.37
1880.58 6.83
1882.58 373.22
1884.59 363.62
1886.59 3.5
1888.59 155.22
1890.59 13.57
1892.58 138.62
1894.58 140.17
1896.58 169.05
1898.58 151.4
1900.58 0.53
1902.58 139.41
1904.58 12.88
1906.59 155.92
1908.58 161.9
1910.58 0.51
1912.58 227.95
1914.59 10.22
1916.59 215.35
1918.58 179.37
1920.58 193.94
1922.58 216.06
1924.58 12.82
1926.59 223.45
1928.58 15.93
1930.58 233.96
1932.83 248.5
1934.59 248.5
1936.59 238.0
1938.59 9.68
1940.84 195.66
1942.64 20.37
1944.84 220.12
1946.83 201.18
1948.83 0.55
1950.83 213.97
1952.83 17.77
1954.83 235.33
1956.84 222.94
1958.84 248.04
1960.83 246.35
1962.84 16.3
1964.84 253.44
1966.62 4.7
1968.83 242.63
1970.83 260.93
1972.83 4.31
1974.83 291.91
1976.83 12.78
1978.84 310.16
1980.83 249.89
1982.84 310.85
1984.83 226.96
1986.83 11.25
1988.83 325.87
1990.84 11.58
1992.83 310.58
1994.83 338.42
1996.83 3.79
1998.83 231.71
2000.84 2.1
2002.84 341.39
2004.83 364.58
2006.83 24.42
2008.83 361.94
2010.83 0.54
2012.83 376.63
2014.83 15.15
2016.83 269.34
2018.83 364.37
2020.84 11.22
2022.83 183.09
2024.83 1.88
2026.83 167.85
2028.83 147.72
2030.83 152.64
2032.84 116.44
2034.83 14.28
2036.84 150.15
2038.84 13.22
2040.84 92.53
2042.83 165.47
2044.83 0.53
2046.84 160.66
2048.83 0.55
2050.83 187.85
2052.84 186.85
2054.83 237.81
2056.83 267.16
2058.84 7.96
2060.83 204.08
2062.84 17.55
2064.83 294.19
2066.83 309.9
2068.83 311.11
2070.83 294.66
2072.84 5.75
2074.83 284.08
2076.84 329.36
2078.83 299.98
2080.83 264.94
2082.84 2.32
2084.83 255.19
2086.83 15.89
2088.84 182.6
2090.83 286.27
2092.84 0.53
2094.84 250.86
2096.83 10.08
2098.83 332.99
2100.84 189.13
2102.84 189.13
2104.83 189.13
2106.84 2.66
2108.83 267.7
2110.83 7.6
2112.83 290.46
2114.84 236.36
2116.82 0.57
2118.83 278.49
2120.84 230.35
2122.84 266.99
2124.83 259.09
2126.84 24.74
2128.83 238.34
2130.83 0.54
2132.83 211.41
2134.84 0.52
2136.83 256.58
2138.83 234.93
2140.84 0.51
2142.83 238.31
2144.84 257.4
2146.83 190.05
2148.83 248.56
2150.83 248.56
2152.83 230.27
2154.83 0.58
2156.83 188.84
2158.84 13.79
2160.83 229.58
2162.83 231.56
2164.83 0.54
2166.83 196.64
2168.83 11.9
2170.84 208.04
2172.83 223.82
2174.83 250.55
2176.84 246.25
2178.84 8.73
2180.84 247.52
2182.83 14.98
2184.83 191.58
2187.09 191.58
2189.09 5.97
2191.08 242.28
2193.07 18.53
2195.09 77.75
2197.09 100.9
2199.09 191.89
2201.07 197.66
2203.09 0.52
2205.09 102.83
2207.09 11.69
2209.09 213.07
2211.08 215.03
2213.09 0.54
2215.08 10.86
2217.09 17.54
2219.08 19.92
2221.08 27.3
2223.08 29.55
2225.08 47.7
2227.08 43.1
2229.08 42.47
2231.09 52.4
2233.08 58.8
2235.09 76.65
2237.08 79.99
2239.09 83.76
2241.09 111.37
2243.08 109.67
2245.08 26.32
2247.08 107.84
2249.09 76.07
2251.08 87.63
2253.09 124.56
2255.09 124.56
2257.08 124.56
2259.08 120.62
2261.09 4.78
2263.09 113.27
2265.08 112.16
2267.09 138.17
2269.09 134.93
2271.09 126.09
2273.09 145.09
2275.09 12.11
2277.08 103.46
2279.07 183.94
2281.08 165.72
2283.08 197.27
2285.08 15.61
2287.08 83.72
2289.08 5.39
2291.08 198.07
2293.08 213.04
2295.07 4.72
2297.07 219.39
2299.08 13.6
2301.08 203.06
2303.07 15.39
2305.08 40.1
2307.09 84.5
2309.08 90.04
2311.08 77.08
2313.08 94.89
2315.08 115.46
2317.09 107.82
2319.09 121.49
2321.08 121.38
2323.09 7.93
2325.08 96.76
2327.08 114.57
2329.08 108.38
2331.09 102.48
2333.08 128.9
2335.08 30.8
2337.08 30.55
2339.09 35.29
2341.09 43.94
2343.08 50.7
2345.08 40.42
2347.09 46.11
2349.08 59.76
2351.08 61.28
2353.08 88.78
2355.08 81.98
2357.09 78.57
2359.08 123.55
2361.08 88.25
2363.08 106.27
2365.08 33.64
2367.07 33.03
2369.09 43.03
2371.08 40.62
2373.08 68.26
2375.09 51.71
2377.08 70.75
2379.07 90.77
2381.08 91.28
2383.08 97.79
2385.09 48.53
2387.08 95.77
2389.08 83.69
2391.09 84.03
2393.08 94.53
2395.08 54.02
2397.09 107.54
2399.08 18.99
2401.08 160.91
2403.09 119.68
2405.09 11.11
2407.08 111.1
2409.08 2.72
2411.08 170.51
2413.09 202.73
2415.08 121.96
2417.09 195.05
2419.08 13.99
2421.08 144.4
2423.08 12.69
2425.08 4.96
2427.08 207.03
2429.08 8.8
2431.08 214.33
2433.33 0.51
2435.08 216.15
2437.09 10.96
2439.09 195.85
2441.34 199.56
2443.33 2.66
2445.33 214.13
2447.33 1.6
2449.34 197.72
2451.33 240.58
2453.33 21.69
2455.33 247.94
2457.33 14.33
2459.33 272.02
2461.13 0.52
2463.32 276.85
2465.33 280.94
2467.33 1.74
2469.32 291.15
2471.33 18.04
2473.33 266.82
2475.33 221.0
2477.34 283.82
2479.33 281.95
2481.33 0.52
2483.34 295.62
2485.17 2.99
2487.33 312.52
2489.33 263.19
2491.33 4.32
2493.33 301.21
2495.33 2.88
2497.33 319.29
2499.33 276.43
2501.33 299.02
2503.33 271.72
2505.34 315.92
2507.34 232.22
2509.16 7.84
2511.33 263.39
2513.33 219.52
2515.33 15.06
2517.33 257.22
2519.33 0.54
2521.32 297.29
2523.33 254.63
2525.34 285.32
2527.33 292.13
2529.34 0.5
2531.34 285.44
2533.34 0.53
2535.33 245.53
2537.33 214.14
2539.33 10.23
2541.33 275.04
