0.0 0.9
0.94 1.35
2.33 1.25
3.68 2.18
5.48 2.33
9.06 0.78
11.26 1.62
13.34 1.14
14.75 2.44
17.74 0.91
18.82 2.92
20.7 2.7
21.74 3.37
22.61 5.02
24.12 2.46
25.31 4.05
27.02 3.11
29.87 5.42
31.02 4.75
33.42 2.94
34.95 3.12
38.1 3.06
39.46 3.52
40.68 4.3
42.05 5.42
43.65 5.65
46.14 1.68
50.26 1.96
51.48 3.81
52.95 3.41
56.23 1.82
60.77 1.13
63.18 2.35
65.05 1.29
67.35 1.44
68.98 2.14
70.45 1.73
72.06 1.7
73.81 2.01
75.42 2.32
77.74 1.76
79.78 2.32
81.42 2.02
83.95 2.2
85.41 1.68
87.56 2.0
89.91 0.95
91.69 1.95
93.96 1.77
95.5 2.85
97.29 2.25
99.1 2.56
100.95 1.66
102.28 2.72
103.73 2.92
105.82 1.73
107.97 2.33
109.92 1.63
112.6 2.07
114.78 1.6
118.39 1.02
121.82 1.6
124.41 1.63
125.3 2.63
127.14 2.21
128.38 2.49
129.98 2.73
131.33 2.58
132.63 3.2
133.97 2.86
136.23 0.94
139.9 1.62
142.18 2.14
143.13 3.52
144.97 1.85
146.66 1.84
149.34 1.38
150.74 3.62
151.89 2.61
152.78 3.51
154.26 3.7
155.49 4.99
157.06 2.51
158.67 3.67
159.99 3.44
162.06 3.82
164.5 4.35
166.41 3.28
168.05 2.29
169.75 4.2
171.3 4.88
173.06 4.91
175.19 3.57
177.18 3.53
179.28 4.92
181.3 4.58
183.68 3.02
185.34 5.07
187.27 5.07
189.28 4.79
191.18 5.14
193.3 5.21
195.28 5.74
197.13 2.96
199.28 3.8
201.28 5.34
203.28 4.94
205.28 3.44
207.27 5.18
209.28 5.81
211.27 5.27
213.28 5.07
215.17 5.96
217.24 3.92
219.19 4.41
221.71 3.69
223.91 4.69
225.74 5.38
227.57 5.46
230.87 5.45
233.15 4.57
235.16 4.7
237.12 3.93
238.61 5.54
240.64 4.08
242.15 5.39
243.95 4.6
246.05 4.68
248.06 4.46
250.17 5.49
251.9 3.33
254.64 5.12
256.7 5.09
258.02 5.74
259.77 5.17
261.42 5.72
263.28 6.27
265.34 4.59
267.18 5.66
269.29 5.29
271.28 5.59
273.28 5.51
275.28 6.18
277.29 5.23
279.28 3.77
281.28 4.59
283.95 4.37
286.22 3.74
288.81 2.93
290.93 2.8
292.34 6.28
294.05 0.02
296.18 2.76
299.8 2.15
301.39 4.08
302.96 3.91
304.62 4.73
306.7 3.24
308.35 4.31
310.17 5.01
312.04 4.43
314.14 4.85
315.87 5.83
317.49 5.39
319.27 3.98
321.28 5.74
323.3 6.21
325.28 8.19
327.3 0.33
329.34 3.82
331.29 5.03
333.28 6.5
335.29 4.6
337.28 4.68
339.28 3.75
341.29 5.11
343.28 4.24
345.28 4.66
347.28 5.03
349.28 5.13
351.28 3.45
353.28 5.67
355.28 4.93
357.29 5.35
359.28 5.8
361.28 4.27
363.28 4.1
365.28 4.77
367.28 6.22
369.28 6.01
371.28 4.25
373.28 5.47
375.27 5.68
377.29 4.71
379.28 4.72
381.28 4.51
383.67 2.21
385.33 4.53
387.52 4.79
389.56 6.61
391.53 5.64
393.54 6.18
395.56 6.04
397.32 4.33
399.41 4.93
401.62 5.63
403.94 5.69
406.02 3.79
407.89 5.72
410.14 6.21
413.1 5.92
415.21 6.1
417.33 4.26
418.75 5.55
421.91 5.62
425.06 4.65
