0.0 40.53
0.58 4.36
1.36 4.19
1.91 6.21
2.76 6.46
3.6 8.32
4.64 10.74
6.64 9.97
8.66 10.66
10.64 16.13
12.64 16.04
14.64 14.03
16.57 14.03
18.66 12.48
20.64 18.5
22.64 0.52
24.64 13.68
26.64 20.06
28.64 26.04
30.64 31.83
32.64 22.83
34.64 30.48
36.64 24.53
38.64 27.07
40.6 30.37
42.64 31.39
44.66 5.39
46.64 34.47
48.66 38.24
50.64 40.63
52.64 40.29
54.66 36.81
56.66 36.81
58.64 12.54
60.66 37.26
62.64 6.61
64.56 42.82
66.64 38.21
68.64 33.53
70.64 42.19
72.64 43.36
74.64 43.66
76.64 28.98
78.66 28.98
80.64 28.98
82.66 40.36
84.64 40.36
86.64 35.24
88.52 35.24
90.64 7.47
92.64 47.53
94.64 41.02
96.64 45.98
98.64 49.79
100.64 42.47
102.64 50.19
104.64 35.66
106.64 42.28
108.64 37.4
110.64 56.32
112.59 56.32
114.64 57.46
116.66 52.01
118.64 0.11
120.66 6.46
122.64 10.21
124.64 14.72
126.64 12.98
128.64 20.25
130.66 13.67
132.64 19.2
134.64 24.44
136.57 25.54
138.63 27.63
140.64 26.03
142.66 24.95
144.64 22.74
146.64 32.05
148.64 33.13
150.66 23.39
152.64 32.67
154.64 24.2
156.64 27.91
158.64 23.56
160.64 23.95
162.64 34.96
164.64 39.38
166.64 25.47
168.64 37.32
170.64 30.33
172.64 29.87
174.64 49.39
176.66 2.49
178.64 43.87
180.64 57.44
182.64 56.99
184.64 52.55
186.64 49.35
188.64 45.5
190.64 57.07
192.64 51.3
194.64 45.75
196.64 45.75
198.64 45.75
200.64 39.43
202.64 56.27
204.64 40.48
206.66 26.48
208.64 57.35
210.66 52.21
212.64 62.6
214.64 17.28
216.66 97.72
218.64 90.14
220.64 101.62
222.64 94.86
224.9 101.78
226.9 108.85
228.9 87.19
230.9 51.97
232.9 111.65
234.9 111.42
236.9 111.42
238.9 119.69
240.9 117.58
242.9 120.59
244.9 118.31
246.78 125.46
248.9 125.46
250.9 125.46
252.9 4.69
254.9 60.79
256.9 68.86
258.9 115.35
260.9 14.23
262.9 1.16
265.02 3.65
267.46 8.97
268.9 7.45
270.82 9.88
272.9 8.72
274.9 14.18
276.9 14.42
278.9 16.3
