0.0 0.96
0.68 2.21
1.29 2.29
2.27 0.61
3.19 1.4
5.03 0.53
7.02 2.44
8.99 3.28
11.01 0.34
13.04 0.09
29.49 0.35
31.69 0.16
34.38 0.26
35.28 0.45
35.84 0.4
41.64 0.03
52.8 0.15
62.21 0.2
64.23 0.43
65.16 0.66
65.85 1.41
67.25 0.42
68.15 0.75
70.01 0.16
75.43 0.78
78.66 0.35
79.18 0.92
80.36 0.99
82.54 0.18
83.27 0.74
83.79 1.7
86.77 0.27
87.98 0.3
91.05 0.23
91.75 0.76
94.16 0.22
95.18 0.36
96.42 0.23
99.32 0.3
101.84 0.36
102.6 0.42
103.92 1.64
106.04 0.36
107.42 0.52
107.94 1.49
109.83 0.56
111.39 0.5
112.23 0.53
114.22 0.56
116.24 0.67
118.41 0.21
120.3 0.5
123.85 0.72
125.85 2.67
127.86 2.67
129.9 0.62
131.87 0.55
134.99 0.55
136.46 0.09
137.86 0.34
139.88 0.4
141.85 0.37
143.86 0.4
145.85 0.32
147.87 0.61
150.26 0.36
151.87 0.36
153.86 0.34
155.88 0.33
157.85 0.56
160.02 0.13
161.85 0.32
163.87 0.43
165.86 0.4
167.87 0.35
169.85 0.41
171.88 0.36
173.86 0.44
175.87 0.59
177.85 0.56
179.87 0.61
181.85 1.06
183.87 1.38
185.86 1.18
187.88 0.23
189.86 1.12
191.86 0.62
193.85 1.31
195.87 1.65
197.85 2.31
199.87 0.41
201.86 0.57
203.88 0.85
205.86 1.34
207.86 1.63
209.85 3.4
211.87 3.23
213.85 4.84
215.87 4.58
217.86 6.02
219.87 6.45
221.86 6.66
223.88 5.75
225.85 6.32
227.87 6.75
229.85 3.07
231.87 0.55
233.85 6.32
235.88 1.09
237.86 1.15
239.87 3.46
241.86 0.02
243.86 1.75
245.85 2.67
247.87 0.55
249.85 0.62
251.87 0.35
253.85 2.01
255.88 0.13
257.86 0.46
259.87 2.44
261.85 0.28
263.87 1.51
265.85 0.31
267.87 1.36
269.86 3.38
271.88 3.71
274.09 2.52
275.87 0.41
278.1 2.7
279.88 0.22
282.1 0.25
284.39 2.47
286.58 1.16
288.32 2.29
292.69 0.5
297.81 0.06
299.86 0.65
300.44 0.77
301.07 0.74
301.75 0.8
303.73 0.81
305.75 0.51
307.74 0.23
309.76 0.92
311.73 1.1
313.75 1.15
315.73 0.95
319.22 1.31
323.61 0.0
325.56 1.17
327.86 0.31
329.13 1.55
331.12 0.59
333.13 1.02
335.12 1.46
337.14 0.96
339.12 1.33
341.3 1.73
343.12 0.4
345.26 0.21
347.11 1.01
349.13 1.55
351.12 1.39
353.14 1.58
355.01 0.01
357.13 0.24
359.11 0.93
361.13 0.4
363.12 1.38
365.13 0.46
367.12 0.14
369.13 0.67
371.12 1.75
373.14 0.57
375.12 2.39
377.14 2.99
379.12 3.4
381.13 5.61
383.12 5.66
385.13 6.69
387.12 0.78
389.14 4.24
391.13 1.28
393.13 0.02
395.13 1.19
397.71 0.87
399.19 0.08
401.13 0.96
406.23 0.97
406.92 0.15
407.65 1.13
409.14 1.45
411.03 2.22
413.13 2.48
415.12 0.54
417.13 0.32
419.12 1.03
421.14 2.7
423.12 0.14
425.14 2.15
427.13 0.11
429.14 0.39
431.13 1.59
433.13 0.05
435.12 1.63
437.14 1.14
442.11 0.22
443.23 0.62
443.89 0.9
445.14 1.36
447.11 0.17
451.07 0.11
451.66 1.38
453.13 0.25
455.12 2.73
457.63 0.82
459.12 1.53
461.48 0.08
463.13 0.16
465.13 2.35
467.12 1.12
469.13 1.86
471.12 1.86
473.14 0.26
475.13 0.81
477.14 1.71
479.12 1.93
481.13 2.35
483.11 3.44
485.13 5.66
487.12 6.11
489.14 6.44
491.12 3.68
493.22 3.29
495.13 3.93
497.15 0.98
499.11 0.43
501.37 0.37
503.12 4.02
505.14 0.36
509.64 1.63
510.84 3.71
512.85 4.49
515.09 4.49
516.84 5.26
519.08 0.51
520.84 0.21
523.08 3.15
524.85 5.81
527.08 0.52
529.1 4.14
531.05 1.16
533.11 4.53
535.09 0.66
537.09 0.16
539.22 0.17
541.1 0.58
543.09 3.6
546.11 2.48
549.15 2.94
553.11 0.33
555.31 2.94
557.75 0.69
560.67 1.54
561.26 3.52
561.76 4.27
562.56 4.19
564.1 3.85
564.98 4.02
567.09 2.5
568.9 0.9
571.08 0.17
575.7 0.22
577.16 0.53
578.7 1.57
586.83 2.39
587.34 2.06
591.48 0.95
594.07 0.7
594.96 1.01
599.11 0.06
601.47 0.43
603.0 0.7
605.67 0.7
607.02 0.29
611.21 0.68
614.16 0.69
615.02 1.93
619.01 0.32
619.82 0.66
621.97 0.45
623.0 0.88
624.85 3.34
626.87 0.18
628.85 3.43
631.25 0.46
633.46 0.34
634.86 0.48
637.73 0.34
642.24 0.1
645.28 0.81
646.04 1.08
647.43 0.53
649.63 0.53
652.53 0.3
654.26 0.27
655.38 0.5
657.9 0.11
661.52 0.29
664.0 0.04
666.42 0.22
667.0 0.32
668.03 0.43
670.04 0.28
672.03 0.4
674.05 0.35
676.02 0.52
678.05 0.38
680.03 0.34
682.05 0.35
684.82 0.38
686.47 0.28
688.81 0.34
690.04 0.37
692.03 0.37
694.65 0.35
696.18 0.56
698.05 2.32
700.03 2.63
702.05 2.76
704.03 4.41
706.04 5.98
708.03 5.87
710.0 6.85
712.04 6.85
714.05 6.59
716.04 5.83
718.05 3.6
720.78 5.51
723.62 4.03
725.48 3.41
726.57 3.96
728.03 1.94
730.05 3.05
733.46 0.68
735.33 0.58
736.54 2.06
738.05 0.27
740.03 0.82
742.54 2.31
745.57 2.09
748.76 2.34
752.78 3.15
755.16 2.74
757.0 2.86
758.33 2.49
760.16 0.21
762.2 1.05
766.24 0.26
767.08 2.71
767.71 2.1
768.99 0.47
771.1 2.32
772.55 2.59
775.06 2.31
777.23 1.11
780.48 1.99
782.6 0.07
783.76 0.94
786.36 2.4
788.21 3.01
790.19 0.07
792.34 3.05
794.62 1.51
796.3 3.6
797.45 0.07
799.51 3.81
801.96 0.54
805.04 3.56
807.21 3.29
810.38 1.81
816.21 1.49
817.72 1.5
818.87 1.15
820.61 0.92
824.42 1.27
839.16 0.07
846.32 0.06
853.39 0.02
858.0 0.16
863.2 0.15
864.64 0.33
865.4 0.7
866.32 0.62
867.16 0.92
867.89 1.06
868.81 1.05
869.53 1.04
870.14 1.03
871.04 0.2
871.84 1.34
872.78 1.29
874.49 1.3
876.51 0.26
878.49 1.22
880.51 1.29
882.48 0.55
884.5 0.55
886.48 0.7
888.5 3.66
890.49 0.23
892.5 1.02
901.18 0.56
903.08 0.29
904.72 0.07
905.45 0.54
906.6 0.55
907.43 0.55
910.77 0.56
911.93 0.66
915.1 0.7
915.83 0.7
916.54 0.84
917.61 0.13
919.4 0.63
920.56 0.89
922.48 0.92
924.53 0.84
926.49 1.09
928.66 0.13
930.49 0.14
932.5 1.32
934.48 1.18
936.5 0.15
938.48 0.61
940.5 1.1
942.49 1.29
944.51 0.3
946.49 0.13
948.5 0.82
950.93 0.23
952.5 0.23
954.48 0.56
957.88 0.25
959.48 0.47
960.51 0.2
962.49 0.23
964.84 0.73
966.74 0.83
971.25 0.12
973.38 0.7
974.57 0.17
975.14 0.57
976.51 0.2
978.74 2.22
980.5 2.84
982.74 1.66
984.73 1.66
986.74 2.44
988.73 4.32
990.73 2.2
992.72 6.62
994.74 5.58
996.61 0.26
998.74 0.44
1000.79 0.66
1002.87 0.71
1004.73 0.65
1006.74 1.73
1008.72 0.4
1010.69 0.17
1012.94 0.34
1014.77 2.25
1016.73 2.13
1018.75 1.69
1020.55 0.37
1022.73 3.96
1024.72 0.08
1027.16 4.11
1029.86 1.41
1031.39 3.76
1033.14 2.54
1034.74 3.84
1036.73 4.09
1038.76 0.5
1040.72 0.66
1042.75 0.17
1045.04 0.45
1046.6 3.96
1048.72 1.14
1051.19 2.63
1052.93 3.01
1054.75 2.41
1057.14 2.28
1060.77 2.67
1064.1 3.94
1066.24 2.26
1067.89 2.29
1069.59 3.63
1071.62 0.48
1073.55 0.43
1076.37 1.72
1077.4 3.79
1078.53 3.02
1080.43 0.56
1082.71 0.87
1084.3 2.38
1085.45 1.13
1086.75 4.56
1088.73 0.94
1090.74 0.34
1092.73 2.59
1095.12 1.05
1097.86 1.72
1101.61 1.69
1105.61 0.33
1107.28 0.13
1110.05 0.03
1111.17 0.33
1111.68 1.01
1112.55 0.78
1114.36 1.21
1116.34 1.14
1118.36 0.19
1120.35 0.42
1122.35 0.06
1124.34 2.87
1126.35 0.1
1128.34 4.18
1130.36 6.59
1132.35 5.01
1134.36 0.9
1136.35 4.1
1138.38 0.16
1140.34 3.95
1142.35 0.66
1144.34 0.36
1146.71 0.63
1148.34 2.74
1155.45 0.62
1156.2 0.57
1157.62 0.14
1159.61 0.13
1163.3 0.13
1166.94 0.39
1167.46 0.59
1168.09 0.9
1170.99 0.3
1171.62 1.11
1173.64 1.23
1175.61 0.05
1177.62 1.32
1183.32 0.09
1183.88 1.4
1185.3 0.57
1187.28 1.56
1189.29 2.96
1191.27 1.38
1193.29 2.69
1195.27 5.23
1197.28 5.89
1199.28 6.18
1201.3 5.87
1203.28 6.71
1205.28 0.91
1207.54 6.65
1209.29 6.02
1211.52 6.62
1213.29 6.74
1215.53 3.51
1217.3 4.77
1219.44 0.29
1221.55 6.68
1223.54 4.73
1225.55 0.84
1227.52 0.82
1229.54 0.17
1231.84 0.23
1234.46 0.99
1238.28 0.43
1239.45 0.05
1242.95 0.05
1245.05 1.93
1251.21 1.93
1252.57 1.15
1254.55 1.15
1256.57 0.49
1262.32 0.53
1263.59 0.29
1264.26 2.41
1271.89 0.34
1272.55 0.63
1273.2 0.63
1277.49 0.07
1279.4 3.16
1281.55 4.5
1283.41 2.59
1285.39 3.7
1287.57 3.7
1289.3 0.45
1291.4 2.86
1293.54 6.34
1295.4 6.62
1298.8 2.67
1300.38 2.83
1301.31 2.58
1303.41 2.32
1305.55 2.55
1308.0 0.08
1309.29 1.95
1311.4 4.53
1313.38 1.12
1315.4 6.2
1317.55 5.86
1319.41 6.07
1321.39 4.64
1323.41 1.14
1325.41 1.29
1327.4 2.3
1329.64 0.15
1331.4 3.14
1333.39 0.28
1335.41 1.5
1337.39 1.71
1339.4 0.02
1341.4 0.43
1343.43 2.0
1345.75 0.53
1347.4 2.49
1349.39 0.68
1351.35 5.51
1353.39 6.35
1355.41 6.2
1357.4 2.71
1368.14 0.54
1368.8 5.54
1370.82 5.87
1372.81 5.87
1374.81 2.9
1376.79 4.79
1378.81 5.25
1380.8 0.82
1382.81 0.33
1388.86 1.04
1389.4 1.42
1390.61 1.36
1392.58 1.36
1394.84 0.42
1397.56 0.57
1398.6 0.83
1400.59 1.59
1402.61 1.56
1404.59 0.88
1406.61 1.38
1408.58 1.45
1410.67 0.18
1412.58 0.69
1414.61 0.28
1416.59 2.15
1418.61 0.52
1420.59 1.98
1422.61 4.12
1424.6 6.41
1426.6 5.92
1428.58 5.82
1430.6 5.94
1432.59 1.64
1434.61 6.02
1436.59 5.9
1440.51 1.63
1442.76 1.24
1444.68 0.18
1446.42 0.46
1448.68 0.14
1451.0 0.51
1452.41 0.56
1457.04 0.01
1457.66 0.8
1460.59 0.84
1461.98 1.01
1464.23 0.17
1465.99 1.04
1468.23 0.27
1469.99 0.93
1472.22 0.02
1474.0 0.16
1476.23 0.08
1478.24 1.08
1480.44 1.08
1482.23 0.89
1484.22 0.89
1486.24 0.63
1488.23 0.06
1490.4 0.28
1492.23 1.18
1494.25 0.92
1497.27 1.19
1498.23 0.81
1500.22 0.81
1502.24 0.96
1504.17 0.45
1506.24 1.58
1508.22 1.49
1510.24 0.15
1512.23 0.2
1514.23 1.59
1516.21 2.09
1518.23 4.46
1520.23 6.27
1522.24 6.46
1524.23 3.48
1526.24 5.95
1528.21 0.92
1530.25 3.26
1532.23 1.79
1534.38 2.95
1536.22 4.18
1538.24 4.87
1540.23 4.86
1542.24 2.8
1544.23 0.62
1546.24 0.68
1548.22 0.16
1550.23 2.85
1552.09 0.07
1554.24 1.08
1556.28 0.81
1558.54 0.9
1560.72 0.39
1562.45 2.73
1564.23 0.56
1566.23 2.31
1568.22 2.35
1570.24 2.59
1572.22 4.67
1574.24 5.81
1576.23 6.44
1578.24 6.44
1580.23 1.09
1582.23 5.97
1584.22 6.67
1586.52 1.71
1588.42 0.42
1590.24 2.62
1592.23 0.28
1594.24 3.26
1596.23 0.47
1598.23 5.02
1600.22 1.07
1602.23 1.38
1604.22 0.56
1606.24 0.66
1608.23 3.05
1610.76 2.01
1613.92 0.98
1616.59 0.77
1618.08 0.32
1619.31 0.41
1621.23 3.06
1623.15 3.01
1625.32 3.51
1629.42 0.79
1632.42 0.64
1633.43 0.45
1634.16 0.72
1634.97 3.59
1636.22 4.36
1638.23 1.31
1640.22 0.38
1642.25 0.06
1644.22 2.2
1646.39 2.09
1648.21 1.81
1650.23 0.3
1652.22 1.94
1655.92 1.87
1658.42 0.29
1660.83 2.33
1662.79 2.19
1665.6 2.99
1668.29 1.5
1671.71 0.47
1673.84 2.36
1676.71 0.6
1679.16 3.35
1681.92 1.56
1685.2 0.38
1688.19 0.22
1689.15 0.18
1690.04 1.94
1692.34 1.99
1694.66 0.89
1696.72 0.42
1698.2 0.79
1700.21 3.11
1702.63 0.65
1705.45 2.01
1706.27 2.41
1706.83 3.41
1708.5 0.08
1710.08 0.09
1711.08 1.28
1711.7 0.3
1712.66 1.55
1713.25 0.22
1714.23 1.41
1716.48 0.33
1718.47 0.02
1720.49 0.79
1722.24 0.13
1724.47 0.95
1726.54 0.23
1728.48 1.58
1730.46 0.24
1732.48 0.67
1734.33 1.19
1736.31 1.63
1738.45 3.3
1740.47 2.64
1742.46 2.44
1744.48 5.76
1746.46 3.33
1748.47 3.39
1750.47 5.73
1752.49 6.27
1755.25 2.97
1756.72 2.49
1758.46 2.82
1760.48 2.21
1762.47 6.85
1764.49 6.2
1766.47 0.02
1768.49 2.29
1770.45 3.58
1772.39 6.59
1774.45 6.59
1776.48 6.62
1778.47 6.0
1780.47 6.4
1782.47 3.23
1784.48 6.08
1786.47 6.08
1788.47 6.05
1790.46 6.48
1792.48 3.07
1794.46 6.52
1796.47 5.72
1798.47 0.35
1800.48 6.13
1802.47 5.68
1804.47 6.55
1806.46 2.03
1808.47 2.0
1810.46 5.09
1812.5 0.66
1814.47 0.3
1816.47 0.16
1818.47 0.46
1820.39 5.62
1822.5 6.72
1824.47 5.83
1826.46 6.94
1828.47 6.34
1830.46 5.95
1832.43 0.64
1834.47 0.26
1837.73 3.22
1841.13 0.26
1845.74 2.78
1846.79 0.41
1847.79 2.78
1851.7 2.48
1853.68 1.57
1855.72 3.4
1857.74 1.7
1860.62 4.2
1863.74 0.54
1865.95 2.94
1867.7 3.48
1869.73 3.67
1870.73 0.02
1871.24 3.61
1872.74 0.07
1874.43 0.08
1875.6 2.09
1876.93 0.12
1877.99 0.97
1880.01 2.42
1882.0 2.89
1884.02 3.23
1885.99 1.22
1888.0 3.31
1889.99 0.57
1892.0 3.84
1893.99 1.66
1896.0 1.93
1897.99 3.07
1900.02 5.61
1902.0 0.72
1904.02 0.42
1905.99 0.5
1908.29 2.25
1913.54 0.17
1915.19 1.14
1916.28 1.06
1918.46 1.73
1921.16 0.54
1924.0 0.81
1926.36 2.69
1927.45 3.04
1929.41 0.46
1931.59 3.32
1934.44 1.78
1935.51 0.33
1936.06 2.4
1938.21 0.46
1946.69 0.6
1948.0 0.81
1948.94 0.5
1949.78 0.5
1951.26 0.45
1953.34 1.22
1955.09 1.19
1957.34 0.02
1959.09 1.2
1961.33 0.25
1963.1 1.14
1965.34 0.55
1967.36 0.62
1969.34 1.18
1971.36 0.61
1973.34 1.39
1975.36 1.63
1977.33 2.17
1979.35 0.69
1981.33 2.22
1983.45 0.15
1985.33 0.33
1988.04 0.41
1991.26 0.24
1994.01 0.05
1994.8 0.51
1997.88 0.14
1998.65 0.54
1999.36 0.78
2001.34 0.75
2003.35 0.15
2005.34 0.04
2007.34 0.21
2009.35 0.91
2011.34 0.99
2013.33 1.26
2015.35 0.89
2017.34 0.04
2019.36 1.23
2021.34 0.16
2023.36 1.33
2025.35 0.32
2027.34 1.39
2032.67 0.33
2033.45 0.17
2035.4 0.32
2035.9 0.32
2038.4 0.59
2039.36 0.66
2041.34 0.16
2043.35 0.76
2045.33 1.11
2047.35 0.99
2049.33 1.27
2051.34 0.32
2053.34 0.29
2055.36 1.32
2057.34 1.25
2059.35 1.08
2061.33 0.05
2063.36 0.09
2065.33 0.29
2067.35 0.95
2069.34 1.41
2071.35 0.24
2073.34 1.47
2075.36 0.49
2077.33 1.21
2079.57 0.41
2081.85 0.61
2083.36 1.3
2085.34 0.56
2087.36 0.57
2089.33 1.3
2091.36 0.21
2093.33 0.9
2095.35 2.75
2097.34 0.3
2099.35 4.27
2101.34 0.45
2103.36 0.74
2107.8 0.32
2109.02 0.28
2111.0 0.36
2112.99 0.21
2115.0 0.32
2116.99 0.32
2119.93 0.06
2120.99 0.13
2123.74 0.29
2126.36 0.04
2127.49 0.27
2130.58 0.18
2131.4 0.29
2134.77 0.07
2137.47 0.24
2138.82 0.25
2140.67 0.25
2142.12 0.15
2143.41 1.47
2144.98 2.16
2147.14 3.25
2148.99 3.25
2151.01 3.38
2153.35 2.54
2155.01 6.56
2157.0 6.01
2159.0 4.87
2160.98 5.58
2163.0 6.24
2165.01 0.02
2167.01 2.47
2168.98 0.2
2171.01 2.24
2172.99 0.07
2175.0 0.56
2176.98 0.85
2178.99 1.54
2180.99 0.2
2183.01 2.21
2184.98 1.72
2187.01 1.12
2188.99 3.22
2191.0 5.05
2192.98 0.67
2195.0 6.61
2196.99 6.47
2199.35 5.75
2202.12 0.28
2203.01 2.55
2205.24 0.37
2207.01 0.55
2210.49 0.7
2211.51 0.08
2213.25 2.04
2215.0 0.76
2217.24 0.06
2219.56 0.8
2221.24 0.74
2223.01 0.86
2225.24 1.04
2227.27 1.26
2229.25 1.8
2237.67 0.34
2238.3 0.58
2240.17 2.95
2242.2 2.86
2244.18 5.08
2246.2 0.88
2248.17 5.8
2251.25 0.02
2252.09 0.49
2254.2 2.64
2256.75 2.73
2258.46 2.66
2260.06 1.15
2262.2 0.87
2266.61 2.65
2267.68 0.74
2268.29 0.74
2270.15 0.53
2272.17 1.46
2274.1 2.55
2276.44 0.86
2278.2 0.25
2280.19 0.33
2285.4 0.09
2289.27 0.41
2290.16 1.81
2291.72 3.29
2293.73 0.59
2295.72 1.32
2297.72 2.77
2299.7 0.55
2301.72 4.34
2303.71 3.43
2305.73 5.44
2307.71 3.24
2309.73 6.0
2311.72 5.8
2318.63 0.69
2320.85 1.04
2321.57 1.52
2322.8 1.85
2324.86 0.4
2326.73 1.88
2328.81 1.32
2332.06 1.03
2332.8 1.16
2334.79 1.41
2337.45 0.23
2338.79 2.7
2341.92 2.92
2342.8 1.3
2345.08 0.38
2346.78 0.38
2348.8 0.38
2350.78 1.69
2353.46 0.58
2354.79 0.63
2358.28 0.53
2358.79 0.56
2360.8 0.71
2362.8 0.71
2364.8 1.6
2366.78 1.77
2368.8 1.5
2370.79 2.58
2372.8 1.62
2374.78 2.35
2376.8 0.13
2378.78 0.43
2380.8 3.62
2382.78 5.61
2384.8 3.09
2386.79 2.94
2388.81 0.18
2390.78 0.49
2399.31 0.71
2400.55 0.57
2401.22 0.09
2401.83 0.37
2408.32 0.21
2410.0 0.35
2411.39 0.34
2413.79 1.95
2415.4 1.95
2419.01 0.39
2419.84 0.39
2422.9 0.14
2426.05 0.05
2426.65 0.44
2427.39 0.97
2429.38 0.41
2431.4 0.43
2433.38 1.23
2435.64 0.62
2439.66 0.74
2442.08 0.35
2443.08 0.35
2445.06 2.12
2447.08 2.0
2449.06 4.52
2451.08 6.39
2453.07 6.11
2455.09 5.92
2457.07 3.46
2459.08 2.73
2461.36 5.9
2463.08 0.9
2465.33 0.21
2467.09 0.52
2469.32 0.3
2471.3 1.97
2473.33 1.17
2475.69 0.34
2478.24 2.78
2480.95 2.69
2483.25 3.29
2485.13 0.58
2487.15 0.1
2489.04 0.81
2491.43 0.65
2494.74 1.87
2497.09 2.5
2499.69 1.75
2502.4 2.35
2505.13 2.14
2507.54 2.13
2510.24 2.84
2512.03 2.59
2513.39 4.65
2514.66 0.48
2515.81 2.85
2517.2 0.52
2518.84 0.77
2520.53 1.15
2521.7 6.05
2523.69 1.7
2525.57 2.96
2527.74 2.92
2529.93 3.07
2532.06 0.22
2534.49 2.68
2536.75 0.12
2538.97 0.21
2541.34 1.3
2546.25 1.35
2547.42 0.47
2548.01 0.86
2554.49 0.88
2555.03 0.19
2556.31 1.92
2558.29 1.46
2561.13 1.72
2562.3 0.75
2564.28 2.07
2566.29 2.96
2568.3 0.4
2570.29 0.08
2572.27 0.61
2574.29 0.17
2576.32 1.48
2578.3 0.37
2580.32 0.64
2582.3 0.18
2584.3 3.0
2586.24 5.91
2588.3 2.32
2590.29 2.07
2592.31 0.76
2594.3 0.63
2602.98 0.88
2605.67 0.1
2606.57 0.2
2607.79 0.26
2609.11 0.32
2609.88 0.33
2610.97 0.54
2612.78 0.11
2615.04 0.3
2617.57 0.61
2618.55 0.7
2619.96 0.6
2622.77 0.39
2623.96 0.63
2625.95 1.07
2627.97 1.32
2629.94 1.95
2631.96 2.06
2633.94 3.4
2635.96 2.71
2637.94 2.71
2639.97 2.04
2641.95 3.37
2643.96 3.93
2645.94 3.93
2647.96 3.93
2649.94 0.5
2651.96 0.21
2653.95 0.11
2655.96 1.33
2660.84 0.08
2661.58 0.62
2663.55 1.34
2665.57 0.53
2667.55 1.13
2669.53 0.2
2671.55 0.39
2673.54 0.89
2675.57 0.94
2677.54 1.02
2679.55 0.93
2681.67 0.14
2683.55 0.07
2686.84 0.08
2687.55 0.61
2690.59 0.08
2691.56 0.96
2693.54 0.33
2695.66 0.12
2697.55 1.69
2699.55 0.25
2701.62 0.17
2703.55 0.07
2705.71 2.03
2707.56 2.57
2709.79 3.19
2711.56 0.27
2713.8 4.75
2715.82 5.82
2717.8 1.63
2719.82 0.64
2721.8 6.58
2723.8 5.91
2725.79 0.53
2727.81 0.17
2729.7 0.9
2737.0 0.02
2738.35 0.01
2739.35 1.33
2741.33 1.24
2746.47 1.34
2747.09 2.46
2749.08 2.0
2751.1 1.64
2753.09 3.75
2755.08 0.2
2757.07 0.02
2759.09 2.47
2761.07 0.03
2763.18 0.17
2765.08 0.89
2767.09 0.38
2769.24 0.37
2771.1 0.5
2773.07 1.19
2775.09 1.09
2777.07 1.2
2779.09 1.18
2781.08 0.34
2783.1 1.48
2785.08 1.01
2787.1 1.32
2789.07 0.38
2791.09 2.18
2793.07 0.07
2795.09 3.0
2797.08 0.72
2799.25 3.2
2801.09 2.56
2803.08 0.02
2805.09 2.4
2807.09 0.87
2809.07 3.33
2811.09 0.9
2816.03 0.1
2818.97 0.72
2820.26 0.56
2820.95 1.03
2823.0 0.25
2828.85 0.15
2829.79 0.83
2832.09 0.31
2833.09 1.15
2833.84 1.35
2834.62 1.11
2836.6 0.24
2838.62 0.55
2840.6 1.23
2842.74 0.92
2844.61 1.39
2848.38 0.47
2851.91 0.35
2852.68 2.38
2854.27 1.63
2856.74 1.05
2858.28 0.46
2861.01 0.29
2862.28 0.36
2864.91 1.87
2866.28 0.63
2869.17 1.26
2870.27 0.25
2872.26 0.73
2875.7 2.21
2876.26 2.16
2878.28 2.71
2880.26 2.76
2882.28 2.91
2884.26 0.22
2886.27 2.76
2888.26 0.41
2890.27 2.03
2892.26 0.36
2894.28 6.6
2896.26 5.9
2898.28 6.66
2900.26 3.94
2902.27 5.74
2904.26 5.8
2910.13 2.75
2912.89 2.63
2914.19 0.51
2915.59 0.01
2916.11 2.52
2918.03 0.22
2920.01 1.5
2922.03 0.65
2924.01 2.44
2926.03 1.83
2928.01 0.54
2930.03 4.38
2932.02 6.54
2934.03 2.77
2936.01 0.36
2940.32 0.89
2940.94 1.59
2942.03 1.12
2944.01 1.27
2946.03 1.29
2949.39 0.3
2951.09 0.27
2952.76 0.71
2954.02 0.73
2956.74 0.7
2958.02 1.97
2960.28 2.45
2962.03 0.15
2964.27 1.86
2966.25 1.32
2968.13 0.5
2970.26 1.54
2972.27 2.95
2974.67 1.88
2976.28 1.05
2978.25 2.43
2980.26 2.53
2982.23 4.76
2984.27 6.98
2986.66 0.51
2988.14 0.45
2990.26 2.08
2992.42 0.81
2994.26 0.07
2996.27 1.08
2998.24 0.89
3000.27 0.96
3003.4 1.57
3009.21 0.55
3009.79 0.9
3010.64 1.28
3011.19 1.4
3012.26 1.05
3014.25 0.7
3016.31 1.28
3018.25 2.93
3020.27 3.63
3022.26 4.5
3024.26 0.32
3026.28 0.9
3028.28 2.72
3030.21 4.91
3032.27 5.13
3034.25 5.4
3036.27 0.35
3038.25 2.88
3040.26 4.51
3042.24 3.55
3044.28 4.25
3046.25 0.44
3048.27 0.19
3050.25 0.06
3053.09 1.42
3055.88 0.67
3057.01 3.69
3072.36 0.69
3074.48 0.26
3075.05 1.09
3076.01 1.79
3081.9 0.16
3083.5 0.64
3086.94 0.73
3088.79 1.04
3093.85 0.35
3096.83 0.93
3097.75 0.56
3098.33 0.58
3098.91 1.55
3101.59 0.5
3102.3 0.35
3103.61 2.0
3104.28 0.4
3106.21 0.38
3107.98 0.16
3110.22 1.28
3114.63 2.31
3119.25 1.43
3123.82 0.38
3129.87 0.02
3130.56 0.25
3135.91 0.04
3137.76 0.83
3138.37 1.0
3139.04 0.98
3141.76 0.25
3144.27 0.19
3146.75 0.27
3148.64 0.43
3150.25 0.39
3151.85 0.4
3152.88 0.35
3154.34 0.45
3156.82 0.33
3157.71 0.44
3159.25 0.58
3160.52 0.36
3163.42 0.37
3164.34 0.36
3166.52 0.56
3168.51 0.54
3170.44 2.03
3172.52 3.07
3174.53 5.65
3176.52 6.73
3178.56 6.09
3180.52 6.54
3182.52 6.52
3184.51 6.59
3186.52 4.34
3190.83 0.44
3191.45 2.8
3193.07 0.36
3194.36 2.36
3196.51 1.36
3198.37 2.11
3200.62 2.04
3203.85 1.41
3206.69 2.74
3209.81 2.99
3212.64 2.69
3214.62 3.01
3215.52 1.48
3217.83 1.83
3229.18 0.26
3230.04 0.2
3230.83 0.64
3231.42 1.87
3231.98 3.35
3232.59 4.69
3234.08 4.46
3235.26 4.32
3237.28 0.39
3239.28 0.54
3241.28 2.31
3243.27 0.31
3245.47 0.15
3248.98 0.02
3249.78 1.02
3251.27 1.25
3253.28 1.77
3257.31 1.11
3260.33 0.49
3261.22 1.49
3263.22 2.5
3264.51 0.54
3265.71 2.9
3267.91 2.24
3269.58 0.97
3271.59 3.48
3275.15 2.79
3276.91 1.8
3280.71 0.27
3284.16 0.66
3286.68 3.37
3287.52 0.6
3289.16 2.13
3291.65 0.6
3295.67 0.01
3296.81 0.82
3298.54 2.4
3299.68 2.89
3302.42 0.19
3303.05 1.25
3304.36 2.57
3306.41 1.08
3308.49 0.41
3310.4 0.68
3312.36 3.45
3314.65 3.25
3317.07 2.97
3318.37 2.82
3320.41 3.11
3322.39 5.83
3324.45 2.86
3326.98 0.66
3328.68 3.04
3330.61 4.35
3332.4 0.36
3335.1 1.24
3337.7 3.13
3342.96 4.13
3345.39 0.65
3346.85 2.87
3348.25 3.67
3352.13 3.19
3354.58 0.48
3355.92 2.98
3357.83 0.02
3359.54 0.71
3360.95 1.97
3362.04 3.19
3362.9 3.03
3364.34 0.42
3365.71 3.31
3367.13 0.31
3368.66 6.15
3370.64 5.9
3372.66 0.54
3374.77 1.76
3378.05 0.7
3380.68 0.25
3382.27 0.82
3384.29 2.12
3386.28 1.72
3388.28 2.38
3390.26 5.73
3392.28 3.37
3394.27 5.6
3396.29 0.51
3398.27 1.74
3400.35 0.34
3402.26 1.69
3404.28 0.76
3406.27 2.37
3408.28 1.3
3410.27 1.37
3412.29 0.93
3414.27 0.11
3416.29 1.42
3418.59 0.24
3420.28 0.23
3422.23 1.75
3425.48 0.15
3428.05 2.55
3429.35 1.44
3430.73 2.35
3432.45 2.05
3436.3 0.94
3440.39 0.34
3441.96 0.87
3443.12 1.55
3443.98 3.09
3445.97 2.1
3447.98 3.04
3449.97 2.4
3451.97 0.36
3453.96 0.78
3455.97 2.13
3457.96 1.75
3459.98 0.94
3461.96 0.07
3463.98 1.9
3465.97 3.52
3467.97 3.92
3469.95 3.31
3471.97 0.24
3473.96 2.87
3475.86 2.43
3477.96 0.27
3479.98 1.82
3481.97 0.26
3483.98 1.82
3488.1 0.23
3488.66 2.48
3489.96 0.4
3491.98 1.68
3495.04 2.3
3497.79 0.92
3498.88 1.91
3500.71 1.99
3502.92 1.14
3506.06 2.75
3507.99 2.66
3510.03 2.56
3511.72 2.76
3513.31 0.49
3517.11 3.3
3519.72 0.6
3521.89 1.49
3523.02 0.66
3526.25 0.45
3529.7 1.38
3530.52 0.28
3531.28 1.75
3532.11 0.65
3533.84 0.33
3536.4 2.26
3538.14 0.93
3541.2 2.55
3541.98 1.76
3543.67 2.39
3545.78 2.26
3547.11 0.97
3550.12 1.66
3551.18 1.08
3554.67 0.56
3556.82 0.8
3558.19 3.91
3561.09 5.86
3563.82 2.11
3567.08 3.39
3569.41 2.14
3572.46 2.38
3575.48 3.31
3577.79 1.13
3579.52 2.72
3581.29 3.2
3586.44 0.31
3587.14 0.67
3588.03 0.74
3589.45 0.5
3594.2 0.74
3594.82 0.58
3595.54 0.62
3596.33 0.97
3598.35 1.86
3600.57 0.21
3602.34 0.25
3604.59 1.4
3606.34 0.33
3609.61 0.35
3612.35 0.19
3613.03 0.86
3614.35 1.12
3616.59 0.01
3619.04 0.2
3621.81 0.27
3622.65 0.3
3625.97 0.21
3626.5 0.9
3628.58 1.56
3630.57 1.2
3632.58 0.52
3634.57 1.18
3636.56 1.43
3638.56 0.4
3640.58 0.09
3642.56 1.39
3644.44 1.03
3647.82 0.22
3650.63 0.36
3657.19 0.09
3660.15 0.02
3660.91 0.03
3661.81 2.74
3663.83 2.62
3665.81 0.86
3667.84 0.64
3669.83 1.21
3671.84 2.19
3673.81 2.22
3675.83 1.08
3677.94 0.33
3679.83 1.98
3681.82 0.1
3684.17 0.43
3685.82 1.23
3687.84 1.17
3689.82 0.41
3691.83 0.55
3693.81 0.24
3695.83 1.33
3697.82 1.32
3699.83 0.67
3701.82 0.58
3703.78 1.71
3705.82 0.57
3707.92 1.32
3709.81 0.27
3711.87 2.57
3714.58 2.04
3716.17 0.49
3717.95 0.89
3720.15 0.62
3721.82 2.9
3723.83 2.9
3726.33 1.2
3728.19 3.11
3730.21 3.82
3731.85 0.4
3733.82 1.2
3736.34 2.73
3738.88 2.97
3742.44 1.24
3743.13 3.69
3746.46 0.07
3751.02 3.73
3753.28 0.13
3755.36 4.17
3757.3 1.47
3758.51 0.79
3760.84 3.28
3763.47 0.2
3765.93 0.6
3767.06 3.32
3769.36 3.05
3771.59 0.62
3780.08 0.81
3782.27 2.3
3782.96 1.53
3783.75 0.48
3784.34 0.52
3786.74 0.21
3787.96 1.39
3788.56 1.78
3792.59 1.0
3795.7 1.81
3796.49 0.41
3798.12 2.08
3800.11 1.57
3802.13 1.41
3804.1 0.61
3806.11 0.96
3808.1 0.75
3810.12 1.46
3812.1 1.51
3814.13 1.39
3816.11 1.67
3825.05 0.02
3826.17 0.35
3826.89 0.31
3829.15 0.18
3830.1 0.22
3831.33 0.54
3838.66 0.03
3839.89 0.3
3842.67 0.29
3846.3 0.56
3847.94 0.23
3850.28 0.24
3852.69 0.24
3854.22 0.24
3856.01 0.56
3858.0 0.94
3859.89 0.44
3861.97 2.02
3864.0 2.1
3865.99 5.0
3868.01 2.16
3869.99 0.32
3872.01 4.3
3874.0 0.22
3876.0 4.04
3877.98 1.5
3880.0 1.77
3881.99 5.55
3884.01 5.55
3885.78 2.97
3888.01 0.31
3889.99 2.14
3892.0 2.14
3893.98 2.14
3896.0 1.67
3898.91 0.93
3900.05 0.15
3902.95 1.69
3905.15 0.35
3906.4 0.99
3908.01 0.56
3911.47 0.14
3913.4 0.8
3914.51 0.15
3917.51 0.23
3918.39 0.52
3922.17 0.57
3923.88 0.36
3925.19 0.66
3926.39 0.54
3928.82 0.2
3931.18 0.51
3933.32 0.65
3933.99 0.67
3936.01 0.42
3938.58 0.19
3939.89 1.31
3941.99 0.56
3944.0 1.25
3945.98 1.35
3950.15 0.27
3954.71 0.08
3955.82 0.23
3956.82 0.38
3958.97 0.22
3959.95 0.37
3964.12 0.19
3966.02 0.29
3969.37 0.3
3972.31 0.36
3974.01 0.42
3976.07 0.33
3977.55 0.42
3979.37 0.35
3980.13 0.54
3981.1 0.48
3982.93 0.4
3983.92 0.53
3985.93 0.36
3987.08 0.38
3988.49 0.33
3991.07 0.34
3992.41 0.34
3995.66 0.33
3996.94 0.4
3999.9 0.38
4001.63 0.32
4003.46 0.34
4006.34 0.32
4007.96 0.33
4010.35 0.4
4011.14 1.11
4012.0 2.7
4013.99 2.7
4016.0 3.44
4017.99 0.56
4020.01 0.75
4021.98 1.16
4024.0 0.32
4025.98 2.95
4028.0 0.17
4029.99 3.26
4032.0 0.42
4034.4 1.67
4036.0 3.55
4037.98 0.49
4040.0 4.66
4041.98 0.46
4044.0 1.09
4045.98 0.8
4048.0 0.45
4049.99 4.28
4052.0 4.91
4054.63 5.09
4056.57 2.4
4058.0 3.67
4060.0 4.32
4061.99 4.0
4066.06 3.75
4069.1 2.81
4070.29 3.37
4072.05 1.53
4073.07 1.17
4074.71 0.66
4076.33 2.77
4077.99 2.42
4086.25 0.68
4087.5 2.59
4089.48 0.67
4091.48 0.02
4093.73 2.53
4095.49 1.31
4097.73 2.88
4100.99 0.27
4101.73 2.52
4105.29 0.04
4106.62 0.13
4107.67 0.52
4109.74 1.4
4112.95 0.12
4114.04 1.06
4115.7 0.99
4118.51 1.02
4119.71 1.31
4122.29 0.23
4124.77 0.08
4126.89 0.48
4130.19 0.24
4131.02 1.4
4131.57 2.21
4135.05 0.17
4135.57 1.64
4138.83 0.09
4139.61 0.35
4142.14 2.41
4144.44 0.44
4145.73 2.12
4149.0 0.05
4149.61 1.53
4151.7 1.53
4154.14 0.31
4155.71 3.26
4157.73 1.95
4160.13 3.08
4161.73 3.64
4163.71 2.43
4165.72 1.0
4167.7 0.64
4169.73 2.49
4172.12 4.06
4173.73 4.14
4175.72 0.45
4177.72 0.46
4179.72 4.62
4181.72 5.54
4189.92 0.3
4194.65 0.15
4197.53 0.19
4198.44 0.49
4201.16 0.15
4202.5 0.43
4203.06 1.27
4204.53 0.63
4205.37 0.59
4206.39 0.6
4208.42 1.0
4210.4 0.69
4212.41 0.44
4214.39 0.62
4216.41 2.94
4218.39 1.51
4220.41 3.69
4222.39 0.06
4224.42 0.58
4226.4 0.39
4228.43 0.26
4230.39 3.15
4232.41 3.58
4234.39 2.31
4236.41 2.16
4245.63 0.71
4248.55 0.1
4250.42 0.48
4251.75 0.48
4252.43 2.3
4254.36 0.27
4255.54 0.04
4256.14 0.86
4259.0 0.41
4260.28 0.59
4263.37 0.36
4265.36 3.13
4267.38 4.29
4269.36 6.63
4271.38 6.63
4273.37 5.92
4275.39 2.91
4277.37 3.14
4279.38 3.14
4281.36 6.49
4283.38 6.58
4285.36 6.41
4287.38 0.46
4289.38 4.44
4292.02 2.06
4293.37 0.98
4295.4 0.42
4297.37 0.76
4299.38 1.31
4301.38 0.31
4303.38 1.47
4306.19 2.65
4310.6 1.71
4312.35 2.02
4313.22 2.88
4314.78 0.23
4318.45 1.03
4320.3 1.68
4321.03 3.25
4322.54 3.21
4325.11 3.01
4326.97 3.54
4327.99 4.38
4329.4 4.22
4331.38 2.17
4333.63 3.38
4336.61 2.03
4337.62 4.02
4340.44 0.68
4343.38 1.46
4345.54 3.32
4346.85 1.63
4348.9 1.7
4350.19 3.39
4351.56 0.19
4354.04 3.21
4355.76 3.78
4357.69 0.91
4359.46 3.15
4361.79 0.66
4363.64 2.38
4366.36 0.14
4376.35 1.77
4380.09 0.13
4380.62 0.87
4381.69 0.56
4382.36 2.43
4382.94 3.36
4385.09 3.83
4386.93 2.42
4388.92 0.12
4391.1 0.51
4392.92 4.03
4394.94 2.51
4397.08 5.03
4398.93 0.24
4400.91 5.08
4402.93 3.17
4404.92 1.61
4407.23 0.01
4421.24 0.05
4422.18 1.1
4425.41 0.38
4426.4 2.46
4430.44 0.56
4431.12 0.96
4434.05 0.33
4434.91 0.62
4435.53 0.67
4437.95 0.38
4439.91 0.24
4441.66 0.69
4442.43 0.58
4443.76 1.65
4445.77 1.61
4449.56 0.42
4452.19 0.24
4453.79 0.97
4457.52 0.15
4458.04 0.88
4458.8 0.27
4459.76 0.94
4461.77 0.9
4463.76 0.85
4465.77 1.25
4467.75 0.99
4469.77 1.42
4471.75 2.2
4473.77 2.47
4475.76 4.12
4477.77 3.32
4479.76 0.26
4481.78 0.36
4483.75 1.39
4486.8 0.59
4495.82 0.6
4496.38 0.67
4498.49 0.09
4502.78 0.06
4503.29 1.75
4510.26 0.07
4510.94 0.38
4512.62 0.21
4514.9 0.54
4518.62 0.49
4525.13 0.0
4526.38 0.73
4529.34 0.04
4530.4 1.18
4533.6 0.09
4534.53 0.42
4538.42 0.26
4543.38 0.11
4544.12 0.57
4544.68 6.62
4546.39 1.51
4548.39 4.0
4550.4 5.61
4552.63 6.49
4554.65 4.16
4556.63 3.14
4558.4 6.02
4560.63 0.62
4562.55 3.2
4564.63 2.91
4566.65 2.19
4569.55 0.73
4571.21 0.54
4573.4 2.08
4575.54 2.58
4577.85 2.8
4579.13 2.64
4580.79 2.36
4582.51 2.71
4584.67 0.52
4586.61 2.34
4589.81 0.95
4592.28 0.94
4594.82 0.45
4598.29 0.34
4600.84 2.92
4602.81 0.48
4604.07 1.68
4604.75 1.7
4606.31 0.86
4608.55 3.34
4609.99 0.83
4610.5 3.3
4612.64 4.35
4614.65 2.04
4616.64 0.94
4618.65 0.55
4620.63 0.33
4622.46 0.77
4624.64 0.87
4626.65 0.64
4628.64 1.15
4630.66 1.3
4632.64 0.02
4634.65 2.16
4636.64 0.58
4638.65 1.43
4640.52 0.17
4642.69 0.62
4644.63 3.28
4646.66 1.6
4648.65 1.63
4651.12 0.25
4652.63 1.86
4654.65 0.18
4656.63 2.76
4658.91 1.42
4660.89 0.66
4662.79 1.17
4664.54 0.51
4666.66 0.71
4668.63 1.82
4671.01 0.15
4673.41 2.11
4674.81 2.48
4676.7 0.83
4678.55 2.23
4680.54 0.33
4682.91 2.37
4684.63 2.66
4686.94 0.09
4688.73 3.02
4690.65 0.85
4692.63 0.5
4694.65 2.03
4696.64 4.05
4698.66 1.3
4700.64 3.15
4702.65 6.6
4704.63 0.45
4706.65 2.83
4708.64 3.14
4710.8 1.56
4712.93 2.31
4714.65 0.28
4717.22 0.12
4718.64 0.36
4720.63 1.17
4722.65 1.63
4724.63 1.67
4726.65 1.66
4728.63 2.27
4730.64 2.81
4732.64 0.54
4734.64 1.98
4736.63 0.21
4738.65 1.92
4742.75 0.39
4745.93 0.14
4746.76 0.26
4748.28 0.4
4750.29 0.19
4752.27 0.71
4755.07 0.18
4756.57 0.78
4758.3 0.68
4760.27 0.7
4762.3 0.91
4764.28 1.48
4766.3 1.45
4768.27 1.32
4770.29 0.39
4772.28 1.53
4774.3 1.59
4776.28 1.51
4778.3 1.26
4780.28 1.92
4782.31 0.18
4784.29 0.16
4786.3 0.8
4788.27 1.65
4792.16 0.15
4792.69 1.45
4794.47 0.14
4803.66 0.36
4804.32 0.62
4804.89 0.32
4805.63 1.19
4806.22 0.48
4808.19 1.88
4809.96 1.99
4812.47 2.0
4813.96 0.14
4816.2 2.02
4818.51 1.76
4827.52 0.15
4829.03 0.12
4830.91 1.13
4833.04 0.55
4835.02 1.94
4837.04 1.53
4839.01 1.52
4841.03 0.19
4843.01 1.48
4845.04 1.53
4847.02 0.37
4848.94 1.39
4851.02 0.05
4853.04 0.06
4855.02 0.78
4857.03 0.55
4858.94 1.19
4861.03 0.27
4863.01 1.45
4865.04 0.29
4867.02 0.15
4869.04 1.29
4871.02 0.55
4873.03 1.72
4875.01 2.71
4877.03 0.24
4879.02 0.3
4881.04 2.78
4883.02 2.25
4885.0 2.1
4887.28 1.64
4889.92 2.23
4893.36 1.82
4896.12 1.41
4899.22 0.02
4901.94 1.64
4904.23 2.02
4905.75 2.66
4907.29 1.84
4908.85 2.53
4910.7 0.33
4912.32 2.22
4913.82 2.75
4915.45 0.25
4917.74 0.92
4919.34 1.77
4920.19 0.67
4920.93 0.53
4923.27 3.01
4925.47 1.25
4927.4 2.81
4930.32 3.12
4934.34 1.83
4938.04 1.73
4939.8 2.26
4941.31 4.3
4943.35 4.13
4945.12 0.37
4947.31 3.79
4949.25 1.14
4951.64 3.6
4952.66 3.17
4954.49 2.99
4956.29 3.32
4960.0 4.51
4963.26 3.43
4966.2 0.23
4968.58 0.37
4972.31 0.4
4973.2 2.72
4976.52 3.21
4977.22 1.68
4979.11 1.75
4981.21 0.5
4982.96 0.95
4983.62 0.91
4984.9 2.91
4985.46 3.67
4988.33 3.51
4989.62 2.63
4990.42 4.46
4992.29 3.17
4994.28 2.15
4997.26 0.3
4999.52 6.06
5000.25 1.11
5002.29 0.41
5004.31 3.85
5006.27 2.1
5009.44 1.48
5012.91 1.35
5014.48 1.53
5016.68 3.64
5018.69 1.86
5020.73 1.31
5021.89 3.33
5023.46 2.87
5025.14 0.55
5028.75 0.78
5031.16 3.82
5033.69 2.88
5035.58 1.16
5038.09 0.03
5040.23 2.76
5042.55 0.13
5043.72 4.27
5044.89 0.71
5047.59 2.51
5049.88 1.41
5052.55 2.78
5054.36 3.0
5056.87 3.72
5059.29 2.79
5060.77 3.05
5064.45 3.21
5066.29 3.33
5067.84 2.86
5069.72 1.82
5070.66 1.3
5072.36 1.14
5074.57 1.24
5077.31 0.45
5080.37 2.92
5082.26 2.6
5083.15 2.53
5084.92 1.63
5086.56 2.99
5088.41 3.44
5090.05 0.31
5091.95 0.59
5094.22 2.6
5096.13 1.81
5098.56 3.06
5100.7 1.12
5101.87 2.13
5104.66 3.88
5108.0 3.14
5110.15 4.06
5111.66 1.94
5113.0 3.2
5114.67 1.12
5116.98 2.96
5119.19 0.91
5122.76 0.56
5126.11 2.42
5127.02 1.18
5128.11 1.7
5129.1 2.08
5131.24 1.28
5135.0 0.79
5135.83 2.43
5137.56 1.94
5139.28 0.26
5140.64 1.98
5142.48 1.61
5143.94 1.84
5145.25 0.7
5147.36 1.05
5150.13 2.22
5153.15 2.51
5156.37 0.25
5158.86 0.99
5160.17 1.5
5162.49 0.27
5164.59 1.24
5166.22 3.16
5168.15 3.15
5169.86 3.45
5171.6 0.08
5173.08 1.25
5174.4 2.71
5175.84 2.86
5177.33 1.77
5178.79 3.03
5180.36 1.17
5183.76 2.07
5184.72 0.9
5186.58 3.01
5188.91 0.9
5191.36 2.2
5194.8 1.56
5198.46 1.51
5201.08 2.53
5203.15 0.26
5204.88 0.82
5207.07 0.24
5208.86 3.44
5210.0 3.44
5211.07 3.04
5213.46 2.43
5215.88 0.55
5217.51 5.01
5218.85 1.74
5219.63 0.78
5220.63 1.76
5222.39 3.85
5225.46 0.51
5227.45 3.38
5228.67 4.07
5230.31 0.6
5232.94 1.54
5234.98 1.2
5236.3 2.34
5238.32 2.78
5241.84 2.54
5246.76 3.4
5248.67 2.81
5250.3 3.02
5252.36 2.31
5253.52 1.39
5255.23 2.39
5257.61 0.45
5261.74 1.94
5264.64 0.86
5266.34 3.0
5267.92 2.22
5270.25 2.13
5271.27 3.48
5272.98 0.47
5277.74 2.54
5278.45 0.41
5279.61 1.99
5281.42 2.64
5283.3 2.21
5285.4 2.65
5287.88 2.49
5289.84 0.47
5290.93 0.32
5292.51 0.59
5294.8 4.0
5297.18 4.3
5299.46 3.89
5300.8 1.92
5302.65 0.52
5303.91 1.45
5306.25 4.33
5308.32 5.48
5311.83 4.25
5312.93 0.76
5314.26 3.82
5317.7 3.06
5322.01 0.93
5324.83 3.02
5326.05 0.17
5327.24 0.74
5329.76 0.75
5333.62 0.42
5334.5 0.35
5336.44 2.32
5339.08 1.78
5340.95 0.09
5343.12 0.38
5345.09 1.94
5346.24 3.01
5347.19 1.54
5348.81 0.28
5351.06 0.42
5353.15 2.71
5355.16 1.15
5356.98 0.33
5358.28 0.95
5360.7 0.23
5364.2 0.31
5365.88 0.26
5366.96 2.06
5369.71 0.18
5371.02 2.95
5373.04 2.19
5375.05 2.99
5376.88 1.46
5377.82 2.31
5379.26 0.25
5381.1 0.94
5382.32 0.62
5384.51 2.92
5386.86 3.1
5389.14 1.73
5391.33 3.62
5393.45 2.23
5395.35 1.09
5397.31 3.29
5399.37 3.18
5401.95 3.11
5405.29 0.21
5409.6 1.19
5411.64 0.05
5412.73 0.23
5415.0 1.78
5422.09 0.01
5422.88 1.25
5424.07 2.02
5424.73 0.52
5425.29 0.52
5429.21 0.01
5433.46 0.01
5434.43 0.13
5435.63 0.96
5436.78 1.78
5438.77 1.78
5440.79 2.02
5442.77 2.1
5444.78 0.34
5446.81 1.91
5448.79 1.76
5450.76 1.63
5452.78 0.6
5454.77 0.08
5456.79 2.11
5458.77 0.62
5462.95 0.73
5465.16 0.65
5466.67 0.57
5468.83 0.56
5471.68 0.23
5472.68 0.78
5474.65 0.41
5475.95 0.45
5480.48 0.29
5481.36 0.91
5481.99 0.85
5483.63 0.96
5485.61 0.96
5486.77 1.06
5488.78 0.33
5490.77 0.22
5497.23 0.05
5498.3 0.51
5500.55 0.68
5502.01 2.79
5504.03 0.21
5506.01 0.29
5508.03 2.05
5510.01 4.25
5512.03 0.78
5514.02 0.26
5516.02 0.66
5518.0 2.6
5520.02 1.75
5522.01 2.09
5524.03 2.4
5526.01 2.13
5528.03 2.23
5530.02 2.02
5532.02 3.99
5534.0 6.59
5536.02 5.96
5538.01 0.46
5540.03 2.96
5542.12 3.22
5544.1 0.84
5546.01 2.23
5548.3 0.31
5550.28 2.39
5554.17 0.47
5555.7 2.31
5557.75 0.71
5559.89 1.93
5561.62 1.93
5563.67 0.03
5565.06 0.7
5568.21 0.89
5572.13 0.15
5573.2 0.72
5574.44 0.66
5576.46 0.77
5577.84 0.02
5579.74 1.44
5582.26 2.41
5583.82 1.8
5585.85 2.0
5588.24 2.23
5589.84 1.94
5591.82 2.12
5593.84 0.22
5595.82 2.53
5598.11 0.3
5600.24 0.38
5605.7 0.62
5607.73 0.39
5609.85 0.31
5610.48 0.31
5611.88 0.46
5612.85 0.37
5613.72 0.82
5615.83 0.43
5617.78 1.36
5619.83 2.29
5622.15 2.66
5623.82 3.27
5625.84 2.07
5627.82 1.95
5629.84 0.36
5631.77 5.72
5633.84 6.07
5635.83 5.95
5637.85 6.23
5640.51 0.7
5641.84 4.7
5648.48 3.73
5649.79 0.31
5651.52 0.53
5663.39 1.06
5665.26 0.48
5665.81 1.09
5667.3 0.36
5669.44 1.13
5670.45 1.35
5671.33 0.52
5674.3 0.21
5678.1 0.28
5679.1 0.42
5681.34 0.36
5682.22 0.11
5684.74 0.23
5686.16 0.75
5689.15 0.33
5690.47 0.39
5691.63 0.59
5692.71 3.11
5694.69 3.83
5696.71 5.68
5698.7 5.75
5700.72 5.75
5702.7 5.75
5704.7 3.07
5706.69 6.47
5708.71 5.87
5710.7 6.09
5712.71 5.99
5714.69 0.82
5717.34 2.8
5719.68 6.37
5722.04 2.12
5726.59 0.4
5730.04 1.22
5730.77 2.75
5731.92 0.47
5734.35 0.71
5735.93 0.83
5737.89 2.05
5747.34 0.12
5751.06 0.19
5751.73 1.16
5752.27 0.71
5756.11 1.11
5767.22 0.0
5771.41 0.01
5772.86 0.56
5773.49 0.32
5776.79 0.16
5778.7 0.16
5781.76 0.01
5785.6 0.78
5786.21 2.52
5788.2 0.15
5789.1 0.32
5791.12 0.49
5792.87 2.35
5795.12 6.58
5797.14 6.08
5799.13 5.92
5801.13 6.68
5803.04 6.04
5805.13 0.23
5807.12 3.16
5809.14 2.63
5811.12 3.63
5813.14 3.09
5815.13 1.62
5817.13 2.26
5826.67 0.16
5827.42 0.38
5828.18 1.36
5829.81 1.89
5832.79 0.71
5835.76 0.16
5837.51 2.13
5839.69 0.19
5841.51 0.35
5844.54 0.4
5845.5 0.35
5855.4 0.05
5857.73 1.41
5859.85 0.14
5860.9 1.23
5861.99 2.41
5863.97 0.15
5865.99 3.24
5867.98 0.59
5870.0 0.42
5871.89 6.44
5874.0 0.18
5875.98 2.15
5877.99 0.77
5879.97 1.23
5882.12 6.09
5884.76 0.06
5889.12 0.49
5890.14 2.64
5891.79 0.28
5892.83 2.5
5894.44 2.19
5897.93 1.61
5901.42 3.16
5903.53 2.01
5904.13 3.51
5905.51 3.03
5906.88 1.23
5907.97 1.64
5909.99 0.32
5911.88 0.02
5913.99 0.38
5915.97 0.53
5917.99 3.38
5919.98 4.49
5935.94 0.84
5938.27 0.01
5938.81 1.07
5939.69 1.06
5941.85 0.33
5942.52 1.62
5943.04 1.5
5943.57 1.8
5945.49 0.06
5946.23 1.28
5948.25 2.63
5954.65 0.02
5955.74 0.61
5957.74 1.33
5960.17 0.08
5963.75 0.67
5967.37 0.21
5969.27 0.19
5971.62 0.25
5973.06 0.47
5973.69 0.66
5975.32 1.77
5977.29 1.87
5979.31 0.65
5981.29 0.84
5983.31 2.53
5985.3 4.6
5987.31 6.02
5989.3 6.65
5991.32 6.65
5993.3 0.62
5995.31 2.37
5997.29 5.8
5999.31 1.73
6001.3 2.87
6003.32 0.73
6005.3 0.29
6007.32 2.69
6009.29 0.73
6011.3 0.09
6013.63 0.52
6015.97 0.64
6017.67 0.96
6019.6 0.66
6023.44 0.05
6024.48 1.01
6025.46 1.04
6027.3 1.65
6029.91 0.12
6031.31 0.15
6033.54 1.32
6035.31 0.04
6037.5 1.71
6039.32 0.17
6041.55 1.99
6045.44 0.39
6046.46 0.83
6047.54 2.66
6049.56 2.27
6051.53 3.89
6053.54 0.78
6055.53 5.46
6057.55 0.07
6059.54 4.83
6061.51 0.18
6063.54 0.63
6065.56 1.75
6067.53 2.3
6069.54 2.67
6071.53 0.34
6073.58 0.14
6075.54 0.46
6077.54 1.34
6079.53 1.18
6081.54 0.08
6083.54 2.01
6085.45 1.96
6087.53 0.69
6089.55 0.15
6091.53 0.15
6093.56 0.68
6095.54 0.89
6097.54 0.31
6100.08 1.45
6102.59 2.86
6118.82 0.48
6119.65 0.2
6120.94 0.25
6121.72 0.21
6122.76 0.2
6123.63 0.26
6125.71 0.6
6126.46 0.56
6127.41 0.78
6128.56 0.19
6129.5 0.73
6130.66 0.61
6131.89 1.05
6134.93 0.2
6139.07 0.32
6140.59 0.22
6142.59 0.27
6143.66 0.32
6147.13 0.49
6149.07 1.97
6152.86 0.41
6155.03 1.52
6158.57 1.77
6160.34 1.49
6162.81 1.97
6164.6 0.44
6167.12 0.55
6168.59 0.75
6170.95 0.14
6172.58 2.08
6174.57 0.7
6176.65 0.41
6180.49 0.23
6182.68 0.33
6185.26 0.39
6186.34 0.28
6187.42 0.28
6189.21 0.38
6190.56 0.55
6192.37 0.43
6194.57 0.43
6197.1 0.33
6198.57 0.3
6200.58 0.31
6202.56 0.43
6204.58 0.32
6207.56 0.35
6208.78 0.35
6210.57 0.46
6212.59 0.36
6214.57 1.71
6216.58 1.97
6218.53 4.08
6220.58 6.02
6222.57 1.01
6224.58 6.61
6226.57 5.3
6228.59 3.3
6230.57 0.54
6232.58 6.45
6234.6 6.53
6236.58 6.1
6238.56 3.07
6240.58 3.44
6242.49 5.86
6244.59 0.32
6246.56 5.89
6248.59 6.04
6250.56 6.55
6252.58 3.26
6254.56 0.44
6256.58 0.34
6258.57 6.1
6260.58 6.58
6262.57 2.87
6264.59 0.04
6266.48 5.67
6268.58 6.61
6271.93 0.23
6272.62 1.36
6275.02 0.05
6276.58 0.46
6278.57 0.54
6280.59 0.21
6282.57 1.95
6284.58 1.49
6286.56 0.28
6288.58 0.36
6290.56 1.85
6292.58 4.99
6294.57 6.54
6296.59 5.62
6298.57 5.62
6300.6 0.21
6302.56 0.78
6304.58 0.3
6306.57 5.88
6308.58 5.88
6310.57 5.77
6312.59 5.22
6314.57 5.85
6316.59 5.85
6318.56 0.91
6320.59 0.15
6322.57 0.3
6324.5 0.76
6326.57 0.45
6328.59 2.72
6330.57 0.72
6332.58 0.73
6334.53 2.53
6336.58 0.76
6338.56 3.56
6340.58 3.82
6342.57 5.59
6344.7 4.58
6346.57 4.84
6348.59 1.26
6350.58 2.76
6352.58 0.69
6354.56 1.4
6356.58 1.15
6358.57 0.15
6360.58 0.06
6362.57 0.74
6364.59 1.65
6366.58 0.3
6368.58 1.28
6370.56 0.43
6372.58 0.12
6374.56 2.21
6376.58 2.04
6378.56 1.41
6380.59 0.39
6382.57 2.19
6384.58 2.52
6386.67 2.6
6388.58 1.89
6390.84 2.23
6392.85 2.93
6394.83 3.82
6397.02 3.37
6399.28 3.48
6401.45 3.87
6403.21 3.48
6404.97 0.62
6406.83 3.53
6408.9 3.59
6410.84 1.55
6412.59 2.84
6414.82 6.31
6416.59 6.64
6418.83 6.28
6420.84 3.17
6422.83 5.92
6424.75 5.99
6426.82 5.62
6428.84 2.09
6430.82 4.17
6433.01 1.57
6434.83 3.19
6436.85 0.31
6438.82 2.7
6440.83 3.46
6442.82 0.02
6444.84 0.07
6446.82 1.51
6448.84 1.39
6451.01 0.7
6452.84 0.7
6454.73 0.07
6456.83 3.68
6458.82 1.46
6460.84 0.46
6462.82 0.48
6464.84 3.72
6467.23 0.92
6468.84 1.46
6470.83 3.67
6472.84 3.31
6475.03 4.24
6476.76 0.24
6478.82 2.22
6480.93 2.76
6482.83 1.52
6488.06 1.88
6491.67 2.4
6494.11 2.63
6496.17 2.46
6498.9 0.71
6500.69 2.73
6502.71 2.64
6504.54 0.39
6506.61 0.99
6508.85 2.18
6511.24 1.34
6514.61 0.69
6516.94 0.59
6519.04 0.18
6520.54 1.91
6521.64 0.33
6523.25 1.64
6525.25 1.96
6528.03 2.74
6529.0 3.47
6530.23 3.08
6531.04 3.56
6531.76 1.66
6532.35 4.09
6532.94 3.19
6535.95 0.62
6537.8 3.42
6540.16 1.54
6542.4 3.32
6544.14 3.86
6546.11 1.48
6549.62 2.34
6553.82 0.28
6558.3 0.55
6559.16 3.29
6560.75 1.49
6563.09 2.89
6564.29 3.58
6566.03 0.49
6567.76 3.31
6569.1 0.86
6570.67 1.26
6572.6 2.12
6574.73 0.35
6577.12 0.5
6579.8 2.66
6581.57 0.93
6584.12 0.24
6586.13 1.01
6588.73 0.99
6591.81 1.68
6592.97 2.04
6594.01 1.82
6595.65 2.51
6597.21 2.05
6599.55 2.68
6601.08 2.86
6602.41 2.88
6603.52 3.56
6604.93 0.88
6606.58 1.19
6608.28 1.29
6610.01 4.04
6611.51 0.75
6613.34 3.42
6615.93 3.97
6618.65 0.7
6629.04 0.89
6629.73 1.81
6631.07 0.64
6633.05 1.84
6635.12 1.14
6637.06 0.41
6639.07 2.23
6641.05 5.1
6643.06 5.36
6645.05 0.85
6647.07 4.41
6649.3 6.04
6651.07 5.43
6653.31 2.61
6655.72 2.14
6657.31 0.28
6659.29 0.08
6661.38 0.02
6663.07 0.72
6665.3 0.14
6667.29 0.99
6669.31 0.43
6671.29 2.33
6673.1 0.37
6675.29 1.74
6677.3 1.6
6679.42 0.93
6681.3 2.44
6683.28 1.14
6685.3 0.88
6687.29 0.43
6689.71 0.93
6691.97 0.32
6694.9 1.33
6698.26 0.16
6701.62 0.29
6702.59 0.6
6703.17 0.66
6704.22 1.03
6705.31 1.66
6707.3 0.75
6709.31 1.67
6711.13 3.09
6713.3 5.89
6715.28 6.48
6717.46 7.05
6719.29 4.38
6721.31 6.56
6723.41 0.02
6725.31 1.84
6727.25 0.02
6729.3 6.63
6731.2 0.5
6734.12 0.02
6735.29 1.64
6737.31 3.0
6740.33 0.39
6741.29 1.67
6743.7 0.41
6745.3 1.32
6747.62 0.18
6750.25 1.86
6752.47 0.4
6754.32 1.68
6757.89 1.81
6760.57 0.95
6762.19 1.13
6763.1 0.22
6764.1 0.17
6767.18 2.03
6768.8 1.8
6772.75 1.99
6775.38 1.43
6776.33 2.32
6779.43 0.79
6782.53 0.12
6784.01 2.37
6786.64 0.26
6788.6 2.2
6789.74 0.86
6790.89 1.55
6792.48 3.59
6794.14 2.96
6795.11 3.74
6797.03 2.94
6799.01 0.84
6801.03 0.52
6803.04 2.67
6805.03 0.63
6807.02 2.67
6809.04 2.68
6811.1 0.18
6813.02 3.96
6815.02 6.45
6818.09 0.25
6822.52 0.0
6823.19 0.16
6829.45 0.23
6833.84 0.39
6834.67 0.84
6835.5 0.87
6837.49 0.65
6839.47 0.31
6841.49 3.21
6843.51 3.21
6845.48 0.54
6847.5 0.25
6849.48 3.39
6851.5 3.88
6853.49 4.13
6855.51 4.6
6857.49 0.89
6859.51 4.26
6861.49 5.94
6864.24 5.94
6866.52 0.08
6867.79 3.71
6869.49 0.49
6871.51 0.74
6873.49 0.71
6875.51 4.58
6878.0 1.04
6887.21 0.03
6888.36 1.63
6889.18 3.94
6890.94 3.94
6893.19 2.67
6894.94 1.23
6897.19 4.27
6898.94 4.27
6901.18 0.38
6903.2 6.58
6905.18 6.0
6907.2 0.08
6909.19 6.53
6910.96 3.42
6913.19 6.62
6915.21 6.68
6917.18 0.53
6935.54 0.44
6938.05 0.49
6939.0 0.49
6940.11 0.61
6943.25 0.09
6944.04 0.66
6944.91 0.78
6946.47 0.99
6948.47 0.55
6949.0 1.37
6952.88 0.0
6956.13 0.19
6956.69 0.62
6959.63 0.17
6960.79 0.72
6965.45 0.62
6969.17 0.31
6970.67 0.27
6971.41 0.66
6973.97 7.05
6975.57 1.8
6977.56 6.09
6979.99 6.09
6981.57 6.27
6983.58 1.42
6985.98 5.83
6987.58 3.73
6989.57 6.14
6992.0 6.17
6993.44 0.69
6995.57 1.39
6997.98 3.23
6999.58 0.38
7001.57 0.38
7004.0 0.37
7005.57 0.07
7007.57 1.1
7010.61 2.38
7014.8 1.41
7016.7 1.78
7019.74 1.6
7020.63 2.2
7021.44 2.43
7022.56 0.09
7023.57 0.3
7025.56 0.27
7028.09 0.3
7029.49 1.98
7031.58 2.07
7033.57 1.58
7035.58 2.42
7037.57 0.74
7039.7 0.17
7041.56 0.23
7043.58 1.99
7045.56 0.19
7047.54 0.19
7049.85 0.27
7051.78 0.96
7053.72 1.89
7057.03 0.44
7057.85 1.64
7059.81 2.56
7061.62 2.37
7063.58 0.44
7065.56 0.23
7067.58 0.58
7069.75 1.07
7072.18 2.11
7074.43 0.55
7075.97 0.32
7077.64 2.38
7079.58 2.61
7081.55 1.92
7083.58 2.93
7085.57 2.26
7087.55 0.34
7089.55 3.77
7091.57 0.48
7093.56 6.71
7095.58 3.1
7097.57 0.36
7099.58 3.53
7101.56 0.05
7103.9 1.36
7105.82 1.63
7107.57 1.14
7109.56 1.71
7111.58 0.16
7113.55 1.39
7115.58 1.98
7117.56 0.28
7119.91 1.69
7121.55 2.47
7124.11 0.17
7125.9 2.73
7127.66 2.53
7130.3 1.48
7131.58 0.56
7133.55 2.51
7135.58 1.67
7137.56 0.57
7139.57 0.26
7141.55 2.19
7143.57 2.31
7145.56 2.97
7147.58 6.61
7149.56 3.78
7151.58 1.81
7153.57 3.04
7155.74 0.93
7157.78 2.93
7159.57 0.46
7162.82 0.49
7163.65 2.96
7165.56 2.86
7167.57 0.9
7169.82 2.15
7171.57 1.77
7173.59 3.25
7175.57 2.93
7177.82 2.42
7179.81 3.59
7182.56 2.56
7184.54 3.15
7186.66 0.3
7188.52 3.25
7190.22 3.88
7192.34 4.26
7196.05 3.08
7199.16 3.76
7201.95 2.39
7204.44 0.79
7207.91 1.18
7209.36 3.11
7210.98 0.47
7213.06 0.29
7214.56 0.46
7215.52 3.41
7220.38 1.37
7221.33 1.48
7222.19 2.15
7222.96 0.21
7223.91 1.78
7227.21 2.73
7229.99 0.78
7232.65 2.34
7236.4 0.35
7237.21 0.43
7237.77 0.47
7240.48 0.1
7243.89 2.96
7244.65 2.63
7245.71 0.36
7246.73 0.23
7247.72 2.01
7249.82 3.43
7251.68 2.78
7253.64 2.5
7255.68 2.04
7258.2 0.3
7259.66 3.76
7261.83 3.08
7263.68 6.68
7265.66 0.29
7268.55 1.64
7271.0 2.42
7274.84 0.56
7278.94 2.82
7280.99 1.93
7281.69 2.82
7282.52 0.21
7284.79 0.46
7288.72 2.93
7290.78 2.5
7291.73 3.34
7292.71 1.27
7293.55 5.47
7294.22 2.54
7296.11 2.05
7298.8 3.15
7300.51 4.21
7301.84 4.58
7303.68 1.37
7305.67 4.44
7307.56 0.41
7310.96 1.81
7311.93 1.82
7313.66 2.24
7318.15 2.06
7319.13 0.87
7319.68 3.8
7321.67 3.52
7323.68 1.39
7325.67 2.58
7327.68 0.02
7329.66 2.75
7331.68 2.63
7333.66 2.17
7335.68 0.47
7337.66 1.51
7339.61 5.85
7341.67 1.68
7343.77 0.47
7345.69 1.05
7347.7 0.16
7350.44 1.89
7352.02 5.68
7353.66 1.07
7356.18 3.07
7359.95 3.43
7362.35 3.12
7365.62 0.02
7370.05 1.39
7371.07 2.71
7372.11 3.39
7374.49 2.12
7376.86 0.83
7379.65 1.78
7383.03 0.23
7384.19 1.63
7386.47 0.82
7387.35 0.48
7388.26 1.65
7389.42 0.19
7389.93 1.64
7391.26 2.28
7392.22 3.84
7393.75 1.03
7395.68 1.2
7397.97 3.74
7400.01 1.73
7403.45 3.37
7406.44 3.25
7409.22 3.17
7410.99 1.9
7412.13 3.49
7417.31 3.44
7420.73 0.53
7423.5 0.69
7426.62 4.36
7427.26 3.7
7428.43 3.68
7429.9 2.17
7431.09 4.39
7433.04 2.18
7434.34 0.79
7435.34 1.35
7435.98 4.52
7436.71 4.3
7438.13 1.03
7439.93 3.69
7441.92 0.8
7444.1 0.67
7445.86 0.63
7447.94 0.87
7449.93 0.91
7451.93 0.73
7453.91 5.2
7455.95 5.79
7457.92 3.84
7459.94 1.64
7461.92 0.28
7463.94 0.61
7465.93 3.28
7467.95 0.44
7469.99 3.5
7473.21 0.13
7475.29 1.05
7478.56 2.06
7480.86 0.53
7482.12 3.8
7483.74 0.94
7486.45 0.59
7488.54 2.41
7491.35 0.66
7494.48 0.54
7497.07 2.91
7499.09 3.23
7500.98 0.45
7504.39 0.26
7506.1 2.46
7508.34 0.29
7510.58 3.01
7512.28 1.84
7514.41 2.69
7516.08 3.16
7517.92 0.37
7519.01 4.64
7519.64 0.67
7520.52 2.68
7522.47 3.91
7523.41 1.54
7524.92 0.49
7526.31 0.41
7527.93 1.41
7529.92 5.22
7532.0 3.53
7533.91 0.53
7535.93 1.04
7537.92 0.3
7539.94 5.42
7541.92 5.89
7543.94 6.04
7545.92 6.63
7547.94 0.11
7551.72 1.07
7552.33 1.07
7554.76 0.07
7555.93 1.17
7557.93 0.63
7559.94 0.75
7561.92 0.44
7563.94 1.47
7565.93 1.3
7567.93 0.34
7569.91 1.34
7571.93 2.7
7573.92 5.26
7575.94 2.66
7578.4 1.11
7579.94 5.49
7581.91 5.4
7583.98 3.81
7585.91 3.15
7587.93 4.03
7589.92 4.03
7591.95 0.99
7593.91 0.02
7595.93 0.15
7597.92 0.11
7599.93 0.15
7601.92 0.17
7603.93 3.91
7605.92 5.47
7607.94 5.69
7609.92 6.06
7611.94 5.96
7613.92 0.29
7615.93 2.11
7617.92 0.9
7619.96 3.2
7621.92 0.02
7623.93 0.35
7625.92 2.05
7627.94 2.5
7629.92 0.45
7631.98 0.38
7633.92 1.47
7635.93 3.59
7637.95 2.98
7639.93 1.39
7642.01 1.04
7643.93 0.29
7648.03 3.75
7649.43 4.21
7661.2 0.85
7662.14 0.14
7663.67 0.13
7667.08 0.01
7667.62 0.59
7668.54 0.57
7669.24 0.57
7673.67 0.12
7677.41 0.27
7678.88 0.51
7679.82 0.66
7680.44 0.91
7682.21 2.82
7684.46 0.06
7686.21 3.52
7688.45 2.27
7690.43 5.75
7692.45 6.56
7694.43 5.74
7696.45 6.14
7698.44 5.91
7700.46 6.42
7702.44 0.86
7704.34 2.61
7706.45 3.31
7709.32 1.28
7710.61 4.12
7712.45 3.45
7714.44 6.19
7717.28 0.63
7719.91 2.99
7725.67 0.28
7726.38 2.36
7727.34 0.77
7730.47 3.26
7732.22 2.94
7733.95 0.4
7735.4 3.08
7738.13 3.08
7740.55 0.4
7742.02 3.32
7743.15 4.41
7744.22 2.49
7746.23 3.23
7748.54 5.61
7750.34 3.78
7752.37 6.0
7754.36 5.94
7756.22 0.65
7758.34 0.64
7760.36 4.61
7762.4 2.04
7764.79 0.17
7766.35 2.69
7768.36 2.04
7770.26 0.32
7772.35 2.38
7774.34 0.79
7779.49 0.74
7782.04 1.1
7784.33 0.42
7786.32 0.19
7787.77 0.22
7789.75 0.21
7791.77 1.69
7793.75 2.79
7795.77 3.23
7797.76 0.02
7799.78 0.02
7801.76 3.67
7803.78 1.92
7805.75 3.6
7807.69 5.83
7813.92 0.22
7814.68 0.4
7815.35 0.58
7817.59 3.69
7819.65 1.68
7821.64 3.57
7823.64 4.3
7825.63 0.48
7827.65 0.36
7829.63 0.31
7831.65 1.6
7833.63 1.02
7835.65 1.02
7845.4 0.23
7846.24 1.31
7846.76 1.56
7847.95 1.2
7848.51 1.31
7849.48 1.58
7851.49 1.58
7856.42 0.23
7857.33 2.22
7859.08 3.68
7861.07 0.28
7863.08 2.29
7865.07 0.25
7867.09 5.49
7869.07 3.39
7871.09 6.6
7873.06 1.65
7875.08 0.27
7877.09 4.91
7879.08 2.64
7881.07 3.63
7883.93 3.81
7885.24 0.53
7887.1 0.96
7889.08 0.63
7891.08 0.72
7894.47 3.35
7897.51 3.26
7899.79 3.14
7900.89 2.84
7902.18 1.21
7903.73 3.28
7906.33 1.17
7908.21 4.35
7909.44 3.61
7911.08 0.99
7913.07 3.29
7915.4 0.54
7917.89 2.26
7929.36 0.56
7930.78 0.44
7933.39 0.32
7937.75 0.42
7938.27 0.88
7938.82 0.88
7939.92 0.82
7940.62 0.93
7942.15 0.49
7943.82 0.09
7944.5 0.44
7945.99 1.63
7948.77 0.08
7950.98 0.47
7953.28 1.21
7955.57 0.56
7957.45 0.43
7959.63 0.7
7961.49 0.39
7964.1 0.77
7965.28 0.32
7966.33 1.29
7968.64 0.02
7970.3 0.71
7971.98 4.45
7973.99 3.02
7975.98 3.51
7978.56 1.56
7979.98 1.56
7982.06 0.17
7983.98 2.82
7986.0 0.61
7987.98 0.93
7990.0 0.46
7994.94 0.06
7996.98 0.24
7999.96 0.24
8002.39 0.09
8005.57 0.08
8007.96 0.15
8009.36 0.2
8011.29 0.48
8012.05 0.54
8013.47 0.61
8014.31 0.84
8015.38 0.21
8015.9 1.1
8018.0 1.01
8019.98 1.16
8023.43 1.15
8024.28 1.37
8026.0 1.91
8027.97 2.65
8029.99 0.85
8031.98 3.29
8034.0 3.29
8035.98 3.29
8037.99 4.91
8039.99 2.17
8041.92 0.8
8043.97 3.57
8045.99 0.86
8047.98 0.17
8050.0 0.21
8051.98 2.14
8054.21 0.45
8055.99 2.21
8058.0 0.63
8059.99 0.35
8061.99 5.34
8063.98 1.09
8066.84 2.16
8069.32 0.67
8070.12 0.45
8074.24 0.14
8075.68 0.49
8078.14 0.18
8079.67 0.53
8081.69 0.23
8083.68 1.55
8085.69 0.43
8088.29 0.13
8089.69 0.47
8091.78 0.18
8093.69 0.73
8097.08 0.12
8097.81 0.9
8100.39 0.09
8102.57 0.44
8103.69 0.31
8106.34 0.28
8107.67 0.96
8113.94 0.04
8115.04 1.71
8117.06 2.39
8119.05 2.39
8121.07 0.47
8123.05 2.34
8125.07 5.32
8127.04 1.01
8129.06 3.67
8131.04 0.62
8133.06 2.95
8135.97 0.72
8137.12 0.3
8139.06 3.09
8141.07 3.09
8143.06 0.36
8145.06 1.51
8147.04 0.17
8149.06 0.02
8151.05 0.59
8153.06 0.43
8155.05 1.03
8157.06 0.64
8159.82 0.03
8161.06 0.48
8163.05 0.95
8165.75 0.37
8171.41 0.34
8173.85 0.47
8174.65 0.43
8177.47 0.12
8179.14 0.14
8184.38 0.02
8185.15 0.55
8185.87 0.36
8188.48 0.45
8190.22 2.61
8192.24 2.29
8194.18 0.02
8196.23 0.24
8198.21 2.59
8200.23 4.7
8202.18 5.81
8204.24 5.69
8206.22 6.41
8208.24 0.2
8210.21 3.0
8212.23 3.66
8214.28 0.62
8217.79 0.26
8220.49 0.59
8221.1 2.21
8222.3 2.22
8224.24 2.4
8226.18 2.85
8228.81 1.98
8230.2 0.6
8232.23 0.56
8234.14 3.66
8236.21 0.25
8238.1 0.35
8240.24 0.47
8242.49 1.14
8244.23 1.13
8246.22 0.65
8248.71 2.74
8251.14 2.46
8253.1 3.0
8255.85 0.25
8257.73 2.19
8259.94 0.61
8261.09 2.51
8262.13 2.62
8264.23 0.64
8266.22 0.49
8268.23 0.78
8270.22 1.75
8272.24 1.78
8274.22 2.79
8276.12 0.08
8278.23 3.1
8280.23 0.36
8282.22 0.68
8284.23 2.49
8286.22 6.55
8288.24 5.75
8290.22 6.52
8292.24 6.31
8294.22 2.92
8296.24 5.68
8298.16 5.92
8300.23 5.78
8302.27 0.02
8305.74 2.62
8306.91 1.26
8308.24 3.05
8310.23 1.6
8312.24 0.18
8314.23 1.12
8316.23 0.6
8318.51 2.4
8320.53 2.28
8322.97 2.04
8324.72 2.45
8327.39 0.56
8328.64 2.01
8332.19 0.31
8335.75 3.08
8338.95 3.36
8341.84 2.42
8344.35 0.88
8346.72 0.48
8348.42 0.27
8349.91 0.82
8351.3 1.71
8352.48 0.34
8353.82 4.78
8355.84 2.68
8357.83 0.42
8359.85 0.35
8361.83 0.2
8363.85 0.24
8365.83 0.02
8367.84 1.36
8369.82 2.38
8371.84 2.26
8373.83 3.91
8375.84 4.02
8377.83 6.53
8379.85 2.95
8381.82 5.25
8383.84 6.13
8385.83 5.65
8387.84 6.38
8389.83 2.34
8391.85 0.92
8393.82 6.25
8395.85 0.83
8397.83 1.49
8399.84 0.08
8401.83 0.17
8403.84 0.5
8405.82 2.73
8407.84 0.29
8409.83 0.07
8411.85 0.13
8413.84 2.06
8416.1 0.15
8417.82 2.21
8419.83 0.38
8422.39 0.01
8424.47 1.15
8426.58 0.65
8427.98 3.18
8430.08 0.88
8432.07 2.98
8434.09 0.46
8436.97 0.06
8440.88 2.13
8444.97 1.95
8445.64 2.25
8446.83 1.03
8447.69 0.37
8449.91 1.68
8452.48 1.65
8455.04 2.21
8458.36 1.64
8460.16 2.49
8461.08 3.2
8462.48 3.55
8463.89 2.6
8465.25 3.0
8466.25 3.09
8468.07 2.41
8470.08 2.62
8472.06 5.0
8474.07 2.57
8476.06 5.28
8478.08 5.36
8480.07 2.25
8482.08 2.88
8484.07 1.93
8485.92 1.99
8488.06 1.81
8490.08 0.4
8492.06 0.31
8494.08 3.5
8496.05 1.87
8498.32 0.33
8501.71 0.05
8503.23 0.27
8504.11 2.87
8506.08 2.79
8508.06 3.73
8510.08 4.83
8512.07 1.36
8514.08 3.18
8516.07 5.36
8518.1 1.89
8519.97 0.55
8522.08 6.4
8524.1 1.04
8526.02 0.69
8528.29 3.19
8530.13 3.07
8532.19 4.0
8534.09 4.03
8536.28 0.27
8538.29 1.65
8540.13 0.68
8542.08 2.13
8543.99 0.08
8546.08 5.67
8548.07 3.23
8550.08 5.61
8552.07 1.58
8554.08 4.43
8556.06 0.39
8558.08 1.19
8560.06 2.13
8562.08 4.35
8564.06 4.1
8566.08 4.92
8568.07 5.21
8570.09 5.16
8572.06 4.05
8574.08 1.35
8576.06 4.72
8578.08 4.03
8580.06 0.16
8582.08 4.79
8588.59 0.51
8589.72 3.17
8594.05 0.53
8594.93 0.02
8596.44 0.15
8597.72 0.77
8599.71 0.78
8602.96 0.01
8603.71 0.86
8605.81 0.4
8609.1 0.01
8610.47 0.51
8611.75 0.23
8613.72 0.85
8615.7 0.64
8619.77 0.14
8621.72 0.07
8624.52 1.66
8625.32 1.34
8627.95 0.65
8629.32 1.48
8631.55 0.01
8633.32 0.92
8635.39 0.32
8637.32 0.06
8639.3 0.97
8646.35 0.49
8646.88 0.99
8648.86 2.93
8650.85 2.93
8652.88 5.55
8654.85 0.18
8656.85 0.22
8658.84 6.45
8660.86 5.78
8663.09 0.9
8664.86 2.57
8667.1 3.11
8668.87 5.49
8671.08 0.39
8672.89 3.83
8677.16 0.2
8678.07 0.4
8681.49 1.72
8684.04 1.37
8684.99 0.06
8687.37 0.13
8689.52 0.35
8690.83 4.06
8692.84 0.42
8694.82 1.37
8696.84 0.56
8698.83 2.04
8700.85 6.13
8702.83 6.5
8704.87 5.75
8711.29 0.21
8711.84 0.99
8715.84 0.95
8716.51 3.3
8718.5 3.3
8724.28 0.04
8725.02 0.41
8725.83 0.66
8726.95 3.28
8728.51 0.75
8730.49 0.68
8732.51 3.06
8735.36 3.99
8736.52 3.99
8740.41 1.57
8742.37 1.66
8744.37 0.22
8746.36 1.7
8748.37 0.12
8750.36 0.72
8752.37 0.16
8754.36 1.48
8756.38 0.68
8758.61 0.38
8760.37 2.36
8762.27 0.5
8764.37 2.24
8766.36 2.24
8768.38 2.21
8770.89 0.56
8772.38 2.05
8774.37 0.86
8776.37 0.72
8778.36 2.88
8780.37 0.99
8782.64 2.08
8784.38 2.28
8786.36 0.65
8788.72 0.19
8790.36 0.35
8794.78 0.27
8798.8 0.17
8803.18 0.36
8804.46 0.27
8805.26 0.24
8806.68 0.25
8807.54 0.23
8809.85 0.2
8810.69 0.29
8811.94 0.46
8813.92 0.47
8815.94 0.49
8817.92 0.49
8819.94 0.34
8822.98 0.54
8825.08 0.23
8828.13 0.35
8830.3 0.32
8833.67 0.37
8835.17 0.39
8836.92 0.46
8838.8 0.38
8840.84 0.25
8843.31 0.31
8845.51 0.32
8846.67 0.37
8849.53 0.32
8852.07 0.38
8853.84 0.37
8855.1 0.49
8857.4 0.38
8858.25 0.6
8859.04 0.42
8861.07 0.41
8862.52 0.51
8863.91 0.85
8865.92 1.56
8867.94 1.75
8869.93 1.51
8871.94 2.67
8873.91 0.18
8875.93 0.12
8877.92 1.16
8879.94 0.66
8881.91 1.97
8883.94 0.16
8885.92 1.64
8887.94 0.7
8889.93 0.14
8891.93 3.01
8893.92 3.02
8895.93 2.72
8897.92 0.43
8899.94 0.18
8901.92 0.98
8903.94 2.11
8905.93 5.66
8907.95 0.58
8910.19 4.78
8911.94 3.33
8914.6 0.93
8915.96 5.93
8918.18 6.89
8919.94 6.04
8922.18 3.82
8923.95 0.2
8927.61 1.93
8931.06 0.04
8931.7 0.16
8933.56 0.19
8934.85 0.37
8936.16 0.69
8938.18 0.7
8940.17 0.18
8942.18 0.92
8944.17 1.7
8946.18 1.59
8948.16 5.01
8950.17 0.21
8952.17 1.04
8954.3 0.16
8956.16 2.65
8959.11 0.52
8961.48 0.43
8962.54 0.5
8964.98 0.45
8966.2 1.16
8968.16 1.53
8970.17 0.28
8972.16 1.3
8974.18 1.34
8976.16 1.69
8978.18 1.49
8980.17 0.39
8982.17 0.4
8984.18 1.68
8986.3 0.02
8988.16 1.61
8990.18 0.33
8992.16 1.51
8994.18 1.55
8996.17 1.8
8998.93 2.43
9000.16 2.03
9002.17 2.8
9004.16 2.74
9006.18 0.86
9008.16 3.13
9010.18 2.96
9012.17 0.91
9014.19 0.4
9016.17 1.76
9018.18 0.66
9020.16 0.78
9023.47 2.7
9024.56 0.39
9026.07 2.44
9028.17 2.11
9030.19 2.09
9032.17 0.34
9034.61 2.59
9036.14 2.34
9038.18 2.46
9040.13 1.15
9042.18 0.23
9044.17 2.53
9046.18 2.54
9048.17 0.06
9050.17 0.08
9052.16 3.2
9054.43 2.94
9056.16 4.21
9061.07 0.82
9062.61 0.55
9064.08 3.24
9066.05 1.34
9068.04 3.87
9070.56 5.41
9072.03 5.41
9074.61 5.66
9078.34 0.46
9080.38 2.06
9081.15 0.57
9082.24 0.17
9084.03 3.14
9087.31 3.14
9088.03 1.98
9090.05 0.01
9092.19 1.04
9094.05 4.05
9096.52 1.35
9098.06 3.51
9100.03 3.51
9102.05 5.03
9104.04 5.03
9106.05 5.18
9108.03 4.68
9110.05 0.88
9112.04 5.55
9114.06 5.55
9116.03 3.71
9118.47 3.71
9120.03 5.94
9122.05 6.68
9124.04 5.46
9126.05 5.85
9129.14 0.95
9130.61 1.15
9132.44 0.4
9134.05 0.81
9136.03 2.75
9138.05 3.21
9140.04 3.39
9143.44 3.1
9144.05 0.83
9146.06 2.17
9148.75 2.17
9150.05 0.45
9152.3 2.38
9154.05 0.97
9156.04 2.45
9158.05 0.22
9160.29 3.35
9162.06 0.3
9164.08 3.22
9166.31 0.36
9168.3 0.75
9170.32 3.57
9172.29 1.2
9176.42 0.08
9179.12 0.01
9182.51 0.29
9185.16 0.64
9185.96 0.2
9186.69 0.62
9187.93 0.76
9190.46 1.7
9191.93 0.41
9193.94 0.7
9199.65 0.08
9200.38 0.61
9201.57 1.15
9203.56 1.52
9205.56 0.09
9207.55 0.75
9209.56 0.29
9211.55 1.45
9213.57 1.23
9215.55 2.25
9217.57 0.44
9219.56 1.61
9221.56 1.46
9223.55 0.68
9225.56 2.29
9227.55 5.39
9229.57 6.5
9231.55 6.11
9233.57 6.19
9235.56 3.22
9237.56 0.47
9239.62 2.83
9241.56 0.97
9243.55 0.45
9245.57 2.38
9247.55 2.77
9249.56 3.32
9251.56 6.25
9253.58 6.29
9255.54 5.86
9257.56 6.84
9259.55 4.51
9261.56 5.31
9263.55 2.01
9265.57 1.38
9267.56 3.92
9269.57 4.75
9271.54 6.03
9273.56 6.3
9275.78 0.19
9277.59 0.31
9279.55 0.68
9281.46 1.07
9283.56 2.22
9285.57 0.02
9287.56 3.92
9289.64 1.16
9291.55 3.48
9293.57 3.07
9295.55 1.84
9297.57 1.56
9299.57 2.04
9302.36 0.28
9303.56 2.9
9305.56 1.62
9307.54 2.94
9309.56 5.79
9311.55 6.61
9313.57 6.61
9315.55 3.5
9320.45 0.6
9321.92 0.16
9322.42 0.5
9324.62 0.97
9325.47 0.32
9327.55 0.29
9329.78 0.09
9331.55 1.08
9333.88 0.07
9335.56 1.35
9338.06 0.92
9339.54 0.08
9342.5 0.03
9343.56 1.4
9345.57 0.14
9347.55 1.31
9349.57 1.31
9351.55 0.14
9353.57 0.02
9355.54 0.92
9357.67 0.28
9359.55 1.74
9361.57 2.36
9363.55 3.8
9365.57 0.45
9367.55 0.73
9369.73 0.39
9371.56 0.64
9373.56 1.22
9375.71 2.36
9377.56 3.7
9379.55 2.65
9381.73 0.02
9383.55 2.35
9385.57 5.92
9387.56 5.92
9389.56 4.73
9391.54 6.57
9393.72 6.65
9395.55 3.96
9397.57 0.61
9399.56 0.06
9401.57 1.08
9403.55 1.43
9405.56 2.21
9407.81 3.52
9409.63 2.01
9412.03 0.77
9414.88 2.58
9417.98 2.5
9421.6 2.51
9424.41 1.38
9427.27 1.29
9428.9 1.54
9431.33 0.24
9432.78 1.74
9434.19 2.65
9435.65 4.37
9436.35 6.52
9436.98 4.1
9437.83 4.26
9439.81 5.81
9441.83 5.72
9443.82 5.72
9445.82 5.72
9447.8 5.8
9449.82 6.64
9451.81 3.28
9453.82 5.92
9455.81 0.44
9457.83 4.12
9459.82 0.21
9461.82 0.5
9463.8 1.37
9465.82 1.15
9467.8 1.71
9469.82 0.27
9471.81 5.17
9473.82 0.69
9475.8 1.22
9477.81 0.28
9479.8 1.92
9481.82 0.79
9483.81 2.07
9485.65 0.6
9487.81 1.94
9489.83 2.74
9491.81 3.78
9493.82 0.19
9495.8 2.02
9497.82 2.23
9499.81 0.45
9501.82 3.55
9503.81 0.41
9505.88 0.02
9507.81 2.83
9509.83 1.99
9511.8 4.9
9513.82 6.18
9515.81 0.36
9517.82 5.97
9519.81 6.65
9521.83 6.52
9523.81 5.45
9525.83 1.22
9527.8 1.68
9529.82 0.31
9531.8 1.04
9533.82 0.29
9535.81 3.5
9537.82 1.54
9541.05 0.01
9541.72 0.45
9543.82 3.9
9545.82 0.29
9547.82 2.65
9549.83 0.4
9551.88 3.88
9554.0 2.88
9555.81 3.53
9558.2 3.72
9559.81 1.3
9562.1 0.11
9563.83 1.1
9565.82 1.1
9567.81 1.57
9569.82 1.29
9571.81 1.44
9574.38 1.59
9575.96 2.44
9577.82 4.4
9579.99 4.11
9581.82 3.91
9583.8 3.32
9585.82 3.32
9587.81 0.16
9590.67 0.1
9592.11 0.29
9593.83 1.0
9595.8 0.42
9597.83 0.43
9600.07 0.55
9601.83 0.74
9603.81 0.74
9605.83 1.73
9607.81 1.88
9609.83 3.0
9611.8 1.65
9613.82 0.85
9615.8 0.92
9617.82 2.13
9619.81 2.58
9621.83 0.86
9623.8 0.43
9625.83 0.65
9627.8 2.1
9629.82 6.78
9631.8 6.61
9633.82 6.06
9635.81 5.76
9637.83 0.58
9639.81 6.16
9641.83 6.25
9643.79 0.59
9645.82 0.88
9647.8 1.42
9649.82 0.74
9651.8 0.06
9653.82 2.41
9655.81 2.06
9657.83 1.48
9659.85 0.56
9661.82 0.39
9664.4 2.54
9665.82 0.55
9668.01 0.64
9669.83 0.17
9672.07 1.32
9675.64 2.12
9677.89 2.51
9679.76 2.58
9680.87 0.85
9681.85 2.71
9683.97 2.65
9686.04 2.81
9688.05 2.99
9690.06 0.68
9691.98 2.51
9694.05 3.49
9696.27 3.14
9698.31 3.24
9700.32 1.38
9702.24 1.88
9704.01 0.41
9706.05 3.2
9708.06 0.45
9710.05 0.73
9711.91 2.47
9714.05 1.07
9716.3 1.9
9718.01 2.65
9720.06 2.16
9722.04 1.89
9724.06 0.07
9726.39 1.54
9728.48 1.55
9730.08 1.88
9731.96 1.69
9734.06 1.35
9736.95 1.91
9740.08 1.59
9743.32 1.61
9745.14 1.66
9748.14 1.88
9750.27 2.11
9752.52 0.96
9754.55 2.34
9756.52 2.72
9757.39 3.61
9759.09 2.59
9760.73 3.32
9763.43 0.39
9765.25 0.95
9767.49 0.28
9769.63 0.89
9771.66 3.18
9772.78 3.96
9774.35 2.84
9775.88 0.79
9777.59 3.56
9779.61 0.6
9781.59 0.2
9783.61 2.31
9785.58 4.01
9787.6 1.8
9790.25 3.72
9791.84 1.8
9793.59 0.96
9795.6 0.6
9797.59 4.63
9799.61 0.98
9801.56 1.23
9803.6 0.33
9806.15 0.02
9807.85 2.9
9809.59 3.17
9811.6 2.98
9813.59 0.7
9815.61 0.62
9820.12 2.12
9821.26 0.21
9825.2 1.11
9825.97 1.65
9826.6 2.36
9828.25 0.21
9829.72 1.67
9831.93 2.26
9833.76 2.17
9836.02 1.96
9838.71 0.28
9842.17 2.4
9845.42 2.46
9847.03 1.29
9849.74 0.66
9850.68 3.06
9852.66 2.8
9854.69 2.83
9857.35 0.02
9858.69 0.77
9860.67 0.62
9862.69 2.48
9864.67 0.35
9866.69 2.29
9868.84 1.88
9870.93 0.15
9872.67 0.9
9874.69 2.12
9876.67 1.76
9878.69 2.04
9880.67 0.97
9882.69 2.01
9884.66 2.85
9886.97 1.41
9888.71 0.44
9890.68 2.26
9892.75 2.63
9896.05 0.85
9898.38 0.39
9899.2 1.4
9900.94 3.14
9902.68 0.61
9904.93 2.17
9906.68 0.06
9909.74 0.16
9911.76 0.81
9913.05 2.19
9914.7 1.89
9917.24 2.73
9923.03 0.79
9923.93 1.22
9924.46 0.81
9925.27 3.2
9933.73 0.29
9937.21 0.47
9938.79 0.5
9940.56 0.19
9946.62 0.07
9952.86 0.16
9955.04 0.15
9957.28 0.14
9960.64 0.17
9961.28 0.3
9962.1 0.69
9962.91 3.07
9964.08 0.44
9966.06 3.66
9968.09 5.92
9970.07 5.79
9972.09 3.08
9974.31 0.28
9976.08 3.75
9978.06 1.39
9980.08 1.18
9982.07 2.03
9985.03 2.34
9986.97 3.01
9988.71 4.36
9990.17 0.88
9992.23 3.71
9994.06 0.99
9996.08 2.43
9998.07 0.59
10000.09 0.48
10002.44 0.44
10004.76 3.05
10006.74 3.03
10009.23 0.27
10012.81 3.26
10016.13 4.51
10017.66 1.86
10019.25 0.55
10021.02 0.32
10021.99 1.6
10024.24 4.91
10027.4 2.39
10029.43 2.53
10032.21 0.39
10033.82 3.51
10035.37 0.34
10036.74 3.44
10038.55 1.49
10040.15 3.84
10042.27 1.64
10044.08 3.38
10045.82 3.11
10047.69 2.9
10049.57 3.08
10052.05 0.56
10055.34 0.23
10056.36 0.72
10057.58 0.68
10059.59 0.19
10061.78 0.34
10063.6 0.76
10065.58 1.38
10067.6 0.75
10069.58 0.53
10071.6 0.82
10073.59 0.16
10075.59 2.26
10077.57 1.65
10079.6 2.54
10081.58 2.11
10083.6 2.59
10086.27 0.41
10087.6 1.87
10089.91 2.05
10091.59 2.04
10099.43 0.9
10101.28 0.33
10103.48 0.27
10105.33 0.16
10106.19 0.39
10109.41 0.13
10112.8 0.28
10115.9 0.15
10118.99 0.11
10121.6 0.14
10124.15 0.28
10125.83 0.2
10127.2 0.27
10129.2 0.2
10133.3 0.35
10135.61 0.32
10136.68 0.31
10138.44 0.3
10138.98 0.54
10140.76 0.39
10142.37 0.57
10146.6 0.01
10147.16 1.0
10147.71 2.07
10149.77 2.74
10151.79 3.72
10153.78 2.3
10155.8 0.08
10157.78 3.52
10159.8 2.75
10161.77 2.45
10163.79 0.6
10165.77 1.24
10167.79 0.56
10169.78 2.56
10171.8 0.72
10173.78 0.23
10175.95 2.33
10177.67 2.29
10179.79 1.89
10184.15 2.84
10186.47 1.42
10188.38 3.25
10190.08 1.05
10191.94 2.76
10193.98 3.67
10195.61 3.2
10197.3 0.62
10198.85 2.47
10200.84 3.16
10202.21 0.42
10203.79 3.3
10205.65 1.61
10207.89 0.37
10211.29 2.67
10213.92 3.46
10214.98 3.94
10215.97 0.54
10217.78 2.11
10219.69 1.71
10223.35 0.1
10225.42 2.48
10226.59 2.87
10228.5 1.0
10230.66 2.68
10233.84 0.77
10237.67 2.73
10239.34 3.37
10240.38 3.44
10243.11 3.1
10244.59 3.22
10245.62 4.5
10246.37 0.98
10248.02 4.98
10249.78 1.0
10251.79 0.43
10253.71 0.43
10255.88 2.66
10257.78 1.15
10259.8 2.16
10261.77 0.94
10263.79 3.71
10266.39 1.62
10268.21 2.46
10269.78 0.88
10272.71 2.42
10275.5 2.57
10277.74 3.1
10279.83 3.08
10282.54 0.07
10284.54 3.55
10285.31 1.91
10286.01 2.23
10287.8 0.52
10289.78 0.38
10291.8 3.46
10293.78 0.12
10295.79 0.86
10297.77 3.24
10299.79 3.24
10303.66 2.7
10305.89 1.66
10307.76 3.94
10309.98 3.9
10312.44 3.84
10314.59 0.26
10317.49 0.1
10318.65 0.65
10320.37 3.18
10321.61 0.75
10322.61 0.11
10324.21 0.3
10325.76 0.22
10327.8 1.68
10329.77 0.84
10331.79 0.31
10333.78 1.63
10336.2 1.9
10337.77 1.77
10339.8 0.9
10341.78 0.52
10343.98 0.99
10345.77 0.14
10348.36 0.85
10350.21 2.35
10352.11 0.62
10353.86 1.23
10355.8 2.63
10358.18 3.31
10360.49 2.81
10362.77 3.19
10366.02 1.58
10368.57 2.6
10372.55 2.23
10380.5 0.42
10382.75 0.34
10384.52 1.33
10386.54 1.08
10388.53 0.93
10390.55 1.63
10392.53 1.57
10394.55 0.8
10396.75 0.14
10398.55 1.42
10400.5 1.42
10402.54 2.96
10405.27 0.71
10409.49 0.49
10410.34 2.04
10412.32 2.14
10414.68 0.88
10416.32 1.52
10419.52 1.23
10420.3 0.07
10422.34 1.17
10424.32 0.67
10426.34 0.21
10428.22 2.09
10430.35 3.93
10432.33 4.77
10434.34 1.02
10436.32 1.63
10438.34 2.65
10440.32 1.83
10442.29 5.3
10444.33 3.6
10447.64 0.41
10449.3 2.9
10450.5 3.1
10454.54 2.07
10456.19 1.07
10460.37 0.48
10460.92 4.32
10464.26 0.97
10464.84 0.78
10465.67 0.92
10467.27 0.34
10468.34 1.81
10470.34 2.31
10472.32 1.66
10474.34 1.67
10476.3 1.63
10478.34 1.06
10480.33 0.22
10482.35 1.98
10484.32 0.27
10486.34 4.2
10488.32 5.97
10490.33 2.12
10492.33 0.18
10494.35 0.24
10496.69 1.24
10498.35 1.72
10500.32 1.6
10502.33 0.35
10504.32 1.58
10510.06 1.18
10510.93 0.18
10511.94 1.43
10513.96 1.25
10515.93 1.45
10517.95 1.69
10519.93 1.33
10521.95 0.68
10523.93 1.51
10525.98 0.82
10527.94 1.79
10529.96 0.52
10531.95 0.99
10533.95 1.79
10535.93 0.14
10537.95 1.99
10539.94 0.24
10541.96 0.12
10543.93 1.71
10545.96 2.21
10547.95 5.69
10550.1 0.6
10551.93 0.4
10553.95 4.37
10556.35 1.11
10557.96 4.64
10562.51 0.42
10564.76 0.55
10565.35 0.08
10565.95 2.93
10567.93 0.34
10569.95 3.21
10571.93 2.07
10574.12 2.47
10575.94 0.49
10577.96 0.89
10579.94 2.72
10581.95 5.51
10583.93 6.5
10587.08 1.47
10591.1 0.35
10592.08 0.53
10592.64 0.62
10593.95 0.67
10595.94 0.57
10597.95 0.58
10599.97 0.49
10601.95 1.0
10603.93 2.05
10605.96 2.57
10607.94 3.18
10609.95 4.06
10611.95 4.06
10613.96 4.06
10615.95 0.23
10617.95 1.58
10620.2 1.58
10622.06 0.78
10626.82 0.48
10627.91 0.6
10631.58 0.62
10632.57 1.12
10635.34 0.54
10636.24 1.29
10637.89 1.78
10639.88 1.06
10641.9 0.63
10644.76 2.4
10645.9 2.29
10650.11 0.32
10654.24 0.0
10656.37 0.28
10657.24 0.23
10657.77 1.04
10659.75 0.31
10661.8 0.93
10663.75 3.21
10665.77 2.83
10667.76 2.87
10669.78 6.28
10671.76 6.28
10673.76 6.18
10675.75 6.18
10677.77 5.83
10679.75 5.82
10681.77 6.84
10683.76 2.49
10685.78 6.2
10687.76 0.6
10689.97 0.02
10691.68 0.61
10693.86 0.33
10695.75 2.22
10697.77 2.53
10699.89 0.13
10701.78 2.67
10703.76 0.23
10705.76 1.3
10708.36 0.58
10709.76 3.16
10711.75 1.13
10713.77 1.26
10716.15 0.67
10717.86 2.35
10719.76 0.56
10722.68 0.64
10724.18 1.75
10725.7 3.89
10727.75 1.38
10729.77 3.57
10731.75 1.56
10733.64 0.49
10735.83 2.66
10737.78 1.18
10739.88 3.23
10742.03 3.13
10743.76 0.17
10747.0 2.54
10750.06 2.27
10752.1 1.03
10754.12 0.03
10756.07 3.03
10758.86 0.12
10761.16 1.47
10763.45 2.02
10765.12 1.96
10768.47 3.51
10771.67 1.82
10774.15 0.59
10775.37 3.3
10776.57 2.98
10777.27 3.46
10779.05 0.36
10780.21 2.5
10781.51 0.95
10783.5 2.22
10785.52 0.38
10788.51 3.6
10790.12 0.19
10791.5 0.59
10795.42 1.54
10797.47 0.62
10802.52 0.38
10805.13 0.76
10806.24 1.51
10806.89 1.62
10807.52 1.92
10808.36 1.77
10809.51 1.89
10811.5 1.48
10813.52 1.68
10815.5 1.0
10817.52 0.98
10819.51 1.69
10821.51 1.88
10823.49 0.07
10825.52 0.72
10827.53 1.68
10829.52 1.28
10831.5 2.02
10833.52 0.76
10836.38 1.34
10839.07 1.27
10842.29 0.24
10843.47 0.56
10845.51 2.05
10846.92 3.86
10848.17 1.78
10849.51 3.01
10851.51 1.24
10853.52 2.0
10857.1 0.73
10863.03 0.04
10864.03 0.28
10864.69 0.55
10881.84 0.16
10883.14 0.08
10885.38 1.16
10887.36 0.9
10889.38 1.33
10891.37 0.21
10893.38 0.2
10895.34 0.23
10897.38 1.83
10899.36 2.96
10901.38 6.62
10903.37 5.89
10905.38 0.78
10907.37 0.2
10909.37 3.35
10911.26 0.86
10913.38 2.8
10915.36 0.32
10917.38 0.18
10923.19 1.53
10924.74 1.64
10926.72 0.78
10928.74 0.27
10930.73 1.31
10932.75 1.32
10934.71 1.38
10936.59 0.33
10938.66 0.35
10940.77 0.66
10943.19 0.26
10944.74 0.53
10947.24 1.03
10948.75 1.65
10951.85 0.49
10952.75 2.31
10954.74 2.31
10956.77 0.16
10958.73 1.56
10960.74 1.56
10962.73 1.37
10964.75 1.37
10966.73 1.54
10968.74 0.48
10971.55 0.02
10972.76 2.29
10974.74 0.21
10976.74 2.1
10978.73 0.13
10980.75 3.47
10982.73 1.11
10984.75 0.58
10986.73 2.56
10988.75 0.37
10990.74 0.86
10992.75 1.18
10997.33 0.15
10999.0 0.32
10999.83 0.53
11002.58 0.33
11003.67 0.52
11006.05 0.45
11007.02 1.03
11008.72 0.24
11011.11 0.91
11012.75 0.72
11015.05 0.35
11016.75 1.63
11018.74 1.07
11020.74 0.33
11022.82 0.64
11024.74 1.82
11026.94 0.47
11028.74 1.54
11030.73 1.09
11032.75 1.32
11034.74 1.87
11036.77 1.59
11041.34 0.65
11045.23 0.33
11046.27 0.06
11048.3 0.12
11049.23 0.33
11051.19 0.16
11052.52 0.29
11054.58 0.7
11056.35 0.46
11058.33 0.8
11060.34 0.84
11062.32 2.61
11064.34 1.87
11066.33 1.87
11068.34 0.2
11070.33 2.13
11072.35 2.21
11074.33 2.0
11076.34 2.2
11078.45 0.61
11080.34 1.46
11082.33 0.36
11084.34 1.06
11086.33 2.26
11088.35 2.4
11093.42 0.09
11094.07 0.25
11096.09 1.77
11100.29 0.09
11101.95 0.55
11105.64 0.86
11109.53 0.72
11114.34 0.48
11119.58 0.25
11125.47 0.09
11126.97 1.82
11129.51 0.15
11130.03 0.27
11131.39 0.44
11133.38 0.16
11135.4 0.27
11139.44 0.46
11140.4 0.85
11141.39 3.56
11143.41 4.78
11145.39 0.33
11147.39 0.59
11149.39 4.52
11151.4 5.11
11153.39 4.98
11155.4 1.46
11157.39 0.72
11159.41 0.55
11161.35 0.12
11163.39 1.02
11165.38 1.87
11168.16 1.46
11170.2 1.84
11173.49 2.37
11175.49 1.05
11177.25 0.24
11178.74 3.76
11180.69 2.08
11182.06 4.23
11183.48 1.3
11185.38 0.95
11187.4 0.6
11189.39 0.4
11192.04 0.52
11197.95 2.44
11199.16 2.63
11200.16 2.45
11201.01 2.55
11204.06 0.29
11207.17 0.19
11210.12 0.19
11211.55 1.54
11212.3 0.59
11213.94 2.21
11216.17 2.32
11217.97 3.26
11219.7 3.38
11221.64 0.62
11223.5 3.41
11225.17 3.36
11225.97 2.58
11227.41 1.58
11229.64 1.77
11231.67 0.39
11233.65 0.09
11235.67 1.62
11237.64 0.68
11239.66 0.34
11241.78 1.92
11243.42 0.45
11245.64 2.29
11247.67 0.51
11249.51 1.54
11253.3 1.72
11254.06 0.31
11255.9 2.4
11257.96 2.74
11259.64 3.5
11261.64 4.38
11263.66 4.43
11265.65 1.06
11267.67 1.72
11269.65 1.14
11271.65 2.98
11273.53 3.56
11275.65 3.93
11277.64 4.85
11279.66 5.91
11281.65 5.85
11283.5 5.43
11285.65 0.37
11287.65 2.59
11289.64 6.08
11291.66 1.07
11293.64 3.97
11295.65 0.7
11297.94 0.11
11301.48 1.21
11303.16 0.63
11305.17 0.36
11307.17 4.26
11309.15 4.43
11311.17 2.92
11313.36 0.02
11315.18 2.61
11317.16 2.86
11319.16 0.91
11322.34 0.82
11324.45 2.94
11325.48 1.29
11327.04 2.58
11329.16 1.56
11331.51 3.07
11333.89 2.85
11337.07 0.2
11339.94 3.3
11342.04 3.69
11343.15 4.35
11345.1 0.63
11348.06 6.3
11350.26 0.37
11354.18 1.67
11356.89 0.51
11359.91 0.44
11360.93 1.06
11363.62 0.84
11365.47 0.35
11367.91 0.81
11369.86 4.95
11370.96 0.64
11372.3 0.59
11373.76 2.2
11374.8 0.66
11376.17 3.08
11377.78 3.88
11379.05 3.62
11381.08 3.36
11383.08 2.9
11385.07 0.5
11388.49 1.83
11390.37 1.92
11392.1 2.13
11393.93 1.99
11395.09 1.89
11397.09 1.89
11399.85 2.21
11401.06 3.46
11403.06 3.87
11405.06 4.4
11407.08 4.15
11409.07 1.48
11411.09 3.55
11413.07 4.33
11415.08 6.59
11417.51 1.24
11420.96 0.5
11422.86 3.92
11427.5 0.92
11432.22 3.69
11434.33 4.12
11436.12 1.79
11437.44 4.26
11439.01 3.04
11439.81 3.23
11440.48 0.49
11441.71 1.22
11443.72 3.49
11447.56 0.38
11451.5 0.59
11453.68 2.76
11457.05 2.58
11457.79 2.92
11462.57 1.5
11463.91 1.84
11464.77 0.64
11466.04 1.94
11469.31 1.47
11474.75 0.02
11475.52 1.06
11476.5 0.23
11477.61 1.21
11478.41 0.29
11479.27 1.11
11479.8 0.93
11480.53 0.31
11482.43 2.15
11484.65 2.45
11486.66 0.45
