0.0 271.32
1.18 64.3
3.18 181.56
5.18 117.83
7.18 211.89
9.18 416.9
11.19 211.19
13.18 113.27
15.18 50.74
17.18 218.47
19.18 161.56
21.19 205.7
23.18 324.11
25.17 2080.51
27.18 88.24
29.17 1323.46
31.18 212.87
33.18 101.95
35.19 216.6
37.18 295.75
39.18 123.71
41.18 121.58
43.18 598.08
45.18 183.84
47.18 1411.76
49.18 1703.96
51.19 124.96
53.18 2188.43
55.17 176.85
57.18 2347.62
59.18 216.79
61.42 2400.54
63.44 2015.29
65.42 170.48
67.43 2140.4
69.43 217.81
71.42 2033.38
73.21 215.13
75.43 1371.45
77.43 1785.09
79.43 216.42
81.43 1496.06
83.43 216.88
85.43 1916.65
87.44 1964.66
89.43 196.45
91.43 1503.73
93.43 214.68
95.43 1733.54
97.42 215.22
99.43 755.74
101.43 2052.02
103.43 156.77
105.43 1686.13
107.43 216.14
109.43 1609.83
111.43 1709.21
113.43 107.29
115.43 2069.78
117.43 191.05
119.43 148.65
121.42 1806.35
123.44 2065.97
125.42 1609.18
127.44 215.77
129.42 1551.2
131.43 209.61
133.43 2149.23
135.43 1780.06
137.43 212.16
139.43 2042.9
141.43 220.85
143.43 1897.86
145.42 215.86
147.43 1716.37
149.43 1416.29
151.44 220.85
153.43 1977.73
155.44 218.56
157.43 1230.3
159.43 1929.18
161.43 137.47
163.44 2121.57
165.44 218.94
167.43 1986.04
169.42 214.86
171.43 1898.84
173.43 2220.24
175.43 211.01
177.43 1664.4
179.44 127.77
181.44 1417.54
183.43 1793.77
185.44 216.88
187.43 2130.69
189.42 215.41
191.44 2341.94
193.42 216.69
195.43 2072.5
197.43 1721.82
199.43 179.03
201.43 1769.07
203.43 163.55
205.43 2272.41
207.43 1621.48
209.43 213.41
211.43 1795.06
213.44 166.78
215.44 997.36
217.43 215.5
219.44 2083.82
221.43 2125.65
223.43 196.91
225.44 2218.02
227.43 162.71
229.43 2254.96
231.43 2102.97
233.44 2205.11
235.43 135.28
237.43 217.72
239.43 1485.71
241.42 211.27
243.44 1518.25
245.44 1652.46
247.43 214.95
249.44 1487.76
251.43 194.49
253.43 1824.18
255.44 1883.21
257.42 1715.64
259.44 2041.76
261.43 216.69
263.43 4.8
265.42 187.31
267.44 2076.48
269.43 2085.02
271.44 220.08
273.43 2050.72
275.43 220.27
277.43 2113.53
279.45 2281.98
281.43 2366.3
283.43 2108.93
285.43 171.75
287.43 1615.6
289.42 217.25
291.43 1770.98
293.43 1165.46
295.43 217.25
297.43 2156.8
299.43 217.53
301.43 1027.48
303.43 1807.12
305.44 2420.63
307.43 1772.96
309.43 190.76
311.68 2427.7
313.68 212.78
315.69 1616.91
317.68 2301.69
319.67 213.59
321.69 1712.1
323.67 219.04
325.68 2018.25
327.47 215.04
329.69 1605.64
331.68 2305.54
333.68 184.31
335.68 1968.33
337.68 174.35
339.68 2228.61
341.68 1833.38
343.68 215.04
345.68 1239.54
347.68 217.34
349.69 2349.03
351.67 214.49
353.68 2106.29
355.68 2065.21
357.68 215.13
359.69 2295.34
361.68 214.49
363.68 2165.02
365.68 1584.21
367.68 214.58
369.68 2074.42
371.69 214.4
373.68 2108.18
375.68 175.02
377.68 1907.12
379.7 2023.14
381.68 215.13
383.69 1637.27
385.69 209.27
387.68 2328.21
389.69 2488.29
391.68 216.32
393.69 70.7
395.68 215.41
397.68 1530.72
399.67 219.41
401.68 1600.53
403.68 1142.98
405.68 215.22
407.68 2131.97
409.68 217.25
411.68 2097.52
413.69 758.21
415.69 177.28
417.68 1970.33
419.68 217.91
421.67 2312.44
423.68 214.49
425.68 2280.05
427.68 2231.72
429.68 215.59
431.69 1624.92
433.68 211.63
435.68 2041.81
437.68 2238.1
439.68 185.79
441.68 2006.42
443.67 174.71
445.68 2173.65
447.68 194.27
449.68 1370.47
451.68 1956.51
453.69 175.74
455.68 1735.74
457.68 214.13
459.68 2063.9
461.69 2021.44
463.68 208.67
465.69 1939.44
467.69 215.04
469.68 1870.34
471.67 213.23
473.67 1605.25
475.68 2083.22
