0 11.75
1 13.5
2 15.0
3 13.375
4 11.375
5 11.5
6 13.875
7 15.125
8 15.5
9 11.375
10 15.625
11 15.625
12 15.0
13 13.375
14 12.0
15 14.25
16 15.625
17 14.75
18 11.5
19 13.625
20 13.25
21 15.0
22 13.25
23 11.75
24 11.875
25 13.0
26 12.375
27 11.125
28 14.75
29 13.5
30 12.5
31 11.875
32 11.375
33 11.75
34 15.125
35 12.0
36 10.75
37 15.25
38 3.125
39 6.75
40 8.375
41 12.0
42 14.75
43 16.75
44 20.25
45 24.25
46 34.625
47 49.125
48 42.625
49 41.75
50 15.125
51 52.5
52 70.25
53 71.25
54 68.875
55 19.625
56 22.375
57 55.25
58 22.75
59 1.5
60 4.375
61 8.125
62 18.625
63 1.0
64 19.875
65 30.75
66 34.75
67 31.25
68 35.0
69 29.875
70 12.125
71 34.25
72 15.0
73 35.375
74 24.25
75 31.875
76 38.0
77 11.0
78 28.5
79 35.625
80 20.875
81 11.375
82 23.25
83 24.375
84 9.125
85 4.125
86 17.5
87 19.75
88 2.625
89 17.625
90 26.0
91 29.0
92 31.125
93 64.25
94 52.625
95 12.625
96 56.625
97 40.125
98 63.375
99 68.25
100 45.125
101 61.125
102 82.25
103 73.5
104 82.5
105 91.875
106 79.875
107 10.25
108 46.75
109 78.625
110 81.875
111 71.625
112 17.375
113 34.0
114 77.875
115 98.0
116 97.875
117 92.625
118 104.75
119 29.75
120 28.25
121 93.0
122 98.75
123 49.25
124 12.375
125 22.375
126 45.875
127 30.5
128 18.875
129 18.5
130 17.0
131 8.25
132 2.75
133 0.75
134 8.25
135 11.0
136 21.625
137 15.5
138 5.125
139 6.375
140 1.625
141 3.375
142 5.25
143 4.125
144 13.375
145 13.375
146 17.5
147 19.125
148 36.125
149 40.625
150 42.375
151 53.125
152 42.125
153 14.0
154 35.0
155 24.375
156 36.5
157 14.625
158 14.875
159 14.0
160 38.875
161 37.125
162 45.25
163 48.0
164 42.125
165 55.875
166 35.375
167 51.75
168 65.5
169 39.875
170 79.125
171 88.625
172 94.625
173 86.875
174 91.75
175 85.125
176 80.625
177 91.125
178 185.0
179 132.5
180 187.5
181 106.125
182 185.0
183 92.0
184 78.5
185 175.0
186 162.5
187 170.0
188 117.75
189 160.0
190 167.5
191 180.0
192 168.75
193 207.5
194 190.0
195 131.25
196 104.375
197 28.875
198 31.375
199 19.0
200 151.25
201 192.5
202 143.75
203 161.25
204 113.5
205 120.125
206 113.75
207 81.625
208 86.875
209 20.875
210 64.75
211 0.5
212 7.25
213 45.25
214 45.75
215 30.25
216 10.25
217 14.5
218 22.875
219 56.0
220 79.375
221 101.5
222 104.5
223 109.0
224 114.75
225 140.0
226 165.0
227 177.5
228 158.75
229 153.75
230 190.0
231 105.75
232 77.25
233 37.375
234 4.25
235 1.375
236 2.75
237 1.0
238 3.625
239 16.375
240 35.875
241 2.0
242 0.125
243 4.625
244 5.5
245 15.5
246 10.625
247 3.0
248 2.25
249 0.125
250 14.75
251 12.625
252 12.625
253 50.875
254 75.375
255 84.125
256 97.875
257 102.5
258 107.875
259 114.125
260 37.25
261 130.0
262 155.0
263 151.25
264 156.25
265 160.0
266 163.75
267 163.75
268 109.25
269 108.125
270 150.0
271 155.0
272 157.5
273 160.0
274 150.0
275 153.75
276 148.75
277 156.25
278 140.0
279 147.5
280 142.5
281 140.0
282 140.0
283 140.0
284 142.5
285 131.25
286 97.25
287 42.5
288 0.25
289 1.25
290 13.25
291 14.0
292 52.25
293 1.0
294 0.75
295 0.375
296 0.875
297 4.25
298 15.625
299 12.5
300 86.125
301 11.75
302 12.0
303 37.875
304 93.75
305 80.875
306 100.25
307 93.625
308 39.25
309 61.0
310 14.375
311 11.375
312 79.25
313 77.875
314 14.25
315 13.75
316 83.0
317 67.375
318 11.125
319 11.5
320 15.375
321 46.0
322 84.125
323 23.625
324 0.375
325 0.375
326 12.75
327 15.5
328 13.375
329 27.75
330 66.5
331 79.125
332 86.375
333 84.875
334 75.75
335 84.75
336 74.375
337 88.0
338 97.125
339 116.25
340 97.625
341 84.125
342 135.0
343 142.5
344 114.375
345 142.5
346 171.25
347 150.0
348 128.75
349 146.25
350 110.375
351 0.5
352 0.25
353 11.125
354 15.125
355 12.0
356 2.875
357 0.375
358 17.0
359 71.375
360 83.125
361 65.0
362 74.75
363 74.125
364 57.25
365 61.75
366 59.625
367 29.875
368 44.5
369 57.0
370 20.25
371 41.375
372 102.125
373 94.625
374 92.5
375 102.5
376 94.375
377 89.625
378 68.875
379 88.25
380 91.25
381 74.875
382 62.375
383 59.75
384 9.25
385 1.375
386 0.125
387 3.75
388 5.125
389 5.0
390 11.375
391 15.375
392 23.375
393 33.75
394 56.5
395 56.75
396 70.375
397 73.75
398 58.875
399 66.125
400 39.0
401 60.25
402 16.25
403 22.5
404 3.625
405 11.125
406 14.5
407 15.125
408 17.25
409 23.5
410 19.625
411 6.625
412 15.625
413 5.875
414 8.625
415 5.375
416 9.25
417 9.125
418 12.625
419 10.375
420 11.375
421 9.75
422 7.75
423 10.625
424 10.25
425 9.375
426 7.375
427 13.125
428 12.375
429 26.25
430 33.0
431 34.5
432 36.25
433 39.75
434 39.125
435 46.625
436 53.5
437 60.25
438 66.5
439 74.5
440 85.875
441 93.0
442 126.25
443 135.0
444 146.25
445 188.75
446 208.75
447 136.25
448 181.25
449 181.25
450 196.25
451 197.5
452 188.75
453 181.25
454 155.0
455 130.0
456 118.75
457 111.875
458 120.625
459 100.0
460 113.375
461 135.0
462 121.875
463 161.25
464 131.25
465 110.25
466 126.25
467 116.125
468 105.5
469 10.75
470 14.75
471 15.125
472 15.625
473 13.625
474 14.625
475 15.25
476 12.875
477 11.5
478 12.25
479 32.25
480 86.875
481 68.625
482 95.5
483 53.5
484 11.25
485 13.5
486 12.125
487 14.0
488 14.0
489 14.75
490 12.625
491 11.0
492 13.875
493 14.75
494 11.0
495 15.5
496 14.25
497 14.0
498 15.5
499 15.625
500 12.25
501 13.125
502 12.875
503 12.25
504 13.125
505 14.125
506 13.75
507 15.625
508 10.625
509 15.375
510 12.25
511 14.5
512 14.875
513 14.375
514 12.625
515 13.625
516 10.0
517 14.0
518 14.125
519 15.625
520 13.5
521 11.75
522 13.0
523 13.25
524 15.0
525 10.0
526 13.375
527 13.375
528 11.375
529 10.5
530 12.375
531 12.125
532 13.5
533 12.0
534 12.75
535 10.25
536 15.25
537 14.75
538 13.25
539 12.875
540 11.875
541 15.5
542 11.875
543 13.5
544 11.375
545 12.125
546 15.375
547 11.25
548 14.25
549 10.25
550 11.75
551 15.125
552 14.25
553 11.625
554 12.0
555 15.25
556 14.25
557 10.625
558 12.5
559 12.75
560 11.0
561 14.25
562 12.375
563 10.0
564 11.375
565 14.625
566 15.375
567 14.125
568 13.875
569 12.5
570 13.875
571 12.75
572 11.125
573 13.75
574 13.25
575 14.875
576 13.5
577 15.0
578 14.75
579 13.75
580 12.5
581 12.625
582 11.0
583 12.875
584 15.375
585 12.5
586 13.625
587 15.125
588 14.875
589 14.875
590 12.875
591 11.875
592 13.125
593 15.625
594 15.625
595 14.0
596 13.875
597 15.625
598 13.875
599 15.0
600 15.5
601 14.25
602 14.75
603 44.875
604 68.25
605 61.625
606 70.375
607 67.125
608 67.75
609 72.5
610 62.875
611 78.375
612 79.5
613 83.5
614 93.625
615 95.75
616 93.75
617 101.875
618 111.625
619 113.5
620 109.375
621 115.5
622 115.25
623 109.25
624 119.625
625 116.25
626 143.75
627 137.5
628 130.0
629 146.25
630 125.0
631 108.75
632 105.375
633 117.25
634 96.625
635 133.75
636 142.5
637 98.25
638 103.75
639 96.625
640 80.125
641 42.125
642 5.375
643 1.75
644 0.5
645 2.875
646 9.0
647 1.375
648 1.75
649 1.375
650 1.75
651 11.0
652 14.75
653 37.875
654 67.375
655 79.125
656 89.625
657 105.5
658 106.375
659 130.0
660 103.375
661 125.0
662 126.25
663 112.375
664 119.5
665 120.625
666 108.875
667 115.125
668 111.625
669 110.25
670 107.875
671 101.25
672 113.0
673 68.75
674 86.625
675 66.0
676 62.625
677 83.25
678 91.625
679 78.875
680 72.0
681 80.0
682 82.0
683 82.875
684 85.0
685 79.5
686 88.875
687 88.5
688 72.125
689 93.625
690 73.875
691 92.375
692 98.0
693 93.875
694 95.875
695 76.875
696 71.375
697 59.5
698 81.375
699 17.75
700 12.625
701 12.625
702 15.125
703 11.25
704 15.0
705 14.75
706 13.5
707 12.125
708 11.25
709 15.125
710 15.5
711 14.625
712 14.0
713 15.5
714 12.5
715 11.375
716 13.25
717 14.75
718 12.625
719 13.875
720 12.75
721 13.75
722 15.125
723 14.5
724 12.375
725 12.25
726 12.875
727 12.625
728 15.375
729 15.125
730 12.625
731 11.75
732 14.375
733 11.375
734 11.125
735 12.25
736 12.375
737 13.75
738 13.0
739 15.5
740 10.25
741 12.25
742 15.375
743 13.375
744 14.75
745 15.5
746 14.5
747 15.5
748 13.125
749 10.5
750 14.875
751 12.25
752 12.375
753 12.5
754 9.5
755 15.0
756 13.625
757 15.625
758 15.375
759 10.75
760 13.75
761 13.375
762 9.75
763 14.75
764 13.875
765 10.125
766 13.5
767 10.375
768 11.125
769 15.5
770 12.625
771 11.625
772 13.625
