0.0 3.1
0.87 1.82
1.69 5.21
2.71 8.51
7.21 1.01
9.72 0.3
10.7 6.07
11.68 0.34
12.91 0.32
14.18 1.72
15.2 4.59
17.2 4.44
18.21 2.76
19.72 0.62
20.71 5.47
23.72 0.73
27.22 0.07
31.23 5.59
35.7 0.17
37.2 1.1
38.2 4.76
39.22 4.9
40.23 2.88
43.72 0.37
45.23 0.52
46.76 2.64
49.75 2.23
50.73 5.22
51.75 1.79
56.26 3.29
57.72 4.17
58.94 4.78
61.25 3.19
62.46 0.96
64.73 4.77
65.75 4.33
67.27 2.7
71.45 0.15
72.29 5.33
74.27 0.2
75.25 3.89
76.77 4.04
79.26 1.07
80.78 4.45
82.27 3.82
84.77 4.03
92.94 3.18
94.82 2.73
96.27 2.22
97.47 3.8
98.91 5.17
101.26 3.35
102.25 0.05
103.25 2.38
105.77 3.91
106.78 4.05
107.75 5.32
108.77 5.01
109.96 1.06
110.83 5.12
112.3 1.57
113.97 3.22
116.28 5.9
120.0 1.13
121.29 1.35
125.88 4.22
128.26 3.39
129.81 4.54
134.0 0.15
136.84 4.55
140.86 1.94
142.33 1.46
145.32 3.13
145.93 4.14
146.93 1.69
148.43 1.41
150.41 2.66
152.46 2.66
154.51 1.02
156.94 0.11
159.94 2.24
161.46 0.51
162.47 1.41
163.66 1.26
164.95 2.04
165.96 3.95
168.16 0.23
169.49 3.07
171.48 0.95
174.47 1.85
178.5 4.04
181.02 2.9
185.94 1.09
187.49 4.03
188.97 2.52
190.49 4.94
191.98 1.76
195.04 1.98
195.98 3.96
197.48 1.47
198.48 5.21
200.49 3.39
201.69 0.91
202.47 5.84
203.5 1.34
205.5 2.14
207.97 0.62
211.02 2.24
214.5 0.85
216.52 1.77
218.97 0.46
222.98 5.66
225.53 2.01
227.01 2.22
230.53 0.33
231.52 1.68
234.21 0.56
235.01 4.99
237.55 0.36
238.53 0.08
239.55 5.32
240.53 4.0
241.53 3.81
242.53 3.92
244.54 1.38
246.03 0.44
248.07 3.69
252.04 1.89
253.24 1.44
255.04 0.74
257.04 1.34
259.06 0.81
260.55 2.96
261.55 6.36
263.05 1.03
265.06 2.16
269.52 0.08
272.06 1.85
273.57 2.31
276.05 0.4
278.06 1.64
279.07 4.17
280.56 3.82
281.58 5.29
285.07 1.77
286.58 4.35
288.07 1.27
290.06 0.22
291.59 4.79
292.56 3.54
294.58 2.32
299.76 0.23
300.74 5.33
302.07 3.02
305.57 1.51
306.58 5.74
307.57 2.86
309.56 0.65
311.56 5.91
314.1 1.03
316.12 2.48
318.06 1.36
322.79 2.71
324.22 3.45
326.6 3.49
328.16 5.2
330.11 2.37
331.57 3.16
333.65 4.66
337.07 6.14
341.6 0.01
344.11 1.98
345.11 1.4
346.1 4.63
347.11 1.5
348.09 2.54
350.12 4.49
352.11 5.01
355.3 0.22
356.12 4.68
357.61 0.88
359.64 5.05
362.65 2.57
367.17 4.26
370.63 1.52
371.6 2.02
373.34 3.25
376.11 0.37
377.12 0.32
379.62 0.22
380.62 3.16
382.66 3.31
386.13 2.18
387.14 1.65
388.12 2.67
389.13 2.49
391.16 4.93
394.14 2.54
397.34 0.52
400.82 0.31
401.64 5.31
402.64 2.22
403.66 2.39
408.62 1.05
410.15 2.01
413.66 0.6
414.65 2.9
417.33 0.2
417.83 3.2
420.01 0.28
420.96 3.68
421.86 3.35
422.83 0.62
423.85 5.08
427.86 2.03
429.87 2.34
431.38 4.57
435.87 1.85
437.33 1.01
439.38 4.03
441.86 4.31
443.37 5.41
446.54 0.16
447.36 5.51
451.36 0.92
452.35 2.47
455.06 0.14
455.85 4.04
458.37 1.36
459.86 1.87
461.07 0.68
461.9 3.05
462.87 4.13
466.38 2.53
467.36 1.29
468.43 2.46
471.88 4.98
472.88 1.66
476.91 0.71
479.09 0.28
480.4 3.19
481.38 2.89
482.41 3.16
483.92 1.49
485.39 3.5
487.41 5.48
489.91 3.67
491.59 2.35
495.02 0.99
498.67 0.56
502.61 5.08
504.51 3.21
505.98 2.15
507.48 1.66
509.01 4.18
511.03 1.98
512.52 2.98
514.51 2.72
516.51 3.23
517.51 4.95
520.22 0.78
522.1 3.6
524.1 1.37
526.1 0.22
528.74 1.57
530.05 4.16
532.1 4.44
536.05 0.33
540.6 2.36
542.03 1.64
550.24 1.95
551.27 1.92
552.59 2.47
553.76 2.45
556.07 1.61
557.22 2.93
560.07 3.77
561.2 3.84
562.6 2.38
565.07 2.92
