0.0 162.69
0.79 5.91
2.51 12.7
4.51 14.79
6.78 19.01
8.78 21.98
10.78 18.71
12.78 32.89
14.77 34.9
16.77 44.79
18.77 48.59
20.77 52.06
22.77 48.22
24.77 48.25
26.77 50.2
28.77 67.82
30.77 60.7
32.77 94.26
34.77 71.35
36.76 87.03
38.76 87.03
40.78 84.77
42.78 102.96
44.78 110.1
46.78 69.62
48.78 89.59
50.78 106.46
52.77 93.72
54.77 147.64
56.77 56.48
58.77 1.95
60.77 0.35
62.78 109.93
64.77 0.31
66.77 182.58
68.77 133.78
70.77 0.34
72.77 180.88
74.77 217.89
76.77 177.78
78.77 230.46
80.76 127.58
82.76 214.56
84.76 0.28
86.78 159.61
88.76 0.29
90.78 219.19
92.78 189.88
94.77 0.3
96.77 167.67
98.78 0.3
100.78 188.11
102.77 223.32
104.77 198.1
106.77 163.67
108.77 4.88
110.77 143.04
112.77 0.75
114.77 133.95
116.77 196.52
118.77 18.59
120.77 277.7
122.77 0.31
124.76 289.73
126.76 277.03
128.78 83.07
130.78 55.45
132.78 0.31
134.78 57.32
136.77 74.88
138.78 91.83
140.78 90.28
142.78 92.08
144.78 85.84
146.78 93.72
148.77 115.56
150.77 135.03
152.77 123.85
154.77 162.13
156.77 9.8
158.76 65.07
160.76 0.39
162.77 167.9
164.78 153.08
166.78 0.37
168.78 106.33
170.78 0.42
172.78 109.1
174.78 175.08
176.77 156.9
178.78 156.5
180.77 0.38
182.77 124.51
184.76 0.37
186.77 107.63
188.77 135.6
190.77 9.02
192.77 147.11
194.77 2.3
196.77 104.69
198.76 165.68
200.77 189.78
202.78 181.66
204.78 0.36
206.78 152.9
208.78 210.48
210.78 180.5
212.78 180.45
214.78 0.36
216.78 170.73
218.78 0.34
221.02 199.75
223.02 152.47
225.02 224.68
227.02 169.87
229.02 0.29
231.02 246.98
233.02 0.4
235.02 206.07
237.02 191.2
239.02 0.36
241.02 201.67
243.02 0.32
245.02 183.34
247.02 248.66
249.03 252.79
251.03 263.14
253.03 0.39
255.04 265.86
257.03 0.29
259.03 230.91
261.02 282.88
263.02 0.39
265.03 221.8
267.02 0.32
269.02 251.66
271.02 208.58
273.02 260.85
275.02 279.33
277.02 0.31
279.02 290.15
281.02 0.3
283.02 228.25
285.02 219.06
287.03 0.31
289.02 271.86
291.03 0.31
293.04 232.63
295.03 259.99
297.03 291.9
299.03 277.69
301.03 0.31
303.02 218.24
305.02 134.02
307.02 262.33
309.02 258.51
311.02 0.3
313.02 252.43
315.02 0.38
317.02 271.39
319.02 247.74
321.03 253.18
323.02 294.67
325.03 0.31
327.02 331.04
329.03 231.91
331.03 335.83
333.03 356.95
335.03 0.32
337.03 398.18
339.03 0.31
341.03 343.25
343.02 397.5
345.02 325.26
347.02 363.95
349.02 0.33
351.02 310.13
353.02 0.34
355.02 311.91
357.02 393.88
359.02 0.33
361.02 328.85
363.02 0.31
365.02 392.15
367.02 368.35
369.03 364.74
371.03 381.93
373.03 0.34
375.03 430.43
377.03 0.32
379.03 325.9
381.02 346.55
383.03 0.3
385.03 310.43
387.02 0.34
389.02 289.73
391.02 344.32
393.02 349.37
395.02 354.64
397.02 0.34
399.02 370.56
401.02 0.4
403.02 379.83
405.02 322.97
407.03 0.31
409.03 417.31
411.03 0.32
413.03 417.7
415.02 429.9
417.03 318.62
419.03 388.12
421.03 0.32
423.02 342.65
425.02 0.32
427.03 406.59
429.02 431.3
431.02 0.38
433.02 410.72
435.29 0.31
437.02 382.07
439.02 207.44
441.02 393.4
443.02 312.21
445.02 0.37
447.02 402.04
449.02 0.31
451.03 392.46
453.03 413.97
455.03 0.37
457.04 425.94
459.03 0.31
461.03 360.81
463.03 433.84
465.03 432.21
467.02 395.39
469.27 0.4
471.27 336.66
473.27 0.38
475.27 381.11
477.27 333.84
479.27 395.51
481.27 389.29
483.27 0.3
485.27 392.24
487.09 0.35
489.28 390.61
491.28 390.11
493.27 0.36
495.28 10.87
497.27 0.28
499.28 0.32
501.28 35.03
503.28 12.7
505.28 88.07
507.28 78.07
509.28 79.87
511.08 100.64
513.28 94.03
515.27 87.78
517.27 115.34
519.27 108.94
521.27 70.28
523.27 70.28
525.27 70.28
527.27 105.72
529.27 93.31
531.26 85.68
533.27 103.75
535.28 90.44
537.28 84.86
539.28 44.49
541.28 1.21
543.28 31.06
545.28 93.54
547.28 93.54
549.28 105.73
551.27 68.3
553.28 99.92
555.27 94.89
557.27 103.6
559.27 97.39
561.28 87.97
563.27 87.97
565.27 87.97
567.27 87.97
569.27 76.5
571.28 91.95
573.28 90.29
575.28 90.29
577.28 80.93
579.28 80.93
581.28 80.93
583.28 116.33
585.28 91.62
587.27 82.55
589.28 0.39
591.27 100.64
593.27 97.08
595.27 97.08
597.27 97.08
599.27 95.06
601.27 107.28
603.28 107.28
605.27 102.66
607.27 112.17
609.27 112.17
611.27 112.17
613.28 120.48
615.28 88.0
617.28 108.54
619.28 108.47
621.28 72.82
623.28 86.17
625.28 86.17
627.28 111.13
629.28 106.6
631.27 94.59
633.28 107.03
635.27 88.24
637.28 0.32
639.27 102.63
641.27 0.75
643.52 12.46
645.27 37.43
647.27 40.21
649.27 59.46
651.27 53.08
653.27 67.39
655.27 59.96
657.28 88.9
659.28 108.04
661.28 0.32
663.28 107.31
665.28 0.39
667.27 146.12
669.28 156.22
671.28 129.56
673.28 113.16
675.28 0.3
677.28 231.65
679.27 0.33
681.27 195.53
683.27 194.08
685.27 0.3
687.27 249.8
689.27 0.37
691.27 193.3
693.29 226.76
695.28 229.97
697.28 241.56
699.27 0.29
701.28 278.05
703.28 0.29
705.28 296.0
707.28 185.66
709.27 0.29
711.28 244.84
713.28 0.31
715.27 237.65
717.35 0.3
719.52 296.18
721.52 293.78
723.52 0.3
725.52 291.78
727.52 0.29
729.52 208.74
731.52 255.29
733.52 0.32
735.54 249.34
737.54 0.3
739.53 218.33
741.36 0.31
743.53 121.82
745.53 292.43
747.53 0.32
749.53 212.6
751.53 0.29
753.53 187.52
755.53 292.14
757.52 0.33
759.53 228.21
761.53 0.35
763.52 228.21
765.36 0.3
767.57 333.53
769.54 33.26
771.52 0.39
773.52 306.55
775.53 0.3
777.54 285.85
779.52 299.18
781.53 0.36
783.53 305.93
785.53 0.39
787.53 288.18
789.53 0.29
791.53 338.43
793.53 327.47
795.52 0.44
797.52 242.49
799.52 0.31
801.52 352.79
803.52 381.13
805.53 0.37
807.52 326.53
809.52 0.33
811.52 324.42
813.52 0.31
815.54 333.17
817.53 351.16
819.53 6.89
821.53 380.36
823.53 0.32
825.53 351.06
827.52 391.45
829.52 0.36
831.53 390.16
833.52 0.3
835.52 298.51
837.53 0.29
839.53 299.31
841.52 265.38
843.52 0.33
845.53 269.56
847.52 0.31
849.52 299.94
851.52 300.2
853.52 0.37
855.53 296.49
857.54 0.3
859.53 274.43
861.54 0.32
863.53 226.0
865.53 241.31
867.53 0.35
869.52 356.3
871.53 1.24
873.53 307.45
875.53 326.64
877.53 0.36
879.52 337.89
881.53 0.29
883.52 357.54
885.52 0.41
887.52 334.12
889.52 350.3
891.54 0.46
893.52 353.84
895.53 343.81
897.54 280.13
899.54 326.23
901.53 0.36
903.53 287.51
905.53 0.41
907.52 334.46
909.52 0.33
911.53 340.52
913.53 268.99
915.53 0.3
917.52 333.16
919.53 0.28
921.52 225.11
923.52 349.31
925.52 0.31
927.52 349.36
929.52 0.3
931.52 337.62
933.54 0.29
935.54 345.72
937.54 337.24
939.53 0.29
941.54 322.95
943.53 0.32
945.53 354.27
947.53 325.53
949.52 310.47
951.53 388.81
953.53 0.31
955.53 385.83
957.53 0.32
959.53 376.91
961.53 369.5
963.53 0.29
965.78 366.07
967.77 0.3
969.77 340.6
971.79 307.02
973.77 378.9
975.79 258.41
977.78 0.33
979.78 349.59
981.77 0.33
983.78 367.84
985.78 337.09
987.78 6.07
989.78 427.38
991.78 0.34
993.78 357.65
995.78 414.98
997.78 410.88
999.78 353.59
1001.78 0.31
1003.78 409.76
1005.77 0.34
1007.77 442.58
1009.77 407.71
1011.77 0.31
1013.77 380.76
1015.79 0.3
1017.77 385.08
1019.78 445.44
1021.78 425.59
1023.78 454.47
1025.78 0.31
1027.78 420.69
1029.78 0.36
1031.78 468.31
1033.78 386.43
1035.78 0.3
1037.78 387.22
1039.78 0.31
1041.78 371.58
1043.78 409.87
1045.78 480.99
1047.78 365.85
1049.77 0.31
1051.77 422.66
1053.77 0.3
1055.79 537.75
1057.79 578.52
1059.79 0.32
1061.77 572.12
1063.78 0.32
1065.78 431.61
1067.78 412.78
1069.78 562.97
1071.77 382.11
1073.78 0.3
1075.78 453.5
1077.78 0.31
1079.78 417.0
1081.77 368.81
1083.78 0.34
1085.78 355.69
1087.78 14.04
1089.77 467.4
1091.77 405.47
1093.77 410.59
1095.79 457.33
1097.79 11.62
1099.78 504.69
1101.78 0.36
1103.77 455.29
1105.78 467.76
1107.77 0.3
1109.78 447.35
1111.78 0.28
1113.78 468.64
1115.78 487.28
1117.78 316.97
1119.78 184.69
1121.78 0.27
1123.78 132.56
1125.77 0.35
1127.78 392.04
1129.77 461.2
1131.77 0.29
1133.77 499.85
1135.77 0.31
1137.79 502.92
1139.79 491.7
1141.79 496.63
1143.78 512.68
1145.78 0.32
1147.78 499.04
1149.78 0.34
1151.78 503.6
1153.78 448.52
1155.78 0.42
1157.78 400.56
1159.78 0.29
1161.78 396.32
1163.78 493.9
1165.78 487.82
1167.78 491.8
1169.78 0.32
1171.78 463.0
1173.77 0.36
1175.77 466.51
1177.78 463.0
1179.79 0.32
1181.78 436.45
1183.78 0.24
1185.78 511.37
1187.78 469.12
1189.78 431.14
1191.78 426.58
1193.78 0.33
1195.78 392.94
1197.78 0.37
1199.78 461.39
1201.78 213.26
1203.78 0.33
1205.78 172.38
1207.78 0.38
1209.78 128.21
1211.84 0.3
1214.02 122.71
1216.02 157.51
1218.02 0.34
1219.79 141.87
1222.03 0.31
1224.04 150.26
1226.04 137.51
1228.04 0.36
1230.03 209.21
1232.04 0.3
1234.02 167.04
1235.85 0.32
1238.03 201.02
1240.03 220.18
1242.03 0.29
1244.03 172.23
1246.03 0.29
1248.03 306.2
1250.03 249.4
1252.02 309.1
1254.02 262.59
1256.02 0.34
1258.04 281.63
1259.86 0.3
1262.04 269.36
1264.04 156.16
1266.04 0.29
1268.02 163.95
1270.03 0.31
1272.03 126.66
1274.03 146.92
1276.03 119.85
1278.03 127.65
1280.03 0.3
1282.03 145.33
1283.85 0.3
1286.03 164.53
1288.02 133.06
1290.02 0.28
1292.02 122.64
1294.02 0.31
1296.02 145.13
1298.04 129.76
1300.02 167.32
1302.03 172.13
1304.04 0.31
1306.03 200.5
1308.04 182.32
1310.04 192.4
1312.04 204.14
1314.03 0.28
1316.03 202.03
1318.03 0.37
1320.03 148.77
1322.03 170.29
1324.03 195.31
1326.03 173.99
1328.03 0.33
1330.02 216.94
1332.02 0.35
1334.02 145.36
1336.04 242.02
1338.02 0.26
1340.02 202.71
1342.02 0.27
1344.04 280.87
1346.04 273.21
1348.04 247.91
1350.04 284.11
1352.03 0.29
1354.03 193.22
1356.03 297.34
1358.03 341.76
1360.03 372.32
1362.03 0.34
1364.03 363.46
1366.03 0.28
1368.03 345.61
1370.02 385.21
1372.03 0.4
1374.03 326.69
1376.02 0.28
1378.02 299.55
1380.02 0.28
1382.04 353.9
1384.04 270.44
1386.04 0.31
1388.04 364.05
1390.04 0.31
1392.03 256.18
1394.03 408.79
1396.03 417.8
1398.03 409.51
1400.03 0.31
1402.03 366.07
1404.03 0.33
1406.03 319.46
1408.03 402.21
1410.03 0.28
1412.02 465.41
1414.03 0.33
1416.03 337.04
1418.03 387.42
1420.04 0.39
1422.04 383.81
1424.04 0.39
1426.04 375.65
1428.04 0.33
1430.04 346.74
1432.04 365.47
1434.03 0.28
1436.03 410.4
1438.04 0.28
1440.03 372.43
1442.03 406.64
1444.03 425.96
1446.03 347.38
1448.03 0.29
1450.03 268.08
1452.03 0.4
1454.03 304.22
1456.03 362.02
1458.03 9.04
1460.02 413.2
1462.04 0.4
1464.04 389.86
1466.04 382.16
1468.04 304.04
1470.04 375.73
1472.28 0.32
1474.28 367.19
1476.28 0.29
1478.28 343.92
1480.28 243.84
1482.28 0.31
1484.28 310.26
1486.28 0.3
1488.28 177.61
1490.1 0.28
1492.28 269.85
1494.28 282.94
1496.28 0.31
1498.28 265.02
1500.27 0.33
1502.29 246.99
1504.29 284.46
1506.29 0.34
1508.27 252.79
1510.29 0.28
1512.29 191.9
1514.11 0.26
1516.28 332.76
1518.28 348.41
1520.28 0.29
1522.28 227.43
1524.28 0.29
1526.28 367.19
1528.28 365.63
1530.28 0.3
1532.29 306.26
1534.28 0.29
1536.28 370.61
1538.28 0.28
1540.29 380.44
1542.29 303.47
1544.29 0.35
1546.29 391.52
1548.28 0.36
1550.29 329.48
1552.28 376.86
1554.29 0.31
1556.28 373.94
1558.28 0.26
1560.28 185.07
1562.28 0.39
1564.28 320.15
1566.28 429.58
1568.28 0.3
1570.28 432.45
1572.29 0.33
1574.28 341.25
1576.27 330.1
1578.28 0.28
1580.29 252.2
1582.28 0.3
1584.28 397.18
1586.29 0.31
1588.29 412.78
1590.28 354.25
1592.29 0.31
1594.28 181.22
1596.29 0.31
1598.28 296.13
1600.28 325.15
1602.28 0.31
1604.28 300.67
1606.28 0.38
1608.28 329.95
1610.28 0.29
1612.28 322.81
1614.28 337.23
1616.28 309.73
1618.28 363.89
1620.28 0.31
1622.29 327.18
1624.28 288.46
1626.28 0.32
1628.29 229.86
1630.28 372.69
1632.29 335.85
1634.28 0.32
1636.29 117.48
1638.29 302.55
1640.28 0.32
1642.28 328.48
1644.28 0.28
1646.28 348.27
1648.28 262.49
1650.28 0.32
1652.28 302.62
1654.28 0.32
1656.28 83.08
1658.28 0.29
1660.28 279.01
1662.29 278.5
1664.29 0.34
1666.28 284.53
1668.28 0.31
1670.28 321.32
1672.28 100.15
1674.29 0.34
1676.29 70.63
1678.28 1.87
1680.28 106.32
1682.28 0.78
1684.28 98.01
1686.28 125.47
1688.28 125.47
1690.28 125.47
1692.28 122.89
1694.28 127.87
1696.28 134.01
1698.28 99.0
1700.28 141.5
1702.28 0.31
1704.29 198.04
1706.29 0.28
1708.29 191.79
1710.29 200.39
1712.29 0.32
1714.53 6.41
1716.28 0.29
1718.54 75.44
1720.53 77.4
1722.53 56.63
1724.53 56.63
1726.53 56.63
1728.53 63.34
1730.53 68.36
1732.53 68.36
1734.53 0.63
1736.52 60.79
1738.52 74.01
1740.52 51.97
1742.52 51.97
1744.54 51.97
1746.54 51.97
1748.53 87.53
1750.53 78.99
1752.54 71.6
1754.54 85.25
1756.54 77.9
1758.53 83.1
1760.54 83.1
1762.54 87.82
1764.53 70.37
1766.53 52.37
1768.53 52.37
1770.53 52.37
1772.53 52.37
1774.53 68.76
1776.53 68.76
1778.53 68.76
1780.53 52.75
1782.53 60.48
1784.54 60.48
1786.53 65.86
1788.54 54.34
1790.54 54.34
1792.54 54.34
1794.54 70.55
1796.54 69.6
1798.53 70.3
1800.54 49.49
1802.53 65.27
1804.54 53.75
1806.53 70.77
1808.53 67.04
1810.53 94.71
1812.53 88.99
1814.53 103.72
1816.53 120.58
1818.52 144.99
1820.53 102.08
1822.52 0.31
1824.53 134.99
1826.54 0.29
1828.54 173.92
1830.54 198.72
1832.54 0.3
1834.54 167.93
1836.54 0.33
1838.53 96.68
1840.53 140.49
1842.54 169.56
1844.53 178.47
1846.53 0.39
1848.53 206.58
1850.53 0.29
1852.53 242.7
1854.53 233.26
1856.53 0.34
1858.53 229.06
1860.53 0.31
1862.53 183.52
1864.53 176.44
1866.54 252.92
1868.53 299.47
1870.53 0.27
1872.54 225.13
1874.54 0.39
1876.54 290.3
1878.54 327.72
1880.54 0.28
1882.54 230.63
1884.54 0.32
1886.53 240.85
1888.53 214.8
1890.53 347.21
1892.53 341.99
1894.53 257.2
1896.53 315.39
1898.53 0.5
1900.53 273.34
1902.53 303.43
1904.53 2.54
1906.54 303.2
1908.53 0.32
1910.54 358.73
1912.53 376.03
1914.54 365.45
1916.54 315.62
1918.53 0.4
1920.54 257.09
1922.54 0.3
1924.53 323.55
1926.53 340.36
1928.53 9.93
1930.53 387.0
1932.53 0.37
1934.53 378.68
1936.53 329.59
1938.53 329.1
1940.53 388.98
1942.53 0.38
1944.53 287.49
1946.53 0.41
1948.53 381.12
1950.54 394.87
1952.54 0.28
1954.54 280.69
1956.54 0.39
1958.54 437.01
1960.54 477.65
1962.53 437.11
1964.54 471.57
1966.54 0.3
1968.78 464.31
1970.78 0.42
1972.79 388.6
1974.78 389.16
1976.78 433.54
1978.78 448.43
1980.78 0.3
1982.78 437.01
1984.6 0.34
1986.79 386.97
1988.79 434.26
1990.79 0.34
1992.79 371.59
1994.79 0.38
1996.79 444.94
1998.78 333.76
2000.78 427.06
2002.79 244.0
2004.78 0.29
2006.79 183.65
2008.62 0.32
2010.78 109.5
2012.78 166.12
2014.78 0.31
2016.78 186.84
2018.78 0.39
2020.78 137.25
2022.78 152.09
2024.78 141.21
2026.79 175.15
2028.79 0.3
2030.79 169.78
2032.62 0.7
2034.79 136.06
2036.79 146.51
2038.79 2.73
2040.79 155.8
2042.79 0.29
2044.79 170.14
2046.78 145.88
2048.78 136.68
2050.78 128.35
2052.78 0.36
2054.78 186.48
2056.78 0.3
2058.78 221.18
2060.78 199.92
2062.78 0.37
2064.78 187.11
2066.79 0.29
2068.79 323.7
2070.79 317.35
2072.79 316.38
2074.79 314.61
2076.79 0.3
2078.78 212.24
2080.78 0.33
2082.79 180.88
2084.79 343.38
2086.79 0.29
2088.78 293.54
2090.78 0.39
2092.78 341.8
2094.78 199.58
2096.78 320.57
2098.78 273.76
2100.78 0.29
2102.78 304.74
2104.78 0.3
2106.78 275.63
2108.79 303.05
2110.8 0.28
2112.79 272.78
2114.79 0.29
2116.79 349.27
2118.79 314.98
2120.79 346.69
2122.79 293.29
2124.79 0.28
2126.79 310.13
2128.78 0.31
2130.78 367.55
2132.78 358.38
2134.78 0.32
2136.78 343.91
2138.79 0.37
2140.78 0.35
2142.78 0.31
2144.78 12.9
2146.79 7.61
2148.79 7.3
2150.78 8.77
2152.79 10.78
2154.79 20.42
2156.79 17.76
2158.79 23.67
2160.79 31.08
2162.78 39.95
2164.79 43.16
2166.79 52.67
2168.79 53.19
2170.79 61.77
2172.78 73.44
2174.78 89.56
2176.78 83.66
2178.8 89.66
2180.78 88.53
2182.78 114.72
2184.78 96.8
2186.78 125.76
2188.8 90.22
2190.79 119.81
2192.79 146.73
2194.79 158.92
2196.79 0.27
2198.79 147.64
2200.79 0.29
2202.79 130.81
2204.79 153.92
2206.79 0.36
2208.78 142.72
2210.79 0.28
2212.78 146.37
2214.78 85.97
2217.03 37.19
2219.03 144.14
2221.03 0.32
2223.03 0.3
2225.03 0.32
2227.03 12.88
2229.04 16.77
2231.04 16.78
2233.04 24.91
2235.04 23.09
2237.04 19.68
2239.04 24.38
2241.04 24.38
2243.04 24.38
2245.04 18.37
2247.04 24.88
2249.04 23.34
2251.03 26.41
2253.04 25.98
2255.03 25.98
2257.03 25.98
2259.03 25.2
2261.03 29.91
2263.03 37.18
2265.03 38.99
2267.03 38.9
2269.04 38.9
2271.03 38.9
2273.04 38.9
2275.03 32.81
2277.04 32.81
2279.03 32.81
2281.04 51.24
2283.04 37.22
2285.04 31.69
2287.04 58.58
2289.04 45.97
2291.03 45.62
2293.04 50.47
2295.03 65.91
2297.03 48.88
2299.03 65.25
2301.03 65.25
2303.03 58.15
2305.03 58.15
2307.03 58.15
2309.03 58.15
2311.04 58.15
2313.04 70.08
2315.04 70.08
2317.04 75.57
2319.04 77.0
2321.04 80.46
2323.04 71.61
2325.04 72.66
2327.04 96.32
2329.03 72.64
2331.04 72.64
2333.04 91.53
2335.03 76.98
2337.03 83.74
2339.03 82.96
2341.04 97.65
2343.03 133.98
2345.03 0.29
2347.05 147.92
2349.03 160.87
2351.03 0.33
2353.04 133.18
2355.03 0.3
2357.03 206.18
2359.03 215.59
2361.04 244.72
2363.03 215.09
2365.04 0.31
2367.04 213.11
2369.04 0.31
2371.04 241.18
2373.03 194.78
2375.04 9.11
2377.04 341.69
2379.03 0.29
2381.03 313.65
2383.03 361.98
2385.03 248.19
2387.03 352.8
2389.03 0.3
2391.05 307.03
2393.04 0.79
2395.04 353.87
2397.04 134.3
2399.04 0.31
2401.04 343.44
2403.1 10.96
2405.04 259.88
2407.04 259.33
2409.04 124.93
2411.04 340.46
2413.04 0.33
2415.04 281.1
2417.03 0.27
2419.04 383.81
2421.03 398.74
2423.03 0.3
2425.03 208.8
2427.03 0.28
2429.05 300.59
2431.05 384.83
2433.04 304.79
2435.04 297.52
2437.03 0.39
2439.04 287.05
2441.04 0.32
2443.04 321.19
2445.03 320.97
2447.04 0.29
2449.04 318.85
2451.04 0.31
2453.04 299.95
2455.04 305.4
2457.04 282.03
2459.03 352.69
2461.03 5.78
2463.04 279.8
2465.28 322.59
2467.28 315.18
2469.28 333.38
2471.3 307.59
2473.29 322.01
2475.04 0.32
2477.3 304.7
2479.09 343.8
2481.29 236.93
2483.28 260.24
2485.29 0.32
2487.29 336.02
2489.29 0.31
2491.29 338.95
2493.29 253.41
2495.28 255.28
2497.28 307.42
2499.29 0.3
2501.29 277.99
2503.11 0.29
2505.28 291.64
2507.28 310.91
2509.28 0.3
2511.28 247.93
2513.39 0.38
2515.3 68.86
2517.3 49.72
2519.29 0.09
2521.29 55.75
2523.29 0.32
2525.29 257.53
2527.12 0.32
2529.3 264.08
2531.29 170.79
2533.29 0.39
2535.29 260.56
2537.29 0.29
2539.29 209.94
2541.28 264.56
2543.28 250.52
2545.28 231.34
2547.28 0.31
2549.28 302.93
2551.12 0.29
2553.28 197.92
2555.3 263.47
2557.3 352.5
2559.3 319.12
2561.29 0.31
2563.29 294.97
2565.29 225.1
2567.29 302.2
2569.28 153.28
2571.29 0.31
2573.29 311.86
2575.29 0.29
2577.29 262.56
2579.29 280.98
2581.28 0.32
2583.28 303.65
2585.28 0.31
2587.28 303.27
2589.28 244.21
2591.3 128.4
2593.3 140.55
2595.3 154.31
2597.3 132.78
2599.28 0.38
2601.29 66.83
2603.29 107.97
2605.29 11.41
2607.29 156.93
2609.29 0.31
2611.29 159.69
2613.29 76.71
2615.29 174.19
2617.29 191.49
2619.29 0.36
2621.29 148.78
2623.29 0.27
2625.28 186.95
2627.29 185.58
2629.29 0.32
2631.28 166.79
2633.28 0.28
2635.3 0.76
2637.29 0.37
2639.29 132.91
2641.29 69.14
2643.29 93.95
2645.29 84.49
2647.29 0.77
2649.29 73.72
2651.29 0.28
2653.29 83.8
2655.29 98.46
2657.29 111.56
2659.29 115.72
2661.28 89.62
2663.29 113.89
2665.28 128.82
2667.28 124.97
2669.28 118.41
2671.28 122.84
2673.3 122.99
2675.28 141.61
2677.3 118.9
2679.29 117.6
2681.29 0.29
2683.29 142.87
2685.29 92.48
2687.29 60.37
2689.28 0.31
2691.29 0.29
2693.29 0.39
2695.29 14.79
2697.29 14.79
2699.29 45.26
2701.28 66.01
2703.28 57.3
2705.28 57.3
2707.28 66.43
2709.28 53.14
2711.28 53.14
2713.3 67.47
2715.3 58.15
2717.3 57.06
2719.3 56.79
2721.54 66.21
2723.55 74.26
2725.54 70.96
2727.54 86.68
2729.54 75.29
2731.54 84.94
2733.35 84.94
2735.54 92.05
2737.54 70.11
2739.54 78.82
2741.54 65.36
2743.54 65.36
2745.54 89.95
2747.53 109.42
2749.53 109.61
2751.53 101.25
2753.53 126.21
2755.54 109.18
2757.37 0.28
2759.55 109.2
2761.55 127.64
2763.54 0.33
2765.54 203.19
2767.54 0.62
2769.54 189.87
2771.54 187.08
2773.54 220.47
2775.54 166.6
2777.54 0.37
2779.54 156.85
2781.54 0.39
2783.54 188.23
2785.53 264.74
2787.53 0.32
2789.54 259.44
2791.54 0.32
2793.53 257.37
2795.53 163.13
2797.54 0.36
2799.54 226.56
2801.55 0.32
2803.56 241.37
2805.53 0.29
2807.54 200.93
2809.54 308.65
2811.54 0.26
2813.54 259.11
2815.54 0.3
2817.54 343.46
2819.54 333.41
2821.54 0.79
2823.54 240.99
2825.54 0.29
2827.54 315.22
2829.53 0.28
2831.53 302.52
2833.53 284.89
2835.54 0.46
2837.55 308.18
2839.54 0.26
2841.55 263.78
2843.55 304.0
2845.54 0.35
2847.54 203.09
2849.54 0.29
2851.54 295.7
2853.54 0.29
2855.54 306.92
2857.54 307.02
2859.54 0.26
2861.54 292.89
2863.54 0.39
2865.54 285.04
2867.54 261.46
2869.53 0.27
2871.54 299.8
2873.53 0.72
2875.54 318.0
2877.55 0.39
2879.54 254.83
2881.55 280.88
2883.55 0.28
2885.54 235.93
2887.54 0.31
2889.54 266.07
2891.54 329.26
2893.54 0.34
2895.54 133.7
2897.58 0.29
2899.54 101.21
2901.54 3.38
2903.54 186.3
2905.54 132.29
2907.54 0.31
2909.53 87.09
2911.53 144.18
2913.53 159.78
2915.54 150.17
2917.55 0.32
2919.55 128.24
2921.54 0.29
2923.54 123.8
2925.54 0.26
2927.54 121.77
2929.54 115.75
2931.54 0.37
2933.54 91.46
2935.54 104.57
2937.54 107.12
2939.54 124.95
2941.54 115.54
2943.54 106.79
2945.54 0.3
2947.54 7.56
2949.54 26.27
2951.54 28.89
2953.53 3.06
2955.55 25.25
2957.54 25.25
2959.54 90.6
2961.54 100.91
2963.54 78.65
2965.54 91.45
2967.54 99.18
2969.55 87.6
2971.54 143.02
2973.79 0.3
2975.79 113.13
2977.79 131.85
2979.79 0.3
2981.79 140.61
2983.79 0.28
2985.79 164.19
2987.79 130.01
2989.78 196.69
2991.78 182.16
2993.78 0.31
2995.79 192.81
2997.78 0.33
2999.8 275.82
3001.8 252.01
3003.8 0.34
3005.8 298.89
3007.79 0.32
3009.8 319.12
3011.79 301.21
3013.79 337.01
3015.79 332.98
3017.79 0.31
3019.79 366.99
3021.79 0.31
3023.79 398.85
3025.79 414.02
3027.79 7.34
3029.79 412.87
3031.78 0.29
3033.78 380.44
3035.79 406.63
3037.8 6.76
3039.78 330.12
3041.78 0.32
3043.8 407.1
3045.8 0.31
3047.8 294.78
3049.8 408.47
3051.79 0.31
3053.8 402.21
3055.79 0.34
3057.79 413.46
3059.79 397.54
3061.79 336.15
3063.79 389.83
3065.79 0.31
3067.78 386.21
3069.79 0.31
3071.8 399.29
3073.78 301.56
3075.8 0.31
3077.8 344.12
3079.8 0.32
3081.8 315.14
3083.8 340.97
3085.79 403.01
3087.79 365.85
3089.8 6.5
3091.79 401.97
3093.79 0.29
3095.79 353.01
3097.79 410.03
3099.79 0.29
3101.79 337.51
3103.79 0.29
3105.79 420.25
3107.79 377.61
3109.79 426.04
3111.79 415.99
3113.79 0.41
3115.78 344.86
3117.8 0.32
3119.8 389.97
3121.8 434.99
3123.79 0.15
3125.79 440.46
3127.8 0.31
3129.79 324.43
3131.8 327.58
3133.79 408.51
3135.79 434.34
3137.79 0.15
3139.79 382.12
3141.79 0.31
3143.79 419.11
3145.79 411.17
3147.79 0.3
3149.79 15.7
3151.78 0.29
3153.78 0.32
3155.78 11.71
3157.79 127.52
3159.8 24.56
3161.8 0.31
3163.8 80.16
3165.8 108.67
3167.8 108.67
3169.8 116.2
3171.8 0.38
3173.79 95.08
3175.79 105.86
3177.79 131.58
3179.79 84.89
3181.79 129.56
3183.79 129.56
3185.79 129.56
3187.79 127.94
3189.79 105.97
3191.79 125.85
3193.78 98.13
3195.78 0.83
3197.8 137.95
3199.8 90.87
3201.8 90.87
3203.8 90.87
3205.8 112.38
3207.8 31.22
3209.8 0.31
3211.79 115.53
3213.79 134.69
3215.8 126.63
3217.79 101.94
3220.04 126.49
3222.04 145.13
3224.04 0.29
3226.04 89.71
3227.86 1.1
3230.04 149.26
3232.04 134.65
3234.04 0.32
3236.04 129.16
3238.04 0.38
3240.04 95.12
3242.05 150.36
3244.04 108.01
3246.04 180.45
3248.05 0.28
3250.04 123.98
3251.87 0.71
3254.04 188.5
3256.04 149.24
3258.04 0.31
3260.04 139.45
3262.04 0.42
3264.04 92.74
3266.04 54.82
3268.04 0.31
3270.04 103.21
3272.04 95.84
3274.04 99.92
3276.04 113.61
3278.05 83.98
3280.04 74.16
3282.05 74.16
3284.04 74.16
3286.05 74.16
3288.05 74.16
3290.05 104.51
3292.05 121.03
3294.04 138.01
3296.05 0.29
3298.04 193.4
3300.04 0.29
3302.04 191.15
3304.04 156.36
3306.04 0.32
3308.04 221.41
3310.04 7.11
3312.04 225.69
3314.04 267.41
3316.04 204.38
3318.04 273.4
3320.05 0.3
3322.04 268.62
3324.05 0.36
3326.04 349.88
3328.05 310.52
3330.05 0.33
3332.05 313.25
3334.04 0.31
3336.04 353.1
3338.04 393.89
3340.04 348.15
3342.04 369.79
3344.04 0.4
3346.04 344.98
3348.04 0.28
3350.04 279.46
3352.04 354.13
3354.04 0.32
3356.04 255.95
3358.04 8.78
3360.04 345.28
3362.04 313.33
3364.04 275.38
3366.05 397.01
3368.05 0.33
3370.05 387.33
3372.04 0.31
3374.04 321.97
3376.05 425.24
3378.05 0.31
3380.05 192.11
3382.04 0.37
3384.04 218.43
3386.04 203.31
3388.04 247.85
3390.04 245.99
3392.04 0.37
3394.04 216.69
3396.04 0.27
3398.04 242.16
3400.05 168.7
3402.04 0.89
3404.05 293.62
3406.05 0.37
3408.05 293.3
3410.05 197.48
3412.05 225.8
3414.05 286.64
3416.05 0.31
3418.05 259.48
3420.04 0.38
3422.04 307.28
3424.04 307.22
3426.04 8.57
3428.04 304.12
3430.04 0.3
3432.04 320.86
3434.04 283.8
3436.04 352.7
3438.04 327.86
3440.04 0.29
3442.04 361.52
3444.05 243.0
3446.05 311.7
3448.05 358.26
3450.04 0.27
3452.05 326.54
3454.05 0.31
3456.05 311.66
3458.04 408.51
3460.05 293.82
3462.04 276.91
3464.04 0.3
3466.29 321.98
3468.29 0.41
3470.29 236.95
3472.3 315.87
3474.3 0.35
3476.05 371.46
3478.3 0.38
3480.3 272.27
3482.12 10.25
3484.3 390.06
3486.3 404.31
3488.3 0.39
3490.3 401.0
3492.3 0.37
3494.29 376.16
3496.29 376.23
3498.29 0.39
3500.3 299.74
3502.29 0.37
3504.29 398.15
3506.1 0.37
3508.29 407.19
3510.29 406.44
3512.29 0.35
3514.29 296.99
3516.29 0.31
3518.29 270.06
3520.29 389.45
3522.31 5.08
3524.3 334.95
3526.3 0.31
3528.3 403.62
3530.12 0.3
3532.3 399.71
3534.3 390.87
3536.3 0.29
3538.29 76.91
3540.3 0.29
3542.29 83.96
3544.3 99.21
3546.3 77.12
3548.29 78.9
3550.29 121.15
3552.29 113.28
3554.29 0.38
3556.29 165.17
3558.29 161.92
3560.29 0.31
3562.3 191.89
3564.3 0.31
3566.3 200.58
3568.3 181.76
3570.3 0.32
3572.3 189.52
3574.3 202.03
3576.3 211.4
3578.3 0.31
3580.3 250.73
3582.3 262.03
3584.29 0.36
3586.29 228.15
3588.29 0.34
3590.29 349.13
3592.29 346.8
3594.29 0.36
3596.29 319.65
3598.29 0.3
3600.3 340.03
3602.29 0.28
3604.3 351.5
3606.3 319.92
3608.3 0.29
3610.3 305.68
3612.3 0.3
3614.3 225.49
3616.3 363.41
3618.3 0.3
3620.3 318.55
3622.3 0.29
3624.29 405.08
3626.29 0.28
3628.3 322.31
3630.29 387.28
3632.29 0.32
3634.29 378.23
3636.29 0.3
3638.29 419.72
3640.29 398.75
3642.29 0.39
3644.3 412.27
3646.3 0.32
3648.3 448.18
3650.3 0.27
3652.3 358.01
3654.3 299.51
3656.3 0.3
3658.3 346.23
3660.3 0.32
3662.3 376.1
3664.3 350.73
3666.3 0.3
3668.29 362.89
3670.29 0.37
3672.29 298.66
3674.29 0.28
3676.29 331.88
3678.29 358.58
3680.29 0.33
3682.29 345.13
3684.29 0.35
3686.3 374.15
3688.3 419.0
3690.29 0.36
3692.3 382.76
3694.3 0.31
3696.3 390.68
3698.3 0.34
3700.3 364.7
3702.3 391.44
3704.3 0.32
3706.3 221.52
3708.29 0.27
3710.3 403.03
3712.29 328.91
3714.29 0.3
3716.54 399.35
3718.54 0.37
3720.54 183.12
3722.54 0.27
3724.3 396.07
3726.3 354.37
3728.55 0.29
3730.55 398.19
3732.55 0.29
3734.55 358.77
3736.55 315.19
3738.55 417.13
3740.55 373.85
3742.55 0.29
3744.55 375.11
3746.54 0.35
3748.54 334.9
3750.54 382.43
3752.54 0.31
3754.54 408.32
3756.54 0.31
3758.54 376.22
3760.54 385.5
3762.54 382.04
3764.54 323.39
3766.55 0.32
3768.54 358.47
3770.55 0.4
3772.55 306.79
3774.55 306.79
3776.55 0.39
3778.54 231.62
3780.55 0.28
3782.55 201.04
3784.54 161.43
3786.55 257.39
3788.55 221.37
3790.54 0.3
3792.54 285.76
3794.55 0.38
3796.55 280.82
3798.54 330.47
3800.54 0.3
3802.54 299.84
3804.54 256.42
3806.56 340.37
3808.55 260.61
3810.55 319.89
3812.54 306.04
3814.55 0.32
3816.55 312.17
3818.55 319.19
3820.55 337.09
3822.55 334.15
3824.55 0.3
3826.55 357.44
3828.54 0.28
3830.54 20.91
3832.54 79.78
3834.54 226.57
3836.54 304.7
3838.54 0.31
3840.54 367.67
3842.54 0.26
3844.56 343.05
3846.54 274.92
3848.54 0.33
3850.54 372.15
3852.56 0.4
3854.55 126.15
3856.55 166.89
3858.55 171.81
3860.55 177.87
3862.55 0.31
3864.55 166.99
3866.54 0.29
3868.54 171.88
3870.55 168.79
3872.54 13.73
3874.54 134.27
3876.54 0.29
3878.54 0.28
3880.54 13.26
3882.54 144.25
3884.56 144.25
3886.54 144.25
3888.54 144.25
3890.55 0.3
3892.55 29.44
3894.55 27.24
3896.55 27.24
3898.55 35.46
3900.55 40.04
3902.55 43.95
3904.55 43.6
3906.55 50.78
3908.54 50.78
3910.54 32.95
3912.54 43.39
3914.54 47.67
3916.54 40.17
3918.54 40.17
3920.54 45.55
3922.54 56.9
3924.56 56.9
3926.54 45.38
3928.55 51.97
3930.55 51.97
3932.55 51.97
3934.55 49.15
3936.56 43.92
3938.55 43.92
3940.55 43.92
3942.55 54.26
3944.55 49.31
3946.54 44.96
3948.55 46.35
3950.54 63.07
3952.55 45.18
3954.54 70.15
3956.54 64.41
3958.54 79.83
3960.54 109.27
3962.56 87.77
3964.79 96.64
3966.56 103.1
3968.56 80.25
3970.55 84.1
3972.56 110.01
3974.8 121.62
3976.59 124.58
3978.8 101.26
3980.8 132.47
3982.8 0.26
3984.84 23.1
3986.8 0.34
3988.8 36.95
3990.86 50.45
3992.8 57.99
3994.8 71.6
3996.8 111.66
3998.79 113.97
4000.58 66.76
4002.79 147.62
4004.79 116.12
4006.81 0.38
4008.79 160.04
4010.81 0.32
4012.79 158.77
4014.8 167.8
4016.8 206.34
4018.8 188.45
4020.8 0.34
4022.8 162.09
4024.62 0.33
4026.8 259.03
4028.8 255.6
4030.8 0.3
4032.8 302.13
4034.8 0.33
4036.79 362.86
4038.8 302.26
4040.79 357.33
4042.79 306.61
4044.79 0.39
4046.79 385.79
4048.63 0.36
4050.8 380.5
4052.79 313.21
4054.8 0.28
4056.8 319.98
4058.8 0.31
4060.8 349.62
4062.8 398.7
4064.8 368.43
4066.8 400.88
4068.8 0.37
4070.8 392.61
4072.8 0.31
4074.79 395.16
4076.8 349.88
4078.79 0.28
4080.79 371.54
4082.79 0.31
4084.79 406.4
4086.79 403.2
4088.8 332.37
4090.8 396.24
4092.79 0.32
4094.8 314.4
4096.8 0.3
4098.8 367.83
4100.8 362.06
4102.8 0.34
4104.8 234.57
4106.8 0.29
4108.8 410.54
4110.8 356.82
4112.8 410.48
4114.8 439.42
4116.79 0.3
4118.8 436.63
4120.8 0.33
4122.79 370.34
4124.79 414.94
4126.79 0.32
4128.8 459.66
4130.8 0.33
4132.8 444.3
4134.81 425.38
4136.8 453.92
4138.8 462.24
4140.8 0.3
4142.8 415.53
4144.8 0.28
4146.8 152.97
4148.8 181.91
4150.8 0.39
4152.8 204.95
4154.8 0.31
4156.8 203.19
4158.8 206.01
4160.8 201.57
4162.79 249.83
4164.79 0.39
4166.81 272.97
4168.81 1.51
4170.81 331.05
4172.79 312.31
4174.81 0.39
4176.8 202.72
4178.8 0.41
4180.8 186.88
4182.8 334.57
4184.8 340.82
4186.8 291.54
4188.8 0.32
4190.8 351.84
4192.79 0.29
4194.8 396.05
4196.79 324.88
4198.8 376.69
4200.8 320.84
4202.79 0.29
4204.79 282.33
4206.8 305.61
4208.8 245.15
4210.8 278.2
4212.8 0.33
4214.8 284.96
4216.8 0.31
4218.8 333.66
4220.8 292.77
4222.8 346.57
4225.05 325.32
4227.05 0.3
4229.05 352.33
4231.05 328.74
4233.04 347.32
4235.05 288.83
4237.04 0.35
4239.04 179.01
4241.04 0.27
4243.04 194.71
4245.04 164.14
4247.04 0.31
4249.04 227.88
4251.06 0.31
4253.04 224.1
4255.06 251.24
4257.06 253.43
4259.05 260.48
4261.05 1.58
4263.04 244.46
4265.04 0.3
4267.05 11.19
4269.05 7.51
4271.05 0.35
4273.05 22.47
4275.05 95.18
4277.04 95.18
4279.04 95.18
4281.04 142.54
4283.04 120.22
4285.04 120.22
4287.06 139.18
4289.04 0.28
4291.06 28.24
4293.06 36.6
4295.06 0.31
4297.04 44.03
4299.05 57.24
4301.05 53.09
4303.05 62.99
4305.05 73.21
4307.05 78.65
4309.05 78.65
4311.05 78.65
4313.05 78.65
4315.05 89.0
4317.05 72.73
4319.04 90.69
4321.05 67.19
4323.05 84.26
4325.04 84.26
4327.04 100.56
4329.04 100.56
4331.06 100.56
4333.05 100.56
4335.06 100.56
4337.06 100.56
4339.05 100.56
4341.06 100.56
4343.06 100.56
4345.04 100.56
4347.05 100.56
4349.05 100.56
4351.05 100.56
4353.05 98.09
4355.05 98.09
4357.05 98.09
4359.05 98.09
4361.05 98.09
4363.04 98.09
4365.05 98.09
4367.05 98.09
4369.04 98.09
4371.06 93.7
4373.06 86.82
4375.06 88.06
4377.05 79.92
4379.04 106.35
4381.06 0.28
4383.05 61.74
4385.05 19.74
4387.06 72.54
4389.05 111.69
4391.05 102.03
4393.05 94.69
4395.05 0.31
4397.05 135.35
4399.05 140.21
4401.05 130.87
4403.04 123.93
4405.04 143.58
4407.04 134.02
4409.04 0.29
4411.04 174.3
4413.06 125.15
4415.06 141.51
4417.06 152.58
4419.06 0.32
4421.06 125.06
4423.05 204.68
4425.05 267.34
4427.05 184.32
4429.05 0.39
4431.05 284.07
4433.05 0.29
4435.05 299.19
4437.05 216.81
4439.05 0.29
4441.05 204.94
4443.05 0.34
4445.29 11.8
4447.04 20.2
4449.04 40.81
4451.04 50.34
4453.06 52.63
4455.06 53.81
4457.05 62.58
4459.06 74.61
4461.06 83.91
4463.06 112.73
4465.06 111.0
4467.05 1.21
4469.05 134.23
4471.1 184.88
4473.3 180.96
4475.3 218.28
4477.3 0.32
4479.3 157.08
4481.3 0.38
4483.3 183.74
4485.3 214.94
4487.3 231.57
4489.3 238.15
4491.31 0.3
4493.31 133.35
4495.13 0.35
4497.3 155.11
4499.3 123.01
4501.3 0.3
4503.31 147.71
4505.3 0.37
4507.3 134.53
4509.3 111.77
4511.3 110.71
4513.31 120.72
4515.3 0.29
4517.3 120.45
4519.12 0.36
4521.3 155.55
4523.3 183.58
4525.3 0.32
4527.3 180.95
4529.3 0.37
4531.31 175.9
4533.3 244.14
4535.31 203.77
4537.31 204.74
4539.3 0.31
4541.31 214.38
4543.13 0.31
4545.31 202.5
4547.3 111.24
4549.3 0.27
4551.3 130.44
4553.3 0.31
4555.3 165.59
4557.3 188.93
4559.3 169.82
4561.3 168.5
4563.3 0.3
4565.3 106.14
4567.3 0.29
4569.3 199.8
4571.29 148.76
4573.3 0.36
4575.31 137.74
4577.3 0.28
4579.31 136.39
4581.31 184.44
4583.3 223.08
4585.31 212.57
4587.3 0.33
4589.3 262.33
4591.3 0.29
4593.3 302.2
4595.3 249.27
4597.3 0.31
4599.3 334.49
4601.3 0.3
4603.3 361.85
4605.3 337.37
4607.3 232.65
4609.3 358.45
4611.29 0.32
4613.31 294.3
4615.3 0.31
4617.3 275.46
4619.3 326.71
4621.31 0.33
4623.3 98.7
4625.3 0.41
4627.3 150.75
4629.3 116.02
4631.3 129.22
4633.3 149.99
4635.3 0.38
4637.3 164.44
4639.3 0.28
4641.3 189.25
4643.3 186.03
4645.3 0.37
4647.3 144.19
4649.29 0.37
4651.3 188.05
4653.3 91.92
4655.31 181.14
4657.31 187.05
4659.31 0.31
4661.31 173.21
4663.31 0.38
4665.3 129.0
4667.3 146.55
4669.3 0.3
4671.3 159.23
4673.3 134.98
4675.31 129.34
4677.3 209.01
4679.3 188.15
4681.3 187.49
4683.3 0.3
4685.3 195.53
4687.3 0.3
4689.3 247.64
4691.3 284.81
4693.31 0.29
4695.31 290.94
4697.3 0.33
4699.3 271.97
4701.31 309.98
4703.31 319.96
4705.3 316.03
4707.31 0.35
4709.3 283.64
4711.3 0.3
4713.3 319.49
4715.3 318.72
4717.3 0.31
4719.55 305.31
4721.55 0.38
4723.55 372.98
4725.37 0.31
4727.55 343.59
4729.54 341.18
4731.55 0.28
4733.54 284.73
4735.56 0.39
4737.56 266.55
4739.56 365.35
4741.56 0.28
4743.56 365.84
4745.56 0.33
4747.55 348.57
4749.38 0.3
4751.56 297.83
4753.56 223.73
4755.56 0.3
4757.55 291.71
4759.55 0.32
4761.55 294.3
4763.55 280.94
4765.55 6.11
4767.55 292.58
4769.55 0.32
4771.55 290.4
4773.56 284.0
4775.56 290.55
4777.56 316.75
4779.56 0.3
4781.55 311.11
4783.55 0.28
4785.56 318.93
4787.56 215.14
4789.55 0.37
4791.56 308.56
4793.56 0.34
4795.55 255.8
4797.55 0.28
4799.55 273.52
4801.55 251.99
4803.55 0.33
4805.55 289.8
4807.55 0.34
4809.55 315.75
4811.55 270.56
4813.56 0.39
4815.56 281.14
4817.56 0.33
4819.56 381.41
4821.54 0.3
4823.56 343.13
4825.56 389.27
4827.56 2.06
4829.56 254.82
4831.56 0.32
4833.56 375.22
4835.55 388.48
4837.55 0.39
4839.55 359.29
4841.55 0.31
4843.55 442.53
4845.56 0.38
4847.55 417.4
4849.55 345.89
4851.56 399.21
4853.54 337.14
4855.55 0.29
4857.56 302.22
4859.55 111.67
4861.55 0.29
4863.56 36.69
4865.56 0.38
4867.56 99.28
4869.56 111.09
4871.55 100.96
4873.55 112.02
4875.56 0.31
4877.55 100.07
4879.55 100.07
4881.55 85.15
4883.55 85.15
4885.55 115.48
4887.55 105.44
4889.55 93.51
4891.55 93.51
4893.54 116.68
4895.55 129.19
4897.55 120.21
4899.56 61.07
4901.55 124.47
4903.56 2.27
4905.56 133.6
4907.56 130.72
4909.56 130.72
4911.56 0.29
4913.56 2.58
4915.55 14.92
4917.55 16.42
4919.55 14.94
4921.55 19.58
4923.55 26.79
4925.55 27.79
4927.55 31.86
4929.55 38.89
4931.56 49.69
4933.56 53.2
4935.55 58.47
4937.56 44.3
4939.56 42.96
4941.56 61.48
4943.56 53.06
4945.56 46.65
4947.55 47.36
4949.56 52.16
4951.56 50.74
4953.56 58.94
4955.55 58.94
4957.55 58.94
4959.56 58.94
4961.8 58.94
4963.8 58.77
4965.8 65.22
4967.8 51.09
4969.8 46.87
4971.8 67.83
4973.8 55.46
4975.81 78.01
4977.81 81.48
4979.81 108.53
4981.8 92.22
4983.81 92.22
4985.82 92.22
4987.81 92.22
4989.81 88.52
4991.82 75.55
4993.81 101.11
4995.81 110.08
4997.8 132.67
4999.8 97.87
5001.8 100.66
5003.8 77.39
5005.8 0.3
5007.8 108.57
5009.8 100.85
5011.8 120.37
5013.8 0.3
5015.8 128.66
5017.81 141.57
5019.81 0.28
5021.8 180.98
5023.81 0.28
5025.81 181.37
5027.8 149.06
5029.81 169.67
5031.8 144.39
5033.81 0.36
5035.8 141.88
5037.8 2.0
5039.8 150.8
5041.8 169.73
5043.8 0.32
5045.8 187.46
5047.8 0.4
5049.8 176.42
5051.81 219.3
5053.8 257.82
5055.8 171.05
5057.8 0.31
5059.8 245.57
5061.81 0.96
5063.81 232.59
5065.81 246.57
5067.81 0.29
5069.81 222.44
5071.8 0.35
5073.8 337.52
5075.81 5.62
5077.8 331.74
5079.8 324.54
5081.8 0.29
5083.8 335.99
5085.8 0.29
5087.81 258.83
5089.8 396.15
5091.8 0.26
5093.8 405.63
5095.8 0.28
5097.8 356.48
5099.81 387.38
5101.81 377.3
5103.8 410.76
5105.81 0.37
5107.81 334.71
5109.8 0.31
5111.81 342.92
5113.81 392.37
5115.81 0.32
5117.81 317.47
5119.8 0.29
5121.8 340.1
5123.8 387.98
5125.8 410.63
5127.8 404.88
5129.8 0.3
5131.8 421.17
5133.8 0.3
5135.8 396.64
5137.8 333.86
5139.81 0.31
5141.81 386.13
5143.81 0.36
5145.8 388.34
5147.81 431.65
5149.81 392.45
5151.81 350.54
5153.81 0.33
5155.81 326.68
5157.81 0.31
5159.8 364.77
5161.8 371.85
5163.8 0.31
5165.8 364.66
5167.8 0.37
5169.8 331.37
5171.8 337.57
5173.8 334.03
5175.8 267.37
5177.82 0.32
5179.81 372.68
5181.81 0.32
5183.81 336.31
5185.8 372.0
5187.8 0.31
5189.81 154.9
5191.81 0.31
5193.81 318.72
5195.81 297.27
5197.8 362.49
5200.06 380.77
5202.05 0.35
5204.05 372.99
5206.05 0.3
5208.05 389.09
5210.05 224.64
5212.05 394.72
5214.05 342.82
5216.05 0.29
5218.06 431.77
5219.89 0.29
5222.05 215.55
5224.07 341.5
5226.06 0.31
5228.06 433.98
5230.06 0.31
5232.06 440.69
5234.06 321.09
5236.06 414.38
5238.06 325.15
5240.05 0.3
5242.06 451.01
5243.88 0.38
5246.05 452.03
5248.05 342.82
5250.06 3.3
5252.05 443.09
5254.05 0.3
5256.05 287.5
5258.07 371.73
5260.07 0.36
5262.07 427.83
5264.06 0.3
5266.06 419.13
5267.87 0.39
5270.06 419.36
5272.06 414.99
5274.06 0.3
5276.06 434.97
5278.06 0.33
5280.06 386.09
5282.06 421.13
5284.06 397.08
5286.05 407.81
5288.06 0.31
5290.06 251.84
5292.05 0.33
5294.05 132.78
5296.05 249.86
5298.05 0.32
5300.05 283.97
5302.05 0.39
5304.06 328.29
5306.06 302.92
5308.06 289.61
5310.06 330.31
5312.06 0.38
5314.06 345.31
5316.06 0.3
5318.06 304.28
5320.06 334.49
5322.06 0.31
5324.06 281.83
5326.06 0.31
5328.05 358.36
5330.05 329.82
5332.05 344.06
5334.05 353.22
5336.05 0.3
5338.05 374.86
5340.06 0.35
5342.06 291.84
5344.05 95.75
5346.06 0.33
5348.06 205.34
5350.06 0.29
5352.06 19.98
5354.06 61.08
5356.06 41.22
5358.06 13.74
5360.06 23.34
5362.06 23.34
5364.05 45.55
5366.06 46.75
5368.05 48.23
5370.05 54.02
5372.05 40.32
5374.05 53.9
5376.05 46.96
5378.06 45.5
5380.06 43.25
5382.06 59.66
5384.06 70.99
5386.06 70.18
5388.06 67.39
5390.05 62.85
5392.06 77.98
5394.06 73.58
5396.06 61.66
5398.06 67.79
5400.06 95.44
5402.06 100.75
5404.06 80.86
5406.06 69.48
5408.06 100.95
5410.05 100.95
5412.05 100.95
5414.05 71.29
5416.05 89.74
5418.06 69.46
5420.05 68.43
5422.06 82.71
5424.06 118.34
5426.07 117.44
5428.07 117.77
5430.06 122.47
5432.06 110.24
5434.06 120.99
5436.05 129.86
5438.06 126.12
5440.06 126.12
5442.06 126.12
5444.06 131.51
5446.06 120.01
5448.3 114.92
5450.3 114.54
5452.31 100.65
5454.3 115.26
5456.3 0.41
5458.3 80.55
5460.3 102.38
5462.32 144.96
5464.31 75.84
5466.31 0.26
5468.31 150.8
5470.31 0.39
5472.31 164.43
5474.31 154.44
5476.31 180.6
5478.31 168.05
5480.31 0.3
5482.31 188.88
5484.31 0.31
5486.3 156.37
5488.31 198.06
5490.3 8.17
5492.3 177.42
5494.3 0.33
5496.3 215.1
5498.3 259.72
5500.3 267.34
5502.3 198.63
5504.32 0.31
5506.31 173.28
5508.31 0.31
5510.32 243.68
5512.31 231.59
5514.31 7.71
5516.31 284.48
5518.31 0.31
5520.31 292.89
5522.31 267.78
5524.31 246.04
5526.31 293.61
5528.31 0.28
5530.3 325.88
5532.3 0.38
5534.32 200.85
5536.3 309.96
5538.3 0.54
5540.3 334.91
5542.3 0.31
5544.32 273.21
5546.32 318.29
5548.31 336.06
5550.31 290.66
5552.31 0.31
5554.31 313.68
5556.31 0.42
5558.31 296.07
5560.31 385.76
5562.31 0.28
5564.31 386.48
5566.31 0.3
5568.3 398.32
5570.3 357.79
5572.3 377.93
5574.3 402.25
5576.3 0.3
5578.3 412.57
5580.3 0.32
5582.32 429.24
5584.32 345.06
5586.31 0.87
5588.31 306.09
5590.3 0.35
5592.31 312.32
5594.31 320.12
5596.31 274.41
5598.3 334.73
5600.31 0.33
5602.31 338.3
5604.31 0.38
5606.31 358.82
5608.31 365.45
5610.31 0.28
5612.3 406.04
5614.3 0.29
5616.3 389.9
5618.3 394.26
5620.3 400.6
5622.3 400.58
5624.32 0.31
5626.32 321.01
5628.32 0.31
5630.31 396.39
5632.3 411.87
5634.31 0.38
5636.3 424.41
5638.3 0.31
5640.31 304.78
5642.31 239.12
5644.31 403.04
5646.31 384.69
5648.31 0.31
5650.3 196.6
5652.31 0.34
5654.31 301.46
5656.3 300.42
5658.3 0.31
5660.3 366.11
5662.3 0.36
5664.32 345.22
5666.3 334.59
5668.32 363.3
5670.32 0.35
5672.31 0.31
5674.31 214.78
5676.31 0.29
5678.31 200.6
5680.31 173.04
5682.31 0.29
5684.31 226.5
5686.31 0.35
5688.31 237.89
5690.31 214.24
5692.3 214.24
5694.31 69.05
5696.3 0.29
5698.3 0.28
5700.3 63.1
5702.3 59.46
5704.56 52.47
5706.57 70.31
5708.32 75.62
5710.32 65.0
5712.31 71.74
5714.31 74.51
5716.56 95.6
5718.56 74.85
5720.56 69.58
5722.56 91.13
5724.56 90.49
5726.56 58.95
5728.56 58.95
5730.56 58.95
5732.56 88.48
5734.56 88.48
5736.55 88.48
5738.35 88.48
5740.55 68.57
5742.55 106.2
5744.56 106.2
5746.57 106.2
5748.56 106.2
5750.55 106.2
5752.56 106.2
5754.56 106.2
5756.56 106.2
5758.55 106.2
5760.56 106.2
5762.56 108.0
5764.56 81.57
5766.56 107.32
5768.56 107.32
5770.56 107.32
5772.56 107.32
5774.56 107.32
5776.56 85.69
5778.55 92.16
5780.55 113.84
5782.55 103.65
5784.57 112.15
5786.57 0.29
5788.57 130.83
5790.57 123.59
5792.57 0.32
5794.56 89.25
5796.56 0.31
5798.56 119.71
5800.56 146.44
5802.56 207.75
5804.56 165.08
5806.56 0.31
5808.56 161.11
5810.56 0.28
5812.56 150.49
5814.56 205.57
5816.56 0.3
5818.55 158.25
5820.55 0.4
5822.55 181.13
5824.55 223.84
5826.57 14.0
5828.57 188.05
5830.56 0.38
5832.56 176.01
5834.56 0.41
5836.56 194.08
5838.56 170.44
5840.56 0.29
5842.56 184.36
5844.56 0.32
5846.56 198.52
5848.56 158.93
5850.56 264.17
5852.56 227.91
5854.55 0.31
5856.56 283.92
5858.55 0.3
5860.55 288.61
5862.55 290.29
5864.55 6.79
5866.57 282.86
5868.58 0.29
5870.57 322.88
5872.57 334.3
5874.56 268.37
5876.56 231.86
5878.56 0.32
5880.56 326.35
5882.56 0.29
5884.56 219.6
5886.56 156.36
5888.56 0.33
5890.56 199.9
5892.56 0.3
5894.56 147.1
5896.56 135.33
5898.55 143.1
5900.56 63.99
5902.56 0.3
5904.55 125.88
5906.55 0.28
5908.57 90.54
5910.56 90.54
5912.56 90.54
5914.56 71.99
5916.57 92.66
5918.56 59.45
5920.56 81.35
5922.56 92.89
5924.56 71.85
5926.57 110.0
5928.56 88.57
5930.56 121.24
5932.56 151.34
5934.56 173.85
5936.56 0.3
5938.55 169.0
5940.56 0.29
5942.55 174.97
5944.55 171.59
5946.55 184.15
5948.57 197.22
5950.56 0.31
5952.56 178.55
5954.56 0.29
5956.56 201.57
5958.56 214.03
5960.81 0.34
5962.56 205.31
5964.81 0.28
5966.81 272.13
5968.63 0.29
5970.81 272.55
5972.81 252.77
5974.81 0.34
5976.8 269.9
5978.8 0.29
5980.81 227.39
5982.8 251.91
5984.8 0.36
5986.81 306.25
5988.82 0.31
5990.82 311.01
5992.65 0.24
5994.82 286.54
5996.82 328.99
5998.81 0.31
6000.81 258.55
6002.81 0.39
6004.81 329.59
6006.81 202.48
6008.81 330.34
6010.81 309.56
6012.81 0.36
6014.81 343.53
6016.81 268.75
6018.8 377.42
6020.81 287.66
6022.8 0.31
6024.82 234.27
6026.8 0.39
6028.82 327.85
6030.82 276.39
6032.82 274.47
6034.82 322.59
6036.82 0.4
6038.82 268.92
6040.81 0.31
6042.81 353.81
6044.81 390.5
6046.81 0.32
6048.81 356.99
6050.81 0.29
6052.81 360.6
6054.81 358.79
6056.81 296.25
6058.81 384.07
6060.8 0.3
6062.81 373.23
6064.8 0.32
6066.8 406.44
6068.82 425.78
6070.82 0.36
6072.82 350.94
6074.82 0.3
6076.82 324.25
6078.82 337.12
6080.82 285.73
6082.81 253.8
6084.82 0.29
6086.81 355.54
6088.81 0.27
6090.81 330.19
6092.81 353.95
6094.81 0.37
6096.81 312.93
6098.82 343.03
6100.81 303.88
6102.81 383.94
6104.8 408.7
6106.8 382.07
6108.83 0.29
6110.82 352.17
6112.82 0.29
6114.82 351.01
6116.82 293.41
6118.82 0.26
6120.82 292.02
6122.81 0.3
6124.81 312.07
6126.81 273.0
6128.81 338.33
6130.81 359.72
6132.81 0.33
6134.81 347.81
6136.81 0.26
6138.81 298.31
6140.81 334.7
6142.81 0.29
6144.81 341.52
6146.81 0.31
6148.82 341.52
6150.81 393.99
6152.81 0.33
6154.82 321.71
6156.82 0.32
6158.82 320.03
6160.82 0.33
6162.81 384.86
6164.81 386.59
6166.81 6.02
6168.81 286.83
6170.81 0.38
6172.81 301.12
6174.81 248.26
6176.81 200.74
6178.81 347.44
6180.81 0.3
6182.81 351.48
6184.8 0.41
6186.81 356.86
6188.81 370.31
6190.81 366.93
6192.82 222.9
6194.81 0.36
6196.82 221.78
6198.82 198.47
6200.82 124.59
6202.81 218.9
6204.82 0.37
6206.81 179.59
6208.81 0.26
6210.81 195.87
6213.06 207.88
6215.06 0.32
6217.06 163.57
6219.06 0.39
6221.06 190.43
6223.06 154.16
6225.06 164.95
6227.06 186.39
6229.05 0.31
6231.07 152.14
6233.07 0.31
6235.07 172.31
6237.07 151.04
6239.06 4.15
6241.06 139.03
6243.06 0.27
6245.06 183.48
6247.06 178.68
6249.06 128.42
6251.06 169.27
6253.06 0.4
6255.06 145.76
6257.06 0.31
6259.06 155.18
6261.06 148.03
6263.06 0.35
6265.06 175.29
6267.06 0.32
6269.07 185.92
6271.07 192.29
6273.07 202.0
6275.06 251.83
6277.07 0.31
6279.07 225.31
6281.06 0.31
6283.07 189.3
6285.06 305.53
6287.06 0.31
6289.06 178.45
6291.06 0.29
6293.06 160.95
6295.06 130.73
6297.06 161.01
6299.06 132.3
6301.06 0.29
6303.06 112.63
6305.06 0.32
6307.06 148.71
6309.06 151.35
6311.06 0.3
6313.07 136.35
6315.07 0.29
6317.06 163.67
6319.06 148.96
6321.07 182.11
6323.07 244.73
6325.06 0.31
6327.06 2.84
6329.06 0.29
6331.06 210.64
6333.06 138.53
6335.06 0.29
6337.06 246.49
6339.06 276.62
6341.06 290.51
6343.06 180.94
6345.06 273.55
6347.06 326.66
6349.06 0.29
6351.07 328.23
6353.07 5.82
6355.07 313.88
6357.06 271.99
6359.06 0.31
6361.07 348.99
6363.07 0.31
6365.06 229.28
6367.06 348.91
6369.06 315.8
6371.06 345.51
6373.06 0.32
6375.06 344.98
6377.06 0.24
6379.06 181.53
6381.06 191.86
6383.06 0.34
6385.06 93.88
6387.06 0.4
6389.06 107.66
6391.07 168.28
6393.07 122.1
6395.07 144.51
6397.07 0.3
6399.07 55.01
6401.07 0.38
6403.07 57.68
6405.06 142.09
6407.06 0.3
6409.06 123.27
6411.07 134.4
6413.06 135.7
6415.06 75.74
6417.06 122.0
6419.06 106.95
6421.06 138.41
6423.06 129.83
6425.06 0.73
6427.06 147.35
6429.06 133.13
6431.06 0.31
6433.07 157.54
6435.07 0.31
6437.07 155.24
6439.07 6.17
6441.07 143.62
6443.07 61.72
6445.06 0.36
6447.06 37.19
6449.06 0.61
6451.06 97.73
6453.06 97.73
6455.06 97.73
6457.06 97.73
6459.31 1.68
6461.31 89.44
6463.11 97.74
6465.31 67.88
6467.31 87.3
6469.31 76.33
6471.3 66.02
6473.32 117.04
6475.32 116.71
6477.31 110.56
6479.32 88.98
6481.32 77.63
6483.32 82.43
6485.31 99.19
6487.13 0.39
6489.31 10.29
6491.31 8.36
6493.31 10.45
6495.31 11.67
6497.31 17.09
6499.31 24.66
6501.31 23.26
6503.31 25.91
6505.31 24.87
6507.31 29.74
6509.31 30.33
6511.12 27.09
6513.32 22.86
6515.31 34.42
6517.32 27.54
6519.31 38.08
6521.32 44.51
6523.32 49.18
6525.32 35.05
6527.31 39.78
6529.32 51.96
6531.32 50.25
6533.31 52.09
6535.31 40.4
6537.31 53.33
6539.31 75.23
6541.31 79.38
6543.31 61.68
6545.31 80.18
6547.31 100.45
6549.3 98.77
6551.31 76.46
6553.31 84.54
6555.32 83.58
6557.32 102.64
6559.32 117.35
6561.32 95.05
6563.32 109.14
6565.32 2.1
6567.32 101.39
6569.32 71.66
6571.31 71.66
6573.31 71.66
6575.31 112.9
6577.31 103.19
6579.31 107.48
6581.42 108.74
6583.31 18.65
6585.31 94.34
6587.31 105.26
6589.31 89.06
6591.31 86.25
6593.32 81.58
6595.31 105.31
6597.31 86.75
6599.31 105.16
6601.32 95.39
6603.31 73.87
6605.32 73.87
6607.32 73.87
6609.32 73.87
6611.32 73.87
6613.31 73.87
6615.31 73.87
6617.31 73.87
6619.31 79.74
6621.31 65.52
6623.31 65.52
6625.31 65.52
6627.31 65.52
6629.32 65.52
6631.31 65.52
6633.32 53.98
6635.32 54.44
6637.32 52.0
6639.31 44.52
6641.32 39.59
6643.32 54.84
6645.32 40.5
6647.31 38.6
6649.31 46.56
6651.32 43.64
6653.32 42.09
6655.31 41.9
6657.32 41.3
6659.31 51.65
6661.32 38.34
6663.31 36.32
6665.31 55.46
6667.31 66.99
6669.31 65.84
6671.31 62.94
6673.33 70.01
6675.32 55.07
6677.31 82.93
6679.32 82.93
6681.32 71.38
6683.32 81.31
6685.32 98.0
6687.32 90.83
6689.32 120.79
6691.32 98.18
6693.31 102.95
6695.32 106.14
6697.32 158.65
6699.31 0.28
6701.31 162.68
6703.31 0.39
6705.31 179.92
6707.56 133.64
6709.56 0.35
6711.56 149.45
6713.56 0.36
6715.32 151.78
6717.38 0.39
6719.56 157.72
6721.57 56.48
6723.58 48.49
6725.57 85.05
6727.56 0.33
6729.57 53.11
6731.56 82.31
6733.57 82.31
6735.56 62.13
6737.56 62.13
6739.56 62.13
6741.36 75.67
6743.56 80.1
6745.57 93.04
6747.56 94.5
6749.56 70.09
6751.56 90.98
6753.56 99.03
6755.57 49.47
6757.56 74.73
6759.57 83.59
6761.57 73.08
6763.57 89.48
6765.57 81.46
6767.58 84.23
6769.57 84.23
6771.57 74.16
6773.57 68.24
6775.56 72.56
6777.56 123.74
6779.57 96.17
6781.56 112.71
6783.56 102.13
6785.56 110.62
6787.56 122.79
6789.56 0.24
6791.56 113.31
6793.6 92.48
6795.56 112.45
6797.58 101.22
6799.57 109.84
6801.57 120.36
6803.58 87.31
6805.57 81.55
6807.57 115.69
6809.57 81.91
6811.57 111.3
6813.57 8.26
6815.57 107.4
6817.56 80.45
6819.56 108.05
6821.56 108.24
6823.56 90.06
6825.56 109.86
6827.56 78.06
6829.56 108.8
6831.56 125.6
6833.56 0.42
6835.56 75.07
6837.57 115.0
6839.57 135.31
6841.58 104.12
6843.57 104.12
6845.57 121.7
6847.58 0.3
6849.57 109.13
6851.57 68.46
6853.57 1.1
6855.57 29.12
6857.57 29.12
6859.56 29.12
6861.56 33.38
6863.56 37.86
6865.56 37.86
6867.56 43.04
6869.56 45.53
6871.56 45.53
6873.56 45.53
6875.56 45.53
6877.58 45.53
6879.57 101.73
6881.58 82.55
6883.57 78.11
6885.57 92.49
6887.57 101.39
6889.56 106.38
6891.57 92.31
6893.57 92.52
6895.57 108.42
6897.57 109.28
6899.56 83.91
6901.56 83.91
6903.56 99.26
6905.56 111.27
6907.56 88.23
6909.56 94.75
6911.58 107.78
6913.56 87.86
6915.58 91.13
6917.56 108.61
6919.57 97.85
6921.58 104.95
6923.57 104.95
6925.57 99.41
6927.57 99.41
6929.57 99.41
6931.57 89.52
6933.57 89.52
6935.57 89.52
6937.57 89.52
6939.57 94.14
6941.57 72.68
6943.57 72.68
6945.56 80.73
6947.56 80.73
6949.56 80.73
6951.56 80.73
6953.56 67.19
6955.56 112.97
6957.56 88.89
6959.58 112.15
6961.57 122.71
6963.57 105.41
6965.82 115.8
6967.82 119.6
6969.81 106.28
6971.82 104.61
6973.82 96.35
6975.82 122.4
6977.81 92.5
6979.81 116.12
6981.81 0.76
6983.82 97.04
6985.81 97.63
6987.82 97.63
6989.81 90.81
6991.81 3.04
6993.81 78.89
6995.81 95.96
6997.81 85.22
6999.82 84.14
7001.82 84.14
7003.81 84.14
7005.82 84.14
7007.82 84.14
7009.82 84.14
7011.81 84.14
7013.82 84.14
7015.82 84.14
7017.82 84.14
7019.82 84.14
7021.81 55.96
7023.81 85.56
7025.81 83.95
7027.81 98.38
7029.81 98.38
7031.81 98.38
7033.81 98.38
7035.81 67.6
7037.81 67.6
7039.82 67.6
7041.82 87.0
7043.82 80.19
7045.82 80.19
7047.82 80.19
7049.82 66.58
7051.81 93.93
7053.82 97.06
7055.82 86.74
7057.82 86.74
7059.82 99.41
7061.82 101.62
7063.81 89.02
7065.82 81.23
7067.81 99.99
7069.81 110.88
7071.81 104.93
7073.81 91.6
7075.81 105.25
7077.83 102.51
7079.82 104.54
7081.81 74.03
7083.81 82.15
7085.82 105.52
7087.82 81.74
7089.82 77.28
7091.82 80.69
7093.82 94.69
7095.82 87.2
7097.82 71.49
7099.82 82.72
7101.82 85.01
7103.82 87.37
7105.82 93.17
7107.82 89.33
7109.81 106.72
7111.81 106.72
7113.82 78.04
7115.81 101.59
7117.81 81.56
7119.82 81.56
7121.82 81.56
7123.82 91.96
7125.82 91.96
7127.82 87.73
7129.82 48.65
7131.81 80.82
7133.82 86.17
7135.82 84.87
7137.82 64.38
7139.82 71.82
7141.82 63.1
7143.81 63.1
7145.82 63.1
7147.81 88.87
7149.81 86.04
7151.81 95.3
7153.81 95.3
7155.81 89.51
7157.81 70.54
7159.83 87.7
7161.83 103.1
7163.82 100.43
7165.82 15.18
7167.83 84.46
7169.82 62.54
7171.82 92.61
7173.82 75.09
7175.82 72.0
7177.82 102.01
7179.85 81.81
7181.86 36.84
7183.82 36.84
7185.82 104.91
7187.82 108.01
7189.82 112.29
7191.82 112.61
7193.81 2.43
7195.81 86.83
7197.81 109.74
7199.82 91.29
7201.82 103.01
7203.82 99.0
7205.82 96.4
7207.81 111.93
7209.82 131.13
7211.82 135.38
7214.06 130.89
7216.07 111.39
7218.07 136.44
7220.07 150.97
7222.07 0.58
7224.07 104.58
7226.06 89.4
7228.06 70.2
7230.07 78.94
7232.06 85.88
7234.06 101.14
7235.86 101.14
7238.06 89.21
7240.08 88.92
7242.07 90.08
7244.08 109.55
7246.08 66.54
7248.07 112.33
7250.07 110.19
7252.07 128.93
7254.07 130.18
7256.07 0.27
7258.07 126.7
7259.89 0.83
7262.07 117.43
7264.07 121.77
7266.06 134.6
7268.06 134.6
7270.07 0.29
7272.06 134.2
7274.06 135.43
7276.06 3.86
7278.07 88.87
7280.06 135.05
7282.06 86.11
7284.06 109.18
7286.07 100.4
7288.07 114.84
7290.07 134.63
7292.07 156.19
7294.07 0.28
7296.07 128.63
7298.07 158.32
7300.07 125.93
7302.07 152.16
7304.07 0.3
7306.07 126.95
7308.07 0.38
7310.06 124.29
7312.06 131.47
7314.06 0.31
7316.06 120.86
7318.06 0.31
7320.07 117.98
7322.08 143.0
7324.07 102.8
7326.06 151.32
7328.08 0.27
7330.07 115.48
7332.06 0.31
7334.07 25.58
7336.07 32.95
7338.07 6.5
7340.07 31.07
7342.07 28.24
7344.07 23.27
7346.07 23.36
7348.07 26.71
7350.07 38.24
7352.08 30.17
7354.06 32.04
7356.07 28.07
7358.06 20.65
7360.06 35.93
7362.08 33.54
7364.08 37.08
7366.07 29.69
7368.08 26.29
7370.07 26.29
7372.07 26.29
7374.07 26.29
7376.07 26.29
7378.07 42.38
7380.07 29.62
7382.07 29.62
7384.07 29.62
7386.07 29.62
7388.07 36.72
7390.07 23.19
7392.06 28.47
7394.06 30.26
7396.06 33.04
7398.06 16.96
7400.06 34.36
7402.08 32.3
7404.08 40.91
7406.08 37.13
7408.06 38.51
7410.08 41.22
7412.07 36.24
7414.06 48.09
7416.06 43.72
7418.07 56.0
7420.07 55.69
7422.07 38.14
7424.07 43.37
7426.07 64.85
7428.07 64.8
7430.06 58.61
7432.07 51.43
7434.06 55.69
7436.06 66.84
7438.06 82.51
7440.06 82.49
7442.06 58.35
7444.08 17.69
7446.08 40.88
7448.08 40.88
7450.08 40.88
7452.08 40.88
7454.06 40.88
7456.07 40.88
7458.07 41.94
7460.07 41.94
7462.32 41.94
7464.32 41.94
7466.32 75.54
7468.32 75.54
7470.32 75.54
7472.33 75.54
7474.31 75.54
7476.31 75.54
7478.31 75.54
7480.31 75.54
7482.31 75.54
7484.33 75.54
7486.32 75.54
7488.32 67.19
7490.12 69.56
7492.32 94.48
7494.32 83.57
7496.32 57.79
7498.32 68.57
7500.32 98.0
7502.32 76.96
7504.32 76.96
7506.32 76.73
7508.32 104.5
7510.32 91.09
7512.32 103.78
7514.31 103.78
7516.31 68.15
7518.31 86.94
7520.31 86.94
7522.32 86.94
7524.34 86.94
7526.31 86.94
7528.32 86.94
7530.33 86.94
7532.32 86.94
7534.32 86.94
7536.32 86.94
7538.32 91.08
7540.32 83.77
7542.32 74.16
7544.32 74.16
7546.32 82.71
7548.32 82.71
7550.32 82.71
7552.32 71.37
7554.32 52.82
7556.32 75.29
7558.31 75.29
7560.31 59.99
7562.32 59.99
7564.33 69.96
7566.32 69.96
7568.33 69.96
7570.33 62.15
7572.32 62.15
7574.32 44.8
7576.32 44.8
7578.32 44.8
7580.32 44.8
7582.32 44.8
7584.32 72.94
7586.32 53.45
7588.32 62.92
7590.32 60.04
7592.32 37.25
7594.32 71.55
7596.32 76.34
7598.31 90.86
7600.31 90.86
7602.31 90.86
7604.33 90.86
7606.33 90.86
7608.33 90.86
7610.33 90.86
7612.32 90.86
7614.32 90.86
7616.32 90.86
7618.32 90.86
7620.32 90.86
7622.32 90.86
7624.32 90.86
7626.32 84.13
7628.32 84.13
7630.32 84.13
7632.32 84.13
7634.32 84.13
7636.32 84.13
7638.31 84.13
7640.31 84.13
7642.33 84.13
7644.33 84.13
7646.33 84.13
7648.33 84.13
7650.32 84.13
7652.33 84.13
7654.33 88.64
7656.32 81.3
7658.32 81.3
7660.32 81.3
7662.32 81.3
7664.32 81.3
7666.32 81.3
7668.32 81.3
7670.32 81.3
7672.32 81.3
7674.32 78.38
7676.32 100.19
7678.32 70.37
7680.31 81.28
7682.33 92.29
7684.33 78.34
7686.32 78.34
7688.33 72.24
7690.33 83.95
7692.33 100.15
7694.33 100.15
7696.32 83.13
7698.32 83.13
7700.32 100.52
7702.32 89.55
7704.32 60.83
7706.32 105.3
7708.32 92.3
7710.57 90.68
7712.57 91.96
7714.57 59.74
7716.57 81.39
7718.57 81.09
7720.56 113.5
7722.56 113.5
7724.56 113.5
7726.58 113.5
7728.57 113.5
7730.58 103.3
7732.58 134.33
7734.57 100.38
7736.57 7.52
7738.57 125.58
7740.57 117.22
7742.57 21.64
7744.57 21.77
7746.57 59.35
7748.57 5.77
7750.57 21.85
7752.57 40.73
7754.37 47.94
7756.57 41.64
7758.57 48.95
7760.57 52.8
7762.58 61.44
7764.57 54.08
7766.58 61.03
7768.58 61.45
7770.58 62.69
7772.58 54.83
7774.58 61.55
7776.58 53.82
7778.57 68.53
7780.57 51.49
7782.57 53.79
7784.6 50.33
7786.57 52.76
7788.57 60.26
7790.57 70.87
7792.57 75.21
7794.57 77.75
7796.57 80.05
7798.57 79.51
7800.57 50.42
7802.57 80.08
7804.57 61.57
7806.58 54.43
7808.58 69.19
7810.58 75.64
7812.58 75.72
7814.57 65.65
7816.58 60.62
7818.57 66.34
7820.57 84.93
7822.57 69.83
7824.57 79.26
7826.57 89.49
7828.57 89.49
7830.57 89.49
7832.57 89.49
7834.57 89.49
7836.57 89.49
7838.57 89.49
7840.57 89.49
7842.58 89.49
7844.56 89.49
7846.57 89.49
7848.57 89.49
7850.57 89.49
7852.58 76.99
7854.58 65.44
7856.58 47.31
7858.57 78.97
7860.58 76.38
7862.58 74.59
7864.58 82.53
