0.0 97.13
0.71 68.78
2.71 68.78
4.96 68.78
6.96 88.2
8.78 88.2
10.96 88.2
12.96 88.2
14.96 88.2
16.96 88.2
18.96 88.2
20.96 88.2
22.96 88.2
24.96 88.2
26.96 88.2
28.96 88.2
30.96 88.2
32.78 88.2
34.96 88.2
36.96 88.2
38.96 88.2
40.96 88.2
42.96 88.2
44.96 88.2
46.96 88.2
48.96 88.2
50.96 88.2
52.96 88.2
54.96 88.2
56.78 88.2
58.96 88.2
60.96 88.2
62.96 88.2
64.96 93.85
66.96 91.44
68.96 91.44
70.96 91.44
72.96 91.44
74.96 91.44
76.96 91.44
78.96 91.44
80.96 91.44
82.96 91.44
84.96 91.44
86.96 91.44
88.96 91.44
90.96 91.44
92.96 91.44
94.96 87.56
96.96 9.84
98.96 42.98
100.96 42.98
102.96 44.41
104.96 44.41
106.96 93.2
108.96 93.2
110.96 93.2
112.96 93.2
114.96 93.2
116.96 91.88
118.96 91.88
120.96 95.49
122.96 92.09
124.96 92.09
126.99 90.67
128.97 89.57
130.96 89.57
132.96 89.57
135.06 89.57
136.96 89.57
138.96 89.57
140.96 91.92
142.96 91.92
144.96 91.92
146.96 93.54
148.96 93.54
150.96 93.54
152.96 80.28
154.96 90.15
156.96 92.35
158.96 88.8
160.96 92.84
162.96 94.71
164.96 89.27
166.96 92.09
168.96 0.19
170.96 92.01
172.96 80.38
174.96 80.38
176.96 80.38
178.96 80.38
180.96 88.03
182.96 88.03
184.96 88.03
186.97 88.03
188.96 88.03
190.96 88.03
192.96 88.03
194.96 88.03
196.96 88.03
198.96 91.15
200.96 91.15
202.96 91.15
204.96 91.15
206.96 89.82
208.96 92.51
210.96 85.26
212.96 92.89
214.96 91.2
216.96 89.77
218.96 94.29
220.96 92.95
222.96 88.25
224.96 92.5
226.97 94.12
228.96 92.05
230.96 89.58
232.96 82.61
234.96 82.61
236.96 93.93
238.96 81.96
240.96 93.33
242.96 89.58
244.96 89.05
246.96 89.05
248.96 92.51
250.96 95.47
253.03 95.47
255.07 95.47
257.21 95.47
259.21 95.47
261.21 94.1
263.03 94.1
265.21 94.1
267.21 94.36
269.21 96.57
271.21 96.57
273.21 89.69
275.21 94.65
277.21 83.03
279.21 92.0
281.21 92.0
283.21 92.0
285.21 92.0
287.03 92.0
289.21 92.0
291.21 92.0
293.21 92.0
295.21 92.0
297.21 92.0
299.21 92.0
301.21 92.0
303.21 92.0
305.22 92.0
307.21 92.0
309.21 92.0
311.03 92.0
313.21 92.0
315.21 92.0
317.21 92.0
319.21 92.0
321.21 92.0
323.21 92.0
325.21 92.0
327.21 92.0
329.21 92.0
331.21 92.0
333.21 92.0
335.05 92.0
337.21 92.0
339.21 92.0
341.21 92.0
343.21 92.0
345.21 92.0
347.21 92.0
349.21 83.22
351.21 94.6
353.21 94.6
355.21 94.6
357.21 90.6
359.21 92.97
361.21 92.97
363.21 92.97
365.21 92.97
367.21 92.97
369.21 92.97
371.21 92.97
373.21 92.81
375.21 7.12
377.21 92.71
379.21 92.71
381.21 92.71
383.21 94.22
385.21 90.47
387.21 90.47
389.21 91.77
391.21 90.74
393.21 90.74
395.21 90.74
397.21 90.74
399.21 90.74
401.21 90.74
403.21 90.74
405.21 90.74
407.21 90.74
409.21 90.74
411.21 90.74
413.21 90.74
415.21 90.74
