0.0 1.57
0.93 1.25
1.72 2.88
3.54 1.47
5.54 2.69
7.73 1.99
9.56 2.34
11.54 0.78
13.54 2.17
15.83 1.22
17.81 2.94
19.79 3.34
21.79 2.14
23.79 0.83
25.82 2.53
27.81 1.64
29.79 1.51
31.76 3.43
33.8 3.72
35.88 3.12
37.79 2.78
39.82 2.77
41.82 2.62
43.8 2.48
45.8 1.9
47.8 3.14
49.82 3.0
52.68 2.32
54.13 3.65
56.18 1.92
58.28 1.68
61.9 0.81
67.02 1.3
68.02 1.45
68.85 1.56
70.76 3.88
72.92 2.53
75.2 3.5
77.16 3.81
79.2 3.12
81.31 3.07
84.07 2.05
85.97 1.92
87.25 2.74
90.0 1.57
93.71 1.1
94.35 3.41
95.34 3.44
96.54 3.03
97.82 3.79
98.98 3.22
100.6 2.52
102.62 2.47
104.77 1.22
107.72 0.59
110.04 3.36
112.41 2.71
115.65 2.46
118.33 2.41
120.28 4.19
122.54 1.15
124.73 2.72
127.45 1.43
128.06 1.25
129.47 1.08
130.19 3.49
131.73 1.84
133.91 1.15
135.6 0.32
137.65 1.85
139.46 2.71
141.65 3.28
144.0 3.32
146.14 2.48
148.29 1.03
151.12 1.96
154.38 2.79
157.49 1.19
160.6 1.94
162.17 1.89
164.43 3.37
166.41 1.21
168.02 3.58
170.07 1.41
172.15 1.87
174.31 2.42
177.05 1.39
179.23 2.03
181.23 2.31
185.24 0.4
186.41 0.29
187.41 1.67
187.91 2.99
188.72 0.15
189.39 1.17
191.11 2.34
193.18 2.92
195.17 2.08
197.18 3.3
199.53 3.92
201.19 2.83
203.14 1.77
206.32 2.68
207.48 3.21
209.33 2.06
211.18 2.01
213.16 3.85
215.17 3.99
217.18 2.59
219.37 2.24
221.29 3.37
223.25 2.01
225.53 2.68
227.28 3.67
229.2 3.51
232.5 3.71
235.24 2.99
237.77 1.65
238.67 2.02
241.13 1.78
245.88 2.38
247.53 1.79
248.78 2.74
250.54 2.99
252.47 2.8
254.78 2.68
257.28 3.23
259.15 3.45
261.61 1.49
262.34 1.35
262.86 1.96
265.92 3.85
267.15 2.56
269.2 2.35
271.13 3.15
273.14 3.15
275.13 3.66
277.67 1.0
279.13 3.95
281.13 2.03
283.13 1.28
285.12 3.08
287.14 2.04
289.14 2.23
291.16 1.87
293.14 1.98
295.13 3.31
297.16 0.97
299.14 3.72
301.12 2.85
303.14 2.42
305.12 3.72
307.5 2.15
309.26 3.34
311.14 2.67
313.14 1.91
315.13 2.54
317.13 3.51
319.14 1.65
321.15 1.82
323.23 1.92
325.16 3.18
327.46 3.54
329.37 1.59
331.42 3.23
333.18 1.26
335.13 1.56
337.13 1.77
339.18 1.97
341.13 0.64
343.13 3.15
345.14 2.64
347.12 3.16
349.14 2.07
351.16 3.69
353.13 2.63
355.13 1.11
357.15 1.19
359.16 2.61
361.13 1.69
363.13 2.03
365.16 2.37
367.13 2.01
369.14 2.01
371.94 1.85
374.89 1.25
377.51 2.3
380.4 3.23
382.52 2.85
385.29 1.64
386.42 3.24
387.64 3.19
389.04 2.13
390.69 3.46
392.65 3.3
394.9 2.13
397.1 1.2
399.28 3.11
402.54 2.34
404.59 1.35
406.2 0.7
407.96 0.95
409.32 1.97
411.88 1.4
413.61 1.31
415.4 2.92
417.18 0.94
418.48 2.72
420.27 3.79
422.75 1.27
426.14 1.4
428.33 1.61
428.9 2.05
429.86 0.89
431.39 3.91
433.38 1.91
435.47 1.88
437.35 3.56
439.37 1.25
442.25 0.77
443.53 1.32
445.64 0.64
447.38 0.7
449.73 1.45
451.72 2.42
453.81 2.34
455.94 3.81
459.09 0.83
459.93 2.14
461.35 3.65
463.72 3.33
466.53 1.88
469.12 2.16
470.39 2.35
472.5 0.25
475.78 2.54
478.1 1.22
480.2 2.44
482.37 3.02
485.41 2.58
487.52 2.83
491.18 2.46
492.73 0.66
493.39 1.22
496.21 1.66
497.96 1.3
499.08 2.97
501.42 1.28
504.81 1.92
505.39 1.22
506.31 1.34
506.82 3.3
507.33 1.86
510.24 0.24
511.4 0.46
513.4 1.34
515.4 2.48
517.36 2.12
519.41 2.23
521.39 2.94
523.39 1.83
525.39 3.49
527.42 2.41
529.34 0.73
531.72 1.39
536.12 0.45
537.2 0.56
539.27 0.57
540.76 0.69
542.24 0.48
543.4 0.96
545.4 0.87
547.38 1.16
549.45 1.25
551.45 1.25
553.4 0.96
555.39 0.93
557.43 2.35
559.38 0.89
561.39 3.11
563.39 2.81
565.38 2.38
567.39 2.82
569.45 0.71
571.42 2.02
573.38 2.94
575.39 3.23
577.4 1.8
579.38 1.78
581.39 2.7
583.58 1.33
585.64 1.17
587.39 1.61
589.42 2.61
591.4 0.56
593.39 2.1
595.39 0.88
597.39 2.23
599.4 2.53
601.39 1.87
603.4 1.93
605.44 0.86
607.64 1.13
609.39 0.69
611.4 3.17
613.39 2.75
615.39 2.8
617.39 3.49
619.38 2.2
621.39 2.86
623.39 1.31
625.39 0.44
627.39 1.67
629.84 3.01
632.2 2.57
633.97 0.71
635.69 2.67
637.65 1.82
639.44 1.72
642.28 0.99
645.2 1.17
646.34 0.47
649.16 1.88
650.48 1.86
653.68 0.51
655.6 1.4
657.14 2.41
660.76 0.91
662.34 1.2
665.09 0.93
667.19 3.45
669.0 1.77
669.69 1.08
671.16 2.02
673.28 2.51
675.3 1.76
677.29 3.15
679.62 0.85
681.29 2.44
683.41 2.34
685.28 1.71
687.29 1.54
689.29 0.97
691.32 2.2
693.29 1.91
695.29 2.27
697.28 2.67
699.28 0.73
701.29 1.24
703.29 1.23
705.29 1.24
707.54 0.12
709.28 0.9
711.35 1.33
713.28 0.87
715.29 2.19
717.29 1.93
719.97 3.27
721.5 3.41
723.29 2.04
725.28 2.12
727.47 2.35
730.1 1.34
731.32 1.81
733.29 2.18
735.28 1.12
737.41 1.55
739.78 1.62
742.04 1.33
745.48 1.51
747.6 3.17
748.42 1.83
750.58 1.41
752.79 1.31
754.71 1.18
757.29 1.16
759.04 1.78
760.56 3.14
762.06 1.75
763.6 3.36
765.82 0.82
767.5 1.98
770.64 0.27
772.25 1.39
774.97 2.57
777.06 1.41
779.7 2.99
782.99 1.1
784.22 1.27
785.57 2.61
787.36 1.22
790.98 0.96
791.96 1.15
792.81 1.75
794.89 1.5
796.8 1.78
798.81 2.34
800.81 2.72
802.97 1.66
804.81 1.72
806.81 2.67
808.81 2.93
810.81 1.43
813.61 1.31
816.78 0.32
818.37 2.1
820.37 2.24
822.36 3.46
824.37 1.3
826.62 1.26
828.38 3.27
830.37 1.59
832.37 3.31
834.38 3.44
836.37 2.51
838.37 4.47
840.4 2.98
842.46 1.27
844.37 2.6
846.37 2.9
848.38 2.8
850.53 1.33
852.39 3.02
854.38 2.35
856.37 2.0
858.37 2.35
860.38 2.8
862.39 1.7
864.39 1.74
866.38 1.37
868.4 0.68
870.47 2.16
872.69 1.82
874.54 1.01
876.37 0.9
878.39 1.42
880.38 1.52
882.62 2.94
884.62 3.14
886.38 1.29
888.38 3.07
890.54 1.99
892.76 1.0
894.63 0.71
896.62 3.21
899.14 1.05
900.48 2.71
902.67 3.38
904.62 3.95
906.95 1.95
908.62 3.39
910.62 3.43
912.71 1.19
914.63 3.78
916.62 3.86
919.0 2.63
920.63 3.05
922.62 1.92
924.62 3.13
926.63 1.11
930.17 2.33
932.27 3.1
935.17 2.2
936.62 3.01
939.79 3.52
941.54 1.26
942.97 3.94
946.39 2.16
948.28 3.35
949.77 2.31
951.81 2.08
955.32 1.75
956.0 1.78
959.64 2.34
960.24 1.28
961.89 2.57
963.92 0.89
965.9 1.92
967.89 2.09
969.9 1.87
971.9 3.09
973.9 1.14
975.9 2.24
977.89 2.25
979.9 2.84
981.9 2.03
984.03 2.22
985.9 2.22
987.95 1.14
989.89 2.1
991.9 1.9
993.89 3.05
995.89 3.31
997.9 2.92
999.91 0.85
1001.89 1.18
1003.9 2.67
1005.94 0.82
1007.86 3.01
1009.89 3.29
1011.9 1.72
1013.89 2.0
1015.89 1.65
1017.9 3.62
1019.9 2.5
1021.89 2.35
1023.97 1.76
1025.9 1.21
1028.08 1.58
1030.12 0.95
1031.9 2.62
1034.03 2.51
1035.89 2.35
1037.9 1.81
1039.9 1.2
1041.89 2.46
1043.9 2.98
1045.9 2.45
1047.89 0.95
1049.9 2.59
1051.9 3.08
1055.32 2.83
1056.36 1.58
1057.94 2.47
1059.9 3.58
1061.91 3.8
1064.13 1.89
1065.9 2.68
1067.89 3.39
1069.9 3.03
1071.9 3.14
1073.88 3.36
1075.9 3.42
1077.91 2.7
1080.02 1.68
1081.9 0.81
1083.9 2.49
1085.9 2.14
1087.9 0.61
1089.9 2.17
1091.94 2.71
1093.89 1.98
1095.9 2.34
1097.9 1.02
1100.07 0.6
1101.9 3.22
1104.08 1.15
1105.91 3.42
1107.9 2.96
1110.1 2.45
1111.89 2.67
1114.41 1.59
1117.16 1.17
1119.77 1.42
1120.64 2.7
1123.19 3.34
1125.05 2.83
1128.02 1.79
1131.07 1.07
1133.68 1.53
1136.1 1.49
1138.11 1.56
1140.45 3.23
1142.04 2.67
1143.67 1.04
1146.48 1.36
1147.19 1.09
1148.12 1.23
1148.82 1.79
1150.34 0.9
1151.98 2.37
1154.15 3.36
1156.15 2.05
1158.16 3.56
1160.14 1.65
1162.0 1.7
1164.15 3.26
1166.14 3.18
1168.15 3.02
1170.15 3.63
1172.1 2.71
1174.15 3.77
1176.15 4.04
1179.33 1.12
1181.15 2.78
1183.99 2.41
1186.77 2.28
1189.46 1.92
1191.18 3.69
1193.64 4.02
1195.25 1.9
1198.4 1.19
1199.2 3.04
1199.85 1.3
1201.69 1.98
1203.69 3.69
1205.68 3.73
1207.68 1.85
1209.69 3.51
1211.7 3.83
1213.92 1.24
1215.69 1.64
1217.69 1.3
1219.68 3.04
1221.69 0.8
1223.71 3.14
1225.68 1.22
1227.68 1.24
1229.69 1.19
1231.7 1.66
1233.71 1.58
1235.69 2.77
1237.7 2.28
1239.68 3.56
1241.69 3.49
1243.76 2.48
1245.68 2.15
1247.72 1.44
1249.72 3.13
1251.7 2.46
1253.69 3.43
1255.69 3.08
1258.6 1.74
1261.31 1.6
1262.1 2.55
1263.71 3.46
1265.68 1.48
1267.99 1.98
1269.69 2.86
1271.68 3.16
1273.69 2.24
1275.69 2.65
1277.7 3.54
1280.24 0.89
1281.69 3.06
1283.7 2.98
1285.68 1.01
1287.69 1.13
1289.7 2.09
1291.68 1.87
1293.72 1.24
1295.69 2.67
1297.67 1.93
1299.69 2.57
1301.81 2.74
1303.71 1.23
1305.9 1.1
1307.89 2.03
1309.81 3.16
1314.14 0.6
1315.27 1.14
1317.26 3.35
1319.27 1.69
1321.25 1.71
1323.24 2.12
1325.24 2.19
1327.25 1.55
1329.31 1.23
1331.25 1.34
1333.25 1.51
1335.29 0.75
1337.24 0.36
1339.25 3.06
1341.25 1.75
1343.26 1.58
1345.25 3.5
1347.25 2.76
1349.26 1.54
1351.24 3.73
1353.33 2.06
1355.25 3.08
1357.28 2.74
1359.25 3.72
1361.25 3.28
1363.46 1.64
1365.25 2.83
1367.69 1.31
1371.43 2.8
1373.05 1.24
1375.16 0.98
1377.34 0.79
1379.73 1.1
1381.62 3.17
1383.36 1.03
1385.64 0.39
1387.57 2.32
1390.24 1.06
1395.49 0.37
1396.39 3.03
1398.4 2.2
1400.4 3.42
1402.39 3.36
1404.5 1.73
1406.4 2.01
1408.4 2.05
1410.39 1.34
1412.4 1.84
1414.83 2.09
1416.39 2.36
1418.4 2.65
1420.4 2.72
1424.11 0.4
1425.4 0.79
1426.4 0.33
1428.48 2.9
1430.43 1.73
1432.46 2.07
1434.4 2.41
1436.39 1.94
1438.4 1.62
1440.4 3.16
1442.39 2.06
1444.39 2.37
1446.4 1.98
1448.41 3.84
1450.39 1.04
1452.38 3.65
1454.4 3.23
1456.39 4.2
1458.4 1.87
1460.41 3.16
1462.45 2.52
1464.4 2.66
1466.4 1.39
1468.39 3.42
1470.39 1.83
1472.59 1.13
1474.39 2.87
1480.23 0.68
1480.74 1.95
1482.25 1.52
1484.26 3.33
1486.27 1.96
1488.27 3.76
1490.26 3.02
1492.26 2.05
1494.27 3.77
1496.26 3.75
1498.26 3.14
1500.57 1.19
1502.26 3.42
1504.26 1.93
1506.31 1.01
1508.28 2.12
1510.26 2.59
1512.26 1.38
1514.27 3.79
1516.26 1.9
1518.26 1.82
1520.27 3.13
1522.26 3.05
1524.34 1.23
1526.27 3.21
1528.26 1.56
1530.26 3.04
1532.27 2.66
1534.27 3.31
1536.26 1.75
1538.26 1.79
1540.26 3.21
1542.27 1.58
1544.71 0.83
1546.27 3.64
1548.33 2.07
1550.29 2.28
1553.85 0.36
1554.88 0.46
1556.33 1.42
1558.28 0.88
1560.27 2.59
1562.27 1.93
1564.26 2.56
1566.27 1.16
1568.26 2.19
1570.26 3.6
1572.23 3.68
1574.27 3.22
1576.26 3.45
1578.27 3.52
1580.27 3.16
1582.26 2.62
1584.29 3.59
1586.27 1.41
1588.26 1.23
1590.26 2.88
1592.27 3.37
1594.26 3.16
1596.3 2.46
1598.27 3.57
1600.27 2.43
1602.26 3.15
1604.27 2.99
1606.27 3.86
1608.26 2.28
1610.27 0.9
1612.32 2.0
1614.26 3.08
1616.27 2.31
1618.38 2.53
1620.27 1.56
1622.58 2.86
1624.27 2.1
1626.27 3.86
1628.26 2.02
1630.26 3.35
1632.27 1.4
1634.51 1.98
1636.26 1.97
1638.27 3.57
1640.27 2.75
1642.52 3.22
1644.31 3.29
1646.51 3.69
1648.51 1.02
1650.54 3.53
1652.52 1.55
1654.51 2.56
1656.52 1.85
1658.52 1.24
1660.51 2.18
1662.55 2.43
1664.52 1.79
1666.52 3.6
1668.65 1.51
1670.52 2.08
1672.52 1.64
1675.11 1.17
1677.49 1.95
1679.56 3.41
1681.21 1.24
1682.78 2.9
1685.34 2.03
1686.89 3.37
1689.39 1.45
1691.53 1.32
1693.36 3.2
1695.11 3.93
1697.15 1.51
1698.52 2.91
1700.51 2.64
1702.52 1.67
1704.52 2.21
1706.91 2.07
1708.78 2.31
1710.52 1.84
1712.53 1.12
1714.51 2.0
1716.52 2.4
1718.53 2.41
1720.51 2.73
1722.4 3.13
1724.52 1.94
1726.51 3.71
1728.52 2.36
1730.52 3.12
1732.57 1.51
1734.51 1.32
1736.52 3.01
1738.52 3.06
1740.77 1.5
1742.52 2.87
1744.85 1.85
1747.35 1.64
1749.01 2.69
1751.58 2.07
1753.76 3.61
1755.35 1.74
1758.0 1.06
1759.54 2.46
1762.83 1.04
1764.71 1.64
1766.47 0.94
1768.67 2.04
1770.96 2.77
1772.86 2.58
1774.53 3.33
1776.56 0.87
1778.21 3.69
1780.3 1.25
1782.76 1.27
1783.54 1.5
1787.48 1.51
1788.98 0.75
1790.22 3.49
1792.32 2.85
1794.56 0.02
1796.21 1.17
1798.22 3.83
1800.21 2.45
1802.21 0.4
1804.21 0.4
1806.21 0.92
1808.21 1.93
1810.21 2.48
1812.22 2.56
1814.21 2.54
1816.25 2.04
1818.69 2.05
1820.21 0.73
1822.21 2.91
1824.22 1.64
1826.21 1.7
1828.23 1.15
1830.22 1.3
1832.23 1.28
1834.21 2.46
1836.21 2.31
1838.22 0.97
1840.21 1.29
1842.22 1.53
1844.22 2.57
1846.21 2.52
1848.21 3.84
1850.22 3.31
1852.21 1.38
1854.32 0.81
1856.22 3.25
1858.22 2.06
1860.21 1.73
1862.24 2.41
1864.22 2.35
1866.54 3.0
1868.35 1.34
1870.26 2.39
1872.21 2.17
1874.26 1.4
1876.24 3.27
1878.23 1.37
1880.74 1.48
1882.9 1.83
1885.1 1.93
1887.11 2.17
1889.09 1.72
1890.87 2.58
1893.48 0.9
1895.65 1.32
1898.15 2.31
1900.68 1.17
1903.11 1.47
1905.77 1.86
1908.67 2.84
1911.36 3.1
1913.58 1.75
1916.29 1.14
1918.72 0.61
1920.82 1.5
1923.22 1.19
1923.91 1.12
1925.02 2.38
1925.76 1.48
1926.59 1.26
1928.02 0.85
1929.99 3.19
1931.98 3.34
1933.98 3.97
1935.98 2.91
1938.01 1.36
1940.32 3.33
1941.98 2.73
1944.02 2.96
1946.17 1.5
1947.98 1.12
1949.99 1.86
1951.98 2.8
1953.98 2.55
1955.99 2.45
1958.02 0.8
1959.99 0.98
1961.99 1.19
1963.99 2.02
1966.0 1.16
1968.04 0.87
1970.25 0.67
1971.99 1.07
1973.98 1.31
1975.99 0.45
1977.98 1.71
1979.98 3.31
1981.98 1.83
1983.98 3.36
1985.98 2.35
1987.99 3.3
1989.99 1.61
1991.98 2.26
1993.98 3.82
1995.98 3.43
1997.98 3.49
2000.1 1.47
2001.99 3.02
2003.97 2.95
2006.1 0.84
2007.99 3.01
2011.37 0.54
2011.98 0.64
2014.13 1.67
2016.08 2.65
2018.01 2.14
2019.98 1.38
2022.01 2.58
2023.98 1.78
2026.05 2.62
2027.99 2.25
2029.98 2.97
2031.98 3.3
2033.99 2.15
2035.99 3.59
2038.01 1.47
2039.99 2.14
2041.98 3.13
2043.98 1.75
2045.98 1.97
2048.03 1.59
2050.01 3.3
2051.99 3.6
2053.99 2.6
2056.02 1.79
2057.98 1.84
2059.99 0.84
2061.99 2.88
2063.98 2.95
2066.05 2.1
2067.99 3.8
2069.98 3.76
2071.98 3.66
2073.99 1.74
2075.99 3.16
2077.98 1.61
2079.99 1.55
2081.99 1.56
2083.98 1.47
2086.02 1.79
2087.99 1.91
2090.11 1.37
2091.98 2.35
2093.98 1.62
2096.02 3.01
2097.98 2.58
2100.12 2.23
2101.99 3.35
2103.98 3.63
2105.99 3.04
2108.0 3.35
2109.98 2.33
2111.99 1.25
2114.1 2.2
2116.0 2.12
2118.01 2.52
2120.02 1.67
2122.01 1.49
2123.99 2.8
2125.99 1.08
2128.02 2.56
2129.98 4.16
2131.99 1.55
2134.25 1.77
2136.0 1.41
2137.98 3.54
2140.24 3.26
2142.0 1.35
2144.2 1.02
2146.24 2.74
2148.29 2.35
2150.27 1.49
2152.38 1.64
2154.24 2.36
2156.23 3.43
2158.24 1.48
2160.26 3.1
2162.19 1.54
2164.24 1.05
2166.27 3.51
2168.24 2.16
2170.24 1.32
2172.24 3.36
2174.24 1.83
2176.4 1.11
2178.26 1.8
2180.27 1.92
2182.26 2.09
2184.24 1.98
2186.32 1.82
2188.3 1.19
2190.24 1.01
2192.24 1.08
2194.27 2.59
2196.23 1.2
2198.26 2.18
2200.25 1.81
2202.27 1.5
2204.24 2.53
2206.24 2.73
2208.25 2.07
2210.23 3.23
2212.24 1.49
2214.24 2.15
2216.35 1.61
2218.24 1.63
2220.26 1.78
2222.23 1.28
2224.25 1.12
2226.25 1.36
2228.23 2.68
2230.26 2.18
2232.26 3.3
2234.29 2.99
2236.23 0.34
2238.24 1.89
2240.27 1.34
2242.23 1.53
2244.47 1.65
2246.24 2.81
2248.32 1.91
2250.31 0.53
2252.24 2.38
2254.25 1.63
2256.23 2.47
2258.26 2.13
2260.27 2.94
2262.25 1.57
2264.24 1.69
2266.25 1.46
2268.24 1.58
2270.29 0.85
2272.26 2.53
2274.28 1.19
2276.26 2.18
2278.24 0.56
2280.25 3.15
2282.24 3.57
2284.24 3.72
2286.29 1.86
2288.26 3.41
2290.24 1.87
2292.27 1.22
2294.25 1.46
2296.25 1.31
2298.3 1.41
2300.25 1.95
2302.24 3.46
2304.24 1.85
2306.94 1.12
2308.27 2.25
2310.24 2.25
2312.24 1.23
2314.25 3.61
2316.24 3.24
2318.24 3.44
2320.24 3.1
2322.24 2.0
2324.24 3.32
2326.25 2.37
2328.23 2.96
2330.24 2.23
2332.25 1.57
2334.28 3.24
2336.24 2.03
2338.24 1.77
2340.26 3.2
2342.24 1.36
2344.29 2.26
2346.48 1.39
2348.27 1.44
2350.27 3.98
2352.36 1.22
2354.25 2.26
2356.24 1.54
2358.24 2.48
2360.29 1.52
2362.24 1.13
2364.27 2.2
2366.27 2.13
2368.26 2.92
2370.24 2.43
2372.25 2.18
2374.24 3.36
2376.46 0.34
2378.3 2.5
2380.58 1.69
2382.3 2.47
2384.25 2.73
2386.25 3.09
2389.85 2.58
2391.31 1.52
2392.27 3.58
2394.95 2.27
2396.49 2.03
2398.25 1.73
2400.25 3.1
2402.49 2.22
2404.5 3.47
2406.49 1.98
2408.49 3.32
2410.5 1.05
2412.5 1.54
2414.99 1.36
2416.53 1.35
2418.5 1.59
2420.5 3.96
2422.49 2.6
2424.52 3.96
2426.54 2.42
2428.52 1.29
2430.51 3.26
2432.5 1.97
2434.49 3.17
2436.54 2.44
2438.5 2.19
2440.52 2.28
2442.49 2.54
2444.39 1.79
2447.61 2.07
2449.66 1.27
2450.81 0.98
2453.72 2.26
2454.49 3.79
2456.5 3.69
2458.5 4.33
2460.53 2.22
2462.56 2.18
2464.58 1.75
2466.51 3.99
2468.49 1.49
2470.52 1.17
2472.5 0.83
2474.49 2.8
2476.5 1.94
2478.5 3.39
2480.49 2.63
2482.49 3.46
2484.5 3.84
2486.5 2.47
2488.49 2.85
2491.17 1.35
2492.5 1.69
2494.55 1.13
2496.5 2.69
2498.52 2.34
2500.49 1.93
2502.5 3.24
2504.53 2.07
2506.51 3.35
2508.49 2.74
2510.5 2.26
2512.52 2.73
2514.5 1.47
2516.52 1.33
2518.5 1.98
2520.5 1.83
2522.5 2.76
2524.5 2.76
2526.49 2.78
2528.5 1.21
2530.5 3.61
2532.52 3.75
2534.49 1.98
2536.5 3.91
2538.5 3.92
2540.52 1.66
2542.5 2.0
2544.53 1.23
2546.5 3.03
2548.54 1.15
2550.5 2.24
2552.53 1.53
2554.54 2.21
2556.53 1.77
2558.54 2.27
2560.57 2.79
2562.5 3.21
2564.5 1.78
2566.51 1.68
2568.51 3.51
2570.45 2.54
2572.49 1.71
2574.5 2.67
2576.5 2.33
2578.51 3.08
2580.67 1.63
2582.78 1.44
2584.5 2.44
2586.49 4.26
2588.52 2.02
2590.53 2.12
2592.51 2.78
2594.5 2.56
2596.5 3.05
2598.51 3.02
2600.52 2.19
2602.5 3.53
2604.53 2.68
2606.51 3.9
2608.5 3.61
2610.53 2.22
2612.49 2.82
2614.54 2.19
2616.5 1.92
2618.51 2.04
2620.5 3.49
2622.51 1.24
2624.52 2.21
2626.55 1.9
2628.5 3.09
2630.53 2.24
2632.61 2.48
2634.5 1.6
2636.51 1.72
2638.53 1.41
2640.5 3.69
2642.51 3.24
2644.51 2.57
2646.75 2.95
2648.75 3.36
2650.51 3.24
2652.58 1.39
2654.8 0.78
2656.81 1.76
2658.76 0.9
2660.75 2.17
2662.75 2.64
2664.75 2.67
2666.81 2.46
2668.66 1.57
2671.06 1.44
2672.84 0.25
2674.75 1.52
2676.76 1.39
2678.81 1.29
2680.75 4.13
2682.76 3.73
2684.76 3.0
2686.86 1.76
2689.16 0.95
2690.87 2.26
2693.09 3.29
2695.74 1.05
2697.52 3.25
2699.69 2.52
2702.09 3.07
2704.6 1.63
2707.06 1.77
2708.95 2.54
2710.96 3.8
2712.33 2.52
2714.62 2.53
2716.04 1.87
2717.6 3.05
2719.93 3.08
2722.34 2.67
2723.74 1.98
2726.03 2.57
2728.32 1.29
2729.13 1.38
2730.76 1.46
2732.75 2.59
2734.75 3.65
2736.76 3.83
2738.63 2.82
2740.75 3.9
2742.94 3.07
2744.79 1.68
2746.75 2.77
2748.76 3.39
2751.09 1.93
2753.44 1.99
2756.23 3.07
2759.73 2.59
2760.81 1.95
2762.62 0.19
2765.31 0.99
2766.06 2.53
2767.03 1.94
2768.76 3.24
2770.78 1.12
2772.75 1.2
2774.75 3.42
2776.76 3.59
2778.75 3.62
2780.79 2.4
2782.68 1.49
2784.77 1.74
2786.75 3.34
2788.76 2.51
2790.82 2.61
2792.75 3.04
2794.76 3.34
2796.76 3.55
2798.75 1.65
2800.76 3.8
2802.77 1.82
2804.85 1.12
2806.75 3.44
2808.79 1.22
2810.76 3.56
2812.76 1.81
2814.81 2.25
2816.76 3.42
2818.75 2.93
2820.79 1.93
2822.76 3.2
2824.76 3.07
2826.77 1.7
2828.76 1.93
2830.76 3.86
2832.75 2.18
2834.76 1.36
2836.82 1.52
2838.83 2.22
2840.75 1.99
2842.76 1.63
2844.78 2.61
2846.75 1.75
2848.76 4.25
2850.77 1.3
2852.76 2.15
2854.76 2.34
2856.76 1.62
2858.79 1.41
2860.77 3.68
2863.43 1.62
2866.57 2.46
2868.26 2.37
2870.25 2.91
2872.61 3.54
2874.13 2.37
2876.65 2.29
2878.52 0.79
2880.04 4.04
2882.35 3.41
2884.66 1.22
2885.48 1.98
2886.81 1.53
2888.8 1.8
2890.78 1.44
2892.76 1.42
2895.64 1.01
2897.21 1.93
2899.2 0.55
2903.63 0.04
2904.56 1.55
2906.56 1.05
2908.57 0.3
2910.49 2.75
2912.56 1.39
2914.56 1.23
2916.57 3.49
2918.56 2.81
2920.56 2.21
2922.57 1.03
2924.55 2.92
2926.56 2.92
2928.57 1.71
2930.55 1.26
2932.56 1.53
2934.95 0.5
2936.57 3.0
2938.56 1.98
2940.58 1.76
2942.57 0.75
2944.56 2.19
2946.56 1.26
2948.67 2.12
2950.56 2.38
2952.56 1.61
2954.57 3.5
2956.57 2.53
2958.56 2.51
2960.56 2.94
2962.57 2.14
2964.56 2.31
2966.56 3.61
2968.57 2.26
2970.78 4.12
2973.05 2.32
2975.82 3.32
2977.08 2.26
2978.85 1.02
2980.52 2.58
2982.57 1.95
2984.81 2.3
2986.57 1.51
2988.62 1.95
2990.57 1.37
2992.56 2.31
2994.57 3.07
2996.55 4.36
2998.56 4.56
3000.57 2.62
3002.57 1.29
3004.56 1.72
3006.58 3.02
3008.57 2.09
3010.56 3.06
3012.58 1.62
3014.59 3.78
3016.57 2.54
3018.65 2.62
3021.68 3.58
3023.67 0.86
3024.9 3.09
3027.22 1.88
3030.21 1.96
3033.3 0.56
3035.57 1.19
3037.42 2.13
3039.59 2.31
3041.82 1.96
3045.46 0.87
3046.8 1.05
3047.51 1.89
3048.23 2.6
3050.28 2.68
3052.26 1.96
3054.3 3.67
3056.26 2.37
3058.26 3.39
3060.27 2.71
3062.64 2.23
3064.3 1.5
3066.27 1.78
3068.32 2.42
3070.27 2.52
3072.3 3.14
3074.52 2.04
3076.27 0.67
3078.26 3.15
3080.26 1.96
3082.26 1.96
3084.26 1.68
3086.27 3.12
3088.28 2.82
3090.38 1.18
3092.3 3.48
3094.27 1.71
3096.26 1.59
3098.27 2.39
3100.27 1.15
3102.26 2.65
3104.29 0.99
3106.27 1.95
3108.32 1.29
3110.26 2.12
3112.27 3.36
3114.32 3.84
3116.38 2.2
3118.27 1.72
3120.27 2.23
3122.26 2.37
3124.27 1.84
3126.27 2.01
3128.26 3.48
3130.26 1.68
3132.43 0.55
3134.28 1.15
3136.27 3.59
3138.45 1.62
3140.71 1.17
3142.62 1.2
3144.31 0.94
3146.27 2.81
3148.28 2.39
3150.52 3.65
3152.27 2.49
3154.31 2.12
3156.51 2.22
3158.52 1.6
3160.52 1.95
3162.51 0.57
3164.55 3.06
3166.52 3.02
3168.54 1.68
3170.55 0.99
3172.55 1.39
3174.58 3.21
3176.92 2.05
3178.54 1.51
3180.55 2.59
3182.52 2.5
3184.94 0.96
3186.53 2.25
3188.52 2.84
3190.52 1.66
3192.53 3.45
3194.53 1.84
3196.52 2.69
3198.52 0.91
3200.53 3.66
3202.56 2.34
3204.52 0.95
3206.55 2.12
3208.53 3.45
3210.52 1.5
3212.52 2.64
3214.55 0.91
3216.52 1.93
3218.77 1.45
3220.53 2.15
3222.51 3.12
3224.52 3.2
3226.55 3.22
3228.51 1.64
3230.52 2.27
3232.54 2.32
3234.53 1.82
3236.63 1.17
3238.76 0.89
3240.56 0.74
3242.51 1.75
3244.52 1.39
3246.53 2.31
3248.54 2.34
3250.54 1.06
3252.55 2.33
3254.51 2.42
3256.52 3.76
3258.52 2.88
3260.53 3.75
3262.55 2.51
3264.52 3.2
3266.46 3.17
3268.54 1.64
3270.54 2.46
3272.54 2.73
3274.52 2.46
3277.12 1.62
3278.52 3.7
3280.76 1.11
3282.99 0.65
3284.75 0.53
3286.53 1.63
3288.52 2.69
3290.52 4.16
3292.52 2.67
3294.54 1.67
3296.59 2.04
3298.54 1.26
3300.54 1.89
3302.52 1.01
3304.54 1.6
3306.53 0.9
3308.52 1.99
3310.57 3.67
3312.55 3.7
3314.75 0.89
3316.57 1.16
3318.53 2.8
3320.48 2.1
3322.52 1.56
3324.52 1.2
3326.53 2.91
3328.54 3.38
3330.52 2.62
3332.53 3.24
3334.52 2.48
3336.53 1.28
3338.52 1.59
3340.52 2.96
3342.52 3.0
3344.52 3.01
3346.53 3.47
3349.22 1.24
3350.58 1.23
3352.53 2.99
3354.52 0.97
3356.52 3.21
3358.53 2.86
3360.52 2.66
3362.52 1.67
3364.58 1.79
3366.56 2.12
3368.52 1.59
3370.58 2.13
3372.73 0.71
3374.52 2.1
3376.57 2.83
3378.59 1.64
3380.52 3.63
3382.65 2.28
3384.53 2.16
3386.53 2.99
3388.52 1.33
3390.56 3.09
3392.53 3.15
3394.56 2.01
3396.73 1.19
3398.53 2.35
3400.77 2.21
3402.52 3.17
3404.78 2.45
3406.79 3.64
3408.77 0.61
3410.8 2.27
3412.78 1.69
3414.77 3.38
3416.78 4.19
3418.86 0.79
3420.78 1.59
3422.78 1.09
3424.79 3.21
3426.77 3.45
3428.77 3.33
3430.78 0.9
3433.22 2.65
3434.59 3.29
3436.9 1.58
3438.84 0.73
3440.81 1.46
3442.92 1.75
3444.85 1.27
3446.77 2.23
3448.77 3.03
3450.78 3.77
3452.79 2.7
3454.84 3.63
3456.85 2.02
3458.78 3.32
3460.77 3.27
3462.78 2.06
3464.82 0.8
3466.95 1.79
3468.78 1.21
3470.78 3.41
3472.79 1.44
3474.77 2.34
3477.11 1.77
3478.78 3.32
3481.16 2.42
3483.2 3.05
3485.57 1.67
3487.94 2.15
3490.06 1.57
3493.06 2.18
3495.64 3.48
3498.65 0.77
3502.16 1.37
3503.06 1.31
3503.95 1.71
3504.76 3.41
3505.44 3.38
3506.87 2.27
3508.83 1.42
3510.8 2.79
3512.77 1.36
3514.9 1.19
3517.14 1.69
3518.88 0.78
3520.78 3.17
3522.8 2.94
3524.79 3.18
3526.78 1.14
3528.81 1.55
3530.81 2.52
3532.79 1.74
3534.78 1.42
3536.78 1.62
3538.78 2.61
3540.82 1.94
3542.78 3.54
3544.84 1.32
3546.82 0.36
3548.78 3.87
3550.83 4.22
3552.77 3.35
3554.78 2.42
3556.85 2.23
3558.85 1.34
3560.79 3.02
3562.78 2.86
3564.84 1.13
3566.79 1.92
3569.09 1.65
3570.8 1.0
3572.77 3.01
3574.78 3.76
3576.78 3.73
3578.77 3.18
3580.78 3.52
3582.79 2.18
3585.11 1.19
3586.92 1.27
3588.78 2.65
3590.79 2.79
3592.78 3.67
3594.78 3.61
3597.94 1.14
3598.96 1.36
3600.78 3.47
3602.8 3.64
3604.77 3.76
3606.78 3.02
3608.81 2.11
3610.88 1.77
3612.83 1.77
3614.83 1.1
3616.79 1.6
3618.78 3.63
3620.82 3.0
3622.78 1.4
3624.88 1.6
3626.78 3.18
3628.8 1.66
3630.85 1.94
3632.78 3.09
3635.24 0.41
3636.8 1.78
3638.78 1.53
3640.81 1.05
3642.86 1.31
3644.97 1.31
3646.84 1.1
3648.78 1.44
3650.79 3.55
3652.78 2.73
3654.78 3.7
3656.79 1.33
3658.86 2.03
3661.04 1.62
3663.1 1.08
3664.98 1.19
3667.03 0.97
3669.04 1.37
3671.04 3.53
3673.06 1.38
3675.21 2.17
3677.91 2.69
3679.03 2.22
3680.98 3.55
3683.04 3.45
3685.06 2.12
3687.17 0.83
3689.04 2.99
3691.04 1.05
3693.08 1.76
3695.04 2.63
3697.89 1.47
3699.05 3.24
3701.08 1.76
3703.04 3.03
3705.03 2.41
3707.02 3.44
3709.04 3.42
3711.03 1.89
3713.03 1.4
3715.06 0.9
3717.09 1.14
3719.03 2.2
3721.01 3.31
3723.04 3.85
3725.07 1.04
3727.06 2.5
3729.04 1.48
3731.06 2.06
3733.03 1.85
3735.04 2.82
3737.03 1.22
3739.03 1.6
3741.17 2.89
3743.07 3.54
3745.03 1.73
3748.7 2.91
3749.38 3.76
3751.73 1.44
3753.34 1.48
3755.46 2.24
3757.98 3.03
3761.28 1.68
3764.17 1.92
3765.39 1.35
3766.27 0.98
3768.77 2.26
3771.57 1.66
3775.47 2.35
3777.32 0.66
3780.12 2.2
3784.33 0.94
3785.17 1.58
3785.82 2.37
3787.75 2.69
3790.26 2.63
3791.71 3.35
3793.66 2.13
3795.74 1.66
3797.8 2.84
3799.88 0.11
3801.83 3.18
3803.74 1.33
3805.74 1.78
3807.75 1.55
3809.74 2.16
3811.75 1.7
3813.75 2.02
3815.74 2.82
3817.74 3.0
3819.75 2.79
3821.79 1.27
3823.74 1.9
3825.75 2.24
3827.78 2.61
3831.43 0.41
3832.14 1.55
3834.12 2.47
3835.74 3.54
3837.74 3.52
3839.76 2.89
3841.75 1.43
3843.74 1.85
3845.75 3.67
3847.77 3.34
3849.89 1.18
3851.74 2.98
3854.02 1.48
3855.95 1.1
3857.76 3.54
3859.83 1.63
3861.85 2.29
3863.96 1.43
3865.81 1.66
3867.81 2.56
3870.91 1.03
3872.5 2.23
3875.87 1.66
3877.71 0.99
3878.93 2.18
3880.73 3.0
3885.25 1.0
3886.59 1.29
3887.45 3.28
3888.52 2.1
3890.59 2.77
3891.77 1.61
3895.19 2.72
3898.55 0.87
3899.7 2.02
3902.04 1.64
3902.6 2.99
3904.04 2.45
3905.75 4.11
3908.05 1.79
3910.01 1.53
3911.78 2.31
3914.1 2.21
3915.99 1.15
3918.0 1.26
3920.04 1.78
3922.21 0.62
3926.05 0.84
3928.08 1.52
3929.42 1.0
3932.35 2.08
3933.75 1.04
3938.01 1.26
3938.75 2.25
3940.18 0.8
3942.26 1.27
3943.23 1.53
3945.03 3.12
3946.84 1.19
3948.17 1.56
3950.28 3.55
3952.0 3.4
3953.98 1.81
3956.03 4.02
3958.8 0.99
3961.31 0.41
3961.99 2.46
3963.99 1.44
3966.04 2.13
3968.02 1.85
3970.0 3.82
3972.01 1.47
3974.01 2.32
3976.01 2.19
3978.0 2.86
3981.02 0.97
3981.99 1.19
3983.99 3.48
3986.0 2.75
3988.01 1.7
3990.03 1.09
3992.12 1.25
3994.01 1.43
3996.0 1.33
3998.0 1.29
4000.01 2.65
4002.0 2.19
4004.0 3.65
4006.01 2.51
4007.99 3.38
4010.0 1.13
4012.03 3.33
4014.4 1.43
4016.0 1.34
4018.0 1.49
4020.01 2.46
4022.0 2.99
4024.02 1.72
4026.02 2.45
4027.99 1.51
4030.01 2.61
4032.94 0.66
4034.2 1.5
4036.0 1.63
4038.01 1.2
4040.09 2.51
4043.54 1.08
4045.22 2.28
4046.79 2.7
4048.11 2.98
4051.3 3.94
4052.68 1.0
4055.12 2.57
4057.34 1.79
4061.02 2.88
4063.18 2.69
4065.54 2.14
4067.63 2.77
4069.34 3.24
4072.25 1.41
4075.9 1.22
4077.96 1.44
4078.83 1.05
4080.34 1.16
4081.29 1.16
4082.03 3.9
4083.56 2.57
4085.58 3.19
4087.55 2.55
4089.56 1.13
4091.6 1.06
4093.55 2.41
4095.55 2.7
4098.65 1.55
4099.97 1.04
4101.55 3.14
4103.56 2.06
4105.57 3.06
4107.55 3.11
4109.55 3.05
4111.56 3.71
4113.56 2.72
4115.92 2.68
4117.59 2.57
4119.57 1.23
4121.55 1.31
4125.19 1.09
4125.93 2.86
4127.84 1.19
4129.55 0.55
4131.6 1.41
4133.95 0.9
4136.09 1.38
4138.08 1.55
4140.31 3.15
4142.97 3.31
4144.77 1.71
4146.79 2.22
4149.17 1.57
4150.44 4.35
4152.63 0.79
4155.23 1.43
4156.58 1.36
4157.89 2.0
4159.63 0.32
4162.07 1.55
4165.21 1.61
4168.93 1.26
4169.92 2.22
4170.62 2.47
4171.85 3.1
4173.8 0.9
4175.8 1.49
4177.81 1.66
4179.8 2.83
4181.8 1.66
4183.84 1.97
4185.84 2.36
4187.8 1.31
4189.82 1.9
4191.81 2.59
4193.81 1.2
4195.82 1.11
4197.82 3.37
4199.84 3.03
4201.91 1.13
4203.81 2.7
4205.8 3.33
4207.82 2.4
4209.81 1.15
4211.8 2.71
4213.83 3.11
4215.81 1.91
4217.81 1.9
4219.8 1.47
4221.84 1.65
4223.83 1.04
4225.81 1.98
4227.81 3.11
4229.81 1.84
4231.82 1.54
4233.83 1.68
4235.88 3.27
4238.13 1.16
4239.8 2.05
4241.81 0.74
4243.85 2.33
4245.8 2.33
4247.81 2.62
4249.9 1.04
4251.88 2.84
4253.8 2.07
4255.85 1.92
4257.81 2.75
4259.8 2.23
4261.81 3.39
4263.83 3.32
4265.86 1.76
4267.83 2.04
4269.8 1.21
4271.82 2.47
4273.81 2.33
4275.8 2.05
4278.16 1.15
4279.83 1.52
4281.81 2.7
4284.76 3.67
4286.8 1.07
4287.84 1.33
4289.83 1.31
4291.81 2.73
4294.34 0.74
4295.84 1.51
4297.82 1.99
4299.88 2.19
4301.83 1.36
4303.81 1.62
4305.86 3.89
4307.88 1.88
4310.0 1.19
4311.8 2.1
4313.82 1.76
4316.12 3.21
4318.08 1.51
4320.36 1.5
4322.52 1.84
4325.24 1.79
4328.22 1.95
4330.86 2.68
4333.54 0.98
4335.89 2.69
4339.39 2.64
4340.02 3.19
4340.95 1.58
4342.47 3.59
4343.32 3.53
4345.14 1.35
4346.4 1.38
4347.87 1.59
4349.82 1.98
4351.8 3.53
4353.82 2.58
4355.82 2.02
4357.81 2.64
4359.81 1.21
4361.81 3.41
4364.54 1.37
4365.81 1.43
4367.82 2.05
4369.82 0.98
4371.83 1.32
4373.83 2.36
4375.82 2.44
4377.85 1.93
4379.84 0.95
4382.11 2.74
4383.82 2.39
4385.81 1.22
4387.81 2.76
4389.82 2.43
4391.81 2.16
4393.84 1.29
4395.82 2.13
4397.84 1.92
4399.81 1.85
4401.81 1.5
4403.88 2.14
4405.81 2.75
4407.82 3.24
4409.82 2.11
4412.09 1.6
4414.06 0.98
4415.82 3.71
4418.08 2.5
4420.06 2.56
4422.07 2.07
4424.14 3.56
4426.06 3.77
4428.09 1.44
4430.09 2.82
4432.06 1.91
4434.06 1.38
4436.09 1.72
4438.13 1.74
4440.06 3.39
4442.45 2.07
4444.07 2.17
4446.09 1.86
4448.09 1.8
4450.07 2.68
4452.06 2.35
4454.07 2.65
4456.11 2.91
4458.12 2.14
4460.07 0.91
4462.07 1.21
4464.08 1.17
4466.06 1.37
4468.07 2.92
4470.6 1.64
4472.06 3.42
4474.21 1.59
4476.09 3.94
4478.06 2.63
4480.06 3.08
4482.07 3.63
4484.08 1.69
4486.06 2.64
4488.08 1.96
4490.07 0.93
4492.06 3.54
4494.07 2.22
4496.07 2.4
4498.06 3.49
4500.07 1.74
4502.21 1.21
4504.06 1.29
4506.11 0.72
4508.07 3.65
4510.07 2.72
4512.06 1.72
4514.07 3.53
4516.1 3.09
4518.06 3.85
4520.44 2.47
4522.12 3.23
4524.06 1.71
4526.06 3.36
4528.13 3.72
4530.07 3.52
4532.06 2.89
4534.08 2.89
4536.07 3.45
4538.06 3.45
4540.1 3.45
4542.06 3.45
4544.06 3.45
4546.06 3.45
4548.08 2.89
4550.06 2.91
4552.07 2.81
4554.07 1.11
4556.07 2.83
4558.14 2.46
4560.07 4.29
4562.08 3.61
4564.1 1.7
4566.07 1.52
4568.12 1.86
4570.1 1.29
4572.06 1.52
4574.07 1.99
4576.08 2.03
4578.1 1.89
4580.07 3.45
4582.07 1.6
4584.07 1.92
4586.07 2.34
4588.07 2.26
4590.06 2.3
4592.07 3.76
4594.07 2.0
4596.08 0.99
4598.1 1.48
4600.09 1.21
4602.11 2.73
4604.11 1.3
4606.23 1.27
4608.07 1.02
4610.06 2.74
4612.09 1.06
4614.07 1.73
4616.16 1.09
4618.07 1.71
4620.09 1.3
4622.1 2.55
4624.06 2.63
4626.07 0.68
4628.1 2.87
4630.07 0.77
4632.12 0.68
4634.11 2.09
4636.09 1.7
4638.14 1.73
4640.07 1.58
4642.08 3.41
4644.06 1.33
4646.12 1.32
4648.07 1.73
4650.06 1.78
4652.11 0.94
4654.07 2.15
4656.06 3.35
4658.06 3.61
4660.11 2.19
4662.08 1.63
4664.32 3.1
4666.07 3.26
4668.08 2.3
4670.8 1.34
4672.32 2.06
4674.33 1.27
4676.63 1.07
4678.35 1.89
4680.33 2.31
4682.33 2.31
4684.54 2.79
4686.32 2.39
4688.33 2.06
4690.32 3.84
4692.32 3.37
4694.35 1.7
4696.37 0.84
4698.36 1.63
4700.32 4.06
4702.38 1.0
4704.55 1.11
4706.32 2.12
4708.36 2.67
4710.31 1.69
4712.35 0.85
4714.4 2.21
4716.32 1.54
4718.49 1.44
4720.36 3.18
4722.31 1.74
4724.35 1.64
4726.33 2.03
4728.37 1.11
4730.38 0.58
4732.46 1.6
4734.33 1.42
4736.34 0.47
4738.32 0.75
4740.33 2.62
4742.32 1.59
4744.4 1.38
4746.33 1.68
4748.38 2.84
4750.32 1.42
4752.36 1.66
4754.33 2.62
4756.51 1.69
4758.32 1.6
4760.41 2.43
4762.32 1.6
4764.35 0.9
4766.35 2.55
4768.39 1.67
4770.38 3.02
4772.32 3.7
4774.35 3.9
4776.44 2.17
4778.32 0.52
4780.63 1.53
4782.38 1.06
4784.32 1.41
4786.33 2.04
4788.32 2.54
4790.36 1.52
4792.33 1.54
4794.35 1.4
4796.32 2.48
4798.32 3.47
4800.33 3.02
4802.35 3.07
4804.44 1.36
4806.33 2.74
4808.32 1.88
4810.54 1.88
4812.87 1.85
4814.32 3.25
4816.57 1.77
4818.32 3.5
4820.33 3.88
4822.32 2.44
4824.32 2.78
4826.95 0.96
4828.32 2.87
4830.32 1.78
4832.37 3.04
4834.32 2.07
4836.32 3.44
4838.34 2.21
4840.33 1.39
4842.37 1.96
4844.33 2.02
4846.33 2.11
4848.35 1.83
4850.42 1.93
4852.39 1.76
4854.33 1.66
4856.38 1.14
4858.35 2.97
4860.35 3.8
4862.36 3.68
4864.33 3.66
4866.33 1.24
4868.39 1.48
4870.33 4.07
4872.33 2.0
4874.41 2.01
4876.32 3.99
4878.35 1.4
4880.37 0.84
4882.32 1.93
4884.37 0.79
4886.33 3.28
4888.32 3.45
4890.32 3.61
4892.33 2.97
4894.36 2.39
4896.32 2.22
4898.33 2.12
4900.33 3.24
4902.38 2.14
4904.32 1.99
4906.33 1.28
4908.36 1.45
4910.37 0.82
4912.33 2.19
4914.38 2.05
4916.58 3.21
4918.35 0.94
4920.33 3.14
4922.57 1.96
4924.47 3.24
4926.37 3.11
4928.65 3.88
4930.35 2.77
4932.55 3.12
4935.09 0.99
4936.58 3.55
4938.61 2.91
4941.25 1.14
4943.0 1.61
4944.94 2.36
4946.96 3.04
4948.94 1.54
4950.78 1.49
4952.6 4.2
4954.64 1.34
4956.59 1.66
4958.89 0.36
4960.9 3.53
4962.67 1.18
4964.71 1.73
4967.09 0.56
4968.64 2.71
4970.58 3.73
4973.04 3.15
4974.97 2.6
4976.64 2.05
4978.58 3.93
4980.57 1.58
4982.96 1.31
4984.69 1.75
4986.55 3.36
4988.58 1.96
4990.58 2.54
4992.71 2.19
4994.52 1.86
4996.57 2.39
4999.27 2.15
5000.57 3.15
5002.58 2.74
5004.64 1.35
5006.92 0.72
5009.04 3.23
5010.98 0.62
5012.64 1.44
5014.58 1.75
5016.59 1.79
5018.59 3.78
5020.57 2.28
5022.58 2.55
5024.61 0.07
5026.61 1.17
5028.58 1.3
5030.98 1.35
5032.59 1.46
5034.54 3.3
5036.58 2.88
5038.58 2.19
5040.57 3.05
5042.58 1.89
5044.59 3.62
5046.59 2.91
5048.58 1.97
5050.59 2.26
5052.62 1.04
5054.59 2.46
5056.58 1.58
5058.7 2.8
5060.89 1.13
5062.58 2.86
5064.65 2.79
5066.79 3.71
5068.58 2.65
5070.58 3.12
5072.59 3.47
5075.39 1.37
5077.43 1.05
5078.79 1.66
5080.58 0.83
5082.74 1.5
5084.61 2.8
5086.57 1.91
5088.58 1.87
5090.58 3.43
5092.67 1.51
5094.6 0.81
5096.58 1.06
5098.59 1.8
5100.63 2.6
5102.62 1.04
5104.68 1.11
5106.67 1.75
5108.68 0.44
5110.68 0.99
5112.59 2.41
5114.59 2.87
5116.58 3.23
5118.59 3.39
5120.68 1.85
5122.76 1.67
5124.59 1.65
5126.58 3.29
5128.77 1.55
5130.57 3.37
5133.06 2.22
5134.63 2.26
5136.6 3.5
5138.61 0.79
5140.58 2.21
5143.59 1.8
5146.68 1.48
5148.5 2.42
5150.87 1.22
5152.19 1.86
5154.8 1.29
5156.67 1.63
5161.7 0.71
5162.38 1.2
5163.63 1.76
5166.28 1.28
5167.56 1.54
5169.58 1.15
5170.12 2.68
5171.07 1.54
5172.83 2.01
5174.83 1.46
5176.99 2.72
5178.84 3.63
5180.87 0.97
5182.86 3.24
5185.71 0.63
5187.53 2.47
5189.37 0.86
5190.84 1.97
5192.83 3.02
5195.0 0.89
5196.84 0.65
5198.84 3.77
5200.83 1.29
5202.84 1.79
5204.84 1.25
5206.83 3.69
5208.84 1.07
5210.85 2.43
5212.83 2.01
5214.9 2.19
5216.89 1.73
5218.87 1.92
5221.02 0.97
5222.98 1.61
5225.04 3.62
5227.16 1.08
5228.87 1.42
5230.85 2.85
5232.83 2.99
5234.84 3.03
5236.84 3.22
5238.83 3.51
5240.83 2.5
5242.87 2.08
5244.85 1.46
5246.92 1.16
5248.84 1.79
5250.84 1.38
5252.87 1.79
5254.84 1.89
5256.84 1.63
5258.87 2.4
5260.84 2.28
5262.87 2.49
5264.93 1.1
5266.83 1.12
5268.84 1.5
5270.84 3.1
5272.91 1.0
5274.84 3.63
5276.84 1.51
5278.86 2.41
5280.87 3.45
5282.86 1.21
5284.86 1.45
5286.83 3.37
5288.84 2.36
5294.03 0.38
5294.54 1.78
5296.57 1.78
5298.58 3.12
5300.57 3.12
5302.57 1.03
5304.58 1.91
5306.57 0.92
5308.61 1.35
5310.58 1.05
5312.6 1.85
5314.57 3.49
5316.57 1.76
5318.59 0.91
5320.57 1.78
5322.47 0.97
5324.56 3.02
5326.57 1.71
5328.6 2.31
5330.58 1.1
5332.58 1.75
5334.57 2.13
5336.6 1.57
5338.68 1.63
5341.74 1.51
5343.13 1.4
5344.69 2.48
5346.59 2.3
5348.79 0.93
5350.74 1.08
5353.03 1.14
5354.62 2.86
5356.95 1.91
5359.19 1.37
5361.52 0.85
5364.2 2.44
5366.68 1.51
5369.14 4.07
5371.52 4.13
5373.58 1.27
5376.05 3.32
5378.81 0.82
5379.42 3.08
5380.1 2.42
5381.5 1.75
5382.57 1.64
5384.6 1.04
5386.57 1.98
5388.6 3.07
5390.56 3.27
5392.57 0.95
5394.83 1.04
5396.62 1.23
5398.56 1.03
5400.57 1.6
5402.57 2.11
5404.56 3.44
5406.66 2.04
5408.58 1.69
5410.56 2.14
5412.58 2.14
5414.58 3.96
5416.58 1.53
5418.84 1.66
5420.57 3.8
5422.83 1.58
5424.84 1.93
5426.82 1.69
5428.84 2.59
5430.87 1.46
5432.8 3.32
5434.85 2.77
5436.81 2.11
5438.82 1.54
5440.82 1.74
5442.85 2.23
5444.83 3.19
5446.82 1.52
5448.88 1.6
5450.82 2.09
5452.82 1.82
5454.92 3.1
5456.81 3.77
5458.76 1.25
5460.83 1.21
5462.83 2.19
5464.86 1.28
5466.85 0.91
5468.83 2.7
5470.82 1.1
5473.14 1.36
5474.83 1.99
5476.83 3.3
5478.82 2.31
5480.87 2.28
5482.83 1.93
5484.82 1.46
5486.95 1.99
5488.83 3.41
5490.83 5.31
5492.84 1.72
5494.82 2.55
5496.85 1.75
5498.82 0.9
5500.87 1.84
5502.85 3.53
5504.83 2.73
5506.83 1.87
5508.88 1.25
5510.82 3.21
5512.83 1.32
5514.83 3.53
5516.82 3.71
5518.78 0.97
5520.83 1.38
5522.82 1.55
5524.86 1.83
5526.82 3.67
5528.98 2.79
5531.15 1.13
5532.86 1.93
5534.9 2.81
5536.83 4.03
5540.01 2.27
5542.3 1.4
5545.55 1.95
5547.25 1.22
5550.51 1.2
5552.99 1.59
5555.36 3.15
5557.39 1.64
5558.77 3.43
5561.66 1.04
5562.21 1.75
5564.39 0.92
5566.2 1.66
5567.43 3.2
5569.67 0.96
5570.76 0.86
5572.98 1.36
5575.04 3.69
5577.39 1.84
5579.99 1.17
5581.26 3.07
5583.23 3.12
5585.69 3.58
5588.89 1.8
5592.01 1.23
5592.93 3.1
5595.12 0.94
5595.72 1.16
5596.46 3.3
5598.57 3.16
5600.94 2.63
5603.83 1.81
5604.93 1.81
5606.36 1.64
5608.43 1.63
5610.36 2.84
5612.61 2.29
5614.48 2.3
5616.79 1.29
5618.84 3.46
5620.37 1.53
5622.37 1.69
5624.45 1.86
5626.36 1.9
5628.35 1.12
5630.54 1.4
5632.36 2.67
5634.55 1.76
5636.36 1.96
5638.36 1.74
5641.58 1.81
5643.57 0.08
5645.94 0.86
5648.1 1.21
5649.74 1.09
5651.81 2.35
5654.0 2.7
5654.76 1.48
5656.38 1.85
5658.36 2.57
5660.37 1.36
5662.36 3.38
5664.42 1.18
5666.36 1.5
5668.45 1.15
5670.36 1.28
5672.72 0.53
5674.37 0.67
5676.65 0.68
5678.61 2.66
5680.37 3.07
5682.61 1.52
5684.64 1.31
5686.6 3.15
5688.64 1.79
5690.61 1.55
5692.62 2.0
5694.63 1.24
5696.61 2.57
5698.61 3.68
5700.62 1.65
5702.63 1.91
5704.61 1.12
5706.62 3.47
5708.61 0.88
5710.69 1.97
5712.62 2.87
5714.61 3.44
5716.63 1.85
5718.62 2.04
5720.66 2.2
5722.58 3.2
5724.61 3.64
5726.82 2.47
5728.86 2.63
5731.38 0.9
5732.86 3.76
5734.61 3.88
5737.5 1.52
5739.53 1.92
5741.32 0.85
5743.59 1.37
5746.15 1.54
5749.45 1.83
5752.59 2.85
5755.67 1.87
5757.85 1.73
5758.65 2.73
5760.93 2.39
5763.14 1.99
5765.19 0.81
5766.15 1.77
5766.81 2.75
5767.43 2.68
5768.68 2.31
5770.63 3.48
5773.17 1.01
5774.68 1.68
5776.61 2.6
5778.62 3.03
5780.61 2.2
5782.73 3.83
5784.56 2.09
5786.62 3.09
5788.61 2.52
5790.62 2.2
5792.63 3.17
5794.57 2.81
5796.61 1.82
5798.62 1.32
5800.61 1.67
5802.61 1.97
5805.07 2.25
5806.77 1.1
5808.61 2.05
5812.35 1.69
5814.18 1.51
5817.18 3.19
5818.74 1.1
5820.58 3.3
5822.77 3.22
5823.62 0.63
5828.11 0.81
5828.93 1.23
5830.33 3.05
5833.24 1.28
5834.36 1.72
5835.89 3.14
5837.33 1.09
5838.8 2.44
5841.51 2.84
5843.82 1.56
5847.07 1.81
5848.46 2.71
5849.51 2.19
5852.52 2.41
5854.84 1.39
5857.72 1.49
5859.44 2.37
5860.94 3.94
5863.24 2.66
5864.25 1.89
5867.07 1.36
5869.53 1.28
5870.88 2.06
5872.36 1.19
5874.16 2.7
5876.21 1.82
5878.18 3.46
5880.16 3.55
5882.17 3.52
5884.2 1.67
5886.19 3.36
5888.17 2.81
5890.18 2.09
5892.18 3.24
5894.17 2.19
5896.17 3.7
5898.18 4.05
5900.17 3.93
5902.23 2.23
5904.5 1.41
5906.23 3.27
5908.17 1.43
5910.19 1.51
5912.18 3.13
5914.22 2.14
5916.17 3.09
5918.41 1.94
5920.2 1.15
5922.26 3.24
5924.5 1.8
5926.61 2.3
5928.53 1.62
5930.39 2.89
5932.44 3.07
5934.74 3.7
5938.46 1.14
5940.04 0.72
5942.02 3.52
5944.02 1.87
5946.0 1.62
5948.01 0.88
5950.03 2.74
5952.02 2.54
5954.02 3.09
5955.93 2.85
5958.03 1.19
5960.08 1.41
5961.98 1.66
5964.08 1.68
5966.18 1.44
5968.01 3.57
5970.2 2.27
5972.46 2.44
5975.34 0.95
5976.8 3.84
5979.17 2.98
5981.31 2.15
5982.94 2.08
5985.41 1.76
5987.35 3.23
5988.79 2.74
5991.09 1.49
5992.69 2.1
5994.8 2.07
5996.88 1.47
5998.52 1.27
6000.72 0.94
6003.08 1.29
6005.64 1.03
6007.41 3.93
6009.98 1.4
6010.78 1.13
6013.79 3.1
6014.52 3.07
6016.1 1.53
6018.02 1.69
6020.03 2.41
6022.02 2.93
6024.02 1.1
6026.01 1.53
6028.04 1.31
6030.04 3.44
6031.94 1.28
6034.01 1.04
6036.02 3.59
6038.0 2.13
6040.01 1.94
6042.05 2.25
6044.02 2.72
6046.08 1.42
6048.11 2.83
6050.02 0.92
6052.02 3.39
6054.01 2.8
6056.02 3.89
6058.01 1.84
6060.09 2.3
6062.0 3.16
6064.02 1.57
6066.01 2.02
6068.02 1.55
6070.01 3.27
6072.01 3.18
6074.01 1.24
6076.06 2.6
6078.4 1.71
6080.17 1.0
6082.05 0.83
6084.04 3.12
6086.01 1.38
6088.02 3.46
6090.02 3.94
6092.02 2.81
6094.01 1.52
6096.02 2.25
6098.01 1.43
6100.01 2.94
6102.05 0.08
6104.04 3.74
6106.01 2.22
6108.02 2.19
6110.02 2.7
6112.01 1.8
6114.02 2.72
6116.02 1.28
6118.01 2.9
6120.01 2.41
6122.02 2.01
6124.01 2.89
6126.01 0.88
6128.16 1.95
6130.2 3.07
6132.17 1.65
6134.21 0.93
6136.19 3.76
6138.22 3.45
6141.5 1.06
6144.54 1.33
6149.16 0.8
6149.82 1.29
6151.75 1.03
6152.57 1.81
6153.59 1.5
6155.6 3.5
6157.58 2.15
6159.59 3.36
6161.59 2.47
6163.58 1.62
6165.6 2.18
6167.61 3.33
6169.61 1.46
6171.62 2.0
6173.6 1.12
6175.71 0.68
6177.86 1.79
6179.66 3.64
6181.67 1.93
6183.83 1.59
6186.06 1.92
6187.96 2.16
6190.28 1.65
6193.03 2.7
6194.01 4.31
6195.78 1.79
6197.84 2.68
6200.86 1.71
6201.85 2.24
6204.04 1.03
6205.84 3.16
6207.84 2.52
6209.83 3.11
6211.86 2.74
6213.84 3.25
6215.85 2.26
6217.84 0.65
6219.84 3.38
6221.86 2.82
6223.84 3.23
6225.84 1.7
6228.0 3.06
6229.83 2.29
6231.84 3.31
6233.84 2.41
6236.09 1.91
6237.84 3.62
6240.2 3.13
6242.92 2.55
6244.19 2.06
6246.11 2.64
6247.84 2.91
6251.19 1.24
6252.27 0.85
6253.85 0.74
6255.9 1.9
6257.86 1.27
6259.89 1.04
6261.85 3.09
6263.89 4.01
6265.73 2.17
6269.11 1.95
6272.2 0.76
6272.9 0.91
6274.62 0.27
6276.12 0.42
6278.44 0.8
6279.84 1.74
6281.85 1.94
6283.84 3.45
6285.84 2.87
6287.85 1.47
6289.84 3.15
6291.84 3.25
6294.03 2.02
6295.84 1.62
6297.87 3.5
6299.82 3.46
6301.85 4.16
6303.84 3.61
6305.85 2.07
6307.85 1.91
6309.84 2.69
6311.85 3.04
6313.85 2.28
6315.84 1.94
6317.84 1.97
6319.9 2.27
6321.85 3.37
6323.83 3.13
6325.85 1.17
6327.87 1.81
6329.84 2.81
6331.84 2.28
6333.85 2.02
6335.84 3.08
6337.84 1.82
6339.85 1.2
6341.85 3.02
6344.05 1.67
6345.84 4.01
6347.82 3.83
6349.84 2.21
6351.85 2.62
6353.85 3.54
6355.92 4.23
6357.9 1.74
6360.45 3.0
6361.84 3.44
6363.92 1.75
6366.44 1.69
6367.86 3.75
6371.13 0.96
6372.19 1.57
6373.87 1.99
6375.84 3.2
6377.87 1.5
6381.58 1.33
6384.06 1.39
6385.03 3.87
6386.64 2.03
6388.58 1.24
6390.39 2.3
6392.38 3.43
6395.27 0.7
6397.15 2.57
6399.74 1.75
6401.51 3.78
6403.98 3.56
6406.51 1.58
6409.64 1.08
6412.91 2.31
6414.55 1.93
6416.0 0.89
6417.37 3.71
6420.7 1.12
6421.28 2.66
6422.19 2.12
6423.78 1.22
6424.92 3.5
6426.03 2.87
6428.96 0.64
6430.48 0.91
6433.14 0.77
6433.85 2.04
6436.1 3.04
6438.1 2.68
6440.08 1.55
6442.13 1.29
6444.25 1.14
6446.43 1.3
6448.35 2.45
6449.99 2.51
6452.09 2.14
6454.19 2.42
6456.08 2.17
6458.13 3.46
6462.14 0.6
6463.63 2.98
6465.63 3.13
6467.51 1.39
6469.65 2.92
6471.62 2.13
6473.69 1.09
6475.63 2.15
6477.63 1.69
6479.62 0.82
6481.62 0.97
6483.7 1.14
6485.63 4.03
6487.62 3.66
6489.63 2.17
6491.65 2.05
6493.7 1.12
6495.7 1.58
6497.69 1.28
6499.64 2.91
6501.63 3.59
6503.63 2.95
6505.64 2.41
6507.65 3.72
6509.67 2.72
6511.63 2.44
6513.64 2.71
6515.63 2.95
6517.62 3.3
6519.64 3.41
6521.62 2.97
6523.88 3.21
6525.68 2.02
6527.8 1.94
6530.02 1.56
6531.89 2.23
6533.62 2.48
6535.6 2.2
6537.69 1.82
6541.14 0.35
6544.81 0.86
6547.73 1.29
6548.58 1.54
6549.73 1.04
6550.78 1.06
6553.17 1.15
6554.23 2.68
6555.97 3.38
6557.63 4.03
6559.64 3.78
6561.76 1.1
6563.63 3.94
6565.64 3.98
6567.54 2.94
6569.63 3.18
6571.64 3.53
6574.0 1.56
6576.16 1.11
6577.63 2.44
6579.63 1.67
6581.63 3.19
6583.63 3.66
6585.64 3.63
6587.63 3.42
6589.65 3.27
6592.09 3.49
6593.63 3.42
6595.93 1.84
6597.72 1.15
6600.09 1.53
6601.65 2.53
6603.68 2.3
6605.64 0.78
6607.63 3.3
6609.69 0.45
6611.8 2.34
6613.63 1.38
6615.63 1.75
6617.64 1.93
6619.63 2.86
6621.63 3.69
6623.66 3.75
6625.64 3.87
6627.67 4.36
6631.29 1.03
6631.83 1.72
6633.87 2.14
6635.67 2.16
6637.64 2.54
6639.64 1.68
6641.65 1.17
6643.63 3.69
6645.64 2.83
6647.66 1.94
6649.64 1.69
6651.63 3.52
6653.63 1.45
6655.63 2.09
6657.67 2.33
6659.63 1.1
6661.64 2.38
6663.64 2.75
6666.24 0.83
6668.04 1.1
6669.64 3.55
6671.64 3.69
6673.63 2.04
6675.79 1.13
6677.64 1.8
6679.88 2.43
6681.64 3.35
6683.64 3.33
6685.64 3.47
6687.88 3.18
6689.91 1.09
6691.9 1.95
6693.88 1.13
6695.89 1.3
6697.9 2.87
6699.88 2.83
6701.88 3.33
6703.96 1.67
6706.13 1.82
6707.97 1.26
6709.89 1.71
6711.89 3.59
6713.88 2.66
6716.07 0.71
6718.27 0.88
6721.44 0.63
6723.42 1.22
6725.41 1.37
6727.44 2.77
6729.42 2.73
6731.42 2.8
6733.41 2.26
6735.42 1.66
6737.46 1.44
6739.43 1.88
6741.41 1.47
6743.42 1.62
6745.49 1.38
6747.41 2.88
6749.44 2.13
6751.31 2.25
6753.41 2.44
6755.42 2.99
6757.42 3.45
6759.41 2.37
6762.42 1.07
6764.1 0.49
6765.43 1.45
6767.47 1.45
6769.48 1.43
6771.47 1.47
6773.41 1.49
6775.46 0.96
6777.43 3.41
6779.41 3.63
6781.42 2.33
6783.42 2.31
6785.43 1.18
6787.42 1.64
6789.46 2.03
6791.41 1.84
6793.51 2.16
6795.42 1.78
6797.43 2.24
6799.42 3.02
6801.42 2.56
6803.47 3.2
6805.41 3.41
6807.65 1.87
6809.64 1.42
6811.42 2.09
6813.86 1.08
6817.12 0.42
6818.46 2.29
6820.49 2.42
6824.19 0.5
6827.55 0.47
6828.66 0.77
6830.01 3.48
6831.66 2.47
6832.87 0.99
6834.04 3.3
6836.29 4.02
6838.51 1.84
6840.71 1.71
6842.6 1.44
6844.64 2.07
6845.97 3.9
6847.75 1.13
6849.79 0.89
6851.99 2.11
6854.38 2.53
6855.94 3.15
6857.59 0.45
6859.8 4.08
6861.87 1.16
6864.34 3.18
6867.02 1.27
6867.65 1.76
6870.02 1.84
6872.76 1.02
6874.05 2.72
6875.5 3.02
6877.4 3.08
6879.42 3.07
6881.62 1.5
6883.45 2.07
6885.44 1.25
6887.42 2.45
6890.0 0.66
6891.97 3.33
6894.23 3.72
6896.4 0.6
6898.17 3.35
6900.48 1.68
6902.86 2.31
6906.15 1.36
6907.36 1.63
6908.19 2.33
6909.52 2.14
6911.42 3.02
6913.42 0.18
6915.43 1.38
6917.61 2.51
6919.6 2.51
6921.43 2.05
6923.43 1.45
6925.42 1.5
6927.42 1.03
6929.48 1.76
6931.67 1.97
6933.49 3.54
6935.43 4.1
6937.45 3.4
6939.58 2.59
6941.71 1.55
6943.69 3.67
6945.53 2.64
6947.82 1.06
6949.76 2.93
6952.47 2.12
6955.96 1.22
6958.54 2.76
6961.82 1.33
6965.31 0.95
6966.81 1.96
6968.6 0.6
6970.48 1.85
6971.84 2.58
6973.75 2.2
6975.4 2.66
6976.78 2.87
6978.23 3.5
6980.3 1.62
6982.19 1.48
6982.82 1.91
6984.23 1.37
6985.7 1.87
6987.68 2.5
6989.67 2.23
6991.67 1.47
6993.67 1.72
6995.61 3.26
6997.67 1.91
6999.8 1.81
7001.68 1.71
7003.73 1.22
7005.67 2.85
7007.68 3.96
7009.65 3.9
7011.63 2.35
7013.71 2.16
7015.97 1.39
7018.18 0.13
7021.29 0.85
7022.36 3.42
7024.23 1.06
7025.72 1.58
7027.77 1.64
7029.87 1.63
7032.3 1.42
7034.32 2.45
7037.02 1.16
7038.97 2.54
7041.33 1.59
7043.13 1.51
7045.15 0.77
7046.9 3.26
7049.34 1.04
7051.81 3.0
7054.47 1.43
7057.37 1.26
7060.19 2.21
7063.01 2.48
7065.54 1.38
7067.85 2.15
7070.09 1.63
7072.34 1.3
7074.16 2.54
7075.93 1.2
7078.77 2.02
7080.12 0.72
7081.96 3.43
7083.72 1.81
7085.21 2.91
7086.97 1.49
7087.87 1.0
7089.11 0.31
7090.84 1.82
7092.84 3.56
7095.04 3.88
7096.84 0.91
7098.87 1.11
7100.85 0.94
7102.89 3.18
7104.86 3.37
7106.84 2.49
7108.83 3.86
7110.84 1.91
7112.85 1.96
7114.9 2.94
7116.87 3.82
7118.95 3.14
7120.85 2.48
7122.87 1.05
7124.88 2.77
7126.85 2.64
7129.22 2.07
7131.17 2.62
7133.42 1.96
7135.37 2.91
7138.35 1.82
7141.47 0.61
7143.99 2.51
7147.19 2.49
7149.45 1.19
7152.19 1.8
7153.7 0.92
7156.03 3.01
7158.55 1.17
7160.94 2.73
7162.9 1.81
7164.33 3.28
7165.52 3.49
7166.53 2.58
7167.64 1.7
7168.75 1.13
7170.09 1.42
7170.89 1.87
7172.85 1.72
7174.84 1.12
7177.11 1.92
7179.07 2.6
7180.85 2.32
7182.84 2.71
7184.85 2.66
7189.36 0.81
7190.58 1.31
7191.43 1.18
7193.03 3.09
7195.99 0.81
7198.16 0.65
7199.1 2.25
7201.02 1.04
7203.09 2.99
7205.1 2.85
7207.15 0.78
7209.12 0.56
7211.1 1.19
7213.1 1.58
7215.07 1.46
7217.1 1.33
7219.1 1.05
7221.09 1.31
7223.1 0.85
7225.1 1.12
7227.34 1.86
7229.09 0.93
7231.1 2.18
7233.1 2.22
7235.18 1.53
7237.12 0.78
7239.11 3.32
7241.09 0.94
7243.15 2.64
7245.1 2.12
7247.1 3.25
7249.09 3.04
7251.1 1.33
7253.1 1.45
7255.2 0.95
7257.25 3.03
7259.24 1.18
7261.09 2.25
7263.01 2.21
7265.13 2.39
7267.09 1.26
7269.12 1.29
7271.18 0.88
7273.15 2.65
7275.09 0.9
7277.1 1.63
7279.11 0.68
7281.11 0.89
7283.11 1.27
7285.11 1.75
7287.09 3.43
7289.09 1.92
7291.1 3.36
7293.1 1.47
7295.09 2.41
7297.1 2.43
7299.14 1.08
7301.09 3.26
7303.1 0.42
7305.1 2.25
7307.09 1.09
7309.12 3.25
7311.68 0.28
7313.1 0.68
7315.15 1.1
7317.14 0.41
7319.1 0.8
7321.17 0.39
7323.1 0.5
7325.1 2.18
7327.09 2.49
7329.1 2.22
7331.1 2.57
7333.11 1.84
7335.1 2.78
7337.1 2.85
7339.1 3.21
7341.09 3.18
7343.1 3.75
7345.1 3.99
7347.14 0.86
7349.16 1.02
7351.1 0.62
7353.21 2.38
7355.1 2.0
7357.1 2.52
7359.13 2.56
7361.12 2.48
7363.1 1.4
7365.1 1.55
7367.09 0.75
7369.14 1.35
7371.18 3.64
7373.11 1.2
7375.13 1.39
7377.27 2.23
7379.11 2.33
7381.09 1.64
7383.16 2.98
7385.1 3.8
7387.1 2.27
7389.14 1.1
7391.91 1.52
7394.34 2.29
7396.84 2.35
7398.9 1.15
7399.83 2.53
7402.42 2.99
7406.44 0.82
7408.13 3.24
7411.09 2.6
7412.71 1.21
7414.28 2.74
7415.7 1.82
7416.94 1.56
7419.53 0.8
7422.11 3.15
7424.83 1.49
7427.39 1.39
7428.61 0.95
7430.2 1.16
7432.79 1.55
7435.05 1.98
7437.39 3.11
7440.03 1.78
7441.24 1.3
7443.34 0.76
7445.35 1.37
7446.95 1.21
7448.98 1.66
7451.78 1.2
7452.49 1.66
7453.1 1.56
7454.97 1.79
7456.95 2.82
7458.94 3.71
7460.99 2.59
7462.99 0.94
7464.95 2.67
7466.96 2.17
7469.15 1.18
7471.05 2.83
7472.84 2.99
7475.19 1.2
7477.04 1.67
7478.98 0.79
7480.94 3.06
7482.95 1.53
7484.95 3.25
7488.51 3.22
7491.08 1.36
7493.59 2.43
7495.95 1.23
7497.62 1.11
7498.6 2.26
7500.89 1.06
7503.38 1.06
7506.27 0.88
7507.85 1.62
7508.36 2.75
7509.71 0.73
7510.95 2.03
7512.96 1.14
7514.95 1.88
7517.13 1.51
7518.94 2.23
7520.96 2.54
7522.95 2.24
7524.97 2.68
7527.01 0.65
7528.95 1.61
7530.96 2.12
7532.98 1.08
7534.97 1.09
7536.95 2.36
7538.94 2.23
7541.14 1.32
7542.97 1.99
7544.95 2.44
7547.26 1.36
7548.95 2.92
7550.96 2.94
7552.99 1.52
7555.03 1.42
7557.08 0.57
7558.96 0.44
7560.95 0.87
7563.21 1.22
7565.25 2.98
7566.95 0.43
7568.95 2.22
7570.96 3.43
7572.94 2.02
7574.99 1.87
7576.96 1.72
7578.94 2.83
7581.04 3.16
7582.95 3.15
7584.96 2.3
7586.89 1.55
7589.17 1.61
7590.94 2.01
7592.95 1.65
7595.3 1.43
7596.96 0.56
7598.99 1.11
7600.98 2.18
7602.96 1.85
7605.31 1.21
7606.95 0.54
7608.95 2.35
7610.96 1.67
7613.36 0.81
7615.03 2.06
7616.96 1.52
7620.12 0.41
7620.95 1.08
7623.03 1.47
7624.94 1.99
7627.1 1.3
7628.96 3.52
7630.94 1.07
7632.97 1.38
7634.97 1.6
7637.0 2.93
7638.95 1.93
7640.97 1.24
7642.96 2.31
7644.94 2.16
7646.95 3.67
7648.96 2.15
7650.98 2.64
7652.95 1.61
7654.96 3.7
7657.03 1.37
7658.96 1.21
7661.26 1.35
7662.96 0.72
7664.95 3.13
7667.0 0.66
7669.04 2.23
7670.94 3.12
7672.95 1.6
7674.96 1.98
7677.08 1.43
7678.95 0.9
7680.95 1.94
7682.96 2.13
7685.04 1.14
7686.95 2.3
7689.21 2.2
7691.43 0.76
7693.22 2.77
7695.14 1.32
7697.26 0.68
7699.25 1.41
7701.2 2.18
7703.21 3.33
7705.26 1.07
7707.23 2.07
7709.21 2.68
7711.27 0.81
7713.23 3.09
7715.21 3.66
7717.23 1.16
7719.2 2.19
7721.2 2.73
7723.27 2.69
7725.2 0.94
7727.23 3.21
7729.22 2.85
7731.22 2.69
7733.03 3.72
7735.21 2.6
7737.2 0.71
7739.26 1.05
7741.22 3.52
7743.24 3.87
7745.86 2.46
7748.26 1.47
7752.15 3.22
7753.43 1.95
7754.92 0.97
7756.16 1.62
7757.4 1.49
7759.24 2.02
7761.05 1.68
7763.57 1.41
7768.44 0.74
7769.28 1.55
7770.17 1.44
7771.21 2.57
7773.2 3.42
7775.21 3.06
7777.2 1.62
7779.24 1.12
7781.21 2.18
7783.2 3.92
7785.2 3.96
7787.21 1.69
7789.27 1.26
7791.23 1.66
7793.21 2.19
7795.42 2.91
7797.2 1.14
7799.16 1.04
7801.25 3.49
7803.2 1.2
7805.21 3.51
7807.21 1.84
7809.21 3.1
7811.23 1.64
7813.21 1.9
7815.22 3.02
7817.2 3.7
7819.2 3.25
7821.27 0.96
7823.3 2.33
7825.56 0.4
7827.76 1.39
7829.22 3.0
7831.2 3.07
7833.21 1.7
7835.25 1.97
7837.2 2.91
7839.21 2.23
7841.24 2.45
7843.24 1.41
7845.21 1.46
7847.21 2.81
7849.2 1.48
7851.22 1.95
7853.23 1.74
7855.23 3.37
7857.2 1.58
7859.73 1.37
7861.33 1.07
7863.26 1.5
7865.2 1.23
7867.18 2.91
7869.29 1.05
7871.3 0.83
7873.21 2.91
7876.07 1.32
7877.2 3.04
7879.21 1.45
7881.21 1.61
7883.23 2.37
7885.81 1.47
7888.08 1.4
7890.44 0.94
7892.49 1.22
7895.0 2.49
7897.74 1.13
7899.92 1.49
7902.3 2.78
7905.22 1.38
7907.69 1.42
7910.37 1.08
7910.99 1.76
7912.07 0.59
7914.67 1.03
7915.9 2.77
7918.08 1.86
7919.89 1.12
7921.11 1.48
7923.17 1.66
7925.06 1.24
7926.36 1.66
7928.2 2.34
7930.99 0.9
7932.8 2.66
7935.25 2.07
7940.09 0.31
7940.64 0.79
7941.49 0.79
7942.37 0.5
7943.45 0.73
7945.46 0.82
7947.21 2.92
7949.5 1.31
7951.46 1.3
7953.46 3.07
7955.45 1.81
7957.46 2.74
7959.5 3.33
7961.67 1.06
7963.45 3.29
7965.46 2.07
7967.46 2.66
7969.46 3.96
7971.51 1.97
7973.51 1.99
7975.45 1.37
7977.45 2.13
7979.53 2.48
7981.47 3.56
7983.46 3.69
7985.46 2.53
7987.47 2.14
7989.46 1.59
7991.46 1.96
7993.45 1.2
7995.47 0.86
7997.46 2.9
7999.46 1.41
8001.48 1.13
8003.46 3.23
8005.5 1.49
8007.49 2.31
8009.5 1.78
8011.31 2.63
8013.76 1.04
8015.45 2.85
8017.46 1.31
8019.47 1.16
8021.46 3.04
8023.46 3.04
8025.51 0.89
8027.76 0.71
8029.5 1.47
8031.46 1.09
8033.5 0.2
8035.45 3.08
8037.75 0.71
8039.49 1.82
8041.46 1.18
8043.47 2.26
8045.49 2.32
8047.48 2.32
8049.5 0.86
8051.46 0.91
8053.53 1.42
8055.46 2.18
8057.75 3.32
8059.47 3.51
8061.81 1.57
8063.47 2.06
8065.46 3.35
8067.47 2.4
8069.37 2.97
8071.46 2.74
8073.54 0.21
8076.23 1.4
8077.46 1.23
8079.47 3.28
8081.46 4.08
8083.46 2.58
8085.47 3.38
8087.48 1.5
8089.69 0.84
8091.47 1.31
8094.24 2.93
8095.56 2.39
8097.46 2.39
8099.47 1.3
8101.46 1.29
8103.56 2.67
8105.48 3.05
8107.66 2.54
8109.48 2.37
8111.47 0.87
8113.48 3.05
8115.46 2.49
8117.47 2.49
8119.67 1.71
8121.46 3.66
8123.98 0.95
8125.53 1.38
8127.46 2.84
8129.46 2.42
8131.47 1.47
8133.46 1.09
8135.47 1.73
8137.5 2.59
8139.59 1.38
8141.48 1.44
8143.46 2.73
8145.47 3.6
8147.46 3.9
8149.46 2.26
8151.47 2.22
8153.46 1.39
8155.64 2.39
8157.62 0.49
8159.47 0.71
8161.46 2.87
8163.5 0.93
8165.51 1.04
8167.82 2.14
8169.67 1.1
8171.48 1.11
8173.5 1.21
8175.46 3.61
8177.48 0.95
8179.46 3.06
8181.46 2.9
8183.47 2.9
8185.83 0.36
8187.49 1.53
8189.55 2.1
8191.47 1.72
8193.71 2.87
8195.49 3.06
8197.47 2.04
8199.48 4.11
8201.71 2.14
8203.72 2.56
8206.02 3.36
8208.06 3.23
8213.02 1.5
8213.68 2.25
8214.49 0.79
8216.64 1.29
8217.72 0.93
8219.78 2.29
8221.9 0.89
8223.75 1.51
8225.72 1.83
8227.74 1.63
8229.72 1.33
8231.72 2.97
8233.71 2.13
8235.72 2.1
8237.72 2.72
8239.76 1.84
8241.86 2.0
8243.76 1.29
8245.75 1.14
8248.19 2.52
8249.72 1.29
8251.72 3.46
8253.71 2.79
8255.73 1.93
8257.62 2.76
8260.53 0.92
8262.32 1.99
8263.72 0.25
8265.71 2.6
8267.71 1.99
8269.72 2.07
8271.72 3.67
8273.73 1.22
8275.72 2.55
8277.78 3.39
8279.99 1.06
8281.71 1.72
8283.76 1.16
8285.82 1.42
8287.72 1.42
8290.05 0.76
8291.72 1.22
8293.78 2.41
8295.72 2.0
8297.72 2.98
8299.71 2.96
8302.03 2.15
8303.72 1.81
8305.88 0.7
8307.72 2.65
8309.72 2.3
8311.72 2.86
8314.08 0.92
8315.96 1.89
8318.06 3.68
8320.17 1.14
8321.72 2.59
8323.76 3.23
8325.78 0.84
8327.74 0.76
8330.06 1.08
8331.77 0.84
8333.74 1.34
8335.72 2.28
8337.86 1.11
8339.73 1.22
8341.72 2.37
8343.72 1.21
8345.73 1.99
8347.72 1.57
8349.72 1.37
8351.75 2.98
8353.71 3.83
8355.72 2.61
8357.72 3.44
8359.71 2.62
8361.78 2.18
8363.72 1.42
8365.71 1.36
8367.72 4.39
8369.72 1.98
8371.73 1.98
8373.72 2.13
8375.8 1.54
8377.8 2.46
8379.71 1.35
8381.72 1.41
8383.72 2.08
8385.78 1.66
8387.72 1.93
8389.72 2.84
8391.76 1.07
8393.74 1.09
8396.42 1.04
8397.73 1.88
8399.72 3.6
8401.72 2.39
8403.73 3.07
8405.72 3.53
8407.73 1.94
8409.7 4.2
8411.73 2.77
8413.72 3.51
8415.73 2.29
8417.79 1.96
8419.86 2.41
8421.93 1.9
8423.86 1.46
8427.44 1.29
8430.58 1.12
8434.68 1.03
8435.51 1.03
8436.88 0.9
8437.46 1.67
8439.49 1.33
8441.28 1.09
8443.28 1.65
8445.55 1.68
8447.52 3.8
8449.28 3.57
8451.28 3.86
8453.56 1.72
8455.53 1.09
8457.32 2.78
8459.52 3.36
8461.52 3.34
8463.98 2.56
8465.93 2.46
8467.47 1.34
8469.55 1.04
8471.39 1.68
8474.07 3.28
8476.17 2.81
8479.31 1.53
8481.57 2.51
8482.26 2.56
8483.68 3.6
8485.93 2.02
8487.58 1.29
8490.44 1.48
8491.94 1.52
8494.26 0.86
8496.83 2.16
8499.31 3.32
8501.81 2.79
8503.02 1.46
8504.76 1.46
8507.29 1.97
8510.66 3.37
8512.86 2.76
8513.79 2.01
8515.84 1.43
8516.89 2.23
8517.58 0.84
8519.52 3.55
8521.53 0.97
8523.57 0.65
8525.52 2.36
8527.52 1.39
8529.73 0.9
8531.54 3.67
8533.52 2.28
8535.56 1.89
8537.52 3.72
8539.52 2.97
8541.53 1.61
8543.5 3.5
8546.3 2.44
8547.58 1.62
8550.6 1.25
8553.04 3.15
8554.21 0.89
8555.6 0.9
8557.52 1.09
8559.53 2.99
8561.53 3.05
8563.54 2.21
8565.52 1.94
8567.54 3.25
8569.54 2.98
8571.55 2.12
8573.56 3.75
8575.55 3.24
8577.52 3.37
8580.05 2.99
8582.3 1.76
8584.1 0.95
8585.98 2.36
8588.79 1.5
8591.98 2.94
8594.64 2.02
8596.8 2.75
8600.03 1.5
8601.43 3.53
8602.44 3.2
8603.63 2.15
8604.43 4.08
8605.49 4.04
8607.89 1.19
8610.34 0.94
8611.52 2.71
8613.53 3.59
8615.52 2.99
8617.54 3.7
8619.53 1.63
8621.53 3.48
8623.52 2.37
8625.66 1.06
8627.53 0.61
8629.55 1.28
8631.52 2.37
8633.61 0.26
8635.53 1.95
8637.54 1.85
8639.53 2.02
8641.53 2.08
8643.53 2.89
8645.53 1.44
8647.56 0.97
8649.56 1.43
8651.52 2.35
8653.53 1.52
8655.59 2.08
8657.53 1.62
8659.63 1.49
8661.56 2.92
8663.58 2.14
8666.92 0.92
8668.84 3.32
8670.97 1.21
8673.3 1.49
8675.17 0.77
8677.02 1.98
8678.86 2.36
8680.76 1.77
8682.64 3.46
8684.81 2.29
8686.75 1.71
8688.3 1.42
8690.53 3.87
8691.95 3.53
8694.07 1.32
8696.72 2.79
8698.95 1.73
8701.12 3.67
8703.0 2.22
8704.35 1.4
8705.78 2.48
8707.87 1.61
8709.77 1.08
8711.94 1.45
8713.79 2.83
8715.79 3.73
8717.8 1.32
8719.78 3.91
8721.84 1.99
8723.8 3.64
8725.78 2.42
8727.81 1.34
8729.81 3.98
8731.78 1.16
8733.82 2.64
8735.79 3.2
8737.83 1.95
8739.79 3.18
8741.79 2.44
8743.78 3.45
8746.14 1.2
8747.94 2.38
8750.45 3.27
8753.17 1.17
8754.36 1.36
8756.54 0.65
8758.43 2.31
8761.81 0.65
8764.83 0.86
8766.87 0.69
8769.49 0.72
8770.07 1.08
8770.81 1.44
8772.63 1.55
8773.79 3.73
8775.82 2.38
8778.14 0.75
8780.19 2.47
8782.73 1.73
8784.23 1.0
8785.75 0.73
8788.01 2.82
8790.22 1.79
8791.88 3.64
8793.92 1.31
8795.79 3.39
8797.78 3.71
8799.8 1.4
8801.79 1.07
8803.78 3.41
8805.87 1.5
8807.79 1.99
8809.86 0.34
8811.78 1.27
8813.79 1.58
8815.81 1.89
8817.78 3.05
8819.79 3.08
8821.79 2.32
8823.78 2.76
8825.79 3.41
8827.85 1.42
8829.88 1.77
8831.78 2.38
8833.79 3.09
8835.78 3.37
8837.78 1.68
8839.85 1.15
8841.96 1.17
8843.77 1.5
8845.79 2.85
8847.79 3.32
8849.78 3.24
8851.78 2.91
8853.79 2.28
8855.74 3.69
8857.82 3.75
8860.12 3.28
8861.96 1.81
8863.78 2.76
8865.79 3.53
8867.79 3.36
8869.78 2.66
8871.79 1.81
8873.79 3.34
8875.78 3.15
8877.78 3.63
8879.79 2.24
8881.86 1.37
8883.78 2.98
8885.79 2.76
8887.86 1.92
8889.78 2.32
8891.88 1.03
8893.79 0.78
8895.78 2.36
8897.79 2.45
8899.85 3.14
8901.78 1.47
8903.96 1.47
8905.79 2.6
8907.79 1.65
8909.78 3.28
8911.79 2.1
8913.79 3.6
8915.78 3.28
8917.82 2.34
8919.8 2.91
8921.78 1.42
8923.8 3.12
8925.82 1.74
8927.94 0.4
8929.84 1.49
8931.79 1.0
8933.84 1.33
8935.78 2.18
8937.79 3.76
8939.82 2.5
8941.78 2.82
8943.78 2.74
8945.79 3.62
8947.8 1.53
8950.19 2.37
8951.79 3.48
8953.79 2.27
8956.08 1.37
8958.05 2.59
8959.79 1.49
8962.06 1.3
8964.04 2.24
8966.19 1.39
8968.03 2.13
8970.04 2.21
8972.04 3.64
8974.83 3.27
8977.13 0.93
8978.37 3.05
8980.5 2.15
8982.04 1.75
8984.04 2.84
8986.25 0.71
8988.88 1.52
8991.23 2.57
8994.05 1.23
8994.82 1.51
8996.03 1.97
8998.04 1.63
9000.01 1.24
9002.03 3.23
9004.04 3.36
9006.04 2.17
9008.03 1.5
9010.05 2.82
9012.04 1.85
9014.1 2.21
9016.05 1.34
9018.04 2.74
9020.04 3.97
9022.11 0.7
9024.07 2.07
9026.03 1.1
9028.05 0.98
9030.04 1.41
9032.03 1.28
9034.48 2.27
9036.02 1.56
9038.26 1.32
9040.41 0.69
9042.32 0.73
9044.35 1.15
9046.1 1.03
9048.54 0.89
9050.54 1.19
9052.04 2.12
9054.03 3.53
9056.26 0.8
9058.21 0.86
9060.06 2.52
9062.01 3.13
9064.04 1.43
9066.09 3.59
9068.03 3.24
9070.04 2.1
9072.04 2.89
9074.04 1.93
9076.04 0.21
9078.05 2.6
9080.11 2.74
9082.04 1.95
9084.07 1.46
9086.17 1.16
9088.03 2.79
9090.04 2.33
9094.04 0.92
9095.64 3.13
9097.64 1.06
9099.7 0.96
9102.27 0.77
9105.34 0.77
9106.29 2.79
9107.74 1.82
9109.63 2.37
9111.63 0.79
9113.64 3.42
9115.62 3.19
9117.62 1.94
9119.61 3.16
9121.62 2.48
9123.62 1.33
9125.64 3.33
9127.63 1.39
9129.62 1.74
9131.62 3.64
9133.74 0.8
9135.62 2.63
9137.63 2.45
9139.63 1.26
9141.62 1.04
9143.67 1.35
9145.66 1.84
9147.67 0.86
9149.63 2.63
9151.65 1.66
9153.68 0.76
9155.65 2.46
9157.7 1.2
9159.61 0.82
9161.62 2.66
9163.65 3.03
9165.63 3.11
9167.65 1.32
9169.65 1.18
9171.63 2.91
9173.62 1.07
9175.68 1.33
9177.63 2.16
9179.62 2.85
9181.71 2.21
9183.62 1.61
9185.61 2.39
9187.62 1.86
9189.65 2.24
9191.62 1.39
9193.62 3.26
9195.66 1.26
9197.63 2.63
9199.62 0.78
9201.62 3.14
9203.95 1.19
9205.79 2.18
9207.87 2.79
9210.04 3.03
9211.84 1.74
9213.87 2.03
9215.94 1.49
9218.34 2.21
9220.77 1.54
9223.34 1.31
9224.21 0.88
9226.18 1.15
9228.4 2.03
9230.39 1.09
9232.28 1.53
9237.55 0.86
9238.49 0.74
9239.58 1.95
9241.01 0.88
9242.41 1.31
9244.55 0.9
9245.89 1.54
9248.79 2.3
9251.44 0.6
9254.34 1.28
9257.19 0.73
9258.29 0.92
9261.0 1.4
9262.45 1.24
9263.13 1.73
9264.55 1.83
9266.59 0.68
9268.98 0.8
9270.95 1.56
9272.93 0.31
9275.39 0.88
9278.02 1.19
9279.82 2.13
9281.54 1.52
9282.6 3.28
9284.41 1.2
9286.32 1.03
9288.13 1.0
9290.56 1.02
9292.13 1.78
9293.89 2.16
9295.88 1.14
9298.06 1.02
9299.87 1.66
9301.96 1.38
9304.01 0.79
9305.87 1.57
9307.9 2.26
9309.88 2.11
9311.75 2.49
9314.0 0.93
9315.98 1.34
9317.87 0.61
9319.87 1.2
9321.91 1.76
9323.9 2.03
9326.0 1.19
9327.87 0.74
9329.91 1.24
9331.87 2.3
9333.87 1.0
9335.88 2.46
9337.93 0.65
9339.91 1.89
9341.92 0.98
9343.88 0.9
9345.87 1.66
9347.87 2.45
9349.93 2.23
9351.87 1.43
9353.88 3.59
9356.31 3.48
9357.87 1.79
9359.94 3.27
9361.99 0.48
9363.96 0.73
9365.97 0.77
9367.9 1.18
9369.92 1.18
9371.87 1.68
9373.88 2.71
9375.88 1.02
9377.92 0.85
9379.91 2.18
9381.88 0.78
9383.89 0.96
9385.87 1.92
9387.88 1.27
9389.91 1.47
9391.87 0.72
9393.91 0.8
9395.88 1.58
9398.02 0.67
9399.9 0.84
9401.88 2.01
9403.89 1.62
9405.87 1.01
9407.88 0.91
9409.91 1.4
9412.42 0.93
9413.9 0.07
9415.88 1.93
9417.95 1.57
9419.91 0.86
9422.06 1.04
9423.9 0.79
9425.87 1.49
9427.88 1.63
9429.88 2.1
9431.87 1.51
9433.92 1.89
9435.95 1.11
9437.91 1.0
9439.88 1.78
9441.88 2.72
9443.87 1.93
9445.87 2.96
9447.88 1.23
9449.9 1.28
9451.87 2.2
9453.9 0.67
9455.94 2.08
9458.12 0.88
9460.15 3.08
9461.89 2.19
9464.12 2.78
9466.31 0.84
9468.35 0.66
9470.14 3.39
9472.25 0.85
9474.13 2.16
9476.14 2.16
9478.12 2.39
9480.41 1.7
9482.13 3.35
9484.15 1.93
9486.13 1.8
9488.14 0.85
9490.15 1.37
9492.13 2.69
9494.13 0.39
9496.17 0.87
9498.13 1.13
9500.13 3.67
9502.14 2.24
9504.12 3.09
9506.21 2.04
9508.37 1.09
9510.12 1.57
9512.16 1.76
9514.13 2.21
9516.12 2.02
9518.16 3.14
9520.25 0.97
9522.67 1.03
9524.12 0.5
9526.23 0.88
9528.15 3.21
9530.19 1.35
9532.43 1.38
9534.13 1.4
9536.14 1.62
9538.15 2.67
9540.13 3.16
9542.14 3.58
9544.13 3.56
9546.14 0.97
9548.22 1.17
9550.13 2.01
9552.13 2.46
9554.14 2.63
9556.22 1.16
9558.14 2.04
9560.13 1.0
9562.15 3.21
9564.13 1.3
9566.13 3.44
9568.14 2.47
9570.19 1.43
9572.22 1.37
9574.13 1.47
9576.13 2.06
9578.13 3.15
9580.9 0.93
9582.21 1.54
9584.35 0.86
9586.16 2.11
9588.14 2.18
9590.13 2.99
9592.13 1.33
9594.14 3.52
9596.12 2.04
9598.13 0.32
9600.55 2.53
9602.14 2.53
9604.1 3.85
9606.14 1.51
9608.14 1.9
9610.13 1.08
9612.13 1.21
9614.14 2.58
9616.13 2.47
9618.13 3.48
9620.18 2.03
9622.14 2.23
9624.13 3.33
9626.13 2.57
9629.8 0.91
9630.3 0.63
9632.18 0.85
9634.33 0.23
9636.17 0.72
9638.13 0.62
9640.14 1.16
9642.14 0.54
9644.13 2.76
9646.14 2.08
9648.14 1.71
9650.19 0.8
9652.24 1.48
9654.14 3.4
9656.15 2.11
9658.13 3.08
9660.14 2.73
9662.14 2.7
9664.13 3.43
9666.14 2.26
9668.14 2.72
9670.13 2.89
9672.14 3.36
9674.14 1.44
9676.2 1.89
9678.14 0.94
9680.14 2.47
9682.14 3.31
9684.13 2.77
9686.14 2.75
9688.18 0.92
9690.14 0.76
9692.14 2.43
9694.24 1.07
9696.13 1.17
9698.13 2.59
9700.15 3.21
9702.14 3.8
9704.14 2.44
9706.14 1.61
9708.14 0.92
9710.38 1.17
9712.2 2.58
9714.18 2.72
9716.38 1.21
9718.38 2.96
9720.45 0.9
9722.66 0.47
9724.57 0.63
9726.4 0.89
9728.4 0.7
9730.41 0.34
9732.39 1.21
9734.43 1.28
9736.38 2.6
9738.47 1.36
9740.39 1.36
9742.43 2.73
9744.39 1.91
9746.39 1.61
9748.38 3.07
9750.38 2.22
9752.39 3.77
9754.4 3.21
9756.46 3.1
9758.45 1.99
9760.39 2.32
9762.63 1.2
9764.39 1.15
9766.4 2.22
9768.38 3.13
9770.39 2.6
9772.43 2.45
9774.42 1.11
9776.41 2.95
9778.39 1.37
9780.43 1.65
9782.39 3.12
9784.39 0.82
9786.45 1.51
9788.38 0.94
9790.44 3.19
9792.39 3.45
9794.39 3.4
9796.42 2.28
9798.39 1.58
9800.4 3.55
9802.39 3.22
9804.39 1.87
9806.49 2.24
9808.38 1.79
9810.4 2.68
9812.39 1.71
9814.39 3.09
9819.17 3.1
9821.14 3.19
9823.35 1.88
9825.14 2.75
9827.46 0.69
9829.2 2.11
9831.38 1.98
9833.53 1.25
9835.96 0.97
9838.88 0.94
9841.77 1.48
9845.15 1.64
9847.9 2.22
9849.83 2.71
9851.48 1.77
9852.14 2.3
9853.37 1.71
9855.8 1.13
9861.19 0.51
9862.19 0.85
9863.17 1.53
9864.64 1.16
9865.7 0.84
9866.5 0.89
9867.25 1.37
9869.39 3.1
9871.39 3.05
9873.4 3.83
9875.38 2.54
9877.4 3.36
9879.39 1.68
9881.39 3.43
9883.39 3.29
9885.68 1.15
9887.42 2.71
9889.38 2.21
9891.41 2.82
9893.41 2.54
9895.4 3.63
9897.39 1.71
9899.4 2.96
9901.4 1.1
9903.67 1.71
9905.57 1.74
9907.38 1.74
9909.39 2.97
9911.39 3.9
9913.4 3.44
9915.39 2.11
9917.43 1.87
9919.38 2.07
9921.42 1.81
9923.39 2.93
9925.4 2.23
9927.38 1.48
9929.39 3.25
9931.39 2.79
9933.36 3.81
9935.39 2.26
9937.42 4.03
9939.43 3.28
9941.39 2.01
9943.39 3.69
9945.42 0.76
9947.48 1.54
9949.39 2.97
9951.42 1.13
9953.42 2.01
9955.39 2.04
9957.52 3.11
9959.4 4.11
9961.39 1.7
9963.39 2.24
9965.42 1.88
9967.4 3.4
9969.39 1.87
9971.39 1.35
9973.38 1.71
9975.39 2.34
9977.4 3.81
9979.4 2.57
9981.64 0.94
9983.41 2.41
9985.4 2.39
9987.39 2.09
9989.39 3.24
9991.41 3.25
9993.39 3.13
9995.39 2.46
9997.43 2.83
9999.46 3.04
10001.44 1.7
10003.39 1.2
10005.51 1.2
10007.41 2.74
10009.39 2.74
10011.4 2.86
10013.39 2.91
10015.39 1.85
10017.4 1.67
10019.4 1.79
10021.39 3.73
10023.4 4.22
10025.4 3.15
10027.39 2.39
10029.41 2.54
10031.4 1.22
10033.4 3.0
10035.35 3.09
10037.6 3.06
10039.4 2.38
10041.4 2.3
10043.41 1.49
10045.43 1.93
10047.39 2.3
10049.4 2.94
10051.4 3.12
10053.39 2.99
10055.39 3.67
10057.41 3.83
10059.4 2.54
10062.35 3.23
10063.62 3.23
10065.41 3.23
10067.44 1.99
10069.4 1.53
10071.52 1.53
10073.4 3.14
10075.4 3.14
10077.4 2.39
10079.39 3.4
10081.39 3.24
10083.46 1.83
10085.43 2.32
10087.57 1.38
10089.67 0.78
10091.4 2.98
10093.64 2.75
10095.65 3.87
10097.64 3.57
10099.64 1.63
10101.67 1.43
10103.67 3.0
10105.89 1.73
10107.66 2.24
10109.66 2.14
10111.65 1.53
10113.64 2.04
10115.78 1.37
10118.18 0.96
10119.69 0.82
10121.88 0.56
10123.65 0.79
10125.5 2.14
10127.69 1.8
10129.65 2.13
10131.7 1.2
10133.67 2.17
10135.81 1.93
10138.99 1.07
10139.79 0.66
10141.65 1.22
10143.67 2.07
10145.64 1.08
10147.64 2.19
10149.82 1.47
10151.66 3.09
10153.64 1.62
10155.65 2.94
10158.0 1.03
10159.85 2.03
10162.26 1.13
10163.59 1.41
10165.64 3.48
10167.65 2.65
10169.65 3.1
10171.66 3.32
10173.64 2.3
10175.65 2.66
10177.8 0.79
10179.7 0.97
10181.64 1.14
10183.65 4.4
10185.66 3.26
10187.65 3.1
10189.65 2.21
10191.64 1.4
10193.68 3.91
10195.65 2.03
10197.66 3.85
10199.65 3.0
10201.65 2.43
10204.59 1.64
10207.78 1.64
10209.15 1.35
10209.74 0.58
10211.67 1.87
10213.65 1.76
10215.65 1.64
10217.73 2.88
10219.64 1.25
10221.65 3.31
10223.66 1.74
10225.64 1.43
10227.7 3.48
10229.66 3.5
10231.64 1.02
10233.65 1.22
10235.63 3.67
10237.66 1.66
10239.65 2.56
10241.65 2.14
10243.66 2.59
10245.66 3.33
10247.65 2.14
10249.66 3.15
10252.23 1.79
10253.65 2.53
10256.16 0.69
10257.66 2.01
10259.92 1.59
10261.66 1.51
10263.66 2.55
10265.65 3.22
10267.88 1.6
10269.77 1.39
10272.25 1.81
10274.06 2.31
10276.1 1.6
10277.9 4.05
10280.82 1.72
10282.17 2.85
10283.73 2.31
10285.65 3.93
10287.65 2.64
10289.68 3.06
10291.73 3.75
10293.65 3.79
10295.66 3.95
10297.65 2.66
10299.96 2.65
10302.21 3.23
10303.93 1.91
10307.11 0.65
10308.94 0.79
10310.32 2.61
10311.65 3.28
10313.66 3.32
10316.34 1.92
10318.79 0.77
10321.89 1.05
10323.21 0.92
10324.06 0.83
10325.9 0.94
10327.66 1.17
10329.66 0.48
10331.97 2.87
10333.89 2.07
10335.91 1.47
10337.77 1.1
10339.76 1.01
10341.75 2.85
10343.9 3.35
10345.9 3.56
10347.84 3.08
10349.83 2.98
10351.9 2.44
10354.25 3.23
10355.98 2.31
10357.9 2.74
10359.9 2.84
10361.91 3.3
10363.91 1.87
10365.9 1.76
10367.86 1.19
10369.82 1.74
10371.9 1.78
10374.96 3.29
10377.26 3.19
10380.19 0.92
10382.41 1.18
10384.26 3.69
10386.68 1.64
10388.1 1.26
10388.92 1.22
10390.78 0.73
10391.9 1.22
10393.9 1.69
10395.91 1.88
10397.91 3.02
10399.9 2.55
10401.91 2.74
10403.92 2.31
10405.91 2.05
10407.91 3.38
10409.91 2.06
10411.9 1.22
10413.9 3.99
10415.91 3.83
10417.9 2.53
10419.91 2.8
10421.91 2.46
10423.9 3.14
10425.91 2.56
10428.24 2.23
10429.9 2.76
10431.9 3.42
10433.91 2.41
10435.9 1.8
10437.9 3.43
10439.91 2.77
10441.91 3.09
10443.9 2.87
10445.91 2.86
10447.91 2.68
10449.92 1.41
10451.9 2.95
10453.91 3.87
10455.91 3.73
10457.92 1.19
10459.91 2.88
10461.91 1.77
10463.9 1.91
10465.91 2.05
10467.91 2.6
10469.9 3.12
10471.97 2.21
10474.01 0.88
10475.92 3.06
10477.9 2.8
10479.91 3.14
10481.95 2.14
10483.9 2.15
10485.91 3.13
10487.91 3.39
10489.9 3.69
10491.9 3.83
10493.91 3.28
10495.91 3.31
10497.94 0.47
10500.1 1.59
10502.1 1.02
10503.94 0.9
10505.95 1.27
10507.91 0.87
10509.9 2.13
10511.91 2.16
10513.91 2.03
10515.92 3.1
10517.92 1.27
10519.91 3.04
10521.92 2.28
10523.9 3.0
10525.91 3.1
10527.91 2.67
10529.9 1.76
10531.93 3.4
10533.97 0.82
10535.92 2.25
10537.9 3.09
10539.91 2.03
10541.92 2.92
10543.9 3.85
10545.91 2.83
10547.91 3.61
10549.92 2.91
10551.91 1.72
10553.91 1.18
10555.9 1.26
10557.91 2.16
10559.91 3.8
10561.92 1.55
10563.9 1.29
10565.94 1.81
10567.91 2.04
10569.9 1.6
10571.9 2.29
10573.91 0.99
10576.16 0.98
10577.91 1.26
10579.91 0.87
10581.98 1.71
10584.16 1.7
10586.49 0.79
10587.92 1.58
10590.18 1.11
10592.17 2.8
10594.16 2.3
10596.18 2.77
10598.16 1.38
10600.16 2.51
10602.15 3.17
10604.16 3.55
10606.16 2.18
10608.21 2.18
10610.21 2.34
10612.17 0.59
10614.17 1.37
10616.15 2.32
10618.25 2.47
10620.17 2.32
10622.15 1.87
10624.17 0.74
10626.17 2.4
10628.17 1.44
10630.29 1.96
10632.16 1.47
10634.29 3.07
10636.2 1.46
10638.17 2.88
10640.17 2.07
10642.17 1.93
10644.16 2.84
10646.17 3.22
10648.15 2.68
10650.16 2.94
10652.16 3.02
10654.18 3.79
10656.16 2.7
10658.37 1.79
10660.22 1.21
10662.16 3.22
10664.16 0.7
10666.26 0.79
10668.17 1.85
10670.24 3.93
10672.16 1.28
10674.19 1.48
10676.16 3.29
10678.16 1.77
10680.17 2.54
10682.14 3.36
10684.2 1.58
10686.21 1.28
10688.17 1.83
10690.16 0.79
10692.17 3.46
10694.17 1.13
10696.17 2.77
10698.16 2.99
10700.16 3.15
10702.16 2.06
10704.16 1.19
10706.17 3.3
10708.16 2.36
10710.17 3.09
10712.17 2.45
10714.18 2.79
10716.16 3.27
10718.19 1.23
10720.21 3.33
10722.16 2.38
10724.16 3.28
10726.17 3.57
10728.17 2.39
10730.41 3.07
10732.18 2.03
10734.17 3.44
10736.18 1.54
10738.16 2.23
10740.17 3.6
10742.16 3.63
10744.16 3.55
10746.22 1.68
10748.18 3.14
10750.16 2.0
10752.22 0.92
10754.21 1.66
10756.16 1.47
10758.21 1.89
10760.17 2.72
10762.17 2.9
10764.16 3.51
10766.17 2.13
10768.16 3.38
10770.16 3.29
10772.17 1.31
10774.2 2.66
10776.21 2.82
10778.26 1.46
10780.18 1.5
10782.16 3.21
10784.17 2.66
10786.16 2.96
10788.18 1.55
10790.26 2.91
10792.2 1.59
10794.2 1.76
10796.16 3.64
10798.17 4.15
10800.17 1.99
10802.23 3.02
10804.67 0.13
10806.17 1.74
10808.16 4.04
10810.16 3.17
10812.23 4.61
10814.16 2.52
10816.16 1.73
10818.17 1.96
10820.17 3.49
10822.17 3.57
10824.38 2.27
10826.18 3.47
10829.49 0.9
10830.81 1.06
10832.17 2.82
10834.41 1.41
10836.47 1.41
10838.43 1.94
10840.21 2.55
10842.6 2.18
10844.47 3.36
10846.42 0.7
10848.5 0.83
10850.26 2.73
10852.5 1.16
10854.44 1.75
10856.46 1.8
10858.87 3.12
10860.76 2.75
10862.41 0.33
10864.42 0.97
10866.46 2.3
10868.42 3.67
10870.42 0.85
10872.41 3.32
10875.03 0.63
10876.42 0.95
10878.47 3.5
10880.42 3.5
10882.42 3.27
10884.42 3.3
10886.46 3.46
10888.42 3.45
10890.42 1.16
10892.42 2.93
10894.43 3.36
10896.42 0.82
10898.42 3.72
10900.41 2.12
10902.44 2.27
10904.43 3.66
10906.41 2.08
10908.42 3.13
10910.42 2.84
10912.47 2.55
10914.44 2.35
10916.48 1.75
10918.66 1.99
10921.83 1.14
10922.75 0.87
10924.41 3.08
10926.45 1.52
10928.46 1.06
10930.43 2.58
10932.43 1.94
10934.48 1.14
10936.42 3.22
10938.42 3.39
10940.42 2.44
10942.42 3.59
10944.44 4.28
10946.43 2.89
10948.42 2.69
10950.47 2.22
10952.53 1.32
10954.42 2.31
10956.47 1.71
10958.44 3.76
10960.45 1.51
10962.42 0.53
10964.49 3.23
10966.42 2.74
10968.42 2.4
10970.42 1.94
10972.43 3.75
10974.41 2.24
10976.42 2.23
10978.44 1.44
10980.55 1.22
10982.5 2.5
10984.43 2.17
10986.42 0.9
10988.42 1.08
10990.44 2.98
10992.42 2.47
10994.42 3.34
10996.42 3.48
10998.43 3.72
11000.42 3.5
11002.46 3.95
11004.43 3.32
11006.42 2.57
11008.42 2.4
11010.43 1.34
11012.43 2.32
11014.42 1.44
11016.44 0.37
11018.42 2.94
11020.43 3.46
11023.01 2.45
11024.95 3.71
11026.42 3.15
11029.46 1.75
11030.66 0.76
11032.43 0.72
11034.46 0.04
11036.43 1.31
11039.18 0.82
11040.44 1.41
11058.61 2.82
11059.54 0.91
11066.93 2.2
11070.46 1.75
11071.07 2.98
11073.17 0.76
11079.19 0.89
11081.18 1.34
11083.18 1.79
11085.43 2.05
11087.19 3.13
11089.18 3.77
11091.17 2.59
11093.17 2.29
11095.18 3.33
11097.19 1.35
11099.38 1.64
11101.24 3.0
11103.18 3.28
11108.23 1.88
11110.96 1.34
11112.03 2.48
11112.94 2.56
11114.95 3.54
11116.94 3.6
11134.79 2.73
11135.64 1.43
11136.18 3.36
11138.96 1.5
11140.0 1.84
11142.18 3.94
11144.16 1.2
11146.16 4.15
11148.2 3.15
11150.16 3.6
11152.17 1.61
11154.17 1.92
11156.18 3.25
11158.17 3.18
11160.18 3.31
11163.45 1.08
11164.25 1.45
11166.2 3.14
11168.29 1.66
11170.2 1.51
11172.34 1.54
11174.17 2.41
11176.17 1.04
11178.2 1.59
11180.18 2.26
11182.18 2.17
11184.23 1.22
11186.21 2.62
11188.18 1.91
11190.17 2.82
11192.17 2.1
11194.19 0.9
11196.22 1.73
11198.17 1.95
11200.19 1.3
11202.18 1.01
11204.28 0.78
11206.54 1.39
11208.39 0.97
11210.76 0.9
11213.8 2.32
11215.32 1.02
11216.21 1.3
11218.33 2.75
11220.23 3.12
11222.2 1.06
11224.49 2.73
11226.23 1.02
11228.18 2.32
11230.21 1.42
11232.19 1.59
11234.16 3.3
11236.17 1.81
11238.23 1.78
11240.19 3.07
11242.6 1.67
11244.56 1.67
11246.18 1.96
11248.18 2.1
11250.17 1.75
11252.17 3.42
11254.18 2.75
11256.17 1.65
11258.17 2.64
11260.18 2.99
11263.74 3.08
11265.75 1.12
11267.93 1.31
11269.73 1.08
11271.82 2.92
11273.82 1.85
11282.71 2.53
11284.72 1.6
11286.74 1.4
11288.71 1.4
11290.86 0.86
11292.72 2.41
11294.71 2.02
11297.0 1.83
11298.72 4.06
11301.07 1.62
11302.96 1.51
11305.21 2.52
11307.71 0.76
11308.96 2.42
11312.06 2.09
11312.97 2.79
11315.84 1.98
11316.97 2.86
11318.97 3.41
11320.96 1.73
11322.98 3.29
11324.97 1.73
11326.96 0.86
11328.97 3.15
11330.96 1.38
11332.97 3.32
11334.96 2.05
11337.26 2.26
11339.19 0.75
11342.89 0.71
11344.06 0.88
11345.1 2.17
11346.96 1.01
11348.96 2.13
11350.97 1.89
11352.96 2.54
11354.97 1.21
11357.02 2.94
11358.97 3.12
11360.96 3.17
11363.03 2.24
11364.97 1.72
11366.96 3.9
11369.05 2.76
11371.23 1.62
11373.21 3.68
11376.35 0.92
11376.99 2.2
11378.97 1.9
11381.21 0.95
11383.19 2.27
11385.22 3.01
11387.04 3.3
11389.22 3.04
11391.31 3.38
11393.26 1.25
11395.25 2.11
11397.71 1.77
11399.81 1.29
11402.74 1.05
11403.73 1.17
11405.83 3.13
11407.72 1.52
11409.72 1.03
11411.78 1.8
11413.71 1.8
11415.73 1.65
11417.72 1.56
11419.71 1.7
11423.18 0.71
11424.2 1.03
11425.89 1.04
11427.75 1.31
11430.22 0.18
11431.72 1.67
11433.72 1.72
11435.72 2.83
11437.73 1.42
11439.71 3.24
11441.72 3.51
11443.72 3.84
11445.71 3.47
11447.72 3.28
11449.87 1.52
11451.71 2.05
11453.98 2.59
11455.96 1.6
11457.97 1.91
11459.74 1.88
11461.72 2.08
11464.31 0.86
11466.03 1.32
11469.78 1.69
11471.25 1.23
11473.1 3.61
11474.29 2.66
11476.14 1.06
11479.06 1.15
11480.45 3.5
11482.15 3.47
11484.0 2.56
11486.56 1.03
11489.02 1.4
11490.54 2.45
11492.11 2.67
11493.71 3.18
11495.72 2.93
11498.2 1.86
11501.02 0.83
11501.72 2.05
11503.72 3.03
11505.72 2.88
11507.72 2.08
11509.72 2.08
11511.73 3.17
11513.72 1.55
11515.72 3.83
11517.72 1.46
11519.73 0.8
11522.05 1.7
11523.72 1.43
11525.71 2.71
11527.8 2.48
11529.72 2.69
11532.31 2.56
11534.17 0.54
11535.71 1.46
11538.59 0.82
11539.78 2.13
11541.72 2.38
11543.71 2.7
11545.77 1.56
11550.13 2.5
11551.65 2.29
11553.55 2.14
11555.27 3.72
11557.27 3.69
11559.26 1.88
11561.27 2.84
11563.27 2.99
11565.26 2.52
11567.27 3.06
11569.37 2.15
11571.29 3.42
11573.43 1.42
11575.27 3.69
11577.27 2.11
11579.52 3.25
11581.27 2.31
11583.42 0.73
11585.51 3.46
11587.52 2.51
11589.53 2.31
11591.53 3.03
11593.52 2.64
11595.58 1.7
11597.53 2.59
11599.52 2.06
11601.52 3.26
11603.52 2.71
11605.52 3.48
11607.52 2.93
11609.52 2.72
11611.53 3.84
11613.52 2.74
11615.7 3.58
11617.68 1.78
11619.7 2.07
11621.75 1.84
11624.59 1.0
11628.46 0.74
11629.34 0.66
11631.56 1.46
11633.23 1.39
11635.22 1.44
11637.2 2.53
11639.21 1.57
11641.21 3.01
11643.24 0.93
11645.21 1.6
11647.28 1.16
11649.28 0.78
11651.2 2.5
11653.23 3.48
11655.21 2.62
11657.22 2.1
11659.21 2.02
11661.21 2.02
11663.28 2.56
11665.42 1.21
11667.21 0.9
11669.22 2.24
11671.21 2.17
11673.21 3.21
11675.22 3.25
11677.2 2.52
11679.21 1.66
11681.22 3.2
11683.24 2.09
11685.21 3.64
11687.21 1.94
11689.2 3.79
11691.36 1.67
11693.22 2.59
11695.22 3.67
11697.21 2.18
11699.45 1.1
11701.22 2.13
11703.22 0.22
11705.22 2.72
11707.21 1.99
11709.23 3.64
11711.21 1.18
11713.21 3.25
11715.21 2.4
11717.21 2.36
11719.21 3.81
11721.25 1.92
11723.8 0.91
11725.21 1.1
11727.22 1.66
11729.26 1.95
11731.3 1.55
11733.21 3.46
11735.22 1.6
11737.21 3.52
11739.21 1.5
11741.22 3.14
11743.27 2.68
11745.21 1.54
11747.22 3.42
11749.23 2.21
11751.3 1.64
11753.47 0.64
11755.22 1.2
11757.21 1.18
11759.23 0.94
11761.27 2.0
11763.21 3.19
11765.22 1.44
11767.22 2.55
11769.22 1.59
11771.22 1.72
11773.22 3.59
11775.28 1.11
11777.39 0.1
11779.74 1.35
11801.47 2.44
11803.43 2.59
11804.75 1.52
11805.4 2.32
11805.93 2.32
11807.18 2.32
11808.54 1.62
11810.41 2.17
11812.42 2.96
11814.6 2.34
11816.41 2.4
11818.42 1.6
11820.43 2.33
11822.43 1.22
11824.42 3.2
11826.42 2.91
11828.44 1.47
11830.42 2.71
11832.43 3.0
11834.42 2.28
11848.22 1.31
11849.26 3.64
11850.22 1.94
11852.07 1.09
11853.12 1.23
11855.15 2.92
11857.15 0.79
11859.16 1.69
11861.14 3.13
11863.23 1.78
11865.16 1.36
11867.17 1.15
11869.15 1.91
11871.2 1.79
11873.16 3.55
11875.15 3.09
11877.2 3.25
11879.5 0.69
11881.14 3.3
11883.15 1.17
11885.16 2.14
11887.19 2.25
11889.15 2.29
11891.18 2.81
11893.14 1.29
11895.15 1.51
11897.86 1.03
11899.11 2.94
11901.15 1.71
11903.3 1.77
11905.16 1.77
11907.14 1.37
11909.17 1.95
11911.19 1.11
11913.26 0.94
11915.15 1.18
11917.15 1.68
11919.18 1.29
11921.15 1.93
11923.16 1.62
11925.16 1.12
11927.14 2.77
11929.15 1.11
11931.16 2.59
11933.14 0.63
11935.36 1.12
11937.15 1.1
11939.33 1.78
11942.61 1.67
11943.17 2.79
11945.16 2.58
11947.14 2.02
11949.15 3.14
11951.22 1.94
11953.14 2.84
11955.15 3.32
11957.35 1.79
11959.16 2.55
11961.15 2.2
11963.18 1.57
11965.16 2.72
11967.27 1.44
11970.55 1.45
11972.53 0.77
11976.44 0.5
11977.88 1.48
11979.03 0.82
11980.48 0.62
11983.97 1.29
11985.14 2.67
11987.14 2.57
11989.14 1.89
11991.15 1.08
11993.16 3.03
11998.09 2.26
11999.05 2.14
12000.7 0.82
12002.67 1.14
12004.68 3.14
12006.69 1.17
12008.67 3.3
12010.96 3.14
12012.95 2.87
12014.71 1.45
12016.7 1.15
12018.67 2.35
12020.67 0.6
12022.76 2.3
12024.68 0.73
12026.67 1.27
12028.78 2.74
12030.68 1.71
12032.69 2.46
12034.67 3.65
12036.68 2.59
12038.67 1.56
12040.71 1.14
12043.61 3.31
12044.68 1.72
12047.1 2.98
12049.91 3.49
12050.68 3.43
12052.7 1.61
12054.67 1.71
12056.73 0.92
12058.67 1.87
12060.67 1.41
12062.68 2.11
12064.68 1.92
12066.68 2.62
12068.71 1.06
12070.79 3.27
12072.67 0.77
12074.74 0.17
12076.68 2.84
12078.69 0.84
12080.67 1.8
12082.68 1.15
12084.67 2.16
12086.7 0.87
12088.71 2.5
12090.85 0.43
12092.67 0.72
12094.95 0.82
12096.68 1.51
12098.92 1.07
12100.67 2.97
12102.68 0.46
12104.93 1.17
12106.92 1.19
12108.99 2.02
12113.23 3.61
12115.73 2.89
12118.38 1.48
12119.0 1.63
12120.71 1.12
12122.71 3.62
12124.7 3.97
12126.71 3.44
12128.74 1.72
12130.73 1.55
12132.87 3.35
12134.7 3.2
12136.76 2.46
12138.71 2.34
12140.71 1.36
12142.6 3.01
12144.7 3.72
12146.71 1.93
12148.75 1.72
12150.73 0.92
12152.71 2.58
12154.71 2.6
12157.01 2.16
12158.71 2.94
12160.73 1.37
12163.45 1.87
12165.68 3.11
12166.87 2.83
12169.25 1.98
12170.95 3.45
12172.98 1.48
12174.96 3.88
12176.97 3.9
12178.96 3.51
12180.96 3.01
12182.97 3.35
12184.96 2.88
12186.96 2.08
12188.97 3.31
12190.97 2.18
12192.96 1.87
12194.97 3.38
12196.97 2.56
12198.96 3.41
12200.99 3.33
12202.98 2.59
12205.02 1.87
12206.96 2.57
12208.97 3.23
12210.96 2.37
12212.96 3.57
12214.89 1.83
12216.95 2.77
12218.96 3.05
12220.96 3.39
12222.97 2.65
12224.96 3.74
12226.98 2.27
12229.09 2.76
12230.95 1.33
12232.96 3.03
12235.03 3.56
12236.96 2.86
12238.98 2.32
12240.96 2.95
12243.07 1.76
12245.03 2.25
12246.98 0.96
12248.97 1.31
12250.98 1.18
12253.04 1.78
12255.02 2.14
12256.97 0.67
12258.96 1.4
12261.03 2.23
12262.95 2.88
12264.97 2.75
12266.97 3.42
12269.0 3.74
12270.96 3.3
12273.01 3.15
12274.97 3.32
12277.08 3.04
12279.15 1.13
12280.97 4.24
12282.96 3.1
12284.97 3.32
12286.97 3.59
12290.74 0.71
12291.39 2.03
12293.0 2.62
12297.01 2.62
12298.8 3.15
12300.82 3.08
12302.79 2.01
12304.79 1.56
12306.82 2.16
12308.81 2.74
12310.8 3.24
12312.84 1.71
12314.81 2.33
12317.18 3.7
12319.05 3.66
12320.84 3.64
12323.04 2.38
12325.08 2.79
12327.05 2.46
12329.06 3.24
12331.05 2.23
12333.12 1.63
12335.07 2.49
12337.05 3.24
12339.05 2.03
12340.88 2.11
12352.77 1.48
12353.32 1.53
12356.4 2.97
12356.92 2.8
12357.88 0.44
12360.0 1.95
12361.99 1.95
12363.99 2.81
12366.0 3.64
12367.98 4.35
12369.99 4.35
12372.03 2.8
12373.99 2.5
12376.48 2.19
12378.0 2.18
12380.0 1.24
12382.02 2.0
12383.99 1.7
12386.0 2.97
12388.78 3.45
12390.62 1.01
12392.0 3.86
12394.01 1.83
12396.21 2.17
12398.0 1.91
12400.0 2.15
12401.99 2.0
12404.0 1.98
12406.01 3.0
12407.99 2.43
12409.99 2.42
12411.95 2.02
12414.23 1.0
12416.97 2.26
12418.3 0.86
12420.19 2.1
12422.7 2.5
12424.39 2.33
12426.97 1.17
12429.99 2.38
12431.16 1.46
12433.38 3.45
12435.42 1.41
12438.09 0.76
12438.89 1.14
12442.09 1.02
12442.68 1.71
12444.01 1.87
12446.0 1.68
12448.0 2.6
12450.0 1.97
12452.0 2.68
12453.99 1.08
12456.01 3.06
12458.0 3.06
12460.0 1.66
12461.99 1.3
12464.0 1.89
12466.0 1.58
12468.01 1.61
12469.99 1.74
12472.01 1.05
12474.01 3.44
12476.01 3.06
12478.0 2.58
12479.99 3.43
12481.99 2.11
12483.99 3.6
12486.03 2.93
12488.02 1.78
12489.99 1.44
12492.28 1.01
12494.01 1.82
12496.04 1.64
12498.0 1.71
12499.99 0.68
12501.99 0.83
12504.02 1.01
12506.0 2.0
12508.49 0.41
12510.0 3.0
12512.0 3.88
12514.0 2.11
12515.99 3.4
12518.02 2.0
12520.01 3.9
12522.15 2.33
12524.0 0.42
12526.03 2.74
12527.99 3.01
12530.03 1.39
12532.54 2.19
12533.99 2.85
12536.01 1.51
12538.0 1.28
12540.24 2.97
12542.0 3.22
12547.17 3.02
12548.16 2.05
12548.83 1.68
12550.0 3.13
12552.25 3.87
12554.35 1.75
12556.26 1.43
12558.25 1.76
12560.01 1.67
12562.25 3.13
12564.25 3.78
12566.24 2.89
12568.24 2.82
12570.25 3.42
12572.25 3.12
12574.25 3.61
12577.63 3.16
12578.3 2.99
12580.25 3.42
12582.25 1.61
12584.26 0.87
12586.24 1.76
12588.26 2.92
12590.25 3.61
12592.25 1.42
12594.3 2.09
