0.0 0.46
0.96 0.01
1.84 3.4
3.84 1.09
5.84 2.52
7.86 0.61
9.84 6.16
11.84 2.73
13.86 3.03
15.84 1.38
17.85 2.15
19.91 0.04
21.89 2.02
24.01 2.3
26.63 1.65
29.1 2.1
31.77 0.88
33.23 0.46
34.05 4.48
36.09 2.28
38.09 3.9
40.09 1.6
42.09 2.99
44.09 2.51
45.99 0.92
48.09 3.68
50.09 1.83
52.09 0.66
54.09 2.54
56.09 1.54
58.7 2.27
61.46 0.2
62.86 2.5
65.06 2.68
66.71 2.21
68.9 1.15
70.64 0.66
74.07 1.72
77.35 0.04
80.2 2.07
81.84 2.68
83.79 1.11
85.27 2.62
88.21 2.26
92.61 4.32
93.3 2.77
94.89 2.93
96.82 5.81
98.83 2.28
100.83 4.03
102.83 2.07
104.83 1.38
106.82 1.15
108.83 3.35
110.83 0.64
112.7 2.53
114.82 3.48
116.83 2.75
118.82 1.84
120.82 2.48
122.68 1.9
125.41 0.64
129.24 3.18
129.83 2.3
131.1 2.17
133.53 1.61
136.62 1.73
140.81 1.04
142.14 0.89
143.44 0.78
145.02 1.19
147.67 1.15
149.2 1.4
150.82 0.92
152.89 1.46
154.56 1.84
156.83 1.48
159.9 2.01
163.13 0.59
164.1 4.36
164.83 4.42
166.04 3.25
166.89 3.32
168.83 1.37
171.09 0.66
174.9 0.87
176.35 0.83
177.86 2.09
179.29 2.52
181.16 3.33
184.07 1.51
185.66 3.52
187.32 2.56
189.03 2.77
191.52 2.74
195.21 2.28
197.11 4.0
199.02 3.23
200.4 1.59
201.49 5.4
202.82 8.77
204.83 1.62
206.82 2.07
208.79 2.3
210.82 2.23
212.83 2.65
214.82 1.38
216.82 0.04
218.82 2.76
220.82 2.77
222.82 1.84
224.82 4.16
226.83 2.08
228.83 3.92
230.83 2.28
232.82 1.15
234.88 0.22
236.82 0.17
238.82 0.69
240.82 0.68
242.82 0.23
244.82 0.92
246.82 3.69
248.83 3.33
250.83 6.22
252.83 5.63
254.83 0.92
256.82 1.61
258.82 0.64
260.82 0.03
262.82 0.23
264.82 0.01
266.82 0.04
268.82 4.1
270.82 4.61
272.82 2.76
274.82 0.69
276.82 2.53
278.82 2.31
280.82 4.14
283.08 0.92
285.08 2.07
287.07 3.6
289.07 0.46
291.08 1.15
293.08 1.38
294.85 1.15
297.08 2.76
299.07 3.66
301.07 2.74
303.07 1.84
305.07 1.39
307.07 4.06
309.07 1.85
311.07 4.63
313.08 3.17
315.07 1.98
317.07 4.56
319.01 5.11
321.1 3.48
323.01 5.59
325.07 2.77
327.08 2.96
329.07 4.79
331.07 1.84
333.07 2.53
335.07 3.92
337.07 1.61
339.07 1.61
341.08 2.07
343.06 1.07
345.07 5.92
347.08 4.78
349.19 4.82
351.08 6.9
353.08 0.23
355.08 1.84
357.08 0.92
359.08 4.48
361.45 1.84
362.93 5.7
365.08 0.04
367.07 0.46
369.08 2.28
371.07 1.39
373.08 4.3
375.08 0.92
377.08 0.92
379.08 3.21
381.08 8.97
383.08 1.61
385.08 0.46
387.08 0.32
389.07 0.63
391.07 3.69
393.07 1.61
395.07 1.62
397.07 2.07
399.08 2.07
401.08 0.44
403.08 1.61
405.08 1.14
407.08 3.43
409.07 1.84
411.09 4.49
413.07 1.38
415.06 3.57
417.08 4.5
419.07 1.16
421.08 0.89
423.08 3.36
425.07 1.15
427.07 1.6
429.08 2.99
431.08 0.92
433.08 1.61
435.07 3.91
437.07 2.53
439.0 3.45
441.08 6.41
443.09 1.38
445.08 2.01
447.07 3.23
449.07 3.23
451.07 1.14
453.07 4.44
455.0 4.45
457.68 0.43
461.1 6.39
462.93 0.46
464.28 4.58
466.83 1.61
469.02 4.37
471.4 3.91
473.34 5.25
474.79 6.9
475.66 1.89
477.07 7.63
479.09 5.32
481.07 0.92
483.07 0.04
485.07 5.07
487.07 4.6
489.07 2.53
491.07 1.38
493.07 8.48
495.07 5.99
497.07 7.97
499.08 5.07
501.07 2.5
503.32 6.61
505.32 4.64
507.32 4.73
509.47 0.23
511.18 2.36
513.32 4.11
515.32 3.86
517.32 2.71
519.32 6.15
521.33 2.05
523.32 2.07
525.32 0.01
527.33 2.5
529.32 4.12
531.32 7.47
533.32 2.98
535.32 3.28
537.32 4.09
539.32 3.0
541.32 0.23
543.32 12.76
545.32 1.07
547.32 0.69
549.32 1.8
551.32 0.67
553.32 0.92
555.32 5.24
557.32 0.46
559.32 4.53
561.32 6.21
563.32 5.01
565.32 4.83
567.32 0.66
569.32 0.23
571.32 5.55
573.32 1.84
575.32 2.74
577.32 1.84
579.32 1.37
581.32 1.38
583.32 6.79
585.32 0.92
587.32 1.97
589.32 1.62
591.32 2.04
593.32 5.2
595.32 12.68
597.32 15.79
599.32 0.46
601.32 0.69
603.32 9.03
605.32 8.93
607.32 2.29
609.32 6.22
611.32 6.15
613.32 5.21
615.32 2.07
617.32 0.46
619.32 3.22
621.32 1.0
623.32 3.92
625.32 7.03
627.32 4.83
629.32 2.4
631.32 0.57
633.32 2.07
635.32 0.29
637.32 2.07
