0.0 156.77
1.01 113.86
3.01 29.48
5.02 123.7
8.02 137.42
10.01 19.05
12.01 186.41
14.01 29.81
16.02 167.27
18.02 157.35
20.26 171.98
22.27 213.61
24.26 32.13
26.26 156.68
28.29 30.92
30.26 215.01
32.26 168.55
34.26 31.33
36.27 261.32
38.27 22.37
40.27 277.5
42.05 31.17
44.26 284.49
46.26 282.97
48.27 25.31
50.26 154.54
52.27 27.01
54.27 269.67
56.26 199.6
58.27 25.02
60.26 244.7
62.26 28.67
64.26 290.43
66.26 28.92
68.26 211.96
70.27 282.7
72.27 31.64
74.26 258.57
76.27 30.14
78.26 127.12
80.27 287.87
82.27 28.87
84.26 274.0
86.26 31.19
88.27 316.96
90.27 27.85
92.27 213.17
94.27 293.16
96.27 34.24
98.27 326.77
100.27 31.62
102.26 363.92
104.26 236.63
106.26 31.7
108.26 208.17
110.26 33.53
112.26 365.97
114.27 31.94
116.26 314.11
118.27 346.05
120.27 30.35
122.26 231.22
124.26 34.94
126.26 277.84
128.26 240.82
130.26 32.23
132.26 278.99
134.26 27.13
136.26 315.21
138.26 32.9
140.26 220.37
142.26 221.77
144.27 293.49
146.26 276.23
148.26 26.85
150.26 280.84
152.26 355.36
154.26 35.02
156.27 284.71
158.28 31.59
160.26 263.36
162.26 31.31
164.28 255.37
166.26 245.86
168.26 31.48
170.27 267.98
172.27 26.42
174.26 298.47
176.27 209.91
178.26 31.19
180.26 152.39
182.26 29.94
184.27 318.32
186.26 26.91
188.27 329.08
190.26 381.65
192.28 20.93
194.27 354.27
196.26 29.9
198.26 346.78
200.26 357.09
202.27 152.62
204.27 259.91
206.27 16.23
208.27 316.42
210.26 30.6
212.27 92.79
214.26 116.98
216.27 30.96
218.26 131.51
220.27 131.9
222.27 138.95
224.26 113.84
226.26 29.47
228.26 161.05
230.27 26.06
232.27 142.14
234.27 27.19
236.27 70.84
238.28 125.48
240.27 31.73
242.27 168.83
244.28 33.28
246.28 135.54
248.27 161.94
250.27 30.81
252.27 224.14
254.27 30.85
256.27 186.88
258.27 32.11
260.27 233.08
262.27 230.15
264.28 19.38
266.27 213.23
268.28 34.54
270.27 103.44
272.52 162.94
274.28 273.79
276.52 232.16
278.52 28.89
280.52 270.18
282.52 31.46
284.52 280.81
286.56 178.76
288.52 16.14
290.52 28.87
292.52 53.05
294.52 50.14
296.52 73.7
298.52 139.95
300.51 120.45
302.52 21.05
304.52 146.82
306.52 28.37
308.52 196.03
310.51 221.53
312.52 31.76
314.52 263.91
316.51 33.28
318.52 247.14
320.51 289.65
322.52 231.31
324.52 213.21
326.52 31.79
328.53 28.09
330.52 82.09
332.52 121.76
334.52 127.17
336.52 29.99
338.52 218.35
340.53 27.8
342.52 222.52
344.52 69.51
346.52 44.61
348.52 35.58
350.52 32.3
352.52 64.87
354.52 82.82
356.51 85.69
358.51 63.33
360.52 87.27
362.51 73.19
364.52 85.89
366.53 111.1
368.51 138.36
370.52 121.89
372.52 118.81
374.52 122.91
376.52 107.45
378.53 30.81
380.52 134.45
382.52 146.5
384.52 26.7
386.52 177.78
388.52 33.03
390.52 188.11
392.52 177.03
394.52 172.21
396.51 196.44
398.52 33.36
400.52 227.68
402.51 28.07
404.52 212.91
406.52 227.74
408.52 27.99
410.51 229.56
412.53 32.46
414.52 243.18
416.52 188.41
418.53 254.28
420.52 234.53
422.52 31.44
424.52 208.39
426.52 29.57
428.52 230.18
430.52 248.76
432.52 31.97
434.52 244.78
436.52 27.97
438.51 181.89
440.52 229.78
442.52 249.58
444.52 190.43
446.53 26.08
448.53 249.74
450.52 31.46
452.51 248.15
454.52 176.69
456.52 24.2
458.52 272.86
460.52 33.6
462.52 295.91
464.52 266.2
466.52 256.35
468.52 221.29
470.51 29.42
472.52 238.66
474.52 21.02
476.51 165.4
478.52 209.86
480.52 31.6
482.52 295.97
484.52 30.48
486.52 221.24
488.51 221.24
490.51 287.56
492.52 117.51
494.53 31.36
496.52 52.95
498.52 31.18
500.52 0.88
502.51 56.89
504.52 57.94
506.52 70.71
508.54 111.23
510.52 112.37
512.52 92.71
514.52 147.33
516.52 129.42
518.52 26.67
520.77 166.78
522.78 28.4
524.53 187.96
526.77 180.66
528.53 234.49
530.77 228.13
532.78 32.81
534.77 236.29
536.56 34.07
538.78 251.41
540.77 203.26
542.78 29.06
544.77 168.64
546.77 32.29
548.78 11.24
550.77 9.43
552.77 32.07
554.77 32.07
556.77 26.6
558.77 26.6
560.56 28.62
562.77 28.62
564.78 28.62
566.78 31.44
568.78 66.53
570.78 81.62
572.78 81.62
574.77 77.49
576.77 57.99
578.78 86.86
580.76 98.15
582.77 123.03
584.78 106.01
586.78 138.64
588.78 130.56
590.77 35.18
592.78 188.41
594.78 30.4
596.78 46.86
598.78 74.28
600.77 134.77
602.78 168.0
604.78 187.93
606.78 150.11
608.77 23.86
610.78 113.92
612.78 111.55
614.77 28.6
616.78 205.94
618.77 27.56
620.78 202.97
622.77 117.55
624.77 160.86
626.77 257.09
628.78 26.21
630.77 97.13
632.78 26.56
634.78 52.31
636.77 137.36
638.78 22.82
640.78 102.01
642.77 22.61
644.77 142.26
646.78 148.58
648.77 152.93
650.78 70.81
652.77 26.96
654.77 112.75
656.77 112.75
658.77 112.75
660.77 112.75
662.77 112.75
664.77 112.75
666.77 112.89
668.77 127.48
670.78 5.23
672.77 31.15
674.77 14.45
676.77 32.04
678.78 32.04
680.78 34.44
682.78 34.44
684.78 37.66
686.77 92.15
688.77 120.98
690.77 18.75
692.77 18.75
694.78 133.53
696.78 161.14
698.77 158.3
700.77 27.67
702.77 232.71
704.78 25.26
706.77 212.81
708.77 247.16
710.77 26.63
712.78 171.84
714.78 32.2
716.77 237.87
718.77 119.4
720.77 189.64
722.77 170.37
724.77 26.89
726.77 225.91
728.77 29.88
730.77 224.39
732.77 186.41
734.77 32.07
736.77 225.9
738.78 25.48
740.77 60.82
742.77 201.22
744.78 232.8
746.77 242.12
748.77 30.61
750.78 202.55
752.77 31.46
754.78 206.76
756.77 165.85
758.78 38.2
760.77 197.2
762.78 32.48
764.77 211.9
766.8 27.88
769.02 251.95
770.78 247.42
773.02 31.49
775.02 254.13
777.02 33.92
779.03 201.67
781.02 225.29
783.02 25.57
785.03 213.56
787.03 29.67
789.02 227.12
790.81 28.48
793.02 299.72
795.02 291.01
797.02 31.31
799.02 286.54
801.02 28.78
803.02 154.74
805.02 190.51
807.03 30.62
809.04 254.56
811.03 33.34
813.02 231.1
815.02 32.61
817.03 271.7
819.03 254.25
821.02 24.51
823.02 135.66
825.03 32.89
827.03 225.83
829.03 191.03
831.03 31.48
833.03 257.05
835.02 31.57
837.02 41.35
839.03 26.8
841.03 247.76
843.04 248.84
845.02 31.27
847.03 200.88
849.02 30.12
851.03 250.68
853.02 273.22
855.03 29.56
857.04 221.14
859.03 31.03
861.03 260.84
863.02 29.76
865.03 251.8
867.03 215.36
869.03 30.98
871.02 265.81
873.02 32.11
875.03 156.33
877.03 173.5
879.02 31.64
881.03 291.96
883.03 34.17
885.03 302.67
887.03 32.3
889.03 304.34
891.05 7.34
893.02 23.11
895.03 72.05
897.02 79.89
899.02 76.1
901.03 58.95
903.03 96.26
905.03 69.88
907.02 106.65
909.02 89.42
911.02 121.55
913.02 112.11
915.03 93.12
917.02 31.52
919.03 136.72
921.03 30.08
923.02 177.32
925.02 194.28
927.02 31.45
929.02 183.51
931.02 27.58
933.03 165.48
935.03 155.41
937.03 114.96
939.03 130.09
941.03 29.41
943.02 150.3
945.03 32.1
947.03 149.73
949.02 133.36
951.03 24.89
953.02 155.71
955.02 31.02
957.02 180.6
959.04 29.25
961.02 113.24
963.03 168.35
965.03 26.01
967.02 179.54
969.03 28.52
971.03 180.24
973.02 165.01
975.03 131.76
977.02 142.17
979.02 31.02
981.03 214.11
983.04 30.04
985.02 207.03
987.02 190.88
989.02 30.01
991.02 176.46
993.03 29.79
995.02 198.47
997.02 217.07
999.03 31.6
1001.03 230.5
1003.03 30.97
1005.03 258.57
1007.02 23.8
1009.02 250.13
1011.02 285.34
1013.03 23.53
1015.04 257.3
1017.04 30.43
1019.03 254.25
1021.03 194.59
1023.28 31.81
1025.04 232.65
1027.03 31.06
1029.27 264.15
1031.28 31.21
1033.27 241.11
1035.28 250.84
1037.27 26.64
1039.28 238.5
1041.28 27.24
1043.28 231.26
1045.28 225.97
1047.28 213.1
1049.29 205.18
1051.28 31.5
1053.28 239.37
1055.28 23.24
1057.28 248.12
1059.27 286.79
1061.28 31.26
1063.27 202.74
1065.28 271.1
1067.28 289.29
1069.27 264.72
1071.28 249.16
1073.28 253.95
1075.28 31.93
1077.27 203.42
1079.28 31.33
1081.29 169.43
1083.27 234.19
1085.28 32.08
1087.28 279.4
1089.28 32.8
1091.28 202.42
1093.27 190.52
1095.28 203.32
1097.27 242.9
1099.28 31.43
1101.27 241.75
1103.29 32.7
1105.29 206.08
1107.28 189.0
1109.27 30.51
1111.28 219.11
1113.29 17.61
1115.29 163.01
1117.29 163.01
1119.28 185.86
1121.29 240.21
1123.28 31.91
1125.29 225.92
1127.28 31.29
1129.28 264.89
1131.29 253.67
1133.27 33.32
1135.27 273.43
1137.29 25.23
1139.29 246.16
1141.28 237.01
1143.28 271.51
1145.28 226.5
1147.28 31.92
1149.28 267.39
1151.28 31.53
1153.29 152.6
1155.28 209.24
1157.29 32.32
1159.29 261.15
1161.28 31.17
1163.29 38.35
1165.28 28.99
1167.28 43.18
1169.29 54.32
1171.29 77.85
1173.29 59.07
1175.28 111.11
1177.29 102.53
1179.28 66.22
1181.28 32.01
1183.28 138.44
1185.28 25.71
1187.29 202.66
1189.29 164.61
1191.29 179.96
1193.28 211.8
1195.28 31.74
1197.28 199.39
1199.28 25.74
1201.28 203.7
1203.29 198.24
1205.28 32.01
1207.28 160.09
1209.28 27.79
1211.28 191.96
1213.28 160.85
1215.28 150.54
1217.29 158.19
1219.29 29.63
1221.28 60.12
1223.29 30.52
1225.29 156.82
1227.28 192.28
1229.28 33.96
1231.28 77.39
1233.29 34.34
1235.29 93.69
1237.28 171.35
1239.28 110.99
1241.28 28.74
1243.28 31.45
1245.28 190.14
1247.28 32.5
1249.28 54.29
1251.28 139.49
1253.28 33.39
1255.3 100.95
1257.28 24.74
1259.29 185.69
1261.28 234.3
1263.28 175.74
1265.29 220.53
1267.29 180.5
1269.28 238.72
1271.28 19.84
1273.29 251.29
1275.53 306.46
1277.53 314.39
1279.29 296.68
1281.53 32.12
1283.53 300.39
1285.33 29.96
1287.53 235.81
1289.53 350.3
1291.53 30.46
1293.54 294.61
1295.54 27.01
1297.53 342.19
1299.53 302.86
1301.54 386.53
1303.53 383.3
1305.54 25.72
1307.53 341.89
1309.32 23.82
1311.53 15.3
1313.53 4.68
1315.53 24.9
1317.53 28.25
1319.53 31.16
1321.53 65.81
1323.53 50.46
1325.53 80.34
1327.53 100.93
1329.54 68.11
1331.53 105.86
1333.53 119.9
1335.54 85.03
1337.53 152.32
1339.53 172.7
1341.53 168.84
1343.53 31.27
1345.53 163.41
1347.53 126.91
1349.53 184.83
1351.53 200.08
1353.53 37.06
1355.53 163.09
1357.53 35.99
1359.53 179.34
1361.53 237.23
1363.53 20.92
1365.54 229.47
1367.53 31.54
1369.53 44.95
1371.53 72.49
1373.53 57.93
1375.53 78.13
1377.54 77.92
1379.54 78.82
1381.53 94.14
1383.54 124.64
1385.54 158.06
1387.54 28.52
1389.53 166.25
1391.53 31.61
1393.54 114.25
1395.54 156.42
1397.53 182.56
1399.53 177.46
1401.54 31.06
1403.53 170.74
1405.54 22.14
1407.53 30.77
1409.53 29.77
1411.54 51.94
1413.53 80.65
1415.53 68.15
1417.54 95.78
1419.53 113.65
1421.54 41.12
1423.53 137.39
1425.54 32.33
1427.54 87.04
1429.53 31.36
1431.53 153.15
1433.54 213.18
1435.53 35.92
1437.53 216.24
1439.54 20.62
1441.54 236.72
1443.53 149.24
1445.53 160.39
1447.54 231.33
1449.54 31.74
1451.53 250.2
1453.53 31.62
1455.54 260.57
1457.54 274.39
1459.53 208.02
1461.54 209.75
1463.53 19.64
1465.53 299.61
1467.53 297.84
1469.53 30.66
1471.54 280.63
1473.54 31.72
1475.53 341.66
1477.54 31.46
1479.55 179.33
1481.53 229.52
1483.53 31.27
1485.54 309.94
1487.54 30.9
1489.53 235.82
1491.54 272.17
1493.53 268.2
1495.54 13.72
1497.54 23.95
1499.53 26.17
1501.54 54.65
1503.54 82.46
1505.54 82.54
1507.54 104.79
1509.53 113.42
1511.54 78.45
1513.54 70.18
1515.54 127.4
1517.54 128.56
1519.54 144.65
1521.53 34.12
1523.54 141.1
1525.55 161.28
1527.78 196.67
1529.78 219.24
1531.78 34.58
1533.78 231.61
1535.79 27.94
1537.79 203.37
1539.79 299.32
1541.79 335.99
1543.79 340.66
1545.78 27.69
1547.79 353.65
1549.78 34.36
1551.8 229.25
1553.79 304.19
1555.79 11.34
1557.8 62.95
1559.78 25.13
1561.79 153.82
1563.78 54.77
