0.0 0.32
7.55 0.34
9.78 0.35
11.48 0.36
12.68 0.33
13.83 0.32
15.6 0.38
17.0 0.34
19.44 0.36
22.32 0.39
24.76 0.39
28.35 0.39
31.13 0.35
35.43 0.36
39.35 0.36
42.82 0.36
45.16 0.32
47.49 0.35
51.18 0.35
54.62 0.33
58.55 0.35
61.81 0.38
64.56 0.37
67.43 0.34
70.1 0.36
72.58 0.36
74.43 0.34
76.52 0.37
78.72 0.35
81.64 0.36
85.06 0.36
87.52 0.35
90.28 0.38
92.87 0.35
95.26 0.34
98.08 0.37
100.35 0.35
102.99 0.35
105.43 0.33
108.6 0.37
112.08 0.35
115.09 0.36
118.67 0.37
122.85 0.36
126.89 0.38
129.04 0.36
131.05 0.35
133.43 0.34
135.64 0.36
138.11 0.37
139.89 0.34
142.44 0.34
144.24 0.36
146.12 0.35
148.3 0.35
152.03 0.36
156.36 0.35
160.53 0.38
164.06 0.34
167.83 0.39
170.46 0.36
173.14 0.37
174.94 0.37
177.01 0.37
179.88 0.38
182.99 0.35
186.28 0.37
189.56 0.34
192.64 0.18
198.3 0.33
204.12 0.35
209.37 0.34
214.93 0.31
220.7 0.37
224.53 0.32
228.8 0.36
233.27 0.33
236.62 0.33
239.17 0.35
242.35 0.32
245.62 0.38
247.86 0.34
250.9 0.36
253.98 0.36
257.64 0.34
261.87 0.36
266.23 0.34
272.46 0.36
278.21 0.36
282.63 0.33
286.59 0.37
288.73 0.36
294.29 0.37
298.88 0.33
301.72 0.37
305.24 0.36
309.72 0.34
314.98 0.35
316.9 0.36
319.56 0.36
323.59 0.36
