0.0 1.33
1.04 34.87
3.04 133.47
5.04 139.48
7.04 139.22
9.04 145.24
11.05 31.21
13.17 133.71
15.13 35.01
17.04 0.08
19.04 133.81
21.04 1.08
23.04 182.05
25.04 31.85
27.04 237.37
29.04 267.47
31.04 186.63
33.04 277.94
35.04 38.34
37.04 218.04
39.04 29.49
41.04 299.32
43.04 284.97
45.04 1.05
47.04 321.64
49.04 24.61
51.04 105.05
53.04 163.26
55.17 317.51
57.04 223.88
59.04 1.25
61.29 291.94
63.29 36.49
65.28 179.92
67.28 100.85
69.29 16.78
71.29 144.75
73.29 30.99
75.29 44.89
77.06 33.34
79.3 75.8
81.3 90.24
83.29 85.03
85.29 96.17
87.29 77.6
89.29 124.6
91.29 154.8
93.29 1.12
95.29 179.98
97.29 37.8
99.29 148.59
101.29 246.12
103.29 249.84
105.29 235.26
107.29 38.4
109.29 279.91
111.29 32.21
113.29 272.46
115.29 287.14
117.29 25.7
119.29 278.66
121.29 29.4
123.29 361.83
125.29 325.81
127.29 396.49
129.29 271.54
131.3 23.79
133.29 346.58
135.29 24.86
137.29 309.9
139.29 258.67
141.29 13.71
143.29 285.06
145.29 30.67
147.29 286.56
149.29 324.79
151.29 369.49
153.29 399.25
155.29 35.16
157.29 404.93
159.29 30.89
161.29 412.58
163.29 102.36
165.29 1.1
167.29 186.14
169.29 30.07
171.29 181.18
173.29 103.78
175.29 183.19
177.29 155.94
179.29 30.28
181.29 229.29
183.29 241.24
185.3 243.86
187.29 139.13
189.29 1.14
191.3 188.94
193.29 33.73
195.29 195.17
197.29 255.54
199.3 175.37
201.29 179.87
203.29 37.37
205.3 202.5
207.3 34.05
209.29 279.28
211.29 297.73
213.29 22.49
215.29 106.29
217.29 31.33
219.3 236.24
221.29 250.05
223.29 311.16
225.29 85.5
227.3 27.58
229.29 271.53
231.29 292.24
233.29 239.53
235.29 297.81
237.29 20.32
239.3 211.38
241.29 1.22
243.54 266.54
245.32 24.52
247.54 130.44
249.54 284.48
251.54 18.8
253.54 305.29
255.54 29.67
257.54 109.27
259.54 272.52
261.54 189.5
263.54 152.75
265.54 32.66
267.54 275.27
269.32 20.37
271.54 238.35
273.54 214.57
275.55 33.45
277.54 264.22
279.54 37.34
281.54 157.59
283.54 258.14
285.54 165.32
287.54 262.19
289.54 31.27
291.54 128.74
293.54 29.97
295.54 320.01
297.54 188.3
299.54 30.72
301.54 310.71
303.55 23.44
305.54 53.99
307.54 188.67
309.54 229.79
311.55 196.04
313.54 32.56
315.54 95.32
317.54 33.12
319.54 198.83
321.54 210.32
323.54 24.21
325.54 242.44
327.54 32.74
329.55 253.31
331.54 243.48
333.54 192.52
335.54 282.49
337.55 30.04
339.54 136.7
341.54 32.62
343.54 151.2
345.54 314.69
347.54 22.04
349.54 227.45
351.54 25.09
353.54 250.99
355.54 225.43
357.54 350.55
359.54 338.0
361.54 40.46
363.54 259.18
365.54 22.06
367.54 341.53
369.54 378.72
371.54 33.11
373.54 346.07
375.54 23.92
377.54 343.5
379.54 382.66
381.54 353.26
383.54 411.73
385.54 29.72
387.54 265.92
389.54 33.04
391.54 283.22
393.54 218.37
395.54 39.3
397.55 204.66
399.54 20.87
401.54 225.6
403.55 265.09
405.54 230.05
407.54 234.89
409.55 24.16
411.54 143.28
413.54 21.05
415.54 241.99
417.54 129.57
419.54 39.15
421.54 224.16
423.54 29.01
425.54 344.84
427.55 277.58
429.54 332.71
431.55 76.66
433.54 23.37
435.55 292.16
437.54 26.1
439.54 320.11
441.54 162.55
443.54 265.62
445.54 346.15
447.55 33.11
449.54 339.22
451.55 344.48
453.54 364.15
455.54 268.63
457.55 30.1
459.54 311.91
461.54 30.43
463.54 227.27
465.55 324.04
467.54 32.56
469.54 335.85
471.54 32.64
473.55 298.42
475.54 345.83
477.54 297.18
479.54 414.17
481.54 39.57
483.54 7.67
485.55 29.73
487.55 246.76
489.54 209.3
491.55 27.09
493.54 252.73
495.55 30.29
497.54 269.01
499.54 277.33
501.54 228.66
503.79 279.61
505.79 34.06
507.8 262.3
509.79 30.15
511.79 241.88
513.8 207.45
515.79 21.09
517.79 222.62
519.79 30.74
521.79 255.9
523.79 27.12
525.8 239.76
527.8 241.97
529.79 27.77
531.8 276.29
533.79 13.55
535.79 263.73
537.8 317.47
539.79 25.68
541.79 249.94
543.79 32.09
545.79 216.75
547.79 27.66
549.79 220.74
551.8 219.3
553.8 1.19
555.79 240.42
557.8 27.38
559.79 256.75
561.79 235.54
563.79 24.73
565.79 146.91
567.8 32.88
569.8 263.23
571.79 35.69
573.8 266.09
575.79 160.15
577.79 22.25
579.79 217.27
581.79 20.06
583.79 250.95
585.79 235.17
587.8 21.54
589.8 240.02
591.8 33.59
593.8 280.6
595.79 28.01
597.8 184.44
599.8 200.57
601.79 32.1
603.79 231.9
605.8 27.44
607.79 218.12
609.79 113.71
611.8 23.13
613.79 255.44
615.8 30.75
617.8 159.38
619.79 22.1
621.79 270.57
623.79 107.9
625.79 40.17
627.79 267.61
629.79 18.71
631.8 233.85
633.79 148.84
635.8 25.85
637.79 133.02
639.79 35.08
641.79 186.35
643.79 32.13
645.79 198.82
647.79 246.45
649.8 28.6
651.79 206.73
653.8 30.7
655.8 154.13
657.8 291.03
659.8 21.02
661.79 161.25
663.8 24.54
665.79 144.07
667.79 33.44
669.8 183.34
671.8 104.91
673.79 32.2
675.8 214.21
677.79 32.95
679.79 237.85
681.79 232.69
683.79 26.97
685.79 128.41
687.79 32.4
689.79 258.8
691.79 32.75
693.8 232.23
695.8 268.53
697.79 13.74
699.8 250.64
701.79 22.67
703.79 278.45
706.04 141.43
708.05 80.47
710.04 240.74
712.05 21.17
714.04 184.46
716.05 24.62
718.04 98.12
720.05 128.29
722.04 22.72
724.05 190.5
726.04 1.07
728.04 244.59
730.05 217.84
732.04 271.44
734.05 123.61
736.04 28.32
738.05 252.1
740.05 29.29
742.04 198.25
744.04 171.24
746.05 40.46
748.04 238.44
750.04 23.31
752.05 246.26
754.04 258.06
756.05 258.06
758.04 191.64
760.04 12.24
762.04 161.74
764.04 18.28
766.04 243.03
768.04 233.18
770.04 34.22
772.04 144.93
774.04 24.75
776.05 247.72
778.04 259.67
780.05 254.21
782.04 266.54
784.05 171.36
786.05 258.42
788.04 25.45
790.04 248.78
792.04 77.91
794.04 13.11
796.05 217.02
798.05 22.13
800.04 233.18
802.04 244.05
804.04 253.11
806.04 248.47
808.04 30.89
810.04 306.33
812.04 19.64
814.04 187.87
816.05 298.06
818.04 26.42
820.05 362.36
822.04 13.85
824.05 308.24
826.04 393.27
828.05 423.71
830.04 350.48
832.04 32.25
834.05 384.47
836.05 17.38
838.04 434.7
840.05 308.79
842.04 25.18
844.04 406.26
846.05 33.23
848.04 136.94
850.04 296.14
852.04 387.59
854.05 400.65
856.04 25.91
858.04 354.91
860.04 19.22
862.04 358.48
864.04 307.86
866.04 29.75
868.05 376.15
870.04 35.23
872.04 390.69
874.05 377.76
876.04 391.01
878.04 388.16
880.05 33.27
882.04 323.93
884.04 31.74
886.05 361.45
888.05 388.83
890.04 30.48
892.04 300.86
894.04 21.99
896.05 456.4
898.05 313.6
900.05 313.59
902.04 479.41
904.05 4.85
906.05 459.54
908.04 10.71
910.04 527.28
912.04 542.33
914.05 30.83
916.04 220.97
918.05 34.47
920.04 131.48
922.04 1.03
924.04 155.81
926.04 205.09
928.05 32.37
930.05 189.7
932.04 27.79
934.05 115.28
936.04 173.65
938.04 22.5
940.05 195.89
942.04 23.51
944.04 333.15
946.04 305.91
948.04 288.45
950.05 321.74
952.04 39.35
954.05 308.53
956.04 18.68
958.29 269.88
960.3 96.71
962.29 15.04
964.3 239.79
966.29 33.29
968.29 220.54
970.07 30.31
972.29 120.89
974.29 105.29
976.29 33.32
978.3 237.69
980.3 32.69
982.29 263.94
984.3 275.0
986.29 27.47
988.29 230.61
990.3 31.27
992.29 122.59
994.29 30.56
996.3 301.14
998.29 203.86
1000.29 44.92
1002.29 242.71
1004.3 38.79
1006.29 133.56
1008.3 116.39
1010.3 26.15
1012.3 217.29
1014.29 34.42
1016.3 225.61
1018.29 22.03
1020.29 248.74
1022.29 209.89
1024.29 38.43
1026.29 270.06
1028.29 32.68
1030.3 241.73
1032.3 191.66
1034.29 26.55
1036.29 293.89
1038.3 304.41
1040.3 269.79
1042.29 30.23
1044.3 146.53
1046.3 113.54
1048.3 18.52
1050.3 199.32
1052.3 24.78
1054.29 182.03
1056.3 183.62
1058.29 1.1
1060.29 198.98
1062.29 21.56
1064.29 183.54
1066.29 229.39
1068.3 220.6
1070.3 233.68
1072.3 32.42
1074.3 135.76
1076.3 33.63
1078.3 229.03
1080.3 111.38
1082.29 1.11
1084.29 253.13
1086.3 28.62
1088.29 89.88
1090.29 32.05
1092.29 261.43
1094.3 227.12
1096.3 24.63
1098.3 270.36
1100.29 34.35
1102.3 206.91
1104.29 197.64
1106.29 243.14
1108.3 243.14
1110.3 32.81
1112.3 142.35
1114.29 22.28
1116.29 200.8
1118.29 192.16
1120.29 8.44
1122.3 221.2
1124.3 22.71
1126.29 198.75
1128.29 221.72
1130.3 1.11
1132.3 184.58
1134.3 230.21
1136.3 228.35
1138.29 24.7
1140.3 121.21
1142.3 85.57
1144.29 36.63
1146.29 168.83
1148.29 20.45
1150.29 248.34
1152.29 261.76
1154.3 19.49
1156.4 86.52
1158.5 23.15
1160.4 231.34
1162.29 20.55
1164.3 239.05
1166.29 227.14
1168.29 26.46
1170.36 137.51
1172.29 21.23
1174.29 211.35
1176.29 270.47
1178.29 23.74
1180.32 131.81
1182.29 9.93
1184.29 277.16
1186.29 26.65
1188.29 294.8
1190.29 272.22
1192.3 8.51
1194.29 184.66
1196.29 31.94
1198.29 293.12
1200.3 303.69
1202.3 28.92
1204.29 197.7
1206.55 27.06
1208.54 271.44
1210.54 29.71
1212.55 224.42
1214.55 171.99
1216.55 23.18
1218.55 210.92
1220.55 22.86
1222.55 163.23
1224.55 211.47
1226.54 209.36
1228.54 203.73
1230.54 26.9
1232.54 217.94
1234.54 36.3
1236.55 195.82
1238.54 233.33
1240.55 23.32
1242.54 251.74
1244.55 213.83
1246.55 188.6
1248.54 231.88
1250.54 209.73
1252.55 238.93
1254.55 36.98
1256.54 278.52
1258.54 16.93
1260.54 148.84
1262.55 182.88
1264.55 24.91
1266.54 250.69
1268.54 33.35
1270.54 228.04
1272.55 230.46
1274.55 230.46
1276.55 232.77
1278.55 29.88
1280.54 113.94
1282.55 28.05
1284.55 174.52
1286.55 164.34
1288.55 172.75
1290.54 89.28
1292.54 81.94
1294.54 66.89
1296.55 94.49
1298.54 95.17
1300.54 104.18
1302.54 44.15
1304.55 104.43
1306.55 40.33
1308.54 119.53
1310.54 121.12
1312.54 25.31
1314.54 167.0
1316.55 1.94
1318.55 180.91
1320.54 184.87
1322.55 135.66
1324.55 139.05
1326.55 0.93
1328.54 179.56
1330.54 18.87
1332.55 178.51
1334.54 118.59
1336.55 1.1
1338.55 228.19
1340.55 32.33
1342.55 216.6
1344.54 119.44
1346.54 178.16
1348.55 204.74
1350.55 36.92
1352.54 191.89
1354.54 31.98
1356.55 180.43
1358.55 180.43
1360.55 8.64
1362.54 191.31
1364.54 1.08
1366.55 164.87
1368.55 186.85
1370.55 194.89
1372.54 163.42
1374.55 10.37
1376.55 212.26
1378.55 22.83
1380.55 120.71
1382.55 203.55
1384.54 6.47
1386.55 196.67
1388.54 23.28
1390.54 129.95
1392.54 124.06
1394.55 172.66
1396.54 178.16
1398.55 31.88
1400.55 216.31
1402.55 18.12
1404.55 215.69
1406.55 227.1
1408.55 22.92
1410.55 224.88
1412.54 35.77
1414.55 240.35
1416.55 256.26
1418.54 286.12
1420.55 257.52
1422.54 15.84
1424.55 315.46
1426.54 31.87
1428.55 317.09
1430.54 220.91
1432.54 16.33
1434.54 277.05
1436.55 23.18
1438.55 86.98
1440.55 320.18
1442.55 218.34
1444.55 171.93
1446.55 25.92
1448.54 123.13
1450.54 34.2
1452.54 144.7
1454.54 201.26
1456.54 1.16
1458.55 245.17
1460.54 7.01
1462.55 251.08
1464.55 191.36
1466.54 278.24
1468.55 292.11
1470.55 291.24
1472.54 258.39
1474.79 18.67
1476.79 126.63
1478.79 225.42
1480.8 45.26
1482.79 238.53
1484.79 1.16
1486.8 259.45
1488.57 28.42
1490.8 303.74
1492.79 342.05
1494.79 328.55
1496.8 310.91
1498.79 23.94
1500.8 240.3
1502.79 296.65
1504.79 55.44
1506.8 308.36
1508.79 28.42
1510.8 240.81
1512.79 29.0
1514.79 309.3
1516.79 283.85
1518.8 1.16
1520.79 322.75
1522.79 1.19
1524.79 357.87
1526.8 246.9
1528.8 354.42
1530.79 286.97
1532.79 24.51
1534.79 310.0
1536.8 30.43
1538.79 346.59
1540.79 350.81
1542.79 33.39
1544.8 210.63
1546.79 36.32
1548.79 190.6
1550.8 209.16
1552.8 222.08
1554.79 219.87
1556.79 30.85
1558.81 179.65
1560.79 17.82
1562.79 131.06
1564.79 156.55
1566.79 13.89
1568.79 114.41
1570.8 38.06
1572.8 80.62
1574.8 167.3
1576.79 193.27
1578.8 213.51
1580.8 1.16
1582.8 28.14
1584.8 44.25
1586.8 52.89
1588.8 75.48
1590.8 89.86
1592.8 110.41
1594.8 107.65
1596.79 113.65
1598.79 136.68
1600.8 128.89
1602.79 110.23
1604.8 135.68
1606.8 94.91
1608.79 30.86
1610.8 201.74
1612.79 229.21
1614.79 1.16
1616.8 245.32
1618.79 23.55
1620.81 278.75
1622.8 240.27
1624.8 285.14
1626.8 285.25
1628.79 21.19
1630.8 298.75
1632.8 24.02
1634.8 317.19
1636.79 368.65
1638.79 34.78
1640.8 393.6
1642.8 5.59
1644.79 442.07
1646.8 412.83
1648.79 456.42
1650.8 398.81
1652.8 24.81
1654.8 383.28
1656.79 19.58
1658.79 400.25
1660.79 461.3
1662.79 31.59
1664.8 36.36
1666.8 23.74
1668.8 49.27
1670.79 55.09
1672.8 51.46
1674.79 61.17
1676.8 61.17
1678.8 48.96
1680.79 48.58
1682.8 111.05
1684.8 127.34
1686.8 33.2
1688.79 134.89
1690.8 9.27
1692.8 133.7
1694.8 116.24
1697.05 157.54
1699.05 189.51
1701.04 23.41
1703.04 212.62
1705.04 27.82
1707.04 182.14
1709.04 230.81
1711.04 6.21
1713.05 159.14
1715.04 24.79
1717.05 41.55
1719.04 35.55
1721.05 59.8
1723.05 69.23
1725.04 84.7
1727.05 112.25
1729.05 33.32
1731.05 143.17
1733.05 130.94
1735.05 27.71
1737.04 119.43
1739.05 32.49
1741.05 152.26
1743.05 141.51
1745.04 148.49
1747.04 148.93
1749.04 28.89
1751.05 151.05
1753.05 25.42
1755.04 191.0
1757.05 187.69
1759.05 27.35
1761.05 128.76
1763.04 22.77
1765.04 162.96
1767.05 179.42
1769.04 176.48
1771.05 179.08
1773.05 18.97
1775.05 255.0
1777.05 36.8
1779.04 244.76
1781.04 269.17
1783.04 26.3
1785.04 198.68
1787.05 30.68
1789.04 284.17
1791.04 318.13
1793.05 277.72
1795.04 250.7
1797.04 23.49
