0.0 4.92
0.92 1.68
1.55 2.45
2.24 1.27
3.44 6.73
4.33 4.48
5.51 2.61
7.63 3.38
8.36 2.36
9.06 2.37
10.21 6.42
11.0 6.87
11.85 6.85
14.0 7.01
16.57 0.1
18.0 4.58
20.02 1.67
22.0 1.58
24.0 2.62
25.99 2.28
28.0 2.98
30.0 2.48
31.99 13.94
34.03 14.69
36.0 14.69
38.0 14.69
40.02 7.78
42.0 2.96
44.03 4.47
46.0 2.57
48.0 0.29
49.99 6.8
51.99 2.97
54.0 7.3
55.99 5.42
58.0 3.35
60.03 7.39
62.0 7.39
64.0 1.6
65.99 6.22
68.0 2.61
70.03 6.8
72.0 8.7
74.0 8.7
75.99 3.67
78.02 7.42
80.0 14.88
82.0 5.64
84.0 1.12
86.03 0.07
88.0 5.07
89.94 14.36
92.0 14.11
94.0 0.23
95.97 7.96
98.0 6.37
100.03 3.4
102.58 4.78
105.28 8.57
108.09 7.38
110.27 9.18
112.28 9.04
113.79 7.59
115.69 9.62
117.13 1.07
118.39 3.64
119.91 12.87
122.0 7.78
124.0 6.22
126.0 3.47
127.98 2.87
130.0 11.95
132.0 6.18
134.0 6.57
136.0 1.94
138.0 2.94
140.0 1.32
142.0 1.43
145.04 8.86
146.95 8.78
150.03 8.0
151.89 7.26
154.59 9.96
157.6 7.38
158.43 9.26
159.25 9.2
161.99 7.28
165.4 7.4
166.92 9.26
167.65 12.54
169.16 6.23
171.21 4.37
173.02 5.26
174.73 14.61
176.32 5.13
178.0 0.13
180.12 2.88
182.53 4.82
184.59 6.95
185.99 8.72
187.99 8.59
190.48 8.01
192.8 6.67
195.15 3.07
197.22 13.43
199.05 9.95
200.81 11.97
203.0 8.51
205.23 11.49
206.92 4.42
209.0 6.94
210.99 13.26
212.99 3.94
215.0 1.56
217.0 3.66
219.0 1.79
221.0 3.04
223.03 13.41
225.0 2.97
226.94 0.14
229.0 2.8
231.0 3.55
232.99 6.43
235.0 5.49
237.02 7.29
238.99 7.29
241.03 0.21
243.0 5.27
245.03 6.08
247.0 0.06
248.99 12.64
251.0 1.62
253.0 5.2
255.0 7.45
257.0 4.66
259.0 10.99
261.0 4.63
263.0 11.68
264.99 1.26
266.99 4.48
269.0 4.81
271.2 1.13
274.31 0.13
276.64 1.4
277.95 10.2
281.18 4.15
283.42 0.49
285.26 3.25
286.91 9.71
289.91 0.04
291.09 8.27
294.28 2.06
297.64 0.77
298.62 1.67
300.21 0.88
301.82 5.56
303.65 1.09
306.57 7.31
307.69 8.85
309.07 7.71
309.77 8.79
310.99 8.12
313.25 8.85
316.04 7.15
318.44 6.4
319.4 5.25
325.16 0.98
325.84 8.89
326.51 10.52
327.55 0.42
329.27 1.27
331.25 7.82
333.28 1.22
335.22 2.95
337.25 7.71
339.25 9.91
341.04 1.34
343.25 8.36
345.25 2.91
347.26 0.98
349.24 2.11
351.25 2.44
353.25 3.54
355.25 0.06
357.25 0.13
359.21 4.45
361.26 1.35
363.25 13.19
365.24 1.76
367.26 4.78
369.25 9.08
371.25 7.84
373.25 7.54
375.25 1.15
377.25 0.82
379.25 2.97
381.24 13.2
383.52 6.83
385.52 6.63
387.5 3.56
389.5 2.3
391.5 3.45
393.5 3.04
395.5 4.15
397.5 5.29
