0.0 0.5
4.44 0.15
8.77 0.18
10.97 0.08
14.32 0.48
18.37 0.55
21.71 0.22
24.52 0.3
25.2 0.97
26.24 0.97
29.6 0.93
33.53 0.96
35.66 1.09
36.96 0.24
37.83 0.95
41.87 0.87
43.96 0.09
45.0 0.54
46.86 0.82
51.12 0.97
53.63 0.22
56.21 0.17
57.86 0.59
60.61 0.76
62.94 0.62
65.21 0.72
67.21 0.27
68.25 1.18
71.56 0.29
72.09 0.27
74.2 0.44
74.7 0.72
76.18 1.09
77.74 0.73
82.79 0.3
84.4 0.36
88.65 0.36
89.52 0.21
91.48 1.13
93.5 0.35
95.35 1.45
101.6 0.79
102.62 0.71
105.46 0.5
106.29 0.1
107.28 1.25
109.68 0.98
111.32 0.17
115.15 0.15
116.91 0.21
118.59 0.31
119.87 0.57
123.47 0.63
124.9 0.66
128.59 0.17
129.34 0.31
130.07 0.28
132.84 0.48
135.23 1.04
138.86 0.03
141.11 1.35
143.43 0.73
148.56 1.09
150.78 1.14
151.69 0.82
154.37 0.08
158.71 0.15
160.93 0.5
161.62 0.45
164.46 0.1
167.4 0.84
173.58 0.37
180.48 0.21
181.86 0.28
182.98 0.29
184.48 0.59
187.82 0.32
189.05 0.27
189.61 1.08
191.45 0.29
194.07 0.18
195.46 0.57
196.65 1.4
199.11 0.37
200.86 1.04
203.81 0.11
208.71 0.23
209.33 0.25
210.87 0.56
211.83 0.55
214.5 0.81
216.91 0.54
221.36 0.28
222.14 0.64
224.76 1.09
227.72 0.4
232.78 0.17
234.04 0.3
235.72 0.48
238.79 1.18
242.91 0.21
244.06 0.23
246.65 0.27
247.76 0.2
249.88 0.47
250.56 0.87
251.72 0.09
254.2 0.96
255.65 0.61
262.55 0.73
263.16 0.19
264.48 0.5
266.99 0.67
268.3 0.74
270.41 0.08
271.31 0.5
272.3 1.11
273.99 0.74
277.36 0.72
279.99 0.77
284.4 0.09
287.48 0.79
290.45 0.11
293.08 0.09
295.68 0.13
299.58 0.5
301.08 0.73
303.18 0.97
306.2 0.54
308.52 0.96
312.95 0.21
315.11 0.28
317.11 0.49
318.37 0.73
321.64 0.08
325.81 0.19
328.39 0.26
330.13 0.55
333.46 0.29
336.7 0.31
339.57 0.46
343.33 0.67
346.77 0.18
349.02 0.88
350.69 0.55
356.08 0.21
360.53 0.97
363.52 1.09
366.41 0.45
368.07 0.95
369.26 0.11
372.89 1.25
374.92 0.97
377.82 0.25
381.18 0.22
383.35 0.14
386.98 0.07
390.62 1.09
393.24 1.24
396.08 0.28
399.27 0.15
402.27 0.25
404.46 0.39
406.66 0.44
410.14 0.4
412.12 0.36
415.81 0.35
418.41 0.96
421.37 0.89
427.73 0.28
431.07 0.36
433.1 0.27
434.12 0.97
436.56 0.1
437.87 1.24
441.4 0.82
442.42 0.43
444.27 0.55
446.06 0.14
452.14 0.22
455.0 0.3
455.68 1.06
457.1 0.96
457.98 1.45
462.22 0.55
464.61 0.89
466.15 1.12
466.86 0.5
470.09 0.16
470.98 0.97
471.7 0.61
473.66 0.49
477.47 0.12
478.61 0.36
480.41 0.13
483.57 0.33
484.83 0.17
486.16 0.73
487.42 0.15
489.33 0.48
494.81 0.1
495.57 0.97
497.26 0.96
498.6 0.79
500.0 0.35
503.85 1.23
505.97 0.54
509.07 0.22
512.38 0.15
513.64 0.15
514.77 0.19
515.89 0.69
519.93 0.14
523.74 0.16
525.44 0.24
526.32 0.68
527.18 0.54
529.76 0.87
531.48 0.12
535.14 0.62
536.06 0.22
537.2 0.13
539.79 0.19
540.93 0.14
542.75 0.21
544.3 0.98
546.25 0.87
547.95 0.27
550.81 0.97
554.73 0.2
559.6 0.1
565.49 0.11
566.83 0.52
569.49 0.97
573.04 0.03
575.02 1.1
578.35 1.08
580.94 0.65
581.45 0.67
584.38 0.09
585.25 1.11
586.89 1.04
590.06 0.14
592.4 0.03
594.62 0.18
597.15 1.09
597.87 0.72
599.61 0.99
600.93 0.97
603.66 1.21
607.84 1.08
612.88 0.37
615.5 1.08
617.44 0.59
619.69 1.09
621.72 1.12
622.37 0.03
624.73 0.27
625.96 0.73
627.31 1.21
628.48 0.16
629.93 0.98
632.87 0.83
633.84 1.09
634.87 0.87
638.07 0.09
641.49 0.72
645.36 0.26
647.36 0.17
648.75 0.4
650.02 0.17
650.88 1.09
653.14 0.55
656.47 0.09
658.18 1.04
661.76 0.43
663.6 0.91
665.16 0.59
668.33 0.73
670.59 0.15
675.65 0.49
676.84 0.87
677.88 0.14
680.26 0.73
680.89 1.24
688.24 0.5
692.57 0.82
694.69 0.1
695.97 0.16
698.24 0.21
699.85 0.16
701.8 0.36
702.59 0.59
705.98 0.27
709.9 0.24
711.31 0.8
713.42 0.25
714.89 0.18
717.26 0.19
718.61 0.14
719.34 0.27
719.98 0.91
721.05 0.14
725.68 0.99
726.65 0.09
727.89 0.15
728.77 0.67
729.69 0.97
731.82 0.38
734.31 1.08
737.15 0.24
739.13 1.82
742.63 0.03
745.94 0.73
747.53 0.14
751.82 0.48
752.68 0.24
753.77 0.48
756.84 0.24
758.14 0.11
761.32 0.19
762.83 0.23
765.27 0.23
766.76 0.44
769.81 0.87
770.7 0.79
774.75 0.18
776.53 0.73
778.24 0.65
780.78 0.03
783.49 0.09
785.39 0.41
789.41 0.97
792.17 0.35
795.31 0.09
801.78 0.44
802.47 1.35
804.29 0.41
805.65 0.27
806.49 0.36
809.83 0.54
810.34 0.97
811.43 0.97
815.83 1.08
818.54 0.92
820.31 1.39
823.16 0.11
823.68 0.97
826.12 0.27
827.86 0.97
828.97 0.97
832.27 0.22
835.11 1.0
837.88 0.62
839.09 0.65
841.7 0.88
842.98 0.54
845.42 0.63
850.1 0.17
851.54 0.17
854.52 0.12
856.09 0.97
859.16 0.24
863.43 0.23
865.05 0.33
865.75 0.79
866.75 0.12
868.57 0.58
869.55 0.15
871.47 1.07
873.66 0.73
875.14 0.73
877.79 0.1
878.36 0.87
880.84 1.09
882.82 1.1
884.46 0.87
886.73 0.45
889.24 0.03
891.48 1.09
894.09 0.98
896.54 0.88
897.94 0.98
901.53 0.84
902.04 0.24
905.42 0.6
908.75 0.96
912.51 0.22
913.19 0.21
915.87 0.3
918.66 0.04
922.73 0.84
924.55 0.97
927.76 0.73
929.33 0.96
933.47 0.15
937.58 0.15
940.29 0.73
942.36 0.59
944.72 0.24
947.01 1.09
951.67 0.21
952.77 0.18
959.22 0.43
960.54 1.1
961.54 0.1
965.07 0.65
966.04 0.27
972.39 0.08
976.75 0.78
978.15 0.25
979.57 0.6
980.1 0.87
981.18 0.41
983.83 0.03
987.14 0.89
989.51 0.55
992.22 0.17
994.79 0.18
997.22 0.17
998.62 0.57
1001.53 1.45
1003.21 0.89
1006.73 0.03
1007.94 1.25
1009.45 0.16
1009.98 1.09
1011.28 0.59
1012.16 0.14
1020.12 0.91
1022.06 0.55
1023.43 0.14
1024.46 0.49
1025.3 1.09
1027.96 0.87
1029.78 0.87
1032.38 0.31
1033.44 0.43
1035.78 0.5
1037.65 0.72
1040.57 0.11
1042.86 0.8
1043.74 0.18
1045.88 0.31
1046.62 1.25
1048.02 1.04
1054.78 0.41
1055.36 0.98
1057.96 0.03
1059.65 0.5
1063.85 0.17
1064.78 1.1
1065.73 0.67
1078.98 0.98
1081.08 0.56
1083.68 0.14
1085.09 0.14
1087.72 0.23
1088.78 1.07
1089.71 1.11
1090.53 0.57
1091.41 0.1
1095.09 1.09
1097.76 0.97
1098.76 0.97
1099.89 0.54
1105.05 0.44
1107.33 0.14
1107.98 1.56
1112.39 0.6
1113.35 0.59
1114.26 0.76
1117.01 0.72
1119.05 0.97
1121.91 0.72
1124.39 0.73
1125.35 0.6
1126.39 1.25
1127.25 0.99
1130.26 0.18
1133.32 0.49
1135.66 0.38
1137.1 0.77
1138.58 0.98
1142.54 1.07
1145.45 0.72
1146.44 0.41
1149.89 0.54
1153.44 0.12
1155.3 0.54
1156.72 0.68
1158.35 0.82
1159.51 1.09
1161.35 0.88
1164.36 0.65
1166.7 0.73
1167.71 0.54
1173.3 0.15
1177.19 0.31
1177.9 0.58
1178.78 0.73
1181.07 0.87
1182.93 0.48
1190.11 0.27
1191.31 1.25
1195.17 0.36
1196.89 0.23
1197.94 0.27
1199.46 0.3
1199.99 0.96
1201.23 0.97
1204.69 0.27
1209.86 0.3
1210.71 0.63
1211.65 1.25
1213.13 0.98
1216.55 0.44
1218.47 1.08
1219.99 1.09
1221.03 1.09
1225.94 0.14
1229.19 0.13
1230.13 0.73
1230.74 0.14
1238.92 0.32
1239.73 0.65
1241.44 1.37
1245.66 0.6
1246.46 1.09
1248.83 0.72
1251.74 0.73
1255.78 1.37
1257.13 0.39
1258.02 0.73
1262.41 0.18
1265.61 0.47
1270.99 0.15
1271.85 0.1
1273.77 0.72
1280.3 0.18
1281.04 0.2
1282.51 0.14
1286.14 0.14
1286.8 0.18
1287.8 0.54
1300.84 0.15
1302.18 0.1
1303.8 0.27
1318.0 0.22
1319.24 0.79
1322.43 0.18
1323.13 0.11
1326.35 0.03
1327.88 0.74
1330.35 0.11
1333.12 0.28
1334.39 0.15
1336.11 0.15
1336.91 0.73
1337.67 1.36
1339.09 0.2
1342.81 0.02
1345.37 1.19
1346.83 0.49
1349.14 0.03
1349.97 0.73
1358.73 0.2
1359.27 0.26
1359.87 0.88
1360.67 0.78
1361.42 0.42
1363.19 0.97
1364.16 0.82
1369.35 0.4
1371.93 0.16
1377.97 0.21
1379.57 0.11
1382.21 1.09
1384.89 1.05
1388.73 0.54
1392.26 0.03
1394.62 0.24
1397.13 0.48
1398.37 0.12
1400.6 0.8
1403.42 0.67
1404.44 0.87
1405.91 0.59
1407.8 0.16
1408.69 1.09
1411.1 0.74
1412.1 1.09
1414.86 0.36
1417.35 0.97
1418.07 0.2
1421.13 1.56
1422.2 0.54
1428.42 0.42
1430.43 0.66
1432.85 0.84
1434.3 0.1
1436.35 0.17
1437.39 0.18
1438.39 1.05
1440.6 1.25
1441.7 0.79
1447.41 0.11
1448.68 0.41
1450.89 0.69
1451.86 0.1
1457.47 0.13
1459.11 0.13
1463.09 0.13
1463.93 0.25
1465.83 0.14
1466.68 0.66
1472.69 0.17
1475.07 0.19
1476.44 0.44
1478.18 0.97
1479.34 1.09
1481.54 0.97
1484.88 0.49
1488.19 0.4
1493.43 0.27
1494.43 0.26
1495.07 0.73
1496.45 0.54
1498.03 1.09
1500.39 0.63
1505.58 0.99
1507.52 0.73
1512.19 0.26
1514.05 0.66
1514.9 0.6
1516.49 0.5
1520.38 0.44
1522.37 0.97
1524.1 0.09
1524.67 1.25
1525.86 0.44
1532.42 0.16
1535.55 0.69
1536.61 0.19
1539.87 0.12
1545.9 0.27
1546.75 0.44
1549.29 0.31
1550.98 0.27
1552.9 0.44
1555.56 1.09
1556.27 0.73
1558.42 0.62
1559.38 0.24
1561.61 1.09
1565.6 0.03
1566.35 0.31
1571.63 1.02
1572.42 0.25
1573.93 0.97
1575.18 0.18
1577.63 0.2
1580.93 0.22
1584.03 0.22
1584.64 0.56
1585.95 1.21
1588.26 0.65
1590.99 0.93
1594.6 0.19
1595.81 0.19
1598.45 0.2
1599.52 0.13
1600.08 0.6
1603.06 0.11
1604.0 0.47
1605.18 0.07
1607.64 0.12
1610.83 1.2
1612.45 0.55
1613.79 0.49
1618.1 0.27
1619.62 0.62
1622.14 1.0
1623.07 0.73
1627.69 0.38
1630.69 0.24
1632.21 0.28
1633.77 0.23
1635.75 0.59
1637.86 0.2
1641.95 0.17
1643.02 0.21
1644.85 0.39
1645.73 0.86
1646.8 0.8
1652.31 0.3
1654.57 0.18
1658.86 0.28
1659.44 0.87
1660.01 0.97
1664.22 0.66
1665.11 0.31
1668.04 0.97
1669.0 1.09
1671.01 0.54
1675.5 0.18
1676.31 0.33
1679.48 0.46
1680.56 0.2
1684.83 0.47
1685.94 0.04
1687.09 0.24
1689.7 0.52
1693.97 0.21
1696.37 0.19
1697.88 0.94
1701.58 0.2
1705.77 0.17
1711.62 0.39
1712.17 0.27
1717.29 0.98
1719.96 0.12
1722.03 0.97
1723.66 0.65
1725.91 0.03
1727.06 1.09
1735.69 0.16
1738.36 0.19
1741.5 0.14
1743.11 0.27
1745.03 0.97
1747.51 0.64
1748.68 0.93
1750.52 0.87
1751.78 0.36
1755.07 1.25
1758.59 0.1
1761.15 0.41
1762.14 1.25
1762.87 0.34
1767.93 0.62
1768.98 1.09
1770.43 0.11
1772.05 1.25
1774.4 0.27
1775.29 0.32
1779.7 0.11
1781.41 0.59
1785.89 0.16
1788.23 0.16
1789.22 0.84
1789.73 0.54
1791.66 0.11
1793.75 0.19
1795.3 0.5
1797.02 0.14
1801.08 0.21
1803.34 0.16
1804.82 0.94
1810.65 0.23
1812.41 0.48
1813.46 0.72
1816.26 1.09
1817.04 0.1
1820.41 0.34
1822.44 0.35
1823.26 0.4
1826.25 0.64
1835.98 0.47
1837.29 0.14
1843.06 0.65
1843.88 0.11
1845.34 1.46
1846.43 0.15
1847.82 0.02
1848.5 1.09
1850.58 0.59
1854.7 0.15
1855.76 0.31
1860.07 0.54
1861.79 0.62
1864.96 0.73
1865.9 0.13
1869.04 0.22
1874.34 0.88
1876.3 0.13
1877.18 0.64
1887.41 0.14
1890.92 0.09
1891.87 0.96
1894.44 0.2
1895.42 0.96
1896.24 0.5
1897.06 1.09
1903.15 0.41
1904.08 1.16
1904.9 0.14
1907.97 0.14
1910.98 0.97
1913.46 0.14
1914.7 0.67
1916.28 0.87
1920.25 0.47
1921.98 0.97
1925.22 0.72
1926.2 1.09
1928.62 0.59
1929.64 0.97
1936.1 0.11
1937.06 0.65
1938.05 0.88
1942.27 1.24
1945.15 0.68
1947.39 0.22
1948.17 0.11
1949.4 0.97
1950.43 0.55
1954.83 0.22
1957.34 0.2
1958.44 0.24
1959.97 0.39
1964.95 0.79
1966.65 0.03
1968.34 0.5
1969.77 0.65
1976.03 0.47
1977.47 0.17
1978.31 1.25
1980.45 0.31
1981.14 0.03
1985.86 0.36
1986.93 0.26
1987.81 0.22
1989.67 0.4
1993.62 0.65
1995.02 0.5
2000.79 0.24
2002.79 0.3
2004.25 0.2
2005.59 0.44
2007.58 0.17
2010.53 0.2
2013.05 0.36
2013.7 0.98
2016.54 0.96
2017.77 0.65
2021.81 0.35
2023.84 0.66
2029.08 0.55
2029.6 1.27
2031.99 1.24
2036.55 1.37
2038.07 0.11
2040.02 1.46
2041.28 0.76
2043.67 0.26
2044.95 0.34
2045.96 0.52
2047.35 0.38
2048.57 0.66
2054.95 0.27
2055.53 0.26
2056.94 0.28
2058.43 0.67
2060.9 0.1
2062.46 1.24
2065.96 0.39
2066.96 0.37
2067.55 0.09
2070.51 1.09
2076.62 0.23
2078.61 0.39
2082.07 0.03
2083.0 1.1
2084.99 1.24
2086.05 1.09
2090.35 0.95
2099.29 0.75
2101.49 0.86
2103.08 1.31
2103.8 0.13
2107.19 0.44
2107.89 0.1
2112.74 0.54
2113.37 0.87
2114.66 0.27
2116.36 0.55
2117.55 0.13
2123.24 0.25
2124.35 0.14
2126.03 0.38
2128.21 0.03
2131.22 0.67
2132.68 0.62
2135.31 1.09
2137.8 0.27
2139.38 0.26
2140.55 0.29
2141.93 0.62
2144.84 0.5
2146.34 0.82
2147.29 1.05
2149.9 0.78
2152.12 0.5
2155.41 0.44
2159.86 0.14
2160.59 0.66
2162.78 1.27
2164.28 0.54
2165.03 0.93
2168.98 0.79
2172.01 0.15
2174.11 0.23
2176.97 0.23
2177.74 0.23
2179.07 0.54
2180.46 0.73
2183.92 0.86
2187.64 0.87
2189.25 0.59
2190.69 1.09
2193.37 0.11
2195.5 1.08
2196.12 1.25
2197.96 0.55
2199.78 1.25
2205.42 0.55
2208.99 1.09
2210.99 1.04
2216.03 0.16
2217.19 0.16
2221.55 0.29
2222.26 1.08
2222.94 0.17
2223.95 0.25
2228.51 0.27
2231.15 0.36
2232.44 1.21
2233.45 0.88
2235.47 0.79
2238.07 0.91
2239.62 0.97
2243.32 0.14
2245.29 0.41
2247.34 0.04
2248.17 0.09
2252.22 0.47
2253.25 0.57
2257.0 0.28
2258.39 0.17
2258.98 0.27
2260.53 0.87
2263.14 0.97
2266.42 0.21
2267.2 0.21
2270.2 0.58
2270.75 0.87
2274.28 0.09
2279.19 0.19
2280.23 0.16
2281.47 0.72
2282.43 0.73
2284.9 1.09
2286.67 0.09
2290.39 0.24
2292.85 0.63
2295.19 0.31
2296.47 0.16
2298.26 0.38
2300.37 0.02
2303.67 0.64
2304.57 0.87
2306.45 0.14
2311.03 0.81
2311.72 0.73
2319.18 0.23
2319.98 0.72
2320.63 0.13
2323.48 0.23
2325.4 0.73
2328.78 0.5
2329.62 1.02
2330.62 0.97
2333.62 1.24
2337.36 0.54
2338.05 0.88
2340.55 0.11
2342.18 0.42
2342.98 0.62
2349.48 0.22
2352.41 0.17
2355.34 1.03
2358.56 0.31
2362.18 1.09
2364.2 0.88
2366.88 0.79
2368.96 0.25
2371.54 0.58
2373.84 0.27
2375.92 0.8
2377.63 0.67
2379.21 1.11
2381.39 0.03
2382.43 0.54
2383.65 0.04
2385.2 0.44
2386.37 1.24
2393.01 0.13
2395.03 0.72
2397.19 0.34
2398.39 0.47
2411.11 0.4
2411.8 0.1
2412.57 0.2
2415.22 0.17
2416.54 0.23
2418.89 0.96
2421.08 1.15
2425.44 0.09
2430.2 0.16
2432.24 0.12
2433.08 0.55
2434.96 0.08
2437.06 1.25
2442.42 0.12
2444.72 0.16
2447.9 0.27
2448.42 0.72
2449.7 0.73
2450.23 1.09
2453.49 1.08
2454.32 0.54
2455.33 0.79
2455.89 1.24
2469.35 0.44
2470.88 0.43
2472.2 0.65
2473.37 0.79
2474.12 0.73
2475.18 0.18
2484.0 0.17
2486.24 0.11
2486.96 0.65
2487.83 0.96
2490.8 0.87
2495.13 0.34
2497.09 0.15
2499.41 0.27
2501.16 0.84
2502.67 0.35
2510.09 0.09
2512.44 0.27
2514.03 0.97
2515.66 0.27
2516.61 0.66
2522.23 0.82
2525.09 0.13
2527.55 0.55
2530.81 0.41
2532.83 0.73
2536.25 0.12
2537.69 0.55
2539.65 0.41
2541.91 0.15
2545.02 0.47
2546.15 1.06
2549.41 0.14
2552.89 0.14
2555.48 0.09
2557.08 0.09
2559.83 0.48
2561.7 1.05
2564.17 0.27
2565.63 0.22
2567.19 0.27
2569.34 0.09
2570.46 0.1
2572.13 0.81
2574.32 0.97
2575.29 1.09
2577.04 0.04
2578.77 1.09
2580.27 0.97
2582.75 0.61
2588.67 0.03
2589.66 1.09
2590.94 0.4
2591.66 0.29
2596.47 1.08
2598.2 0.1
2599.8 0.79
2603.01 0.55
2604.14 0.5
2605.53 0.04
2608.52 0.11
2609.72 1.24
2612.58 0.34
2615.1 1.09
2616.98 0.55
2617.87 0.31
2618.95 0.95
2624.49 0.29
2626.26 0.19
2628.3 1.26
2631.49 0.14
2633.3 0.79
2633.88 0.55
2634.93 1.08
2637.71 0.47
2639.4 0.1
2642.23 0.21
2644.02 0.26
2644.62 0.92
2648.11 0.54
2649.09 0.66
2650.68 0.87
2652.05 0.09
2655.54 0.31
2656.59 0.29
2657.67 0.26
2662.62 0.31
2665.84 0.81
2666.77 0.44
2670.1 0.54
2672.82 0.17
2675.55 0.26
2676.64 0.46
2677.79 1.09
2678.38 0.34
2683.25 0.17
2688.06 0.26
2688.77 0.81
2690.26 0.03
2691.74 1.01
2697.67 0.24
2698.46 0.2
2700.27 0.46
2700.78 0.88
2703.94 0.23
2705.49 0.17
2707.06 0.23
2708.8 0.79
2712.45 0.41
2713.89 0.44
2715.57 0.11
2719.7 0.12
2722.42 1.48
2724.86 1.06
2728.02 0.08
2730.34 0.97
2732.39 0.76
2735.25 0.15
2738.58 1.09
2741.25 0.2
2742.21 0.2
2743.09 0.83
2745.19 0.68
2746.26 0.88
2750.38 0.27
2752.34 0.4
2754.27 0.98
2755.89 1.0
2759.66 1.09
2760.78 0.85
2761.65 1.11
2778.28 0.24
2782.28 0.79
2784.85 0.31
2786.63 0.73
2787.56 0.99
2794.0 0.03
2795.26 0.07
2796.17 0.95
2797.22 0.83
2797.9 0.67
2801.9 0.81
2807.15 0.73
2808.22 0.27
2810.27 0.02
2812.45 0.17
2814.03 0.55
2816.18 0.52
2817.27 0.53
2818.21 0.78
2819.97 0.73
2823.46 1.02
2826.47 0.26
2827.11 0.19
2829.17 0.72
2830.01 0.8
2834.0 0.23
2835.88 1.17
2837.39 0.15
2840.36 0.65
2841.04 0.18
2844.58 0.54
2849.09 0.44
2850.11 0.75
2851.17 0.97
2852.81 0.47
2854.69 0.98
2857.54 0.73
2859.18 1.01
2861.87 0.49
2862.81 0.97
2865.36 0.11
2868.08 0.34
2869.8 0.97
2872.96 0.29
2873.93 0.29
2876.06 0.22
2876.81 0.73
2881.4 0.1
2882.89 0.24
2885.8 0.55
2886.8 0.19
2887.72 0.17
2893.45 0.25
2895.65 0.17
2899.11 0.31
2902.75 0.15
2905.85 0.5
2907.26 0.67
2909.79 0.49
2911.39 0.31
2912.96 0.97
2914.76 1.09
2919.59 0.11
2921.34 1.08
2922.79 0.55
2923.96 1.11
2925.01 1.09
2926.22 0.44
2928.07 0.11
2931.27 0.58
2933.16 0.14
2935.73 0.62
2937.23 0.17
2940.27 0.09
2941.91 0.16
2947.33 0.52
2948.44 0.83
2950.49 0.31
2951.55 1.56
2956.8 0.39
2961.96 0.17
2966.42 0.72
2968.04 0.35
2971.35 0.54
2973.83 0.79
2976.55 0.11
2978.83 0.1
2980.33 0.41
2982.01 0.44
2986.39 0.26
2988.63 0.29
2989.83 0.36
2990.9 0.44
2993.89 0.5
2995.56 0.24
2997.75 0.97
3000.61 0.23
3001.27 0.26
3003.64 0.55
3004.68 1.1
3007.44 0.33
3008.51 0.24
3009.46 0.32
3011.76 0.5
3014.43 0.12
3016.15 0.4
3017.03 1.22
3019.63 0.67
3022.72 0.5
3024.19 0.09
3026.95 0.03
3028.0 0.88
3031.23 0.37
3035.4 1.08
3037.71 0.72
3041.82 0.31
3042.65 0.67
3045.2 0.57
3046.41 0.59
3050.85 0.16
3056.56 0.5
3057.27 0.88
3058.82 0.03
3061.17 0.41
3062.94 0.1
3064.96 0.22
3066.9 0.14
3069.27 0.46
3071.37 0.03
3073.8 1.09
3075.26 0.13
3076.04 1.1
3077.55 1.09
3079.28 1.24
3081.46 0.71
3082.09 0.03
3083.13 0.87
3087.26 0.24
3088.05 0.11
3090.13 0.14
3090.76 0.73
3094.52 0.09
3096.6 0.6
3099.42 0.14
3102.03 0.5
3104.23 0.72
3105.42 0.6
3106.45 0.98
3107.32 1.06
3109.55 0.54
3112.21 0.15
3115.44 1.11
3117.33 0.11
3118.43 0.48
3119.22 0.97
3125.67 0.19
3128.86 0.21
3130.75 0.33
3131.52 0.97
3134.87 0.92
3137.21 1.09
3140.66 0.16
3141.27 0.17
3142.39 0.73
3146.25 0.67
3149.39 0.33
3154.41 0.09
3155.51 0.33
3157.5 0.59
3158.77 0.62
3159.94 1.1
3160.85 0.31
3165.65 0.1
3168.06 0.22
3169.1 0.51
3169.72 1.18
3171.6 0.88
3176.78 0.1
3179.89 0.17
3181.58 0.15
3183.98 0.02
3187.1 1.31
3188.08 0.14
3193.1 0.62
3193.94 0.03
3195.67 1.09
3200.5 0.18
3204.05 0.22
3207.6 0.54
3209.5 0.96
3211.23 0.1
3212.95 0.13
3214.75 0.87
3216.64 0.3
3218.74 0.11
3219.92 1.09
3221.7 0.66
3224.31 0.49
3225.39 0.88
3226.76 1.09
3231.36 0.11
3234.76 0.83
3236.87 0.76
3239.35 0.12
3241.88 0.19
3242.55 0.17
3243.79 0.26
3244.37 0.26
3245.94 0.34
3247.33 1.24
3249.87 0.14
3251.23 0.87
3252.86 0.09
3256.86 0.21
3257.67 0.24
3258.92 0.18
3260.65 0.59
3262.03 0.46
3264.52 0.62
3265.65 0.43
3268.22 1.08
3270.85 0.44
3275.52 0.41
3279.16 0.65
3280.02 0.51
3281.56 0.96
3284.4 0.87
3287.11 0.99
3289.45 0.26
3290.0 0.27
3292.08 0.19
3293.84 0.59
3298.42 0.38
3299.35 0.5
3301.11 0.03
3302.78 0.55
3304.42 0.99
3306.5 1.07
3310.32 0.93
3311.54 0.38
3313.3 0.55
3315.88 1.24
3318.34 0.2
3320.54 0.27
3322.59 0.18
3324.29 0.44
3329.58 0.19
3331.98 0.24
3332.74 0.02
3333.66 0.03
3338.35 0.34
3339.04 0.5
3345.0 0.11
3347.2 0.92
3350.5 0.17
3352.22 0.16
3354.99 0.17
3356.5 0.22
3357.13 0.73
3359.28 0.36
3360.63 0.72
3363.1 0.97
3365.52 0.27
3367.54 0.11
3368.94 0.71
3372.42 0.11
3374.13 0.11
3375.72 0.67
3377.83 0.11
3379.84 0.22
3382.53 0.5
3384.5 0.67
3385.47 1.09
3387.9 1.06
3389.33 0.18
3390.59 0.15
3392.71 0.41
3394.23 0.32
3395.79 0.58
3402.12 0.14
3408.35 0.36
3409.81 0.87
3415.4 0.29
3417.98 0.63
3419.69 0.09
3420.89 0.63
3421.75 0.59
3423.5 1.21
3424.73 1.02
3426.26 1.4
3430.55 0.18
3431.85 0.55
3433.65 0.82
3436.23 0.1
3437.61 0.73
3438.77 0.24
3441.25 1.09
3443.56 0.03
3445.11 1.09
3447.24 0.91
3450.02 0.44
3452.52 0.55
3458.64 0.41
3459.21 0.44
3460.85 0.11
3466.52 0.29
3468.77 0.21
3470.37 0.55
3470.99 0.57
3471.97 0.81
3477.73 0.33
3480.17 0.26
3480.82 0.92
3481.55 0.03
3482.35 0.79
3484.23 0.59
3485.71 0.51
3489.77 0.2
3492.05 0.22
3494.08 0.45
3494.89 0.66
3497.2 0.1
3500.65 0.74
3502.92 1.08
3504.69 0.54
3510.52 0.26
3513.28 0.33
3514.8 0.72
3516.57 0.97
3519.65 0.03
3521.63 1.09
3523.45 0.13
3524.73 0.41
3527.07 0.54
3529.5 0.97
3531.97 0.6
3533.23 1.13
3534.59 0.33
3536.69 0.11
3539.33 0.32
3541.71 1.07
3542.35 0.73
3543.82 0.03
3544.43 1.25
3547.27 0.87
3550.77 0.54
3553.97 0.73
3554.67 0.73
3556.52 0.97
3558.34 0.11
3559.93 0.67
3561.21 0.87
3562.05 0.18
3566.25 0.26
3570.79 0.47
3571.51 1.38
3573.32 0.82
3579.61 0.24
3582.52 0.18
3583.58 0.25
3584.36 0.55
3586.52 0.83
3588.36 0.79
3589.92 0.38
3591.7 0.41
3594.97 1.09
3597.58 0.87
3598.9 0.03
3601.02 0.41
3604.3 0.12
3606.21 0.31
3610.0 0.73
3612.3 0.47
3613.57 0.36
3614.66 0.66
3615.8 1.09
3618.89 0.65
3620.46 0.13
3626.76 0.14
3629.25 0.18
3630.21 0.58
3631.52 0.14
3632.97 1.25
3634.6 0.97
3636.56 1.09
3640.05 0.47
3640.95 0.31
3642.46 0.11
3644.69 0.49
3645.58 0.39
3647.46 0.45
3649.16 0.09
3654.47 0.41
3655.75 0.79
3658.19 0.54
3659.29 1.1
3659.87 1.46
3661.69 0.13
3664.2 0.79
3666.58 0.6
3669.85 1.24
3673.07 0.72
3673.99 0.87
3675.65 1.09
3676.73 0.67
3678.49 0.73
3680.19 0.6
3681.15 0.54
3687.14 0.47
3688.18 0.31
3689.81 0.26
3692.02 0.03
3693.94 0.93
3696.85 1.07
3697.91 1.09
3698.83 0.11
3699.9 0.68
3701.2 1.08
3705.63 0.29
3707.04 0.1
3708.11 0.39
3709.59 0.16
3710.41 1.56
3714.47 0.31
3716.34 0.57
3718.6 1.08
3720.95 0.47
3722.82 0.4
3726.98 0.18
3728.36 0.16
3731.66 0.18
3732.83 0.46
3734.11 0.66
3737.27 0.97
3739.83 0.28
3742.79 0.78
3744.58 0.22
3747.89 0.22
3750.5 0.22
3751.54 0.21
3753.23 0.58
3757.13 0.27
3759.5 0.24
3761.14 0.67
3768.86 0.3
3769.9 0.48
3771.7 0.83
3773.87 0.73
3779.79 0.73
3785.18 0.36
3786.34 0.25
3787.4 0.2
3789.45 0.16
3790.33 0.6
3790.85 0.73
3794.07 0.91
3797.28 0.11
3798.52 0.67
3799.46 1.25
3803.41 0.19
3805.58 0.23
3808.76 0.97
3809.72 0.44
3811.58 1.09
3812.68 0.65
3817.32 0.66
3819.94 0.82
3820.81 0.44
3822.44 1.09
3824.18 0.09
3828.5 0.13
3833.87 0.14
3838.01 0.28
3838.72 0.58
3839.57 0.11
3840.32 0.03
3843.23 0.55
3844.81 0.82
3845.82 0.97
3848.13 0.72
3850.28 0.13
3852.15 0.07
3853.07 1.26
3857.59 0.67
3859.33 0.46
3860.61 1.43
3864.15 0.12
3865.93 0.89
3867.35 0.55
3868.13 0.4
3872.93 0.16
3875.01 0.22
3877.61 0.35
3882.94 1.2
3889.45 0.08
3891.61 0.86
3892.77 0.85
3894.74 0.49
3895.34 0.22
3899.75 0.11
3901.31 0.97
3903.85 0.36
3910.17 0.66
3911.65 0.78
3914.52 0.28
3916.58 0.16
3920.45 0.22
3921.48 0.47
3922.88 0.18
3923.83 0.36
3926.19 0.63
3930.02 1.46
3931.57 1.36
3933.38 0.59
3936.23 0.2
3938.21 0.18
3942.76 0.34
3943.43 0.59
3947.01 0.29
3949.82 0.19
3952.63 0.41
3953.56 0.59
3954.53 1.09
3957.49 0.27
3958.48 0.96
3961.47 0.65
3962.73 0.14
3963.67 0.66
3966.05 0.2
3967.77 0.25
3971.51 0.15
3973.22 0.41
3977.24 0.22
3978.57 0.29
3980.15 0.11
3982.49 0.5
3983.56 1.27
3984.69 0.14
3986.82 0.2
3988.24 0.73
3989.48 0.07
3990.6 0.62
3995.49 0.47
3999.19 0.95
4002.1 0.79
4003.43 0.36
4007.46 0.36
4010.63 0.72
4012.43 0.97
4015.11 0.84
4016.92 0.47
4019.67 0.73
4021.6 1.1
4024.26 0.04
4025.3 0.87
4029.6 0.21
4032.4 0.19
4034.56 0.54
4035.07 0.94
4036.67 0.31
4037.92 0.6
4040.13 0.2
4041.33 0.31
4043.12 0.59
4044.71 0.87
4045.21 0.96
4050.07 1.08
4054.24 0.31
4055.55 0.59
4057.3 0.98
4058.47 0.88
4061.1 0.44
4061.86 0.44
4062.87 1.23
4067.61 1.25
4071.77 0.11
4075.6 0.18
4076.71 0.29
4079.41 0.26
4080.92 0.2
4082.26 0.23
4083.73 0.43
4086.67 1.09
4090.76 0.44
4091.5 0.03
4092.46 0.87
4097.59 0.13
4098.51 0.69
4101.5 0.87
4103.15 0.58
4104.29 0.79
4106.99 1.25
4108.96 0.93
4113.01 0.73
4115.63 0.16
4121.48 0.03
4122.56 0.65
4123.76 0.1
4125.41 1.09
4127.62 0.65
4129.28 0.73
4131.26 0.11
4135.49 0.2
4137.22 0.18
4139.12 0.55
4139.65 0.84
4140.51 0.29
4141.52 0.55
4147.06 0.46
4149.13 0.95
4150.66 0.87
4154.37 0.22
4157.38 0.14
4159.03 0.37
4161.14 0.09
4162.93 0.81
4163.95 0.33
4165.87 0.24
4168.31 0.2
4171.97 0.1
4175.62 0.22
4176.55 0.77
4178.31 0.13
4180.1 0.09
4182.67 0.11
4183.74 0.41
4185.32 1.09
4186.41 1.11
4192.2 0.18
4193.69 0.23
4194.65 0.68
4196.64 0.14
4198.02 0.73
4201.45 0.82
4204.64 0.87
4206.18 0.27
4207.65 1.09
4208.84 0.5
4209.68 0.66
4217.89 0.1
4218.83 0.4
4220.15 0.1
4222.28 0.97
4223.8 0.96
4225.01 1.24
4226.89 0.17
4228.88 0.12
4231.89 0.32
4232.4 1.1
4235.26 0.49
4236.69 1.24
4237.93 1.25
4239.56 0.55
4241.04 0.08
4244.05 0.25
4245.75 0.24
4248.4 0.27
4249.56 0.58
4250.85 0.41
4252.46 0.5
4253.83 0.09
4256.21 0.44
4257.18 0.1
4262.21 0.97
4263.89 0.79
4266.37 1.37
4267.79 0.34
4269.09 0.41
4271.34 0.84
4276.07 0.22
4278.11 0.62
4279.64 0.55
4281.44 0.73
4282.38 0.36
4284.05 0.2
4284.96 0.97
4288.62 0.11
4294.04 0.17
4295.29 0.56
4297.49 0.71
4302.23 0.44
4303.98 0.34
4309.04 0.08
4313.2 0.15
4314.68 0.87
4315.86 0.64
4317.76 1.09
4319.89 0.18
4321.26 0.97
4323.0 0.97
4324.56 1.25
4326.61 0.8
4328.06 0.9
4333.17 0.41
4334.91 1.08
4337.11 0.11
4340.7 0.18
4341.97 0.24
4344.54 0.22
4345.06 0.5
4347.73 0.88
4348.52 0.97
4355.35 1.24
4356.29 0.97
4357.99 0.82
4358.86 0.14
4363.41 0.28
4365.88 0.26
4367.34 0.15
4369.27 0.64
4372.01 0.87
4373.61 0.17
4375.04 0.79
4377.53 0.25
4378.88 0.26
4381.54 0.17
4382.2 0.73
4386.06 0.14
4390.31 0.21
4391.92 0.2
4392.81 0.79
4393.72 0.11
4395.37 0.27
4397.65 0.11
4398.71 0.47
4401.28 0.46
4402.94 1.09
4404.62 0.24
4414.1 0.47
4416.02 0.49
4417.03 0.95
4418.66 1.09
4420.14 0.97
4423.8 0.26
4425.2 0.21
4426.78 0.21
4428.87 0.58
4429.43 1.23
4431.95 0.09
4433.98 0.18
4437.84 0.1
4443.29 0.81
4446.13 0.4
4447.29 0.8
4449.76 0.36
4451.51 0.18
4453.07 0.54
4456.11 0.03
4457.79 0.44
4459.12 0.27
4459.67 0.44
4461.75 0.97
4464.4 0.36
4467.91 0.09
4471.18 0.19
4472.7 0.19
4473.61 0.5
4474.5 0.63
4475.58 1.1
4480.34 0.27
4482.77 0.22
4485.25 0.83
4486.3 0.6
4487.52 0.17
4489.72 0.49
4490.37 1.11
4493.79 0.03
4496.05 0.1
4501.35 0.36
4503.59 0.13
4505.03 0.44
4505.67 0.34
4507.23 0.87
4508.95 0.73
4509.85 0.11
4513.66 0.33
4515.5 0.34
4516.38 0.44
4519.34 1.09
4521.93 1.09
4525.22 0.16
4527.62 0.97
4531.62 0.2
4533.81 0.17
4536.17 0.87
4537.24 0.54
4539.87 0.08
4542.15 0.22
4543.35 0.29
4545.55 0.24
4546.23 0.73
4548.86 0.54
4552.64 1.24
4555.25 0.07
4557.14 0.08
4558.06 0.14
4560.57 1.25
4565.21 0.24
4567.83 0.11
4569.45 0.97
4570.62 0.87
4571.6 0.73
4574.76 0.87
4576.33 0.03
4577.8 0.82
4581.01 0.03
4582.44 0.11
4587.15 0.47
4592.67 0.46
4593.67 0.87
4596.89 1.09
4599.31 0.73
4600.78 1.08
4602.21 0.15
4608.1 0.59
4609.18 0.98
4612.23 0.96
4615.26 0.59
4616.87 0.49
4618.38 1.06
4619.96 0.48
4623.01 0.17
4624.5 1.25
4626.19 0.54
4627.97 1.08
4630.13 0.22
4631.04 0.28
4633.87 0.66
4635.21 0.73
4638.23 0.15
4642.7 0.15
4644.97 0.19
4646.13 0.37
4649.38 0.47
4651.45 0.38
4654.42 0.93
4655.41 1.25
4657.23 1.8
4658.33 0.36
4660.66 0.18
4664.68 0.14
4667.28 0.22
4670.42 0.31
4671.05 0.97
4674.24 0.18
4676.5 0.62
4680.37 0.14
4683.13 0.14
4684.43 0.97
4685.93 0.73
4687.09 0.82
4688.09 1.24
4689.91 0.98
4692.05 0.41
4694.74 0.47
4697.37 0.02
4698.5 1.21
4701.42 0.59
4703.07 0.14
4706.19 0.17
4708.04 0.19
4709.77 0.19
4712.21 0.31
4712.92 0.74
4715.9 0.67
4717.53 1.24
4720.19 0.44
4721.72 0.92
4724.35 0.18
4725.46 0.84
4728.91 0.17
4730.23 0.47
4731.04 0.48
4734.2 0.03
4736.35 0.73
4738.31 0.73
4740.5 0.5
4744.09 0.44
4745.75 0.97
4747.79 0.73
4750.83 0.17
4756.67 0.22
4757.65 0.67
4758.17 1.19
4761.24 0.79
4762.75 0.33
4764.44 0.59
4766.7 0.13
4767.52 0.98
4769.66 0.2
4772.2 0.54
4773.7 0.02
4774.92 1.1
4776.88 0.03
4778.61 0.79
4781.82 0.27
4784.04 1.23
4788.89 0.97
4790.21 0.86
4791.26 0.37
4792.89 1.45
4795.36 0.9
4797.08 0.73
4797.83 0.14
4800.97 0.44
4802.9 0.17
4805.9 0.02
4806.76 0.65
4809.23 1.21
4811.59 0.15
4813.04 1.24
4817.68 0.16
4819.61 0.21
4821.54 0.87
4823.33 0.16
4826.69 0.15
4829.17 0.17
4831.52 0.15
4833.35 0.79
4834.28 1.25
4835.55 0.18
4836.46 0.59
4839.32 1.34
4841.54 0.97
4843.9 1.09
4851.93 0.29
4852.72 0.38
4854.25 1.09
4857.76 0.17
4862.46 0.18
4863.57 0.96
4866.68 1.12
4869.71 0.62
4871.26 0.09
4874.06 0.79
4875.15 0.64
4880.23 0.87
4884.98 0.79
4887.55 0.06
4891.53 0.15
4894.44 0.36
4895.05 0.81
4896.78 0.6
4897.96 0.98
4899.38 0.73
4900.38 0.87
4902.03 0.15
4906.93 0.8
4909.51 0.73
4911.93 1.09
4914.77 0.1
4915.86 0.08
4916.55 0.97
4918.06 0.82
4921.52 0.17
4923.83 0.73
4926.17 0.05
4928.48 0.03
4929.3 0.04
4932.16 0.79
4936.37 0.14
4939.11 0.16
4941.45 0.14
4943.49 0.11
4945.15 0.87
4948.36 0.03
4949.36 1.25
4951.03 0.97
4954.89 0.65
4956.57 0.72
4959.24 0.24
4961.21 0.27
4962.43 0.58
4965.22 0.11
4967.45 0.66
4969.13 0.73
4970.22 1.09
4973.21 0.6
4974.34 1.24
4976.61 0.54
4977.67 0.5
4979.59 0.87
4980.67 0.66
4981.74 0.87
4983.95 0.3
4985.45 0.26
4987.31 0.54
4987.86 1.3
4992.95 0.81
4996.83 0.42
4998.97 0.13
5002.73 0.21
5006.28 0.2
5008.99 0.36
5010.56 0.82
5011.62 0.88
5014.57 0.76
5017.13 0.52
5018.4 0.31
5020.74 0.62
5021.92 0.6
5023.56 0.97
5025.25 1.45
5026.83 0.21
5028.57 0.97
5029.79 0.04
5032.44 0.24
5033.85 0.1
5036.54 0.23
5037.79 0.21
5040.03 0.68
5041.66 0.7
5043.38 0.97
5046.74 1.04
5049.66 0.47
5052.3 0.55
5054.2 1.37
5057.44 0.36
5061.2 0.18
5064.67 0.18
5067.13 0.43
5068.59 0.88
5071.31 0.18
5074.51 0.17
5077.45 0.21
5081.22 0.21
5082.05 0.73
5083.04 0.54
5087.13 0.87
5089.57 1.08
5091.12 0.14
5091.68 0.8
5094.85 0.31
5096.02 0.65
5097.43 0.5
5099.61 0.32
5101.05 0.26
5102.67 0.44
5103.2 0.87
5115.08 0.44
5116.39 0.87
5117.58 0.55
5120.61 0.38
5122.5 0.54
5125.49 0.27
5128.03 0.14
5131.66 0.16
5132.47 1.24
5135.86 0.26
5138.41 0.17
5140.66 0.39
5142.07 0.47
5144.23 1.09
5148.93 0.31
5151.59 0.48
5152.22 1.28
5154.09 0.22
5155.08 1.45
5156.93 0.08
5158.56 0.88
5162.74 0.65
5164.52 0.32
5166.05 1.09
5166.57 0.55
5173.93 0.14
5176.99 0.16
5179.13 0.65
5181.28 0.67
5182.92 0.86
5185.99 0.79
5186.68 1.09
5188.53 1.09
5191.89 0.2
5195.62 0.14
5198.54 0.57
5200.07 1.25
5203.62 0.66
5208.15 0.5
5211.21 0.27
5214.63 0.22
5218.06 0.19
5218.86 1.08
5220.01 0.94
5221.31 0.03
5222.91 1.25
5226.92 0.49
5227.52 0.79
5229.59 0.24
5230.42 0.8
5233.55 0.13
5234.32 0.07
5235.7 0.81
5236.64 0.87
5237.76 0.09
5241.55 0.07
5242.35 0.47
5243.47 0.72
5244.54 0.65
5247.9 0.27
5249.64 0.03
5251.62 0.91
5253.15 0.66
5254.3 0.28
5256.45 0.73
5263.44 0.13
5265.29 0.11
5266.66 0.87
5268.26 0.03
5269.98 0.92
5271.3 0.97
5273.25 0.07
5274.13 0.36
5275.68 0.36
5278.76 0.96
5281.21 0.97
5283.56 0.83
5285.32 0.03
5287.01 1.12
5288.41 0.06
5291.21 0.66
5292.13 0.46
5293.24 0.58
5297.1 1.08
5298.19 0.2
5299.93 0.08
5303.1 0.5
5304.26 0.08
5305.46 0.61
5306.75 1.43
5310.08 0.85
5315.91 0.37
5317.5 0.28
5319.07 0.38
5320.89 0.08
5322.91 0.42
5324.59 0.73
5326.15 0.58
5328.98 0.13
5330.27 0.65
5331.01 1.45
5333.22 1.25
5335.3 0.75
5338.81 0.22
5340.49 0.36
5343.02 1.08
5346.34 0.08
5348.55 0.87
5350.59 1.04
5351.67 0.73
5355.96 0.24
5356.69 0.58
5357.49 0.09
5359.9 1.32
5361.57 0.96
5364.13 0.55
5364.86 0.73
5367.0 0.88
5369.81 0.22
5371.93 0.29
5373.73 0.2
5374.33 0.55
5378.97 0.22
5381.66 0.19
5384.07 0.29
5386.19 0.97
5386.95 0.86
5388.36 0.07
5389.87 0.15
5390.57 0.97
5393.72 0.55
5395.48 0.67
5397.54 0.07
5398.67 0.51
5400.82 0.11
5402.59 0.18
5405.68 0.94
5408.71 0.54
5410.58 0.09
5413.15 1.2
5415.12 1.11
5417.46 0.73
5420.82 0.16
5424.82 0.15
5428.35 0.58
5429.43 0.11
5432.09 0.38
5433.24 0.78
5435.09 1.09
5436.03 0.12
5437.85 1.09
5438.93 0.17
5439.9 0.63
5443.66 1.09
5444.81 0.84
5445.85 0.68
5449.08 0.14
5450.29 0.8
5452.68 0.73
5454.87 0.36
5456.94 0.11
5459.42 0.28
5460.54 1.35
5463.25 0.34
5465.38 0.34
5467.83 0.26
5469.32 0.03
5472.3 0.9
5474.16 0.02
5475.09 0.62
5477.4 0.41
5484.45 0.4
5485.57 0.77
5488.54 0.46
5491.67 0.78
5492.74 0.82
5493.79 0.8
5494.58 0.03
5496.65 0.25
5498.48 0.21
5501.21 0.33
5501.93 0.44
5503.64 0.65
5504.93 1.23
5508.63 0.97
5510.92 1.09
5514.26 1.25
5518.05 0.6
5519.9 0.11
5521.09 0.95
5522.39 0.03
5523.43 0.11
5525.67 0.24
5528.85 0.48
5530.74 1.18
5531.3 1.08
5533.57 1.06
5536.25 0.47
5537.49 0.49
5540.8 0.59
5541.75 0.13
5543.4 1.46
5545.94 0.27
5547.64 0.27
5550.22 0.48
5550.87 0.8
5552.44 1.05
5553.15 0.54
5556.55 0.15
5558.3 0.87
5560.67 0.18
5564.72 0.18
5567.12 0.35
5569.01 0.73
5571.11 0.11
5575.84 0.17
5578.18 0.16
5579.61 0.51
5580.17 0.97
5582.21 1.09
5584.45 0.51
5585.53 0.54
5587.11 0.94
5589.58 0.2
5590.28 0.58
5592.63 0.14
5593.78 0.17
5597.13 0.13
5598.54 1.25
5600.87 0.87
5602.22 0.55
5603.92 0.15
5607.54 0.27
5609.59 0.21
5612.41 0.73
5613.14 0.03
5615.21 0.47
5616.3 1.25
5619.89 0.46
5622.65 0.65
5625.1 0.16
5628.12 0.47
5630.93 0.37
5634.79 0.26
5638.12 0.23
5639.08 0.97
5640.13 0.65
5641.92 0.41
5643.55 0.47
5646.14 0.16
5649.07 0.21
5650.9 0.24
5652.04 0.73
5653.22 0.62
5654.66 0.11
5658.9 0.14
5662.24 0.17
5664.96 0.2
5665.58 0.77
5667.14 0.5
5667.69 1.02
5669.86 0.65
5674.01 0.87
5676.28 0.11
5677.11 0.73
5677.76 0.97
5680.87 0.72
5683.85 0.37
5686.31 0.72
5690.35 0.14
5695.7 0.45
5698.35 0.27
5702.11 0.3
5703.04 0.27
5705.8 0.11
5707.53 0.27
5709.92 0.81
5715.54 0.12
5718.69 0.15
5720.9 0.5
5722.11 0.72
5724.0 0.62
5725.05 1.39
5726.1 0.51
5728.28 0.82
5732.95 1.08
5735.79 0.87
5737.5 0.97
5738.73 0.22
5743.42 0.97
5744.52 1.07
5745.48 0.97
5747.45 0.19
5748.96 0.24
5751.06 0.59
5752.93 0.54
5753.86 1.25
5757.43 0.51
5758.52 1.36
5760.35 0.59
5765.68 0.12
5768.95 0.65
5773.15 0.09
5774.95 0.97
5775.82 0.41
5777.1 1.54
5778.33 1.25
5779.9 0.73
5782.09 0.1
5784.16 0.24
5786.07 0.72
5787.26 0.31
5788.31 0.12
5790.94 0.79
5792.98 0.11
5796.58 0.17
5798.33 0.97
5799.67 1.08
5803.04 1.09
5805.67 0.69
5807.81 0.8
5808.79 1.08
5810.72 0.97
5813.58 0.29
5814.16 0.54
5819.18 0.14
5821.75 0.15
5823.75 0.67
5825.04 0.72
5826.23 0.91
5829.94 0.73
5833.91 0.03
5835.25 0.86
5838.15 1.24
5839.83 1.25
5842.08 1.45
5843.62 0.03
5846.07 0.28
5847.19 1.45
5848.17 1.25
5852.94 0.49
5853.99 0.5
5856.71 0.55
5859.5 0.12
5860.71 0.88
5863.21 0.65
5866.96 0.03
5868.2 0.14
5870.91 0.72
5873.72 0.24
5874.24 0.82
5875.06 0.73
5877.83 0.29
5878.76 0.13
5879.67 1.08
5881.1 0.03
5882.55 0.73
5885.19 0.09
5886.2 1.25
5888.71 0.11
5893.75 0.14
5895.71 0.19
5898.75 0.11
5899.86 0.41
5901.27 0.73
5903.39 0.54
5905.59 0.73
5907.15 1.08
5909.91 0.38
5911.26 0.28
5912.52 0.22
5914.12 0.88
5916.43 0.97
5919.07 0.68
5919.9 0.15
5923.91 0.16
5925.27 0.16
5927.75 0.18
5930.11 0.44
5931.49 0.12
5932.31 1.25
5935.44 1.09
5940.06 0.65
5942.24 0.65
5945.74 0.81
5947.66 0.97
5950.92 0.19
5952.25 0.25
5953.65 0.82
5955.61 1.11
5956.46 0.09
5962.17 0.13
5964.67 0.15
5967.69 0.55
5968.79 1.08
5969.95 0.79
5970.46 1.13
5975.51 0.33
