0.0 0.36
4.19 0.36
5.75 0.39
6.26 0.32
7.69 0.34
9.12 0.34
9.76 0.3
11.16 0.37
11.77 0.3
13.77 0.37
15.16 0.36
16.61 0.39
18.19 0.35
20.27 0.36
22.39 0.32
23.63 0.33
26.01 0.35
27.34 0.37
28.71 0.34
33.81 0.34
34.66 0.33
36.44 0.34
37.5 0.37
39.93 0.35
41.39 0.33
42.84 0.36
45.18 0.32
50.52 0.09
51.58 0.3
52.11 0.39
52.62 0.37
55.26 0.36
57.16 0.34
59.72 0.34
61.2 0.33
63.25 0.36
64.44 0.37
68.07 0.36
70.54 0.37
72.18 0.36
74.4 0.31
75.86 0.35
77.59 0.36
80.54 0.38
82.67 0.36
85.02 0.35
86.14 0.33
87.97 0.41
90.79 0.35
93.1 0.34
95.47 0.33
96.62 0.36
99.01 0.35
100.32 0.37
102.02 0.32
104.38 0.37
105.95 0.32
108.86 0.37
110.18 0.36
113.0 0.36
117.22 0.2
118.04 0.33
119.76 0.35
120.69 0.33
122.15 0.34
123.7 0.36
125.3 0.36
127.94 0.34
130.03 0.31
132.85 0.36
134.57 0.33
137.27 0.38
139.1 0.36
140.88 0.36
143.77 0.31
145.81 0.33
148.85 0.33
150.69 0.33
152.89 0.35
154.21 0.36
155.54 0.31
157.74 0.35
159.02 0.33
161.45 0.34
162.93 0.35
164.47 0.33
166.85 0.34
168.38 0.34
170.59 0.37
172.09 0.36
174.49 0.35
175.98 0.31
177.65 0.34
180.31 0.35
182.11 0.37
184.46 0.37
186.24 0.26
187.61 0.36
190.07 0.27
191.45 0.36
194.0 0.37
195.57 0.36
197.84 0.36
199.6 0.37
202.0 0.25
203.59 0.33
205.89 0.21
208.45 0.35
210.34 0.38
212.01 0.36
214.44 0.36
216.38 0.31
218.3 0.37
219.62 0.35
222.17 0.36
223.42 0.36
225.31 0.32
227.43 0.37
229.16 0.37
231.67 0.34
233.44 0.36
236.37 0.34
238.96 0.34
240.82 0.32
243.45 0.35
245.07 0.36
247.38 0.35
249.44 0.36
251.11 0.36
253.67 0.36
255.37 0.33
257.38 0.35
259.48 0.33
261.37 0.36
263.91 0.33
264.75 0.36
266.33 0.34
269.82 0.36
272.23 0.37
273.88 0.32
275.51 0.33
277.85 0.29
279.43 0.36
281.82 0.34
283.35 0.36
284.86 0.36
287.18 0.37
288.58 0.38
290.74 0.38
293.92 0.36
296.27 0.37
297.57 0.3
299.05 0.36
301.45 0.35
303.25 0.37
306.55 0.3
307.82 0.34
309.12 0.34
311.07 0.34
312.56 0.18
315.49 0.37
317.38 0.34
319.82 0.33
321.97 0.33
323.12 0.36
325.33 0.34
326.47 0.36
328.41 0.37
329.58 0.34
330.82 0.33
333.62 0.35
334.83 0.33
337.99 0.35
339.52 0.34
342.4 0.36
343.84 0.37
345.37 0.36
348.02 0.32
349.82 0.33
352.68 0.35
354.08 0.34
355.44 0.33
357.87 0.35
359.46 0.34
361.82 0.34
367.64 0.37
369.65 0.37
373.19 0.37
374.98 0.36
378.48 0.3
381.45 0.36
383.0 0.3
384.61 0.35
386.7 0.33
389.43 0.39
