0.0 4.97
1.74 11.59
3.75 16.58
6.0 15.42
8.0 18.76
10.0 6.75
12.0 19.58
14.0 13.53
16.01 20.67
17.99 14.46
20.0 6.48
22.0 18.94
24.0 11.1
26.0 16.41
27.88 21.78
30.0 8.39
31.99 21.58
34.0 21.58
36.0 21.58
38.0 9.73
39.99 3.76
42.0 11.71
44.0 2.1
46.0 17.9
47.99 13.8
50.02 5.97
51.86 17.04
54.0 4.66
56.01 16.17
58.02 17.87
59.99 19.14
62.0 18.46
64.0 20.88
66.0 21.48
68.0 25.82
70.0 11.4
72.0 25.79
74.0 11.2
75.94 11.83
78.0 16.15
80.0 12.83
82.0 17.41
84.0 12.66
86.0 20.07
88.01 21.35
90.0 9.66
92.0 10.03
94.0 14.57
96.0 17.98
98.0 12.01
99.89 8.14
102.0 15.85
104.0 9.73
106.0 7.36
108.0 25.62
110.01 3.44
112.0 7.78
114.0 8.05
116.02 8.05
118.0 10.89
120.0 12.13
122.0 12.13
123.9 12.13
126.0 15.76
128.0 12.71
130.01 5.71
132.0 17.61
134.01 14.27
136.0 0.16
138.0 10.81
140.0 15.69
142.0 13.85
144.0 6.39
146.0 11.17
148.0 7.79
150.01 7.19
152.0 16.92
154.0 11.07
156.0 15.33
158.0 18.63
160.0 11.39
162.0 9.38
164.0 8.71
166.0 5.84
168.0 13.53
170.0 20.19
172.0 17.64
174.0 15.1
176.0 16.8
178.0 17.98
180.0 6.26
182.0 5.11
184.0 21.29
186.0 21.65
188.0 23.1
190.0 11.19
192.0 17.17
194.0 19.92
196.0 21.78
198.0 19.14
200.02 1.24
202.0 20.24
204.0 5.63
206.01 17.74
208.01 6.24
210.0 18.51
212.0 20.17
214.0 17.34
216.0 9.4
218.0 14.47
220.0 10.15
222.0 19.3
224.0 19.78
226.0 14.22
228.01 14.22
230.02 19.44
232.0 10.93
234.0 11.52
236.0 3.72
238.0 17.81
240.0 20.3
242.02 21.07
244.0 5.28
246.0 14.02
248.0 15.88
250.0 7.74
252.0 16.26
254.25 5.32
256.26 19.37
258.25 19.33
260.25 20.55
262.25 19.43
264.25 19.08
266.24 9.91
268.25 13.48
270.25 16.83
272.25 23.55
274.25 7.96
276.25 16.19
278.25 19.87
280.25 12.52
282.26 6.8
284.25 19.7
286.25 18.48
288.26 5.76
290.27 16.86
292.24 10.0
294.25 16.83
296.25 19.24
298.24 15.97
300.26 18.51
302.25 12.65
304.25 18.69
306.25 18.27
308.25 15.86
310.25 19.89
312.25 5.23
314.25 22.18
316.26 19.18
318.25 19.81
320.26 11.55
322.24 11.55
324.25 9.61
326.25 20.39
328.25 21.38
330.24 19.37
332.25 21.43
334.26 17.32
336.26 19.5
338.25 15.83
340.25 8.21
342.25 8.3
344.25 17.48
346.25 7.25
348.25 19.35
350.25 18.45
352.25 19.4
354.26 15.01
356.25 19.86
358.25 20.21
360.25 5.89
362.25 20.77
364.25 18.64
366.25 17.63
368.25 21.22
370.26 0.17
372.25 20.02
374.25 20.49
376.25 23.44
378.25 21.82
380.25 10.66
382.25 23.93
384.25 19.46
386.27 24.88
388.25 21.32
390.25 8.07
392.25 19.54
394.25 0.2
396.25 19.83
398.26 14.68
400.25 7.11
402.25 16.77
404.25 0.37
406.27 5.33
408.26 16.81
410.25 8.87
412.25 7.25
414.27 13.29
416.25 15.17
418.25 17.17
420.25 9.62
422.24 20.83
424.25 10.57
426.25 20.6
428.26 22.76
430.24 14.17
432.25 18.81
434.25 0.07
436.24 17.02
438.25 21.32
440.25 15.4
442.25 22.6
444.25 22.55
446.25 19.06
448.25 19.63
450.25 1.88
452.25 23.49
454.25 22.92
456.25 14.47
458.24 19.75
460.25 8.75
462.24 19.53
464.25 16.91
466.25 19.6
468.25 20.11
470.25 15.02
472.25 22.38
474.24 15.82
476.25 19.41
478.24 20.72
480.25 8.0
482.25 17.27
484.25 17.59
486.25 20.31
488.25 17.48
490.25 0.23
492.25 18.81
494.25 20.29
496.25 16.58
498.25 9.3
500.25 16.54
502.25 18.58
504.5 15.74
506.51 17.41
508.5 18.78
510.5 20.81
512.5 21.36
514.51 23.3
516.5 18.24
518.51 23.59
520.5 24.24
522.38 20.82
524.49 18.51
526.5 19.58
528.5 21.64
530.5 0.07
532.5 15.73
534.5 19.42
536.5 14.98
538.5 20.95
540.51 18.22
542.5 7.79
544.51 20.44
546.36 23.32
548.5 22.11
550.5 17.06
552.5 9.02
554.5 9.03
556.5 8.8
558.5 15.0
560.5 14.98
562.5 13.98
564.5 19.73
566.51 17.5
568.5 21.25
570.36 16.82
572.52 18.41
574.5 19.43
576.51 22.39
578.51 1.35
580.5 15.08
582.51 18.25
584.51 14.58
586.51 23.02
588.51 14.86
590.5 22.9
592.51 17.84
594.38 20.16
596.51 20.83
598.5 21.84
600.5 7.84
602.5 17.88
604.51 20.96
606.5 17.96
608.51 17.18
610.5 17.39
612.5 17.6
614.5 22.46
616.5 3.88
618.38 22.7
620.51 14.85
622.51 17.88
624.5 18.85
626.51 12.97
628.51 18.13
630.51 13.97
632.51 18.55
634.5 17.19
636.53 19.8
638.5 18.97
640.51 20.24
642.5 11.89
644.5 10.83
646.51 13.16
648.51 12.92
650.5 19.05
652.5 19.93
654.49 20.87
656.5 20.71
658.51 17.26
660.5 15.45
662.5 19.34
664.5 20.34
666.49 8.17
668.52 19.29
670.5 15.18
672.5 18.27
674.5 14.16
676.51 10.16
678.5 17.81
680.5 16.44
682.5 16.86
684.51 11.91
686.51 17.48
688.5 18.7
690.5 19.05
692.5 17.27
694.51 17.53
696.51 17.37
698.52 17.11
700.5 16.63
702.5 14.52
704.51 19.95
706.51 15.12
708.5 12.92
710.51 7.42
712.5 16.96
714.5 8.21
716.51 15.7
718.51 17.01
720.5 13.19
722.51 10.57
724.5 15.54
726.5 12.39
728.5 13.24
730.54 21.41
732.5 8.68
734.51 21.94
736.51 14.78
738.51 22.08
740.75 14.14
742.75 22.14
744.75 3.85
746.75 10.69
748.75 10.66
750.75 10.44
752.64 6.45
754.74 7.7
756.75 8.21
758.77 12.15
760.75 13.95
762.75 6.87
764.75 13.33
766.75 13.18
768.75 10.56
770.77 12.69
772.75 18.15
774.75 18.31
776.63 5.52
778.75 20.37
780.75 22.27
782.74 19.28
784.74 24.35
786.75 21.73
788.75 24.4
790.76 18.02
792.75 12.16
794.75 13.92
796.78 23.91
798.75 23.78
800.62 15.47
802.75 17.2
804.75 23.8
806.75 9.98
808.75 13.28
810.76 13.68
812.75 16.94
814.75 13.53
816.76 7.95
818.75 19.59
820.75 17.02
822.75 20.06
824.62 17.53
826.75 20.65
828.75 10.09
830.76 10.09
832.75 11.35
834.75 9.02
836.75 10.56
838.76 9.75
840.76 8.42
842.75 2.78
844.75 8.01
846.76 10.47
848.71 8.48
850.75 17.77
852.75 19.83
854.76 20.6
856.75 5.66
858.75 16.89
860.75 20.36
862.75 20.08
864.75 19.5
866.75 21.57
868.75 12.21
870.75 17.49
872.75 15.71
874.78 18.2
876.78 15.96
878.75 5.87
880.75 14.39
882.76 21.52
884.75 20.96
886.78 20.33
888.75 22.39
890.75 7.33
892.75 5.66
894.75 20.79
896.75 22.66
898.75 18.33
900.74 21.79
902.75 20.63
904.75 20.03
906.78 5.32
908.75 16.09
910.75 15.33
912.76 15.12
914.75 22.38
916.75 22.28
918.75 17.53
920.75 16.94
922.75 23.4
924.75 18.56
926.75 20.87
928.75 16.55
930.75 17.45
932.75 17.69
934.77 13.14
936.75 18.94
938.75 21.53
940.76 22.65
942.75 21.31
944.74 18.24
946.75 22.44
948.76 3.61
950.75 19.24
952.75 1.92
955.0 11.98
957.0 19.99
959.0 2.04
961.0 19.89
963.0 19.54
965.0 16.9
967.0 21.43
968.99 5.59
971.01 19.26
973.0 17.41
975.0 21.32
977.0 24.38
979.0 19.01
981.0 20.18
983.03 22.88
984.99 17.11
987.0 21.01
989.0 7.28
991.0 23.6
993.03 16.94
995.0 27.08
997.01 8.95
999.0 13.76
1001.0 20.76
1002.99 26.86
1004.99 18.59
1007.02 21.11
1008.99 14.21
1011.02 19.18
1013.0 15.06
1014.99 15.65
1017.0 18.25
1018.99 14.51
1021.0 23.31
1022.99 7.45
1025.0 4.25
1027.0 11.81
1028.99 9.18
1031.0 21.74
1033.0 21.66
1035.0 17.12
1037.0 23.55
1039.0 8.54
1041.0 14.46
1043.0 12.49
1045.0 16.62
1047.0 11.26
1049.0 7.85
1051.0 22.87
1053.0 10.07
1055.0 10.18
1057.0 14.09
1059.0 24.33
1061.0 25.58
1063.0 27.81
1065.0 26.0
1067.0 15.47
1069.0 7.18
1071.0 22.48
1073.0 23.03
1075.0 22.25
1077.0 22.92
1079.0 14.32
1081.0 8.54
1083.0 13.19
1085.0 13.19
1087.0 16.66
1089.0 3.56
1091.0 15.0
1093.0 16.35
1095.0 15.63
1097.0 14.85
1099.0 17.07
1101.0 16.02
1102.99 16.02
1105.01 5.71
1107.0 15.6
1109.0 13.37
1111.0 15.18
1113.0 20.88
1115.0 12.31
1117.01 12.31
1119.0 9.36
1121.0 10.68
1123.0 15.66
1125.0 10.79
1127.0 8.8
1129.0 13.22
1131.01 16.76
1133.0 13.31
1135.0 19.54
1137.0 20.03
1139.0 18.19
1140.99 13.28
1143.0 19.11
1145.0 19.11
1147.0 19.11
1148.99 8.09
1151.0 12.79
1153.02 10.47
1155.0 9.81
1157.0 14.78
1159.0 13.75
1161.0 8.32
1163.0 14.59
1165.0 16.52
1167.0 16.66
1169.0 14.59
1171.0 7.07
1173.0 16.83
1175.0 17.19
1177.0 17.23
1179.0 18.57
1181.0 5.66
1183.0 14.98
1185.0 18.5
1187.0 17.5
1189.0 8.63
1191.0 18.47
1193.0 18.29
1195.0 14.61
1197.0 21.82
1199.0 17.85
1201.0 17.36
1203.0 20.35
1205.24 15.88
1207.25 25.17
1209.25 23.06
1211.26 16.42
1213.25 20.92
1215.25 17.95
1217.26 5.61
1219.25 12.32
1221.25 22.17
1223.17 18.27
1225.24 21.95
1227.24 16.95
1229.25 12.43
1231.25 20.85
1233.25 22.86
1235.25 18.23
1237.25 22.75
1239.25 10.78
1241.25 22.87
1243.25 19.87
1245.24 22.64
1247.12 15.36
1249.28 6.72
1251.25 12.63
1253.25 17.85
1255.25 18.49
1257.25 20.34
1259.25 18.56
1261.28 2.03
1263.25 8.22
1265.25 19.5
1267.25 19.45
1269.3 19.79
1271.11 17.49
1273.25 18.98
1275.25 16.22
1277.25 17.52
1279.25 12.44
1281.24 22.2
1283.25 21.74
1285.25 23.53
1287.25 24.09
1289.26 21.23
1291.25 5.62
1293.25 20.74
1295.11 15.25
1297.25 22.75
1299.25 13.8
1301.25 19.93
1303.25 22.48
1305.25 20.96
1307.25 19.75
1309.25 16.0
1311.25 21.29
1313.25 25.02
1315.25 27.47
1317.25 18.73
1319.12 22.74
1321.25 24.84
1323.25 21.83
1325.23 20.22
1327.24 20.34
1329.25 22.11
1331.25 20.48
1333.25 21.53
1335.25 11.24
1337.25 22.13
1339.26 21.36
1341.25 23.72
1343.25 23.18
1345.25 23.48
1347.25 22.62
1349.25 18.35
1351.25 22.21
1353.25 12.12
1355.26 21.92
1357.24 21.47
1359.25 20.63
1361.26 21.2
1363.25 23.0
1365.25 22.01
1367.24 20.06
1369.25 19.45
1371.26 14.25
1373.25 12.16
1375.25 20.42
1377.23 22.3
1379.24 2.29
1381.24 20.24
1383.24 16.18
1385.25 1.21
1387.25 11.74
1389.25 20.81
1391.24 18.81
1393.25 21.57
1395.24 23.56
1397.25 22.49
1399.24 21.83
1401.24 19.85
1403.26 21.64
1405.24 0.34
1407.24 13.65
1409.25 21.3
1411.25 19.36
1413.24 22.23
1415.25 23.43
1417.24 22.7
1419.43 22.89
1421.54 23.37
1423.26 23.53
1425.26 23.1
1427.25 21.2
1429.25 19.59
1431.25 23.28
1433.25 20.53
1435.25 10.64
1437.25 19.55
1439.28 23.77
1441.46 16.65
1443.39 12.97
1445.26 17.0
1447.25 11.0
1449.26 20.96
1451.26 15.93
1453.25 19.74
1455.51 14.83
1457.5 16.88
1459.49 24.4
1461.5 22.67
1463.5 23.89
1465.5 19.37
1467.5 18.56
1469.5 22.28
1471.5 5.27
1473.51 21.46
1475.5 16.7
1477.5 11.94
1479.5 15.0
1481.51 24.33
1483.49 20.64
1485.5 12.77
1487.5 17.03
1489.51 14.73
1491.5 21.87
1493.5 18.45
1495.51 23.41
1497.5 11.48
1499.5 21.85
1501.5 23.38
1503.5 16.39
1505.5 8.57
1507.5 27.37
1509.5 23.28
1511.5 29.34
1513.5 24.95
1515.5 10.28
1517.51 24.46
1519.5 23.78
1521.5 28.98
1523.5 22.62
1525.5 19.16
1527.5 21.1
1529.51 22.24
1531.5 15.61
1533.5 25.78
1535.5 25.04
1537.5 27.56
1539.5 27.09
1541.51 19.14
1543.5 29.35
1545.5 20.81
1547.5 19.34
1549.5 21.35
1551.5 25.64
1553.5 22.25
1555.5 22.18
1557.67 21.21
1559.51 22.94
1561.5 26.55
1563.5 24.16
1565.51 24.27
1567.5 10.73
1569.5 18.81
1571.5 23.22
1573.5 24.46
1575.5 19.25
1577.49 12.69
1579.5 24.88
1581.5 20.92
1583.5 27.19
1585.49 12.73
1587.5 21.11
1589.5 20.88
1591.5 18.5
1593.51 20.0
1595.5 23.86
1597.5 25.41
1599.5 18.63
1601.5 17.56
1603.5 19.68
1605.5 4.14
1607.5 23.0
1609.5 17.41
1611.5 20.97
1613.5 22.21
1615.5 18.83
1617.5 29.7
1619.5 28.02
1621.5 22.93
1623.5 28.3
1625.51 11.39
1627.5 18.85
1629.5 20.57
1631.51 23.67
1633.5 24.01
1635.5 21.15
1637.5 25.09
1639.5 22.92
1641.5 28.98
1643.5 23.87
1645.5 9.86
1647.49 22.11
1649.51 21.4
1651.5 24.83
1653.5 19.61
1655.5 19.61
1657.5 22.21
1659.5 23.82
1661.5 26.11
1663.5 23.4
1665.5 25.1
1667.5 26.83
1669.51 24.1
1671.5 21.63
1673.5 13.98
1675.5 19.59
1677.5 18.21
1679.5 15.97
1681.5 22.22
1683.5 6.95
1685.5 16.98
1687.5 27.63
1689.5 24.22
1691.5 24.26
1693.5 26.37
1695.5 15.81
1697.5 28.2
1699.51 24.57
1701.51 25.46
1703.51 6.74
1705.75 22.14
1707.75 21.29
1709.75 18.77
1711.75 24.37
1713.76 12.79
1715.75 12.79
1717.6 23.4
1719.75 27.29
1721.75 20.97
1723.75 21.37
1725.75 15.72
1727.75 22.16
1729.75 16.59
1731.75 23.61
1733.75 17.02
1735.75 9.36
1737.76 21.99
1739.75 24.51
1741.61 20.36
1743.74 16.04
1745.75 16.29
1747.75 25.69
1749.76 24.27
1751.75 25.63
1753.76 25.28
1755.75 12.07
1757.75 20.46
1759.75 19.22
1761.74 30.26
1763.75 1.65
1765.62 16.09
1767.75 23.36
1769.75 21.02
1771.75 23.22
1773.76 25.66
1775.75 10.42
1777.75 24.07
1779.76 24.46
1781.76 26.36
1783.75 4.71
1785.75 11.17
1787.75 28.18
1789.62 22.13
1791.75 25.82
1793.75 23.61
