0.0 0.04
1.1 0.82
2.58 0.04
3.59 0.68
4.26 1.49
5.23 0.06
6.04 3.07
7.81 2.21
9.24 3.93
13.16 0.02
15.21 1.05
19.29 1.54
20.39 0.77
21.34 1.6
22.15 2.07
23.16 2.06
24.26 0.03
25.33 0.03
27.7 0.09
30.69 0.03
32.69 1.92
37.13 0.01
42.45 0.27
44.74 0.03
48.38 0.06
51.52 0.6
53.13 0.08
54.59 1.04
58.66 1.74
61.28 0.2
62.69 3.62
65.12 2.58
67.47 3.93
71.1 0.13
76.18 1.44
80.83 0.68
81.77 0.38
82.68 0.68
83.38 2.35
84.73 1.6
86.94 0.43
88.66 2.18
92.68 0.55
95.69 0.11
100.28 1.45
101.04 1.86
102.14 1.48
102.81 2.56
104.08 2.99
105.89 3.14
109.92 0.52
112.48 0.35
115.53 0.38
118.58 0.03
121.23 0.86
122.38 1.82
124.2 2.38
128.35 0.02
131.95 0.35
135.06 1.64
137.33 0.03
139.68 2.39
141.88 3.28
144.26 0.15
145.36 1.85
146.78 0.17
150.29 0.61
154.97 0.53
157.95 0.52
160.29 1.84
161.99 1.62
163.81 2.69
165.62 2.01
167.82 1.27
172.38 1.23
174.94 1.02
177.99 0.95
179.44 2.75
180.76 2.77
182.28 2.79
184.05 2.3
186.92 1.45
189.68 1.12
192.81 0.06
194.85 0.67
196.86 1.65
199.44 1.43
202.44 1.74
204.44 1.61
207.19 0.74
209.2 1.22
212.57 0.26
215.08 1.65
218.35 1.83
220.09 2.83
222.68 2.98
224.69 0.88
227.83 0.48
231.4 0.48
234.97 0.95
237.28 0.54
238.58 3.96
239.94 5.87
242.95 5.47
244.96 5.75
247.79 0.81
249.87 1.23
252.9 0.88
255.92 0.05
258.17 1.79
260.5 2.12
262.12 2.3
265.19 3.11
268.62 0.39
271.69 0.81
275.31 0.58
276.49 2.17
278.48 1.94
280.43 2.98
282.43 3.04
285.4 0.41
292.0 0.39
294.54 0.61
296.08 2.53
297.34 2.34
299.49 0.04
301.31 4.77
303.76 0.87
309.36 1.21
311.96 1.53
314.99 1.38
317.09 2.25
319.02 2.02
321.77 2.37
325.31 0.74
329.82 1.32
331.83 1.18
335.37 1.81
336.84 2.33
338.39 2.9
339.97 3.41
341.17 3.71
343.57 0.51
346.62 0.51
349.18 0.02
351.24 1.4
353.79 0.9
355.88 2.08
357.37 2.56
358.68 1.63
361.43 3.45
365.49 1.39
369.63 0.35
372.64 1.64
375.51 2.99
377.97 0.58
379.69 3.25
385.86 0.38
387.39 1.56
388.91 0.95
390.47 0.66
391.98 0.8
393.85 1.97
395.24 1.52
397.59 2.96
399.23 4.03
402.1 1.47
408.13 1.02
412.91 0.28
414.54 0.37
416.25 0.56
417.54 0.74
419.68 0.56
421.18 0.36
423.29 0.64
424.78 0.3
427.18 0.94
429.34 0.87
432.18 0.88
434.94 1.32
436.95 1.49
439.69 1.88
441.73 0.67
444.78 0.72
447.42 1.09
449.41 0.21
452.41 1.78
455.2 1.99
457.18 2.57
459.93 1.94
461.94 0.75
465.44 1.83
467.68 1.54
470.55 0.46
472.68 2.07
474.6 2.88
477.44 2.9
481.1 1.39
487.18 0.14
488.8 0.65
490.56 1.45
491.62 1.37
492.98 2.34
494.95 2.78
497.69 2.04
500.75 0.92
502.89 0.12
505.42 1.1
508.18 0.54
510.28 1.26
513.19 1.93
515.17 2.12
518.03 1.24
521.08 0.89
525.17 1.62
528.21 1.16
531.48 1.04
533.57 2.19
535.35 2.63
538.24 0.97
540.87 0.91
543.35 1.24
547.43 0.39
549.0 0.86
551.26 2.26
553.43 3.12
555.23 2.77
557.32 0.73
559.75 1.54
562.81 1.8
566.92 0.89
570.27 2.02
572.74 2.91
574.19 3.35
575.42 3.16
576.44 4.18
580.54 0.45
581.74 1.08
584.53 1.53
587.15 1.01
589.36 0.37
591.43 1.72
594.18 1.72
596.45 3.61
600.05 0.94
605.11 0.52
607.15 0.37
609.03 4.32
610.64 4.73
611.97 5.35
614.72 6.12
625.57 0.28
629.53 0.26
632.69 0.43
635.64 0.31
637.17 0.5
638.73 0.52
641.25 0.48
643.29 0.67
644.82 0.22
645.94 0.77
648.12 0.75
649.84 0.9
651.61 1.12
652.69 1.22
653.7 1.1
655.41 0.47
657.22 1.04
659.94 1.55
662.06 1.28
665.06 0.67
667.68 1.46
669.57 1.89
672.5 2.42
674.54 2.75
678.19 0.39
683.2 0.95
687.26 0.39
689.11 1.57
690.8 2.82
692.33 2.5
696.86 0.08
702.48 0.27
704.02 0.78
705.02 1.44
708.66 0.46
709.7 2.15
710.84 2.58
712.44 3.25
717.02 0.95
719.09 0.93
721.14 1.92
724.63 1.01
726.67 0.98
729.1 2.21
730.82 2.78
732.44 3.18
737.95 0.95
741.01 1.05
744.58 1.09
746.11 0.41
747.44 2.09
748.84 2.06
750.15 2.39
751.95 2.11
755.07 1.17
758.17 0.99
760.68 0.69
764.25 0.38
766.99 2.42
768.62 2.88
770.28 2.54
771.6 3.19
774.22 1.48
778.78 0.01
781.34 1.74
786.14 0.29
787.23 2.55
788.28 1.97
789.89 1.95
791.68 3.4
798.01 0.32
800.56 1.2
802.59 0.69
804.64 0.76
806.25 1.89
807.42 2.14
809.39 2.84
812.18 2.57
817.0 0.81
820.04 0.23
822.14 1.7
824.17 0.99
825.34 2.08
827.43 3.65
829.68 4.19
832.43 3.85
837.49 0.18
841.04 0.51
843.09 0.48
844.57 3.08
846.42 3.32
847.94 3.97
849.93 0.71
852.95 0.17
856.79 0.46
860.37 0.91
865.02 0.63
867.09 0.74
869.6 0.71
872.17 0.16
875.75 0.07
877.83 1.04
879.88 1.66
882.42 0.89
884.01 1.11
885.54 1.37
887.01 0.88
888.07 1.42
890.7 1.65
893.72 1.56
895.71 1.54
902.32 0.44
904.38 0.65
906.39 0.51
908.46 0.61
909.82 1.81
912.52 2.04
913.99 2.63
915.94 2.0
919.77 1.27
920.77 0.43
923.68 0.19
926.69 0.56
928.69 1.38
931.47 1.86
934.44 1.98
941.27 1.67
944.32 0.2
946.37 1.01
948.36 2.13
949.49 2.32
951.21 2.64
953.21 2.9
954.69 3.23
961.61 0.18
964.76 0.28
967.24 1.04
969.78 1.81
971.81 1.82
972.97 2.38
974.03 3.1
976.56 1.39
979.64 1.43
983.73 1.53
985.81 0.77
987.62 1.1
988.73 2.85
990.4 3.38
992.44 3.85
994.49 4.97
998.0 0.02
1002.78 0.16
1005.67 1.04
1007.4 2.99
1008.95 2.78
1009.95 2.9
1012.68 3.94
1014.69 5.11
1017.68 0.46
1020.43 0.95
1023.64 1.43
1026.69 0.22
1028.95 5.48
1030.36 6.04
1032.94 3.5
1034.94 6.83
1040.4 0.7
1043.97 0.12
1046.76 0.5
1048.49 1.5
1049.85 2.12
1050.95 5.3
1053.27 5.71
1058.67 1.17
1061.74 1.24
1065.78 1.98
1067.29 2.5
1069.1 3.12
1070.43 3.28
1071.69 2.79
1073.88 0.75
1076.41 1.29
1079.46 0.62
1081.62 1.94
1084.64 0.72
1086.6 0.98
1088.2 2.75
1090.94 3.36
1095.83 0.52
1098.41 0.82
1101.9 0.19
1105.2 0.73
1106.27 1.63
1108.13 2.32
1109.58 2.73
1111.19 2.57
1114.18 0.63
1118.66 0.76
1120.7 0.17
1122.24 0.39
1123.93 0.75
1126.68 2.44
1129.39 0.27
1131.44 3.79
1136.44 0.7
1139.99 1.01
1143.03 0.86
1144.89 2.86
1146.23 5.38
1147.78 0.21
1148.86 5.75
1151.78 6.42
1154.55 0.86
1156.71 0.93
1159.44 0.63
1163.18 1.61
1166.88 2.71
1172.89 0.35
1177.02 1.49
1179.02 0.27
1180.59 0.97
1183.9 0.29
1184.78 2.56
1185.93 2.38
1187.26 2.77
1188.12 3.76
1192.3 0.44
1194.32 0.87
1196.86 0.43
1198.39 0.35
1201.54 0.81
1202.39 2.23
1204.68 3.13
1207.35 1.41
1212.05 0.53
1217.16 0.18
1219.32 1.43
1221.53 2.17
1223.02 2.57
1224.52 2.87
1226.95 3.62
1232.72 0.16
1234.58 3.58
1237.08 0.93
1240.13 0.49
1241.3 2.6
1242.65 4.38
1244.45 3.43
1246.71 4.79
1251.34 0.48
1255.42 0.02
1258.48 0.19
1260.66 1.23
1262.24 3.55
1263.83 1.75
1265.21 6.95
1267.69 1.3
1275.29 1.22
1278.39 0.38
1280.91 1.38
1283.09 0.68
1286.57 1.57
1287.61 0.53
1289.7 0.15
1290.71 1.94
1292.78 0.42
1294.22 0.12
1295.18 1.86
1296.04 1.8
1298.47 2.13
