0.0 105.17
0.88 111.51
2.88 111.51
4.88 111.51
6.88 111.51
8.88 111.51
10.88 111.51
12.88 111.51
14.7 111.51
16.88 111.51
18.89 111.51
20.88 111.51
22.89 111.51
24.88 111.51
26.89 111.51
28.88 111.51
30.88 111.51
32.88 111.51
34.88 111.51
36.88 111.51
38.69 111.51
40.88 111.51
42.88 111.51
44.88 111.51
46.89 111.51
48.89 111.51
50.88 111.51
52.88 111.51
54.88 111.51
56.88 111.51
58.88 111.51
60.88 111.51
62.89 111.51
64.88 111.51
66.88 111.51
68.88 111.51
70.89 111.51
72.88 111.51
74.88 111.51
76.88 111.51
78.88 111.51
80.88 111.51
82.88 111.51
84.88 111.51
86.88 111.51
88.88 111.51
90.88 111.51
92.88 111.51
94.89 111.51
96.88 111.51
98.88 111.51
100.88 111.51
102.88 111.51
104.91 111.51
106.89 111.51
108.88 111.51
110.81 4.91
112.88 6.0
114.89 6.95
116.88 10.05
118.88 14.83
120.88 16.53
122.89 13.6
124.88 18.01
126.88 18.51
128.88 21.52
130.88 25.45
132.9 29.19
134.88 27.09
136.88 24.8
138.88 17.98
140.88 30.67
142.88 26.32
144.88 1.04
146.89 33.29
148.88 38.67
150.88 33.09
152.88 45.06
154.88 9.66
156.89 42.58
158.88 43.75
160.88 46.15
162.88 51.66
164.88 49.63
166.88 56.1
168.88 46.0
170.88 57.76
172.88 53.56
174.88 67.16
176.88 55.62
178.88 50.4
180.88 70.2
182.89 67.14
184.88 71.36
186.88 59.3
188.88 59.3
190.88 59.3
192.88 59.3
194.88 68.99
196.88 79.8
198.89 73.56
200.88 91.43
202.89 15.03
204.88 99.23
206.88 106.15
208.88 104.04
210.88 84.46
212.88 97.74
214.88 98.57
216.88 103.76
218.88 91.55
220.88 101.69
222.89 89.42
224.89 90.05
226.88 115.89
228.88 115.89
230.88 115.89
232.89 76.3
234.89 74.6
236.9 7.5
239.13 41.99
241.13 66.36
243.13 66.36
245.13 78.85
247.13 78.85
249.14 78.85
251.16 78.85
253.13 79.85
255.13 69.45
257.13 76.95
259.13 76.95
261.13 78.94
263.13 77.07
265.14 67.28
267.13 54.34
269.13 72.86
271.13 72.86
273.14 72.86
275.13 72.86
277.13 72.86
279.13 72.86
281.14 72.86
283.13 72.86
285.13 72.86
287.13 72.86
289.14 72.86
291.13 62.84
293.14 57.29
295.13 62.99
297.13 59.06
299.16 46.55
301.13 46.55
303.13 46.55
305.14 46.55
307.13 46.55
309.13 46.55
311.13 46.55
313.13 46.55
315.13 46.55
317.13 66.63
319.13 56.45
321.14 56.45
323.13 56.45
325.14 56.45
327.13 56.45
329.13 56.45
331.13 58.15
333.13 58.15
335.13 58.15
337.13 58.15
339.13 58.15
341.13 58.15
343.13 58.15
345.13 58.15
347.13 58.15
349.13 58.15
351.13 58.15
353.13 58.15
355.13 58.15
357.13 58.15
359.13 58.15
361.13 11.77
363.13 13.19
365.13 13.95
367.13 15.25
369.13 16.8
371.13 19.61
373.13 22.09
375.13 22.88
377.13 20.27
379.13 24.27
381.13 27.88
383.14 31.82
385.13 27.85
387.13 34.16
389.13 24.78
391.13 29.12
393.15 40.28
395.13 36.03
397.13 41.3
399.13 37.42
401.13 36.99
403.14 43.43
405.13 40.01
407.14 36.25
409.14 37.63
411.13 38.95
413.13 30.39
415.13 34.27
417.13 43.52
419.13 43.64
421.13 15.91
423.14 43.29
425.13 37.82
427.13 12.38
429.13 38.67
431.13 47.09
433.13 45.21
435.14 49.81
437.14 54.29
439.13 15.49
441.13 64.96
443.13 67.11
445.14 66.34
447.14 66.34
449.13 67.51
451.14 57.64
453.13 46.46
455.13 74.32
457.15 95.06
459.13 59.59
461.13 76.27
463.14 102.57
465.15 102.55
467.13 95.33
469.13 95.33
471.13 20.53
473.15 49.19
475.13 109.1
477.13 90.4
479.13 31.15
481.14 95.69
483.13 108.59
485.15 118.83
487.13 87.74
489.38 99.79
491.39 8.79
493.38 115.28
495.4 8.58
497.38 76.05
499.4 100.84
501.38 73.56
503.38 116.56
505.4 116.56
507.38 116.56
509.19 116.56
511.39 116.56
513.38 116.56
515.38 9.39
517.38 43.48
519.38 43.48
521.38 42.25
523.38 42.25
525.38 39.81
527.38 43.88
529.38 36.35
531.38 45.41
533.21 48.38
535.38 46.8
537.38 51.0
539.38 55.73
541.38 56.85
543.39 48.6
545.38 60.23
547.38 64.09
549.38 63.68
551.38 69.39
553.38 69.72
555.38 69.7
557.38 69.7
559.38 62.69
561.38 50.67
563.38 61.79
565.39 71.49
567.38 63.9
569.38 63.9
571.38 63.9
573.39 63.9
575.38 59.79
577.38 70.77
579.38 55.14
581.38 71.15
583.39 72.64
585.38 62.47
587.38 57.66
589.38 58.42
591.38 72.32
595.25 72.32
597.28 72.32
599.27 72.32
601.27 72.32
603.28 72.32
605.27 72.32
607.27 72.32
609.29 72.32
611.29 72.32
613.28 72.32
615.27 72.32
617.27 72.32
619.27 72.32
621.27 76.19
623.27 74.98
625.28 56.09
627.27 70.39
629.27 70.44
631.27 74.62
633.27 74.62
635.27 78.26
637.27 69.13
639.27 69.13
641.27 69.13
643.27 69.13
645.27 69.13
647.27 69.13
649.27 72.1
651.28 72.1
653.27 72.1
655.27 72.1
657.27 72.1
659.27 72.1
661.27 72.1
663.27 72.1
665.29 72.1
667.27 72.1
669.28 72.1
671.27 72.1
673.27 72.1
675.27 72.1
677.27 72.1
679.27 72.1
681.27 72.1
683.27 72.1
685.27 72.1
687.79 72.1
689.27 72.1
691.27 72.1
693.27 72.1
695.27 68.86
697.27 75.6
699.27 75.6
701.27 29.78
703.27 38.37
705.27 38.37
707.27 38.37
709.27 38.37
711.27 87.75
713.27 87.75
715.27 87.75
717.27 87.75
719.27 87.75
721.27 87.75
723.27 87.75
725.27 87.75
727.27 87.75
729.27 87.75
731.27 87.75
733.27 87.75
735.27 87.75
737.27 87.75
739.27 87.75
741.27 87.75
743.28 87.75
745.27 87.75
747.28 87.75
749.27 87.75
