0.0 52.15
0.92 52.82
2.92 52.82
4.92 52.82
6.92 52.82
8.92 52.82
10.92 52.82
12.92 52.82
14.92 52.82
16.92 52.82
18.92 52.82
20.92 52.82
22.92 52.82
24.92 52.82
26.92 52.82
28.92 52.82
30.93 52.82
32.93 52.82
34.92 52.82
36.93 52.82
38.93 52.82
40.93 52.82
42.93 52.82
44.94 52.82
46.93 52.82
48.93 52.82
50.93 52.82
52.93 52.82
54.93 52.82
56.93 52.82
58.94 52.82
60.92 52.82
62.93 52.82
64.93 52.82
66.93 52.82
68.93 52.82
70.93 52.82
72.92 52.82
74.93 52.82
76.92 52.82
78.94 52.82
80.93 52.82
82.94 52.82
84.92 52.82
86.93 52.82
88.93 52.82
90.92 52.82
92.93 52.82
94.93 52.82
96.92 52.82
98.92 52.82
100.93 52.82
102.93 52.82
104.93 52.82
106.93 52.82
108.93 52.82
110.94 52.82
112.92 52.82
114.93 52.82
116.93 52.82
118.92 52.82
120.93 52.82
122.94 52.82
124.94 52.82
126.93 52.82
128.92 52.82
130.94 52.82
132.93 52.82
134.93 52.82
136.93 52.82
138.93 52.82
140.93 52.82
142.93 52.82
144.94 52.82
146.93 52.82
148.93 52.82
150.94 52.82
152.93 52.82
154.92 52.82
156.92 52.82
158.93 52.82
160.92 52.82
162.93 52.82
164.93 52.82
166.93 52.82
168.94 52.82
170.93 52.82
172.92 52.82
175.19 52.82
176.94 52.82
179.15 52.82
180.94 52.82
183.18 52.82
185.19 52.82
187.19 52.82
189.18 52.82
191.19 52.82
193.18 52.82
195.18 52.82
197.17 52.82
199.18 52.82
201.19 52.82
203.17 52.82
205.17 52.82
207.18 52.82
209.18 52.82
211.18 52.82
213.19 52.82
215.19 52.82
217.17 52.82
219.19 52.82
221.17 52.82
223.18 52.82
225.19 52.82
227.15 52.82
229.19 52.82
231.18 52.82
233.19 52.82
235.18 52.82
237.18 52.82
239.18 52.82
241.18 52.82
243.18 52.82
245.17 52.82
