0.0 58.03
1.12 58.97
3.11 75.15
5.11 67.11
7.11 79.19
9.11 65.04
11.12 77.69
13.11 98.07
15.11 68.24
17.11 65.97
19.11 77.99
21.12 93.12
23.12 0.63
25.12 140.53
27.12 86.99
29.12 154.88
31.12 137.98
33.11 0.83
35.12 146.21
37.12 0.75
39.12 69.78
41.12 142.28
43.13 0.74
45.11 165.54
47.12 0.76
49.13 201.65
51.11 138.31
53.12 90.18
55.12 47.46
57.12 1.11
59.12 210.48
61.12 4.82
63.13 170.85
65.12 206.46
67.12 0.64
69.12 222.86
71.13 0.74
73.13 109.85
75.12 235.09
77.12 163.02
79.12 230.1
81.13 236.26
83.13 226.8
85.12 0.68
87.13 238.83
89.12 218.45
91.12 0.64
93.12 224.68
95.13 0.66
97.13 201.7
99.13 282.01
101.13 288.64
103.12 262.29
105.13 0.84
107.16 124.5
109.14 4.39
111.13 7.69
113.13 11.51
115.13 23.39
117.12 11.07
119.13 6.96
121.13 17.63
123.13 16.21
125.13 9.6
127.12 15.42
129.12 9.39
131.13 9.8
133.12 11.71
135.13 11.71
137.13 9.66
139.13 7.06
141.12 6.29
143.13 5.31
145.13 2.96
147.13 8.0
149.13 10.06
151.14 11.62
153.13 7.43
155.14 8.36
157.12 9.63
159.13 12.61
161.13 16.13
163.12 10.4
165.13 11.05
167.13 12.48
169.13 3.11
171.13 8.44
173.14 10.9
175.13 8.47
177.13 10.13
179.13 11.61
181.14 6.77
183.12 10.46
185.12 12.68
187.14 6.42
189.13 9.1
191.13 8.7
193.14 8.84
195.14 6.76
197.13 12.47
199.14 12.69
201.14 9.27
203.14 9.68
205.14 11.72
207.14 7.92
209.13 7.1
211.14 4.95
213.13 9.27
215.14 12.33
217.14 10.34
219.14 10.19
221.14 19.64
223.13 14.9
225.14 11.23
227.13 6.15
229.14 11.96
231.14 19.77
233.13 12.95
235.14 14.06
237.15 5.91
239.14 3.34
241.15 5.51
243.14 12.33
245.38 3.71
247.38 5.64
249.39 3.89
251.39 7.49
253.38 13.19
255.38 15.47
257.39 6.57
259.39 8.55
261.39 14.65
263.39 9.87
265.38 8.14
267.23 9.9
269.39 7.88
271.39 7.75
273.39 5.07
275.39 7.56
277.38 8.72
279.39 4.91
281.4 9.03
283.39 7.18
285.39 14.38
287.4 9.22
289.4 10.8
291.22 12.04
293.39 14.15
295.39 5.55
297.4 8.87
299.4 10.13
301.4 9.56
303.39 7.76
305.4 8.17
307.38 10.62
309.39 9.44
311.39 8.66
313.4 5.25
315.4 16.42
317.4 13.92
319.39 11.6
321.42 9.4
323.39 7.44
325.39 7.79
327.4 5.68
329.39 7.81
331.39 11.05
333.4 5.56
335.39 6.94
337.4 7.7
339.39 7.17
341.39 8.34
343.4 5.67
345.39 14.07
347.4 9.04
349.39 8.03
351.39 6.9
353.4 7.6
355.39 6.99
357.4 6.34
359.39 7.22
361.4 16.78
363.41 9.24
365.4 20.73
367.4 16.05
369.4 8.95
371.41 15.37
373.4 15.17
375.4 14.54
377.39 7.42
379.4 5.41
381.4 6.36
383.4 6.04
385.41 4.7
387.41 12.22
389.41 12.23
391.41 10.83
393.41 5.45
395.4 12.09
397.4 11.79
399.4 15.85
401.41 6.07
403.4 4.3
405.4 6.28
407.4 7.16
409.4 4.6
411.4 5.05
413.41 3.27
415.4 6.37
417.4 6.37
419.4 3.82
421.41 5.88
423.41 8.95
425.4 11.25
427.4 8.13
429.4 13.15
431.4 4.66
433.4 10.68
435.41 5.91
437.4 6.04
439.4 5.85
441.41 9.2
443.4 6.25
445.41 7.35
447.4 7.48
449.4 5.41
451.41 10.53
453.41 11.94
455.42 8.62
457.4 8.68
459.41 16.08
461.41 6.72
463.41 8.19
465.4 6.65
467.4 7.56
469.4 10.65
471.42 15.47
473.41 16.73
475.41 12.7
477.41 6.86
479.4 9.16
481.4 8.37
483.4 6.61
485.41 4.83
487.4 11.27
489.4 10.2
491.42 16.71
493.67 12.04
495.65 6.34
497.41 4.32
499.41 4.44
501.65 8.05
503.66 14.61
505.66 12.1
507.67 5.19
509.66 4.95
525.64 5.4
526.86 14.08
528.86 17.97
530.85 21.44
532.86 30.4
534.85 18.43
536.86 23.6
538.85 22.88
540.86 36.16
542.85 40.34
544.86 77.24
546.86 84.77
548.85 97.81
550.86 63.12
552.86 65.91
554.85 65.43
556.86 74.91
558.85 82.49
560.85 86.85
562.86 52.56
564.85 86.74
566.85 71.67
568.86 114.86
570.85 99.24
572.86 99.24
574.86 99.24
576.86 72.4
578.86 0.76
580.86 98.45
582.85 96.82
584.86 1.37
586.86 167.23
588.87 131.61
590.85 163.05
592.85 90.26
594.86 104.75
596.86 223.97
598.86 0.67
600.86 237.54
602.87 17.0
604.87 232.4
606.86 163.37
608.86 1.06
610.87 157.59
612.87 0.5
614.86 233.05
616.87 195.52
618.86 179.5
620.86 240.49
622.87 0.75
624.86 124.7
626.87 0.86
628.86 176.18
630.86 176.18
632.87 10.97
634.86 144.54
636.86 30.35
638.86 120.31
640.86 136.82
642.86 95.01
644.86 201.29
646.87 1.58
648.87 192.47
650.86 26.51
652.87 167.14
654.87 152.27
656.87 0.75
658.87 145.12
660.86 11.73
662.86 109.67
664.86 187.7
666.87 195.61
668.87 120.81
670.87 0.79
672.87 180.12
674.87 0.57
676.86 237.03
678.87 99.16
680.86 0.8
682.87 225.16
684.87 0.9
686.86 179.78
688.87 232.75
690.86 203.21
692.86 238.44
694.87 0.65
696.87 184.62
698.87 29.39
700.87 213.36
702.87 248.95
704.88 0.77
706.87 145.52
708.86 0.82
710.87 221.33
712.87 158.57
714.86 266.97
716.86 214.64
718.86 0.62
720.87 181.14
722.86 0.7
724.87 152.13
726.88 179.57
728.87 0.74
730.88 162.69
732.87 0.69
734.87 218.04
736.88 249.23
738.87 128.22
740.87 240.73
742.88 0.78
744.87 247.32
746.87 0.76
749.12 277.51
750.88 245.94
753.12 0.68
755.13 273.7
757.13 4.61
759.12 165.86
760.91 18.24
763.13 221.18
765.12 283.79
767.13 2.47
769.13 236.74
771.13 0.76
773.13 147.06
775.13 178.45
777.13 30.63
779.12 202.43
781.13 0.63
783.12 185.69
785.13 0.73
787.12 242.88
789.12 150.24
791.12 11.14
793.12 243.25
795.13 234.44
797.12 234.49
799.13 145.67
801.14 242.68
803.12 96.68
805.13 0.7
807.13 180.83
809.13 0.75
811.12 108.74
813.13 65.59
815.13 3.81
817.13 180.8
819.14 0.58
821.14 61.39
823.13 149.97
825.13 156.29
827.13 85.45
829.14 0.75
831.13 147.79
833.14 0.81
835.12 185.44
837.13 99.37
839.13 0.73
841.13 137.3
843.13 22.97
845.13 162.61
847.13 141.19
849.14 98.16
851.13 212.52
853.13 0.64
855.13 183.77
857.13 0.67
859.13 141.86
861.14 117.73
863.13 0.72
865.13 201.39
867.14 0.63
869.13 208.45
871.13 94.9
873.14 155.23
875.14 130.13
877.13 0.74
879.14 184.45
881.13 0.68
883.14 175.82
885.13 97.47
887.13 0.77
889.14 124.1
891.13 10.16
893.14 244.48
895.14 164.49
897.14 0.81
899.13 134.46
901.14 3.06
903.13 75.79
905.14 121.11
907.14 126.25
909.14 149.8
911.14 0.75
913.14 139.12
915.13 159.69
917.14 105.11
919.13 149.55
921.14 143.19
923.13 133.67
925.14 0.72
927.13 128.15
929.14 0.69
931.14 174.07
933.13 152.44
935.15 7.66
937.15 218.36
939.13 1.13
941.14 119.24
943.14 249.53
945.13 132.63
947.14 213.14
949.15 0.69
951.14 141.76
953.13 0.72
955.14 239.77
957.15 180.65
959.14 0.65
961.14 263.53
963.14 0.53
965.14 180.66
967.14 232.9
969.14 189.35
971.15 303.21
973.14 0.57
975.15 307.78
977.14 16.85
979.16 209.18
981.15 317.55
983.14 301.36
985.14 221.78
987.14 0.64
989.15 221.42
991.14 286.12
993.15 353.52
995.39 192.22
997.39 0.69
999.15 105.89
1001.39 12.95
1003.4 362.35
1005.39 361.66
1007.4 0.77
1009.4 363.11
1011.4 0.77
1013.39 236.48
1015.18 17.23
1017.39 196.12
1019.39 310.64
1021.4 0.71
1023.4 154.64
1025.4 0.67
1027.4 327.35
1029.4 218.65
1031.4 282.11
1033.39 295.27
1035.4 0.77
1037.4 277.46
1039.39 0.83
1041.4 285.78
1043.4 219.15
1045.4 0.71
1047.39 325.79
1049.4 0.73
1051.4 150.12
1053.41 260.1
1055.41 0.72
1057.4 270.78
1059.39 0.68
1061.4 204.3
1063.4 12.95
1065.4 202.9
1067.41 201.27
1069.41 0.77
1071.39 275.53
1073.41 23.23
1075.4 255.82
1077.4 205.05
1079.4 195.0
1081.41 190.64
1083.4 0.61
1085.4 243.56
1087.41 0.66
1089.41 215.0
1091.4 301.39
1093.4 208.47
1095.41 252.72
1097.4 5.45
1099.4 257.06
1101.41 190.75
1103.4 0.81
1105.4 144.14
1107.41 4.33
1109.4 246.46
1111.4 1.27
1113.41 225.94
1115.4 225.94
1117.4 0.7
1119.4 73.94
1121.41 0.75
1123.41 110.15
1125.41 172.96
1127.4 0.79
1129.4 103.76
1131.41 0.71
1133.4 130.35
1135.42 18.17
1137.41 132.35
1139.41 154.68
1141.4 0.67
1143.4 172.18
1145.41 0.72
1147.4 151.11
1149.41 159.68
1151.41 0.7
1153.42 193.83
1155.41 0.72
1157.41 110.5
1159.41 3.29
1161.4 80.39
1163.41 31.03
1165.41 0.81
1167.4 108.69
1169.41 0.73
1171.41 115.92
1173.41 115.14
1175.41 0.73
1177.41 167.39
1179.4 0.74
1181.41 146.87
1183.41 27.27
1185.42 170.56
1187.41 177.81
1189.41 0.71
1191.41 168.56
1193.41 0.68
1195.42 159.07
1197.41 196.67
1199.42 0.73
1201.41 196.46
1203.4 0.72
1205.41 161.49
1207.41 0.76
1209.42 130.43
1211.42 196.63
1213.42 0.84
1215.42 193.5
1217.42 6.07
1219.42 144.58
1221.41 198.31
1223.42 0.68
1225.41 68.54
1227.42 0.73
1229.41 197.72
1231.41 1.67
1233.42 126.09
1235.42 206.57
1237.42 0.75
1239.42 149.89
1241.42 1.27
1243.42 147.95
1245.66 107.78
1247.66 116.35
1249.66 131.92
1251.67 0.73
1253.67 144.04
1255.67 121.59
1257.67 191.82
1259.68 144.18
1261.67 1.02
1263.67 105.66
1265.66 0.48
1267.66 187.33
1269.66 168.49
1271.67 172.93
1273.66 96.24
1275.67 0.63
1277.67 157.58
1279.67 0.71
1281.67 133.61
1283.67 100.81
1285.68 0.76
1287.67 132.62
1289.67 0.93
1291.67 228.61
1293.67 227.82
1295.68 274.49
1297.68 77.25
1299.67 0.96
1301.67 297.01
1303.67 0.8
1305.67 249.46
1307.67 298.1
1309.66 0.78
1311.67 263.35
1313.67 179.38
1315.68 231.96
1317.66 259.87
1319.67 27.76
1321.67 255.57
1323.68 0.95
1325.67 236.83
1327.67 2.39
1329.68 259.86
1331.68 132.84
1333.67 0.72
1335.67 269.68
1337.67 121.87
1339.68 191.08
1341.68 235.11
1343.68 268.51
1345.67 268.38
1347.68 0.73
1349.67 241.82
1351.67 0.91
1353.68 183.53
1355.67 120.0
1357.67 0.8
1359.68 128.68
1361.69 0.75
1363.68 186.31
1365.67 166.67
1367.68 189.97
1369.68 178.61
1371.67 0.82
1373.68 122.76
1375.68 0.66
1377.67 318.28
1379.67 269.07
1381.68 0.73
1383.68 258.39
1385.68 0.67
1387.67 218.64
1389.67 233.09
1391.68 260.24
1393.68 247.52
1395.68 0.76
1397.67 21.05
1399.68 0.78
1401.68 172.7
1403.68 199.55
1405.68 0.82
1407.68 188.91
1409.68 0.87
1411.68 165.02
1413.68 149.24
1415.67 178.78
1417.69 176.41
1419.69 0.85
1421.68 159.1
1423.69 0.71
1425.68 132.05
1427.68 120.73
1429.68 0.72
1431.68 119.98
1433.69 0.86
1435.69 110.17
1437.69 124.07
1439.69 177.09
1441.68 180.2
1443.68 25.22
1445.68 30.21
1447.69 28.8
1449.68 39.48
1451.69 46.77
1453.68 46.77
1455.68 57.05
1457.69 42.75
1459.69 40.49
1461.69 38.38
1463.69 69.62
1465.69 70.31
1467.68 65.88
1469.69 109.65
1471.69 106.66
1473.69 114.19
1475.68 97.32
1477.68 97.32
1479.69 42.07
1481.7 127.15
1483.69 94.06
1485.68 112.4
1487.69 150.37
1489.68 162.01
1491.69 0.72
1493.69 141.85
1495.93 0.72
1497.69 157.87
1499.93 163.16
1501.94 188.92
1503.95 168.22
1505.93 0.86
1507.94 66.33
1509.73 0.78
1511.94 195.52
1513.95 204.45
1515.94 0.86
1517.93 123.69
1519.94 0.57
1521.95 163.13
1523.93 171.85
1525.94 6.16
1527.94 197.81
1529.94 0.97
1531.94 191.09
1533.73 9.45
1535.95 191.95
1537.94 183.18
1539.95 0.69
1541.94 119.82
1543.94 177.69
1545.94 54.65
1547.95 43.74
1549.95 24.63
1551.94 61.89
1553.95 1.46
1555.94 137.79
1557.94 0.64
1559.94 77.84
1561.95 85.2
1563.94 76.66
1565.95 134.69
1567.94 0.62
1569.95 180.75
1571.95 178.94
1573.95 74.51
1575.95 221.68
1577.95 1.61
1579.94 204.3
1581.95 0.59
1583.96 197.79
1585.95 233.53
1587.95 0.65
1589.95 161.15
1591.95 22.42
1593.95 128.22
1595.95 148.17
1597.95 149.36
1599.95 133.54
1601.94 2.71
1603.94 150.51
1605.95 0.72
1607.96 127.37
1609.94 181.71
1611.94 11.32
1613.95 110.49
1615.95 4.77
1617.94 60.69
1619.95 83.13
1621.95 151.46
1623.94 107.34
1625.95 0.95
1627.96 63.52
1629.96 0.74
1631.96 203.7
1633.95 163.52
1635.95 26.28
1637.95 18.85
1639.96 24.25
1641.96 35.15
1643.95 42.24
1645.96 29.31
1647.95 84.83
1649.95 126.14
1651.95 103.11
1653.94 0.74
1655.95 85.11
1657.95 129.38
1659.95 0.72
1661.95 113.73
1663.95 0.78
1665.96 88.94
1667.96 189.91
1669.96 174.65
1671.95 156.62
1673.96 0.71
1675.95 221.76
1677.96 0.79
1679.96 180.87
1681.95 224.24
1683.95 0.77
1685.96 206.44
1687.95 0.72
1689.96 125.84
1691.95 141.62
1693.96 0.77
1695.96 101.99
1697.96 0.72
1699.96 191.6
1701.95 5.75
1703.95 147.33
1705.95 169.25
1707.95 0.88
1709.95 134.49
1711.96 1.54
1713.95 153.2
1715.95 202.72
1717.96 223.17
1719.97 202.42
1721.96 0.63
1723.96 116.19
1725.96 232.85
1727.96 262.94
1729.96 189.8
1731.96 0.71
1733.96 171.09
1735.96 0.63
1737.97 279.11
1739.96 128.57
1741.96 280.1
1743.97 214.92
1746.2 1.57
1747.96 269.22
1750.21 0.79
1751.97 170.11
1754.21 261.34
1756.22 0.59
1758.22 81.2
1760.21 0.74
1762.22 87.6
1764.21 97.86
1766.21 127.6
1768.22 144.06
1770.21 11.18
1772.21 93.06
1774.21 84.39
1776.22 104.07
1778.21 82.83
1780.22 87.38
1782.21 97.75
1784.21 78.98
1786.21 77.48
1788.21 0.81
1790.22 82.4
1792.21 86.11
1794.22 95.01
1796.22 102.92
1798.22 72.28
1800.22 102.28
1802.21 105.85
1804.21 0.89
1806.21 146.4
1808.22 0.62
1810.21 113.15
1812.21 0.68
1814.21 133.4
1816.22 148.68
1818.21 0.73
1820.22 76.1
1822.22 0.81
1824.22 123.18
1826.21 97.95
1828.22 0.65
1830.22 142.61
1832.21 0.72
1834.22 119.71
1836.22 0.6
1838.22 144.44
1840.22 177.79
1842.22 7.92
1844.21 199.09
1846.22 0.86
1848.21 155.39
1850.22 182.59
1852.22 1.41
1854.21 0.77
1856.22 0.88
1858.23 132.05
1860.21 155.97
1862.22 122.85
1864.22 162.31
1866.23 0.67
1868.23 71.33
1870.22 0.69
1872.23 103.22
1874.23 158.81
1876.22 0.76
1878.22 120.8
1880.22 18.82
1882.23 88.79
1884.23 0.65
1886.23 154.19
1888.23 125.88
1890.23 0.79
1892.22 163.46
1894.22 0.66
1896.22 165.8
1898.23 150.58
1900.22 0.67
1902.23 227.16
1904.22 0.75
1906.23 125.34
1908.22 0.59
1910.23 90.6
1912.22 211.26
1914.24 31.28
1916.22 275.33
1918.22 0.61
1920.23 134.97
1922.22 212.36
1924.23 0.79
1926.22 289.87
1928.23 0.58
1930.23 302.99
1932.22 0.97
1934.22 292.85
1936.22 231.25
1938.23 0.64
1940.23 325.54
1942.23 1.35
1944.22 317.21
1946.23 304.11
1948.23 0.73
1950.24 319.14
1952.23 0.71
1954.23 267.29
1956.23 0.64
1958.23 197.46
1960.23 232.81
1962.23 0.75
1964.23 220.52
1966.23 0.62
1968.24 268.46
1970.23 243.2
1972.23 0.75
1974.22 284.2
1976.23 0.56
1978.23 302.26
1980.23 0.83
1982.24 298.93
1984.23 277.71
1986.23 0.78
1988.24 196.61
1990.24 0.7
1992.24 217.1
1994.23 275.62
1996.48 0.7
1998.23 300.22
2000.48 0.81
2002.24 299.23
2004.48 0.79
2006.48 282.49
2008.49 274.7
2010.49 0.68
2012.48 218.72
2014.48 0.73
2016.49 69.7
2018.49 181.37
2020.48 179.07
2022.48 0.84
2024.49 7.27
2026.48 174.41
2028.48 0.82
2030.49 162.27
2032.48 190.31
2034.48 0.75
2036.49 104.33
2038.49 4.46
2040.49 89.71
2042.49 89.75
2044.48 77.42
2046.49 96.16
2048.49 39.16
2050.49 50.09
2052.48 90.82
2054.48 64.36
2056.48 67.75
2058.48 92.95
2060.49 94.12
2062.48 0.72
2064.49 155.84
2066.49 187.31
2068.49 187.31
2070.48 170.97
2072.49 0.86
2074.5 125.68
2076.49 0.89
2078.48 167.37
2080.49 167.97
2082.5 0.62
2084.48 219.65
2086.49 4.96
2088.5 187.13
2090.49 215.4
2092.49 0.35
2094.49 126.58
2096.5 0.75
2098.49 231.31
2100.49 0.7
2102.49 269.25
2104.49 258.92
2106.49 0.65
2108.49 230.86
2110.49 0.73
2112.49 102.17
2114.49 247.51
2116.5 0.79
2118.5 253.03
2120.49 0.74
2122.49 313.35
2124.5 0.64
2126.5 339.08
2128.5 341.56
2130.49 141.89
2132.5 33.05
2134.49 0.7
2136.5 173.79
2138.49 177.71
2140.5 216.47
2142.5 169.91
2144.5 0.73
2146.49 195.94
2148.49 0.73
2150.49 186.04
2152.49 210.15
2154.5 0.83
2156.5 172.37
2158.5 0.94
2160.49 132.85
2162.49 155.61
2164.49 103.98
2166.49 196.61
2168.5 5.0
2170.5 175.78
2172.5 0.82
2174.49 175.01
2176.49 69.91
2178.5 0.71
2180.5 177.52
2182.49 27.27
2184.5 161.1
2186.5 213.68
2188.5 134.41
2190.49 261.64
2192.5 3.83
2194.5 249.73
2196.5 0.63
2198.5 197.77
2200.5 212.42
2202.51 8.71
2204.5 219.33
2206.51 6.18
2208.51 153.46
2210.5 275.75
2212.49 214.8
2214.5 277.47
2216.5 0.57
2218.5 161.75
2220.51 0.52
2222.5 0.65
2224.5 0.72
2226.5 31.65
2228.5 3.82
2230.5 27.91
2232.51 27.91
2234.5 27.91
2236.51 30.94
2238.5 30.94
2240.5 21.57
2242.51 15.67
2244.51 35.61
2246.51 35.7
2248.51 70.11
2250.75 48.5
2252.75 61.51
2254.76 96.88
2256.76 96.23
2258.53 94.42
2260.76 70.2
2262.75 75.96
2264.75 109.68
2266.75 123.36
2268.75 118.48
2270.76 74.19
2272.76 116.32
2274.76 129.6
2276.77 102.71
2278.76 124.65
2280.75 111.0
2282.77 0.66
2284.75 136.28
2286.76 74.99
2288.75 0.72
2290.75 95.34
2292.75 1.54
2294.76 119.41
2296.77 122.77
2298.76 155.09
2300.75 182.1
2302.76 0.64
2304.76 177.15
2306.75 0.61
2308.76 119.29
2310.75 114.81
2312.77 131.15
2314.76 220.64
2316.76 0.72
2318.77 210.46
2320.76 159.26
2322.75 0.73
2324.77 7.31
2326.77 1.28
2328.76 38.23
2330.77 18.73
2332.77 35.48
2334.76 39.26
2336.76 29.09
2338.77 67.75
2340.76 71.97
2342.76 51.98
2344.76 62.22
2346.77 63.17
2348.76 59.55
2350.76 49.34
2352.77 85.9
2354.76 70.59
2356.76 100.73
2358.76 97.65
2360.76 98.71
2362.77 47.65
2364.77 4.84
2366.77 75.5
2368.76 184.31
2370.77 39.94
2372.77 182.78
2374.77 0.77
2376.76 145.45
2378.77 3.77
2380.77 100.66
2382.77 156.72
2384.77 0.71
2386.76 202.84
2388.77 0.85
2390.77 121.78
2392.76 195.55
2394.77 0.75
2396.77 137.1
2398.77 0.66
2400.77 265.04
2402.77 6.4
2404.78 169.96
2406.76 159.32
2408.78 5.19
2410.77 271.2
2412.76 0.73
2414.77 96.27
2416.77 261.87
2418.77 1.45
2420.77 167.08
2422.77 0.77
2424.77 144.26
2426.78 19.51
2428.77 83.66
2430.77 250.02
2432.78 27.06
2434.77 178.62
2436.77 1.36
2438.78 53.37
2440.78 245.32
2442.77 0.72
2444.77 52.44
2446.77 1.75
2448.77 248.34
2450.77 0.68
2452.78 167.63
2454.77 261.31
2456.77 0.73
2458.78 208.87
2460.77 0.7
2462.78 185.41
2464.78 259.79
2466.78 10.23
2468.78 125.73
2470.78 1.36
2472.78 40.38
2474.77 0.83
2476.78 78.75
2478.78 78.75
2480.77 120.76
2482.77 94.89
2484.77 110.24
2486.77 79.0
2488.77 100.28
2490.78 147.22
2493.02 79.33
2494.77 0.55
2496.78 121.4
2499.02 0.88
2501.02 159.11
2503.02 123.06
2505.02 0.73
2507.03 160.29
2509.02 23.83
2511.03 100.71
2513.03 219.55
2515.02 164.92
2517.03 134.08
2519.03 10.79
2521.02 248.17
2523.03 21.27
2525.02 190.23
2527.03 207.85
2529.03 0.65
2531.03 205.77
2533.03 0.73
2535.03 156.6
2537.03 132.43
2539.02 213.47
2541.02 229.5
2543.02 0.79
2545.03 170.67
2547.03 230.34
2549.04 158.79
2551.03 224.52
2553.02 0.84
2555.03 214.94
2557.03 0.74
2559.03 160.2
2561.04 266.11
2563.03 245.59
2565.03 276.4
2567.03 0.65
2569.03 222.15
2571.03 0.85
2573.04 238.82
2575.03 200.77
2577.04 0.65
2579.03 46.92
2581.03 168.76
2583.03 176.17
2585.04 64.42
2587.04 100.99
2589.03 169.48
2591.03 8.09
2593.03 132.41
2595.04 0.78
2597.04 142.75
2599.04 104.65
2601.04 0.65
2603.03 103.26
2605.04 0.65
2607.04 247.52
2609.03 180.59
2611.03 244.12
2613.03 277.18
2615.03 1.48
2617.04 151.37
2619.03 18.02
2621.04 249.08
2623.03 212.17
2625.04 0.73
2627.04 201.51
2629.03 0.63
2631.03 143.89
2633.04 225.16
2635.04 146.85
2637.04 212.45
2639.03 0.71
2641.03 234.08
2643.04 0.9
2645.03 169.19
2647.04 245.03
2649.04 0.67
2651.04 303.43
2653.04 0.6
2655.04 237.86
2657.04 300.4
2659.03 300.4
2661.04 204.97
2663.04 0.73
2665.04 223.14
2667.04 0.65
2669.04 150.06
2671.04 220.5
2673.04 0.77
2675.05 196.99
2677.05 0.68
2679.04 260.54
2681.05 219.81
2683.05 126.47
2685.05 170.99
2687.04 0.66
2689.04 145.31
2691.04 0.7
2693.04 21.41
2695.04 204.74
2697.05 0.63
2699.04 133.77
2701.04 0.75
2703.05 265.52
2705.04 156.31
2707.04 215.43
2709.05 285.34
2711.04 0.67
2713.05 228.61
2715.04 0.75
2717.05 221.83
2719.05 304.16
2721.04 0.76
2723.04 288.22
2725.04 0.78
2727.05 316.56
2729.06 227.81
2731.05 273.37
2733.04 242.81
2735.05 0.72
2737.05 327.42
2739.05 12.63
2741.05 330.89
2743.05 229.94
2745.05 0.72
2747.29 178.58
2749.29 0.62
2751.05 156.36
2753.08 0.68
2755.29 283.37
2757.3 193.1
2759.29 1.64
2761.3 279.32
2763.3 0.72
2765.3 328.89
2767.29 295.65
2769.3 238.01
2771.3 339.31
2773.31 0.72
2775.29 302.53
2777.09 0.73
2779.3 358.01
2781.3 362.07
2783.3 0.73
2785.3 325.71
2787.3 0.72
2789.3 163.33
2791.3 262.03
2793.31 234.55
2795.31 257.13
2797.29 1.6
2799.31 99.92
2801.31 0.65
2803.3 268.25
2805.31 281.98
2807.3 0.72
2809.3 205.86
2811.3 0.71
2813.3 263.25
2815.31 234.94
2817.3 222.66
2819.3 224.31
2821.31 0.73
2823.3 0.75
2825.3 0.67
2827.31 293.3
2829.3 361.64
2831.3 0.74
2833.31 352.41
2835.3 305.83
2837.31 177.29
2839.31 273.76
2841.31 0.87
2843.31 328.64
2845.31 0.53
2847.3 276.22
2849.3 0.65
2851.3 243.92
2853.31 279.8
2855.31 0.94
2857.3 256.55
2859.31 0.66
2861.31 333.78
2863.3 263.58
2865.3 0.7
2867.31 379.7
2869.31 0.77
2871.31 214.3
2873.32 0.83
2875.3 382.29
2877.31 360.43
2879.3 12.24
2881.31 229.08
2883.31 18.73
2885.3 0.65
2887.31 258.02
2889.31 300.32
2891.31 216.18
2893.32 0.76
2895.32 168.94
2897.32 0.73
2899.3 177.75
2901.31 319.91
2903.31 0.94
2905.32 331.22
2907.32 0.6
2909.31 3.46
2911.31 326.85
2913.31 353.36
2915.32 338.22
2917.31 0.65
2919.32 325.52
2921.31 0.68
2923.31 334.21
2925.31 307.35
2927.31 0.59
2929.31 402.68
2931.31 0.66
2933.31 408.43
2935.32 347.62
2937.31 0.8
2939.32 145.09
2941.32 0.74
2943.31 99.86
2945.32 6.15
2947.32 124.59
2949.32 216.78
2951.31 0.73
2953.32 208.11
2955.32 0.88
2957.32 206.45
2959.32 118.38
2961.31 395.96
2963.31 406.58
2965.32 0.66
2967.32 366.71
2969.31 0.68
2971.32 281.01
2973.32 351.66
2975.32 0.71
2977.32 355.03
2979.32 0.45
2981.32 318.61
2983.31 168.24
2985.31 331.77
2987.33 462.13
2989.32 0.74
2991.32 311.59
2993.32 0.67
2995.33 361.46
2997.32 441.74
2999.32 0.59
3001.33 300.66
3003.33 0.56
3005.58 431.1
3007.36 0.65
3009.57 201.94
3011.58 236.09
3013.58 0.73
3015.57 345.91
3017.56 0.72
3019.57 313.34
3021.58 242.53
3023.57 0.56
3025.58 290.32
3027.57 0.63
3029.58 187.15
3031.57 7.46
3033.57 205.83
3035.59 245.35
3037.57 0.58
3039.57 332.27
3041.57 0.6
3043.57 311.57
3045.58 334.28
3047.58 0.61
3049.58 299.15
3051.57 219.19
3053.58 169.34
3055.59 0.81
3057.57 268.69
3059.58 276.4
3061.58 0.74
3063.57 202.0
3065.58 0.55
3067.58 278.43
3069.59 250.16
3071.59 4.33
3073.59 113.86
3075.58 0.55
3077.58 247.65
3079.57 0.34
3081.58 214.47
3083.57 243.26
3085.58 0.67
3087.58 303.24
3089.58 4.82
3091.58 14.58
3093.59 23.23
3095.58 28.26
3097.58 65.42
3099.59 84.4
3101.58 87.62
3103.58 111.13
3105.57 118.94
3107.58 87.47
3109.57 1.64
3111.57 168.39
3113.59 10.04
3115.58 13.83
3117.58 25.18
3119.58 18.85
3121.59 43.39
3123.57 57.66
3125.58 41.73
3127.58 63.29
3129.58 89.41
3131.59 85.52
3133.59 62.23
3135.58 102.44
3137.58 81.75
3139.59 101.68
3141.58 150.77
3143.58 0.68
3145.58 122.85
3147.59 0.63
3149.58 130.76
3151.58 0.64
3153.58 136.46
3155.59 71.51
3157.58 0.8
3159.58 129.92
3161.59 0.65
3163.59 124.65
3165.58 81.02
3167.59 0.69
3169.59 164.71
3171.58 0.74
3173.59 200.52
3175.58 0.66
3177.59 204.22
3179.59 183.6
3181.59 0.75
3183.58 198.76
3185.59 0.76
3187.58 181.2
3189.59 178.89
3191.59 0.75
3193.59 184.18
3195.59 1.36
3197.59 122.03
3199.6 0.83
3201.6 177.97
3203.58 127.41
3205.59 0.63
3207.59 187.74
3209.58 0.72
3211.58 245.8
3213.58 200.94
3215.6 0.62
3217.59 298.08
3219.59 0.79
3221.58 22.22
3223.59 25.38
3225.6 47.04
3227.59 60.16
3229.58 47.67
3231.59 41.25
3233.6 82.0
3235.58 47.59
3237.6 69.15
3239.59 88.29
3241.59 53.35
3243.58 83.97
3245.83 102.97
3247.6 17.72
3249.84 139.71
3251.6 77.37
3253.85 0.79
3255.84 184.03
3257.85 0.75
3259.85 171.36
3261.85 157.52
3263.84 176.29
3265.84 97.45
3267.85 0.73
3269.85 190.07
3271.84 0.79
3273.85 166.56
3275.84 192.68
3277.85 0.71
3279.85 121.51
3281.84 0.71
3283.84 164.63
3285.86 101.6
3287.84 92.69
3289.85 164.67
3291.85 0.69
3293.85 127.31
3295.84 8.54
3297.85 199.11
3299.85 117.68
3301.84 0.66
3303.85 199.48
3305.84 0.72
3307.85 252.21
3309.85 181.42
3311.84 0.69
3313.85 247.68
3315.85 0.79
3317.85 190.11
3319.85 0.8
3321.85 4.55
3323.85 270.79
3325.85 1.68
3327.86 108.13
3329.84 0.69
3331.84 280.27
3333.85 242.82
3335.86 245.35
3337.86 284.39
3339.86 0.86
3341.86 122.19
3343.84 0.66
3345.85 82.83
3347.85 74.64
3349.85 71.74
3351.85 79.66
3353.85 49.01
3355.84 126.28
3357.85 75.18
3359.86 73.23
3361.85 141.16
3363.85 0.72
3365.86 66.93
3367.85 0.66
3369.85 82.88
3371.85 104.17
3373.86 0.8
3375.86 217.2
3377.85 0.72
3379.85 182.3
3381.86 207.07
3383.85 161.75
3385.84 183.75
3387.86 11.38
3389.85 251.93
3391.86 0.74
3393.86 170.26
3395.85 198.41
3397.86 0.67
3399.86 130.7
3401.85 0.72
3403.85 188.77
3405.85 98.61
3407.86 162.85
3409.85 73.58
3411.86 0.73
3413.85 126.27
3415.86 0.73
3417.85 219.57
3419.86 133.53
3421.85 260.13
3423.85 253.97
3425.86 0.69
3427.86 160.33
3429.86 146.32
3431.85 5.46
3433.86 173.95
3435.86 0.77
3437.86 240.3
3439.86 0.68
3441.87 277.64
3443.86 297.98
3445.87 0.62
3447.86 243.33
3449.86 243.33
3451.86 191.39
3453.85 268.7
3455.86 249.06
3457.86 207.88
3459.86 0.73
3461.86 247.1
3463.86 0.69
3465.86 19.85
3467.86 32.92
3469.85 34.57
3471.86 30.63
3473.86 52.92
3475.86 43.52
3477.86 36.35
3479.86 88.17
3481.87 81.79
3483.86 1.68
3485.86 63.58
3487.87 0.76
3489.87 130.81
3491.86 87.42
3493.86 0.75
3495.86 178.87
3498.12 0.71
3500.11 155.02
3501.87 128.69
3504.11 241.98
3506.12 233.0
3508.12 0.75
3510.11 245.23
3512.12 6.62
3514.12 156.82
3516.12 202.16
3518.11 0.7
3520.12 177.65
3522.12 0.73
3524.12 129.72
3525.9 0.73
3528.11 280.0
3530.12 269.01
3532.12 0.58
3534.12 293.44
3536.12 0.69
3538.12 249.03
3540.12 285.32
3542.11 0.7
3544.12 212.27
3546.12 0.64
3548.12 194.45
3550.11 0.72
3552.12 165.47
3554.12 198.63
3556.12 0.69
3558.12 296.5
3560.12 0.55
3562.12 324.58
3564.12 266.19
3566.12 383.34
3568.12 376.71
3570.12 0.6
3572.11 394.92
3574.12 0.69
3576.13 443.18
3578.12 320.33
3580.12 0.74
3582.11 234.32
3584.12 0.85
3586.12 342.98
3588.13 365.33
3590.12 363.98
3592.12 358.34
3594.12 0.72
3596.12 313.5
3598.13 0.66
3600.12 264.9
3602.13 305.55
3604.13 0.88
3606.12 258.16
3608.13 0.53
3610.12 308.97
3612.12 254.45
3614.12 0.8
3616.13 359.87
3618.13 6.35
3620.12 341.16
3622.13 0.83
3624.13 331.42
3626.13 342.24
3628.12 1.5
3630.12 363.78
3632.12 0.72
3634.13 406.49
3636.12 344.96
3638.13 336.65
3640.13 222.44
3642.12 1.14
3644.13 153.76
3646.13 0.67
3648.12 202.05
3650.14 123.11
3652.13 0.54
3654.13 174.34
3656.12 0.75
3658.13 196.76
3660.13 158.14
3662.13 121.26
3664.14 196.06
3666.14 0.76
3668.12 153.71
3670.12 0.61
3672.13 156.69
3674.12 131.83
3676.13 0.81
3678.13 236.41
3680.13 0.76
3682.13 227.27
3684.13 111.91
3686.14 271.12
3688.13 282.53
3690.14 1.4
3692.13 273.78
3694.12 0.63
3696.13 260.71
3698.13 310.86
3700.13 262.76
3702.14 255.16
3704.13 0.6
3706.13 316.77
3708.13 249.3
3710.14 400.83
3712.13 409.36
3714.13 0.66
3716.13 313.83
3718.13 13.35
3720.13 303.01
3722.13 0.57
3724.14 20.32
3726.13 294.86
3728.14 0.63
3730.13 301.79
3732.14 385.56
3734.13 315.49
3736.13 392.15
3738.13 0.59
3740.14 332.82
3742.13 16.73
3744.14 199.43
3746.13 351.35
3748.38 0.98
3750.38 276.32
3752.38 0.57
3754.39 159.06
3756.17 2.74
3758.39 211.53
3760.39 199.95
3762.39 10.11
3764.38 207.44
3766.38 0.73
3768.39 124.69
3770.4 179.89
3772.39 0.71
3774.38 222.42
3776.39 0.46
3778.38 131.4
3780.17 0.69
3782.39 244.07
3784.38 245.64
3786.4 0.65
3788.39 193.58
3790.39 0.65
3792.39 99.28
3794.39 252.19
3796.39 1.22
3798.39 182.42
3800.39 0.82
3802.38 133.22
3804.39 142.74
3806.39 207.86
3808.39 79.06
3810.4 0.85
3812.39 118.92
3814.39 1.68
3816.4 207.95
3818.39 189.73
3820.39 148.47
3822.4 214.14
3824.4 0.81
3826.39 51.75
3828.39 132.95
3830.4 97.18
3832.38 188.4
3834.4 123.52
3836.4 133.99
3838.4 0.7
3840.39 221.22
3842.39 218.98
3844.4 1.66
3846.4 252.24
3848.4 1.08
3850.4 267.23
3852.4 352.65
3854.39 233.42
3856.4 216.69
3858.39 288.1
3860.4 242.1
3862.4 25.92
3864.39 310.55
3866.4 265.95
3868.39 0.75
3870.4 176.05
3872.39 0.67
3874.39 419.38
3876.4 385.51
3878.4 421.8
3880.4 330.93
3882.39 4.7
3884.4 291.97
3886.4 0.73
3888.41 398.08
3890.39 438.72
3892.4 0.76
3894.4 218.81
3896.4 3.97
3898.4 332.62
3900.4 347.74
3902.4 358.49
3904.4 252.61
3906.4 0.73
3908.41 348.83
3910.41 1.14
3912.39 344.2
3914.4 230.38
3916.41 1.47
3918.4 140.15
3920.4 0.72
3922.4 303.63
3924.4 227.77
3926.4 52.31
3928.41 282.87
3930.4 0.68
3932.41 213.22
3934.41 8.7
3936.4 277.99
3938.41 292.24
3940.4 30.76
3942.41 251.5
3944.4 0.85
3946.41 317.12
3948.4 305.88
3950.4 352.15
3952.4 301.74
3954.41 0.73
3956.4 419.24
3958.41 0.68
3960.4 409.13
3962.4 252.97
3964.4 0.75
3966.41 314.08
3968.4 0.74
3970.41 297.45
3972.4 349.18
3974.41 492.32
3976.41 477.07
3978.65 0.66
3980.41 284.98
3982.41 0.72
3984.41 386.23
3986.42 379.45
3988.66 7.65
3990.65 371.25
3992.66 0.76
3994.66 392.5
3996.44 0.74
3998.66 393.44
4000.66 366.03
4002.65 0.63
4004.66 163.13
4006.66 0.75
4008.66 432.88
4010.66 417.59
4012.66 413.23
4014.67 314.76
4016.67 0.67
4018.66 394.12
4020.66 0.79
4022.67 410.98
4024.66 297.23
4026.65 0.69
4028.66 167.39
4030.65 0.74
4032.66 305.13
4034.66 342.07
4036.66 0.46
4038.66 218.21
4040.67 0.73
4042.67 287.19
4044.66 0.55
4046.67 289.98
4048.66 305.43
4050.66 0.74
4052.66 219.37
4054.67 213.26
4056.67 246.11
4058.66 127.15
4060.66 171.08
4062.67 155.32
4064.67 31.84
4066.66 222.67
4068.66 23.02
4070.67 258.4
4072.66 219.71
4074.67 0.52
4076.67 264.55
4078.67 9.59
4080.66 99.54
4082.66 146.55
4084.66 160.63
4086.67 293.02
4088.67 0.7
4090.66 271.4
4092.66 0.49
4094.67 297.66
4096.66 288.63
4098.66 0.67
4100.66 266.37
4102.67 0.74
4104.67 281.81
4106.67 307.45
4108.67 325.64
4110.66 360.88
4112.66 0.84
4114.66 368.21
4116.67 5.37
4118.66 362.7
4120.68 312.65
4122.67 0.72
4124.66 292.64
4126.66 0.73
4128.67 237.87
4130.67 302.89
4132.67 0.71
4134.67 210.49
4136.67 0.79
4138.66 268.26
4140.67 0.71
4142.67 297.12
4144.67 269.68
4146.68 0.79
4148.67 148.32
4150.68 0.73
4152.68 126.29
4154.67 252.24
4156.68 255.79
4158.68 333.32
4160.68 0.72
4162.67 293.85
4164.67 0.44
4166.67 275.31
4168.66 342.52
4170.68 0.64
4172.67 301.35
4174.67 0.69
4176.67 371.75
4178.67 236.54
4180.68 300.91
4182.67 403.5
4184.68 0.73
4186.67 297.62
4188.67 1.67
4190.67 389.41
4192.68 318.47
4194.67 0.77
4196.68 348.88
4198.68 0.78
4200.67 296.9
4202.68 403.55
4204.68 409.12
4206.67 408.63
4208.68 0.69
4210.69 403.99
4212.68 0.71
4214.68 411.26
4216.68 408.5
4218.67 0.78
4220.68 393.93
4222.67 0.74
4224.92 436.04
4226.68 382.02
4228.68 434.24
4230.68 418.1
4232.92 1.36
4234.92 317.37
4236.93 13.03
4238.93 386.84
4240.93 449.91
4242.93 0.72
4244.93 408.78
4246.93 0.66
4248.93 322.51
4250.72 2.95
4252.94 367.33
4254.93 392.41
4256.93 4.97
4258.93 328.59
4260.93 5.77
4262.93 391.82
4264.92 364.3
4266.93 1.32
4268.93 126.58
4270.93 1.45
4272.93 358.78
4274.93 0.71
4276.93 351.2
4278.94 326.73
4280.94 0.73
4282.92 328.33
4284.94 0.7
4286.93 314.07
4288.93 186.88
4290.93 0.77
4292.93 286.56
4294.93 5.9
4296.94 306.1
4298.93 0.73
4300.93 365.33
4302.93 345.67
4304.94 0.83
4306.93 188.32
4308.94 0.64
4310.93 326.08
4312.94 380.71
4314.93 0.73
4316.94 243.12
4318.93 1.68
4320.93 344.52
4322.94 0.43
4324.94 263.32
4326.94 302.33
4328.93 2.85
4330.93 362.86
4332.94 3.9
4334.93 343.1
4336.94 215.99
4338.93 0.89
4340.94 366.64
4342.94 12.07
4344.93 365.67
4346.94 12.93
4348.94 26.17
4350.93 41.17
4352.94 41.38
4354.94 64.86
4356.93 79.03
4358.94 80.11
4360.94 58.82
4362.94 69.5
4364.93 68.49
4366.94 107.58
4368.94 83.71
4370.94 0.74
4372.94 125.93
4374.94 186.63
4376.93 0.74
4378.95 103.0
4380.94 0.87
4382.94 182.58
4384.94 89.65
4386.94 0.88
4388.93 154.48
4390.94 0.83
4392.94 191.35
4394.94 0.69
4396.95 316.73
4398.94 343.35
4400.94 0.66
4402.95 170.63
4404.95 0.72
4406.94 47.01
4408.94 177.64
4410.94 283.12
4412.94 214.84
4414.95 0.8
4416.94 190.57
4418.94 0.61
4420.94 277.37
4422.94 221.68
4424.95 0.81
4426.95 236.07
4428.94 1.41
4430.95 314.47
4432.95 175.08
4434.95 0.66
4436.95 297.6
4438.95 0.69
4440.95 324.11
4442.95 0.69
4444.94 288.43
4446.94 294.13
4448.94 0.7
4450.94 242.06
4452.95 0.68
4454.95 77.54
4456.97 97.8
4458.95 0.73
4460.94 88.75
4462.95 135.45
4464.95 83.66
4466.95 66.43
4468.95 108.15
4470.95 95.76
4472.95 63.92
4474.95 84.77
4476.95 15.57
4478.96 14.92
4481.2 12.5
4482.96 13.27
4485.19 30.99
4486.96 24.07
4489.2 36.52
4491.19 28.81
4493.21 35.24
4495.2 31.56
4497.19 39.42
4499.2 42.58
4501.2 48.83
4503.21 75.43
4505.2 68.14
4507.2 62.37
4509.2 75.03
4511.2 73.53
4513.21 127.43
4515.2 1.41
4517.2 112.68
4519.21 118.31
4521.21 12.56
4523.2 49.38
4525.21 0.68
4527.2 145.2
4529.21 192.11
4531.2 169.12
4533.2 87.66
4535.2 0.54
4537.2 193.11
4539.21 1.54
4541.21 254.12
4543.21 288.88
4545.21 0.93
4547.21 250.36
4549.21 0.64
4551.22 177.1
4553.2 335.05
4555.2 355.66
4557.21 162.08
4559.21 0.67
4561.21 320.66
4563.2 0.62
4565.21 288.02
4567.2 298.27
4569.21 0.63
4571.21 271.5
4573.21 0.72
4575.21 323.35
4577.2 361.02
4579.2 366.96
4581.21 408.97
4583.21 0.7
4585.22 398.23
4587.21 0.69
4589.21 274.47
4591.21 397.27
4593.22 0.92
4595.21 196.27
4597.21 0.78
4599.21 439.36
4601.2 415.16
4603.21 490.62
4605.21 311.38
4607.21 0.68
4609.22 415.95
4611.21 0.86
4613.2 423.22
4615.22 296.83
4617.21 0.74
4619.21 417.83
4621.22 0.65
4623.21 308.99
4625.2 334.87
4627.21 455.4
4629.21 439.16
4631.21 0.73
4633.2 439.41
4635.22 0.74
4637.22 378.03
4639.21 383.74
4641.2 0.65
4643.21 353.96
4645.21 0.73
4647.21 439.65
4649.21 281.39
4651.21 365.95
4653.22 253.23
4655.22 1.44
4657.22 436.61
4659.22 0.75
4661.21 385.97
4663.21 346.25
4665.22 0.61
4667.22 270.15
4669.21 0.65
4671.22 366.94
4673.22 267.62
4675.21 258.22
4677.22 223.83
4679.22 1.66
4681.21 276.58
4683.21 0.63
4685.22 414.43
4687.21 312.46
4689.22 0.73
4691.22 280.57
4693.22 0.73
4695.22 325.31
4697.22 346.57
4699.22 266.24
4701.22 399.22
4703.22 0.72
4705.22 137.1
4707.22 10.9
4709.21 214.56
4711.21 208.65
4713.22 0.79
4715.21 116.46
4717.22 0.81
4719.22 62.66
4721.23 123.12
4723.23 81.11
4725.22 120.79
4727.22 1.51
4729.23 102.6
4731.22 0.65
4733.22 161.97
4735.48 161.63
4737.47 155.28
4739.47 140.5
4741.47 10.53
4743.46 154.47
4745.24 14.34
4747.47 127.2
4749.48 97.41
4751.48 0.92
4753.48 110.6
4755.48 0.73
4757.48 168.37
4759.48 101.97
4761.48 195.11
4763.48 179.34
4765.48 1.6
4767.47 28.3
4769.27 0.68
4771.48 162.46
4773.48 140.24
4775.47 0.72
4777.48 194.7
4779.47 0.69
4781.47 288.68
4783.48 295.62
4785.47 307.37
4787.48 200.36
4789.47 285.61
4791.48 255.96
4793.47 0.8
4795.48 318.63
4797.48 324.36
4799.47 1.54
4801.48 270.86
4803.47 0.71
4805.48 323.93
4807.47 329.25
4809.48 0.63
4811.47 228.13
4813.47 1.5
4815.47 211.77
4817.47 10.38
4819.48 207.63
4821.48 150.18
4823.49 0.69
4825.48 234.61
4827.48 0.8
4829.49 179.98
4831.48 2.06
4833.48 240.16
4835.48 226.6
4837.47 0.7
4839.47 283.83
4841.48 7.22
4843.47 262.77
4845.49 276.53
4847.48 1.41
4849.49 237.5
4851.49 0.76
4853.49 321.12
4855.48 273.41
4857.48 281.45
4859.48 238.46
4861.48 0.78
4863.48 232.72
4865.48 4.4
4867.49 368.61
4869.48 394.64
4871.49 0.58
4873.48 193.76
4875.48 1.53
4877.48 357.55
4879.48 416.0
4881.48 0.66
4883.48 409.87
4885.48 0.72
4887.48 210.72
4889.49 0.61
4891.48 168.93
4893.49 137.19
4895.49 1.22
4897.49 346.68
4899.49 0.81
4901.48 232.68
4903.49 189.74
4905.48 18.58
4907.48 218.91
4909.49 0.73
4911.48 121.28
4913.48 0.75
4915.48 177.66
4917.48 205.38
4919.48 0.71
4921.49 297.45
4923.48 0.67
4925.49 299.24
4927.48 302.95
4929.49 309.3
4931.5 296.96
4933.49 0.72
4935.48 274.64
4937.5 20.28
4939.49 334.33
4941.49 370.57
4943.5 0.83
4945.49 373.33
4947.49 0.74
4949.48 209.22
4951.49 179.2
4953.49 0.72
4955.48 256.49
4957.5 0.61
4959.49 268.16
4961.49 0.64
4963.48 176.48
4965.49 236.29
4967.49 8.77
4969.49 180.48
4971.5 245.03
4973.49 259.14
4975.49 145.15
4977.49 180.93
4979.74 406.01
4981.74 0.84
4983.49 368.52
4985.74 1.97
4987.74 338.27
4989.75 327.93
4991.75 1.54
4993.75 357.75
4995.74 0.61
4997.73 352.41
4999.52 328.23
5001.74 348.95
5003.74 206.14
5005.74 0.61
5007.74 326.09
5009.74 0.75
5011.75 3.22
5013.74 385.18
5015.74 0.74
5017.75 372.66
5019.74 0.69
5021.74 293.67
5023.55 0.73
5025.75 229.08
5027.74 213.53
5029.75 0.69
5031.75 276.19
5033.75 385.18
5035.74 289.21
5037.75 229.63
5039.74 1.53
5041.75 320.66
5043.74 0.56
5045.76 234.33
5047.75 0.81
5049.74 287.7
5051.74 294.31
5053.75 0.66
5055.75 289.78
5057.75 0.74
5059.74 223.38
5061.74 354.37
5063.75 1.53
5065.75 361.27
5067.76 0.61
5069.75 380.33
5071.75 0.73
5073.74 373.1
5075.76 317.34
5077.75 0.69
5079.75 327.88
5081.75 2.92
5083.75 358.01
5085.75 206.2
5087.75 0.87
5089.75 133.62
5091.75 0.62
5093.76 123.51
5095.75 0.68
5097.75 304.81
5099.75 158.05
5101.76 0.78
5103.76 180.6
5105.76 0.56
5107.76 361.76
5109.75 332.65
5111.75 0.81
5113.76 330.76
5115.75 0.65
5117.75 459.77
5119.75 1.08
5121.75 392.84
5123.76 309.75
5125.76 0.71
5127.75 372.32
5129.76 0.71
5131.75 457.32
5133.75 341.24
5135.76 5.27
5137.75 350.95
5139.76 0.64
5141.76 427.41
5143.76 0.78
5145.76 419.9
5147.75 348.97
5149.76 1.49
5151.75 378.99
5153.76 0.77
5155.76 355.14
5157.75 389.35
5159.76 1.57
5161.76 268.56
5163.76 0.58
5165.76 282.87
5167.76 5.29
5169.75 396.33
5171.77 405.17
5173.76 0.75
5175.75 299.26
5177.76 0.66
5179.76 434.54
5181.76 417.93
5183.76 0.8
5185.76 295.14
5187.76 0.61
5189.75 361.64
5191.76 0.67
5193.76 383.01
5195.75 388.76
5197.75 0.61
5199.77 396.05
5201.76 0.66
5203.76 424.06
5205.77 356.13
5207.76 0.78
5209.76 407.98
5211.76 0.6
5213.77 485.87
5215.76 0.75
5217.76 185.58
5219.76 123.28
5221.75 0.67
5223.76 347.04
5225.76 0.72
5227.77 368.94
5230.01 143.17
5232.01 0.84
5233.77 250.88
5236.01 0.6
5238.02 179.27
5240.01 0.62
5242.02 217.42
5244.02 218.97
5246.02 0.95
5248.01 150.51
5250.02 0.63
5252.02 207.83
5254.02 166.38
5256.01 2.84
5258.01 199.84
5260.01 0.73
5262.02 123.23
5264.02 0.68
5266.25 132.51
5268.01 232.22
5270.02 0.78
5272.01 317.82
5274.03 4.87
5276.02 331.01
5278.01 274.5
5280.02 22.72
5282.02 367.3
5284.01 0.75
5286.02 329.16
5288.01 0.71
5290.02 361.69
5292.02 363.34
5294.01 0.71
5296.03 214.02
5298.01 0.75
5300.03 242.9
5302.02 192.71
5304.03 209.22
5306.02 303.84
5308.02 0.78
5310.01 269.61
5312.01 0.67
5314.02 209.13
5316.03 222.71
5318.02 0.57
5320.01 319.35
5322.01 1.19
5324.02 266.68
5326.03 283.81
5328.02 239.7
5330.02 467.68
5332.03 0.63
5334.03 455.8
5336.02 0.83
5338.04 318.03
5340.03 371.66
5342.02 0.73
5344.02 386.43
5346.03 0.61
5348.02 394.39
5350.02 393.92
5352.03 263.56
5354.02 67.91
5356.02 0.85
5358.03 259.18
5360.02 0.74
5362.02 135.25
5364.02 216.22
5366.03 0.8
5368.03 143.98
5370.02 0.71
5372.02 155.99
5374.02 194.47
5376.02 210.1
5378.03 203.48
5380.02 163.36
5382.03 93.61
5384.03 10.78
5386.02 177.49
5388.02 215.78
5390.03 0.71
5392.03 195.74
5394.02 0.67
5396.03 197.54
5398.03 88.04
5400.02 108.82
5402.02 82.42
5404.03 0.62
5406.03 130.07
5408.02 57.37
5410.02 90.83
5412.04 90.83
5414.03 46.19
5416.02 104.92
5418.02 79.78
5420.03 93.08
5422.03 107.77
5424.03 141.07
5426.02 138.51
5428.03 0.73
5430.04 135.31
5432.03 0.66
5434.03 118.37
5436.03 138.22
5438.03 0.81
5440.03 218.47
5442.04 0.62
5444.03 115.08
5446.04 115.71
5448.03 201.95
5450.04 231.59
5452.03 1.42
5454.03 227.47
5456.04 0.72
5458.02 243.46
5460.03 137.63
5462.03 0.82
5464.04 211.09
5466.04 0.65
5468.03 183.61
5470.03 152.53
5472.04 281.32
5474.03 131.17
5476.03 0.75
5478.04 272.33
5480.28 0.75
5482.03 217.2
5484.04 145.1
5486.04 1.9
5488.29 104.39
5490.28 0.68
5492.28 77.59
5494.06 92.54
5496.28 122.31
5498.28 122.31
5500.29 102.12
5502.28 108.47
5504.28 96.93
5506.29 93.77
5508.29 122.0
5510.29 168.38
5512.28 205.43
5514.29 0.65
5516.28 205.28
5518.08 0.6
5520.29 216.96
5522.29 274.41
5524.3 0.74
5526.29 230.34
5528.29 0.78
5530.29 252.52
5532.28 333.28
5534.28 5.16
5536.29 260.71
5538.29 0.72
5540.28 262.77
5542.29 0.59
5544.28 241.78
5546.29 272.15
5548.29 0.65
5550.29 370.21
5552.28 1.54
5554.29 376.0
5556.29 217.56
5558.29 10.42
5560.3 203.22
5562.3 1.56
5564.3 167.46
5566.29 4.89
5568.29 123.47
5570.29 150.42
5572.29 0.69
5574.29 96.74
5576.28 0.81
5578.29 68.97
5580.3 76.82
5582.29 88.56
5584.28 91.99
5586.3 0.74
5588.29 138.56
5590.3 15.95
5592.29 201.19
5594.29 168.38
5596.3 0.75
5598.29 175.66
5600.29 1.41
5602.29 228.9
5604.3 258.88
5606.29 0.75
5608.29 269.96
5610.29 1.0
5612.29 307.64
5614.3 0.63
5616.3 332.98
5618.29 288.45
5620.3 0.77
5622.3 347.97
5624.3 0.64
5626.29 343.37
5628.3 362.16
5630.3 404.59
5632.29 366.28
5634.29 0.66
5636.3 225.04
5638.3 0.67
5640.3 132.62
5642.3 386.38
5644.3 0.67
5646.29 347.88
5648.3 0.65
5650.3 332.24
5652.29 387.24
5654.31 37.36
5656.3 394.18
5658.29 0.66
5660.3 195.44
5662.3 0.67
5664.3 269.09
5666.3 269.09
5668.29 1.31
5670.29 290.92
5672.29 3.71
5674.3 88.03
5676.3 105.35
5678.29 111.48
5680.3 94.87
5682.3 100.1
5684.3 53.71
5686.3 80.85
5688.29 57.44
5690.3 95.12
5692.3 135.7
5694.3 122.41
5696.3 116.92
5698.31 133.96
5700.3 123.53
5702.31 80.06
5704.3 133.41
5706.3 11.54
5708.31 151.48
5710.31 0.64
5712.3 212.12
5714.31 202.72
5716.3 0.8
5718.3 196.28
5720.3 0.85
5722.31 265.75
5724.31 151.22
5726.3 299.47
5728.55 309.62
5730.31 0.74
5732.31 313.13
5734.55 0.79
5736.55 311.69
5738.31 299.5
5740.56 0.68
5742.56 286.03
5744.56 1.29
5746.56 218.3
5748.55 215.59
5750.56 233.73
5752.56 344.31
5754.55 0.72
5756.56 341.14
5758.56 0.73
5760.55 179.62
5762.56 245.09
5764.56 0.79
5766.55 342.29
5768.55 0.71
5770.56 372.87
5772.56 330.4
5774.56 385.16
5776.56 397.66
5778.55 0.73
5780.55 277.8
5782.56 8.16
5784.56 283.92
5786.57 268.86
5788.56 0.64
5790.55 202.25
5792.57 0.95
5794.57 294.51
5796.56 337.03
5798.57 326.06
5800.56 202.66
5802.56 0.72
5804.56 276.6
5806.56 0.84
5808.57 314.38
5810.56 209.19
5812.56 0.67
5814.56 333.32
5816.56 330.35
5818.56 321.5
5820.55 353.69
5822.57 350.77
5824.57 94.94
5826.57 0.77
5828.56 403.06
5830.55 0.78
5832.57 245.99
5834.56 440.45
5836.56 0.72
5838.56 139.35
5840.56 0.85
5842.57 434.61
5844.56 392.04
5846.57 356.47
5848.56 440.09
5850.57 0.69
5852.56 137.97
5854.56 0.66
5856.56 204.89
5858.57 296.29
5860.56 0.67
5862.57 259.64
5864.56 0.81
5866.57 151.78
5868.57 165.38
5870.56 257.73
5872.56 201.84
5874.57 15.7
5876.57 258.04
5878.56 0.74
5880.57 247.95
5882.57 254.7
5884.57 23.24
5886.58 24.84
5888.56 18.16
5890.56 227.92
5892.57 92.45
5894.57 186.08
5896.57 190.77
5898.57 0.84
5900.57 53.58
5902.57 10.16
5904.56 27.75
5906.57 59.74
5908.57 0.72
5910.57 139.17
5912.57 8.84
5914.58 105.58
5916.57 127.07
5918.57 179.1
5920.57 188.1
5922.58 25.78
5924.57 181.9
5926.57 0.64
5928.56 143.61
5930.56 169.71
5932.56 5.94
5934.58 181.85
5936.57 104.86
5938.58 20.06
5940.58 32.83
5942.57 177.6
5944.58 94.08
5946.58 12.67
5948.58 110.2
5950.57 0.66
5952.57 200.92
5954.58 221.78
5956.58 0.73
5958.57 161.96
5960.58 0.79
5962.58 166.32
5964.57 189.58
5966.58 128.47
5968.58 155.28
5970.58 12.03
5972.58 170.56
5974.58 13.99
5976.58 197.04
5978.82 271.75
5980.58 204.31
5982.58 270.8
5984.82 0.72
5986.58 269.3
5988.61 0.73
5990.82 188.48
5992.83 173.59
5994.82 0.73
5996.82 292.98
5998.82 0.76
6000.83 271.3
6002.83 349.4
6004.82 343.23
6006.83 343.23
6008.82 2.91
6010.84 207.92
6012.62 0.54
6014.83 328.68
6016.82 372.03
6018.82 0.73
6020.82 336.57
6022.83 0.69
6024.83 285.27
6026.82 262.24
6028.84 166.28
6030.83 340.16
6032.83 0.61
6034.83 341.74
6036.83 0.68
6038.83 241.65
6040.82 346.88
6042.83 0.75
6044.83 321.41
6046.83 0.73
6048.84 336.12
6050.83 333.3
6052.83 328.36
6054.83 253.52
6056.82 0.84
6058.83 326.71
6060.84 12.46
6062.83 302.27
6064.83 212.1
6066.84 7.55
6068.83 340.66
6070.84 0.73
6072.84 329.16
6074.84 347.05
6076.84 0.75
6078.83 287.35
6080.84 0.68
6082.83 333.8
6084.83 0.7
6086.84 219.96
6088.84 361.01
6090.83 0.62
6092.84 356.9
6094.83 0.66
6096.84 256.59
6098.84 317.8
6100.84 377.53
6102.84 362.98
6104.84 0.79
6106.84 364.78
6108.84 1.49
6110.83 369.33
6112.84 317.17
6114.83 0.68
6116.84 364.29
6118.83 0.45
6120.83 87.23
6122.83 227.83
6124.84 1.46
6126.83 356.41
6128.83 0.69
6130.84 301.26
6132.84 0.69
6134.83 317.59
6136.83 373.39
6138.84 0.66
6140.84 272.54
6142.84 0.82
6144.83 427.2
6146.85 405.66
6148.84 338.73
6150.85 464.56
6152.85 0.97
6154.84 230.13
6156.85 6.61
6158.83 373.86
6160.83 305.27
6162.85 0.72
6164.84 266.64
6166.84 0.68
6168.84 176.4
6170.84 269.84
6172.84 266.03
6174.84 313.32
6176.85 0.74
6178.85 341.99
6180.83 1.36
6182.85 415.92
6184.84 394.85
6186.84 7.82
6188.85 442.57
6190.84 0.73
6192.84 378.19
6194.85 428.9
6196.85 428.74
6198.85 354.4
6200.84 0.79
6202.84 435.4
6204.85 0.73
6206.84 334.46
6208.84 410.93
6210.86 0.69
6212.85 382.69
6214.85 0.77
6216.85 412.49
6218.84 407.08
6220.84 374.41
6222.84 433.26
6224.84 0.74
6227.1 385.02
6228.85 0.66
6230.85 258.94
6233.09 329.66
6234.85 0.77
6237.1 394.79
6239.1 0.75
6241.09 424.41
6242.88 0.69
6245.09 428.47
6247.09 404.74
6249.09 0.84
6251.1 224.81
6253.1 0.67
6255.1 365.13
6257.1 423.59
6259.1 1.16
6261.1 424.11
6263.09 0.77
6265.09 241.57
6266.88 17.44
6269.11 207.23
6271.1 440.1
6273.1 0.64
6275.09 119.89
6277.09 0.73
6279.11 440.0
6281.11 403.3
6283.1 0.71
6285.11 244.32
6287.1 0.74
6289.1 369.67
6291.1 0.76
6293.1 241.26
6295.1 352.35
6297.1 0.73
6299.1 179.16
6301.11 0.73
6303.1 368.53
6305.11 346.08
6307.1 0.86
6309.1 340.16
6311.1 0.83
6313.11 340.78
6315.11 0.68
6317.1 352.61
6319.1 307.77
6321.11 4.83
6323.11 352.86
6325.1 11.39
6327.1 345.22
6329.11 316.95
6331.1 1.73
6333.1 331.69
6335.11 1.12
6337.11 360.8
6339.11 0.74
6341.11 323.54
6343.1 261.82
6345.11 0.86
6347.1 350.72
6349.11 317.83
6351.11 376.67
6353.11 340.95
6355.1 0.71
6357.1 254.09
6359.1 0.79
6361.1 333.42
6363.1 0.79
6365.1 402.99
6367.11 261.17
6369.1 0.86
6371.11 263.44
6373.11 0.79
6375.1 391.8
6377.11 445.93
6379.11 269.11
6381.1 299.91
6383.12 0.68
6385.11 375.1
6387.1 0.67
6389.12 411.95
6391.11 410.43
6393.1 0.73
6395.11 405.95
6397.11 10.07
6399.11 419.66
6401.12 338.95
6403.11 0.72
6405.11 358.82
6407.12 0.79
6409.11 260.34
6411.12 3.78
6413.12 334.26
6415.13 297.17
6417.11 0.77
6419.11 135.6
6421.12 6.08
6423.11 301.14
6425.11 337.74
6427.11 0.87
6429.12 370.97
6431.12 0.76
6433.12 284.15
6435.11 0.78
6437.11 292.91
6439.11 190.74
6441.12 0.67
6443.12 317.09
6445.12 0.72
6447.11 299.95
6449.11 370.59
6451.11 0.55
6453.12 340.77
6455.11 0.85
6457.12 332.85
6459.11 10.07
6461.12 36.63
6463.12 46.49
6465.12 40.4
6467.11 65.39
6469.11 59.95
6471.12 69.67
6473.11 75.91
6475.12 93.25
6477.12 68.65
6479.12 8.06
6481.12 157.23
6483.12 23.61
6485.37 161.38
6487.13 146.52
6489.37 0.78
6491.37 188.3
6493.38 25.18
6495.37 174.82
6497.36 98.85
6499.36 8.45
6501.37 155.29
6503.38 0.72
6505.37 172.79
6507.36 0.85
6509.36 123.51
6511.37 307.21
6513.37 0.73
6515.37 297.38
6517.36 3.26
6519.37 126.12
6521.38 129.91
6523.38 9.39
6525.37 132.17
6527.37 0.68
6529.37 275.18
6531.37 0.65
6533.37 308.72
6535.37 275.37
6537.37 0.85
6539.38 111.05
6541.38 10.73
6543.37 58.92
6545.38 199.79
6547.37 321.68
6549.38 324.97
6551.37 1.69
6553.38 316.8
6555.38 3.94
6557.37 315.43
6559.37 397.81
6561.38 0.72
6563.37 358.75
6565.37 0.74
6567.38 356.45
6569.37 286.85
6571.38 383.45
6573.38 0.67
6575.38 0.73
6577.37 416.11
6579.38 0.8
6581.38 401.41
6583.37 287.91
6585.38 0.54
6587.38 177.51
6589.38 0.79
6591.38 433.21
6593.37 175.13
6595.38 62.1
6597.37 207.51
6599.38 26.45
6601.38 340.39
6603.39 9.52
6605.38 363.95
6607.37 398.19
6609.38 0.7
6611.37 363.03
6613.38 0.78
6615.38 327.1
6617.39 270.66
6619.38 358.25
6621.37 235.15
6623.38 0.77
6625.37 320.8
6627.38 13.12
6629.37 344.72
6631.39 321.01
6633.39 0.73
6635.38 341.07
6637.38 0.73
6639.38 361.43
6641.39 345.09
6643.38 407.3
6645.39 310.66
6647.38 0.59
6649.38 232.5
6651.37 0.74
6653.39 306.9
6655.38 269.01
6657.39 0.86
6659.39 304.52
6661.38 13.79
6663.37 261.35
6665.39 272.99
6667.39 293.82
6669.38 207.41
6671.39 1.31
6673.38 194.87
6675.38 27.53
6677.39 235.15
6679.38 301.05
6681.39 0.74
6683.39 331.4
6685.38 0.77
6687.39 326.01
6689.39 321.31
6691.39 254.07
6693.38 347.98
6695.39 0.7
6697.39 383.57
6699.38 0.72
6701.39 322.33
6703.39 324.72
6705.39 0.68
6707.39 276.5
6709.39 20.17
6711.39 172.15
6713.39 270.21
6715.38 294.99
6717.38 7.17
6719.39 0.78
6721.4 296.43
6723.39 137.76
6725.39 65.39
6727.39 230.8
6729.39 0.69
6731.39 174.56
6733.63 15.28
6735.64 149.64
6737.4 213.62
6739.64 240.76
6741.64 194.08
6743.64 0.73
6745.64 205.75
6747.63 0.73
6749.64 239.42
6751.64 115.73
6753.64 13.32
6755.64 96.79
6757.64 0.75
6759.64 80.11
6761.65 1.43
6763.64 188.59
6765.64 254.18
6767.65 158.85
6769.64 249.16
6771.64 0.79
6773.64 217.54
6775.65 221.93
6777.65 148.91
6779.64 171.63
6781.64 0.76
6783.89 240.28
6785.89 0.68
6787.89 188.67
6789.9 271.33
6791.89 0.74
6793.89 222.35
6795.9 0.73
6797.89 144.13
6799.89 248.49
6801.89 150.05
6803.89 308.82
6805.89 18.88
6807.89 280.41
6809.9 20.31
6811.9 273.77
6813.9 273.77
6815.89 0.68
6817.9 252.71
6819.9 1.22
6821.9 221.86
6823.89 177.19
6825.9 246.04
6827.9 134.11
6829.89 0.64
6831.9 215.05
6833.91 14.98
6835.9 255.52
6837.9 199.34
6839.9 217.56
6841.9 282.77
6843.91 16.11
6845.91 268.15
6847.91 284.69
6849.9 313.36
6851.91 319.11
6853.9 28.42
6855.9 291.49
6857.9 19.12
6859.9 238.39
6861.89 335.75
6863.9 0.73
6865.9 320.59
6867.9 326.11
6869.9 319.34
6871.9 287.26
6873.91 288.03
6875.89 227.81
6877.9 2.29
6879.9 181.06
6881.9 0.98
6883.91 303.02
6885.91 323.48
6887.91 0.65
6889.9 291.51
6891.9 0.82
6893.91 334.67
6895.9 352.19
6897.9 299.64
6899.89 351.48
6901.91 2.06
6903.9 351.34
6905.91 0.69
6907.9 281.85
6909.9 366.09
6911.9 0.72
6913.91 306.55
6915.9 0.78
6917.9 307.18
6919.91 0.72
6921.91 425.47
6923.9 390.55
6925.91 0.73
6927.91 310.35
6929.9 1.56
6931.91 331.58
6933.91 247.93
6935.9 0.74
6937.91 330.67
6939.91 1.07
6941.9 311.64
6943.91 348.33
6945.9 172.49
6947.91 328.49
6949.91 0.76
6951.9 267.82
6953.91 0.61
6955.91 324.11
6957.91 115.57
6959.9 0.69
6961.91 359.34
6963.9 0.74
6965.9 235.25
6967.9 406.72
6969.91 325.08
6971.91 395.49
6974.16 0.66
6975.92 364.29
6978.16 0.68
6980.16 445.07
6982.16 467.25
6984.16 1.4
6986.15 474.04
6988.16 0.69
6990.17 429.49
6991.94 0.67
6994.17 511.13
6996.16 423.99
6998.16 0.68
7000.17 358.91
7002.16 0.66
7004.16 257.55
7006.16 423.78
7008.16 0.72
7010.17 283.77
7012.17 0.71
7014.16 373.34
7016.16 1.53
7018.18 238.04
7020.17 345.12
7022.17 0.69
7024.16 344.82
7026.17 0.73
7028.16 333.92
7030.17 301.85
7032.17 0.69
7034.16 342.35
7036.16 1.54
7038.16 232.66
7040.16 1.65
7042.17 319.57
7044.16 195.68
7046.16 1.45
7048.17 439.12
7050.16 0.65
7052.17 228.95
7054.16 323.6
7056.18 0.7
7058.17 389.51
7060.17 0.81
7062.18 304.16
7064.17 0.77
7066.17 478.63
7068.16 497.06
7070.18 0.78
7072.17 104.01
7074.17 0.58
7076.16 307.33
7078.17 321.44
7080.16 0.56
7082.17 300.35
7084.18 26.42
7086.17 126.07
7088.16 0.61
7090.18 306.45
7092.16 323.11
7094.17 0.65
7096.16 261.1
7098.16 0.77
7100.17 306.9
7102.16 355.17
7104.17 0.74
7106.17 325.04
7108.16 0.69
7110.18 191.61
7112.17 0.75
7114.17 358.69
7116.17 329.13
7118.17 0.83
7120.17 366.23
7122.18 2.04
7124.17 238.64
7126.16 315.83
7128.17 0.73
7130.17 344.39
7132.17 1.31
7134.18 368.14
7136.18 13.79
7138.18 368.53
7140.17 342.27
7142.18 0.67
7144.17 42.05
7146.18 61.74
7148.18 32.15
7150.17 38.13
7152.17 32.08
7154.17 33.91
7156.17 52.11
7158.17 55.88
7160.17 84.85
7162.18 84.47
7164.17 111.07
7166.17 77.48
7168.18 123.25
7170.17 0.71
7172.18 136.55
7174.18 204.49
7176.18 13.98
7178.18 210.31
7180.18 0.73
7182.18 223.5
7184.17 0.85
7186.18 212.95
7188.17 317.32
7190.17 0.62
7192.18 231.43
7194.18 0.66
7196.18 319.86
7198.17 282.05
7200.18 0.76
7202.18 298.67
7204.18 0.73
7206.17 321.51
7208.18 0.78
7210.19 338.55
7212.18 351.17
7214.18 0.73
7216.18 327.89
7218.18 0.73
7220.18 331.71
7222.43 135.31
7224.43 222.87
7226.44 252.42
7228.43 0.84
7230.44 329.38
7232.42 3.96
7234.43 430.28
7236.42 396.4
7238.44 0.87
7240.44 326.12
7242.43 0.67
7244.43 420.73
7246.44 370.5
7248.43 0.68
7250.43 403.15
7252.43 0.71
7254.44 360.1
7256.43 1.45
7258.43 219.32
7260.43 422.41
7262.43 0.69
7264.44 476.19
7266.43 0.57
7268.42 420.02
7270.43 328.04
7272.44 290.54
7274.44 307.86
7276.43 0.62
7278.44 230.42
7280.43 0.64
7282.44 160.62
7284.44 290.42
7286.44 0.65
7288.44 325.16
7290.43 316.66
7292.43 328.31
7294.44 310.58
7296.44 333.99
7298.44 332.85
7300.43 0.51
7302.43 344.92
7304.43 0.58
7306.44 328.5
7308.44 264.46
7310.43 0.72
7312.43 344.88
7314.44 1.29
7316.44 207.61
7318.44 340.31
7320.43 348.93
7322.44 302.9
7324.44 0.81
7326.44 338.56
7328.44 0.51
7330.44 412.57
7332.44 301.69
7334.44 0.64
7336.44 430.45
7338.44 1.62
7340.44 467.67
7342.44 392.98
7344.44 4.21
7346.45 0.77
7348.44 0.69
7350.44 223.16
7352.45 0.68
7354.44 143.85
7356.44 162.76
7358.44 0.83
7360.44 106.99
7362.44 0.7
7364.44 237.03
7366.44 260.16
7368.44 201.13
7370.45 256.46
7372.44 0.64
7374.45 70.48
7376.44 0.65
7378.45 258.16
7380.44 193.96
7382.44 0.71
7384.44 222.71
7386.44 0.56
7388.44 237.84
7390.44 194.75
7392.45 289.9
7394.45 244.35
7396.45 2.1
7398.45 306.02
7400.44 339.28
7402.46 160.8
7404.45 183.5
7406.45 0.7
7408.45 103.81
7410.44 21.88
7412.44 178.93
7414.44 194.77
7416.45 161.98
7418.44 102.29
7420.44 0.67
7422.45 216.97
7424.44 0.75
7426.45 212.01
7428.45 151.49
7430.44 0.67
7432.44 140.52
7434.45 0.81
7436.45 168.21
7438.45 163.0
7440.45 239.25
7442.45 274.95
7444.45 256.59
7446.45 287.26
7448.44 1.02
7450.44 343.09
7452.45 348.64
7454.44 0.72
7456.44 261.56
7458.46 0.64
7460.45 357.77
7462.45 416.98
7464.45 282.55
7466.46 342.49
7468.45 13.88
7470.45 330.79
7472.45 12.52
7474.7 362.94
7476.71 351.54
7478.71 5.29
7480.7 351.24
7482.7 0.65
7484.71 362.37
7486.49 0.68
7488.71 216.71
7490.71 351.29
7492.7 0.55
7494.7 430.48
7496.7 0.78
7498.7 363.8
7500.71 399.69
7502.7 0.68
7504.71 425.13
7506.7 0.72
7508.71 428.99
7510.7 24.19
7512.71 353.16
7514.71 334.29
7516.71 0.58
7518.71 153.16
7520.7 0.65
7522.7 208.52
7524.7 332.05
7526.7 330.79
7528.7 274.01
7530.7 0.82
7532.71 354.26
7534.71 0.64
7536.71 214.96
7538.7 349.88
7540.7 0.88
7542.71 413.99
7544.71 9.0
7546.7 183.81
7548.71 301.97
7550.7 0.72
7552.71 287.59
7554.7 0.83
7556.7 366.3
7558.71 0.9
7560.71 335.26
7562.72 272.97
7564.71 1.12
7566.71 208.03
7568.71 0.72
7570.71 354.76
7572.72 391.63
7574.71 364.29
7576.71 407.52
7578.71 0.7
7580.7 378.84
7582.71 0.67
7584.7 384.77
7586.71 420.89
7588.71 0.7
7590.71 319.21
7592.71 12.38
7594.71 351.75
7596.72 429.65
7598.72 321.27
7600.71 425.83
7602.7 0.66
7604.71 390.37
7606.7 0.75
7608.71 381.18
7610.72 442.35
7612.7 0.74
7614.71 464.13
7616.72 0.6
7618.72 347.23
7620.71 343.99
7622.72 314.11
7624.71 409.25
7626.72 0.71
7628.72 406.99
7630.71 0.69
7632.72 334.71
7634.72 413.32
7636.71 0.67
7638.72 87.74
7640.71 0.78
7642.72 281.27
7644.71 294.45
7646.72 294.45
7648.71 193.8
7650.72 3.3
7652.72 276.49
7654.72 0.77
7656.72 273.73
7658.71 216.18
7660.72 0.73
7662.72 273.04
7664.71 182.38
7666.71 20.41
7668.72 264.78
7670.72 0.74
7672.72 267.09
7674.71 0.72
7676.73 92.88
7678.72 0.72
7680.72 68.33
7682.72 163.53
7684.71 8.29
7686.72 167.26
7688.72 0.73
7690.73 150.64
7692.73 88.41
7694.71 0.75
7696.72 167.82
7698.72 181.3
7700.73 170.01
7702.73 6.2
7704.72 200.03
7706.72 179.53
7708.72 0.85
7710.71 160.56
7712.72 0.73
7714.73 172.88
7716.73 112.54
7718.73 231.12
7720.73 199.96
7722.73 0.67
7724.97 211.62
7726.73 0.74
7728.97 232.84
7730.97 240.69
7732.97 0.75
7734.98 204.34
7736.97 0.69
7738.97 128.6
7740.98 219.26
7742.98 0.72
7744.97 154.51
7746.97 0.83
7748.97 276.44
7750.97 0.67
7752.97 251.52
7754.97 286.65
7756.97 6.69
7758.98 193.53
7760.97 0.83
7762.98 90.77
7764.97 212.25
7766.98 94.58
7768.98 283.96
7770.97 0.65
7772.98 12.09
7774.98 11.93
7776.97 20.84
7778.99 36.82
7780.99 34.6
7782.97 43.0
7784.98 60.44
7786.97 47.67
7788.98 81.16
7790.98 74.23
7792.98 87.06
7794.99 94.37
7796.98 45.56
7798.97 91.87
7800.98 80.29
7802.97 108.8
7804.99 111.75
7806.98 92.36
7808.98 99.36
7810.98 102.45
7812.99 58.33
7814.98 115.95
7816.98 85.73
7818.97 0.61
7820.97 93.2
7822.98 0.58
7824.98 77.99
7826.97 117.88
7828.98 1.75
7830.98 67.63
7832.99 10.12
7834.98 74.03
7836.98 105.5
7838.98 130.48
7840.97 96.19
7842.98 22.57
7844.98 0.78
7846.99 0.54
7848.99 130.45
7850.99 143.28
7852.99 0.91
7854.99 102.04
7856.99 0.64
7858.98 84.97
7860.99 108.18
7862.98 115.52
7864.98 149.7
7866.98 0.71
7868.98 216.27
7870.98 0.72
7872.98 122.68
7874.99 28.46
7876.99 1.25
7878.98 246.08
7880.98 0.65
7882.98 223.79
7884.98 238.51
7886.99 96.66
7888.99 85.44
7890.99 0.86
7892.99 220.32
7894.99 9.03
7896.98 262.8
7898.99 260.79
7900.98 0.75
7902.99 269.23
7904.98 0.83
7906.99 60.98
7909.0 275.33
7910.99 219.05
7912.98 219.05
7914.99 0.74
7916.99 0.79
7918.98 1.39
7920.98 88.32
7922.99 146.55
7924.99 0.76
7926.99 83.8
7928.98 1.56
7930.99 52.25
7932.99 99.97
7934.99 109.25
7936.99 196.88
7938.99 1.03
7940.99 155.52
7942.98 24.3
7945.0 191.35
7946.99 157.96
7948.99 0.92
7951.0 166.66
7953.0 0.59
7954.99 81.49
7956.99 100.22
7959.0 164.99
7961.0 168.69
7963.0 9.61
7964.99 133.41
7967.0 0.67
7968.99 122.85
7971.24 137.36
7973.0 0.57
7974.99 121.34
7977.24 94.88
7979.24 94.88
7981.0 94.88
7983.24 124.74
7985.24 103.93
7987.25 0.84
7989.25 135.92
7991.24 0.86
7993.24 92.6
7995.25 120.23
7997.25 122.05
7999.24 94.93
8001.25 0.79
8003.24 66.37
8005.24 21.21
8007.24 92.34
8009.24 143.17
8011.24 85.74
8013.25 137.49
8015.24 2.91
8017.25 134.33
8019.25 138.03
8021.24 238.28
8023.24 227.7
8025.25 1.44
8027.25 251.87
8029.24 14.57
8031.25 191.3
8033.25 112.99
8035.25 0.79
8037.25 164.07
8039.26 0.68
8041.25 123.85
8043.25 131.61
8045.24 168.99
8047.25 168.15
8049.26 0.49
8051.25 119.11
8053.24 0.66
8055.25 222.59
8057.25 88.59
8059.25 0.73
8061.24 245.73
8063.25 0.72
8065.25 287.66
8067.25 120.11
8069.26 309.85
8071.26 83.17
8073.25 0.68
8075.26 256.39
8077.26 0.88
8079.25 160.28
8081.26 288.31
8083.25 0.56
8085.26 297.84
8087.26 0.89
8089.25 290.82
8091.25 280.14
8093.26 16.28
8095.25 313.42
8097.26 0.83
8099.26 323.45
8101.25 0.84
8103.25 58.37
8105.25 170.78
8107.25 0.84
8109.26 311.65
8111.25 0.72
8113.25 294.19
8115.26 222.73
8117.26 226.73
8119.25 269.64
8121.26 0.76
8123.26 317.08
8125.25 0.74
8127.26 314.88
8129.26 378.01
8131.26 1.21
8133.25 366.26
8135.26 20.78
8137.26 308.08
8139.26 248.81
8141.26 236.83
8143.26 129.7
8145.25 0.63
8147.25 199.78
8149.26 0.77
8151.26 29.42
8153.26 30.47
8155.25 0.73
8157.26 134.86
8159.26 121.84
8161.25 109.51
8163.26 108.93
8165.26 109.87
8167.25 103.63
8169.26 1.37
8171.26 154.73
8173.26 24.82
8175.26 138.24
8177.27 127.61
8179.26 0.87
8181.25 107.49
8183.26 8.88
8185.26 99.77
8187.26 97.88
8189.27 81.69
8191.26 85.68
8193.26 0.7
8195.26 38.58
8197.27 73.33
8199.26 105.77
8201.26 121.59
8203.27 89.63
8205.26 98.38
8207.26 0.65
8209.27 102.81
8211.26 147.42
8213.26 184.44
8215.27 104.14
8217.27 10.51
8219.52 114.93
8221.27 0.73
8223.26 181.44
8225.51 49.39
8227.51 0.82
8229.51 141.21
8231.52 0.66
8233.52 149.77
8235.3 0.73
8237.51 78.61
8239.52 96.32
8241.51 4.43
8243.51 89.58
8245.52 73.73
8247.51 97.92
8249.51 96.56
8251.51 0.68
8253.51 77.79
8255.52 0.79
8257.51 100.09
8259.52 91.84
8261.52 112.44
8263.51 76.93
8265.51 0.66
8267.52 99.01
8269.52 96.85
8271.51 96.85
8273.52 78.61
8275.52 92.34
8277.51 92.34
8279.51 98.64
8281.52 54.57
8283.52 97.3
8285.53 76.52
8287.52 105.35
8289.52 87.63
8291.52 67.05
8293.52 104.09
8295.51 82.07
8297.52 64.32
8299.51 50.06
8301.52 115.1
8303.53 82.44
8305.52 81.82
8307.52 103.81
8309.53 70.22
8311.53 75.1
8313.52 0.73
8315.52 64.35
8317.52 113.66
8319.52 71.95
8321.52 62.56
8323.53 87.01
8325.53 126.34
8327.53 94.03
8329.52 94.03
8331.52 23.33
8333.53 84.48
8335.52 134.92
8337.53 119.46
8339.53 73.05
8341.52 0.82
8343.52 113.84
8345.52 97.56
8347.53 0.72
8349.52 126.17
8351.52 98.68
8353.53 91.59
8355.53 95.76
8357.53 93.09
8359.52 131.02
8361.52 0.69
8363.52 113.13
8365.53 0.73
8367.53 173.18
8369.52 182.55
8371.52 0.74
8373.53 43.13
8375.53 0.74
8377.52 185.72
8379.53 0.7
8381.53 105.5
8383.52 149.85
8385.53 0.75
8387.53 117.09
8389.52 0.83
8391.52 150.16
8393.52 58.1
8395.53 0.72
8397.52 85.62
8399.53 0.66
8401.53 88.39
8403.53 66.62
8405.52 97.64
8407.53 63.66
8409.53 1.34
8411.52 54.16
8413.54 0.63
8415.54 70.4
8417.53 68.79
8419.52 82.57
8421.53 67.47
8423.52 89.53
8425.52 96.03
8427.53 108.52
8429.54 81.94
8431.54 106.53
8433.53 72.64
8435.52 90.65
8437.52 74.47
8439.54 88.41
8441.53 103.0
8443.53 78.94
8445.53 55.54
8447.54 96.16
8449.54 71.75
8451.53 70.37
8453.53 106.95
8455.53 109.89
8457.54 50.98
8459.53 103.04
8461.54 108.62
8463.53 56.79
8465.53 75.52
8467.54 74.68
8469.53 89.1
8471.54 30.1
8473.54 55.1
8475.78 73.28
8477.79 79.88
8479.79 104.15
8481.78 104.15
8483.79 98.95
8485.78 97.23
8487.79 97.23
8489.79 0.75
8491.79 80.06
8493.79 70.4
8495.79 70.4
8497.79 70.4
8499.79 70.4
8501.78 72.84
8503.78 61.55
8505.79 49.53
8507.79 58.41
8509.78 55.44
8511.79 82.67
8513.78 44.88
8515.79 79.61
8517.79 92.04
8519.79 74.62
8521.78 86.12
8523.78 125.09
8525.79 123.84
8527.78 113.3
8529.78 0.72
8531.79 74.43
8533.79 113.34
8535.79 113.34
8537.79 95.34
8539.78 113.92
8541.8 82.55
8543.79 84.91
8545.8 107.57
8547.79 0.86
8549.79 127.6
8551.78 181.59
8553.79 178.77
8555.79 128.21
8557.79 0.75
8559.8 174.18
8561.79 236.28
8563.79 171.84
8565.8 83.48
8567.79 0.71
8569.79 92.08
8571.79 0.65
8573.79 130.52
8575.79 117.3
8577.79 1.58
8579.79 135.97
8581.79 0.72
8583.79 168.82
8585.8 153.78
8587.8 168.3
8589.79 162.21
8591.8 9.46
8593.79 124.82
8595.8 4.16
8597.8 109.62
8599.79 80.45
8601.79 131.67
8603.79 86.01
8605.8 62.46
8607.8 138.19
8609.79 134.08
8611.8 73.54
8613.8 155.58
8615.79 0.75
8617.79 147.34
8619.8 0.73
8621.8 142.47
8623.8 102.16
8625.8 0.87
8627.8 140.91
8629.79 7.63
8631.8 114.1
8633.8 110.98
8635.79 90.08
8637.8 138.66
8639.8 138.66
8641.8 104.57
8643.8 104.53
8645.79 95.51
8647.79 135.06
8649.79 0.7
8651.81 130.18
8653.8 0.65
8655.79 95.27
8657.8 132.17
8659.8 84.49
8661.8 116.1
8663.8 88.21
8665.8 128.44
8667.8 62.52
8669.8 68.57
8671.81 94.31
8673.81 85.37
8675.8 68.0
8677.8 99.4
8679.81 127.74
8681.8 103.83
8683.8 95.51
8685.8 91.47
8687.8 0.73
8689.8 100.77
8691.81 0.82
8693.81 100.05
8695.8 100.12
8697.81 1.66
8699.81 123.44
8701.8 0.58
8703.8 80.86
8705.8 115.42
8707.8 202.0
8709.79 84.46
8711.8 0.65
8713.8 164.38
8715.8 0.73
8717.81 177.47
8719.8 156.56
8721.8 0.9
8724.05 176.3
8726.05 0.74
8727.81 207.76
8729.84 0.68
8732.06 226.11
8734.05 190.97
8736.06 0.62
8738.07 173.07
8740.06 0.72
8742.05 104.38
8744.06 65.84
8746.05 7.56
8748.06 60.78
8750.06 100.12
8752.06 100.12
8754.06 65.14
8756.06 55.49
8758.07 64.61
8760.06 53.74
8762.06 72.03
8764.06 110.43
8766.06 110.43
8768.06 99.88
8770.06 62.7
8772.06 98.04
8774.06 90.08
8776.06 116.48
8778.06 127.24
8780.06 121.7
8782.07 100.68
8784.06 119.42
8786.06 137.22
8788.06 137.22
8790.06 75.46
8792.06 113.95
8794.07 12.5
8796.06 85.04
8798.06 121.97
8800.07 105.28
8802.05 41.92
8804.06 92.6
8806.06 93.76
8808.06 106.29
8810.06 106.29
8812.06 0.38
8814.06 76.64
8816.06 40.15
8818.06 138.76
8820.06 117.52
8822.06 0.68
8824.06 140.55
8826.06 0.73
8828.06 8.61
8830.07 12.21
8832.06 15.79
8834.06 16.79
8836.06 16.92
8838.06 19.78
8840.07 20.82
8842.07 30.22
8844.07 25.03
8846.06 34.62
8848.06 47.66
8850.06 39.93
8852.06 64.38
8854.07 59.43
8856.06 48.69
8858.07 71.63
8860.07 60.98
8862.07 55.27
8864.07 79.57
8866.07 63.92
8868.06 75.34
8870.07 74.24
8872.07 101.23
8874.06 66.68
8876.07 52.96
8878.07 110.94
8880.06 49.18
8882.06 110.77
8884.07 96.48
8886.07 96.48
8888.08 57.74
8890.07 94.22
8892.07 52.65
8894.07 78.09
8896.07 52.26
8898.07 83.53
8900.07 112.38
8902.07 67.18
8904.08 0.85
8906.07 92.79
8908.07 80.82
8910.08 128.74
8912.08 99.42
8914.07 82.17
8916.08 101.76
8918.07 110.65
8920.07 146.34
8922.08 8.22
8924.08 115.47
8926.07 106.43
8928.07 0.71
8930.07 66.82
8932.07 86.15
8934.06 109.37
8936.08 109.37
8938.07 111.87
8940.07 74.58
8942.07 0.72
8944.07 54.66
8946.08 90.96
8948.08 122.38
8950.08 79.91
8952.08 116.59
8954.08 84.87
8956.07 94.4
8958.07 85.45
8960.08 97.55
8962.08 59.51
8964.08 96.54
8966.08 59.86
8968.07 140.3
8970.07 118.69
8972.08 93.35
8974.08 82.18
8976.09 5.04
8978.08 103.62
8980.33 5.1
8982.33 80.28
8984.09 68.93
8986.33 66.41
8988.33 67.53
8990.32 67.97
8992.33 108.61
8994.32 98.98
8996.32 87.47
8998.34 59.93
9000.33 123.03
9002.33 94.92
9004.32 84.58
9006.32 119.87
9008.33 80.96
9010.33 82.69
9012.32 108.31
9014.32 12.04
9016.33 90.3
9018.32 0.73
9020.33 72.29
9022.33 73.43
9024.33 111.28
9026.33 110.45
9028.34 65.63
9030.34 104.14
9032.33 0.73
9034.34 86.31
9036.33 54.95
9038.34 64.9
9040.33 76.64
9042.33 98.32
9044.34 83.55
9046.34 99.24
9048.32 125.38
9050.34 145.11
9052.32 25.05
9054.33 110.59
9056.34 0.73
9058.34 98.75
9060.33 76.74
9062.33 0.61
9064.34 161.76
9066.34 0.77
9068.34 170.5
9070.34 106.03
9072.34 0.78
9074.34 134.2
9076.34 0.73
9078.34 165.14
9080.34 23.56
9082.34 123.19
9084.34 141.04
9086.34 0.65
9088.34 149.52
9090.33 0.72
9092.34 203.48
9094.35 200.64
9096.34 1.12
9098.34 132.65
9100.33 0.68
9102.33 194.97
9104.33 0.68
9106.34 146.6
9108.34 196.52
9110.34 24.45
9112.34 15.42
9114.33 29.68
9116.34 20.05
9118.34 41.11
9120.34 41.27
9122.34 32.12
9124.34 58.52
9126.34 74.36
9128.33 64.28
9130.35 78.63
9132.33 77.37
9134.33 52.29
9136.34 63.9
9138.34 63.84
9140.6 46.79
9142.34 66.95
9144.34 68.47
9146.35 87.57
9148.33 75.18
9150.35 68.99
9152.34 79.03
9154.34 61.23
9156.34 69.54
9158.34 52.19
9160.35 92.7
9162.35 85.62
9164.34 102.68
9166.34 75.67
9168.34 127.92
9170.34 84.11
9172.35 0.68
9174.35 103.61
9176.34 5.36
9178.34 63.82
9180.34 102.63
9182.35 0.67
9184.34 93.93
9186.34 0.76
9188.35 111.63
9190.34 131.53
9192.35 0.81
9194.34 81.44
9196.34 0.79
9198.35 132.36
9200.34 0.7
9202.35 175.05
9204.35 197.49
9206.34 0.76
9208.35 143.89
9210.34 145.56
9212.34 173.44
9214.35 182.97
9216.35 0.7
9218.34 123.82
9220.34 0.76
9222.35 138.38
9224.35 0.73
9226.35 126.26
9228.35 180.11
9230.6 143.63
9232.59 139.06
9234.6 0.68
9236.6 100.55
9238.6 166.62
9240.6 202.53
9242.6 112.81
9244.61 1.33
9246.6 125.38
9248.6 10.07
9250.61 187.67
9252.6 214.28
9254.61 0.69
9256.6 210.88
9258.61 1.51
9260.6 214.54
9262.61 146.52
9264.6 169.64
9266.6 105.46
9268.61 115.02
9270.61 120.73
9272.6 0.73
9274.61 261.09
9276.61 238.94
9278.6 1.07
9280.59 223.73
9282.6 0.84
9284.61 168.27
9286.6 185.73
9288.6 20.66
9290.61 114.92
9292.6 0.7
9294.6 200.86
9296.6 0.76
9298.61 185.39
9300.6 203.49
9302.6 0.73
9304.61 205.18
9306.6 0.74
9308.6 144.98
9310.61 242.79
9312.6 161.59
9314.61 120.75
9316.61 129.26
9318.61 230.34
9320.6 0.71
9322.61 193.84
9324.61 103.92
9326.6 0.8
9328.6 162.3
9330.61 0.78
9332.61 150.91
9334.6 165.46
9336.6 17.9
9338.61 77.21
9340.61 0.71
9342.6 191.4
9344.61 18.15
9346.6 102.1
9348.61 118.71
9350.61 0.83
9352.61 118.6
9354.61 0.85
9356.61 186.76
9358.61 152.97
9360.6 200.53
9362.61 95.05
9364.62 0.65
9366.61 236.99
9368.6 0.73
9370.6 251.82
9372.61 130.02
9374.61 5.96
9376.62 117.84
9378.61 0.6
9380.61 157.89
9382.61 285.19
9384.6 226.43
9386.62 194.9
9388.61 158.7
9390.61 181.03
9392.61 11.16
9394.61 180.85
9396.61 200.74
9398.6 0.78
9400.62 157.71
9402.61 19.9
9404.6 209.33
9406.61 143.75
9408.62 164.14
9410.62 205.75
9412.61 0.66
9414.62 211.25
9416.61 0.67
9418.61 90.71
9420.62 212.87
9422.62 1.25
9424.62 165.44
9426.61 0.78
9428.61 139.99
9430.62 181.72
9432.61 201.05
9434.61 203.32
9436.61 15.98
9438.61 224.09
9440.61 0.41
9442.62 124.99
9444.61 55.57
9446.62 0.61
9448.62 151.16
9450.61 2.38
9452.61 175.44
9454.62 140.63
9456.61 173.69
9458.61 168.49
9460.62 1.47
9462.61 85.0
9464.62 0.83
9466.62 183.72
9468.61 90.6
9470.62 0.87
9472.62 122.76
9474.87 0.87
9476.87 91.25
9478.64 0.75
9480.87 101.52
9482.87 143.84
9484.87 16.16
9486.87 116.0
9488.88 0.59
9490.86 140.23
9492.88 118.02
9494.87 128.9
9496.87 162.2
9498.88 0.7
9500.87 125.07
9502.65 9.55
9504.86 128.64
9506.87 113.18
9508.87 0.66
9510.87 201.2
9512.86 155.04
9514.87 200.41
9516.87 178.11
9518.86 108.53
9520.88 180.24
9522.87 0.63
9524.87 123.7
9526.87 0.63
9528.87 170.07
9530.88 170.07
9532.87 11.87
9534.87 100.11
9536.88 1.21
9538.87 111.9
9540.87 178.04
9542.87 0.76
9544.88 77.75
9546.88 0.66
9548.87 167.36
9550.87 10.93
9552.88 123.12
9554.88 162.13
9556.88 0.75
9558.87 104.4
9560.87 0.68
9562.88 176.02
9564.88 73.8
9566.87 113.26
9568.88 126.88
9570.87 0.72
9572.88 159.4
9574.87 97.32
9576.87 199.81
9578.88 150.4
9580.88 0.65
9582.88 134.73
9584.88 0.71
9586.88 149.98
9588.87 108.84
9590.88 10.32
9592.88 85.61
9594.88 0.72
9596.88 161.33
9598.88 0.67
9600.88 43.39
9602.89 97.8
9604.89 0.7
9606.88 83.65
9608.87 0.84
9610.88 171.13
9612.87 114.49
9614.87 152.5
9616.89 176.43
9618.88 0.72
9620.88 201.07
9622.89 206.98
9624.88 201.59
9626.88 148.31
9628.88 0.82
9630.88 152.56
9632.87 0.76
9634.89 145.74
9636.88 181.37
9638.88 0.82
9640.88 99.26
9642.89 0.71
9644.89 147.93
9646.88 0.8
9648.88 233.36
9650.89 168.05
9652.88 0.73
9654.88 148.94
9656.89 0.88
9658.88 198.87
9660.88 176.36
9662.89 7.48
9664.88 196.36
9666.88 0.63
9668.88 86.54
9670.89 0.85
9672.89 110.71
9674.89 113.54
9676.88 52.6
9678.89 92.56
9680.88 120.21
9682.88 69.76
9684.89 69.34
9686.88 114.34
9688.9 76.65
9690.89 110.15
9692.89 96.83
9694.88 89.83
9696.89 120.05
9698.89 110.59
9700.89 91.33
9702.89 96.46
9704.89 0.72
9706.88 136.16
9708.89 84.22
9710.88 6.02
9712.89 91.72
9714.89 88.15
9716.89 122.48
9718.89 96.0
9720.89 115.23
9722.89 82.74
9724.89 98.07
9727.14 93.3
9728.9 78.22
9731.14 113.01
9733.14 148.3
9735.13 148.77
9737.13 105.45
9739.14 0.71
9741.15 118.44
9743.14 0.81
9745.15 107.18
9747.14 132.09
9749.15 0.67
9751.15 152.12
9753.14 0.73
9755.15 160.07
9757.14 100.78
9759.14 105.63
9761.15 155.45
9763.14 0.63
9765.15 89.05
9767.14 0.82
9769.14 84.81
9771.14 143.25
9773.14 0.67
9775.14 139.08
9777.14 0.67
9779.14 86.08
9781.14 113.0
9783.14 86.1
9785.15 105.47
9787.14 0.78
9789.14 115.35
9791.15 0.93
9793.14 110.87
9795.15 103.52
9797.14 0.78
9799.14 196.02
9801.15 15.7
9803.15 26.28
9805.15 22.92
9807.14 34.53
9809.15 51.03
9811.14 52.95
9813.15 33.8
9815.14 32.48
9817.15 49.96
9819.15 40.87
9821.15 54.65
9823.15 84.3
9825.14 50.13
9827.14 85.22
9829.15 75.65
9831.15 63.0
9833.15 86.27
9835.15 79.91
9837.15 56.59
9839.15 46.23
9841.16 48.38
9843.15 90.28
9845.15 66.14
9847.15 59.79
9849.15 59.02
9851.14 47.35
9853.14 98.23
9855.16 108.56
9857.15 50.28
9859.16 79.55
9861.15 85.91
9863.15 0.37
9865.15 85.0
9867.16 47.32
9869.15 0.85
9871.14 106.64
9873.15 0.65
9875.15 117.7
9877.15 105.44
9879.16 126.37
9881.15 138.49
9883.15 5.29
9885.15 76.17
9887.16 0.76
9889.16 65.12
9891.16 126.48
9893.15 169.56
9895.15 145.3
9897.16 0.61
9899.15 95.52
9901.16 164.09
9903.15 120.42
9905.15 138.96
9907.15 144.45
9909.16 84.47
9911.15 20.64
9913.15 181.56
9915.15 223.26
9917.16 0.66
9919.15 175.07
9921.14 1.62
9923.16 214.09
9925.16 116.87
9927.15 197.29
9929.16 150.92
9931.16 0.77
9933.16 88.23
9935.16 0.8
9937.15 112.1
9939.15 79.86
9941.16 0.74
9943.16 150.45
9945.16 0.68
9947.15 141.6
9949.15 118.47
9951.16 217.76
9953.15 214.56
9955.17 0.76
9957.16 102.8
9959.16 0.66
9961.16 207.01
9963.16 186.68
9965.16 0.67
9967.16 171.69
9969.15 0.75
9971.17 155.78
9973.16 193.19
9975.16 185.72
9977.4 101.95
9979.16 0.69
9981.41 180.99
9983.41 0.61
9985.41 147.57
9987.41 128.13
9989.41 133.71
9991.4 177.31
9993.41 0.73
9995.41 183.26
9997.19 0.72
9999.4 151.78
10001.41 163.87
10003.41 0.74
10005.41 165.25
10007.41 0.79
10009.42 228.5
10011.41 218.31
10013.42 185.53
10015.41 224.78
10017.41 0.72
10019.41 172.16
10021.42 0.7
10023.41 132.4
10025.42 108.16
10027.41 0.66
10029.42 186.53
10031.41 0.72
10033.42 116.58
10035.41 98.39
10037.41 129.31
10039.41 138.94
10041.41 0.8
10043.42 167.63
10045.42 19.22
10047.41 190.61
10049.42 191.94
10051.42 3.42
10053.42 129.43
10055.42 19.45
10057.42 97.38
10059.42 190.1
10061.41 70.1
10063.42 180.1
10065.42 0.68
10067.42 140.39
10069.41 0.74
10071.42 111.17
10073.41 111.17
10075.42 0.7
10077.41 70.7
10079.41 0.78
10081.41 137.8
10083.41 91.15
10085.41 140.89
10087.42 73.74
10089.42 0.58
10091.41 153.5
10093.42 0.74
10095.42 125.84
10097.42 153.97
10099.42 0.64
10101.42 152.56
10103.42 8.07
10105.42 215.41
10107.42 204.95
10109.42 220.18
10111.42 257.14
10113.42 0.73
10115.42 278.92
10117.42 1.49
10119.42 235.43
10121.42 204.59
10123.43 0.54
10125.42 260.69
10127.42 0.76
10129.43 83.67
10131.43 121.58
10133.42 33.14
10135.42 138.69
10137.43 80.4
10139.43 145.44
10141.42 0.79
10143.42 97.98
10145.43 92.0
10147.43 0.77
10149.42 176.74
10151.43 0.72
10153.42 136.53
10155.43 105.33
10157.42 181.45
10159.42 59.75
10161.43 0.62
10163.43 115.37
10165.43 0.73
10167.43 116.0
10169.42 215.31
10171.42 0.7
10173.42 78.78
10175.43 0.63
10177.43 138.62
10179.44 179.62
10181.43 228.6
10183.42 176.51
10185.42 0.73
10187.44 129.13
10189.43 1.33
10191.43 240.56
10193.42 258.23
10195.43 0.61
10197.43 124.83
10199.43 0.66
10201.43 228.01
10203.42 272.84
10205.44 278.71
10207.43 56.69
10209.42 0.69
10211.43 205.43
10213.43 207.28
10215.43 188.9
10217.43 111.38
10219.44 0.68
10221.43 123.57
10223.43 0.66
10225.68 100.74
10227.46 1.64
10229.68 186.25
10231.68 136.99
10233.68 0.78
10235.69 162.99
10237.68 3.83
10239.68 146.0
10241.68 147.4
10243.68 0.77
10245.68 124.51
10247.69 0.79
10249.68 104.42
10251.46 2.19
10253.68 129.59
10255.68 98.43
10257.68 0.79
10259.69 199.92
10261.69 0.75
10263.68 208.46
10265.68 87.93
10267.68 1.61
10269.69 144.84
10271.68 0.68
10273.69 119.3
10275.68 0.8
10277.69 86.0
10279.68 188.93
10281.68 0.9
10283.69 159.82
10285.69 0.69
10287.69 158.49
10289.69 93.42
10291.68 6.91
10293.69 195.04
10295.69 0.67
10297.7 92.32
10299.69 22.15
10301.69 18.97
10303.68 39.38
10305.69 48.36
10307.69 36.09
10309.68 54.26
10311.68 47.26
10313.69 53.36
10315.69 63.99
10317.69 33.94
10319.7 47.56
10321.7 40.73
10323.68 69.61
10325.68 70.04
10327.7 56.53
10329.69 70.78
10331.69 47.81
10333.7 48.8
10335.69 125.56
10337.68 99.41
10339.7 97.03
10341.69 107.77
10343.68 0.66
10345.7 69.34
10347.7 0.81
10349.69 80.33
10351.7 86.35
10353.69 0.72
10355.69 4.97
10357.7 8.55
10359.68 12.28
10361.7 15.49
10363.69 34.84
10365.69 40.77
10367.69 33.18
10369.69 37.99
10371.69 50.14
10373.69 73.66
10375.69 79.62
10377.68 60.05
10379.69 89.41
10381.7 102.16
10383.7 85.37
10385.68 66.95
10387.7 98.84
10389.69 80.96
10391.7 0.51
10393.7 96.14
10395.7 0.66
10397.69 123.57
10399.7 87.71
10401.69 90.45
10403.7 131.76
10405.69 92.72
10407.7 112.46
10409.7 103.23
10411.69 0.69
10413.7 92.91
10415.7 0.64
10417.69 123.95
10419.69 12.13
10421.7 134.08
10423.7 103.98
10425.7 114.98
10427.7 109.69
10429.7 109.69
10431.69 48.44
10433.7 59.67
10435.7 82.09
10437.69 105.76
10439.7 142.18
10441.69 110.48
10443.7 98.53
10445.7 108.2
10447.69 86.01
10449.7 0.66
10451.71 117.89
10453.7 0.62
10455.7 141.09
10457.7 94.42
10459.7 155.52
10461.69 173.0
10463.7 9.77
10465.71 95.89
10467.7 0.72
10469.7 88.2
10471.7 84.21
10473.94 0.72
10475.71 50.72
10477.7 0.73
10479.95 98.42
10481.95 125.6
10483.95 99.42
10485.95 117.48
10487.96 0.73
10489.95 124.62
10491.94 1.28
10493.95 200.7
10495.95 168.35
10497.94 0.63
10499.95 205.93
10501.96 159.79
10503.96 163.95
10505.95 216.47
10507.94 0.59
10509.96 117.14
10511.95 0.73
10513.96 49.78
10515.96 0.76
10517.96 196.04
10519.96 207.2
10521.95 0.66
10523.95 112.92
10525.95 0.79
10527.96 92.68
10529.95 48.47
10531.95 84.97
10533.96 61.3
10535.96 86.28
10537.96 98.8
10539.96 0.79
10541.96 96.67
10543.96 117.76
10545.95 67.9
10547.96 82.87
10549.96 95.64
10551.96 81.21
10553.95 80.1
10555.96 68.6
10557.96 136.08
10559.95 8.66
10561.96 165.56
10563.96 0.84
10565.97 218.05
10567.96 69.9
10569.96 0.72
10571.96 133.71
10573.97 0.68
10575.96 165.16
10577.96 212.29
10579.96 242.19
10581.96 150.83
10583.97 0.83
10585.97 171.1
10587.96 0.76
10589.95 192.92
10591.97 252.55
10593.97 0.79
10595.96 283.23
10597.97 0.71
10599.97 219.48
10601.97 290.52
10603.96 189.77
10605.96 93.02
10607.96 16.34
10609.96 258.1
10611.97 0.81
10613.97 210.16
10615.97 244.2
10617.96 0.84
10619.96 154.42
10621.96 0.71
10623.96 285.15
10625.96 272.38
10627.97 182.45
10629.97 117.17
10631.96 0.72
10633.96 165.5
10635.97 3.0
10637.96 144.25
10639.97 101.97
10641.96 1.66
10643.97 181.48
10645.96 0.69
10647.97 123.58
10649.97 137.0
10651.97 225.2
10653.97 215.6
10655.97 0.88
10657.97 212.38
10659.96 12.98
10661.96 152.23
10663.96 91.71
10665.97 0.64
10667.97 137.82
10669.97 0.8
10671.97 135.75
10673.97 163.06
10675.97 220.62
10677.98 162.32
10679.97 0.81
10681.97 228.89
10683.97 0.75
10685.97 142.0
10687.97 203.94
10689.96 0.75
10691.98 188.08
10693.97 1.23
10695.96 243.7
10697.96 242.11
10699.97 214.08
10701.96 206.64
10703.97 0.57
10705.97 76.18
10707.97 0.67
10709.97 250.97
10711.96 215.39
10713.97 0.87
10715.97 216.11
10717.98 0.68
10719.97 259.16
10721.97 272.58
10723.97 151.1
10726.23 288.03
10728.22 0.69
10729.98 264.43
10732.22 16.32
10734.22 25.3
10736.22 23.68
10738.22 24.36
10740.21 20.51
10742.22 37.83
10744.22 45.64
10746.0 57.5
10748.22 37.44
10750.23 36.09
10752.22 69.27
10754.23 52.06
10756.23 48.77
10758.23 103.19
10760.22 62.61
10762.22 67.37
10764.23 92.03
10766.23 112.01
10768.23 105.76
10770.22 83.4
10772.22 129.36
10774.22 89.2
10776.22 103.98
10778.22 96.83
10780.23 119.25
10782.22 78.66
10784.23 87.31
10786.23 82.15
10788.22 119.89
10790.23 0.73
10792.22 100.96
10794.24 0.85
10796.23 137.84
10798.23 90.83
10800.23 0.72
10802.23 143.48
10804.23 0.54
10806.23 117.88
10808.24 155.34
10810.23 126.51
10812.23 132.43
10814.23 0.73
10816.22 99.36
10818.23 0.58
10820.23 139.56
10822.22 82.3
10824.23 0.78
10826.24 73.53
10828.23 3.93
10830.23 0.87
10832.22 83.72
10834.23 112.15
10836.24 55.56
10838.23 0.79
10840.23 122.05
10842.24 0.78
10844.23 122.12
10846.23 111.49
10848.23 0.72
10850.24 17.72
10852.23 0.72
10854.23 116.27
10856.23 185.42
10858.23 197.47
10860.23 190.61
10862.23 0.7
10864.23 176.27
10866.24 0.72
10868.23 109.48
10870.23 197.42
10872.23 0.64
10874.23 132.91
10876.23 0.7
10878.24 135.95
10880.24 183.0
10882.23 166.37
10884.24 166.37
10886.24 0.68
10888.24 224.48
10890.24 0.8
10892.23 214.07
10894.25 229.56
10896.23 238.75
10898.24 143.59
10900.24 0.72
10902.23 227.9
10904.24 118.86
10906.23 244.46
10908.24 188.71
10910.24 1.31
10912.23 242.01
10914.23 219.24
10916.23 126.3
10918.25 281.93
10920.25 0.67
10922.24 232.26
10924.25 0.6
10926.24 275.48
10928.23 312.37
10930.25 213.2
10932.24 122.37
10934.24 0.66
10936.24 66.7
10938.23 103.74
10940.25 122.08
10942.24 69.62
10944.24 100.79
10946.25 85.52
10948.24 0.58
10950.23 41.31
10952.24 111.92
10954.25 90.93
10956.25 108.13
10958.26 0.68
10960.24 136.9
10962.24 0.61
10964.24 71.41
10966.25 96.32
10968.24 0.78
10970.24 117.97
10972.24 117.97
10974.24 92.33
10976.27 0.65
10978.49 61.42
10980.49 76.45
10982.25 69.51
10984.5 112.88
10986.5 0.73
10988.49 108.5
10990.5 112.52
10992.49 0.88
10994.5 100.88
10996.49 0.77
10998.49 105.27
11000.28 0.81
11002.5 110.25
11004.5 14.89
11006.5 0.59
11008.5 120.7
11010.5 5.87
11012.5 160.79
11014.49 271.83
11016.49 0.7
11018.5 120.95
11020.51 0.77
11022.5 92.07
11024.45 0.35
11026.5 174.38
11028.5 116.29
11030.49 0.68
11032.5 148.43
11034.5 0.74
11036.5 167.18
11038.49 126.02
11040.49 164.71
11042.5 171.2
11044.49 0.59
11046.51 101.24
11048.5 1.29
11050.5 181.5
11052.5 167.06
11054.5 0.78
11056.5 68.27
11058.5 1.6
11060.5 220.73
11062.51 220.33
11064.49 0.73
11066.5 250.82
11068.5 0.64
11070.5 200.68
11072.51 1.29
11074.51 235.33
11076.51 105.64
11078.5 1.11
11080.51 124.55
11082.5 0.86
11084.51 75.48
11086.51 211.03
11088.5 1.67
11090.5 120.56
11092.5 17.87
11094.51 234.0
11096.51 0.57
11098.5 68.11
11100.51 284.54
11102.51 0.83
11104.5 288.11
11106.5 0.58
11108.51 254.15
11110.51 3.29
11112.5 1.31
11114.5 254.07
11116.5 71.45
11118.5 0.73
11120.5 30.81
11122.51 0.77
11124.51 0.77
11126.5 28.16
11128.51 29.87
11130.51 28.88
11132.51 16.1
11134.51 21.01
11136.51 19.17
11138.51 19.19
11140.51 26.37
11142.51 32.28
11144.51 20.7
11146.5 20.7
11148.52 23.86
11150.51 27.24
11152.5 25.63
11154.51 34.72
11156.51 28.25
11158.52 27.1
11160.47 46.8
11162.51 54.27
11164.51 66.28
11166.5 66.28
11168.52 57.22
11170.51 33.24
11172.51 65.97
11174.51 70.91
11176.52 40.91
11178.51 72.45
11180.5 77.96
11182.51 71.57
11184.52 52.68
11186.51 110.62
11188.51 18.24
11190.52 144.44
11192.52 154.09
11194.51 102.14
11196.5 106.89
11198.52 0.7
11200.52 121.89
11202.52 16.37
11204.51 103.11
11206.51 92.32
11208.51 0.76
11210.51 173.51
11212.52 0.78
11214.52 189.88
11216.52 0.65
11218.52 135.3
11220.52 196.16
11222.52 0.68
11224.77 212.4
11226.52 93.84
11228.76 45.81
11230.77 88.82
11232.76 92.07
11234.52 62.2
11236.77 42.01
11238.76 75.22
11240.77 62.96
11242.76 89.26
11244.77 62.11
11246.77 83.84
11248.76 94.92
11250.76 72.73
11252.77 63.61
11254.77 64.76
11256.76 70.81
11258.77 83.14
11260.77 65.27
11262.77 104.4
11264.77 55.69
11266.76 74.19
11268.77 117.69
11270.77 109.59
11272.77 82.02
11274.76 82.02
11276.77 82.02
11278.77 56.21
11280.77 67.4
11282.77 67.4
11284.77 97.47
11286.77 138.03
11288.77 0.63
11290.78 77.42
11292.77 179.02
11294.77 2.82
11296.77 181.53
11298.77 0.66
11300.78 145.53
11302.77 123.7
11304.77 131.65
11306.77 179.24
11308.77 10.82
11310.77 130.51
11312.77 203.98
11314.78 162.76
11316.78 158.22
11318.77 0.77
11320.78 184.27
11322.78 0.69
11324.78 138.87
11326.78 203.43
11328.78 10.93
11330.78 190.72
11332.77 0.61
11334.77 220.05
11336.78 0.73
11338.78 148.03
11340.77 218.48
11342.78 0.66
11344.77 204.54
11346.78 0.71
11348.77 218.68
11350.77 136.9
11352.78 206.75
11354.78 151.67
11356.77 0.76
11358.78 197.13
11360.78 172.56
11362.77 92.44
11364.78 223.98
11366.77 1.17
11368.78 155.86
11370.77 0.71
11372.78 104.31
11374.78 98.66
11376.77 71.14
11378.78 130.14
11380.77 0.77
11382.79 138.48
11384.78 0.67
11386.77 262.23
11388.78 197.49
11390.78 0.7
11392.78 126.89
11394.78 0.7
11396.77 60.81
11398.8 244.54
11400.78 243.35
11402.78 180.73
11404.78 0.74
11406.78 138.32
11408.78 0.73
11410.78 211.18
11412.77 172.5
11414.79 0.64
11416.78 197.29
11418.78 5.58
11420.79 270.39
11422.78 214.0
11424.79 279.85
11426.79 232.12
11428.79 0.7
11430.79 199.89
11432.78 4.12
11434.79 241.91
11436.79 289.66
11438.78 0.76
11440.78 195.06
11442.79 18.85
11444.78 138.01
11446.78 44.25
11448.78 193.59
11450.78 165.83
11452.79 0.65
11454.78 189.23
11456.78 0.79
11458.79 154.3
11460.78 116.61
11462.79 1.38
11464.79 185.34
11466.78 189.2
11468.79 104.72
11470.79 181.36
11472.78 120.82
11474.79 47.64
11476.79 0.71
11479.03 76.68
11481.04 27.09
11482.79 40.1
11485.04 43.08
11487.03 78.09
11489.03 51.37
11491.04 73.82
11493.03 82.12
11494.82 64.0
11497.03 124.02
11499.04 129.02
11501.03 107.06
11503.03 114.6
11505.04 9.82
11507.04 82.85
11509.05 19.07
11511.04 13.28
11513.05 97.84
11515.04 84.7
11517.03 77.02
11519.04 105.7
11521.04 123.13
11523.03 90.82
11525.04 0.81
11527.04 130.21
11529.04 0.63
11531.04 157.48
11533.05 189.21
11535.03 162.51
11537.04 148.95
11539.04 0.71
11541.04 265.88
11543.05 0.74
11545.04 232.07
11547.05 232.07
11549.05 0.75
11551.04 112.98
11553.04 0.65
11555.05 175.61
11557.04 120.92
11559.04 168.29
11561.04 1.49
11563.04 0.73
11565.04 207.25
11567.04 0.72
11569.05 213.27
11571.05 255.21
11573.04 0.64
11575.04 271.79
11577.04 0.65
11579.04 6.28
11581.04 201.16
11583.05 0.69
11585.05 124.91
11587.05 0.65
11589.04 196.52
11591.05 0.73
11593.05 0.68
11595.04 231.15
11597.04 0.71
11599.05 231.32
11601.04 0.63
11603.05 210.6
11605.05 282.05
11607.04 262.92
11609.05 287.1
11611.05 0.73
11613.05 154.39
11615.04 0.78
11617.05 304.14
11619.05 325.09
11621.04 0.61
11623.05 138.85
11625.05 0.73
11627.04 299.85
11629.05 378.2
11631.05 374.77
11633.05 348.41
11635.05 5.08
11637.05 381.05
11639.05 0.75
11641.05 253.73
11643.06 101.78
11645.04 0.65
11647.05 276.49
11649.04 223.91
11651.05 258.51
11653.05 293.14
11655.04 149.79
11657.06 145.88
11659.05 0.6
11661.06 61.03
11663.05 0.75
11665.05 91.27
11667.05 40.9
11669.05 0.7
11671.06 215.17
11673.05 0.68
11675.06 204.07
11677.05 86.89
11679.05 213.37
11681.05 181.35
11683.06 0.62
11685.05 165.58
11687.05 0.73
11689.05 138.34
11691.05 244.23
11693.06 0.73
11695.05 19.32
11697.05 0.98
11699.06 242.34
11701.06 227.75
11703.06 166.33
11705.06 266.03
11707.05 0.68
11709.06 266.84
11711.06 202.37
11713.06 291.15
11715.06 238.51
11717.06 0.67
11719.05 287.43
11721.06 0.73
11723.05 217.83
11725.3 225.1
11727.06 290.9
11729.06 269.44
11731.3 0.8
11733.3 220.84
11735.31 0.71
11737.31 311.72
11739.3 303.7
11741.31 1.61
11743.31 272.2
11745.31 0.7
11747.31 236.09
11749.3 201.64
11751.31 0.8
11753.31 159.37
11755.31 0.73
11757.3 127.27
11759.31 0.63
11761.31 216.8
11763.3 283.41
11765.31 0.73
11767.32 293.07
11769.31 0.58
11771.31 231.38
11773.3 264.69
11775.32 174.08
11777.31 301.48
11779.31 0.68
11781.31 251.22
11783.31 0.6
11785.32 47.93
11787.32 276.26
11789.31 0.62
11791.32 259.23
11793.32 0.64
11795.31 88.76
11797.31 151.5
11799.32 128.39
11801.31 128.39
11803.3 0.64
11805.32 204.21
11807.31 0.71
11809.32 190.48
11811.31 133.25
11813.31 0.79
11815.32 101.68
11817.32 0.79
11819.31 169.37
11821.31 203.78
11823.31 119.56
11825.31 227.77
11827.31 0.73
11829.32 203.77
11831.32 0.71
11833.31 164.74
11835.31 229.45
11837.31 0.69
11839.32 250.43
11841.32 0.75
11843.32 149.35
11845.32 243.87
11847.32 137.37
11849.32 111.4
11851.32 16.86
11853.32 176.33
11855.32 0.72
11857.31 272.13
11859.31 346.62
11861.31 0.74
11863.32 215.79
11865.31 1.46
11867.32 179.78
11869.32 192.73
11871.32 168.09
11873.32 255.72
11875.31 0.69
11877.32 182.25
11879.32 0.76
11881.32 257.29
11883.33 301.41
11885.32 0.57
11887.31 186.99
11889.32 0.71
11891.32 147.11
11893.33 167.37
11895.32 139.95
11897.32 272.47
11899.31 0.73
11901.33 164.86
11903.32 0.69
11905.32 262.78
11907.33 247.88
11909.33 0.78
11911.32 120.15
11913.32 0.71
11915.33 259.81
11917.32 146.62
11919.32 142.77
11921.33 203.23
11923.32 0.76
11925.33 263.27
11927.32 7.76
11929.33 266.48
11931.32 210.83
11933.33 300.87
11935.33 240.72
11937.32 1.14
11939.32 164.58
11941.33 165.19
11943.32 118.39
11945.32 94.21
11947.33 0.91
11949.33 155.4
11951.32 1.31
11953.32 347.56
11955.33 314.94
11957.33 0.84
11959.32 337.06
11961.33 0.72
11963.33 272.86
11965.32 272.86
11967.33 349.98
11969.33 344.9
11971.33 0.72
11973.33 3.39
11975.58 0.76
11977.32 164.71
11979.33 183.85
11981.58 0.56
11983.57 153.26
11985.58 0.75
11987.57 113.86
11989.36 0.57
11991.57 190.19
11993.58 121.12
11995.58 0.75
11997.58 120.04
11999.58 0.72
12001.59 154.35
12003.58 138.75
12005.59 220.38
12007.58 117.04
12009.58 0.66
12011.58 220.59
12013.38 14.26
12015.59 22.0
12017.57 30.63
12019.59 36.48
12021.58 50.42
12023.58 37.04
12025.59 44.29
12027.57 52.97
12029.58 42.84
12031.58 19.45
12033.59 70.45
12035.59 49.33
12037.58 63.04
12039.59 34.44
12041.59 72.77
12043.59 0.81
12045.59 73.07
12047.58 29.96
12049.58 64.86
12051.58 146.7
12053.58 91.14
12055.59 185.25
12057.59 12.45
12059.58 201.03
12061.59 0.57
12063.58 195.0
12065.58 215.64
12067.58 0.88
12069.58 140.53
12071.58 0.66
12073.59 191.98
12075.59 177.39
12077.58 247.46
12079.58 253.99
12081.58 20.09
12083.59 17.46
12085.59 32.68
12087.59 36.89
12089.59 28.71
12091.59 39.0
12093.58 29.9
12095.6 68.4
12097.58 46.88
12099.58 73.74
12101.59 57.23
12103.59 45.87
12105.59 42.25
12107.59 99.77
12109.58 47.2
12111.6 94.25
12113.59 79.46
12115.58 0.73
12117.59 175.8
12119.6 0.75
12121.6 152.29
12123.59 133.35
12125.59 133.85
12127.59 158.14
12129.6 4.09
12131.59 212.03
12133.59 20.37
12135.58 197.12
12137.6 197.12
12139.59 0.73
12141.6 210.37
12143.59 10.18
12145.59 210.04
12147.59 181.89
12149.59 126.42
12151.58 151.42
12153.6 1.97
12155.58 144.75
12157.59 0.74
12159.59 185.15
12161.58 118.41
12163.59 0.75
12165.6 216.91
12167.59 0.79
12169.6 149.54
12171.6 194.63
12173.59 204.39
12175.6 231.9
12177.6 1.75
12179.6 147.44
12181.59 0.77
12183.59 131.2
12185.59 43.91
12187.6 14.7
12189.59 0.75
12191.6 32.99
12193.6 50.79
12195.59 26.2
12197.59 44.42
12199.6 26.13
12201.59 35.66
12203.6 48.62
12205.6 37.82
12207.6 31.26
12209.6 52.87
12211.59 46.09
12213.6 49.53
12215.59 41.51
12217.6 47.0
12219.6 47.0
12221.59 45.81
12223.6 49.03
12225.6 53.63
12227.6 43.25
12231.04 45.75
12291.05 32.44
