0.0 4.88
0.57 2.35
1.23 4.76
2.53 7.69
4.02 3.71
4.94 3.9
6.53 2.02
7.77 3.19
8.87 3.67
10.07 1.51
12.16 3.41
13.99 3.24
16.04 3.86
18.02 3.53
20.0 2.46
21.99 6.17
24.03 3.9
26.43 1.27
28.32 4.7
30.74 4.54
34.07 1.05
37.16 3.02
38.53 1.86
43.46 1.94
46.96 1.08
48.6 2.14
50.24 2.13
51.57 3.02
53.38 2.53
55.75 1.23
59.49 5.1
64.0 1.7
66.58 0.05
69.03 1.88
71.32 0.02
72.4 2.58
73.59 1.28
74.93 2.37
75.86 3.57
77.74 1.66
81.17 2.8
84.3 1.38
86.19 2.04
88.0 3.01
91.12 2.33
92.63 4.63
93.65 5.27
95.25 2.16
97.08 4.97
98.62 4.04
103.06 1.4
104.45 3.18
105.86 5.57
107.67 2.17
108.98 7.8
110.06 5.33
111.2 5.49
112.06 3.99
113.51 3.25
115.39 7.14
117.41 4.55
119.39 8.11
121.51 3.27
123.39 2.8
125.45 5.65
127.55 4.49
129.55 2.03
131.63 4.55
133.5 3.69
135.42 2.78
137.39 2.64
139.39 4.24
141.39 4.17
143.46 2.44
146.25 0.63
147.41 2.35
149.38 2.49
151.43 3.96
153.29 4.54
155.9 5.86
157.39 3.34
159.4 4.96
161.42 2.78
163.38 2.37
165.47 3.91
167.47 3.49
169.4 3.0
171.39 3.0
173.43 5.59
175.4 1.95
177.4 3.8
179.41 7.93
181.74 2.11
183.87 4.7
186.24 2.43
187.39 7.08
189.39 6.35
191.41 5.25
193.41 8.79
195.38 5.87
197.39 3.51
199.41 2.7
201.45 5.4
204.17 2.34
205.6 4.64
207.54 2.42
209.42 3.2
211.4 4.76
213.37 3.07
215.4 6.3
217.47 1.54
220.07 3.9
222.54 3.67
224.33 4.12
226.04 3.79
227.66 2.04
229.4 4.5
231.39 4.95
233.4 6.42
235.41 6.36
237.39 4.25
239.42 3.57
241.55 0.04
243.44 4.82
245.41 4.07
247.89 3.13
250.41 6.69
251.93 5.83
253.41 3.21
255.48 7.56
257.43 5.0
259.55 4.68
261.52 4.08
264.56 2.41
266.79 2.48
268.67 2.69
270.57 4.97
271.76 6.22
273.4 4.24
275.43 3.74
277.38 3.88
279.39 4.65
281.47 5.03
283.41 6.56
285.47 3.28
287.41 6.42
289.42 2.48
291.4 2.17
293.63 7.31
295.43 2.94
297.67 3.78
299.63 7.84
301.66 6.28
303.64 3.04
305.66 1.23
307.68 7.01
309.66 6.94
311.64 7.67
313.82 1.57
315.89 4.51
317.65 7.43
319.64 2.79
321.7 9.58
323.64 4.03
325.61 3.17
327.72 6.17
329.65 2.89
331.89 4.14
333.7 5.21
336.01 1.2
337.65 4.87
339.56 5.29
341.64 5.06
343.66 8.86
345.78 3.52
347.64 4.21
349.65 3.31
351.99 2.03
353.64 6.12
355.68 7.86
357.65 3.72
359.65 5.86
361.65 2.77
363.67 2.33
365.89 2.61
367.66 2.49
369.66 3.28
371.8 3.21
374.1 4.53
376.06 1.59
379.05 3.13
381.52 0.07
384.28 0.02
386.42 1.98
388.56 5.59
391.12 6.32
393.5 6.15
395.25 1.92
397.4 0.04
400.31 3.53
402.23 2.72
404.8 1.63
406.4 5.61
408.09 7.08
409.71 8.26
410.84 8.2
412.17 5.92
414.49 0.23
415.83 6.0
417.62 2.35
419.43 3.22
421.21 5.2
423.15 2.31
425.06 1.95
426.48 6.02
427.96 4.68
429.69 2.73
431.95 3.7
433.63 7.01
435.69 3.81
438.67 3.99
440.77 2.64
442.61 6.43
444.82 5.42
446.68 5.58
448.82 2.01
450.39 4.89
452.62 2.33
454.31 3.47
456.74 1.88
458.66 3.57
461.25 2.62
464.14 5.26
466.87 1.65
469.75 2.13
471.74 4.87
473.16 1.08
476.87 1.78
480.42 4.53
481.43 3.7
482.1 4.48
483.44 3.4
484.36 4.53
485.21 2.31
486.15 5.96
487.67 10.34
489.65 3.72
491.65 3.14
493.64 8.52
495.67 8.52
497.64 8.52
499.63 4.27
501.65 6.68
503.84 4.51
505.66 3.85
507.64 3.81
509.64 7.43
511.67 2.98
513.67 4.5
515.64 5.01
517.64 5.49
519.67 5.11
521.63 7.9
523.65 5.21
525.65 3.84
527.63 5.52
529.64 7.47
531.67 6.53
533.66 8.07
535.67 6.09
537.66 4.09
539.68 3.66
541.88 3.23
543.67 7.98
545.66 5.24
547.9 4.75
549.89 5.33
552.51 2.62
554.07 4.85
556.23 4.86
558.51 3.85
559.9 7.41
561.91 11.27
566.15 3.33
568.89 4.71
570.93 7.13
573.57 5.89
575.74 3.87
577.93 6.11
580.39 3.53
580.92 7.45
583.0 5.37
584.99 5.82
587.04 6.75
588.99 4.96
590.98 5.48
592.99 7.49
595.01 4.5
596.99 4.61
598.99 2.28
600.99 4.8
603.38 1.76
605.39 3.4
606.9 0.08
608.99 7.33
610.98 5.29
613.02 4.48
614.99 2.76
616.99 5.16
619.03 5.9
621.0 11.17
622.98 9.81
624.99 3.66
626.99 7.7
629.04 2.96
631.0 6.02
633.0 3.98
634.98 8.08
636.99 6.49
639.0 8.62
641.01 8.62
642.99 7.2
644.99 4.67
647.01 9.53
649.02 3.35
650.92 5.03
652.99 6.32
654.99 5.18
657.02 4.83
658.99 3.24
660.99 12.12
663.28 11.86
665.01 4.74
667.36 4.56
668.99 8.17
671.06 2.69
673.18 8.28
675.04 3.15
677.01 2.96
679.0 7.89
680.99 2.86
683.09 8.5
685.0 6.23
687.0 10.53
689.01 6.69
691.0 2.68
692.99 7.21
694.98 3.19
696.98 9.34
699.0 5.36
700.98 9.54
702.98 7.1
704.99 0.13
707.0 6.3
708.98 11.21
710.98 6.32
712.98 11.64
714.99 12.87
717.01 5.69
719.01 5.02
720.99 4.54
722.99 7.58
725.01 4.14
727.0 9.06
728.99 6.3
730.98 7.68
733.03 4.75
735.0 3.07
737.02 5.11
738.98 2.74
741.05 4.15
742.99 8.65
745.0 6.98
746.99 5.03
748.99 2.41
750.98 8.8
753.23 10.7
755.35 0.18
756.99 5.85
758.98 7.36
760.98 7.76
763.01 2.48
764.99 3.62
767.0 4.85
768.99 10.59
771.03 4.03
773.01 3.69
774.99 3.01
776.99 7.77
778.99 3.33
781.04 8.9
783.09 3.76
785.02 7.52
787.01 3.0
788.99 2.24
791.28 2.65
792.99 6.59
795.25 8.58
797.0 8.16
799.25 7.65
801.35 2.41
803.95 2.36
806.92 1.81
809.08 0.49
811.28 0.64
813.14 1.52
814.39 2.14
816.47 1.46
817.43 5.71
819.25 5.78
821.24 3.88
823.28 4.17
825.25 2.72
827.23 5.32
829.25 5.53
831.27 6.6
833.25 5.71
835.25 7.1
837.28 4.3
839.25 6.52
841.26 12.08
