0.0 135.02
0.6 89.04
2.63 129.0
4.6 0.22
6.6 26.83
8.62 90.3
10.4 15.68
12.62 68.69
14.62 61.82
16.6 34.06
18.6 124.51
20.63 17.0
22.63 55.02
24.61 15.36
26.6 16.76
28.6 92.21
30.61 30.47
32.6 123.65
34.6 43.63
36.6 0.62
38.6 202.93
40.6 33.1
42.63 122.67
44.6 22.79
46.6 194.13
48.6 48.01
50.6 23.38
52.62 106.28
54.6 22.63
56.6 193.61
58.6 23.88
60.64 173.12
62.63 171.09
64.63 16.16
66.64 186.18
68.63 25.13
70.6 144.55
72.6 160.66
74.63 1.61
76.6 104.52
78.6 7.78
80.62 124.98
82.6 21.73
84.6 103.93
86.6 124.28
88.6 92.56
90.62 132.97
92.6 15.55
94.61 131.25
96.6 93.3
98.6 56.29
100.6 133.06
102.61 20.84
104.6 40.83
106.6 46.48
108.59 134.44
110.59 62.5
112.6 30.22
114.63 66.43
116.6 30.15
118.6 92.17
120.63 21.48
122.6 12.47
124.6 155.62
126.6 19.5
128.6 156.76
130.59 20.37
132.6 89.99
134.63 0.5
136.63 23.98
138.6 122.08
140.63 65.25
142.6 106.24
144.63 66.24
146.6 120.56
148.63 91.21
150.63 41.67
152.6 100.3
154.6 23.38
156.6 145.31
158.6 36.49
160.61 37.81
162.6 16.32
164.6 14.37
166.63 89.99
168.6 97.27
170.6 175.62
172.6 34.1
174.63 58.18
176.63 16.42
178.6 9.36
180.63 16.59
182.6 17.97
184.62 61.37
186.6 50.1
188.6 25.1
190.6 27.79
192.61 35.52
194.62 36.54
196.63 50.68
198.6 28.0
200.6 66.59
202.59 86.84
204.6 29.79
206.6 28.98
208.6 91.38
210.6 102.57
212.62 95.63
214.6 104.28
216.63 56.45
218.62 104.94
220.65 104.26
222.6 91.22
224.6 92.07
226.86 92.07
228.85 149.72
230.85 57.64
232.85 92.26
234.85 119.67
236.88 36.11
238.86 110.07
240.66 48.0
242.86 26.41
244.85 130.68
246.85 35.67
248.85 29.29
250.87 23.39
252.85 153.4
254.88 7.07
256.85 31.66
258.86 99.07
260.86 27.91
262.85 91.2
264.73 193.92
266.85 1.49
268.85 123.28
270.85 23.73
272.86 41.57
274.85 31.83
276.85 150.45
278.88 143.48
280.85 53.59
282.85 108.42
284.85 27.88
286.86 136.59
288.66 30.58
290.86 156.5
292.85 134.29
294.85 25.15
296.85 89.85
298.85 24.23
300.85 114.98
302.85 53.35
304.88 182.37
306.88 161.73
308.85 27.26
310.88 157.08
312.84 33.98
314.85 75.14
316.85 34.96
318.86 0.72
320.85 141.19
322.86 29.01
324.87 202.35
326.85 69.09
328.85 136.31
330.85 128.97
332.85 27.84
334.86 64.96
336.85 25.12
338.86 120.22
340.85 110.27
342.87 28.25
344.85 143.72
346.85 20.86
348.85 141.57
350.85 9.26
352.86 4.8
354.88 99.86
356.85 19.89
358.85 187.59
360.85 250.3
362.85 200.77
364.85 14.1
366.85 28.32
368.88 52.42
370.86 25.11
372.85 159.06
374.85 195.14
376.87 28.64
378.85 214.3
380.85 2.55
382.85 209.69
384.85 24.2
386.85 175.68
388.85 97.02
390.86 28.31
392.87 154.95
394.87 18.0
396.88 235.12
398.87 172.89
400.85 0.39
402.88 228.74
404.87 0.62
406.87 177.77
408.84 32.24
410.85 212.03
412.87 155.62
414.84 26.98
416.85 155.02
418.88 44.82
420.86 148.84
422.85 180.66
424.84 9.76
426.85 163.32
428.85 23.92
430.85 38.24
432.84 0.65
434.88 50.17
436.88 58.76
438.86 49.57
440.85 41.6
442.87 39.93
444.85 65.44
446.85 64.55
448.85 82.42
450.85 57.66
452.85 36.21
454.85 87.12
456.85 99.55
458.85 145.05
460.85 136.86
462.85 30.56
464.85 80.27
466.85 31.71
468.85 235.77
470.85 114.49
472.85 70.58
474.88 214.63
477.13 26.94
479.1 65.7
481.12 30.02
483.1 125.83
485.1 103.51
487.1 56.56
489.1 76.34
491.11 37.65
493.1 52.4
495.1 99.52
497.1 53.07
499.11 110.1
501.11 21.84
503.13 167.08
505.13 0.72
507.13 212.58
509.13 17.61
511.11 11.56
513.12 70.48
515.1 58.22
517.11 153.83
519.13 92.54
521.11 136.32
523.13 153.88
525.13 26.82
527.13 106.09
529.12 29.01
531.11 78.84
533.1 135.57
535.12 21.71
537.1 201.81
539.1 35.29
541.1 52.98
543.13 71.71
545.1 150.0
547.11 106.77
549.1 140.37
551.11 51.71
553.11 32.59
555.11 0.4
557.11 18.49
559.1 37.4
561.12 139.91
563.11 32.4
565.11 243.26
567.1 73.55
569.13 152.82
571.13 42.01
573.13 17.69
575.12 108.86
577.1 15.71
579.1 0.49
581.1 148.3
583.11 39.19
585.11 113.75
587.13 31.44
589.1 114.1
591.1 78.65
593.1 7.85
595.11 161.15
597.1 0.59
599.13 128.22
601.11 29.55
603.11 124.11
605.1 61.87
607.1 49.52
609.13 151.43
611.1 0.64
613.1 133.35
615.11 93.15
617.1 83.56
619.11 92.31
621.11 0.68
623.1 51.02
625.13 32.92
627.13 92.09
629.1 138.12
631.1 0.6
633.1 88.44
635.1 25.41
637.13 24.76
639.12 122.35
641.1 190.21
643.13 121.7
645.1 20.0
647.1 166.78
649.1 187.87
651.14 121.48
653.1 103.81
655.13 34.88
657.1 181.09
659.12 18.57
661.1 175.36
663.11 36.57
665.1 71.77
667.1 157.68
669.1 23.2
671.1 81.68
673.1 12.64
675.11 197.52
677.1 190.14
679.1 23.49
681.1 100.91
683.11 28.35
685.11 83.21
687.1 117.32
689.1 108.34
691.09 148.05
693.09 12.71
695.1 169.67
697.1 115.35
699.13 162.84
701.13 158.72
703.11 8.55
705.1 121.04
707.1 22.96
709.1 121.87
711.1 65.8
713.1 90.09
715.11 105.73
717.1 41.89
719.1 71.68
721.1 22.14
723.13 131.33
725.1 26.36
727.35 142.52
729.38 134.58
731.35 19.78
733.35 0.26
735.14 19.98
737.38 134.39
739.38 168.29
741.38 32.25
743.35 118.84
745.38 0.6
747.38 175.65
749.35 83.45
751.35 29.45
753.35 65.15
755.37 16.35
757.37 97.22
759.14 23.09
761.38 150.26
763.36 154.12
765.36 23.94
767.38 98.49
769.35 12.15
771.35 25.22
773.38 153.4
775.36 164.68
777.36 111.8
779.35 28.53
781.35 32.9
783.16 22.61
785.37 89.62
787.38 188.63
789.35 17.94
791.35 76.0
793.35 33.18
795.35 69.88
797.38 73.6
799.36 119.98
801.35 76.61
803.37 38.52
805.38 134.29
807.35 15.63
809.35 116.39
811.36 151.89
813.36 29.57
815.35 49.03
817.36 22.79
819.35 65.42
821.35 34.22
823.35 216.21
825.35 221.14
827.35 33.96
829.35 184.82
831.35 16.57
833.35 121.02
835.36 126.17
837.35 11.5
839.37 52.08
841.39 11.52
843.38 128.58
845.38 195.2
847.36 43.28
849.35 126.89
851.36 46.15
853.38 185.38
855.35 27.68
857.35 139.92
859.35 229.4
861.38 31.3
863.35 176.5
865.36 22.85
867.37 220.34
869.38 195.55
871.35 173.6
873.35 84.85
875.35 26.65
877.36 0.77
879.35 10.13
881.36 89.84
883.36 97.99
885.35 23.11
887.37 148.48
889.35 24.96
891.35 129.8
893.35 265.93
895.36 126.82
897.36 112.08
899.35 51.57
901.38 234.61
903.35 5.97
905.35 63.92
907.36 70.86
909.36 27.54
911.35 189.79
913.36 31.28
915.36 73.06
917.38 95.7
919.37 214.91
921.35 229.2
923.35 0.61
925.36 112.28
927.35 80.18
929.35 211.26
931.36 120.31
933.35 29.52
935.35 212.4
937.35 31.57
939.38 151.99
941.35 181.61
943.35 65.92
945.36 99.07
947.36 16.57
949.35 116.43
951.35 25.09
953.38 214.77
955.38 0.93
957.38 0.62
959.35 1.25
961.36 34.23
963.36 53.4
965.36 167.36
967.38 54.7
969.35 0.83
971.37 31.32
973.36 193.17
975.35 4.16
977.63 148.39
979.6 110.63
981.6 29.1
983.6 30.22
985.6 34.44
987.63 159.11
989.37 0.75
991.6 48.61
993.6 64.09
995.6 32.21
997.6 114.87
999.6 29.08
1001.6 198.99
1003.62 106.99
1005.63 112.81
1007.6 90.09
1009.6 25.37
1011.63 226.82
1013.4 0.56
1015.61 10.3
1017.6 224.5
1019.6 24.01
1021.6 110.91
1023.6 22.06
1025.63 183.23
1027.6 200.22
1029.61 24.55
1031.63 39.76
1033.61 29.9
1035.63 190.67
1037.6 23.01
1039.6 17.05
1041.6 159.54
1043.6 10.11
1045.61 93.58
1047.61 18.22
1049.6 70.18
1051.6 70.32
1053.63 12.38
1055.63 218.71
1057.61 35.68
1059.61 75.89
1061.6 48.37
1063.6 57.02
1065.61 211.64
1067.63 141.53
1069.63 113.87
1071.6 23.83
1073.61 143.09
1075.6 159.3
1077.61 166.22
1079.61 190.18
1081.63 17.69
1083.6 113.49
1085.6 31.6
1087.6 192.29
1089.6 203.5
1091.6 23.42
1093.61 83.79
1095.62 29.13
1097.61 155.15
1099.61 198.71
1101.61 264.97
1103.6 44.32
1105.6 21.94
1107.6 36.25
1109.6 28.25
1111.6 111.11
1113.6 138.9
1115.6 30.35
1117.62 99.76
1119.61 53.73
1121.6 127.42
1123.6 90.53
1125.61 0.59
1127.6 149.79
1129.61 25.14
1131.61 146.38
1133.6 81.57
1135.6 12.42
1137.63 97.61
1139.6 59.69
1141.61 137.29
1143.61 21.17
1145.63 149.9
1147.6 100.24
1149.61 8.3
1151.6 132.31
1153.6 28.97
1155.6 200.23
1157.6 15.1
1159.62 172.98
1161.61 171.76
1163.6 10.13
1165.61 223.4
1167.63 27.02
1169.63 159.03
1171.61 69.41
1173.61 28.27
1175.63 65.28
1177.61 19.49
1179.61 86.13
1181.6 35.62
1183.63 0.84
1185.6 96.64
1187.6 29.38
1189.61 147.52
1191.6 0.63
1193.61 211.76
1195.63 153.66
1197.63 90.23
1199.62 189.4
1201.63 25.03
1203.6 214.82
1205.6 0.51
1207.6 214.72
1209.61 181.26
1211.6 5.99
1213.61 123.61
1215.61 53.31
1217.6 61.07
1219.6 66.91
1221.6 106.68
1223.63 12.65
1225.86 22.15
1227.86 87.27
1229.85 0.66
1231.85 201.41
1233.85 131.88
1235.85 20.31
1237.85 125.1
1239.85 15.9
1241.85 143.91
1243.86 113.17
1245.86 146.14
1247.85 172.12
1249.88 28.11
1251.85 125.18
1253.88 16.12
1255.88 132.32
1257.87 43.64
1259.85 28.61
1261.88 179.13
1263.87 12.42
1265.87 182.77
1267.85 167.34
1269.85 172.9
1271.88 148.43
1273.85 26.67
1275.85 1.36
1277.85 32.81
1279.88 138.17
1281.86 187.05
1283.85 59.55
1285.88 179.37
1287.85 0.69
1289.88 115.33
1291.85 189.79
1293.85 140.9
1295.88 108.06
1297.85 31.42
1299.85 182.46
1301.85 32.4
1303.85 103.6
1305.85 156.99
1307.85 23.91
1309.88 134.71
1311.85 38.61
1313.85 190.8
1315.84 156.99
1317.87 175.77
1319.85 170.26
1321.85 0.76
1323.87 207.29
1325.85 0.62
1327.86 78.28
1329.85 44.05
1331.85 58.85
1333.87 36.67
1335.85 0.7
1337.85 203.02
1339.84 73.79
1341.86 37.66
1343.85 140.57
1345.85 22.12
1347.85 174.79
1349.87 17.35
1351.87 176.21
1353.85 180.37
1355.85 29.87
1357.88 153.31
1359.88 27.84
1361.85 13.62
1363.85 144.02
1365.85 69.07
1367.84 132.11
1369.85 0.64
1371.85 97.36
1373.85 20.61
1375.85 136.01
1377.86 71.17
1379.85 16.42
1381.85 102.08
1383.85 57.66
1385.86 131.24
1387.85 110.54
1389.85 129.36
1391.85 129.36
1393.86 132.11
1395.87 123.82
1397.84 18.91
1399.87 113.73
1401.85 113.73
1403.85 113.73
1405.85 87.52
1407.85 87.52
1409.85 119.57
1411.87 119.57
1413.87 119.57
1415.87 66.05
1417.85 83.87
1419.87 119.51
1421.87 119.51
1423.85 119.51
1425.88 129.14
1427.85 114.47
1429.85 105.29
1431.84 98.39
1433.87 56.29
1435.85 104.07
1437.88 112.4
1439.85 34.61
1441.87 96.84
1443.87 132.0
1445.85 56.96
1447.87 120.82
1449.88 162.44
1451.85 23.96
1453.85 139.25
1455.85 15.94
1457.87 169.42
1459.88 132.76
1461.87 169.87
1463.87 14.68
1465.88 20.58
1467.87 151.14
1469.85 13.66
1471.85 131.75
1473.85 60.45
1475.85 53.34
1478.13 1.54
1480.1 29.34
1482.13 138.44
1483.91 16.24
1486.11 16.79
1488.1 100.96
1490.1 0.79
1492.13 180.33
1494.11 41.6
1496.13 40.86
1498.1 47.07
1500.1 36.62
1502.1 28.52
1504.13 25.8
1506.1 33.9
1507.88 27.35
1510.1 91.35
1512.13 28.09
1514.12 25.15
1516.13 123.42
1518.1 11.77
1520.11 194.99
1522.11 119.38
1524.1 16.12
1526.11 211.34
1528.13 30.98
1530.1 121.26
1531.91 21.64
1534.1 116.07
1536.1 129.65
1538.11 31.1
1540.11 1.49
1542.13 19.69
1544.13 101.14
1546.11 49.01
1548.1 124.07
1550.11 94.97
1552.1 82.31
1554.1 57.7
1556.1 29.07
1558.1 195.11
1560.1 215.52
1562.12 29.45
1564.13 55.91
1566.1 31.13
1568.11 103.03
1570.11 132.63
1572.1 91.88
1574.1 176.64
1576.13 19.0
1578.1 188.95
1580.1 17.11
1582.12 32.43
1584.1 210.74
1586.1 32.24
1588.13 174.8
1590.1 28.35
1592.11 102.39
1594.11 61.97
1596.12 158.67
1598.13 207.23
1600.11 0.52
1602.1 72.38
1604.1 21.44
1606.13 253.82
1608.1 115.18
1610.1 14.89
1612.1 125.04
1614.13 24.26
1616.1 97.53
1618.13 47.12
1620.13 175.72
1622.11 93.74
1624.1 20.56
1626.1 0.43
1628.1 50.45
1630.1 159.28
1632.1 185.03
1634.1 181.09
1636.11 128.15
1638.1 29.46
1640.11 175.63
1642.1 6.61
1644.13 106.74
1646.11 1.22
1648.1 30.83
1650.1 65.13
1652.1 60.86
1654.11 174.65
1656.11 48.37
1658.11 17.56
1660.11 159.15
1662.12 47.89
1664.13 91.65
1666.13 28.59
1668.1 201.23
1670.11 1.37
1672.1 30.59
1674.11 123.58
1676.1 24.59
1678.12 163.29
1680.1 159.59
1682.1 31.89
1684.11 72.98
1686.1 22.62
1688.11 156.16
1690.1 202.9
1692.1 136.52
1694.13 112.07
1696.1 22.06
1698.1 26.54
1700.1 62.76
1702.11 119.9
1704.11 99.97
1706.1 35.2
1708.1 222.33
1710.1 38.18
1712.13 207.71
1714.13 135.56
1716.1 58.25
1718.12 199.44
1720.13 31.91
1722.1 178.7
1724.38 56.38
1726.35 196.6
1728.35 72.43
1730.35 36.96
1732.38 165.97
1734.35 30.96
1736.36 48.21
1738.35 122.82
1740.35 78.48
1742.35 54.32
1744.37 36.18
1746.37 180.71
1748.35 0.6
1750.35 95.51
1752.37 106.1
1754.35 27.51
1756.35 145.89
1758.35 26.03
1760.37 160.84
1762.35 159.74
1764.37 158.45
1766.35 148.02
1768.36 18.62
1770.35 189.82
1772.37 21.23
1774.37 67.44
1776.37 52.6
1778.35 35.01
1780.35 81.77
1782.35 110.6
1784.35 83.21
1786.35 66.47
1788.35 133.25
1790.35 122.49
1792.35 36.28
1794.35 109.55
1796.35 131.2
1798.36 104.45
1800.38 84.04
1802.35 17.46
1804.35 96.94
1806.35 16.31
1808.36 108.07
1810.35 134.6
1812.35 146.42
1814.35 78.57
1816.36 38.21
1818.35 115.34
1820.36 24.5
1822.36 24.5
1824.35 101.92
1826.35 29.15
1828.35 139.77
1830.37 22.16
1832.35 54.53
1834.35 54.24
1836.35 61.74
1838.35 76.55
1840.35 130.79
1842.37 115.71
1844.35 24.54
1846.36 91.17
1848.35 138.81
1850.35 138.81
1852.35 138.81
1854.34 71.85
1856.35 135.68
1858.35 80.56
1860.37 90.83
1862.36 167.6
1864.35 14.83
1866.35 169.83
1868.36 0.55
1870.35 113.1
1872.38 77.95
1874.36 22.37
1876.38 131.0
1878.37 54.62
1880.38 8.53
1882.36 64.72
1884.37 201.38
1886.38 210.31
1888.36 29.97
1890.35 174.49
1892.35 22.15
1894.38 64.15
1896.37 133.99
1898.35 0.77
1900.35 168.1
1902.38 26.22
1904.35 119.88
1906.38 22.86
1908.35 196.79
1910.35 85.98
1912.35 92.67
1914.35 170.41
1916.36 26.87
1918.36 109.32
1920.38 132.35
1922.36 0.48
1924.35 0.63
1926.35 107.93
1928.36 126.87
1930.35 102.45
1932.37 138.75
1934.35 45.42
1936.35 19.8
1938.35 123.33
1940.35 140.14
1942.38 11.66
1944.35 83.28
1946.35 82.39
1948.35 0.38
1950.35 27.16
1952.36 119.0
1954.35 151.07
1956.35 83.05
1958.36 33.12
1960.36 6.28
1962.35 115.67
1964.35 28.25
1966.35 51.1
1968.35 149.71
1970.36 15.45
1972.36 165.51
1974.35 17.86
1976.6 93.46
1978.39 17.68
1980.62 127.54
1982.63 133.35
1984.6 30.39
1986.6 192.58
1988.62 12.03
1990.63 218.57
1992.62 185.23
1994.6 15.81
1996.6 195.33
1998.6 28.61
2000.61 0.33
2002.41 23.97
2004.6 110.47
2006.6 125.13
2008.6 35.46
2010.6 156.12
2012.63 27.93
2014.6 60.25
2016.61 111.38
2018.6 69.74
2020.6 232.2
2022.6 26.02
2024.6 32.28
2026.6 37.55
2028.6 214.38
2030.59 247.59
2032.6 18.95
2034.6 158.41
2036.6 15.47
2038.62 188.43
2040.6 55.59
2042.62 169.99
2044.6 208.86
2046.62 24.84
2048.6 125.59
2050.6 26.52
2052.63 40.84
2054.63 93.66
2056.6 127.82
2058.62 130.42
2060.6 27.9
2062.6 152.83
2064.6 121.93
2066.63 20.2
2068.6 146.2
2070.62 5.32
2072.63 189.11
2074.6 0.42
2076.6 68.12
2078.63 192.91
2080.63 24.19
2082.61 53.95
2084.6 0.69
2086.6 30.38
2088.62 34.53
2090.63 90.27
2092.61 76.34
2094.61 11.72
2096.6 129.49
2098.6 17.67
2100.6 141.03
2102.62 122.78
2104.6 32.52
2106.6 114.48
2108.61 20.16
2110.63 119.19
2112.6 85.45
2114.63 39.6
2116.6 4.48
2118.6 48.76
2120.63 150.18
2122.59 5.03
2124.6 106.72
2126.63 109.78
2128.6 30.49
2130.6 141.74
2132.6 26.44
2134.6 135.01
2136.6 92.62
2138.6 59.6
2140.61 97.88
2142.62 29.44
2144.62 166.78
2146.6 24.23
2148.61 204.05
2150.6 119.66
2152.6 32.25
2154.6 180.68
2156.59 19.15
2158.62 195.77
2160.6 80.51
2162.61 29.51
2164.6 87.5
2166.62 72.37
2168.61 23.22
2170.6 36.32
2172.62 81.54
2174.63 96.35
2176.61 34.89
2178.61 203.51
2180.63 5.63
2182.63 1.68
2184.6 73.26
2186.63 49.11
2188.6 71.9
2190.62 0.38
2192.61 73.4
2194.6 0.53
2196.6 130.44
2198.61 150.5
2200.63 22.15
2202.61 90.82
2204.61 33.47
2206.6 177.77
2208.62 103.07
2210.6 54.78
2212.63 112.55
2214.62 31.28
2216.6 22.04
2218.6 14.86
2220.6 204.96
2222.61 95.63
2224.6 20.96
2226.6 122.86
2228.86 16.17
2230.88 180.11
2232.63 2.47
2234.85 125.5
2236.85 133.03
2238.87 13.62
2240.85 247.36
2242.85 18.19
2244.85 36.24
2246.88 89.6
2248.87 85.72
2250.86 84.87
2252.85 5.68
2254.87 168.72
2256.85 25.69
2258.85 1.6
2260.85 83.39
2262.86 17.48
2264.85 63.04
2266.85 23.51
2268.86 128.15
2270.85 1.11
2272.85 13.25
2274.87 63.48
2276.85 13.68
2278.86 46.28
2280.85 13.57
2282.88 83.75
2284.88 169.65
2286.86 26.33
2288.85 169.81
2290.88 20.68
2292.86 135.51
2294.88 157.75
2296.85 0.22
2298.86 139.77
2300.85 0.65
2302.85 231.93
2304.85 38.71
2306.85 33.28
2308.85 142.89
2310.86 0.58
2312.85 0.22
2314.85 32.85
2316.86 149.82
2318.88 54.48
2320.87 39.43
2322.87 57.68
2324.85 32.86
2326.86 236.07
2328.85 16.27
2330.85 72.01
2332.88 233.72
2334.85 24.03
2336.85 111.16
2338.87 13.46
2340.85 260.36
2342.88 175.53
2344.84 25.35
2346.88 256.11
2348.85 0.68
2350.86 122.22
2352.85 17.77
2354.87 170.25
2356.85 174.15
2358.87 21.38
2360.85 119.54
2362.85 14.52
2364.85 189.11
2366.86 149.21
2368.87 3.52
2370.85 145.36
2372.87 0.38
2374.85 148.67
2376.85 13.81
2378.85 152.79
2380.86 191.3
2382.85 11.55
2384.86 138.43
2386.87 21.02
2388.87 96.88
2390.84 89.97
2392.85 42.45
2394.85 138.01
2396.85 0.49
2398.88 119.58
2400.85 0.42
2402.88 140.63
2404.87 152.84
2406.88 27.89
2408.85 163.65
2410.88 31.94
2412.85 128.87
2414.86 137.67
2416.85 0.38
2418.85 134.82
2420.86 18.52
2422.84 145.18
2424.84 43.77
2426.85 101.25
2428.85 142.91
2430.88 16.51
2432.87 105.88
2434.83 13.45
