0.0 1.21
1.03 517.48
3.04 640.56
5.03 558.03
7.03 26.6
9.27 328.26
11.28 26.56
13.28 18.49
15.29 247.29
17.28 8.59
19.28 304.0
21.28 14.08
23.28 294.69
25.11 32.24
27.28 945.07
29.27 577.82
31.28 26.28
33.27 444.61
35.29 32.04
37.29 569.91
39.28 558.27
41.28 8.18
43.3 589.68
45.29 32.24
47.29 781.09
49.12 23.51
51.29 805.1
53.28 780.39
55.28 31.97
57.28 680.38
59.28 31.92
61.28 451.92
63.28 693.85
65.27 9.11
67.29 686.64
69.3 32.13
71.28 600.65
73.13 26.41
75.29 546.6
77.3 427.81
79.28 26.61
81.3 478.39
83.28 32.24
85.31 223.98
87.31 358.66
89.28 6.39
91.28 180.54
93.29 26.6
95.29 147.02
97.13 32.27
99.3 105.42
101.29 299.95
103.28 8.58
105.28 346.39
107.3 8.57
109.28 358.63
111.29 409.53
113.29 9.05
115.28 324.87
117.28 32.29
119.28 466.03
121.29 26.57
123.3 545.35
125.29 530.5
127.29 26.53
129.29 95.54
131.28 22.96
133.29 495.03
135.28 34.52
137.29 8.52
139.27 120.8
141.28 26.5
143.28 133.08
145.28 32.24
147.28 198.81
149.28 263.79
151.29 26.59
153.28 4.8
155.29 8.36
157.3 47.16
159.3 28.94
161.3 26.37
163.3 167.95
165.28 8.6
167.29 224.76
169.28 32.17
171.29 271.13
173.29 6.84
175.29 32.4
177.29 330.79
179.3 26.59
181.27 365.01
183.28 383.64
185.28 18.3
187.28 81.51
189.29 26.35
191.28 296.21
193.28 32.25
195.28 109.5
197.29 311.58
199.3 26.56
201.3 243.44
203.3 8.5
205.29 301.42
207.29 332.13
209.29 9.05
211.29 248.08
213.28 31.92
215.3 407.1
217.28 19.38
219.29 167.93
221.29 139.57
223.3 23.46
225.29 219.02
227.29 26.58
229.28 250.8
231.29 258.46
233.28 257.15
235.28 248.9
237.29 32.03
239.3 235.6
241.29 23.36
243.28 186.66
245.28 221.19
247.29 32.34
249.28 303.2
251.29 8.21
253.54 287.82
255.29 292.16
257.32 295.37
259.56 365.91
261.54 31.92
263.54 115.03
265.53 26.62
267.55 186.4
269.54 153.0
271.53 32.06
273.54 123.89
275.53 32.35
277.53 189.5
279.37 32.35
281.54 141.27
283.54 108.77
285.54 177.53
287.54 241.15
289.53 9.13
291.54 331.37
293.54 67.79
295.54 26.7
297.54 21.79
299.54 32.21
301.53 191.05
303.37 26.64
305.55 198.11
307.53 211.17
309.53 32.28
311.53 83.66
313.53 32.24
315.54 225.2
317.54 249.04
319.53 26.03
321.53 48.94
323.53 32.22
325.53 270.68
327.37 32.18
329.53 262.16
331.53 260.19
333.52 26.65
335.53 26.04
337.54 86.28
339.53 193.14
341.53 233.53
343.54 21.59
345.52 15.81
347.52 23.59
349.53 294.05
351.42 13.9
353.53 306.25
355.53 290.84
357.54 26.38
359.53 307.06
361.54 317.98
363.53 292.99
365.54 307.81
367.54 9.05
369.55 516.47
371.53 32.28
373.53 507.46
375.54 32.26
377.53 425.66
379.53 546.06
381.54 32.18
383.53 557.67
385.54 32.0
387.53 556.46
389.54 560.18
391.53 13.49
393.54 148.94
395.54 26.6
397.54 287.37
399.53 26.61
401.54 355.13
403.54 341.77
405.54 8.6
407.54 421.81
409.53 8.61
411.54 477.53
413.53 502.91
415.53 18.76
417.54 329.33
419.53 32.21
421.53 102.45
423.53 32.06
425.54 177.68
427.54 380.13
429.53 26.61
431.55 326.23
433.55 25.74
435.53 340.97
437.54 324.15
439.54 8.81
441.53 237.09
443.53 26.56
445.54 125.34
447.53 26.56
449.53 136.42
451.53 114.25
453.54 114.25
455.53 135.0
457.55 32.36
459.53 107.11
461.54 192.35
463.53 9.57
465.54 219.84
467.55 257.9
469.53 256.61
471.54 32.21
473.57 268.73
475.53 281.43
477.54 26.65
479.53 297.84
481.53 290.33
483.54 252.56
485.54 294.47
487.54 32.21
489.55 275.35
491.55 8.51
493.55 421.77
495.53 26.59
497.54 580.01
499.54 184.77
501.54 32.34
503.54 764.0
505.52 9.11
507.52 642.22
509.54 626.48
511.81 30.86
513.78 219.44
515.79 32.24
517.79 145.9
519.8 32.01
521.78 126.56
523.78 126.53
525.8 32.3
527.78 136.19
529.79 26.64
531.8 114.91
533.78 114.91
535.8 26.6
537.8 159.57
539.78 26.54
541.79 196.06
543.78 32.36
545.78 181.47
547.78 256.36
549.79 32.23
551.78 51.22
553.78 9.0
555.79 313.31
557.78 310.77
559.78 32.22
561.86 315.71
563.78 31.32
565.78 210.75
567.78 31.6
569.79 270.81
571.78 260.23
573.79 8.5
575.79 281.05
577.79 32.21
579.79 124.34
581.8 7.84
583.78 12.0
585.79 302.02
587.78 309.65
589.79 80.94
591.78 26.65
593.79 274.37
595.78 288.94
597.78 32.31
599.8 79.59
601.78 32.13
603.79 280.15
605.79 283.61
607.78 31.36
609.79 77.06
611.78 26.57
613.79 254.54
615.79 32.27
617.8 249.63
619.78 263.56
621.78 32.12
623.78 261.95
625.78 26.29
627.78 31.95
629.78 216.56
631.78 267.53
633.78 252.23
635.78 26.62
637.78 207.48
639.78 32.21
641.78 69.01
643.79 216.21
645.79 32.15
647.78 224.24
649.78 32.1
651.79 194.57
653.78 227.77
655.78 227.6
657.78 226.97
659.78 26.52
661.78 256.14
663.78 26.51
665.78 136.92
667.78 134.87
669.77 32.26
671.78 133.06
673.79 26.42
675.78 152.75
677.8 186.96
679.8 214.56
681.79 228.4
683.79 26.51
685.79 174.45
687.8 32.31
689.79 328.19
691.78 167.03
693.79 26.56
695.78 266.39
697.79 32.26
699.78 310.5
701.79 351.54
703.78 366.76
705.78 313.14
707.8 9.01
709.8 426.45
711.8 32.35
713.79 460.43
715.79 412.05
717.78 8.51
719.78 512.54
721.78 26.58
723.78 235.42
725.78 234.45
727.79 104.96
729.78 430.93
731.79 32.17
733.78 439.76
735.79 26.73
737.79 181.04
739.79 286.51
741.79 8.56
743.79 430.99
745.78 8.24
747.84 494.73
749.78 342.18
751.78 36.99
753.79 297.08
755.78 31.4
757.78 220.46
760.02 32.29
762.03 185.1
764.03 216.89
766.03 15.27
768.03 50.78
770.03 26.51
772.03 200.2
773.94 243.58
776.03 238.64
778.03 297.34
780.03 26.7
782.03 308.94
784.03 9.07
788.49 314.57
789.07 69.8
789.82 32.11
792.04 375.44
794.03 32.29
796.05 374.38
797.89 32.19
800.04 505.97
802.03 589.37
804.05 32.13
806.04 686.3
809.69 10.73
812.35 685.26
813.27 158.0
814.15 645.47
816.03 756.61
818.03 25.9
820.04 541.0
821.9 32.23
824.04 801.88
826.04 772.75
828.04 26.72
830.03 832.03
832.04 32.27
834.03 128.88
836.04 323.69
838.03 24.19
840.06 328.83
842.03 26.39
844.06 60.52
848.12 345.23
857.78 337.92
859.51 286.47
860.19 34.28
861.2 8.77
862.5 154.52
