0.0 836.63
1.1 50.06
3.1 213.97
5.11 708.22
7.1 32.16
9.1 472.23
11.1 29.19
13.11 395.64
15.11 34.05
17.1 410.72
19.1 402.05
21.11 27.36
23.1 78.53
25.1 25.56
27.51 428.47
29.11 19.93
31.11 29.32
33.1 507.18
35.1 10.02
37.1 586.55
39.1 36.84
41.1 619.05
43.1 597.72
45.1 39.5
47.11 762.39
49.11 39.3
51.11 838.53
53.1 849.12
55.1 29.2
57.1 816.73
59.1 26.94
61.1 772.38
63.1 25.5
65.11 721.72
67.11 701.12
69.1 27.27
71.1 769.01
73.1 39.04
75.1 756.05
77.1 536.72
79.1 29.19
81.11 270.13
83.11 45.21
85.1 234.48
87.1 39.99
89.11 256.61
91.1 270.57
93.1 34.1
95.1 209.09
97.11 48.83
99.11 307.52
101.1 296.64
103.11 40.15
105.1 284.16
107.1 25.6
109.1 330.05
111.1 24.87
113.11 467.0
115.11 523.92
117.11 35.74
119.1 532.84
121.1 29.18
123.1 545.84
125.1 473.16
127.1 26.45
129.1 580.23
131.11 36.8
133.1 730.95
135.1 39.05
137.1 722.0
139.1 794.34
141.1 27.24
143.1 765.59
145.1 31.36
147.11 280.96
149.11 456.65
151.1 39.78
153.11 797.55
155.11 39.34
157.1 561.95
159.1 24.81
161.1 161.78
163.11 280.76
165.11 24.84
167.11 385.08
169.1 24.03
171.1 12.68
173.1 219.04
175.1 40.21
177.1 240.07
179.1 25.52
181.11 289.83
183.11 304.03
185.1 294.34
187.11 369.43
189.1 49.41
191.1 115.74
193.1 24.75
195.1 402.83
197.11 332.18
199.11 39.55
201.1 467.88
203.1 29.15
205.1 596.22
207.1 25.54
209.1 591.13
211.11 589.84
213.11 39.86
215.11 650.84
217.11 26.15
219.1 737.01
221.11 555.67
223.35 46.57
225.35 632.5
227.35 39.59
229.35 146.97
231.36 26.22
233.36 77.64
235.35 67.13
237.35 41.65
239.35 150.89
241.35 29.5
243.35 242.28
245.36 199.54
247.36 39.25
249.36 248.18
251.35 51.8
253.35 156.74
255.35 25.55
257.35 132.04
259.35 114.13
261.35 41.4
263.36 322.95
265.36 40.49
267.35 359.81
269.36 419.72
271.35 445.83
273.35 450.2
275.35 35.85
277.36 102.84
279.36 22.64
281.36 575.44
283.35 525.4
285.35 27.2
287.35 305.71
289.35 25.64
291.35 295.57
293.35 434.62
295.36 662.95
297.36 407.13
299.36 29.27
301.36 777.54
303.35 34.05
305.36 474.6
307.35 410.74
309.35 25.54
311.35 243.82
313.36 24.15
315.36 374.82
317.35 383.59
319.35 39.25
321.36 441.79
323.35 29.19
325.35 439.02
327.36 24.13
329.35 212.13
331.36 204.73
333.35 39.52
335.35 115.45
337.35 24.08
339.35 121.14
341.35 75.58
343.35 41.03
345.36 208.26
347.36 40.63
349.36 229.93
351.36 22.62
353.36 2.59
355.35 262.93
357.35 243.49
359.35 252.71
361.36 43.99
363.36 294.49
365.36 288.7
367.36 363.84
369.36 383.83
371.35 38.23
373.35 20.76
375.35 39.18
377.35 194.92
379.36 468.78
381.36 28.99
383.36 327.1
385.36 25.49
387.37 225.71
389.35 425.95
391.35 345.83
393.35 349.37
395.36 27.33
397.36 421.24
399.36 27.24
401.35 546.37
403.35 558.94
405.35 31.43
407.35 37.94
409.35 32.71
411.35 255.78
413.36 480.4
415.36 332.84
417.36 16.46
419.36 27.03
421.37 172.65
423.35 27.19
425.35 297.67
427.36 373.28
429.36 45.7
431.36 470.42
433.36 38.68
435.36 588.63
437.37 611.6
439.35 639.99
441.35 256.18
443.35 36.09
445.36 633.5
447.36 28.97
449.36 446.8
451.36 660.49
453.36 33.22
455.35 589.18
457.35 22.7
459.35 449.64
461.36 555.14
463.36 110.91
465.36 606.79
467.36 31.44
469.36 189.72
471.36 33.65
473.6 553.44
475.6 447.98
477.61 35.75
479.61 576.24
481.61 47.0
483.61 278.57
485.38 26.81
487.61 283.4
489.6 275.27
491.6 48.74
493.61 507.45
495.61 31.2
497.61 170.76
499.61 105.7
501.61 36.94
503.61 153.13
505.62 26.42
507.6 158.5
509.6 32.02
511.61 184.36
513.61 188.1
515.61 40.29
517.61 241.01
519.62 25.61
521.61 426.65
523.6 509.61
525.6 40.0
527.61 467.93
529.61 25.24
531.61 562.46
533.6 29.19
535.61 53.38
537.62 522.07
539.6 31.51
541.6 606.04
543.61 34.07
545.61 209.96
547.61 286.6
549.61 255.16
551.61 257.92
553.61 40.19
555.61 318.54
557.6 31.39
559.6 421.91
561.61 470.46
563.61 39.59
565.61 118.84
567.61 25.6
569.61 157.15
571.61 201.42
573.6 233.06
575.6 311.41
577.61 39.6
579.61 457.54
581.61 29.33
583.61 503.08
585.61 579.36
587.61 36.98
589.6 218.41
591.6 19.4
593.6 328.09
595.61 433.47
597.61 566.84
599.61 627.11
601.62 39.13
603.6 658.46
605.62 31.45
607.6 121.17
609.61 780.01
611.61 38.11
613.61 815.89
615.61 27.39
617.61 858.78
619.61 843.51
621.62 41.62
623.6 752.42
625.6 26.15
627.61 774.43
629.61 24.23
631.61 888.85
633.61 912.98
635.61 31.44
637.61 89.6
639.62 39.13
641.6 870.51
643.61 269.22
645.61 36.96
647.61 338.38
649.61 39.42
651.61 367.71
653.61 23.35
655.61 456.14
657.6 320.11
659.61 33.93
661.61 460.56
663.61 39.98
665.61 184.53
667.61 235.59
669.61 41.21
671.61 201.49
673.6 31.34
675.6 264.31
677.61 27.26
679.61 384.54
681.61 453.18
683.61 27.24
685.61 500.78
687.61 47.16
689.6 468.95
691.6 270.63
693.61 45.62
695.61 2.32
697.61 27.24
699.61 383.74
701.6 27.12
703.61 392.98
705.6 458.04
707.6 38.4
709.61 550.4
711.61 30.34
713.61 596.9
715.61 684.33
717.61 54.13
719.62 289.57
721.62 50.23
723.85 480.65
725.86 28.14
727.86 396.35
729.86 565.27
731.86 35.27
733.86 605.56
735.86 41.46
737.87 109.36
739.85 171.22
741.85 37.9
743.86 99.27
745.86 48.74
747.86 283.56
749.86 28.31
751.86 344.91
753.86 356.68
755.85 52.05
757.85 110.54
759.86 28.01
761.86 507.41
763.86 561.86
765.86 322.52
767.86 505.96
769.87 32.51
771.86 182.9
773.85 39.13
775.86 587.62
777.86 338.17
779.86 31.51
781.86 550.13
783.86 31.53
785.86 598.13
787.87 312.29
789.85 626.26
791.86 529.2
793.86 29.27
795.86 444.85
797.86 25.61
799.86 778.86
801.87 546.73
803.87 27.23
805.87 259.13
807.86 33.89
809.86 207.34
811.86 91.33
813.86 216.15
815.86 318.75
817.86 40.0
819.87 341.82
821.86 27.25
823.85 101.32
825.86 122.6
827.86 29.57
829.86 25.65
831.86 35.5
833.86 84.7
835.86 93.79
837.87 167.41
839.85 314.93
841.85 31.34
