0.0 0.28
0.59 0.28
1.17 1.44
2.34 0.78
2.86 0.93
3.43 11.28
4.87 6.87
6.87 9.21
8.87 18.03
10.87 0.95
12.86 0.24
14.87 5.91
16.86 11.64
18.87 0.2
20.87 0.23
22.87 12.17
24.87 0.1
26.87 7.62
28.87 6.02
30.87 0.5
32.87 10.27
34.87 3.64
36.87 5.13
38.89 0.11
40.87 0.1
42.87 0.21
44.87 5.37
46.87 14.26
48.87 5.94
50.87 6.64
52.87 0.11
54.87 5.43
56.87 5.2
58.87 0.98
60.87 17.78
62.87 1.15
64.86 1.14
66.86 1.47
68.87 14.56
70.87 4.92
72.88 0.53
74.87 11.38
76.87 9.75
78.87 16.1
80.87 5.69
82.87 0.52
84.87 0.4
86.86 0.11
88.87 0.4
90.87 6.37
92.87 14.08
94.87 0.68
96.87 12.86
98.87 0.17
101.11 0.1
103.12 6.8
105.02 5.04
107.11 6.04
109.12 13.26
111.12 0.14
113.12 5.6
115.12 5.28
117.13 0.28
119.12 14.93
121.12 0.42
123.11 3.67
125.12 5.33
127.12 14.93
129.02 5.13
131.12 15.64
133.12 0.52
135.12 5.28
137.11 0.21
139.12 2.21
141.11 2.74
143.12 0.03
145.12 6.61
147.13 0.03
149.12 1.01
151.12 14.11
153.08 1.09
155.11 0.26
157.12 3.72
159.12 0.11
161.11 15.59
163.12 0.11
165.12 0.21
167.12 0.42
169.12 0.22
171.12 0.03
173.12 0.23
175.12 0.68
177.11 0.21
179.11 6.03
181.12 2.09
183.11 19.67
185.12 4.29
187.12 0.25
189.11 8.02
191.12 2.16
193.11 0.3
195.12 0.67
197.12 6.17
199.12 0.41
200.98 21.31
203.12 0.28
205.13 0.57
207.12 3.83
209.12 0.68
211.12 6.78
213.12 0.33
215.11 0.27
217.11 0.64
219.12 2.99
221.12 0.1
223.13 0.38
225.1 0.1
227.12 29.34
229.12 0.78
231.12 0.27
233.12 0.43
235.12 0.33
237.11 0.97
239.12 3.35
241.12 0.7
243.12 0.53
245.12 6.39
247.11 0.62
249.12 6.69
251.12 0.42
253.12 0.76
255.12 0.2
257.12 0.54
259.12 0.08
261.12 0.28
263.12 35.96
265.12 0.11
267.12 0.26
269.12 7.06
271.12 33.81
273.12 7.01
275.12 1.69
277.12 4.59
279.12 6.66
281.12 0.15
283.12 0.1
285.12 2.85
287.12 6.63
289.12 0.18
291.12 0.58
293.12 18.04
295.12 0.1
297.12 12.33
299.12 0.11
301.11 19.08
303.12 0.21
305.12 17.35
307.12 0.22
309.12 1.25
311.12 16.2
313.12 5.27
315.12 21.04
317.11 0.28
319.12 0.27
321.7 0.12
323.12 0.71
325.13 0.4
327.12 0.56
329.12 0.54
331.11 6.99
333.12 0.42
335.12 0.66
337.12 9.61
339.11 0.88
341.11 0.19
343.12 32.1
345.12 0.1
347.12 0.1
349.12 0.3
351.37 0.2
353.37 0.5
355.36 2.63
357.37 1.56
359.37 9.83
361.37 5.3
363.37 15.8
365.37 0.11
367.37 4.19
369.37 0.12
371.37 0.14
373.38 0.32
375.37 0.26
377.37 15.16
379.37 2.1
381.38 0.53
383.37 0.98
385.37 0.28
387.37 0.69
389.37 0.67
391.37 36.72
393.37 0.09
395.37 0.62
397.37 0.43
399.37 0.41
401.37 1.29
403.37 7.08
405.37 26.43
407.37 17.4
409.37 0.56
411.36 0.1
413.36 0.02
415.37 0.84
417.37 10.12
419.38 0.69
421.37 0.95
423.37 0.1
425.37 1.37
427.37 6.84
429.37 58.21
431.37 0.08
433.37 0.54
435.37 0.35
437.37 7.17
439.37 0.17
441.37 6.8
443.37 0.2
445.39 0.44
447.37 0.11
449.37 0.49
451.37 6.59
453.37 1.93
455.37 22.09
457.37 0.97
459.37 0.31
461.37 7.24
463.38 0.09
465.37 6.59
467.37 0.66
469.37 0.78
471.37 0.48
473.37 0.66
475.37 7.02
477.37 14.18
479.37 8.42
481.36 0.57
483.37 0.9
485.38 0.09
487.37 0.64
489.37 0.1
491.36 30.11
493.37 0.46
495.37 0.22
497.37 0.69
499.37 0.1
501.38 1.21
503.37 9.34
505.37 12.66
507.37 0.12
509.37 0.1
511.37 1.46
513.37 6.37
515.36 0.13
517.37 10.37
519.38 21.5
521.37 0.19
523.37 7.07
525.37 0.73
527.37 0.28
529.37 0.5
531.37 0.57
533.37 0.23
535.37 2.13
537.38 0.11
539.37 0.84
541.37 2.02
543.37 14.97
545.37 2.05
547.37 6.78
549.37 14.04
551.37 4.17
553.37 0.49
555.37 1.21
557.36 0.07
559.36 0.2
561.37 6.87
563.37 0.33
565.37 4.6
567.37 0.36
569.37 5.19
571.37 0.66
573.37 0.11
575.36 19.91
577.36 0.56
579.37 2.52
581.37 33.96
583.38 0.2
585.37 6.32
587.37 0.53
589.38 0.86
591.37 0.3
593.37 0.28
595.37 6.38
597.37 0.51
599.61 0.28
601.62 0.2
603.62 4.48
605.63 0.08
607.62 0.2
609.62 6.85
611.62 0.21
613.62 29.86
615.62 0.12
617.62 13.73
619.62 6.36
621.62 11.13
623.6 0.11
625.62 0.72
627.62 14.25
629.62 6.79
631.62 25.81
633.62 6.94
635.62 6.47
637.61 0.43
639.62 0.63
641.62 0.46
643.62 7.07
645.62 0.12
647.61 0.39
649.62 0.43
651.62 14.4
653.62 0.1
655.62 0.57
657.62 6.77
659.62 0.6
661.62 0.32
663.62 0.12
665.62 0.92
667.62 11.72
669.62 1.55
671.59 0.11
673.62 2.84
675.62 0.53
677.62 0.11
679.62 33.18
681.62 0.11
683.62 0.85
685.62 0.29
687.61 0.11
689.61 0.03
691.62 7.19
693.62 41.58
695.52 6.71
697.62 1.39
699.62 13.91
701.63 6.67
703.62 0.99
705.62 0.1
707.62 0.97
709.62 0.14
711.63 2.78
713.62 8.92
715.62 0.19
717.62 12.54
719.5 6.61
721.62 0.42
723.62 1.48
725.62 0.12
727.62 0.44
729.62 0.22
731.62 0.43
733.62 13.74
735.62 0.11
737.62 0.54
739.62 6.68
741.62 0.14
743.62 6.47
745.61 0.85
747.62 0.24
749.63 55.59
751.62 7.35
753.62 7.16
755.62 0.53
757.62 18.02
759.62 0.18
761.61 0.25
763.62 6.73
765.62 0.6
767.61 6.85
769.62 0.36
771.62 0.74
773.62 5.75
775.62 14.77
777.62 6.1
779.62 0.13
781.63 0.59
783.62 6.21
785.62 5.35
787.62 6.09
789.62 5.7
791.61 0.21
793.63 0.51
795.62 15.18
797.61 0.11
799.62 0.31
801.62 6.1
803.62 0.62
805.62 2.07
807.62 1.64
809.62 0.55
811.62 0.09
813.62 4.39
815.62 5.9
817.62 4.17
819.62 8.49
821.62 0.21
823.62 0.64
825.62 0.28
827.62 0.31
829.62 29.04
831.62 3.67
833.63 20.81
835.63 10.39
837.61 0.53
839.62 0.11
841.61 0.82
843.62 0.65
845.62 14.08
847.62 0.45
849.62 0.14
851.87 0.53
853.62 0.46
855.87 0.55
857.86 0.4
859.87 0.11
861.87 10.81
863.87 8.22
865.87 10.75
867.86 0.3
869.87 0.19
871.87 38.91
873.87 15.49
875.87 2.48
877.86 0.3
879.86 10.44
881.87 0.96
883.87 0.1
885.87 0.53
887.86 15.5
889.87 0.7
891.87 6.8
893.88 0.12
895.87 0.23
897.86 6.52
899.88 0.7
901.74 6.68
903.87 14.33
905.87 0.09
907.87 0.1
909.87 0.1
912.71 3.69
913.87 3.73
915.87 5.08
917.87 1.25
919.86 5.8
921.87 1.44
923.87 0.11
925.8 4.11
927.87 2.35
929.87 4.65
931.87 10.72
933.87 2.98
935.87 5.86
937.86 15.82
939.88 2.63
941.87 0.1
943.87 0.12
945.87 0.22
947.87 1.17
949.75 7.21
951.87 3.44
953.87 10.68
955.87 4.9
957.87 2.1
959.87 5.26
961.87 9.81
963.87 13.74
965.87 16.77
968.77 0.13
970.67 23.65
971.88 0.23
973.85 0.11
975.86 10.65
977.88 0.81
979.87 0.63
981.87 0.3
983.87 0.12
985.87 2.52
987.87 0.36
989.88 30.76
991.86 1.16
993.87 0.03
995.87 0.1
997.87 6.74
999.87 1.04
1001.87 2.08
1003.87 0.24
1005.87 0.06
1007.87 0.06
1009.88 1.71
1011.87 1.32
1013.87 1.43
1015.87 1.67
1017.87 0.18
1019.87 0.35
1021.87 6.71
1023.87 1.32
1025.88 0.35
1027.87 0.07
1029.87 0.1
1031.87 0.28
1033.87 0.03
1035.87 0.75
1037.87 0.14
1039.87 0.78
1041.87 0.34
1043.87 0.74
1045.87 6.45
1047.87 1.09
1049.87 0.32
1051.87 0.1
1053.87 0.4
1055.87 6.36
1057.87 0.26
1059.87 1.07
1061.87 0.96
1063.87 2.97
1065.87 0.26
1067.87 0.47
1069.87 0.14
1071.87 0.8
1073.87 1.6
1075.86 7.43
1077.87 0.09
1079.87 0.09
1081.87 1.15
1083.86 0.95
1085.87 1.34
1087.86 1.5
1089.87 6.56
1091.87 0.31
1093.88 0.08
1095.87 0.96
1097.87 23.85
1099.87 0.11
1101.87 1.42
1104.12 0.07
1106.12 10.08
1108.12 0.14
1110.12 0.11
1112.12 2.06
1114.12 0.2
1116.12 0.3
1117.93 0.13
1120.12 0.1
1122.12 0.91
1124.12 0.11
1126.12 1.19
1128.12 6.93
1130.12 0.7
1132.12 1.27
1134.11 1.4
1136.12 0.66
1138.12 6.57
1140.12 0.64
1142.12 6.7
1144.12 1.76
1146.12 0.1
1148.12 58.65
1150.12 0.64
1152.12 7.05
1154.12 0.21
1156.11 0.97
1158.12 0.12
1160.12 0.25
1162.13 6.76
1164.13 0.69
1166.12 6.95
1168.12 0.09
1170.12 0.25
1172.12 2.23
1174.13 1.22
1176.12 6.62
1178.12 1.07
1180.12 0.08
1182.12 0.11
1184.11 0.68
1186.12 0.06
1188.11 0.68
1190.12 6.45
1192.12 1.14
1194.12 0.57
1196.12 0.39
1198.12 0.31
1200.12 6.27
1202.12 1.07
1204.12 1.05
1206.12 0.71
1208.12 0.89
1210.12 6.67
1212.12 0.1
1214.12 0.06
1216.12 1.23
1218.12 0.12
1220.12 0.1
1222.12 1.28
1224.12 6.89
1226.12 0.81
1228.12 0.83
1230.12 1.12
1232.12 9.09
1234.12 0.1
1236.12 0.84
1238.12 7.02
1240.12 0.48
1242.11 0.76
1244.12 0.27
1246.12 15.15
1248.12 6.53
1250.12 1.05
1252.12 0.92
1254.12 1.12
1256.12 1.03
1258.12 0.29
1260.12 1.0
1262.12 0.28
1264.12 5.68
1266.13 0.94
1268.12 1.58
1270.12 0.97
1272.13 6.78
1274.12 1.13
1276.12 0.4
1278.12 7.29
1280.12 0.71
1282.12 6.73
1284.12 1.04
1286.12 7.2
1288.12 0.53
1290.12 1.27
1292.13 0.11
1294.12 0.98
1296.12 7.13
1298.12 21.67
1300.12 0.43
1302.12 0.95
1304.12 0.57
1306.12 0.27
1308.12 0.47
1310.12 0.07
1312.12 0.03
1314.12 0.59
1316.13 0.81
1318.12 1.02
1320.12 0.14
1322.12 0.57
1324.12 2.7
1326.12 1.62
1328.12 0.58
1330.12 0.06
1332.12 0.23
1334.12 6.89
1336.11 0.8
1338.11 0.68
1340.12 0.38
1342.12 0.93
1344.12 0.12
1346.12 0.71
1348.12 0.27
1350.38 0.61
1352.37 25.09
1354.37 0.1
1356.37 1.53
1358.38 0.08
1360.37 1.34
1362.37 2.14
1364.37 1.11
1366.36 0.78
1368.37 6.6
1370.37 0.65
1372.37 6.42
1374.37 0.65
1376.37 0.59
1378.37 6.81
1380.37 0.67
1382.37 7.07
1384.37 1.2
1386.37 0.58
1388.37 7.16
1390.37 0.71
1392.37 0.1
1394.38 0.3
1396.33 0.11
1398.37 0.24
1400.37 0.09
1402.37 0.1
1404.37 0.11
1406.37 0.1
1408.37 12.03
1410.37 0.56
1412.37 0.99
1414.37 0.34
1416.37 6.29
1418.37 0.7
1420.24 7.09
1422.37 14.28
1424.37 0.63
1426.37 0.09
1428.37 0.28
1430.37 7.24
1432.37 16.05
1434.37 0.09
1436.37 0.85
1438.37 0.54
1440.37 6.63
1442.37 1.01
1444.38 0.23
1446.37 1.0
1448.38 25.51
1450.37 0.07
1452.37 0.2
1454.37 0.06
1456.37 1.0
1458.37 1.25
1460.37 0.14
1462.37 1.32
1464.36 6.53
1466.37 0.68
1468.37 7.19
1470.37 0.4
1472.37 0.19
1474.37 6.69
1476.38 0.25
1478.37 6.48
1480.38 0.96
1482.37 6.32
1484.38 0.6
1486.37 0.92
1488.37 0.1
1490.37 0.45
1492.37 7.1
1494.37 3.99
1496.37 6.49
1498.37 35.89
1500.37 0.77
1502.37 0.1
1504.37 0.28
1506.37 0.79
1508.37 0.25
1510.37 0.54
1512.37 7.02
1514.37 0.53
1516.36 0.17
1518.37 10.91
1520.38 0.92
1522.37 0.11
1524.37 1.58
1526.37 0.07
1528.37 1.06
1530.37 1.56
1532.37 0.11
1534.37 0.21
1536.37 6.48
1538.37 0.54
1540.34 0.21
1542.38 1.24
1544.37 0.1
1546.37 0.1
1548.37 1.19
1550.37 0.1
1552.37 0.11
1554.37 9.49
1556.37 27.42
1558.37 2.12
1560.37 6.83
1562.37 0.7
1564.37 6.83
1566.37 1.71
1568.38 0.81
1570.37 6.62
1572.36 1.14
1574.38 0.09
1576.37 0.56
1578.37 0.74
1580.37 2.83
1582.37 0.75
1584.37 7.2
1586.36 0.57
1588.37 0.07
1590.37 0.09
1592.37 0.33
1594.37 0.07
1596.37 0.08
1598.37 0.08
1600.62 0.98
1602.59 0.1
1604.62 0.65
1606.62 0.61
1608.62 0.1
1610.62 14.5
1612.62 0.09
1614.62 13.2
1616.62 0.53
1618.62 10.24
1620.62 30.52
1622.62 7.14
1624.62 0.61
1626.61 0.1
1628.62 0.33
1630.62 0.19
1632.62 6.28
1634.62 1.02
1636.61 6.44
1638.62 1.35
1640.62 1.82
1642.62 0.39
1644.62 0.99
1646.62 6.28
1648.62 0.56
1650.6 0.11
1652.62 0.28
1654.63 0.77
1656.62 6.85
1658.62 0.11
1660.62 7.68
1662.62 4.82
1664.63 0.51
1666.62 6.26
1668.62 0.68
1670.62 0.1
1672.63 16.24
1674.49 44.15
1676.63 0.1
1678.62 9.76
1680.62 12.33
1682.62 0.48
1684.62 6.79
1686.62 0.17
1688.62 0.43
1690.62 0.11
1692.62 0.86
1694.63 0.06
1696.61 1.47
1698.53 6.69
1700.62 0.19
1702.62 0.39
1704.62 6.25
1706.63 0.39
1708.62 0.12
1710.62 0.08
1712.62 0.34
1714.62 0.28
1716.62 0.81
1718.62 7.11
1720.62 0.43
1722.62 6.29
1724.62 0.65
1726.62 1.36
1728.62 6.86
1730.62 0.79
1732.62 6.63
1734.61 0.35
1736.62 0.09
1738.62 0.43
1740.62 27.13
1742.62 0.19
1744.62 0.76
1746.62 6.78
1748.62 0.26
1750.62 0.09
1752.62 0.09
1754.62 0.12
1756.62 0.18
1758.63 1.67
1760.62 0.4
1762.62 0.11
1764.62 0.03
1766.62 0.06
1768.62 0.68
1770.62 6.45
1772.62 0.38
1774.62 0.15
1776.62 5.82
1778.62 0.77
1780.62 0.19
1782.62 0.59
1784.61 0.59
1786.62 0.06
1788.62 0.46
1790.62 0.06
1792.62 0.15
1794.62 0.15
1796.62 0.73
1798.61 0.73
1800.62 1.33
1802.62 1.33
1804.62 4.71
1806.62 4.92
1808.62 5.93
1810.62 8.71
1812.62 13.31
1814.62 0.3
1816.62 12.2
1818.62 6.15
1820.62 0.41
1822.62 0.83
1824.62 0.81
1826.62 19.65
1828.61 0.45
1830.62 0.53
1832.62 1.87
1834.62 0.58
1836.61 0.64
1838.62 0.09
1840.61 0.29
1842.62 0.16
1844.62 0.59
1846.62 0.31
1848.87 0.39
1850.62 0.66
1852.62 13.18
1854.62 0.82
1856.87 1.62
1858.87 0.98
1860.87 0.24
1862.88 0.21
1864.87 0.34
1866.87 6.95
1868.87 1.41
1870.87 0.45
1872.87 0.79
1874.87 1.02
1876.87 6.73
1878.87 0.82
1880.87 0.41
1882.87 0.28
1884.87 0.64
1886.87 0.29
1888.87 0.45
1890.87 0.1
1892.87 1.46
1894.87 0.03
1896.88 0.2
1898.87 21.27
1900.87 7.33
1902.87 7.33
1904.87 5.93
1906.87 0.2
1908.87 1.08
1910.87 6.96
1912.86 0.41
1914.87 0.1
1916.88 2.69
1918.88 1.38
1920.87 0.36
1922.87 11.06
1924.87 0.19
1926.87 0.49
1928.87 2.95
1930.87 0.11
1932.87 6.65
1934.87 6.29
1936.87 0.34
1938.87 0.11
1940.87 17.36
1942.87 0.33
1944.87 0.43
1946.86 0.3
1948.87 22.62
1950.87 12.76
1952.87 0.27
1954.88 1.81
1956.88 7.16
1958.87 0.55
1960.87 0.57
1962.87 0.21
1964.87 2.29
1966.87 0.34
1968.87 0.13
1970.87 1.33
1972.87 0.1
1974.87 0.3
1976.86 9.51
1978.87 0.55
1980.87 0.41
1982.87 0.11
1984.87 0.11
1986.87 5.83
1988.87 0.1
1990.87 0.55
1992.87 11.51
1994.87 4.41
1996.87 5.56
1998.87 0.79
2000.87 0.38
2002.87 19.16
2004.87 0.64
2006.87 21.83
2008.87 16.01
2010.87 0.11
2012.87 0.15
2014.87 17.77
2016.87 6.71
2018.87 3.2
2020.87 0.1
2022.87 0.11
2024.87 4.89
2026.87 3.5
2028.87 0.1
2030.87 4.9
2032.87 1.55
2034.89 17.47
2036.87 0.33
2038.87 14.53
2040.87 5.63
2042.87 0.41
2044.87 0.19
2046.86 0.21
2048.87 0.09
2050.87 7.08
2052.87 4.2
2054.87 7.21
2056.87 11.34
2058.88 0.33
2060.87 0.49
2062.87 0.3
2064.88 1.24
2066.87 10.52
2068.87 0.1
2070.87 0.54
2072.87 0.45
2074.87 0.86
2076.87 2.56
2078.87 0.12
2080.87 0.7
2082.87 0.2
2084.87 0.35
2086.87 0.68
2088.88 0.09
2090.87 0.52
2092.87 0.09
2094.87 0.7
2096.87 0.7
2098.87 0.15
2100.87 1.07
2103.19 20.62
2105.12 0.55
2107.12 0.08
2109.13 0.22
2111.13 10.81
2113.12 0.26
2115.12 0.32
2117.12 7.12
2119.12 0.5
2121.1 0.2
2123.12 1.13
2125.12 1.03
2127.12 0.39
2129.12 0.45
2131.12 0.15
2133.12 0.07
2135.12 0.43
2137.12 0.39
2139.12 0.97
2141.12 0.07
2143.12 0.32
2144.99 25.29
2147.12 24.25
2149.12 0.08
2151.12 0.27
2153.12 0.83
2155.12 0.03
2157.12 0.57
2159.12 0.77
2161.12 0.45
2163.12 0.6
2165.12 0.1
2167.12 0.8
2169.1 0.19
2171.12 1.07
2173.12 0.65
2175.12 0.22
2177.12 1.39
2179.12 7.22
2181.12 1.48
2183.12 0.56
2185.13 0.07
2187.12 0.22
2189.13 6.72
2191.12 0.2
2193.13 6.51
2195.12 0.1
2197.11 0.71
2199.12 0.19
2201.12 1.05
2203.12 0.06
2205.12 0.88
2207.12 0.84
2209.12 1.13
2211.12 1.93
2213.12 7.3
2215.12 2.41
2217.12 5.96
2219.12 2.15
2221.13 1.14
2223.12 0.06
2225.12 1.21
2227.12 0.06
2229.12 2.13
2231.12 1.5
2233.12 0.17
2235.12 57.82
2237.12 0.15
2239.12 0.83
2241.12 6.75
2243.12 0.84
2245.12 0.52
2247.12 7.36
2249.12 0.36
2251.12 6.89
2253.12 0.61
2255.12 1.06
2257.12 0.11
2259.12 0.63
2261.12 1.38
2263.6 3.24
2265.06 6.7
2267.12 0.85
2269.12 4.54
2271.12 8.83
2273.12 8.8
2275.12 4.77
2277.12 6.82
2279.12 0.31
2281.12 0.3
2283.12 9.92
2285.12 3.12
2287.12 4.69
2289.09 0.56
2291.12 0.14
2293.12 0.23
2295.12 0.11
2297.12 0.14
2299.12 0.2
2301.12 0.27
2303.12 0.34
2305.12 0.49
2307.12 21.13
2309.12 0.41
2311.12 8.17
2313.12 6.13
2315.13 13.66
2317.12 11.08
2319.12 7.45
2321.12 9.84
2323.12 0.1
2325.12 0.21
2327.12 0.31
2329.13 4.62
2331.12 10.54
2333.12 0.19
2335.12 1.17
2337.12 6.62
2339.13 0.48
2341.12 0.03
2343.12 7.07
2345.12 0.52
2347.12 6.47
2349.12 0.68
2351.12 0.41
2353.37 0.18
2355.12 0.34
2357.37 0.35
2359.37 0.42
2361.37 0.09
2363.38 0.61
2365.37 9.64
2367.37 0.11
2369.37 8.95
2371.37 4.57
2373.37 6.73
2375.37 4.07
2377.38 4.79
2379.37 15.1
2381.37 1.53
2383.37 3.22
2385.37 0.2
2387.37 17.62
2389.37 0.03
2391.37 1.99
2393.37 11.73
2395.37 9.12
2397.37 0.21
2399.38 0.47
2401.37 9.55
2403.37 3.52
2405.37 6.22
2407.37 7.27
2409.37 6.37
2411.37 0.24
2413.37 0.72
2415.37 0.51
2417.37 1.94
2419.37 16.15
2421.37 0.97
2423.38 0.7
2425.37 2.06
2427.37 1.07
2429.37 0.23
2431.37 0.28
2433.37 0.07
2435.37 0.96
2437.37 1.09
2439.38 0.12
2441.37 1.27
2443.37 0.09
2445.37 0.29
2447.38 0.46
2449.37 0.8
2451.37 0.4
2453.37 7.15
2455.37 0.26
2457.37 6.91
2459.37 0.57
2461.37 19.47
2463.37 5.68
2465.37 1.82
2467.37 6.68
2469.37 0.8
2471.37 0.5
2473.37 1.0
2475.37 0.1
2477.37 7.66
2479.37 1.44
2481.37 6.99
2483.37 1.5
2485.37 0.13
2487.37 0.77
2489.37 0.61
2491.37 0.29
2493.37 6.07
2495.37 0.54
2497.37 0.8
2499.37 0.81
2501.37 0.1
2503.38 0.99
2505.37 7.05
2507.37 0.88
2509.37 1.23
2511.38 0.15
2513.37 0.67
2515.37 7.43
2517.37 0.63
2519.37 0.84
2521.37 0.32
2523.37 18.71
2525.38 6.6
2527.37 0.56
2529.37 0.1
2531.37 4.11
2533.37 1.05
2535.37 0.15
2537.37 3.32
2539.37 0.2
2541.38 7.76
2543.37 5.21
2545.37 11.97
2547.37 1.52
2549.37 26.54
2551.37 6.83
2553.37 8.38
2555.36 5.23
2557.37 0.3
2559.37 0.28
2561.37 0.3
2563.38 6.99
2565.37 53.27
2567.37 0.92
2569.37 9.56
2571.37 7.36
2573.37 0.1
2575.37 0.28
2577.37 6.88
2579.37 0.31
2581.37 19.23
2583.37 0.46
2585.37 29.95
2587.37 6.34
2589.37 0.59
2591.37 0.55
2593.37 0.12
2595.37 6.06
2597.37 0.31
2599.62 25.58
2601.62 33.81
2603.62 0.84
2605.62 0.52
2607.62 5.48
2609.62 0.13
2611.62 21.43
2613.62 34.75
2615.48 6.77
2617.62 0.81
2619.62 0.95
2621.62 0.29
2623.62 0.86
2625.62 0.39
2627.62 6.07
2629.62 16.92
2631.62 18.26
2633.62 2.0
2635.62 7.15
2637.62 27.99
2639.54 3.76
2641.62 0.81
2643.62 0.59
2645.62 6.64
2647.62 0.79
2649.62 53.48
2651.62 0.69
2653.61 0.63
2655.62 0.89
2657.63 0.42
2659.62 7.23
2661.62 3.74
2663.49 6.67
2665.62 0.57
2667.62 0.62
2669.62 0.08
2671.62 0.41
2673.62 0.07
2675.62 0.46
2677.62 0.07
2679.62 0.11
2681.62 1.79
2683.62 0.38
2685.62 0.22
2687.62 6.65
2689.62 0.64
2691.62 1.78
2693.62 7.03
2695.62 0.6
2697.62 0.06
2699.62 0.18
2701.62 10.56
2703.62 0.2
2705.62 8.16
2707.62 7.26
2709.62 1.15
2711.62 6.55
2713.62 0.47
2715.63 7.2
2717.62 0.26
2719.62 0.22
2721.62 0.19
2723.62 0.3
2725.62 0.8
2727.62 0.48
2729.62 0.15
2731.62 0.2
2733.62 10.66
2735.6 0.1
2737.62 0.34
2739.62 0.74
2741.62 7.24
2743.62 11.04
2745.62 6.51
2747.62 1.12
2749.62 31.31
2751.62 1.22
2753.62 0.66
2755.62 12.7
2757.62 0.42
2759.59 0.22
2761.62 1.09
2763.63 1.11
2765.62 0.1
2767.62 1.16
2769.62 0.11
2771.63 0.99
2773.62 0.29
2775.62 1.42
2777.62 1.44
2779.62 0.1
2781.62 0.49
2783.62 26.5
2785.62 12.54
2787.62 0.42
2789.62 0.17
2791.63 1.0
2793.63 0.14
2795.62 4.71
2797.62 1.13
2799.62 0.52
2801.62 0.42
2803.63 6.48
2805.62 0.69
2807.63 42.42
2809.62 0.41
2811.62 0.17
2813.62 7.11
2815.62 0.56
2817.62 6.72
2819.63 0.06
2821.62 2.19
2823.62 1.73
2825.62 0.37
2827.63 0.06
2829.62 0.97
2831.62 6.59
2833.62 12.47
2835.62 0.5
2837.62 6.94
2839.62 1.37
2841.62 0.1
2843.62 1.58
2845.62 0.92
2847.62 10.52
2849.87 0.88
2851.62 0.09
2853.62 33.47
2855.62 6.72
2857.87 3.8
2859.88 0.09
2861.88 1.11
2863.87 0.63
2865.87 7.42
2867.87 11.68
2869.86 0.18
2871.88 0.14
2873.87 22.14
2875.87 0.08
2877.87 0.57
2879.87 6.54
2881.87 1.22
2883.88 1.52
2885.87 6.23
2887.87 0.85
2889.87 0.1
2891.88 1.61
2893.74 7.2
2895.87 1.03
2897.87 0.63
2899.87 0.11
2901.87 22.07
2903.87 6.8
2905.87 5.54
2907.87 2.09
2909.88 0.15
2911.87 21.51
2913.87 6.85
2915.87 0.67
2917.74 15.92
2919.87 0.8
2921.87 5.97
2923.87 0.28
2925.87 0.92
2927.87 0.09
2929.87 16.13
2931.87 0.8
2933.87 0.52
2935.87 10.16
2937.87 0.19
2939.87 0.61
2941.84 0.1
2943.88 0.87
2945.87 0.19
2947.87 7.05
2949.88 7.1
2951.87 0.31
2953.87 0.52
2955.87 0.61
2957.87 6.99
2959.87 0.08
2961.87 0.08
2963.88 1.11
2965.76 6.36
2967.87 0.09
2969.87 1.55
2971.87 6.97
2973.87 0.57
2975.87 0.09
2977.87 0.52
2979.88 0.9
2981.87 0.3
2983.87 4.75
2985.87 6.69
2987.87 1.02
2989.88 6.86
2991.87 0.26
2993.88 1.65
2995.87 0.2
2997.87 0.26
2999.87 7.13
3001.87 0.3
3003.87 0.83
3005.87 0.11
3007.87 0.6
3009.87 6.65
3011.87 0.71
3013.85 0.1
3015.87 57.79
3017.87 0.1
3019.87 0.14
3021.87 0.1
3023.87 0.18
3025.87 0.85
3027.87 0.75
3029.87 0.8
3031.87 1.98
3033.87 7.38
3035.87 1.02
3037.86 0.1
3039.87 0.52
3041.87 0.11
3043.88 6.63
3045.87 0.21
3047.87 0.11
3049.87 8.76
3051.95 0.22
3053.87 0.11
3055.87 0.42
3057.87 7.06
3059.87 8.03
3061.87 6.44
3063.87 1.22
3065.87 0.66
3067.88 6.52
3069.87 0.51
3071.88 0.12
3073.87 22.13
3075.87 1.2
3077.87 24.35
3079.87 0.4
3081.87 0.1
3083.87 0.39
3085.87 6.67
3087.87 0.69
3089.87 0.2
3091.88 0.26
3093.87 22.52
3095.87 0.23
3097.87 11.04
3099.87 0.61
3101.87 6.69
3103.87 0.03
3106.12 6.16
3108.13 0.2
3110.12 6.35
3112.12 0.44
3114.12 16.89
3116.12 6.92
3118.12 0.56
3120.13 17.2
3122.12 0.48
3124.12 1.89
3126.12 0.43
3128.12 4.21
3130.12 6.67
3132.12 0.32
3134.12 0.11
3136.12 0.96
3138.13 9.35
3140.12 9.35
3142.12 0.34
3144.12 0.11
3146.12 4.26
3148.12 0.14
3150.13 0.21
3152.12 0.47
3154.12 0.11
3156.12 0.11
3158.12 0.11
3160.12 14.61
3162.12 0.27
3164.12 1.21
3166.12 21.07
3168.12 0.11
3170.12 0.63
3172.12 8.6
3174.13 0.42
3176.12 0.52
3178.12 0.29
3180.12 5.76
3182.12 0.11
3184.12 17.26
3186.12 0.1
3188.13 3.16
3190.12 29.18
3192.12 0.23
3194.13 0.57
3196.12 4.32
3198.12 0.59
3200.12 0.64
3202.13 0.08
3204.13 0.69
3206.12 0.15
3208.13 1.92
3210.12 0.56
3212.12 0.4
3214.12 0.61
3216.12 6.83
3218.12 0.27
3220.12 1.08
3222.12 0.78
3224.13 0.43
3226.12 0.09
3228.12 0.53
3230.12 6.44
3232.12 0.2
3234.12 1.28
3236.12 6.36
3238.12 0.11
3240.45 0.14
3242.12 1.29
3244.13 5.04
3246.12 0.36
3248.12 0.07
3250.12 6.58
3252.12 0.1
3254.12 0.2
3256.12 0.68
3258.12 0.38
3260.13 0.84
3262.12 0.84
3264.12 6.84
3266.12 1.49
3268.12 0.5
3270.12 0.79
3272.12 8.67
3274.12 0.1
3276.13 0.42
3278.12 0.1
3280.12 0.34
3282.12 0.97
3284.13 24.51
3286.12 0.81
3288.12 34.78
3290.12 0.41
3292.13 0.93
3294.12 0.1
3296.13 0.83
3298.13 0.09
3300.12 0.36
3302.12 0.1
3304.12 0.58
3306.12 4.41
3308.12 6.66
3310.13 0.03
3312.12 18.21
3314.12 16.12
3316.13 27.03
3318.12 25.42
3320.12 1.29
3322.12 7.13
3324.12 1.14
3326.12 6.69
3328.13 1.05
3330.12 0.66
3332.12 22.85
3334.12 0.97
3336.12 6.72
3338.12 0.49
3340.12 1.26
3342.12 0.59
3344.12 1.95
3346.12 7.12
3348.12 0.83
3350.13 0.07
3352.12 0.25
3354.37 0.44
3356.37 0.37
3358.37 1.15
3360.37 0.14
3362.37 0.33
3364.37 6.38
3366.37 1.94
3368.37 0.09
3370.37 6.57
3372.37 0.24
3374.37 7.02
3376.37 0.11
3378.37 0.68
3380.37 0.34
3382.37 1.5
3384.37 0.11
3386.38 0.59
3388.36 0.19
3390.37 0.66
3392.38 0.78
3394.38 0.1
3396.37 0.68
3398.36 0.2
3400.37 0.97
3402.38 4.32
3404.37 0.27
3406.37 1.0
3408.37 13.62
3410.37 0.96
3412.24 6.94
3414.37 1.13
3416.37 1.65
3418.37 7.21
3420.37 1.21
3422.37 0.07
3424.38 0.09
3426.38 0.39
3428.37 0.67
3430.38 1.13
3432.36 7.21
3434.37 1.19
3436.37 8.03
3438.37 1.28
3440.37 1.32
3442.37 0.11
3444.37 0.56
3446.37 0.12
3448.37 1.01
3450.37 0.84
3452.37 0.11
3454.37 0.25
3456.37 0.1
3458.37 0.44
3460.35 0.1
3462.37 6.29
3464.37 4.44
3466.37 30.32
3468.37 0.79
3470.38 6.82
3472.37 0.27
3474.38 0.66
3476.37 0.49
3478.37 2.43
3480.37 37.29
3482.37 4.99
3484.36 0.08
3486.38 0.73
3488.38 0.6
3490.37 6.48
3492.37 1.1
3494.37 0.1
3496.38 0.48
3498.37 0.27
3500.37 3.29
3502.37 0.42
3504.38 0.18
3506.37 1.19
3508.37 7.22
3510.38 0.21
3512.37 24.58
3514.37 0.21
3516.37 0.5
3518.37 7.11
3520.37 0.49
3522.37 0.23
3524.37 0.11
3526.37 0.12
3528.37 0.1
3530.37 0.38
3532.37 9.94
3534.37 0.13
3536.37 0.28
3538.37 0.21
3540.37 5.58
3542.37 0.1
3544.37 14.55
3546.37 2.01
3548.37 0.26
3550.37 0.3
3552.37 6.69
3554.37 0.65
3556.37 6.89
3558.38 8.2
3560.38 18.56
3562.37 0.1
3564.37 26.02
3566.37 0.1
3568.37 37.33
3570.37 0.43
3572.37 4.96
3574.38 1.19
3576.37 0.1
3578.37 1.26
3580.37 0.1
3582.37 0.03
3584.37 0.75
3586.38 0.11
3588.37 0.54
3590.37 7.1
3592.37 0.75
3594.38 0.3
3596.37 0.32
3598.38 0.96
3600.37 0.19
3603.92 5.25
3604.83 0.09
3606.62 0.26
3608.63 0.51
3610.62 0.09
3612.62 0.18
3614.63 12.26
3616.62 0.4
3619.38 6.92
3620.62 56.26
3622.62 56.26
3624.62 0.43
3626.62 0.53
3628.63 7.06
3630.62 0.13
3632.62 5.66
3634.63 0.56
3636.62 0.43
3638.63 7.14
3640.62 0.1
3642.61 0.2
3644.62 1.11
3646.63 0.41
3648.62 0.17
3650.62 0.43
3652.63 6.81
3654.62 0.96
3656.63 0.41
3658.63 0.44
3660.62 0.97
3662.62 0.07
3664.62 0.45
3666.49 7.24
3668.62 5.79
3670.63 1.44
3672.62 0.18
3674.62 0.85
3676.45 0.17
3678.62 0.05
3680.62 0.51
3682.62 0.92
3684.63 1.78
3686.62 6.84
3688.62 1.69
3690.49 7.26
3692.62 0.09
3694.62 6.72
3696.63 7.67
3698.62 1.0
3700.63 7.18
3702.62 0.42
3704.62 1.62
3706.62 0.52
3708.62 0.77
3710.63 7.34
3712.62 0.08
3714.51 6.52
3716.62 12.09
3718.62 0.78
3720.62 6.92
3722.62 0.29
3724.62 7.24
3726.62 0.68
3728.62 0.08
3730.63 0.96
3732.62 0.67
3734.62 6.89
3736.62 0.4
3738.63 6.73
3740.62 0.66
3742.62 0.87
3744.62 7.35
3746.62 0.09
3748.62 6.79
3750.62 1.79
3752.62 0.28
3754.62 0.11
3756.62 0.47
3758.62 6.64
3760.62 1.09
3762.62 0.18
3764.62 0.91
3766.62 1.18
3768.62 0.09
3770.63 18.65
3772.62 13.56
3774.62 9.72
3776.62 0.21
3778.62 0.32
3780.62 15.6
3782.62 7.03
3784.62 0.9
3786.62 6.76
3788.62 1.03
3790.62 0.94
3792.62 11.16
3794.62 0.41
3796.62 7.32
3798.62 7.58
3800.62 9.39
3802.62 8.95
3804.62 13.33
3806.62 0.1
3808.62 1.59
3810.61 0.19
3812.63 0.48
3814.62 0.7
3816.62 0.1
3818.62 23.59
3820.62 7.02
3822.62 2.69
3824.62 0.63
3826.63 0.22
3828.62 3.07
3830.62 6.97
3832.62 11.66
3834.62 6.56
3836.62 0.19
3838.62 0.03
3840.62 0.12
3842.63 9.76
3844.62 15.48
3846.62 13.72
3848.63 0.23
3850.87 0.41
3852.62 0.53
3854.87 0.11
3856.62 19.76
3858.87 6.26
3860.87 0.09
3862.87 1.35
3864.87 0.33
3866.88 0.52
3868.87 0.1
3870.87 0.11
3872.88 0.28
3874.88 0.11
3876.87 3.06
3878.88 0.11
3880.88 0.68
3882.87 6.3
3884.87 0.58
3886.87 19.25
3888.87 19.25
3890.87 0.33
3892.87 35.69
3894.87 1.1
3896.87 7.45
3898.87 0.43
3900.87 0.39
3902.88 6.88
3904.87 0.73
3906.88 6.47
3908.87 1.3
3910.87 0.03
3912.87 6.89
3914.87 0.51
3916.87 0.21
3918.87 14.36
3920.87 0.03
3922.87 0.27
3924.87 0.7
3926.87 6.35
3928.87 0.56
3930.87 7.08
3932.87 0.42
3934.88 20.94
3936.87 37.47
3938.87 7.6
3940.87 6.82
3942.88 9.36
3944.87 1.15
3946.87 0.27
3948.88 0.52
3950.87 6.49
3952.87 0.58
3954.87 6.78
3956.87 0.57
3958.87 1.16
3960.88 0.14
3962.87 0.3
3964.87 0.1
3966.87 0.46
3968.87 0.84
3970.87 0.3
3972.88 0.33
3974.87 6.62
3976.87 8.55
3978.87 0.3
3980.88 0.96
3982.88 0.23
3984.87 0.11
3986.87 0.62
3988.87 0.11
3990.88 16.07
3992.87 10.65
3994.87 15.88
3996.88 0.43
3998.88 0.25
4000.87 1.18
4002.87 6.64
4004.87 0.51
4006.88 0.09
4008.87 0.1
4010.87 1.01
4012.87 0.22
4014.87 0.96
4016.87 0.15
4018.87 0.69
4020.87 1.21
4022.88 0.08
4024.87 1.31
4026.87 0.19
4028.87 0.98
4030.87 1.14
4032.87 0.34
4034.87 0.28
4036.88 6.54
4038.87 0.6
4040.87 0.39
4042.87 0.44
4044.87 1.3
4046.87 0.11
4048.88 0.66
4050.87 6.73
4052.88 9.07
4054.87 0.89
4056.87 0.41
4058.88 0.12
4060.88 0.08
4062.87 0.09
4064.87 1.04
4066.87 0.22
4068.87 0.64
4070.88 6.05
4072.88 0.13
4074.88 6.5
4076.87 0.85
4078.87 0.85
4080.87 7.42
4082.87 1.24
4084.88 0.2
4086.87 8.17
4088.87 0.65
4090.88 0.96
4092.87 0.13
4094.87 0.1
4096.87 0.69
4098.88 0.2
4100.87 0.69
4102.88 0.27
4104.87 0.13
4107.12 0.79
4109.12 20.29
4111.13 0.03
4112.98 6.41
4115.12 40.86
4117.12 18.64
4119.12 0.11
4121.12 5.51
4123.12 0.39
4125.14 0.69
4127.12 0.93
4129.12 0.79
4131.12 0.79
4133.13 0.39
4135.12 0.79
4137.11 0.09
4139.12 0.3
4141.12 0.32
4143.12 7.02
4145.12 14.71
4147.12 7.21
4149.12 0.77
4151.12 0.64
4153.13 0.25
4155.12 0.41
4157.12 0.09
4159.12 5.8
4161.11 0.29
4163.12 2.47
4165.12 0.84
4167.13 0.19
4169.12 9.3
4171.12 6.63
4173.13 0.46
4175.12 0.58
4177.12 0.27
4179.12 0.77
4181.12 6.9
4183.12 1.15
4185.11 0.09
4187.12 0.58
4189.12 0.53
4191.12 0.1
4193.69 0.72
4195.12 0.09
4197.12 8.42
4199.12 33.89
4201.12 0.88
4203.12 0.95
4205.12 6.84
4207.12 0.95
4208.99 6.61
4211.12 15.79
4213.12 1.26
4215.12 6.57
4217.12 0.77
4219.12 6.84
4221.12 0.53
4223.12 4.09
4225.12 0.4
4227.12 0.39
4229.12 6.87
4231.12 0.41
4233.12 6.81
4235.12 0.44
4237.13 0.53
4239.12 6.39
4241.12 0.38
4243.12 6.59
4245.12 53.74
4247.13 3.79
4249.12 1.02
4251.12 0.95
4253.12 0.06
4255.12 0.06
4257.13 6.03
4259.12 1.11
4261.12 0.13
4263.12 0.29
4265.12 0.08
4267.12 14.36
4269.12 0.68
4271.12 0.25
4273.12 0.14
4275.12 21.95
4277.12 0.09
4279.12 3.39
4281.12 6.25
4283.12 0.54
4285.12 1.93
4287.12 5.95
4289.12 0.27
4291.12 5.5
4293.12 0.54
4295.12 13.47
4297.12 0.39
4299.12 5.96
4301.12 6.21
4303.13 6.44
4305.12 8.19
4307.12 0.62
4309.13 8.2
4311.12 19.99
4313.12 5.58
4315.12 0.1
4317.12 0.22
4319.13 18.81
4321.23 0.26
4323.12 0.23
4325.13 6.19
4327.12 2.56
4329.12 6.39
4331.12 15.19
4333.12 0.35
4335.12 0.2
4337.12 0.4
4339.12 0.12
4341.12 8.8
4343.12 0.61
4345.12 17.41
4347.12 0.64
4349.13 0.2
4351.12 20.62
4353.12 8.75
4355.37 4.26
4357.37 0.71
4359.37 0.26
4361.37 1.77
4363.37 0.1
4365.37 13.41
4367.38 16.74
4369.37 15.77
4371.37 0.86
4373.37 0.1
4375.38 31.04
4377.38 6.49
4379.37 0.1
4381.37 4.49
4383.37 4.33
4385.37 23.96
4387.37 6.87
4389.37 11.71
4391.37 0.76
4393.37 0.8
4395.37 0.21
4397.37 0.1
4399.37 5.22
4401.37 6.79
4403.37 0.56
4405.37 0.72
4407.37 5.81
4409.37 1.42
4411.37 9.64
4413.38 0.95
4415.37 0.3
4417.37 10.28
4419.38 1.23
4421.37 0.27
4423.37 30.14
4425.37 7.06
4427.37 0.89
4429.37 1.32
4431.37 0.11
4433.37 0.08
4435.37 0.08
4437.37 2.92
4439.38 0.08
4441.37 1.19
4443.37 0.15
4445.37 20.57
4447.37 20.57
4449.37 0.15
4451.37 0.15
4453.97 0.99
4455.37 1.65
4457.37 2.17
4459.37 5.47
4461.92 7.41
4463.39 11.9
4465.37 9.52
4467.37 0.31
4469.37 0.21
4471.38 4.17
4473.37 5.9
4475.38 5.91
4477.37 3.86
4479.37 0.27
4481.37 3.17
4483.37 6.54
4485.37 13.96
4487.37 0.55
4489.37 0.44
4491.37 16.97
4493.37 0.1
4495.37 0.41
4497.37 6.44
4499.38 0.65
4501.38 4.9
4503.38 0.23
4505.37 1.93
4507.37 6.63
4509.37 0.64
4511.38 0.59
4513.37 0.55
4515.37 0.44
4517.38 0.22
4519.37 0.71
4521.38 0.21
4523.37 0.67
4525.37 7.31
4527.37 0.26
4529.47 0.78
4531.37 0.1
4533.37 0.6
4535.37 0.54
4537.37 0.54
4539.37 8.65
4541.37 0.03
4543.38 4.27
4545.37 0.31
4547.37 0.71
4549.37 0.52
4551.37 7.7
4553.37 7.92
4555.38 10.18
4557.37 18.64
4559.37 1.42
4561.37 0.52
4563.37 14.15
4565.37 6.69
4567.37 13.8
4569.37 0.19
4571.37 13.86
4573.38 1.06
4575.38 1.04
4577.37 0.9
4579.37 6.95
4581.37 1.19
4583.38 0.19
4585.37 0.33
4587.37 0.08
4589.37 0.85
4591.37 0.97
4593.38 0.06
4595.37 0.5
4597.37 0.2
4599.37 0.23
4601.37 0.44
4603.62 0.1
4605.62 5.33
4607.49 6.64
4609.63 0.97
4611.62 0.65
4613.63 0.92
4615.62 1.02
4617.63 6.9
4619.62 0.83
4621.62 1.41
4623.62 0.33
4625.62 6.72
4627.62 0.1
4629.62 0.67
4631.6 0.1
4633.62 1.45
4635.62 0.69
4637.62 0.28
4639.62 48.66
4641.62 7.2
4643.62 0.4
4645.63 0.31
4647.62 10.57
4649.62 0.41
4651.62 7.65
4653.63 8.46
4655.5 7.04
4657.62 0.49
4659.62 0.2
4661.62 6.39
4663.63 0.34
4665.62 6.64
4667.63 0.92
4669.62 0.34
4671.62 6.83
4673.62 0.92
4675.62 0.11
4677.62 0.4
4679.62 0.09
4681.63 0.78
4683.62 0.35
4685.62 0.09
4687.62 0.74
4689.62 0.09
4691.62 0.96
4693.63 0.95
4695.62 0.65
4697.62 0.7
4699.62 0.17
4701.62 0.41
4703.62 0.09
4705.62 0.74
4707.62 0.73
4709.62 0.11
4711.62 0.58
4713.62 7.14
4715.62 8.74
4717.62 0.71
4719.62 0.59
4721.62 2.24
4723.62 6.84
4725.62 37.47
4727.6 0.1
4729.62 8.66
4731.62 0.29
4733.62 0.4
4735.62 0.63
4737.62 6.55
4739.62 1.1
4741.62 10.93
4743.62 50.74
4745.63 0.14
4747.62 6.49
4749.63 3.37
4751.62 6.11
4753.62 0.52
4755.62 0.35
4757.62 0.7
4759.62 0.34
4761.63 6.64
4763.62 6.99
4765.63 29.15
4767.62 0.56
4769.62 8.12
4771.62 6.96
4773.62 0.1
4775.6 0.1
4777.62 0.65
4779.62 6.82
4781.62 0.1
4783.64 0.4
4785.62 0.3
4787.62 4.44
4789.62 4.32
4791.63 0.77
4793.62 11.91
4795.62 6.54
4797.62 17.75
4799.63 7.02
4801.62 4.93
4803.62 0.26
4805.62 6.37
4807.62 0.83
4809.63 6.91
4811.62 12.32
4813.62 0.1
4815.62 0.67
4817.62 0.03
4819.62 6.72
4821.62 0.42
4823.62 0.09
4825.62 0.03
4827.62 0.12
4829.62 6.79
4831.63 1.57
4833.62 6.47
4835.62 0.52
4837.62 0.89
4839.62 0.54
4841.62 12.16
4843.62 0.09
4845.62 0.16
4847.62 6.56
4849.62 22.84
4851.62 0.8
4853.87 7.11
4855.62 0.08
4857.87 0.09
4859.87 2.32
4861.78 8.86
4863.87 8.61
4865.88 10.26
4867.87 7.76
4869.87 5.36
4871.87 5.96
4873.87 0.21
4875.87 17.46
4877.88 18.35
4879.87 19.49
4881.87 1.32
4883.87 3.81
4885.86 0.1
4887.87 7.98
4889.87 0.21
4891.88 3.69
4893.88 0.21
4895.87 4.98
4897.87 2.44
4899.87 7.72
4901.88 0.41
4903.88 11.37
4905.87 5.46
4907.87 10.81
4909.88 0.32
4911.87 0.42
4913.87 12.37
4915.87 6.85
4917.88 11.77
4919.87 0.22
4921.87 5.63
4923.87 4.89
4925.88 0.4
4927.87 13.49
4929.87 0.11
4931.87 19.56
4933.75 8.35
4935.87 5.93
4937.87 0.21
4939.88 0.36
4941.88 22.0
4943.76 5.95
4945.87 7.23
4947.88 0.27
4949.87 0.45
4951.87 3.13
4953.87 0.1
4955.87 0.86
4957.87 0.09
4959.87 18.41
4961.87 24.07
4963.87 6.43
4965.88 0.4
4967.87 0.1
4969.88 42.56
4971.87 4.36
4973.87 0.84
4975.87 0.7
4977.88 6.58
4979.87 30.95
4981.88 50.79
4983.87 0.4
4985.87 1.04
4987.87 0.14
4989.87 0.54
4991.87 6.52
4993.87 0.66
4995.87 0.45
4997.87 0.44
4999.87 0.57
5001.87 51.51
5003.87 0.14
5005.84 0.1
5007.88 0.6
5009.87 8.03
5011.88 0.1
5013.87 28.69
5015.87 6.61
5017.88 0.76
5019.87 0.81
5021.88 4.15
5023.88 0.71
5025.87 6.97
5027.87 0.88
5029.88 0.08
5031.87 0.49
5033.87 0.74
5035.87 0.08
5037.87 0.73
5039.87 0.09
5041.87 8.45
5043.88 1.16
5045.87 0.1
5047.87 0.56
5049.87 0.1
5051.88 3.47
5053.87 6.77
5055.87 0.94
5057.88 0.92
5059.87 6.97
5061.88 0.53
5063.87 9.76
5065.87 1.29
5067.87 3.3
5069.87 0.93
5071.87 0.31
5073.87 6.71
5075.87 0.82
5077.87 0.08
5079.87 5.88
5081.88 0.93
5083.87 0.11
5085.87 1.04
5087.88 0.08
5089.87 0.82
5091.87 0.72
5093.87 0.81
5095.87 1.18
5097.87 7.05
5099.88 0.41
5101.88 6.92
5103.87 1.3
5105.88 0.87
5108.12 0.1
5110.13 1.15
5112.12 0.09
5114.13 1.01
5116.12 0.41
5118.12 0.21
5120.12 1.0
5122.12 0.19
5124.12 0.39
5126.12 7.18
5128.12 0.8
5130.13 1.45
5132.14 5.39
5134.12 0.43
5136.12 0.08
5138.13 0.66
5140.12 0.08
5142.13 0.5
5144.12 1.17
5146.13 7.07
5148.13 1.12
5150.12 0.09
5152.12 0.95
5154.12 11.76
5156.12 0.1
5158.12 4.79
5160.12 7.12
5162.13 1.57
5164.12 4.91
5166.12 0.35
5168.12 0.74
5170.13 6.4
5172.12 0.42
5174.12 6.98
5176.12 0.83
5178.12 1.08
5180.12 0.85
5182.12 0.96
5184.13 7.16
5186.13 0.55
5188.13 0.41
5190.12 0.16
5192.12 1.2
5194.12 0.1
5196.13 12.6
5198.12 0.09
5200.12 0.79
5202.12 0.63
5204.12 2.55
5206.12 0.58
5208.12 7.07
5210.13 0.09
5212.12 0.82
5214.12 0.85
5216.12 0.03
5218.12 6.66
5220.12 0.17
5222.12 0.06
5224.12 0.84
5226.13 0.07
5228.12 0.58
5230.12 0.28
5232.13 6.96
5234.13 0.3
5236.12 0.71
5238.12 1.04
5240.12 0.08
5242.13 6.58
5244.12 0.22
5246.12 0.19
5248.12 1.32
5250.12 0.46
5252.12 0.1
5254.12 1.61
5256.12 39.95
5258.12 0.66
5260.12 0.84
5262.12 0.58
5264.12 0.72
5266.12 7.07
5268.12 1.42
5270.12 0.1
5272.12 0.03
5274.12 1.74
5276.12 7.27
5278.7 10.53
5280.12 6.71
5282.13 30.37
5284.12 4.0
5286.12 0.1
5288.12 1.26
5290.13 6.7
5292.12 3.89
5294.12 0.09
5296.12 0.81
5298.12 0.49
5300.12 0.22
5302.12 0.43
5304.12 0.26
5306.12 0.61
5308.12 1.06
5310.12 1.01
5312.12 1.0
5314.12 0.1
5316.12 0.52
5318.12 7.01
5320.13 0.28
5322.12 0.79
5324.12 0.52
5326.12 0.96
5328.12 6.73
5330.12 0.77
5332.13 1.28
5334.13 0.22
5336.13 0.94
5338.12 6.88
5340.13 0.56
5342.12 56.95
5344.12 0.83
5346.13 0.54
5348.12 1.79
5350.12 0.52
5352.12 0.11
5354.12 1.56
5356.35 6.58
5358.37 1.15
5360.38 9.13
5362.37 0.19
5364.37 0.44
5366.37 0.1
5368.37 10.71
5370.38 0.8
5372.37 0.43
5374.38 3.48
5376.38 19.72
5378.37 19.77
5380.35 0.2
5382.37 0.45
5384.37 0.62
5386.37 6.97
5388.38 11.96
5390.39 0.1
5392.37 9.77
5394.37 9.99
5396.37 0.28
5398.37 0.39
5400.37 6.65
5402.38 0.77
5404.35 0.21
5406.37 0.31
5408.37 0.42
5410.37 0.23
5412.37 0.49
5414.37 6.95
5416.37 20.66
5418.37 0.66
5420.37 7.76
5422.37 20.92
5424.37 0.09
5426.37 0.27
5428.23 6.85
5430.37 0.98
5432.37 12.26
5434.37 0.09
5436.37 0.51
5438.37 6.42
5440.37 1.5
5442.37 0.52
5444.37 15.16
5446.37 13.21
5448.38 0.11
5456.35 0.56
5459.35 3.02
5460.29 3.85
5461.47 4.14
5462.46 4.45
5462.97 6.55
5463.99 7.18
5465.34 6.55
5466.37 6.34
5468.37 12.4
5470.37 0.3
5472.37 5.38
5474.37 0.42
5476.33 2.56
5478.38 1.47
5480.37 0.23
5482.37 6.08
5484.37 1.12
5486.37 6.83
5488.37 6.1
5490.37 0.36
5492.38 0.27
5494.37 0.1
5496.37 6.35
5498.37 5.2
5500.36 0.1
5502.37 0.46
5504.38 2.48
5506.37 6.27
5508.37 0.28
5510.37 0.19
5512.38 22.11
5514.37 0.48
5516.37 8.63
5518.37 0.21
5520.38 6.98
5522.37 0.23
5524.37 6.52
5526.37 0.91
5528.37 0.17
5530.37 0.15
5532.38 0.26
5534.38 7.0
5536.37 0.39
5538.37 0.65
5540.37 0.34
5542.37 0.1
5544.37 6.92
5546.37 0.22
5548.37 6.59
5550.37 0.68
5552.37 0.59
5554.37 0.09
5556.38 0.28
5558.37 6.59
5560.37 0.7
5562.37 9.62
5564.37 0.14
5566.37 0.31
5568.37 0.2
5570.37 0.96
5572.37 0.09
5574.37 0.82
5576.37 0.08
5578.37 0.18
5580.37 20.62
5582.37 6.13
5584.39 0.62
5586.37 0.94
5588.38 9.7
5590.37 2.57
5592.37 0.17
5594.37 7.31
5596.37 18.39
5598.38 0.81
5600.37 0.13
5602.37 0.13
5604.63 0.47
5606.63 6.33
5608.62 0.69
5610.63 0.08
5612.62 0.56
5614.63 0.1
5616.63 6.71
5618.63 0.95
5620.41 0.06
5622.62 0.41
5624.62 0.09
5626.62 0.28
5628.63 0.27
5630.63 0.06
5632.62 1.02
5634.49 6.85
5636.62 0.09
5638.62 0.8
5640.62 0.26
5642.63 0.28
5644.62 6.73
5646.63 0.83
5648.62 0.86
5650.62 0.11
5652.63 0.84
5654.62 0.08
5656.62 0.86
5658.48 6.69
5660.63 3.44
5662.62 1.76
5664.62 6.72
5666.64 1.45
5668.62 0.1
5670.62 0.83
5672.62 1.9
5674.62 0.97
5676.63 0.52
5678.63 6.03
5680.62 6.43
5682.48 6.48
5684.62 0.29
5686.62 0.09
5688.62 0.15
5690.62 0.03
5692.62 7.24
5694.62 0.84
5696.62 0.99
5698.62 0.83
5700.62 0.72
5702.62 0.11
5704.62 0.42
5706.49 7.1
5708.63 1.2
5710.62 0.13
5712.62 7.15
5714.62 0.56
5716.62 6.71
5718.62 1.03
5720.62 0.03
5722.62 0.99
5724.63 0.99
5726.62 7.04
5728.62 0.66
5730.62 6.61
5732.62 0.91
5734.62 0.1
5736.62 0.06
5738.62 0.46
5740.62 0.11
5742.62 13.74
5744.62 0.68
5746.62 0.1
5748.63 0.1
5750.63 0.21
5752.62 0.61
5754.62 7.0
5756.62 17.64
5758.62 0.74
5760.62 0.21
5762.62 0.99
5764.62 0.2
5766.62 0.42
5768.63 1.33
5770.62 0.78
5772.62 0.56
5774.62 0.1
5776.63 50.23
5778.62 0.09
5780.62 0.53
5782.62 2.03
5784.62 0.15
5786.62 0.07
5788.62 58.98
5790.63 1.0
5792.62 1.12
5794.62 0.51
5796.62 0.64
5798.63 6.47
5800.62 10.35
5802.62 6.29
5804.62 9.04
5806.62 0.53
5808.62 0.1
5810.62 0.82
5812.62 7.16
5814.62 0.96
5816.62 0.72
5818.62 0.21
5820.63 1.01
5822.62 0.1
5824.62 0.8
5826.62 6.9
5828.63 0.69
5830.62 0.57
5832.62 0.15
5834.62 0.1
5836.62 0.29
5838.62 0.69
5840.62 1.43
5842.62 0.83
5844.62 0.8
5846.62 6.82
5848.62 1.28
5850.62 0.1
5852.87 7.98
5854.87 0.31
5856.87 14.52
5858.88 0.4
5860.87 6.7
5862.88 0.85
5864.87 0.56
5866.87 9.75
5868.87 0.14
5870.87 0.17
5872.88 0.42
5874.87 6.97
5876.87 1.03
5878.87 0.86
5880.87 0.26
5882.87 0.8
5884.87 6.87
5886.87 0.15
5888.87 56.45
5890.88 0.14
5892.87 1.09
5894.87 0.17
5896.87 1.33
5898.87 0.17
5900.87 11.08
5902.87 0.48
5904.87 0.28
5906.88 22.64
5908.88 6.9
5910.87 0.49
5912.87 7.48
5914.87 8.16
5916.87 3.83
5918.88 0.1
5920.88 32.62
5922.88 0.1
5924.87 0.5
5926.87 0.64
5928.88 0.1
5930.87 0.46
5932.87 6.55
5934.87 9.16
5936.89 9.16
5938.87 0.11
5940.87 0.3
5942.87 0.19
5944.87 15.38
5946.87 6.65
5948.88 0.49
5950.88 8.24
5952.87 0.29
5954.87 0.85
5956.87 0.08
5958.88 0.67
5960.87 0.94
5962.88 63.74
5964.87 0.28
5966.87 0.06
5968.88 5.03
5970.87 6.7
5972.88 0.32
5974.87 0.35
5976.87 0.14
5978.87 0.4
5980.87 6.96
5982.87 0.56
5984.87 0.51
5986.88 10.04
5988.87 0.39
5990.88 0.12
5992.87 0.22
5994.87 0.12
5996.88 14.83
5998.87 0.45
6000.87 6.98
6002.87 7.15
6004.87 0.21
6006.87 3.41
6008.87 10.25
6010.87 0.5
6012.87 0.42
6014.87 0.2
6016.87 6.42
6018.87 0.2
6020.87 0.44
6022.88 7.35
6024.87 0.11
6026.87 0.73
6028.87 17.58
6030.88 0.42
6032.88 0.1
6034.88 0.12
6036.87 2.24
6038.88 0.21
6040.88 5.2
6042.87 5.55
6044.87 5.28
6046.88 0.29
6048.87 9.99
6050.87 0.22
6052.87 8.45
6054.87 26.49
6056.87 3.63
6058.88 0.53
6060.87 5.76
6062.87 0.2
6064.88 0.1
6066.88 6.95
6068.87 0.44
6070.88 0.11
6072.88 10.9
6074.87 0.34
6076.87 0.03
6078.88 3.47
6080.88 0.22
6082.87 0.3
6084.87 25.59
6086.88 6.35
6088.87 0.52
6090.88 0.1
6092.87 0.21
6094.87 1.45
6096.87 10.52
6098.87 9.88
6100.87 0.1
6102.87 7.88
6104.88 0.13
6106.87 0.95
6109.12 0.84
6111.13 0.11
6113.13 0.58
6115.12 6.98
6117.12 11.0
6119.12 26.75
6121.12 0.14
6123.12 0.44
6125.12 0.1
6127.12 23.86
6129.09 0.11
6131.13 0.44
6133.12 0.31
6135.12 6.64
6137.12 0.03
6139.12 0.2
6141.12 0.52
6143.12 53.61
6145.12 0.2
6147.13 1.24
6149.12 0.26
6151.12 2.78
6152.99 10.14
6155.12 1.03
6157.12 0.82
6159.12 0.29
6161.12 0.32
6163.12 0.15
6165.13 0.89
6167.12 0.42
6169.12 0.95
6171.12 0.71
6173.13 0.1
6175.12 0.57
6176.99 6.62
6179.13 0.81
6181.12 0.83
6183.13 6.48
6185.12 0.78
6187.13 0.1
6189.12 0.85
6191.12 0.85
6193.13 1.49
6195.13 0.1
6197.13 0.17
6199.12 0.76
6200.99 6.41
6203.13 1.31
6205.12 1.05
6207.12 0.13
6209.12 0.38
6211.12 6.94
6213.12 0.84
6215.12 0.83
6217.12 0.55
6219.12 1.02
6221.13 0.1
6223.12 0.41
6225.1 0.21
6227.12 1.32
6229.13 61.2
6231.12 0.14
6233.12 1.1
6235.12 0.17
6237.13 0.73
6239.13 0.57
6241.12 1.01
6243.12 0.82
6245.13 0.08
6247.12 0.2
6249.12 6.38
6251.12 0.46
6253.12 0.63
6255.13 0.11
6257.13 1.08
6259.12 6.89
6261.13 0.97
6263.13 5.64
6265.12 0.26
6267.13 0.75
6269.13 6.43
6271.13 1.2
6273.13 6.54
6275.13 1.14
6277.13 0.44
6279.12 18.91
6281.13 0.54
6283.13 6.65
6285.12 22.67
6287.12 0.84
6289.12 39.94
6291.12 1.55
6293.12 6.9
6295.12 0.66
6297.13 0.16
6299.13 0.23
6301.12 0.28
6303.72 0.22
6305.12 0.93
6307.12 0.13
6309.12 0.89
6311.12 0.1
6313.13 0.59
6315.14 0.42
6317.13 6.69
6319.12 0.55
6321.15 0.1
