0.0 153.01
1.01 40.21
3.01 124.96
5.01 141.03
7.01 85.38
9.02 102.65
11.01 40.3
13.04 194.49
15.02 36.56
17.02 37.09
19.02 216.94
21.02 41.66
23.02 135.56
25.02 198.83
27.02 181.4
29.02 219.48
31.02 23.3
33.02 212.42
35.02 28.33
37.02 223.73
39.02 158.46
41.02 54.88
43.02 215.79
45.02 33.05
47.02 173.09
49.02 193.63
51.02 215.77
53.02 230.19
55.02 65.99
57.02 187.73
59.02 15.98
61.02 216.4
63.02 152.79
65.02 17.17
67.02 257.36
69.02 41.05
71.02 274.2
73.02 286.39
75.01 233.0
77.01 91.02
79.02 50.8
81.02 257.83
83.02 60.49
85.02 275.12
87.01 319.37
89.02 37.51
91.02 337.23
93.02 34.43
95.02 294.15
97.01 268.2
99.01 318.59
101.02 304.41
103.02 197.84
105.02 333.95
107.02 29.1
109.02 260.48
111.01 336.74
113.02 28.04
115.02 246.28
117.02 27.63
119.02 271.08
121.02 270.94
123.02 238.67
125.01 260.19
127.02 77.29
129.02 291.59
131.01 46.77
133.01 214.47
135.01 278.49
137.02 48.25
139.02 304.48
141.02 52.92
143.01 317.26
145.01 279.24
147.02 219.08
149.02 325.09
151.02 47.0
153.02 332.14
155.02 40.52
157.02 323.84
159.01 251.52
161.01 54.87
163.02 297.75
165.02 31.13
167.02 175.03
169.02 265.39
171.01 187.36
173.02 309.75
175.02 32.87
177.01 327.05
179.01 39.75
181.02 261.22
183.02 333.98
185.26 45.28
187.27 287.87
189.27 30.37
191.26 311.36
193.03 25.11
195.26 295.59
197.26 341.53
199.26 32.84
201.26 292.48
203.26 20.31
205.26 275.59
207.26 311.98
209.26 173.53
211.26 315.52
213.26 74.31
215.26 309.62
217.26 33.77
219.26 308.51
221.26 314.16
223.26 49.05
225.26 276.26
227.26 37.35
229.26 280.44
231.26 303.48
233.26 286.54
235.26 306.82
237.26 43.87
239.26 294.21
241.26 28.88
243.26 290.7
245.26 273.64
247.26 14.9
249.26 269.47
251.26 48.38
253.26 389.56
255.26 300.78
257.26 335.98
259.26 254.03
261.26 48.04
263.26 0.69
265.26 52.8
267.26 83.39
269.26 83.39
271.26 31.26
273.26 250.43
275.26 54.66
277.26 142.75
279.26 154.33
281.26 24.97
283.26 151.98
285.26 15.91
287.26 93.28
289.26 25.75
291.26 202.35
293.26 100.71
295.26 29.27
297.26 131.36
299.26 40.21
301.26 98.55
303.26 80.28
305.26 34.29
307.26 100.61
309.26 61.7
311.26 90.45
313.26 32.76
315.26 182.71
317.26 176.25
319.26 26.6
321.26 112.2
323.26 54.17
325.26 152.7
327.26 172.33
329.26 151.95
331.26 216.38
333.26 23.77
335.26 230.13
337.26 267.06
339.26 285.93
341.26 258.26
343.26 70.2
345.26 217.25
347.26 32.31
349.26 239.84
351.26 255.84
353.26 38.32
355.26 230.8
357.26 35.96
359.26 283.06
361.26 44.09
363.26 227.19
365.26 117.69
367.26 74.68
369.27 211.77
371.26 30.03
373.26 322.96
375.26 224.94
377.26 151.02
379.26 303.17
381.26 31.08
383.26 274.99
385.27 80.03
387.27 253.28
389.26 247.82
391.27 32.81
393.26 194.45
395.27 45.11
397.26 288.75
399.26 239.26
401.26 42.83
403.27 254.03
405.27 34.75
407.27 254.75
409.27 24.09
411.26 272.95
413.27 185.46
415.26 54.69
417.27 251.44
419.27 48.46
421.27 202.87
423.52 255.53
425.51 274.93
427.52 208.3
429.27 34.01
431.27 256.39
433.27 72.97
435.51 268.94
437.52 306.45
439.52 45.39
441.52 235.34
443.51 25.03
445.52 262.16
447.52 321.38
449.5 229.11
451.52 246.57
453.52 26.54
455.52 317.96
457.52 46.68
459.52 238.16
461.52 112.55
463.52 64.7
465.52 206.11
467.51 17.4
469.5 157.16
471.52 133.84
473.5 199.47
475.51 212.39
477.5 42.79
479.5 143.45
481.5 66.85
483.5 141.72
485.5 123.31
487.5 29.08
489.5 197.43
491.5 66.24
493.5 155.35
495.5 205.62
497.5 189.63
499.5 202.86
501.5 53.14
503.5 212.63
505.5 43.7
507.5 283.15
509.5 196.93
511.5 70.48
513.5 278.07
515.5 49.06
517.5 269.51
519.51 298.9
521.51 260.58
523.51 240.65
525.51 214.8
527.51 253.3
529.51 44.17
531.51 247.75
533.51 207.54
535.51 47.46
537.51 151.51
539.51 70.19
541.51 139.72
543.51 218.31
545.51 181.45
547.51 268.52
549.51 44.57
551.51 220.22
553.51 30.85
555.51 176.19
557.51 158.69
559.51 44.02
561.51 122.9
563.51 47.54
565.51 253.39
567.51 230.55
569.51 248.96
571.51 260.22
573.51 26.98
575.51 191.91
577.51 42.92
579.51 118.77
581.51 117.71
583.51 38.94
585.51 101.43
587.51 80.34
589.51 103.83
591.51 168.3
593.51 158.16
595.51 179.12
597.51 154.62
599.51 181.72
601.51 77.89
603.51 184.37
605.51 227.0
607.51 79.36
609.51 239.64
611.51 45.37
613.51 187.25
615.51 172.78
617.51 239.64
619.51 222.94
621.51 51.64
623.51 156.04
625.51 50.6
627.51 175.31
629.51 235.42
631.51 57.95
633.51 211.03
635.51 45.14
637.51 221.33
639.51 230.54
641.51 220.01
643.51 132.71
645.51 42.12
647.51 218.18
649.51 49.22
651.51 173.35
653.51 200.53
655.51 71.05
657.51 231.58
659.51 33.7
661.51 285.68
663.51 256.77
665.51 275.47
667.51 168.49
669.51 59.93
671.51 262.45
673.51 43.06
675.76 127.55
677.76 213.53
679.76 234.88
681.76 201.61
683.76 42.56
685.77 130.49
687.53 45.47
689.76 250.43
691.76 225.65
693.76 26.69
695.76 269.46
697.76 30.46
699.76 131.15
701.76 218.21
703.75 278.08
705.76 268.51
707.76 24.91
709.76 200.27
711.76 26.35
713.76 320.6
715.76 281.5
717.76 50.22
719.76 285.6
721.75 67.52
723.77 35.04
725.76 145.3
727.76 146.5
729.76 196.58
731.76 50.02
733.77 213.76
735.75 28.45
737.76 245.0
739.77 148.95
741.77 36.77
743.77 207.43
745.77 36.54
747.77 160.51
749.75 204.52
751.75 53.28
753.75 135.47
755.75 30.55
757.77 109.93
759.75 46.78
761.75 208.07
763.75 224.86
765.77 53.02
767.75 282.09
769.75 37.76
771.75 286.47
773.75 291.84
775.75 238.53
777.75 203.43
779.75 38.65
781.75 301.59
783.75 40.75
785.75 231.24
787.75 258.73
789.75 42.02
791.75 261.32
793.75 44.43
795.75 308.83
797.75 300.49
799.75 284.31
801.75 317.13
803.75 50.69
805.75 255.89
807.75 66.33
809.75 296.66
811.75 121.26
813.75 45.62
815.75 118.5
817.75 44.7
819.75 199.57
821.75 165.0
823.75 54.18
825.75 212.76
827.75 37.48
829.75 114.94
831.75 50.85
833.75 181.0
835.75 249.09
837.75 36.52
839.75 219.58
841.75 35.86
843.75 186.98
845.75 213.49
847.76 69.97
849.75 272.01
851.75 37.47
853.75 76.72
855.75 30.01
857.76 86.79
859.76 72.94
861.76 93.41
863.76 133.36
865.76 66.85
867.76 99.64
869.76 166.12
871.76 166.15
873.76 192.19
875.76 72.84
877.76 160.72
879.75 52.07
881.76 248.12
883.76 210.58
885.76 59.22
887.76 282.79
889.76 27.71
891.76 288.78
893.76 276.65
895.76 255.23
897.76 304.05
899.76 46.42
901.76 311.91
903.76 59.93
905.76 275.78
907.76 279.41
909.76 55.71
911.76 245.86
913.76 78.77
915.76 115.41
917.78 22.1
920.01 219.12
922.01 98.31
924.01 42.13
926.01 254.44
928.01 34.05
930.01 230.14
932.01 321.31
934.01 48.63
936.01 222.36
938.01 46.22
940.01 248.15
942.01 50.85
944.01 282.75
946.01 220.75
948.01 50.34
950.01 145.83
952.01 29.54
954.01 220.95
956.01 205.67
958.01 40.0
960.01 247.88
962.0 43.88
964.01 203.06
966.01 53.28
968.0 174.76
970.01 192.52
972.01 48.85
974.0 223.99
976.0 223.24
978.01 149.18
980.0 255.17
982.01 26.48
984.0 207.55
986.01 44.62
988.01 158.01
990.01 36.22
992.0 195.65
994.01 122.31
996.01 36.12
998.01 210.26
1000.01 20.15
1002.01 233.28
1004.01 154.45
1006.0 42.73
1008.01 209.09
1010.0 31.44
1012.01 202.9
1014.0 75.47
1016.01 203.55
1018.01 242.76
1020.01 35.42
1022.01 229.58
1024.01 49.48
1026.01 191.13
1028.0 229.42
1030.0 37.56
1032.0 300.04
1034.01 22.67
1036.0 300.36
1038.01 57.74
1040.0 230.48
1042.01 230.44
1044.0 48.81
1046.0 208.17
1048.0 35.06
1050.0 190.13
1052.0 187.72
1054.0 66.47
1056.0 166.95
1058.0 41.32
1060.0 227.45
1062.0 50.92
1064.0 158.15
1066.0 205.64
1068.0 45.58
1070.0 194.39
1072.0 74.65
1074.0 163.75
1076.0 198.78
1078.0 39.09
1080.0 198.54
1082.0 44.04
1084.0 115.46
1086.0 44.45
1088.0 110.59
1090.0 153.86
1092.0 52.31
1094.0 147.07
1096.0 83.89
1098.0 147.3
1100.0 161.6
1102.0 38.88
1104.0 138.49
1106.0 52.4
1108.0 110.71
1110.0 55.69
1112.0 174.42
1114.0 119.74
1116.0 36.68
1118.0 144.4
1120.0 20.7
1122.0 177.87
1124.0 159.94
1126.0 50.49
1128.0 148.52
1130.0 57.12
1132.0 199.88
1134.0 31.38
1136.0 197.5
1138.0 112.66
1140.0 35.62
1142.0 185.85
1144.0 80.39
1146.0 147.79
1148.0 125.52
1150.0 47.14
1152.0 111.59
1154.0 54.78
1156.0 130.0
1158.0 122.34
1160.25 116.51
1162.25 116.51
1164.25 49.34
1166.25 139.92
1168.25 71.32
1170.25 119.59
1172.25 152.39
1174.25 47.41
1176.25 171.8
1178.25 46.69
1180.25 129.83
1182.25 45.94
1184.25 177.31
1186.25 102.35
1188.25 41.33
1190.25 99.98
1192.25 59.93
1194.25 81.63
1196.25 269.42
1198.25 100.27
1200.25 243.67
1202.26 48.04
1204.25 208.34
1206.25 36.57
1208.25 121.46
1210.25 197.88
1212.25 52.69
1214.25 180.04
1216.25 76.15
1218.25 137.68
1220.25 128.32
1222.25 36.78
1224.25 102.91
1226.25 35.03
1228.25 179.21
1230.25 171.64
1232.25 131.0
1234.25 241.69
1236.26 54.71
1238.25 248.98
1240.26 37.05
1242.25 212.34
1244.26 153.0
1246.26 238.9
1248.25 242.59
1250.26 76.58
1252.25 276.89
1254.24 30.86
1256.26 205.94
1258.26 253.07
1260.26 51.93
1262.26 133.96
1264.26 30.05
1266.26 226.4
1268.26 292.93
1270.26 228.14
1272.25 303.21
1274.26 51.39
1276.26 350.53
1278.26 45.05
1280.26 262.79
1282.26 259.21
1284.26 54.89
1286.25 307.33
1288.26 39.2
1290.25 161.3
1292.25 190.44
1294.25 307.48
1296.26 270.83
1298.26 42.53
1300.25 309.29
1302.25 57.5
1304.26 324.35
1306.26 329.09
1308.25 35.42
1310.26 262.79
1312.25 51.72
1314.25 259.45
1316.26 214.96
1318.26 214.9
1320.25 174.37
1322.24 31.89
1324.24 300.61
1326.24 33.48
1328.24 273.09
1330.24 262.28
1332.24 240.36
1334.24 239.03
1336.24 42.19
1338.24 282.2
1340.24 311.56
1342.25 342.47
1344.24 356.6
1346.24 38.27
1348.24 325.51
1350.25 48.24
1352.24 251.9
1354.24 319.03
1356.24 40.95
1358.24 307.2
1360.24 33.81
1362.24 122.95
1364.24 175.78
1366.24 165.92
1368.24 92.32
1370.24 33.34
1372.25 148.11
1374.24 43.74
1376.24 178.31
1378.24 101.64
1380.25 45.54
1382.24 144.96
1384.25 84.35
1386.25 92.33
1388.25 147.79
1390.25 153.97
1392.25 175.46
1394.25 50.83
1396.25 141.38
1398.25 50.42
1400.25 167.01
1402.5 230.68
1404.5 70.52
1406.5 195.23
1408.5 80.72
1410.5 199.6
1412.27 49.01
1414.5 248.04
1416.5 171.82
1418.5 64.63
1420.5 278.49
1422.5 60.75
1424.5 309.88
1426.5 284.85
1428.5 341.99
1430.5 319.13
1432.5 50.84
1434.5 345.28
1436.5 39.24
1438.5 330.77
1440.5 164.63
1442.5 44.18
1444.5 264.54
1446.5 44.11
1448.5 179.0
1450.5 53.07
1452.5 265.11
1454.5 273.98
1456.5 47.02
1458.5 243.21
1460.5 35.03
1462.5 185.86
1464.5 203.26
1466.5 30.68
1468.5 195.92
1470.5 51.05
1472.5 158.37
1474.5 201.93
1476.5 53.52
1478.5 160.69
1480.5 27.62
1482.5 242.3
1484.5 41.41
1486.5 193.01
1488.5 203.87
1490.5 50.03
1492.5 139.97
1494.5 41.71
1496.5 186.17
1498.5 170.24
1500.5 40.75
1502.5 193.63
1504.5 43.84
1506.5 193.69
1508.5 32.2
1510.5 209.19
1512.5 251.94
1514.5 53.29
1516.5 244.16
1518.5 41.82
1520.5 115.85
1522.5 217.04
1524.5 77.14
1526.5 248.1
1528.5 33.05
1530.5 239.85
1532.5 32.18
1534.5 316.29
1536.49 339.4
1538.5 50.57
1540.5 255.13
1542.5 44.37
1544.5 318.66
1546.5 324.75
1548.5 34.98
1550.5 349.53
1552.5 34.91
1554.5 268.76
1556.5 36.64
1558.5 349.98
1560.49 228.12
1562.5 59.2
1564.5 152.35
1566.5 255.85
1568.49 279.11
1570.52 253.78
1572.49 25.23
1574.51 177.09
1576.51 39.18
1578.5 165.84
1580.49 72.2
1582.5 204.07
1584.49 218.86
1586.5 34.99
1588.51 158.57
1590.51 43.15
1592.51 205.83
1594.49 139.96
1596.51 222.28
1598.51 230.03
1600.51 35.1
1602.49 170.06
1604.49 53.95
1606.51 237.72
1608.49 159.11
1610.51 32.43
1612.49 244.77
1614.49 33.93
1616.49 187.59
1618.49 239.42
1620.49 179.21
1622.49 164.37
1624.49 19.4
1626.49 196.66
1628.49 35.39
1630.49 138.43
1632.49 205.6
1634.49 134.81
1636.49 132.63
1638.49 49.76
1640.49 165.09
1642.49 211.7
1644.74 217.5
1646.74 107.11
1648.74 26.14
1650.74 198.19
1652.74 34.46
1654.74 169.62
1656.74 169.69
1658.74 40.89
1660.74 182.96
1662.74 31.84
1664.74 167.11
1666.74 190.88
1668.74 206.99
1670.74 219.28
1672.74 27.65
1674.74 170.05
1676.74 234.02
1678.74 212.45
1680.74 228.31
1682.74 52.3
1684.75 169.01
1686.74 51.39
1688.74 210.93
1690.74 254.42
1692.74 222.05
1694.74 224.1
1696.74 51.06
1698.74 225.41
1700.74 40.09
1702.74 299.55
1704.74 234.46
1706.74 298.12
1708.74 65.32
1710.74 27.09
1712.75 77.42
1714.74 86.89
1716.74 236.65
1718.74 219.11
1720.74 78.6
1722.75 311.38
1724.75 42.87
1726.75 284.01
1728.74 288.7
1730.75 36.51
1732.74 310.02
1734.75 34.14
1736.75 243.99
1738.75 258.21
1740.75 352.82
1742.75 337.63
1744.75 51.59
1746.75 334.55
1748.75 55.03
1750.75 156.89
1752.75 125.03
1754.75 62.79
1756.75 201.29
1758.75 52.0
1760.75 290.79
1762.75 286.06
1764.75 326.73
1766.75 330.69
1768.75 33.54
1770.75 227.67
1772.75 35.16
1774.75 341.08
1776.75 256.0
1778.75 35.8
1780.75 311.35
1782.75 37.74
1784.75 123.15
1786.75 228.54
1788.75 296.06
1790.75 229.16
1792.75 48.3
1794.75 228.56
1796.75 36.32
1798.75 146.76
1800.75 203.15
1802.75 33.85
1804.74 156.24
1806.75 48.84
1808.75 172.72
1810.75 175.94
1812.75 183.87
1814.75 148.7
1816.75 33.11
1818.75 190.04
1820.75 47.51
1822.75 90.75
1824.74 220.0
1826.75 36.5
1828.75 126.26
1830.74 47.83
1832.75 109.7
1834.75 156.64
1836.75 138.21
1838.75 175.51
1840.75 51.35
1842.74 132.82
1844.75 82.33
1846.75 192.04
1848.75 168.19
1850.75 50.55
1852.75 156.47
1854.75 36.26
1856.75 141.98
1858.74 178.65
1860.74 200.96
1862.75 187.11
1864.75 48.26
1866.75 153.5
1868.75 53.67
1870.74 205.2
1872.76 182.65
1874.75 98.61
1876.75 117.1
1878.74 124.09
1880.75 118.89
1882.75 84.55
1884.75 165.13
1886.75 204.57
1888.99 207.36
1890.99 200.35
1892.99 31.71
1894.99 257.25
1896.99 158.57
1898.99 19.38
1900.99 239.41
1902.99 55.59
1904.99 191.46
1906.76 25.57
1908.99 216.32
1910.99 176.05
1912.99 30.09
1914.99 208.2
1916.99 46.61
1918.99 186.06
1920.99 241.06
1922.99 188.65
1924.99 200.71
1926.99 48.04
1928.99 154.45
1930.99 48.28
1932.99 143.85
1934.99 171.49
1936.99 40.29
1938.99 156.98
1940.99 51.22
1942.99 182.41
1944.99 202.33
1946.99 186.57
1948.99 166.99
1950.99 79.83
1952.99 173.89
1954.99 76.14
1956.99 235.76
1958.99 192.7
1960.99 70.47
1962.99 250.67
1964.99 41.9
1966.99 273.86
1968.99 307.91
1970.99 318.28
1972.99 335.84
1974.99 73.75
1976.99 312.93
1978.99 48.42
1980.99 296.76
1982.99 235.99
1984.99 38.67
1986.99 185.19
1988.99 39.63
1990.99 230.58
1992.99 189.57
1994.99 224.73
1996.99 242.15
1998.99 70.64
2000.99 270.98
2002.99 49.55
2004.99 336.32
2006.99 122.62
2008.99 66.19
2010.99 267.22
2012.99 70.03
2014.99 298.03
2016.99 331.49
2018.99 246.57
2020.99 249.61
2022.99 72.74
2024.99 227.0
2026.99 250.19
2028.99 307.25
2030.99 251.33
2032.99 40.46
2034.99 330.56
2036.99 44.96
2038.99 232.63
2040.99 269.84
2042.99 39.81
2044.99 220.61
2046.99 30.02
2049.0 265.35
2051.0 56.78
2053.0 158.82
2055.0 373.99
2056.99 37.75
2058.99 328.01
2061.0 44.64
2063.0 246.54
2065.0 223.64
2067.0 285.72
2069.0 265.13
2070.99 47.22
2073.0 313.95
2075.0 86.75
2077.0 249.94
2079.0 234.13
2081.0 53.63
2083.0 264.84
2084.99 43.53
2087.0 239.25
2089.0 278.62
2091.0 317.3
2093.0 268.17
2095.0 243.49
2097.0 189.87
2099.0 56.93
2101.0 290.92
2103.0 283.1
2104.98 35.59
2107.0 290.25
2109.0 46.5
2111.0 175.23
2113.0 213.93
2115.0 211.03
2117.0 321.09
2119.0 54.66
2121.0 275.91
2123.0 40.12
2125.0 247.78
2127.0 228.28
2128.99 39.74
2130.99 239.71
2133.0 28.66
2135.25 150.14
2137.01 56.43
2139.0 272.2
2141.0 212.62
2143.0 26.36
2145.25 152.97
2147.25 41.81
2149.24 220.05
2151.25 233.42
2153.24 38.19
2155.25 130.7
2157.25 37.57
2159.24 202.22
2161.02 37.55
2163.25 166.26
2165.25 263.19
2167.24 46.13
2169.23 230.2
2171.23 29.6
2173.24 219.65
2175.24 205.92
2177.24 47.06
2179.24 137.48
2181.24 34.82
2183.24 172.74
2185.24 37.19
2187.24 184.66
2189.23 261.69
2191.24 51.41
2193.24 201.24
2195.23 37.22
2197.23 207.07
2199.24 195.33
2201.24 55.27
2203.24 213.09
2205.24 32.97
2207.23 172.99
2209.24 40.54
2211.24 262.33
2213.24 221.06
2215.24 29.8
2217.24 196.32
2219.24 43.22
2221.24 195.47
2223.24 215.79
2225.24 43.26
2227.24 222.56
2229.24 73.14
2231.24 220.8
2233.24 248.83
2235.24 206.93
2237.24 108.87
2239.24 68.11
2241.24 184.75
2243.24 35.28
2245.24 180.1
2247.24 154.2
2249.24 55.78
2251.24 211.65
2253.24 69.33
2255.24 235.29
2257.24 51.42
2259.24 201.65
2261.24 147.78
2263.24 49.8
2265.24 57.94
2267.24 81.14
2269.24 125.28
2271.24 108.21
2273.24 55.03
2275.24 123.95
2277.24 46.26
2279.24 125.58
2281.24 45.04
2283.24 185.12
2285.24 189.52
2287.24 44.97
2289.24 113.77
2291.24 47.34
2293.24 124.76
2295.24 189.78
2297.24 51.24
2299.24 165.98
2301.24 142.56
2303.24 179.38
2305.24 67.91
2307.24 171.87
2309.24 183.26
2311.24 39.38
2313.24 160.19
2315.24 29.13
2317.24 81.49
2319.24 160.73
2321.24 38.86
2323.24 156.55
2325.24 56.78
2327.24 109.44
2329.24 45.26
2331.24 155.03
2333.24 165.71
2335.24 37.73
2337.24 73.28
2339.24 42.06
2341.24 165.21
2343.24 155.7
2345.23 46.16
2347.24 125.36
2349.24 132.99
2351.24 97.14
2353.24 40.24
2355.23 131.64
2357.24 122.84
2359.24 32.73
2361.24 98.93
2363.24 45.91
2365.24 182.04
2367.24 151.05
2369.23 52.0
2371.24 111.98
2373.24 30.79
2375.24 133.93
2377.48 84.25
2379.24 84.39
2381.24 101.34
2383.24 46.46
2385.48 119.43
2387.49 32.7
2389.48 147.41
2391.48 188.3
2393.49 50.17
2395.49 117.35
2397.48 48.18
2399.48 141.38
2401.49 56.7
2403.49 170.5
2405.49 143.88
2407.49 37.52
2409.49 157.27
2411.49 44.78
2413.48 149.79
2415.49 125.45
2417.49 185.42
2419.49 238.91
2421.49 49.47
2423.48 204.77
2425.5 32.68
2427.5 263.25
2429.48 282.01
2431.5 40.12
2433.5 277.79
2435.48 52.79
2437.5 238.45
2439.48 235.2
2441.48 310.05
2443.48 228.66
2445.5 40.05
2447.5 237.06
2449.48 35.58
2451.5 303.55
2453.48 338.62
2455.49 22.89
2457.48 245.35
2459.48 43.5
2461.48 237.61
2463.48 333.45
2465.48 294.98
2467.48 177.89
2469.48 53.71
2471.48 301.55
2473.48 43.77
2475.48 307.09
2477.48 212.24
2479.48 47.95
2481.48 270.37
2483.48 27.31
2485.48 193.55
2487.48 266.89
2489.48 212.85
2491.48 220.29
2493.48 178.18
2495.48 153.19
2497.48 45.24
2499.48 222.31
2501.48 177.11
2503.48 43.56
2505.48 133.81
2507.48 156.36
2509.48 155.66
2511.48 153.72
2513.48 166.02
2515.48 147.26
2517.48 37.09
2519.48 146.74
2521.48 138.33
2523.48 124.07
2525.48 138.06
2527.48 34.99
2529.48 149.45
2531.48 49.44
2533.48 118.8
2535.48 142.39
2537.49 191.17
2539.48 175.7
2541.48 46.14
2543.48 263.61
2545.48 39.5
2547.48 224.77
2549.48 196.45
2551.48 51.69
2553.48 209.05
2555.48 34.38
2557.48 275.35
2559.49 245.9
2561.48 294.6
2563.49 298.87
2565.48 49.31
2567.49 281.92
2569.49 40.54
2571.48 157.84
2573.48 148.18
2575.48 66.7
2577.48 180.27
2579.48 30.93
2581.48 159.95
2583.49 174.59
2585.48 213.43
2587.48 189.97
2589.49 30.18
2591.49 73.31
2593.49 36.09
2595.49 185.14
2597.49 134.74
2599.49 24.62
2601.49 121.11
2603.49 59.93
2605.49 196.36
2607.49 186.47
2609.49 157.31
2611.49 223.42
2613.49 45.63
2615.49 186.58
2617.49 57.08
2619.49 233.46
2621.49 231.39
2623.49 55.41
2625.49 137.8
2627.74 76.48
2629.74 132.95
2631.51 84.68
2633.74 187.48
2635.74 184.36
2637.74 53.06
2639.74 188.33
2641.74 82.25
2643.74 125.0
2645.74 205.62
2647.74 53.0
2649.74 252.66
2651.74 33.88
2653.74 248.99
2655.74 65.75
2657.74 200.04
2659.74 232.72
2661.74 63.78
2663.74 208.7
2665.74 52.29
2667.74 234.05
2669.74 68.29
2671.74 272.04
2673.74 258.9
2675.74 38.18
2677.74 223.45
2679.74 32.81
2681.74 314.85
2683.74 333.88
2685.74 53.91
2687.74 325.62
2689.74 40.42
2691.74 244.18
2693.74 181.13
2695.74 177.04
2697.74 280.55
2699.74 66.19
2701.74 235.59
2703.74 51.17
2705.74 361.83
2707.74 273.3
2709.74 74.26
2711.74 289.02
2713.74 34.06
2715.74 309.03
2717.74 292.44
2719.74 295.19
2721.74 278.16
2723.74 44.88
2725.74 239.46
2727.74 38.39
2729.74 211.46
2731.74 219.25
2733.74 22.07
2735.74 267.34
2737.74 35.58
2739.74 251.42
2741.74 166.48
2743.73 42.87
2745.73 248.3
2747.73 50.38
2749.73 279.95
2751.73 55.36
2753.73 287.6
2755.73 296.75
2757.73 38.6
2759.73 218.62
2761.73 35.62
2763.73 285.42
2765.73 284.1
2767.73 26.0
2769.73 262.34
