0.0 199.95
0.94 97.74
2.95 90.11
4.94 90.11
6.94 90.11
8.94 92.74
10.94 110.36
12.94 128.73
15.19 27.68
17.19 172.06
19.19 200.42
21.19 9.98
23.19 24.48
25.19 35.75
27.19 230.14
29.19 132.37
31.19 134.69
33.2 171.05
35.19 35.6
37.19 162.46
39.19 35.45
41.19 287.54
43.19 159.35
45.21 20.43
47.21 176.6
49.19 31.26
51.2 96.99
53.2 68.57
55.21 82.32
57.2 162.24
59.21 35.44
61.2 159.05
63.2 35.64
65.2 147.12
67.2 207.23
69.2 36.33
71.2 75.05
73.21 36.39
75.21 137.45
77.2 62.37
79.2 60.29
81.2 45.55
83.2 36.46
85.2 178.13
87.2 33.9
89.2 206.57
91.21 214.79
93.21 0.82
95.2 177.43
97.21 34.69
99.21 271.97
101.21 267.03
103.2 277.21
105.21 284.72
107.21 28.95
109.21 243.25
111.21 34.75
113.21 363.48
115.21 369.25
117.21 27.93
119.21 358.98
121.21 0.79
123.21 317.83
125.2 190.1
127.21 323.73
129.21 179.45
131.21 32.73
133.21 302.8
135.21 12.59
137.21 195.56
139.21 278.6
141.21 38.12
143.21 393.9
145.21 36.27
147.21 307.61
149.21 273.18
151.21 262.13
153.21 264.64
155.21 31.82
157.21 105.83
159.21 26.58
161.21 341.37
163.21 390.39
165.21 24.14
167.21 388.1
169.21 0.67
171.22 164.79
173.21 72.12
175.21 111.53
177.21 115.52
179.21 36.23
181.21 188.22
183.21 28.56
185.21 61.98
187.21 91.0
189.21 36.03
191.21 294.69
193.21 39.6
195.21 304.02
197.21 289.96
199.21 296.55
201.21 291.99
203.21 30.33
205.21 322.04
207.21 11.89
209.21 249.89
211.21 121.32
213.21 25.36
215.21 347.31
217.21 34.19
219.21 410.31
221.21 393.51
223.21 396.01
225.21 408.11
227.21 26.23
229.21 168.94
231.21 22.02
233.21 388.94
235.21 324.59
237.21 27.58
239.21 367.67
241.21 30.31
243.21 173.21
245.21 154.37
247.21 138.99
249.21 102.4
251.21 35.88
253.21 154.97
255.21 31.02
257.21 138.92
259.21 86.18
261.21 23.89
263.21 163.73
265.23 33.86
267.21 56.09
269.21 153.89
271.22 165.07
273.21 216.04
275.21 13.76
277.21 306.81
279.21 28.26
281.21 316.15
283.21 267.99
285.21 25.82
287.46 248.44
289.46 20.58
291.46 53.08
293.25 27.11
295.46 134.03
297.46 153.6
299.46 31.0
301.23 213.78
303.48 27.4
305.46 113.85
307.46 93.03
309.48 57.69
311.48 278.12
313.47 38.81
315.49 276.0
317.25 16.78
319.47 119.46
321.48 257.59
323.48 0.78
325.48 283.14
327.48 28.71
329.48 298.07
331.47 324.97
333.47 307.86
335.47 160.23
337.48 23.32
339.47 80.19
341.48 29.36
343.48 286.03
345.48 338.52
347.48 25.92
349.48 185.56
351.48 28.53
353.48 288.34
355.49 251.75
357.48 126.31
359.48 126.31
361.47 17.63
363.48 263.79
365.48 24.07
367.48 82.68
369.48 341.01
371.48 23.6
373.48 145.75
375.48 25.23
377.48 410.75
379.48 272.1
381.48 537.6
