0.0 121.84
0.74 114.92
2.79 106.79
4.84 109.39
6.66 109.39
8.75 9.07
10.79 86.86
12.85 39.44
14.9 82.33
16.68 77.67
18.73 103.54
20.74 113.53
22.8 101.9
24.88 101.9
26.66 113.15
28.72 87.13
30.77 75.12
32.82 84.3
34.87 114.74
36.65 114.74
38.71 101.25
40.74 101.25
42.78 57.35
44.84 81.84
46.67 81.84
48.93 81.84
50.74 103.28
52.79 57.78
54.83 105.4
56.94 98.75
58.71 102.85
60.8 98.84
62.87 51.97
64.92 110.46
66.7 110.46
68.73 110.46
70.77 115.3
72.8 103.58
74.85 98.51
76.88 98.51
78.95 105.25
80.71 105.25
82.74 63.52
84.8 102.3
86.86 107.95
88.88 102.48
90.93 105.41
92.95 108.72
94.76 90.93
96.81 105.65
98.81 94.84
100.84 115.42
102.91 45.68
104.99 83.5
106.97 100.4
108.79 100.4
110.86 100.4
112.92 108.77
114.98 104.3
116.78 78.44
118.82 100.35
120.87 93.64
122.94 77.34
124.95 77.34
126.75 106.13
128.81 107.99
130.85 109.52
132.88 78.69
134.93 88.0
136.99 53.47
138.79 53.47
140.85 55.81
142.89 55.81
144.9 98.68
146.95 112.9
148.97 101.6
150.78 99.63
152.83 104.16
154.88 10.56
156.99 112.71
159.09 110.53
161.14 5.92
162.83 41.84
164.9 54.71
166.97 48.02
169.02 64.25
170.8 72.53
172.86 74.37
174.89 79.35
176.94 93.18
179.01 92.9
181.04 96.22
182.85 10.65
184.92 47.03
186.98 98.4
189.02 102.69
191.02 101.1
192.83 97.29
194.86 92.41
196.88 99.76
198.95 77.03
200.98 103.79
203.02 109.95
205.06 117.06
206.86 110.7
208.89 64.74
210.92 64.74
212.95 64.74
214.86 6.42
217.05 118.09
219.07 96.23
220.88 121.71
222.91 114.57
224.95 6.07
226.99 109.38
229.04 109.38
231.07 116.59
232.88 117.26
234.96 9.45
237.02 104.31
239.08 7.96
241.1 120.08
242.91 121.76
244.97 121.43
246.99 105.58
249.03 92.5
251.09 119.09
252.87 60.35
254.92 106.22
256.95 115.65
259.01 84.78
261.09 84.78
263.14 105.63
265.17 106.33
266.94 104.56
268.98 88.67
271.01 104.15
273.05 104.15
275.11 104.15
