0.0 16.73
0.78 10.48
2.7 10.64
4.78 17.77
7.03 10.81
9.03 18.8
11.03 18.8
13.04 18.8
15.03 18.36
17.03 21.06
19.28 13.88
24.02 30.2
26.52 26.83
28.78 33.67
31.6 12.11
32.52 12.11
34.56 12.11
36.53 12.11
38.74 12.11
40.64 12.11
45.44 0.44
46.4 0.21
48.09 2.46
50.09 4.37
52.09 2.78
54.45 0.94
57.06 0.0
58.1 0.67
60.13 0.3
62.09 0.23
64.12 0.75
66.11 0.88
68.11 0.56
70.13 1.52
72.1 0.63
74.09 2.54
76.24 0.88
78.06 2.75
80.09 4.21
82.09 5.25
84.1 0.91
86.1 3.97
88.1 3.97
90.13 2.52
92.1 0.68
94.1 2.14
96.19 4.83
98.13 8.61
101.41 8.61
103.13 7.48
105.43 6.98
108.09 4.85
110.11 9.43
112.5 10.39
114.68 10.47
120.59 3.34
122.6 8.69
124.64 8.69
126.63 8.69
128.72 5.58
130.6 5.58
132.65 5.58
135.49 5.58
137.08 5.58
141.59 7.9
143.6 7.9
145.6 6.43
147.6 6.43
149.43 6.43
151.81 6.63
153.65 6.63
155.8 5.95
157.77 5.61
159.52 5.61
161.65 5.61
163.7 5.61
165.6 1.34
167.91 2.82
169.6 6.17
171.59 6.17
173.6 4.39
175.61 3.36
177.63 3.36
179.6 1.66
181.85 2.59
183.61 3.19
185.6 6.42
188.85 6.42
189.6 6.17
191.6 5.65
193.6 4.57
195.6 6.96
197.63 6.35
199.62 7.21
201.6 7.21
203.6 7.56
206.01 7.56
207.6 8.09
209.61 4.47
211.6 4.47
213.59 2.84
215.6 2.84
217.6 2.6
219.59 2.88
221.61 2.88
225.05 7.73
227.04 7.45
227.6 5.36
229.6 5.36
231.6 1.65
233.6 7.87
235.6 7.87
237.59 5.62
