0.0 140.88
1.66 8.45
3.66 59.82
5.66 60.39
7.66 65.14
9.66 49.3
11.66 68.83
13.66 75.0
15.66 93.94
17.66 84.15
19.66 97.78
21.66 97.78
23.66 97.62
25.66 99.55
27.66 104.15
29.66 104.15
31.67 101.56
33.66 103.39
35.66 103.39
37.66 103.39
39.66 103.39
41.66 103.39
43.66 103.39
45.66 15.25
47.66 103.91
49.66 103.91
51.66 106.29
53.66 110.25
55.66 110.07
57.66 110.07
59.66 10.15
61.66 72.3
63.66 4.8
65.66 108.64
67.66 108.38
69.66 113.62
71.66 64.25
73.66 13.85
75.66 97.12
77.66 11.33
79.66 52.91
81.66 97.43
83.66 97.43
85.66 64.73
87.66 96.91
89.66 121.13
91.66 140.95
93.66 149.56
95.66 145.1
97.91 12.72
99.66 173.1
101.66 176.12
103.66 163.01
105.66 177.37
107.66 11.5
109.66 187.79
111.66 13.13
113.66 60.18
115.91 78.96
117.91 13.89
119.91 96.53
121.66 94.92
123.66 99.63
125.66 71.12
127.66 106.74
129.66 110.48
131.91 9.37
133.91 112.09
135.91 13.54
137.91 72.69
139.91 76.54
141.66 127.77
143.66 126.19
145.66 128.38
147.66 122.03
149.91 12.13
151.91 120.08
153.91 134.07
155.91 10.24
157.91 114.57
159.91 11.88
161.91 83.09
163.66 114.06
165.66 123.6
167.91 129.05
169.91 14.19
171.91 131.13
173.91 13.46
175.91 152.72
177.91 157.5
179.91 13.8
181.91 141.26
183.91 11.85
185.91 75.41
187.91 80.49
189.91 90.29
191.91 126.84
193.9 9.34
195.91 91.08
197.91 12.51
199.91 172.95
201.91 179.12
203.91 8.39
205.91 178.79
207.91 12.78
209.91 95.95
211.91 95.83
213.91 163.04
215.91 181.78
217.91 8.78
219.91 89.99
221.91 12.44
223.91 182.0
225.91 188.94
227.91 13.15
229.9 104.03
231.9 11.58
233.9 78.48
235.74 10.31
237.91 80.83
239.91 60.46
241.91 60.46
243.9 60.46
245.9 60.46
247.9 60.46
249.9 60.46
251.91 60.46
253.91 60.46
255.9 60.46
257.9 60.46
259.9 60.46
261.9 60.46
263.9 109.17
265.91 109.17
267.9 109.17
269.9 109.17
271.91 109.17
273.9 109.17
275.9 109.17
277.91 109.17
279.9 109.17
281.9 109.17
283.91 109.17
285.9 109.17
287.9 109.17
289.91 109.17
291.91 109.17
293.9 109.17
295.9 109.17
297.9 111.83
299.9 110.45
301.9 105.49
303.9 113.31
305.9 130.61
307.9 14.21
309.9 70.64
311.9 71.68
313.9 11.58
315.9 74.07
317.9 75.48
319.9 73.46
321.9 73.46
323.9 73.46
325.9 73.46
327.9 78.18
329.9 78.18
331.9 55.34
333.9 87.2
335.9 97.1
337.9 98.76
340.16 101.9
341.9 108.38
343.91 118.34
345.91 137.52
347.9 13.86
349.9 143.87
351.9 13.47
353.9 118.27
355.9 76.87
358.16 138.45
360.16 79.75
362.16 14.21
363.9 78.91
365.9 15.0
367.9 126.13
369.9 131.37
371.9 12.73
373.9 71.4
376.15 12.76
378.15 81.59
380.16 12.4
382.15 121.41
384.15 119.5
386.15 11.33
387.9 118.31
389.9 11.85
391.9 119.77
393.9 137.33
396.16 14.25
398.15 75.54
400.15 11.07
402.15 56.66
403.99 11.84
406.15 67.97
407.9 67.62
409.9 39.56
411.9 70.63
414.15 70.53
416.15 72.25
418.15 72.25
420.15 72.25
422.15 73.51
424.15 80.66
426.15 76.3
428.15 55.62
430.15 61.65
432.15 63.88
434.15 107.69
436.15 105.18
438.15 105.18
440.15 105.18
442.16 105.18
444.15 120.46
446.15 122.5
448.15 13.06
450.15 124.06
452.15 9.27
454.15 137.17
456.15 127.99
458.15 136.59
460.15 143.79
462.15 9.01
464.15 76.67
466.15 74.91
468.15 14.89
470.15 82.18
472.15 51.25
474.15 98.7
476.15 13.54
478.15 125.65
480.15 79.96
482.15 123.38
484.15 123.38
486.15 122.75
488.15 130.14
490.15 91.99
492.15 14.9
494.15 128.44
496.16 10.0
498.15 74.59
500.15 14.22
502.15 62.13
504.15 64.21
506.15 64.21
508.15 64.21
510.15 64.21
512.15 64.21
514.15 64.21
516.15 115.11
518.15 108.99
520.15 10.07
522.15 69.45
524.15 111.36
526.15 111.36
528.15 112.27
530.15 13.84
532.15 112.03
534.15 14.29
536.15 108.66
538.15 72.53
540.15 104.3
542.15 104.3
544.15 109.16
546.15 106.91
548.15 106.91
550.15 106.91
552.15 109.67
554.15 126.01
556.15 124.26
558.15 10.34
560.15 133.41
562.15 129.39
564.15 142.71
566.15 127.77
568.15 13.45
570.15 145.22
572.15 82.95
574.15 57.52
576.15 88.6
578.15 12.54
580.15 65.64
582.15 13.46
584.15 128.66
586.15 137.33
588.15 133.54
590.4 124.17
592.15 11.85
594.15 78.05
596.15 12.14
598.15 134.45
600.15 84.8
602.15 12.43
604.15 130.35
606.4 9.3
608.4 136.85
610.24 10.61
612.15 136.42
614.15 135.62
616.15 11.09
618.15 129.43
620.15 9.79
622.15 63.78
624.4 60.62
626.4 135.31
628.4 73.08
630.4 14.21
632.4 123.24
634.15 79.79
636.15 124.07
638.15 63.56
640.4 11.86
642.4 76.66
644.4 13.48
646.4 130.44
648.4 73.5
650.4 12.43
652.4 132.79
654.4 11.87
656.15 77.85
658.23 13.46
660.4 81.27
662.4 145.67
664.4 6.41
666.4 66.96
668.4 14.2
670.4 55.87
672.4 47.41
674.15 74.94
676.4 75.21
678.4 82.42
680.4 79.56
682.2 82.91
684.4 83.83
686.4 83.83
688.4 86.59
690.4 86.59
692.4 86.59
694.4 86.59
696.4 86.59
698.4 86.59
700.4 86.59
702.4 86.59
704.4 86.59
706.4 86.59
708.4 86.59
710.4 86.59
712.4 86.59
714.4 86.59
716.4 91.11
718.4 64.11
720.4 102.94
722.4 110.27
724.4 110.33
726.4 9.76
728.4 125.86
730.4 13.48
732.4 123.38
734.4 122.47
736.4 11.06
738.4 82.54
740.4 11.04
742.4 6.04
744.4 44.08
746.4 44.23
748.4 44.23
750.4 44.23
752.4 56.74
754.4 56.74
756.4 82.96
758.4 84.31
760.4 85.41
762.4 87.61
764.4 89.09
766.4 85.38
768.4 90.08
770.4 89.78
772.4 92.6
774.4 92.6
776.4 92.6
778.4 98.47
780.4 93.95
782.4 93.93
784.4 101.31
786.4 90.82
788.4 111.37
790.4 61.42
792.4 75.48
794.4 70.75
796.4 115.55
798.4 11.32
800.4 71.05
802.4 10.38
804.4 107.09
806.4 107.09
808.4 112.71
810.4 112.71
812.4 13.09
814.4 110.76
816.4 122.79
818.4 14.26
820.4 139.55
822.4 10.15
824.4 143.68
826.4 11.6
828.4 166.59
830.4 171.19
832.4 13.48
834.4 78.72
836.65 9.96
838.4 44.22
840.4 59.29
842.4 80.28
844.4 81.46
846.4 84.15
848.4 60.06
850.4 89.94
852.4 89.94
854.65 90.96
856.65 90.96
858.65 90.96
860.4 91.5
862.4 91.5
864.4 91.5
866.4 102.47
868.4 117.64
870.4 11.86
872.65 118.08
874.65 11.03
876.65 64.57
878.65 64.25
880.64 11.31
882.4 137.96
884.4 6.43
886.4 144.95
888.4 139.31
890.4 10.36
892.65 155.81
894.65 7.98
896.65 36.17
898.65 9.38
900.65 149.88
902.65 75.8
904.65 11.09
906.4 152.29
908.4 8.64
910.65 162.25
912.65 69.19
914.65 13.89
916.65 156.92
918.65 13.12
920.65 92.06
922.65 11.85
924.64 40.37
926.4 46.14
928.65 76.05
930.64 134.07
932.65 124.79
934.65 153.41
936.65 155.75
938.65 189.62
940.65 188.63
942.65 10.82
944.65 218.18
946.64 11.32
948.65 53.43
950.65 213.99
952.65 6.73
954.65 233.91
956.64 11.46
958.65 113.03
960.65 220.86
962.65 179.81
964.65 218.29
966.65 11.32
968.65 217.92
970.64 12.81
972.65 82.53
974.64 194.29
976.65 11.85
978.65 218.89
980.65 11.47
982.64 217.26
984.65 183.15
986.64 234.05
988.64 232.08
990.64 11.09
992.65 213.96
994.64 74.69
996.64 151.89
998.64 200.11
1000.64 11.06
1002.64 181.2
1004.65 11.32
1006.64 191.76
1008.64 185.26
1010.65 162.48
1012.65 50.24
1014.65 11.94
1016.64 69.26
1018.64 11.85
1020.65 77.58
1022.64 119.06
1024.64 11.32
1026.64 75.42
1028.65 13.94
1030.64 67.08
1032.64 119.86
1034.64 73.15
1036.64 149.75
1038.64 4.82
1040.64 55.87
1042.64 13.08
1044.64 62.13
1046.64 64.45
1048.64 67.29
1050.64 76.3
1052.64 79.06
1054.64 81.5
1056.64 81.14
1058.64 82.13
1060.64 82.13
1062.64 82.13
1064.64 79.48
1066.64 57.14
1068.64 57.14
1070.64 57.14
1072.64 57.14
1074.64 57.14
1076.65 57.14
1078.64 57.14
1080.7 57.14
1082.64 57.14
1084.64 95.21
1086.64 97.76
1088.64 94.76
1090.64 13.55
1092.65 59.67
1094.64 46.94
1096.89 8.76
1098.89 72.58
1100.64 53.34
1102.64 83.61
1104.64 55.82
1106.64 55.82
1108.64 89.66
1110.64 96.25
1112.64 96.25
1114.64 66.79
1116.89 66.79
1118.89 66.79
1120.89 94.88
1122.64 94.88
1124.64 95.21
1126.64 95.21
1128.64 95.21
1130.64 95.21
1132.64 95.21
1134.89 95.21
1136.89 95.21
1138.89 13.51
1140.89 70.59
1142.89 101.76
1144.89 13.63
1146.64 108.65
1148.64 103.82
1150.64 103.82
1152.7 103.82
1154.89 107.47
1156.89 105.63
1158.89 105.63
1160.89 105.63
1162.89 105.63
1164.89 105.63
1166.64 105.63
1168.89 105.63
1170.89 105.63
1172.89 39.03
1174.89 41.33
1176.7 46.03
1178.89 31.96
1180.89 55.3
1182.89 55.63
1184.89 66.12
1186.89 46.1
1188.89 63.84
1190.89 70.56
1192.89 73.52
1194.89 72.59
1196.89 79.3
1198.89 84.72
1200.89 87.9
1202.89 90.04
1204.89 90.19
1206.89 63.17
1208.89 91.92
1210.89 94.93
1212.89 97.86
1214.89 98.89
1216.89 109.17
1218.89 109.17
1220.89 108.92
1222.89 108.92
1224.89 11.58
1226.89 139.45
1228.89 161.47
1230.89 13.39
1232.89 181.32
1234.89 13.5
1236.89 174.78
1238.89 162.67
1240.89 14.56
1242.89 64.02
1244.89 13.88
1246.89 60.97
1248.89 67.1
1250.89 61.58
1252.89 68.28
1254.89 88.94
1256.89 39.79
1258.89 83.21
1260.89 58.42
1262.89 109.92
1264.89 108.75
1266.89 67.15
1268.89 11.07
1270.89 131.86
1272.89 12.44
1274.89 136.75
1276.9 145.62
1278.89 10.82
1280.89 154.6
1282.89 13.4
1284.89 163.91
1286.89 91.78
1288.89 94.66
1290.89 176.05
1292.89 11.85
1294.89 170.86
1296.89 12.44
1298.89 172.03
1300.89 172.03
1302.89 11.06
1304.89 66.33
1306.89 4.42
1308.89 68.92
1310.89 47.55
1312.89 80.55
1314.89 91.41
1316.89 93.58
1318.89 96.18
1320.89 87.17
1322.89 98.81
1324.89 64.6
1326.89 102.24
1328.89 98.85
1330.89 96.65
1332.89 96.65
1334.89 98.08
1336.89 13.6
1338.89 109.04
1340.89 105.19
1343.14 58.94
1345.14 12.13
1346.89 57.85
1348.89 63.7
1350.89 9.69
1352.89 119.91
1354.89 7.46
1356.89 62.49
1358.89 62.11
1360.89 83.48
1363.14 56.87
1365.14 57.07
1367.14 57.52
1369.14 57.52
1370.89 121.23
1372.89 138.75
1374.89 11.31
1376.89 69.49
1378.89 9.04
1381.14 72.0
1382.94 79.73
1385.14 57.33
1387.14 89.84
1389.14 100.42
1390.89 104.68
1392.89 11.85
1394.89 117.01
1396.89 118.51
1399.14 10.59
1401.14 130.25
1403.14 14.21
1405.14 141.02
1406.97 13.09
1409.14 69.7
1411.14 105.24
1412.89 10.16
1414.89 53.27
1417.14 72.77
1419.14 76.0
1421.14 76.0
1423.14 111.35
1425.14 111.67
1427.14 9.42
1429.14 72.23
1431.14 10.0
1433.14 118.9
1435.14 60.66
1437.14 12.14
1439.14 130.46
1441.14 14.19
1443.14 124.76
1445.14 128.16
1447.14 11.86
1449.14 128.29
1451.14 11.6
1453.14 125.74
1455.14 8.79
1457.14 131.21
1459.14 75.49
1461.14 10.0
1463.14 141.18
1465.14 10.6
1467.14 150.26
1469.14 135.6
1471.14 11.84
1473.14 78.6
1475.14 9.01
1477.14 71.89
1478.98 13.19
1481.14 69.38
1483.14 116.08
1485.14 13.83
1487.14 120.04
1489.14 11.85
1491.14 84.62
1493.14 121.2
1495.14 127.01
1497.14 125.08
1499.14 7.71
1501.14 84.24
1503.14 12.14
1505.14 77.88
1507.14 61.3
1509.14 81.67
1511.14 102.51
1513.14 111.82
1515.14 118.36
1517.14 124.25
1519.14 0.21
1521.14 130.78
1523.14 11.88
1525.14 143.32
1527.14 85.79
1529.14 142.98
1531.14 81.3
1533.14 11.32
1535.14 86.49
1537.14 12.11
1539.14 138.09
1541.14 135.25
1543.14 9.92
1545.14 67.46
1547.14 13.21
1549.14 157.15
1551.14 11.32
1553.14 110.95
1555.14 78.84
1557.14 74.51
1559.14 75.67
1561.14 13.47
1563.14 118.36
1565.14 107.6
