0.0 19.79
1.63 3.06
3.63 3.4
5.63 3.4
7.63 3.4
9.63 3.4
11.63 3.4
13.63 3.4
15.64 3.4
17.88 3.4
19.88 3.4
21.88 3.4
23.88 3.4
25.88 20.71
27.88 23.35
29.89 23.35
31.88 2.94
33.88 24.36
35.88 24.36
37.88 24.36
39.89 24.36
41.88 24.36
43.88 24.36
45.84 24.36
47.88 24.36
49.88 24.36
51.88 24.36
53.88 24.36
55.88 24.36
57.88 24.36
59.88 24.36
61.89 24.36
63.88 24.36
65.88 24.36
67.89 24.36
71.39 0.11
74.53 0.55
75.4 1.03
77.42 2.26
79.42 2.61
81.42 3.12
83.42 4.4
85.42 5.91
87.43 7.56
89.42 7.41
91.42 7.14
93.4 10.03
95.42 10.75
97.42 11.61
99.42 12.36
101.42 14.21
103.42 16.26
105.42 15.68
107.43 20.72
109.42 20.83
111.42 21.32
113.42 19.87
115.42 1.56
117.38 17.07
119.42 19.8
121.42 23.17
123.43 23.94
125.42 0.25
127.42 12.56
129.43 26.6
131.42 14.2
133.42 3.75
135.42 1.32
137.43 12.97
139.42 8.91
141.36 9.9
143.42 10.99
145.42 11.08
147.42 25.72
149.42 28.64
151.42 28.46
153.42 0.06
155.42 6.3
157.42 28.98
159.42 28.98
161.42 31.2
163.44 34.73
165.36 11.37
167.43 35.73
169.42 26.93
171.42 35.81
173.42 37.49
175.42 10.8
177.42 34.93
179.42 17.51
181.42 38.87
183.43 38.87
185.42 9.98
187.42 11.09
189.36 3.51
191.42 4.74
193.43 4.88
195.42 3.17
197.43 3.17
199.42 3.55
207.42 3.55
209.42 3.55
211.42 3.55
213.43 3.55
215.42 3.55
217.43 3.55
219.42 3.55
221.42 3.55
223.42 3.85
225.42 3.85
252.93 3.85
