0.0 23.07
0.61 4.05
2.14 22.11
4.16 22.71
6.14 20.55
8.14 19.52
10.14 24.53
12.14 24.39
14.16 19.42
16.15 23.95
18.16 16.77
20.15 21.04
22.14 18.69
24.14 21.59
26.16 25.46
28.14 20.1
30.14 21.95
32.14 21.36
34.14 17.52
36.16 21.49
38.16 19.23
40.14 24.57
42.14 24.22
44.14 25.56
46.15 23.79
48.14 26.57
50.14 24.47
52.14 21.15
54.14 19.25
56.14 17.84
58.13 17.22
60.14 13.53
62.14 21.64
64.14 21.54
66.14 17.65
68.15 24.72
70.14 16.28
72.14 27.25
74.14 23.16
76.14 18.8
78.14 20.68
80.14 23.69
82.14 9.48
84.15 22.44
86.15 23.14
88.14 21.3
90.14 23.51
92.14 19.56
94.4 18.9
96.4 16.75
98.4 3.48
100.38 19.67
102.4 24.22
104.4 22.91
106.4 21.58
108.4 22.25
110.4 21.1
112.4 21.74
114.4 20.31
116.4 20.97
118.4 19.87
120.39 21.75
122.4 6.89
124.4 22.46
126.4 24.07
128.4 21.56
130.4 22.59
132.4 12.34
134.4 16.03
136.4 1.09
138.4 24.11
140.4 5.87
142.4 8.99
144.4 1.96
146.4 24.02
148.4 17.89
150.4 16.85
152.4 16.48
154.4 0.22
156.41 24.78
158.4 23.28
160.4 14.37
162.41 19.51
164.4 18.27
166.4 21.39
168.4 19.7
170.4 5.72
172.41 19.62
174.37 23.49
176.4 20.54
178.4 24.12
180.41 9.12
182.4 18.55
184.4 17.56
186.4 24.7
188.39 23.24
190.4 19.96
192.4 22.12
194.4 4.2
196.4 20.55
198.4 24.0
200.4 18.24
202.41 22.42
204.4 24.5
206.4 21.01
208.4 15.27
210.4 23.96
212.4 23.85
214.4 10.71
216.4 13.84
218.38 12.95
220.4 18.75
222.4 20.1
224.38 19.9
226.4 11.71
228.4 11.91
230.38 22.69
232.39 21.39
234.41 18.98
236.39 15.88
238.37 1.6
240.4 10.94
242.4 11.89
244.38 2.6
246.4 15.56
248.4 18.25
250.41 21.27
252.4 20.37
254.4 6.71
256.4 17.58
258.4 19.24
260.4 5.81
262.4 22.33
264.41 9.35
266.41 23.91
268.38 3.32
270.4 4.67
272.4 20.13
274.4 22.69
276.39 10.51
278.4 21.02
280.41 18.23
282.41 25.43
284.38 18.43
286.4 22.97
288.4 15.12
290.4 21.2
292.4 18.75
294.4 21.28
296.4 20.86
298.4 23.66
300.4 12.95
302.4 12.44
304.38 22.31
306.4 18.27
308.4 25.61
310.4 22.7
312.4 2.09
314.4 7.72
316.38 18.67
318.41 11.28
320.38 21.78
322.4 21.16
324.4 14.18
326.4 12.72
328.4 19.93
330.4 0.05
332.4 21.21
334.4 1.69
336.4 17.99
338.4 24.33
340.4 22.11
342.4 25.24
344.64 22.38
346.52 27.87
348.65 20.75
350.65 0.03
352.66 13.92
354.65 14.7
356.65 18.91
358.64 2.99
360.65 17.93
362.66 21.9
364.77 21.61
366.65 23.56
368.65 19.95
370.53 7.14
372.66 11.86
374.65 18.35
376.65 16.9
378.65 20.58
380.63 20.01
382.66 18.75
384.65 14.62
386.66 17.97
388.65 14.87
390.65 3.97
392.64 22.14
394.63 5.87
396.65 18.95
398.65 21.09
400.64 23.77
402.65 24.5
404.64 19.44
406.65 22.77
408.65 12.7
410.65 18.83
412.66 8.05
414.65 21.77
416.65 10.45
418.56 22.01
420.65 16.46
422.64 19.57
424.65 23.77
426.66 19.3
428.65 20.31
430.65 5.15
432.65 20.89
434.65 23.06
436.65 22.42
438.65 15.85
440.65 21.7
442.53 18.08
444.66 5.31
446.65 23.79
449.13 20.25
451.16 23.57
453.14 26.01
455.13 25.53
457.13 10.21
459.13 18.57
461.14 19.36
463.14 19.82
465.16 19.73
467.14 16.74
469.13 23.82
471.14 8.29
473.13 23.51
475.14 0.06
477.13 21.85
479.13 23.36
481.12 20.75
483.16 21.93
485.12 26.08
487.13 23.59
489.16 20.94
491.14 20.18
493.14 23.93
495.14 20.01
497.14 24.01
499.14 20.26
501.14 19.63
503.13 19.83
505.16 10.08
507.14 22.62
509.0 19.96
511.12 16.1
513.14 22.66
515.14 24.45
517.14 20.49
519.13 4.81
521.13 17.81
523.14 17.97
525.16 21.02
527.15 23.96
529.13 22.48
531.14 6.41
533.14 7.48
535.14 23.19
537.14 20.19
539.13 13.92
541.16 19.73
543.14 17.8
545.13 15.04
547.13 18.59
549.14 23.59
551.16 16.6
553.16 14.76
555.14 17.59
557.13 18.01
559.15 20.72
561.14 23.1
563.13 21.92
565.13 19.43
567.13 15.91
569.05 2.31
571.13 21.83
573.13 18.9
575.14 14.44
577.13 16.87
579.13 17.33
581.16 22.53
583.15 25.09
585.14 22.38
587.13 19.9
589.14 20.38
591.14 15.36
593.14 15.3
595.14 23.34
597.14 21.01
599.13 23.97
601.13 17.96
603.15 16.61
605.14 21.27
607.14 14.45
609.14 24.28
611.13 20.62
613.13 17.4
615.15 23.62
617.14 13.48
619.13 21.71
621.14 26.32
623.15 19.84
625.14 23.12
627.16 12.25
629.13 7.75
631.12 6.44
633.13 21.02
635.13 20.72
637.13 18.04
639.15 25.27
641.15 21.35
643.14 25.1
645.13 22.13
647.15 20.57
649.13 2.23
651.13 22.46
653.14 16.89
655.14 25.19
657.13 23.68
659.14 19.55
661.14 19.9
663.15 19.58
665.13 20.34
667.13 25.63
669.13 16.84
671.14 16.72
673.14 4.6
675.14 17.0
677.14 20.59
679.14 7.21
681.14 16.78
683.13 18.37
685.13 15.78
687.15 21.66
689.14 3.98
691.13 19.71
693.13 20.52
695.37 23.19
697.25 5.46
699.39 18.31
701.38 24.16
703.38 7.54
705.38 20.82
707.4 23.31
709.38 25.1
711.38 23.42
713.41 24.37
715.38 23.87
717.38 20.44
719.38 19.2
721.27 19.41
723.41 17.01
725.4 22.2
727.38 17.89
729.38 23.91
731.38 18.6
733.38 15.52
735.4 24.92
737.4 9.0
739.38 9.09
741.39 21.66
743.39 12.09
745.26 23.64
747.38 23.63
749.38 7.42
751.38 18.08
753.4 14.54
755.38 11.8
757.38 9.21
759.38 19.5
761.38 17.25
763.4 13.59
765.4 9.75
767.38 24.42
769.26 22.3
771.38 21.4
773.38 21.94
775.4 0.18
777.39 8.95
779.4 22.18
781.4 20.6
783.4 21.79
785.38 21.51
787.4 21.69
789.4 24.18
791.38 23.44
793.25 23.15
795.38 22.75
797.4 21.5
799.4 10.64
801.38 19.18
803.38 21.19
805.4 20.93
807.4 18.48
809.38 13.32
811.4 23.65
813.4 22.63
815.38 10.78
817.25 17.58
819.38 12.2
821.38 18.44
823.39 17.56
825.39 20.47
827.38 17.43
829.37 19.76
831.38 22.09
833.39 24.07
835.38 23.28
837.38 20.31
839.4 21.12
841.38 21.42
843.38 21.0
845.38 22.13
847.38 21.88
849.39 0.99
851.4 20.71
853.38 21.39
855.4 19.56
857.39 22.64
859.38 20.67
861.39 18.17
863.4 20.04
865.31 20.62
867.39 17.39
869.38 18.97
871.38 20.93
873.39 23.18
875.39 21.46
877.38 19.33
879.38 21.56
881.38 25.26
883.39 18.45
885.4 21.32
887.38 20.91
889.4 24.94
891.38 19.63
893.4 18.12
895.38 16.14
897.38 21.92
899.38 22.19
901.38 16.85
903.38 18.72
905.38 21.94
907.39 19.93
909.4 22.52
911.4 23.2
913.38 26.62
915.38 21.75
917.4 16.08
919.4 25.43
921.38 19.97
923.38 22.51
925.38 0.29
927.38 20.1
929.38 23.51
931.38 8.07
933.38 22.79
935.38 21.87
937.38 20.81
939.38 22.21
941.4 19.03
943.38 4.42
945.64 3.77
947.64 23.17
949.64 17.15
951.51 22.02
953.64 19.49
955.65 16.12
957.64 20.38
959.64 1.55
961.64 20.49
963.64 18.93
965.64 18.98
967.64 14.34
969.64 9.56
971.64 19.06
973.64 23.13
975.52 8.51
977.64 22.81
979.64 23.79
981.64 16.46
983.64 22.44
985.65 15.29
987.64 18.24
989.64 20.14
991.65 11.28
993.64 11.62
995.64 12.74
997.64 22.73
999.51 18.94
1001.64 20.64
1003.64 19.98
1005.64 12.31
1007.64 11.96
1009.65 18.88
1011.64 23.11
1013.64 1.92
1015.64 7.07
1017.64 22.26
1019.64 9.99
1021.64 25.37
1023.48 26.52
1025.63 21.4
1027.64 28.52
1029.65 3.03
1031.64 16.48
1033.65 17.09
1035.65 16.09
1037.65 15.39
1039.65 6.7
1041.64 17.22
1043.65 16.5
1045.65 7.33
1047.52 17.53
1049.66 19.75
1051.65 21.64
1053.65 20.79
1055.65 19.74
1057.64 4.8
1059.65 0.13
1061.65 17.78
1063.65 11.7
1065.64 1.86
1067.65 16.39
1069.64 16.76
1071.52 21.73
1073.65 10.84
1075.64 16.61
1077.65 21.91
1079.64 13.23
1081.65 16.97
1083.65 17.91
1085.65 12.61
1087.62 20.21
1089.65 16.08
1091.65 21.61
1093.65 18.34
1095.63 20.48
1097.58 19.57
1099.65 16.0
1101.65 17.29
1103.65 21.43
1105.64 18.91
1107.64 15.29
1109.64 15.48
1111.65 20.71
1113.64 15.11
1115.64 12.16
1117.65 18.04
1119.63 7.48
1121.64 20.04
1123.65 10.28
1125.64 22.25
1127.65 19.26
1129.64 10.94
1131.64 18.56
1133.65 18.3
1135.65 16.12
1137.64 18.15
1139.65 4.76
1141.65 18.11
1143.65 15.14
1145.65 17.33
1147.64 18.78
1149.65 2.49
1151.64 17.53
1153.65 17.32
1155.64 20.82
1157.64 22.45
1159.65 2.21
1161.64 18.73
1163.65 18.11
1165.65 8.01
1167.64 17.32
1169.64 1.29
1171.64 15.33
1173.64 17.56
1175.64 19.06
1177.64 16.24
1179.65 5.73
1181.65 20.41
1183.64 20.36
1185.64 14.5
1187.65 21.49
1189.64 22.3
1191.64 20.28
1193.9 0.91
1195.89 20.62
1197.9 21.59
1199.89 20.1
1201.9 18.35
1203.9 20.79
1205.9 20.68
1207.89 17.9
1209.9 16.08
1211.91 21.23
1213.9 17.61
1215.92 7.35
1217.9 17.14
1219.89 20.63
1221.89 22.28
1223.9 19.19
1225.9 10.53
1227.9 20.26
1229.9 20.46
1231.89 13.71
1233.9 19.23
1235.91 0.05
1237.89 16.38
1239.9 18.26
1241.89 1.71
1243.9 0.46
1245.9 16.97
1247.89 18.71
1249.9 18.58
1251.9 22.98
1253.9 19.5
1255.89 2.93
1257.89 18.69
1259.89 17.51
1261.9 18.88
1263.89 20.74
1265.89 17.76
1267.89 19.99
1269.9 20.78
1271.89 21.94
1273.9 19.82
1275.89 23.19
1277.92 16.65
1279.9 7.28
1281.91 21.72
1283.91 15.56
1285.9 3.49
1287.89 20.95
1289.89 18.38
1291.9 21.88
1293.9 19.42
1295.9 20.6
1297.9 18.32
1299.9 15.08
1301.9 18.71
1303.89 8.58
1305.89 20.86
1307.9 20.48
1310.52 17.82
1311.89 18.97
1313.9 13.57
1315.92 0.15
1317.89 12.9
1319.89 14.93
1321.88 15.19
1323.88 11.35
1325.88 14.06
1327.88 3.13
1329.88 3.79
1331.88 11.21
1333.89 10.59
1335.89 10.59
1337.88 2.95
1339.88 9.61
1341.9 8.73
1343.9 8.73
1345.9 7.69
1347.89 9.6
1349.88 12.74
1351.9 12.75
1353.91 0.33
1355.9 13.32
1357.89 17.31
1359.89 23.09
1361.9 16.8
1363.9 17.74
1365.89 23.17
1367.89 17.67
1369.9 16.99
1371.89 11.67
1373.9 15.68
1375.89 15.84
1377.91 19.88
1379.93 6.5
1381.9 20.7
1383.91 17.76
1386.06 19.33
1387.9 17.95
1389.87 5.08
1391.89 14.22
1393.9 0.69
1395.9 16.36
1397.9 21.71
1399.89 20.74
1401.89 17.07
1403.89 19.47
1405.89 20.02
1407.91 17.27
1409.89 17.93
1411.92 21.24
1413.91 18.12
1415.91 21.15
1417.89 19.08
1419.89 17.15
1421.9 20.29
1423.88 17.82
1425.9 17.19
1427.89 17.23
1429.9 18.43
1431.89 15.51
1433.9 20.31
1435.9 0.35
1437.9 22.73
1439.87 16.72
1441.89 18.23
1443.9 19.96
1446.01 22.27
1448.13 16.68
1450.14 19.35
1452.13 15.68
1454.14 7.61
1456.14 16.27
1458.14 17.77
1460.14 16.3
1462.13 20.53
1464.13 21.77
1466.13 23.42
1468.15 23.07
1470.0 21.58
1472.14 17.92
1474.13 18.54
1476.14 7.26
1478.14 16.02
1480.13 16.28
1482.13 14.77
1484.13 16.25
1486.13 7.51
1488.13 18.13
1490.13 22.29
1492.14 22.96
1494.01 16.37
1496.14 21.04
1498.13 17.97
1500.14 18.42
1502.15 20.09
1504.13 18.23
1506.13 20.28
1508.13 16.37
1510.14 19.03
1512.13 19.6
1514.14 20.33
1516.13 6.36
1518.03 16.12
1520.14 19.7
1522.13 17.43
1524.13 22.54
1526.14 17.48
1528.14 15.53
1530.14 19.34
1532.13 12.6
1534.13 17.83
1536.14 18.24
1538.14 19.06
1540.14 23.55
1542.02 17.57
1544.14 19.34
1546.13 19.62
1548.13 18.67
1550.16 19.82
1552.14 14.97
1554.13 21.53
1556.14 7.42
1558.13 19.91
1560.14 21.17
1562.14 22.46
1564.13 11.41
1566.13 19.72
1568.13 18.0
1570.13 22.56
1572.13 19.2
1574.14 23.08
1576.14 14.45
1578.13 17.35
1580.14 10.11
1582.14 19.88
1584.13 17.58
1586.15 23.29
1588.14 20.26
1590.14 22.14
1592.13 0.2
1594.13 19.2
1596.15 5.51
1598.14 16.85
1600.15 14.55
1602.13 16.6
1604.14 22.22
1606.13 21.33
1608.14 16.89
1610.15 22.58
1612.13 16.82
1614.14 17.45
1616.14 0.43
1618.14 20.88
1620.14 20.98
1622.14 17.33
1624.14 19.19
1626.15 18.53
1628.14 20.61
1630.14 20.07
1632.13 20.75
1634.14 20.57
1636.14 4.91
1638.13 17.4
1640.14 16.48
1642.15 18.75
1644.13 11.55
1646.14 14.36
1648.15 19.25
1650.14 21.72
1652.14 20.05
1654.14 20.0
1656.13 16.18
1658.14 21.43
1660.13 20.02
1662.14 4.07
1664.14 15.5
1666.14 12.94
1668.13 15.37
1670.14 17.38
1672.13 15.2
1674.13 4.84
1676.14 14.39
1678.14 19.77
1680.14 19.32
1682.14 5.29
1684.13 16.01
1686.14 13.38
1688.13 13.94
1690.15 20.43
1692.13 15.25
1694.13 16.72
1696.4 16.41
1698.4 17.64
1700.4 16.47
1702.4 17.28
1704.4 7.54
1706.4 20.2
1708.61 6.13
1710.38 20.4
1712.39 0.09
1714.41 18.14
1716.4 5.94
1718.4 20.01
1720.4 21.28
1722.4 18.36
1724.39 0.12
1726.38 16.59
1728.39 17.94
1730.38 19.17
1732.4 18.43
1734.37 17.38
1736.4 0.38
1738.4 6.24
1740.4 15.91
1742.4 17.08
1744.21 17.46
1746.4 16.66
1748.4 20.81
1750.33 8.25
1752.4 20.31
1754.39 21.72
1756.2 18.35
1758.29 0.18
1760.4 19.24
1762.4 14.36
1764.4 3.15
1766.39 15.58
1769.26 7.98
1771.16 14.61
1773.57 17.62
1774.75 21.39
1776.78 18.15
1778.45 19.96
1780.39 17.54
1782.4 6.12
1784.4 16.43
1786.4 16.94
1788.4 19.26
1790.39 17.25
1792.4 18.94
1794.4 12.44
1796.38 13.13
1798.4 14.37
1800.4 14.78
1802.38 14.61
1804.38 15.94
1806.38 16.74
1808.38 15.11
1810.38 14.09
1812.38 18.83
1814.38 13.89
1816.39 14.86
1818.4 15.66
1820.38 12.4
1822.38 19.58
1824.4 16.27
1826.4 0.09
1828.38 20.48
1830.4 20.87
1832.4 15.95
1834.38 20.32
1836.39 0.02
1838.38 18.44
1840.4 16.76
1842.38 10.7
1844.4 16.31
1846.4 0.76
1848.4 12.58
1850.4 5.45
1852.4 17.56
1854.4 10.95
1856.4 0.03
1858.4 18.55
1860.38 15.16
1862.38 12.22
1864.4 6.06
1866.4 8.06
1868.4 12.9
1870.38 14.46
1872.38 16.71
1874.38 18.0
1876.39 3.9
1878.4 15.16
1880.39 15.07
1882.39 19.31
1884.4 1.0
1886.4 7.85
1888.39 10.96
1890.39 8.72
1892.4 21.86
1894.38 14.2
1896.4 5.3
1898.4 18.5
1900.38 21.71
1902.4 14.65
1904.38 11.5
1906.4 0.42
1908.4 16.56
1910.38 1.41
1912.4 20.81
1914.38 9.34
1916.4 13.8
1918.38 6.0
1920.4 10.48
1922.4 20.19
1924.4 6.31
1926.4 5.27
1928.38 20.63
1930.4 14.46
1932.4 14.27
1934.38 7.05
1936.4 4.92
1938.4 22.79
1940.4 18.39
1942.4 15.66
1944.4 7.26
1946.65 3.52
1948.65 0.47
1950.65 20.06
1952.64 16.35
1954.65 20.13
1956.65 16.95
1958.64 16.63
1960.65 19.71
1962.64 15.04
1964.64 2.14
1966.65 5.99
1968.64 18.17
1970.65 22.17
1972.64 18.6
1974.65 5.29
1976.65 18.47
1978.65 18.71
1980.64 18.33
1982.65 15.63
1984.65 11.06
1986.65 14.25
1988.52 18.36
1990.65 20.06
1992.65 18.96
1994.65 10.66
1996.65 14.7
1998.65 17.6
2000.65 18.82
2002.64 19.26
2004.65 8.83
2006.64 16.39
2008.65 17.14
2010.64 19.03
2012.53 15.21
2014.64 5.52
2016.65 21.38
2018.65 19.0
2020.65 18.26
2022.64 23.01
2024.64 3.5
2026.64 0.65
2028.65 21.58
2030.65 19.88
2032.64 20.41
2034.64 14.82
2036.53 15.06
2038.65 19.27
2040.64 18.86
2042.65 19.73
2044.64 0.03
2046.65 20.66
2048.65 20.57
2050.77 1.54
2052.65 20.69
2054.63 20.84
2056.65 22.68
2058.65 13.87
2060.56 18.37
2062.65 0.64
2064.65 16.16
2066.65 21.78
2068.65 24.07
2070.65 17.58
2072.65 22.91
2074.65 23.34
2076.64 6.74
2078.65 17.67
2080.64 18.01
2082.64 18.83
2084.53 15.95
2086.62 2.11
2088.65 19.1
2090.63 22.77
2092.65 17.68
2094.65 17.08
2096.65 0.03
2098.65 16.1
2100.65 20.54
2102.65 9.82
2104.65 6.6
2106.65 2.23
2108.65 14.05
2110.64 21.65
2112.65 20.75
2114.65 0.13
2116.65 0.4
2118.65 16.38
2120.65 13.98
2122.64 20.28
2124.64 4.94
2126.65 3.05
2128.65 15.59
2130.65 19.99
2132.65 21.73
2134.65 4.47
2136.65 0.03
2138.62 15.79
2140.64 20.75
2142.65 14.53
2144.64 11.47
2146.65 8.83
2148.65 18.58
2150.64 13.52
2152.65 21.44
2154.65 21.43
2156.65 23.72
2158.65 17.28
2160.64 10.8
2162.65 5.11
2164.65 18.97
2166.65 15.45
2168.65 10.73
2170.65 18.74
2172.65 17.34
2174.65 17.17
2176.65 14.31
2178.64 14.18
2180.65 18.33
2182.65 17.67
2184.64 0.42
2186.65 0.17
2188.65 21.32
2190.65 14.19
2192.64 18.42
2194.65 19.47
2196.89 15.81
2198.9 19.5
2200.89 18.56
2202.9 17.62
2204.91 19.68
2206.91 21.02
2208.91 4.6
2210.9 19.05
2212.93 21.09
2214.91 17.56
2216.91 17.08
2218.82 9.5
2220.9 24.63
2222.91 9.46
2224.88 18.61
2226.91 14.47
2228.9 20.44
2230.9 20.29
2232.89 20.97
2234.88 17.62
2236.89 5.48
2238.9 16.52
2240.9 18.33
2242.77 16.77
2244.91 0.21
2246.9 10.94
2248.9 18.76
2250.89 19.4
2252.89 12.05
2254.9 16.95
2256.89 4.46
2258.9 16.21
2260.89 18.11
2262.91 21.67
2264.9 23.34
2266.87 7.08
2268.88 18.31
2270.89 0.72
2272.91 18.23
2274.9 20.32
2276.89 12.4
2278.9 7.67
2280.89 16.03
2282.9 19.31
2284.88 23.65
2286.9 6.53
2288.89 19.93
2290.77 22.48
2292.9 21.05
2294.92 21.24
2296.89 18.59
2298.89 21.3
2300.88 12.72
2302.9 17.73
2304.9 18.38
2306.89 6.0
2308.89 5.86
2310.88 18.12
2312.89 17.26
2314.78 18.71
2316.88 12.67
2318.91 4.14
2320.89 20.46
2322.9 20.34
2324.9 23.29
2326.9 7.2
2328.91 5.75
2330.9 19.03
2332.88 18.89
2334.89 21.92
2336.9 3.02
2338.88 16.51
2340.9 20.49
2342.89 21.57
2344.91 18.16
2346.9 17.06
2348.88 14.82
2350.91 24.36
2352.88 19.5
2354.9 23.97
2356.9 0.22
2358.9 21.95
2360.9 20.2
2362.9 23.16
2364.89 20.53
2366.91 15.77
2368.89 17.77
2370.91 12.61
2372.91 19.97
2374.88 19.51
2376.9 7.25
2378.9 13.04
2380.88 22.25
2382.9 14.43
2384.9 15.85
2386.9 5.0
2388.91 15.43
2390.9 18.74
2392.91 18.45
2394.89 20.66
2396.9 17.64
2398.91 17.17
2400.9 12.14
2402.91 21.6
2404.9 19.41
2406.9 16.54
2408.9 17.28
2410.9 13.17
2412.88 18.33
2414.89 22.34
2416.88 8.3
2418.9 9.36
2420.9 21.54
2422.89 16.07
2424.9 22.2
2426.9 13.4
2428.89 11.02
2430.88 19.29
2432.89 4.41
2434.9 21.34
2436.9 4.14
2438.88 14.33
2440.89 20.49
2442.88 20.76
2444.89 5.87
2447.14 1.66
2449.14 20.54
2451.14 18.77
2453.13 20.74
2455.13 17.48
2457.14 22.59
2459.13 19.08
2461.14 16.85
2463.13 21.31
2465.15 19.38
2467.13 4.77
2469.15 18.99
2471.13 22.61
2473.13 19.47
2475.13 14.06
2477.13 18.53
2479.15 19.99
2481.14 18.4
2483.14 18.67
2485.14 20.0
2487.15 21.11
2489.14 24.23
2491.14 19.78
2493.13 21.94
2495.14 18.14
2497.14 20.42
2499.15 10.49
2501.14 12.7
2503.15 20.19
2505.12 16.75
2507.13 16.44
2509.14 6.92
2511.14 15.49
2513.14 16.42
2515.14 15.48
2517.13 18.31
2519.13 0.92
2521.13 17.83
2523.14 19.34
2525.13 21.86
2527.13 21.0
2529.14 22.88
2531.13 22.87
2533.13 20.98
2535.15 19.04
2537.14 19.25
2539.13 16.19
2541.14 19.46
2543.14 20.97
2545.13 23.41
2547.14 5.36
2549.13 21.48
2551.14 15.72
2553.13 18.77
2555.13 16.62
2557.14 19.66
2559.13 21.38
2561.14 7.74
2563.14 13.14
2565.15 17.99
2567.14 20.14
2569.13 15.91
2571.14 21.9
2573.15 20.16
2575.14 21.11
2577.13 12.51
2579.15 14.19
2581.14 21.75
2583.15 18.67
2585.14 6.28
2587.16 16.87
2589.13 19.75
2591.13 19.77
2593.14 22.42
2595.15 17.62
2597.13 9.1
2599.14 21.4
2601.14 8.11
2603.15 19.88
2605.15 8.98
2607.15 9.33
2609.14 20.94
2611.14 21.02
2613.13 17.61
2615.15 19.04
2617.15 6.66
2619.14 19.35
2621.14 18.93
2623.15 16.23
2625.13 23.98
2627.13 6.13
2629.14 20.94
2631.13 22.7
2633.13 16.8
2635.15 0.08
2637.13 10.27
2639.14 12.05
2641.14 16.85
2643.14 17.42
2645.14 23.75
2647.13 19.73
2649.13 19.11
2651.13 19.29
2653.14 14.46
2655.13 14.69
2657.14 5.29
2659.13 17.46
2661.14 21.5
2663.14 16.75
2665.14 22.61
2667.14 10.97
2669.15 18.67
2671.13 20.08
2673.14 3.23
2675.14 23.6
2677.13 0.93
2679.13 19.88
2681.14 17.75
2683.14 21.23
2685.14 20.2
2687.14 2.84
2689.14 16.02
2691.13 6.97
2693.14 16.91
2695.13 20.27
2697.15 19.12
2699.38 22.27
2701.4 20.09
2703.38 23.17
2705.38 21.68
2707.38 19.39
2709.4 4.02
2711.38 13.02
2713.25 17.56
2715.4 19.58
2717.4 20.74
2719.4 1.9
2721.4 17.02
2723.4 21.34
2725.4 18.86
2727.39 17.49
2729.39 18.7
2731.38 23.57
2733.38 19.87
2735.4 22.8
2737.28 20.23
2739.38 24.77
2741.39 4.83
2743.38 17.2
2745.4 13.89
2747.4 8.45
2749.38 19.38
2751.4 19.97
2753.4 15.93
2755.39 19.42
2757.4 19.15
2759.4 0.06
2761.27 18.82
2763.38 19.41
2765.4 17.41
2767.4 21.56
2769.41 0.6
2771.4 2.53
2773.39 20.9
2775.38 21.18
2777.4 13.2
2779.39 3.2
2781.41 19.55
2783.4 20.29
2785.26 24.34
2787.38 17.72
2789.4 1.02
2791.38 19.0
2793.39 19.71
2795.38 11.12
2797.38 26.37
2799.4 21.91
2801.4 0.23
2803.4 20.08
2805.4 23.54
2807.38 21.9
2809.31 4.38
2811.4 21.53
2813.4 22.52
2815.4 21.45
2817.39 19.67
2819.38 15.64
2821.4 16.6
2823.39 18.48
2825.39 24.34
2827.38 20.63
2829.4 20.96
2831.39 18.61
2833.39 21.53
2835.4 3.36
2837.38 22.71
2839.4 21.13
2841.39 21.17
2843.38 21.6
2845.4 7.19
2847.4 19.31
2849.38 18.87
2851.39 19.81
2853.4 20.98
2855.39 18.87
2857.38 24.0
2859.39 23.76
2861.4 19.04
2863.39 25.15
2865.4 18.56
2867.4 20.61
2869.4 22.35
2871.39 22.59
2873.39 21.58
2875.38 17.55
2877.4 12.75
2879.4 16.81
2881.4 17.62
2883.39 19.07
2885.38 21.67
2887.39 14.2
2889.39 19.55
2891.39 20.76
2893.4 24.88
2895.38 18.6
2897.38 19.09
2899.4 2.19
2901.39 19.39
2903.39 21.12
2905.39 21.33
2907.4 17.33
2909.39 9.93
2911.4 18.91
2913.4 24.17
2915.4 16.2
2917.38 24.17
2919.4 1.14
2921.4 19.52
2923.4 19.05
2925.38 19.04
2927.4 20.26
2929.38 19.43
2931.4 18.05
2933.4 23.88
2935.38 14.01
2937.4 21.53
2939.38 4.84
2941.39 20.65
2943.38 16.13
2945.38 16.92
2947.64 19.84
2949.65 5.33
2951.65 16.76
2953.65 5.82
2955.65 2.92
2957.65 20.98
2959.64 9.9
2961.64 17.44
2963.65 23.67
2965.64 21.8
2967.54 16.72
2969.64 26.73
2971.65 23.95
2973.65 19.63
2975.65 20.14
2977.65 13.52
2979.65 15.71
2981.64 17.88
2983.64 18.58
2985.64 20.26
2987.65 19.12
2989.64 13.64
2991.52 5.55
2993.65 15.26
2995.64 17.12
2997.65 16.29
2999.65 21.52
3001.65 14.44
3003.64 24.06
3005.64 23.54
3007.65 18.69
3009.64 0.38
3011.65 19.24
3013.64 18.76
3015.54 8.49
3017.65 13.8
3019.65 13.59
3021.64 16.77
3023.64 15.65
3025.64 19.06
3027.64 21.73
3029.64 20.68
3031.65 18.46
3033.64 21.39
3035.65 15.46
3037.65 19.89
3039.62 16.0
3041.65 1.67
3043.64 16.7
3045.65 14.58
3047.65 12.87
3049.64 4.44
3051.64 20.77
3053.65 17.82
3055.64 13.49
3057.65 16.08
3059.65 2.72
3061.64 19.94
3063.53 21.54
3065.64 23.73
3067.64 19.62
3069.65 16.21
3071.64 4.2
3073.64 15.96
3075.65 20.58
3077.65 22.11
3079.65 11.69
3081.65 14.99
3083.64 5.32
3085.64 14.66
3087.64 19.02
3089.65 2.4
3091.65 5.02
3093.65 14.25
3095.65 19.94
3097.65 20.64
3099.65 8.23
3101.65 6.8
3103.64 22.38
3105.65 17.28
3107.64 16.41
3109.64 4.79
3111.64 5.15
3113.64 18.99
3115.64 18.29
3117.64 7.79
3119.64 7.19
3121.64 21.75
3123.65 21.55
3125.64 21.61
3127.65 22.12
3129.65 5.86
3131.65 2.1
3133.63 21.22
3135.64 5.99
3137.64 6.54
3139.64 18.45
3141.64 6.27
3143.65 14.6
3145.65 5.56
3147.65 18.07
3149.64 2.05
3151.64 18.1
3153.64 19.78
3155.64 20.13
3157.65 22.13
3159.64 23.55
3161.65 6.99
3163.64 19.46
3165.65 19.6
3167.64 17.71
3169.64 5.8
3171.65 23.39
3173.64 22.33
3175.64 23.33
3177.64 22.8
3179.64 25.48
3181.65 18.81
3183.64 22.96
3185.61 18.89
3187.65 15.38
3189.64 22.52
3191.63 18.69
3193.64 18.55
3195.65 18.55
3197.89 1.49
3199.9 18.49
3201.89 18.33
3203.91 0.14
3205.9 23.09
3207.9 18.27
3209.9 23.83
3211.9 5.12
3213.91 11.75
3215.89 20.9
3217.89 18.87
3219.9 20.26
3221.89 0.03
3223.89 9.58
3225.9 18.74
3227.89 18.95
3229.9 24.63
3231.9 23.27
3233.9 21.41
3235.9 19.9
3237.93 17.57
3239.89 19.05
3241.9 17.46
3243.9 24.13
3245.9 20.46
3247.89 17.86
3249.9 20.17
3251.9 20.15
3253.9 19.14
3255.9 8.7
3257.9 11.37
3259.88 12.58
3261.9 13.47
3263.89 18.88
3265.9 16.4
3267.9 20.26
3269.9 20.12
3271.9 16.0
3273.9 19.84
3275.89 17.36
3277.9 18.73
3279.89 16.72
3281.89 21.41
3283.91 16.78
3285.89 22.56
3287.89 18.68
3289.91 24.51
3291.9 21.81
3293.89 20.6
3295.9 20.18
3297.9 24.47
3299.91 23.78
3301.9 13.4
3303.92 17.82
3305.9 18.66
3307.91 1.75
3309.89 18.9
3311.89 17.75
3313.9 7.12
3315.89 20.3
3317.91 17.79
3319.9 19.87
3321.9 22.51
3323.9 17.15
3325.88 17.09
3327.89 17.99
3329.9 19.14
3331.9 8.42
3333.9 16.98
3335.89 19.62
3337.9 16.49
3339.9 20.55
3341.9 18.54
3343.91 0.19
3345.91 20.98
3347.89 4.46
3349.9 17.02
3351.9 17.01
3353.91 18.59
3355.9 23.22
3357.91 6.09
3359.9 15.99
3361.89 21.65
3363.89 2.6
3365.91 19.33
3367.89 19.17
3369.89 16.99
3371.9 19.77
3373.88 13.65
3375.9 20.64
3377.9 6.2
3379.89 20.13
3381.9 5.81
3383.9 5.37
3385.89 18.94
3387.89 18.92
3389.9 26.0
3391.89 21.43
3393.89 15.38
3395.89 22.58
3397.9 24.82
3399.9 11.93
3401.89 22.32
3403.9 1.59
3405.9 13.64
3407.9 19.04
3409.9 22.35
3411.89 23.77
3413.9 23.08
3415.9 18.71
3417.9 18.77
3419.89 19.44
3421.88 15.64
3423.89 22.02
3425.9 24.56
3427.9 21.51
3429.91 7.69
3431.89 14.02
3433.92 16.73
3435.88 10.34
3437.89 17.3
3439.89 16.5
3441.89 16.46
3443.89 21.63
3445.9 18.09
3447.9 19.35
3450.14 16.07
3452.15 21.57
3454.14 20.29
3456.14 11.04
3458.14 15.75
3460.13 17.08
3462.08 17.27
3464.14 18.08
3466.14 18.35
3468.14 12.14
3470.14 20.83
3472.13 19.56
3474.13 19.49
3476.14 9.76
3478.14 16.85
3480.13 8.08
3482.14 16.92
3484.13 19.33
3486.03 18.28
3488.14 20.31
3490.14 20.32
3492.14 8.39
3494.13 8.7
3496.13 10.31
3498.14 10.31
3500.13 8.62
3502.13 5.77
3504.13 9.54
3506.14 9.37
3508.12 9.89
3510.05 5.27
3512.13 11.61
3514.13 10.86
3516.14 13.55
3518.15 12.91
3520.15 9.34
3522.15 12.1
3524.14 15.53
3526.14 13.49
3528.13 13.91
3530.14 3.53
3532.14 16.15
3534.01 16.11
3536.14 11.97
3538.14 15.81
3540.14 19.3
3542.14 16.17
3544.13 20.22
3546.15 20.56
3548.15 18.13
3550.14 18.56
3552.13 17.32
3554.14 17.67
3556.14 15.24
3558.0 6.51
3560.15 21.07
3562.14 13.41
3564.14 4.81
3566.14 20.6
3568.15 20.15
3570.14 18.86
3572.14 14.72
3574.14 16.59
3576.14 17.56
3578.14 15.58
3580.13 14.74
3582.03 11.32
3584.14 11.23
3586.14 9.36
3588.15 16.28
3590.15 21.37
3592.14 18.86
3594.13 20.8
3596.14 21.68
3598.14 4.65
3600.14 20.67
3602.13 19.69
3604.14 20.96
3606.04 20.47
3608.14 20.81
3610.14 21.61
3612.14 18.64
3614.4 1.51
3616.14 23.69
3618.14 19.08
3620.14 16.29
3622.14 13.44
3624.15 2.21
3626.13 10.52
3628.14 13.89
3630.14 18.92
3632.14 3.17
3634.14 19.8
3636.14 8.95
3638.14 21.01
3640.15 21.13
3642.15 12.13
3644.14 1.87
3646.14 18.89
3648.15 19.08
3650.14 16.24
3652.14 18.27
3654.13 16.64
3656.14 6.64
3658.13 17.6
3660.13 18.17
3662.13 18.72
3664.14 23.31
3666.13 15.32
3668.13 22.12
3670.14 20.69
3672.14 18.74
3674.13 12.18
3676.15 15.57
3678.14 15.27
3680.15 19.51
3682.13 18.44
3684.14 18.03
3686.14 16.06
3688.14 19.75
3690.15 14.02
3692.14 18.33
3694.14 18.53
3696.14 14.37
3698.13 14.76
3700.38 14.87
3702.37 19.12
3704.38 5.86
3706.37 17.9
3708.41 21.17
3710.37 19.31
3712.38 3.4
3714.38 0.08
3716.37 16.85
3718.37 20.57
3720.37 18.68
3722.37 21.58
3724.39 14.87
3726.37 11.87
3728.4 23.02
3730.38 21.17
3732.37 18.82
3734.38 17.86
3736.38 17.91
3738.38 18.35
3740.37 22.99
3742.37 15.33
3744.37 22.63
3746.38 10.18
3748.38 18.09
3750.38 22.24
3752.38 19.75
3754.38 17.14
3756.41 18.55
3758.38 23.65
3760.4 18.47
3762.38 1.3
3764.37 19.73
3766.38 18.14
3768.38 16.43
3770.38 20.8
3772.39 23.16
3774.39 16.88
3776.37 15.15
3778.37 15.82
3780.38 17.94
3782.39 17.59
3784.37 17.56
3786.38 18.95
3788.38 18.26
3790.37 19.09
3792.38 7.43
3794.37 0.04
3796.38 12.62
3798.4 15.3
3800.41 19.85
3802.38 14.11
3804.38 16.23
3806.37 18.28
3808.38 6.91
3810.38 21.87
3812.37 5.6
3814.37 10.35
3816.38 22.58
3818.38 23.22
3820.38 17.17
3822.38 6.42
3824.4 16.02
3826.38 17.23
3828.38 15.65
3830.38 17.25
3832.37 4.34
3834.38 13.89
3836.4 14.31
3838.38 19.86
3840.37 19.88
3842.4 19.47
3844.37 20.7
3846.4 20.86
3848.38 16.58
3850.38 13.77
3852.41 23.17
3854.38 19.18
3856.38 6.94
3858.37 19.51
3860.38 19.5
3862.37 0.38
3864.38 14.97
3866.38 9.0
3868.4 17.82
3870.37 20.96
3872.38 16.2
3874.38 18.98
3876.38 7.8
3878.38 19.18
3880.38 15.49
3882.38 15.91
3884.38 16.99
3886.39 16.02
3888.37 13.25
3890.37 18.65
3892.37 18.09
3894.38 2.26
3896.37 14.81
3898.39 21.68
3900.37 15.83
3902.37 19.6
3904.38 20.34
3906.38 21.58
3908.38 23.88
3910.38 17.08
3912.38 20.01
3914.38 10.94
3916.38 7.43
3918.37 16.61
3920.39 15.32
3922.38 0.03
3924.38 3.11
3926.38 16.62
3928.38 21.41
3930.39 16.31
3932.38 19.12
3934.37 2.87
3936.38 18.66
3938.38 20.01
3940.38 20.0
3942.38 15.4
3944.39 4.47
3946.37 16.04
3948.64 18.12
3950.64 17.76
3952.64 14.63
3954.64 16.95
3956.5 20.75
3958.64 3.06
3960.64 13.22
3962.63 0.38
3964.63 6.15
3966.64 12.77
3968.63 14.44
3970.63 18.74
3972.62 20.31
3974.65 6.6
3976.63 5.88
3978.65 20.83
3980.49 20.03
3982.64 7.61
3984.64 12.46
3986.63 18.78
3988.63 5.43
3990.66 14.23
3992.64 18.28
3994.63 0.28
3996.64 18.71
3998.62 13.39
4000.62 13.92
4002.64 17.69
4004.52 6.94
4006.64 19.68
4008.64 22.62
4010.63 21.7
4012.63 18.86
4014.62 6.04
4016.63 17.19
4018.63 20.11
4020.63 24.06
4022.69 10.13
4024.64 6.94
4026.62 23.1
4028.51 20.0
4030.63 20.77
4032.62 20.18
4034.64 4.46
4036.64 6.1
4038.64 22.01
4040.63 19.61
4042.63 19.94
4044.64 6.28
4046.64 18.37
4048.63 24.0
4050.63 17.78
4052.61 22.02
4054.65 6.91
4056.63 15.57
4058.63 22.1
4060.64 17.35
4062.64 19.59
4064.64 1.4
4066.64 13.48
4068.62 16.03
4070.66 22.38
4072.63 3.57
4074.64 4.11
4076.53 15.95
4078.64 19.67
4080.64 14.84
4082.64 0.71
4084.65 1.35
4086.64 13.08
4088.65 0.03
4090.62 18.11
4092.65 17.55
4094.62 1.55
4096.64 1.8
4098.64 13.24
4100.64 17.87
4102.65 6.37
4104.64 17.28
4106.63 19.81
4108.64 22.53
4110.63 17.73
4112.64 0.54
4114.64 14.28
4116.64 20.25
4118.64 17.23
4120.63 16.4
4122.62 18.69
4124.63 5.28
4126.63 18.73
4128.64 20.22
4130.64 18.54
4132.63 0.25
4134.64 7.34
4136.63 20.62
4138.64 20.24
4140.63 18.41
4142.62 4.16
4144.63 14.84
4146.64 3.01
4148.63 7.65
4150.65 15.85
4152.64 20.03
4154.63 17.62
4156.63 21.03
4158.64 23.47
4160.62 20.06
4162.64 10.67
4164.64 0.03
4166.69 7.33
4168.63 16.8
4170.62 22.35
4172.62 18.79
4174.64 18.44
4176.63 18.44
4178.63 0.2
4180.62 15.62
4182.65 14.26
4184.62 19.45
4186.64 17.11
4188.63 18.69
4190.64 21.94
4192.65 20.64
4194.63 7.72
4196.65 20.25
4198.66 17.85
4200.88 22.8
4202.88 4.43
4204.89 3.54
4206.88 18.72
4208.88 20.98
4210.76 21.97
4212.85 20.71
4214.89 18.28
4216.82 3.76
4220.26 16.71
4222.28 18.29
4223.93 21.69
4224.89 19.37
4226.89 17.83
4228.77 14.73
4230.85 22.17
4233.28 1.69
4234.77 22.93
4236.88 18.5
4239.2 16.9
4240.88 18.71
4242.89 23.68
4244.89 20.34
4246.89 16.14
4248.89 19.9
4250.88 18.0
4252.89 17.46
4254.86 18.52
4256.89 18.5
4258.76 17.83
4260.89 21.68
4262.88 4.13
4264.89 13.09
4266.89 19.87
4268.89 23.21
4270.89 17.26
4272.88 6.49
4274.89 22.49
4276.88 16.6
4278.89 19.79
4280.89 19.82
4282.74 12.96
4284.89 18.7
4286.88 21.17
4288.89 19.02
4290.88 16.17
4292.9 5.74
4294.89 19.78
4296.89 19.64
4298.88 20.17
4300.89 19.1
4302.89 2.85
4304.91 20.2
4306.77 21.34
4308.89 18.16
4310.89 20.48
4312.89 9.94
4314.88 11.71
4316.88 8.09
4318.89 16.72
4320.88 14.96
4322.89 1.51
4324.89 18.96
4326.88 17.53
4328.88 13.77
4330.86 20.15
4332.89 2.97
4334.89 16.21
4336.9 14.97
4338.89 19.54
4340.89 17.02
4342.88 17.46
4344.89 15.32
4346.89 20.1
4348.89 0.39
4350.89 17.01
4352.9 1.44
4354.89 17.28
4356.89 19.48
4358.88 21.14
4360.88 18.39
4362.88 5.0
4364.89 18.24
4366.89 14.83
4368.89 20.09
4370.89 7.14
4372.89 19.43
4374.89 5.1
4376.88 20.23
4378.88 22.75
4380.89 20.62
4382.88 5.08
4384.9 15.08
4386.89 19.51
4388.89 16.51
4390.89 15.71
4392.89 1.49
4394.88 15.72
4396.89 19.64
4398.88 18.81
4400.97 20.86
4402.89 5.28
4404.9 17.34
4406.86 19.55
4408.89 18.93
4410.89 22.22
4412.88 6.32
4414.88 15.15
4416.89 17.2
4418.89 16.32
4420.89 17.39
4422.88 4.29
4424.89 17.25
4426.89 17.6
4428.89 19.84
4430.88 20.0
4432.89 19.78
4434.88 16.29
4436.89 20.33
4438.88 7.34
4440.88 17.79
4442.88 4.11
4444.89 16.15
4446.88 17.46
4448.89 19.24
4451.14 15.4
4453.15 4.37
4455.13 15.36
4457.14 0.7
4459.15 19.0
4461.13 14.8
4463.14 17.92
4465.14 21.04
4467.13 20.45
4469.13 20.65
4471.13 20.97
4473.14 15.33
4475.15 19.81
4477.13 17.33
4479.14 1.91
4481.13 7.94
4483.14 2.22
4485.14 4.41
4487.14 17.99
4489.14 15.88
4491.14 3.71
4493.14 4.46
4495.14 18.45
4497.14 20.71
4499.14 16.28
4501.14 19.87
4503.51 5.69
4505.14 10.57
4507.14 6.5
4509.15 4.23
4511.13 12.5
4513.13 18.62
4515.15 5.11
4517.14 21.21
4519.13 3.71
4521.14 18.54
4523.15 19.85
4525.13 14.78
4527.14 19.96
4529.14 22.43
4531.12 23.83
4533.15 5.46
4535.13 24.0
4537.14 21.13
4539.16 19.96
4541.13 6.61
4543.15 17.77
4545.14 19.73
4547.14 17.73
4549.14 20.88
4551.13 18.65
4553.14 6.14
4555.14 16.9
4557.14 17.15
4559.13 22.3
4561.14 18.22
4563.14 3.19
4565.15 18.81
4567.14 19.03
4569.14 22.14
4571.13 18.68
4573.14 3.0
4575.14 20.15
4577.14 18.96
4579.13 24.77
4581.14 17.98
4583.14 2.89
4585.14 18.61
4587.14 17.43
4589.14 16.16
4591.13 18.36
4593.14 1.52
4595.14 20.52
4597.14 15.64
4599.13 23.48
4601.13 18.47
4603.14 6.44
4605.13 14.82
4607.13 16.19
4609.14 18.43
4611.14 19.3
4613.14 4.76
4615.14 16.83
4617.15 22.58
4619.14 20.08
4621.14 22.56
4623.13 18.18
4625.14 19.38
4627.14 20.47
4629.14 19.1
4631.14 18.09
4633.14 13.64
4635.14 16.01
4637.14 21.94
4639.14 20.11
4641.14 18.67
4643.13 5.7
4645.13 19.6
4647.13 20.81
4649.14 17.29
4651.14 24.7
4653.14 9.78
4655.13 15.34
4657.14 16.9
4659.14 2.07
4661.14 17.72
4663.13 13.22
4665.14 18.34
4667.13 7.41
4669.13 19.18
4671.14 19.01
4673.13 14.54
4675.12 19.29
4677.14 22.2
4679.12 21.44
4681.13 11.58
4683.14 9.89
4685.12 18.33
4687.13 21.23
4689.13 14.52
4691.12 19.76
4693.14 12.16
4695.14 18.46
4697.13 17.68
4699.12 18.16
4701.37 20.44
4703.36 21.16
4705.36 18.7
4707.38 20.0
4709.4 19.81
4711.37 16.44
4713.38 7.64
4715.38 12.19
4717.37 18.01
4719.39 19.87
4721.38 19.39
4723.38 4.95
4725.38 17.61
4727.38 18.43
4729.28 21.34
4731.37 17.73
4733.38 6.89
4735.38 20.19
4737.38 21.56
4739.38 4.88
4741.38 18.62
4743.38 13.77
4745.38 19.48
4747.27 2.27
4749.38 14.22
4751.37 20.16
4753.31 4.14
4755.38 15.2
4757.4 14.23
4759.38 15.44
4761.38 3.83
4763.38 4.72
4765.38 4.2
4767.38 7.1
4769.38 0.04
4771.38 9.68
4773.38 9.27
4775.38 6.29
4777.3 5.46
4779.36 0.19
4781.38 12.33
4783.36 16.33
4785.37 15.82
4787.37 17.72
4789.38 18.48
4791.38 22.86
4793.38 19.45
4795.37 18.0
4797.38 20.05
4799.38 18.34
4801.29 20.4
4803.37 16.35
4805.4 19.07
4807.38 22.58
4809.39 15.37
4811.38 20.86
4813.38 13.42
4815.39 17.28
4817.39 0.28
4819.37 20.6
4821.39 14.87
4823.37 5.02
4825.25 15.73
4827.38 18.05
4829.38 21.89
4831.38 21.03
4833.37 17.6
4835.39 14.91
4837.38 16.85
4839.38 15.92
4841.38 20.03
4843.38 17.87
4845.38 14.89
4847.38 18.43
4849.38 5.47
4851.4 18.21
4853.4 8.18
4855.38 19.46
4857.37 16.21
4859.38 18.87
4861.38 21.71
4863.38 18.64
4865.38 16.45
4867.37 16.45
4869.38 12.31
4871.38 20.89
4873.39 10.27
4875.38 18.89
4877.39 22.29
4879.37 21.68
4881.38 7.62
4883.37 5.76
4885.37 2.31
4887.39 18.94
4889.38 9.37
4891.38 12.09
4893.44 0.36
4895.38 17.58
4897.37 7.68
4899.37 12.69
4901.4 17.17
4903.38 9.74
4905.38 17.16
4907.38 13.47
4909.38 9.64
4911.38 17.58
4913.37 10.57
4915.42 16.58
4917.38 11.72
4919.39 17.24
4921.39 18.26
4923.37 1.1
4925.37 16.55
4927.37 14.54
4929.38 14.32
4931.38 19.78
4933.37 19.78
4935.38 19.78
4937.38 20.97
4939.38 23.01
4941.37 20.82
4943.39 19.04
4945.38 17.01
4947.38 10.82
4949.39 22.5
4951.62 22.5
4953.62 1.82
4955.63 14.03
4957.62 20.08
4959.48 5.87
4961.62 24.18
4963.64 18.79
4965.64 16.75
4967.64 20.13
4969.64 17.65
4971.64 21.11
4973.62 22.19
4975.64 15.76
4977.64 19.87
4979.63 12.77
4981.64 24.62
4983.49 22.77
4985.62 21.09
4987.64 19.08
4989.64 0.22
4991.63 22.95
4993.63 19.83
4995.63 19.83
4997.63 19.83
4999.64 17.45
5001.61 23.58
5003.64 19.0
5005.63 16.47
5007.49 21.31
5009.64 22.59
5011.63 21.46
5013.64 19.23
5015.62 17.6
5017.63 17.42
5019.64 1.42
5021.63 18.69
5023.63 20.24
5025.63 17.63
5027.64 18.83
5029.63 8.37
5031.49 10.33
5033.62 2.3
5035.62 19.1
5037.63 18.93
5039.63 13.63
5041.62 19.62
5043.62 20.09
5045.63 18.16
5047.63 20.91
5049.64 0.03
5051.64 21.95
5053.62 18.63
5055.52 23.86
5057.62 23.86
5059.63 19.51
5061.62 0.19
5063.61 15.66
5065.63 14.42
5067.63 19.35
5069.63 20.63
5071.64 0.21
5073.62 19.34
5075.63 22.75
5077.63 17.31
5079.51 5.41
5081.63 22.27
5083.63 17.49
5085.63 19.0
5087.62 22.95
5089.64 4.52
5091.64 0.52
5093.64 25.97
5095.63 17.91
5097.64 27.6
5099.63 3.8
5101.64 19.05
5103.65 15.54
5105.64 19.9
5107.63 17.83
5109.63 8.31
5111.64 21.16
5113.64 20.34
5115.63 16.37
5117.63 16.09
5119.65 8.98
5121.62 16.28
5123.62 15.14
5125.63 18.19
5127.63 14.32
5129.64 0.08
5131.63 3.24
5133.64 17.92
5135.62 13.07
5137.63 11.74
5139.63 1.81
5141.62 19.08
5143.63 15.63
5145.64 13.14
5147.63 18.44
5149.62 11.79
5151.62 20.09
5153.62 20.5
5155.62 20.99
5157.63 20.06
5159.63 8.33
5161.61 18.8
5163.61 20.89
5165.62 20.16
5167.62 17.94
5169.64 13.32
5171.63 16.94
5173.62 9.38
5175.62 21.29
5177.62 12.86
5179.62 2.21
5181.63 14.74
5183.64 0.62
5185.62 10.09
5187.62 20.18
5189.62 5.36
5191.64 18.39
5193.63 17.86
5195.62 5.77
5197.62 19.78
5199.63 17.84
5201.88 17.95
5203.89 19.35
5205.88 18.02
5207.88 20.06
5209.88 21.34
5211.89 15.2
5213.88 23.99
5215.86 25.26
5217.89 16.31
5219.88 20.32
5221.88 15.21
5223.89 11.69
5225.88 0.09
5227.89 12.29
5229.89 20.46
5231.89 7.81
5233.88 16.24
5235.88 9.62
5237.86 8.84
5239.88 16.19
5241.89 21.34
5243.88 11.75
5245.88 17.67
5247.89 19.35
5249.88 20.89
5251.86 17.13
5253.88 21.82
5255.91 20.44
5257.88 20.62
5259.86 19.69
5261.88 17.06
5263.91 17.14
5265.89 4.94
5267.88 16.31
5269.88 8.99
5271.89 12.32
5273.88 10.03
5275.88 17.69
5277.88 14.61
5279.88 16.29
5281.89 19.82
5283.86 16.27
5285.89 21.81
5287.91 6.68
5289.89 7.07
5291.88 6.49
5293.89 13.64
5295.88 16.18
5297.88 16.58
5299.89 12.39
5301.88 10.8
5303.89 19.1
5305.88 18.85
5307.88 15.5
5309.89 15.82
5311.88 19.71
5313.89 24.27
5315.88 22.71
5317.88 1.59
5319.88 21.99
5321.88 21.9
5323.88 23.97
5325.88 20.37
5327.87 24.13
5329.88 21.21
5331.88 2.23
5333.88 15.16
5335.88 19.28
5337.89 6.32
5339.88 21.72
5341.88 21.71
5343.88 18.25
5345.89 6.63
5347.88 22.46
5349.89 8.04
5351.88 14.87
5353.91 22.45
5355.89 15.24
5357.89 22.1
5359.89 18.38
5361.89 8.62
5363.88 17.12
5365.89 20.33
5367.88 18.41
5369.88 19.11
5371.89 20.99
5373.88 20.81
5375.89 14.72
5377.88 22.54
5379.88 18.46
5381.89 17.67
5383.88 4.96
5385.88 6.19
5387.88 22.08
5389.88 22.41
5391.88 18.51
5393.88 4.42
5395.86 21.6
5397.89 22.77
5399.88 17.18
5401.88 21.42
5403.89 18.82
5405.89 15.2
5407.89 23.1
5409.89 19.85
5411.86 19.66
5413.88 8.66
5415.89 17.89
5417.9 25.87
5419.88 21.66
5421.88 7.47
5423.88 20.24
5425.88 19.5
5427.88 21.04
5429.88 18.59
5431.88 22.57
5433.88 23.45
5435.88 21.58
5437.89 20.13
5439.88 23.22
5441.88 22.03
5443.89 20.61
5445.87 8.34
5447.89 10.25
5449.89 23.55
5452.13 20.37
5454.0 24.93
5456.14 21.33
5458.13 5.39
5460.13 19.59
5462.13 21.42
5464.13 24.09
5466.13 19.53
5468.13 3.38
5470.14 19.33
5472.13 20.98
5474.13 22.1
5476.13 22.63
5478.01 18.59
5480.13 7.09
5482.13 15.22
5484.13 7.54
5486.14 19.71
5488.13 17.3
5490.13 15.56
5492.13 18.79
5494.13 18.97
5496.13 22.5
5498.14 23.25
5500.13 17.95
5502.08 22.18
5504.13 24.47
5506.13 21.6
5508.12 23.04
5510.14 7.24
5512.13 22.3
5514.13 19.07
5516.15 12.75
5518.11 20.75
5520.14 22.13
5522.14 21.53
5524.13 18.3
5526.0 16.24
5528.13 21.89
5530.12 12.65
5532.14 14.6
5534.13 16.33
5536.15 23.83
5538.13 21.97
5540.13 21.63
5542.13 17.67
5544.14 17.44
5546.14 16.04
5548.14 22.48
5550.04 20.22
5552.14 23.33
5554.14 23.84
5556.14 21.61
5558.14 20.15
5560.14 19.08
5562.13 20.95
5564.14 20.46
5566.15 20.24
5568.13 22.4
5570.13 15.45
5572.13 18.05
5574.02 19.99
5576.14 15.57
5578.14 18.4
5580.13 21.48
5582.12 17.2
5584.14 15.21
5586.14 14.18
5588.15 1.52
5590.14 16.58
5592.13 19.39
5594.15 19.26
5596.13 21.09
5598.11 15.99
5600.13 22.1
5602.13 17.6
5604.13 20.75
5606.13 18.14
5608.14 20.06
5610.15 18.58
5612.13 20.25
5614.14 22.22
5616.13 19.43
5618.13 17.11
5620.14 21.68
5622.11 15.59
5624.13 19.35
5626.14 18.83
5628.13 18.46
5630.14 18.88
5632.13 10.08
5634.13 1.38
5636.14 16.14
5638.13 19.87
5640.12 20.64
5642.14 24.23
5644.13 19.54
5646.13 22.03
5648.14 19.87
5650.13 19.06
5652.13 16.84
5654.14 12.82
5656.13 12.85
5658.14 9.77
5660.13 17.38
5662.13 2.83
5664.13 19.26
5666.13 19.14
5668.13 7.26
5670.14 19.14
5672.13 15.34
5674.13 21.04
5676.14 14.56
5678.14 17.44
5680.13 22.18
5682.13 11.68
5684.13 17.67
5686.13 19.71
5688.14 22.21
5690.13 20.13
5692.14 20.99
5694.12 20.12
5696.14 21.73
5698.14 17.9
5700.13 17.09
5702.38 18.39
5704.38 17.93
5706.38 21.98
5708.38 18.85
5710.37 20.71
5712.38 18.01
5714.37 22.74
5716.37 20.07
5718.38 5.2
5720.37 20.59
5722.37 19.38
5724.37 6.03
5726.37 20.05
5728.38 19.76
5730.38 2.79
5732.37 16.62
5734.38 13.84
5736.37 15.47
5738.39 0.55
5740.38 17.41
5742.38 12.65
5744.39 15.71
5746.37 4.59
5748.37 9.0
5750.38 15.31
5752.38 20.65
5754.39 1.79
5756.38 17.57
5758.4 3.04
5760.39 16.59
5762.38 13.54
5764.38 1.37
5766.38 20.05
5768.38 2.01
5770.38 17.84
5772.38 19.53
5774.38 0.85
5776.37 19.58
5778.37 0.78
5780.38 18.71
5782.38 22.01
5784.37 9.73
5786.38 17.9
5788.37 8.41
5790.38 5.25
5792.38 11.89
5794.38 13.96
5796.37 11.68
5798.37 13.68
5800.36 8.44
5802.38 13.89
5804.38 6.02
5806.38 22.35
5808.37 13.51
5810.38 19.22
5812.38 13.75
5814.38 22.11
5816.38 16.26
5818.37 18.39
5820.37 20.26
5822.38 11.04
5824.37 21.74
5826.37 23.48
5828.38 19.81
5830.37 18.02
5832.38 22.59
5834.38 21.09
5836.38 22.14
5838.38 24.88
5840.38 18.0
5842.38 16.86
5844.37 19.56
5846.38 10.42
5848.37 24.61
5850.37 17.66
5852.38 19.22
5854.37 7.2
5856.38 20.62
5858.38 20.57
5860.38 17.48
5862.37 16.39
5864.38 17.77
5866.37 9.81
5868.38 4.91
5870.53 17.88
5872.37 21.7
5874.38 3.75
5876.37 15.05
5878.37 22.68
5880.38 1.72
5882.37 4.44
5884.38 22.46
5886.37 5.32
5888.37 10.55
5890.38 15.26
5892.38 22.55
5894.38 20.34
5896.41 13.07
5898.37 0.62
5900.37 14.83
5902.37 19.94
5904.37 15.0
5906.38 12.03
5908.38 18.94
5910.38 23.1
5912.37 13.37
5914.37 10.34
5916.38 18.84
5918.38 20.28
5920.38 19.45
5922.38 19.12
5924.37 12.84
5926.38 23.0
5928.38 21.69
5930.39 18.52
5932.37 12.57
5934.37 15.57
5936.37 18.8
5938.37 13.62
5940.38 23.21
5942.37 21.94
5944.37 18.99
5946.37 23.7
5948.38 12.58
5950.37 20.26
5952.62 18.29
5954.63 0.18
5956.64 16.51
5958.64 1.43
5960.63 21.09
5962.64 19.43
5964.63 19.47
5966.62 20.05
5968.62 19.62
5970.63 23.29
5972.48 17.9
5974.62 20.33
5976.63 20.59
5978.62 21.81
5980.62 15.03
5982.62 21.55
5984.62 5.04
5986.64 7.02
5988.64 20.53
5990.63 16.24
5992.64 14.21
5994.62 2.66
5996.48 17.08
5998.62 11.46
6000.64 15.24
6002.64 18.63
6004.63 13.13
6006.64 19.66
6008.62 21.16
6010.63 20.13
6012.63 15.37
6014.64 7.1
6016.62 23.98
6018.63 23.99
6020.49 20.17
6022.62 21.91
6024.64 22.7
6026.61 0.17
6028.61 12.05
6030.63 18.02
6032.62 15.87
6034.62 14.69
6036.61 0.24
6038.64 21.9
6040.62 17.97
6042.63 12.15
6044.55 3.53
6046.63 17.55
6048.63 19.82
6050.64 19.0
6052.63 18.22
6054.63 11.53
6056.63 21.47
6058.63 13.83
6060.65 19.79
6062.64 4.06
6064.63 2.88
6066.63 20.4
6068.49 12.97
6070.64 9.54
6072.65 20.65
6074.64 0.14
6076.63 19.26
6078.62 13.35
6080.63 19.2
6082.62 16.25
6084.62 17.55
6086.62 20.37
6088.64 5.79
6090.62 24.41
6092.54 22.12
6094.64 0.49
6096.61 20.69
6098.63 22.26
6100.63 24.74
6102.64 25.2
6104.62 7.87
6106.63 15.37
6108.62 20.42
6110.62 25.46
6112.62 28.8
6114.62 22.3
6116.62 15.97
6118.62 15.47
6120.62 32.15
6122.62 33.97
6124.63 36.39
6126.63 34.03
6128.63 40.29
6130.62 34.2
6132.62 40.28
6134.62 35.2
6136.62 42.52
6138.62 34.87
6140.62 34.87
6142.62 51.62
6144.63 51.81
6146.62 54.74
6148.62 50.99
6150.63 30.67
6152.62 47.25
6154.62 54.5
6156.63 46.58
6158.62 58.58
6160.62 49.93
6162.63 50.69
6164.63 60.11
6166.63 41.35
6168.62 25.61
6170.63 49.06
6172.62 55.13
6174.62 44.76
6176.62 52.45
6178.62 44.33
6180.62 34.75
6182.62 48.27
6184.63 41.74
6186.62 47.72
6188.62 46.98
6190.62 51.19
6192.62 50.54
6194.62 47.82
6196.62 45.47
6198.63 51.71
6200.61 51.18
6202.71 51.81
6204.88 51.81
6206.88 51.81
6208.86 47.8
6210.87 54.56
6212.86 27.83
6214.88 35.07
6216.88 39.57
6218.87 48.67
6220.88 34.94
6222.87 49.09
6224.88 46.7
6226.69 51.43
6228.86 42.94
6230.86 51.43
6232.88 51.28
6234.88 28.07
6236.87 28.07
6238.88 43.49
6240.87 56.73
6242.87 56.99
6244.86 47.21
6246.87 60.33
6248.87 44.57
6250.71 60.64
6252.87 61.67
6254.88 56.26
6256.87 52.68
6258.87 53.02
6260.87 41.95
6262.86 41.91
6264.86 49.88
6266.87 51.01
6268.87 58.27
6270.87 30.37
6272.87 39.8
6274.71 51.98
6276.86 48.95
6278.87 52.88
6280.87 50.18
6282.87 47.03
6284.88 47.91
6286.86 55.67
6288.88 54.76
6290.87 55.01
6292.87 47.86
6294.87 47.94
6296.87 44.23
6298.71 44.23
6300.87 54.07
6302.87 54.07
6304.86 54.07
6306.87 54.07
6308.86 54.07
6310.88 54.07
6312.87 54.07
6314.86 50.24
6316.86 52.56
6318.86 50.84
6320.88 50.35
6322.87 53.23
6324.87 31.83
6326.87 46.6
6328.86 52.01
6330.88 42.34
6332.88 52.77
6334.86 44.84
6336.87 44.93
6338.88 44.93
6340.86 44.93
6342.87 44.93
6344.87 44.65
6346.88 24.2
6348.87 36.61
6350.86 36.61
6352.87 43.96
6354.87 41.52
6356.86 45.11
6358.87 41.72
6360.87 44.39
6362.87 10.48
6364.87 38.5
6366.88 31.53
6368.87 38.96
6370.87 38.96
6372.86 38.96
6374.88 36.09
6376.87 43.94
6378.87 41.29
6380.87 49.49
6382.86 45.85
6384.87 49.7
6386.86 50.23
6388.87 50.13
6390.87 56.43
6392.88 54.22
6394.86 55.7
6396.86 50.83
6398.86 53.57
6400.87 41.3
6402.87 32.67
6404.86 32.67
6406.87 50.77
6408.86 54.98
6410.88 49.8
6412.87 54.96
6414.86 49.03
6416.88 34.58
6418.87 49.21
6420.86 48.95
6422.86 50.19
6424.86 47.62
6426.87 43.62
6428.86 53.86
6430.86 48.92
6432.88 51.59
6434.87 3.32
6436.88 49.03
6438.87 50.95
6440.88 47.02
6442.86 47.15
6444.86 51.69
6446.86 57.43
6448.87 57.2
6450.86 43.99
6453.11 38.88
6455.11 50.2
6457.12 60.59
6459.11 47.67
6461.12 60.26
6463.11 59.82
6465.12 52.26
6467.11 59.26
6469.11 51.22
6471.12 49.67
6473.11 58.77
6475.11 50.27
6477.12 41.66
6479.11 56.06
6481.11 43.87
6483.11 58.22
6485.11 53.44
6487.13 65.71
6489.11 54.72
6491.12 47.93
6493.11 40.55
6495.11 44.88
6497.11 57.25
6499.11 50.3
6501.11 31.6
6503.13 39.98
6505.11 39.22
6507.11 35.53
6509.11 37.76
6511.14 39.32
6513.11 44.1
6515.13 48.75
6517.12 48.68
6519.11 40.13
6521.12 48.67
6523.14 48.11
6525.11 56.05
6527.12 55.0
6529.12 32.15
6531.12 58.85
6533.12 54.71
6535.11 63.37
6537.11 59.0
6539.12 64.02
6541.11 53.58
6543.11 59.09
6545.12 48.6
6547.12 53.59
6549.11 39.81
6551.12 58.47
6553.11 60.42
6555.11 46.68
6557.11 52.43
6559.12 53.22
6561.12 55.95
6563.11 50.53
6565.12 53.89
6567.12 60.35
6569.11 35.38
6571.13 47.96
6573.11 29.18
6575.12 58.83
6577.11 58.29
6579.11 50.25
6581.11 54.85
6583.11 64.51
6585.12 54.99
6587.12 55.01
6589.11 59.58
6591.12 58.54
6593.11 4.97
6595.12 55.13
6597.11 57.15
6599.12 52.75
6601.11 47.76
6603.11 63.72
6605.13 58.59
6607.12 54.02
6609.12 58.26
6611.11 53.33
6613.12 39.83
6615.11 51.65
6617.12 49.06
6619.13 46.48
6621.11 52.67
6623.11 59.6
6625.11 59.4
6627.11 42.84
6629.11 53.56
6631.12 47.25
6633.11 48.74
6635.12 58.82
6637.11 50.71
6639.12 43.84
6641.11 56.79
6643.12 58.11
6645.12 46.95
6647.12 49.26
6649.12 35.12
6651.12 54.56
6653.11 54.6
6655.11 54.6
6657.11 51.89
6659.11 50.09
6661.12 38.37
6663.11 31.85
6665.11 45.65
6667.11 40.63
6669.11 45.48
6671.12 45.48
6673.11 31.86
6675.11 45.19
6677.11 51.59
6679.11 51.41
6681.12 49.35
6683.11 51.26
6685.11 50.94
6687.11 47.84
6689.11 50.57
6691.11 44.3
6693.12 51.92
6695.11 39.01
6697.13 58.82
6699.12 41.49
6701.12 53.01
6703.38 39.15
6705.36 51.41
6707.36 38.63
6709.37 44.32
6711.36 44.64
6713.37 20.41
6715.36 44.66
6717.37 44.66
6719.37 33.26
6721.19 33.26
6723.37 33.26
6725.37 47.95
6727.36 46.54
6729.36 41.95
6731.37 47.47
6733.36 44.23
6735.37 47.0
6737.37 47.13
6739.37 39.97
6741.37 39.98
6743.36 42.41
6745.19 44.8
6747.36 35.03
6749.36 43.01
6751.36 50.53
6753.37 43.32
6755.36 53.25
6757.36 53.25
6759.36 53.25
6761.37 53.25
6763.36 53.25
6765.37 47.97
6767.37 44.57
6769.2 48.84
6771.36 42.51
6773.36 48.28
6775.36 28.26
6777.36 47.71
6779.36 44.0
6781.36 33.04
6783.37 33.04
6785.36 33.04
6787.36 33.04
6789.37 33.04
6791.36 39.84
6793.2 30.34
6795.36 25.64
6797.36 37.76
6799.36 37.82
6801.36 24.35
6803.36 43.03
6805.37 39.47
6807.37 43.53
6809.36 14.01
6811.36 34.08
6813.36 41.24
6815.36 22.18
6817.36 36.06
6819.36 28.57
6821.37 31.85
6823.36 36.07
6825.36 30.29
6827.36 29.15
6829.37 34.68
6831.36 43.52
6833.36 41.85
6835.36 33.63
6837.36 47.4
6839.37 38.42
6841.37 50.78
6843.36 53.23
6845.37 54.53
6847.36 43.38
6849.37 51.62
6851.36 60.29
6853.38 55.9
6855.36 33.43
6857.36 54.3
6859.37 47.56
6861.37 55.97
6863.37 38.25
6865.36 49.11
6867.37 28.89
6869.36 28.89
6871.37 28.89
6873.36 40.14
6875.37 47.23
6877.36 43.66
6879.36 48.17
6881.37 52.6
6883.37 52.21
6885.36 51.6
6887.36 47.32
6889.37 44.97
6891.36 36.87
6893.37 44.45
6895.36 51.09
6897.36 40.19
6899.36 58.21
6901.36 54.25
6903.37 52.31
6905.36 2.03
6907.37 45.17
6909.36 57.87
6911.37 40.68
6913.37 54.71
6915.36 48.25
6917.36 42.7
6919.36 48.34
6921.37 33.68
6923.37 48.87
6925.37 43.44
6927.36 52.17
6929.36 43.82
6931.36 6.33
6933.37 46.82
6935.37 51.62
6937.36 46.49
6939.36 56.85
6941.36 56.21
6943.36 48.61
6945.36 52.36
6947.36 48.89
6949.36 37.04
6951.36 55.41
6953.61 56.29
6955.61 62.16
6957.61 45.44
6959.61 25.58
6961.62 39.56
6963.62 54.96
6965.61 55.68
6967.61 55.26
6969.62 55.48
6971.62 38.78
6973.61 47.03
6975.44 29.96
6977.61 26.27
6979.61 33.74
6981.62 38.65
6983.61 37.44
6985.61 42.8
6987.61 42.97
6989.61 49.31
6991.61 45.93
6993.63 51.04
6995.62 48.76
6997.62 53.53
6999.45 47.19
7001.61 59.18
7003.61 39.67
7005.61 50.6
7007.61 32.59
7009.61 47.69
7011.61 44.1
7013.62 45.68
7015.61 47.63
7017.61 42.79
7019.61 45.01
7021.61 43.68
7023.45 47.03
7025.61 46.95
7027.61 30.01
7029.61 45.24
7031.61 51.74
7033.61 45.82
7035.62 41.21
7037.61 48.35
7039.61 42.76
7041.61 51.06
7043.61 53.46
7045.62 35.12
7047.61 45.87
7049.63 53.28
7051.62 45.4
7053.62 47.11
7055.61 47.11
7057.61 54.13
7059.61 56.06
7061.61 52.51
7063.62 54.86
7065.62 43.64
7067.61 57.06
7069.61 53.53
7071.61 49.15
7073.63 44.94
7075.6 50.56
7077.62 52.4
7079.61 52.68
7081.62 50.43
7083.61 32.72
7085.61 55.83
7087.61 49.4
7089.61 53.88
7091.62 52.25
7093.62 41.96
7095.61 47.78
7097.61 52.55
7099.61 49.92
7101.61 30.52
7103.62 23.31
7105.61 36.68
7107.62 39.96
7109.62 34.72
7111.61 1.34
7113.61 14.67
7115.61 47.48
7117.62 47.19
7119.61 49.66
7121.61 52.29
7123.62 51.76
7125.61 39.7
7127.62 54.24
7129.62 51.97
7131.61 55.02
7133.61 43.82
7135.61 45.78
7137.61 39.86
7139.61 49.57
7141.61 54.37
7143.61 54.02
7145.62 49.59
7147.61 56.95
7149.61 50.48
7151.61 48.02
7153.61 58.96
7155.61 54.81
7157.61 62.09
7159.61 43.52
7161.61 58.69
7163.62 58.25
7165.61 47.56
7167.63 60.21
7169.61 60.21
7171.61 56.15
7174.01 46.58
7175.61 33.81
7177.61 41.13
7179.61 43.5
7181.62 52.94
7183.61 56.47
7185.61 54.4
7187.62 58.87
7189.61 60.18
7191.61 59.53
7193.61 56.11
7195.61 60.66
7197.62 39.55
7199.62 61.64
7201.61 48.87
7203.86 58.19
7205.85 47.4
7207.86 59.43
7209.86 19.38
7211.86 55.63
7213.86 53.39
7215.86 42.45
7217.86 38.36
7219.86 36.17
7221.86 48.34
7223.86 42.24
7225.86 49.71
7227.86 49.99
7229.86 36.37
7231.87 38.29
7233.87 55.19
7235.85 57.35
7237.87 46.76
7239.86 32.36
7241.85 37.67
7243.86 42.48
7245.87 27.4
7247.86 51.18
7249.86 43.04
7251.87 53.13
7253.86 43.13
7255.86 39.86
7257.86 52.82
7259.86 42.72
7261.88 52.27
7263.86 52.21
7265.86 53.87
7267.86 50.98
7269.86 1.31
7271.85 56.81
7273.86 48.71
7275.86 59.88
7277.87 53.83
7279.86 52.31
7281.86 56.83
7283.86 46.46
7285.86 59.84
7287.86 56.04
7289.86 41.1
7291.86 60.07
7293.86 53.63
7295.87 58.55
7297.87 58.67
7299.86 60.17
7301.86 60.69
7303.86 57.16
7305.86 57.67
7307.86 54.57
7309.87 49.93
7311.86 63.65
7313.86 63.65
7315.86 47.56
7317.87 59.53
7319.85 25.38
7321.86 32.8
7323.86 42.1
7325.87 0.48
7327.86 46.4
7329.86 38.49
7331.86 43.38
7333.87 42.1
7335.85 26.87
7337.86 38.82
7339.85 35.26
7341.86 45.98
7343.87 47.32
7345.86 47.61
7347.86 31.37
7349.86 31.41
7351.85 33.7
7353.86 47.89
7355.86 43.38
7357.87 46.23
7359.86 33.36
7361.86 40.62
7363.86 40.55
7365.86 45.77
7367.85 44.81
7369.86 14.47
7371.86 43.48
7373.86 45.67
7375.86 45.49
7377.87 47.64
7379.85 40.79
7381.86 17.21
7383.86 46.34
7385.86 44.13
7387.86 44.5
7389.87 42.32
7391.86 46.75
7393.86 41.85
7395.86 46.54
7397.86 45.93
7399.86 43.61
7401.87 39.13
7403.86 47.98
7405.86 39.81
7407.86 46.69
7409.87 39.09
7411.96 41.34
7413.86 46.24
7415.86 41.44
7417.87 46.22
7419.86 47.05
7421.86 46.58
7423.86 47.04
7425.86 41.23
7427.86 38.2
7429.86 43.91
7431.86 48.79
7433.86 48.74
7435.86 40.07
7437.87 42.61
7439.85 33.67
7441.86 45.45
7443.86 35.07
7445.86 33.88
7447.86 50.56
7449.87 35.29
7451.87 46.58
7454.11 47.92
7456.11 44.62
7458.11 39.82
7460.11 42.74
7462.11 1.32
7464.11 49.83
7466.11 42.18
7468.11 51.16
7469.93 51.04
7472.11 35.78
7474.11 39.2
7476.11 45.26
7478.12 27.45
7480.12 50.58
7482.11 43.85
7484.11 44.44
7486.11 46.21
7488.11 48.66
7490.11 49.5
7492.11 54.44
7493.95 53.49
7496.11 48.95
7498.11 54.04
7500.11 46.39
7502.11 50.13
7504.11 53.79
7506.11 38.56
7508.11 46.74
7510.11 43.87
7512.11 43.87
7514.11 43.87
7516.11 43.87
7517.95 43.87
7520.11 43.87
7522.11 43.87
7524.11 43.87
7526.11 43.87
7528.11 43.87
7530.11 43.87
7532.11 30.88
7534.11 27.59
7536.1 32.92
7538.11 32.92
7540.11 31.36
7541.96 32.89
7544.11 24.2
7546.11 26.08
7548.11 36.38
7550.11 27.17
7552.11 37.06
7554.11 36.58
7556.11 30.39
7558.11 34.52
7560.11 29.79
7562.11 36.52
7564.12 32.76
7566.11 36.72
7568.12 25.73
7570.12 36.35
7572.11 32.69
7574.1 46.17
7576.11 46.07
7578.12 41.32
7580.11 42.98
7582.11 45.52
7584.11 44.41
7586.11 52.98
7588.11 53.01
7590.11 52.91
7592.11 47.37
7594.12 53.24
7596.11 48.12
7598.11 54.45
7600.11 54.12
7602.11 53.98
7604.11 57.71
7606.11 54.12
7608.12 46.65
7610.11 55.53
7612.11 36.82
7614.11 49.16
7616.11 49.78
7618.11 56.21
7620.11 55.0
7622.12 42.53
7624.11 31.02
7626.11 31.02
7628.11 31.02
7630.11 51.96
7632.11 38.94
7634.11 49.23
7636.11 62.06
7638.11 61.69
7640.11 28.42
7642.11 33.13
7644.11 36.63
7646.11 29.96
7648.11 31.98
7650.11 39.06
7652.11 39.26
7654.11 25.94
7656.11 33.82
7658.11 37.93
7660.11 34.41
7662.11 39.2
7664.11 44.18
7666.11 43.46
7668.11 48.43
7670.11 47.15
7672.11 48.37
7674.11 44.1
7676.11 47.94
7678.11 53.87
7680.11 51.11
7682.11 36.46
7684.11 44.34
7686.11 53.73
7688.12 55.6
7690.11 36.17
7692.11 51.19
7694.11 44.8
7696.11 54.31
7698.11 63.48
7700.11 28.57
7702.11 0.99
7704.36 42.84
7706.36 63.23
7708.36 27.63
7710.37 53.74
7712.36 19.83
7714.38 53.78
7716.36 2.36
7718.36 50.18
7720.36 43.55
7722.35 34.57
7724.38 38.56
7726.36 51.13
7728.36 59.1
7730.35 35.58
7732.36 52.23
7734.37 53.69
7736.36 49.17
7738.36 50.38
7740.36 50.2
7742.36 45.74
7744.36 50.01
7746.36 40.34
7748.36 49.37
7750.36 46.01
7752.36 42.45
7754.36 28.06
7756.36 42.98
7758.36 19.32
7760.38 51.9
7762.37 47.12
7764.36 47.33
7766.36 50.35
7768.37 0.7
7770.36 49.75
7772.37 35.03
7774.37 47.0
7776.36 49.79
7778.36 37.16
7780.38 46.63
7782.37 53.3
7784.36 47.87
7786.36 52.91
7788.38 50.73
7790.37 48.23
7792.36 35.48
7794.37 35.48
7796.36 45.39
7798.37 52.08
7800.36 52.08
7802.36 41.58
7804.37 51.37
7806.36 36.39
7808.37 36.39
7810.37 36.39
7812.38 36.39
7814.36 32.49
7816.37 46.96
7818.36 38.08
7820.36 48.54
7822.37 26.91
7824.37 47.56
7826.36 49.81
7828.36 38.31
7830.36 29.75
7832.36 36.93
7834.36 36.93
7836.37 37.75
7838.35 33.21
7840.36 38.67
7842.36 31.6
7844.36 30.15
7846.35 54.42
7848.36 47.63
7850.37 47.63
7852.36 47.63
7854.37 55.84
7856.36 58.61
7858.36 58.68
7860.36 58.68
7862.37 27.15
7864.36 32.53
7866.37 49.16
7868.36 21.07
7870.36 35.03
7872.35 46.15
7874.36 46.12
7876.36 40.09
7878.36 40.07
7880.36 45.6
7882.36 45.6
7884.38 32.32
7886.36 55.63
7888.36 51.68
7890.36 52.5
7892.36 49.3
7894.36 56.48
7896.36 50.83
7898.36 48.04
7900.37 52.87
7902.36 51.13
7904.37 51.93
7906.36 33.28
7908.36 33.28
7910.37 33.28
7912.37 48.4
7914.36 48.4
7916.36 43.15
7918.38 45.71
7920.36 35.04
7922.36 48.78
7924.36 46.07
7926.36 54.67
7928.36 49.04
7930.36 43.8
7932.36 3.05
7934.37 52.87
7936.36 46.45
7938.36 53.85
7940.36 52.84
7942.38 49.9
7944.36 55.54
7946.38 48.37
7948.36 52.41
7950.36 53.46
7952.36 49.99
7954.36 34.72
7956.61 37.19
7958.61 38.35
7960.61 42.05
7962.61 42.53
7964.45 40.29
7966.62 36.92
7968.61 42.74
7970.61 43.08
7972.63 39.62
7974.62 35.03
7976.61 42.72
7978.61 43.11
7980.61 37.38
7982.61 42.83
7984.61 42.53
7986.61 44.27
7988.44 43.98
7990.61 44.96
7992.61 40.66
7994.61 44.65
7996.61 44.36
7998.61 44.83
8000.61 38.09
8002.61 39.45
8004.61 45.67
8006.61 45.79
8008.61 41.05
8010.61 45.79
8012.44 45.59
8014.61 44.06
8016.61 44.84
8018.61 48.16
8020.62 42.13
8022.61 47.92
8024.61 45.86
8026.61 47.76
8028.61 40.26
8030.61 42.24
8032.62 49.39
8034.61 43.22
8036.47 41.07
8038.61 45.74
8040.61 45.74
8042.61 52.12
8044.61 47.24
8046.61 23.45
8048.61 54.27
8050.61 55.27
8052.62 50.9
8054.61 41.15
8056.61 49.52
8058.61 42.34
8060.61 51.83
8062.61 45.27
8064.61 51.53
8066.61 51.27
8068.61 51.34
8070.61 45.8
8072.61 44.69
8074.61 33.89
8076.61 2.45
8078.61 46.14
8080.61 52.62
8082.61 47.42
8084.61 39.2
8086.61 40.26
8088.61 52.44
8090.61 46.48
8092.61 49.32
8094.61 52.02
8096.61 49.48
8098.61 41.44
8100.61 49.48
8102.61 54.68
8104.62 38.32
8106.61 45.57
8108.61 35.84
8110.61 47.48
8112.61 48.08
8114.61 48.28
8116.61 45.31
8118.61 44.72
8120.6 36.49
8122.62 38.56
8124.61 41.75
8126.6 46.61
8128.62 46.16
8130.6 42.15
8132.61 51.35
8134.6 46.19
8136.61 51.58
8138.61 42.75
8140.62 42.75
8142.62 46.76
8144.71 51.56
8146.61 46.28
8148.6 49.5
8150.62 53.45
8152.61 40.4
8154.61 36.22
8156.61 29.34
8158.61 44.25
8160.61 52.92
8162.61 41.23
8164.61 53.06
8166.62 37.46
8168.62 28.92
8170.62 42.71
8172.61 37.76
8174.61 40.76
8176.61 40.93
8178.61 38.57
8180.6 42.13
8182.61 36.68
8184.62 31.97
8186.61 44.58
8188.61 44.49
8190.62 48.88
8192.62 28.62
8194.61 1.0
8196.61 43.23
8198.61 49.72
8200.61 44.76
8202.61 49.22
8204.61 48.9
8206.85 49.59
8208.85 28.97
8210.86 29.75
8212.86 42.95
8214.86 43.66
8216.86 50.1
8218.69 44.99
8220.86 50.23
8222.87 49.59
8224.85 49.56
8226.85 35.54
8228.86 47.56
8230.86 47.09
8232.86 49.78
8234.86 49.78
8236.86 46.3
8238.86 46.3
8240.85 22.57
8242.71 38.91
8244.87 39.85
8246.86 53.22
8248.85 35.33
8250.87 35.33
8252.85 51.73
8254.86 52.01
8256.85 48.55
8258.86 3.5
8260.87 48.79
8262.86 48.02
8264.87 52.69
8266.73 47.08
8268.86 44.35
8270.86 47.27
8272.86 42.55
8274.87 44.42
8276.85 51.48
8278.86 48.72
8280.86 49.94
8282.86 50.96
8284.86 38.24
8286.87 51.39
8288.86 51.05
8290.69 54.73
8292.86 37.14
8294.86 47.03
8296.86 54.02
8298.86 50.6
8300.86 42.45
8302.86 53.94
8304.85 43.85
8306.86 33.28
8308.86 37.15
8310.86 36.81
8312.84 26.73
8314.86 22.91
8316.86 45.53
8318.86 47.81
8320.86 50.9
8322.86 49.38
8324.86 45.01
8326.86 51.59
8328.86 52.28
8330.86 49.64
8332.85 58.46
8334.85 52.57
8337.1 53.28
8339.12 53.4
8341.11 43.62
8343.11 53.86
8345.12 50.12
8347.11 47.69
8349.1 58.59
8351.11 49.65
8353.12 59.22
8355.12 2.0
8357.12 61.32
8359.11 58.98
8361.11 54.56
8363.11 49.65
8365.11 47.56
8367.11 48.44
8369.1 50.64
8371.11 36.21
8373.11 46.27
8375.36 45.23
8377.36 49.97
8379.36 45.63
8381.37 46.16
8383.35 45.53
8385.36 30.26
8387.35 56.79
8389.36 47.94
8391.36 51.64
8393.36 40.34
8395.36 31.31
8397.36 64.35
8399.37 48.49
8401.35 55.43
8403.36 56.77
8405.36 45.59
8407.35 46.44
8409.36 57.21
8411.36 50.4
8413.37 44.21
8415.36 51.97
8417.36 46.62
8419.38 53.23
8421.37 55.86
8423.36 48.31
8425.36 45.39
8427.34 59.53
8429.37 49.92
8431.36 59.13
8433.36 59.48
8435.36 40.62
8437.35 44.38
8439.51 44.38
8441.37 44.38
8443.37 44.38
8445.36 35.26
8447.35 35.26
8449.36 43.79
8451.36 13.05
8453.36 43.6
8455.36 47.35
8457.35 41.92
8459.36 54.71
8461.36 54.71
8463.36 52.9
8465.36 29.13
8467.36 29.13
8469.36 37.58
8471.36 38.67
8473.36 49.7
8475.36 48.91
8477.36 43.15
8479.36 46.11
8481.36 55.54
8483.36 56.39
8485.36 53.37
8487.36 54.45
8489.36 54.1
8491.36 56.28
8493.37 47.55
8495.36 48.95
8497.36 59.38
8499.36 59.68
8501.35 56.07
8503.36 58.23
8505.37 44.39
8507.36 47.69
8509.37 48.43
8511.36 58.09
8513.36 40.58
8515.36 50.03
8517.35 46.95
8519.36 56.36
8521.36 58.05
8523.36 58.05
8525.36 58.05
8527.37 58.05
8529.37 58.05
8531.37 58.05
8533.36 33.65
8535.36 34.27
8537.35 38.84
8539.36 32.82
8541.35 37.19
8543.37 48.43
8545.38 28.66
8547.36 51.08
8549.36 54.03
8551.36 49.14
8553.36 43.56
8555.37 49.56
8557.35 49.42
8559.36 59.44
8561.36 1.27
8563.36 23.47
8565.38 40.58
8567.35 53.98
8569.37 45.84
8571.37 39.92
8573.36 66.38
8575.36 51.82
8577.36 48.65
8579.36 39.89
8581.36 33.35
8583.36 33.35
8585.36 26.49
8587.35 53.26
8589.36 53.05
8591.37 49.39
8593.35 51.48
8595.37 47.18
8597.36 41.54
8599.36 50.46
8601.37 31.57
8603.38 47.8
8605.36 48.22
8607.35 49.79
8609.36 43.75
8611.37 50.03
8613.35 53.09
8615.36 44.25
8617.37 48.12
8619.36 49.41
8621.35 53.19
8623.38 46.88
8625.61 59.15
8627.61 48.75
8629.61 51.61
8631.61 47.37
8633.62 7.7
8635.61 46.92
8637.61 39.82
8639.61 44.27
8641.44 41.9
8643.61 42.71
8645.62 37.6
8647.61 51.83
8649.6 49.8
8651.61 44.28
8653.61 41.88
8655.61 43.96
8657.61 39.25
8659.62 51.22
8661.61 47.09
8663.61 53.8
8665.44 51.3
8667.61 36.29
8669.61 47.99
8671.62 49.77
8673.6 35.24
8675.61 44.37
8677.62 47.46
8679.61 52.5
8681.63 31.02
8683.61 51.73
8685.61 34.68
8687.61 19.0
8689.46 24.93
8691.6 23.14
8693.61 27.75
8695.61 31.28
8697.61 36.31
8699.61 31.43
8701.62 30.7
8703.61 25.95
8705.62 6.88
8707.61 39.05
8709.6 42.79
8711.61 30.78
8713.46 37.16
8715.61 37.16
8717.61 37.16
8719.59 37.16
8721.61 37.72
8723.61 38.54
8725.61 40.6
8727.62 39.41
8729.61 30.41
8731.61 35.25
8733.61 40.9
8735.6 40.9
8737.61 39.51
8739.62 44.03
8741.61 36.37
8743.61 37.92
8745.61 40.04
8747.62 44.62
8749.62 27.83
8751.61 32.36
8753.62 42.43
8755.61 35.91
8757.62 38.11
8759.61 29.13
8761.62 50.45
8763.62 30.23
8765.61 32.21
8767.61 55.66
8769.61 56.51
8771.61 55.44
8773.61 44.61
8775.61 44.4
8777.62 59.28
8779.61 33.79
8781.61 37.48
8783.61 23.07
8785.62 31.03
8787.61 48.87
8789.61 38.16
8791.62 43.7
8793.61 41.81
8795.61 28.31
8797.61 48.08
8799.61 26.43
8801.62 10.28
8803.61 23.46
8805.61 24.37
8807.61 31.86
8809.61 32.73
8811.62 38.04
8813.61 22.72
8815.61 28.01
8817.61 33.7
8819.61 36.65
8821.61 44.31
8823.62 43.27
8825.62 39.29
8827.61 46.34
8829.61 39.01
8831.61 52.44
8833.63 41.86
8835.62 28.54
8837.62 28.54
8839.59 27.21
8841.61 16.61
8843.61 48.65
8845.61 39.65
8847.61 27.44
8849.61 27.44
8851.6 34.58
8853.61 36.03
8855.61 33.25
8857.61 39.31
8859.61 37.02
8861.61 52.79
8863.61 43.88
8865.61 51.14
8867.61 39.86
8869.62 39.86
8871.61 47.82
8873.6 46.27
8875.86 34.83
8877.86 49.95
8879.86 51.79
8881.86 48.03
8883.87 38.94
8885.87 46.35
8887.85 42.62
8889.88 41.13
8891.86 46.18
8893.87 56.04
8895.88 45.19
8897.86 39.04
8899.86 57.83
8901.86 42.24
8903.86 45.66
8905.86 47.7
8907.86 41.51
8909.86 35.0
8911.86 10.66
8913.86 43.39
8915.85 41.68
8917.86 55.38
8919.86 56.84
8921.86 49.09
8923.86 55.41
8925.84 53.64
8927.85 51.09
8929.85 29.38
8931.86 24.82
8933.86 50.14
8935.86 46.0
8937.86 50.46
8939.86 35.16
8941.87 53.19
8943.86 59.38
8945.86 59.53
8947.85 59.35
8949.86 17.08
8951.86 51.06
8953.86 58.77
8955.86 45.22
8957.86 52.07
8959.86 54.54
8961.87 50.71
8963.85 34.77
8965.86 56.84
8967.84 30.1
8969.86 21.0
8971.86 26.82
8973.86 32.91
8975.85 57.09
8977.86 49.3
8979.85 45.89
8981.86 47.8
8983.86 52.86
8985.86 38.39
8987.87 54.08
8989.86 37.37
8991.86 42.71
8993.86 36.31
8995.86 30.1
8997.86 33.52
8999.86 33.29
9001.87 20.77
9003.86 40.21
9005.88 40.63
9007.86 40.85
9009.86 49.41
9011.86 49.81
9013.86 29.33
9015.86 29.33
9017.86 44.22
9019.86 48.27
9021.87 48.27
9023.86 44.71
9025.86 34.75
9027.85 31.47
9029.86 44.2
9031.86 43.78
9033.86 32.0
9035.86 43.07
9037.86 48.53
9039.86 37.95
9041.86 48.65
9043.86 49.78
9045.86 24.42
9047.86 5.39
9049.87 12.8
9051.86 4.12
9053.86 17.87
9055.85 14.61
9057.86 28.77
9059.86 20.09
9061.87 39.75
9063.86 45.33
9065.86 53.81
9067.86 44.32
9069.85 42.65
9071.86 52.44
9073.87 43.26
9075.86 53.81
9077.85 47.19
9079.85 44.86
9081.88 41.56
9083.87 36.03
9085.87 40.34
9087.86 40.34
9089.84 52.35
9091.86 55.26
9093.87 47.82
9095.85 32.72
9097.86 46.02
9099.85 31.75
9101.86 46.51
9103.86 0.72
9105.86 34.27
9107.86 42.36
9109.86 37.98
9111.86 46.27
9113.86 46.29
9115.87 48.63
9117.86 35.81
9119.86 32.69
9121.86 36.62
9123.84 42.47
9125.86 27.65
9127.86 44.88
9129.86 35.1
9131.86 39.16
9133.86 51.41
9135.87 50.66
9137.86 39.98
9139.86 22.1
9142.11 52.82
9144.11 38.82
9146.11 41.77
9148.11 23.71
9150.11 22.4
9152.11 20.72
9154.11 45.69
9156.11 35.09
9158.11 33.09
9159.99 36.69
9162.11 3.85
9164.11 4.41
9166.12 18.03
9168.12 45.31
9170.1 17.52
9172.11 37.87
9174.12 45.55
9176.11 34.55
9178.11 45.18
9180.12 48.16
9182.11 27.01
9183.95 33.01
9186.11 33.13
9188.11 34.06
9190.11 24.99
9192.12 45.09
9194.11 34.6
9196.11 52.72
9198.11 52.5
9200.11 48.67
9202.11 40.36
9204.11 30.29
9206.11 44.52
9207.97 57.77
9210.11 12.44
9212.11 5.56
9214.12 27.17
9216.11 10.4
9218.12 34.29
9220.12 17.01
9222.13 32.56
9224.12 20.31
9226.11 24.86
9228.11 31.28
9230.11 42.35
9231.98 37.68
9234.11 47.19
9236.11 25.59
9238.29 44.07
9240.11 37.28
9242.11 37.28
9244.11 37.28
9246.11 37.28
9248.11 48.19
9250.11 35.17
9252.11 22.42
9254.12 49.45
9256.11 50.03
9258.11 54.06
9260.11 52.45
9262.1 4.92
9264.13 57.63
9266.11 62.79
9268.12 36.11
9270.12 43.56
9272.11 54.03
9274.1 54.22
9276.11 57.15
9278.11 59.96
9280.11 59.46
9282.11 57.27
9284.11 59.63
9286.11 38.53
9288.11 34.07
9290.12 49.65
9292.1 53.12
9294.11 48.71
9296.11 8.79
9298.11 46.05
9300.11 43.98
9302.11 45.54
9304.11 37.17
9306.11 46.49
9308.1 28.26
9310.11 48.32
9312.11 43.71
9314.11 55.91
9316.1 50.9
9318.11 50.09
9320.11 53.52
9322.1 50.01
9324.11 26.16
9326.11 49.47
9328.1 47.52
9330.1 38.15
9332.11 47.72
9334.11 47.86
9336.11 57.28
9338.12 50.14
9340.11 47.31
9342.11 61.05
9344.12 60.63
9346.11 48.64
9348.12 42.1
9350.11 1.76
9352.11 61.73
9354.11 47.65
9356.12 55.27
9358.11 58.69
9360.11 51.0
9362.11 45.01
9364.1 43.41
9366.11 46.9
9368.11 47.92
9370.11 47.92
9372.11 47.92
9374.12 47.95
9376.11 33.6
9378.37 46.14
9380.36 52.06
9382.36 53.92
9384.36 39.73
9386.36 39.76
9388.34 42.6
9390.19 44.46
9392.35 50.42
9394.36 35.45
9396.36 44.24
9398.36 48.78
9400.36 31.97
9402.35 49.92
9404.36 50.71
9406.36 3.51
9408.37 32.72
9410.37 43.83
9412.36 34.52
9414.19 33.42
9416.36 38.26
9418.36 45.85
9420.36 45.85
9422.35 34.98
9424.37 45.27
9426.37 41.73
9428.37 43.15
9430.36 36.61
9432.35 47.34
9434.36 48.79
9436.36 44.48
9438.19 29.51
9440.36 35.26
9442.36 37.61
9444.36 44.04
9446.36 44.04
9448.36 38.01
9450.36 43.41
9452.36 39.83
9454.35 28.63
9456.37 39.12
9458.36 43.14
9460.36 32.12
9462.19 42.7
9464.36 45.51
9466.36 40.17
9468.36 46.03
9470.36 37.86
9472.37 45.26
9474.36 40.49
9476.36 36.54
9478.36 46.04
9480.36 40.27
9482.35 29.92
9484.35 37.56
9486.36 45.18
9488.38 40.0
9490.36 36.33
9492.36 45.3
9494.35 38.22
9496.36 43.44
9498.36 46.72
9500.36 49.0
9502.36 2.73
9504.38 44.15
9506.36 42.12
9508.36 49.34
9510.36 49.13
9512.35 45.08
9514.36 48.84
9516.36 39.07
9518.36 34.68
9520.36 38.43
9522.36 47.95
9524.36 48.81
9526.37 48.86
9528.36 37.36
9530.36 30.67
9532.36 38.01
9534.36 35.97
9536.36 38.93
9538.36 34.94
9540.37 38.4
9542.35 32.77
9544.36 38.25
9546.35 34.07
9548.36 38.45
9550.36 11.41
9552.35 35.08
9554.36 38.42
9556.36 40.15
9558.36 38.92
9560.36 41.79
9562.36 38.38
9564.38 42.11
9566.36 30.2
9568.37 34.16
9570.36 37.84
9572.36 41.36
9574.35 43.95
9576.35 26.33
9578.36 39.21
9580.36 35.32
9582.35 41.19
9584.37 33.81
9586.36 33.47
9588.35 40.67
9590.36 35.79
9592.35 40.26
9594.36 36.96
9596.36 40.39
9598.36 42.69
9600.36 38.4
9602.35 42.41
9604.36 24.9
9606.36 39.74
9608.36 39.04
9610.37 35.71
9612.36 41.81
9614.38 26.83
9616.37 41.97
9618.36 45.23
9620.35 39.45
9622.35 45.23
9624.36 42.72
9626.36 39.6
9628.62 39.6
9630.6 42.3
9632.61 45.22
9634.61 33.24
9636.62 43.36
9638.61 39.53
9640.62 8.19
9642.62 47.17
9644.61 47.08
9646.61 4.47
9648.62 47.61
9650.62 43.99
9652.61 44.26
9654.61 35.1
9656.61 38.95
9658.61 39.29
9660.61 45.03
9662.6 41.44
9664.59 33.05
9666.61 41.79
9668.62 41.68
9670.61 8.89
9672.61 42.85
9674.62 41.27
9676.61 42.59
9678.6 42.42
9680.61 38.14
9682.61 42.57
9684.61 26.94
9686.61 32.82
9688.61 36.85
9690.62 39.16
9692.61 41.76
9694.61 43.13
9696.61 37.41
9698.61 42.54
9700.61 36.94
9702.61 42.55
9704.6 36.84
9706.62 42.45
9708.61 38.07
9710.61 42.29
9712.61 37.83
9714.62 42.09
9716.61 32.21
9718.61 29.73
9720.61 33.8
9722.6 40.91
9724.6 38.18
9726.62 35.85
9728.61 36.74
9730.61 40.69
9732.62 41.04
9734.6 22.74
9736.61 36.88
9738.61 42.65
9740.6 37.85
9742.61 42.65
9744.61 33.57
9746.6 39.6
9748.6 42.4
9750.61 42.4
9752.6 39.07
9754.62 42.32
9756.62 42.31
9758.61 43.47
9760.61 43.37
9762.61 38.0
9764.61 41.83
9766.61 26.42
9768.61 37.16
9770.64 37.72
9772.61 34.71
9774.61 37.19
9776.62 35.22
9778.61 39.13
9780.61 42.87
9782.6 30.74
9784.62 43.04
9786.61 40.16
9788.61 42.95
9790.61 37.47
9792.61 38.76
9794.61 46.65
9796.6 39.66
9798.6 30.4
9800.62 38.18
9802.62 39.33
9804.6 42.08
9806.61 38.62
9808.61 42.08
9810.61 25.0
9812.61 41.81
9814.61 30.86
9816.62 45.54
9818.62 45.37
9820.61 37.26
9822.6 38.29
9824.61 32.87
9826.61 44.95
9828.62 37.35
9830.61 27.66
9832.61 27.32
9834.6 39.21
9836.6 36.49
9838.6 42.51
9840.62 42.16
9842.62 49.93
9844.61 40.73
9846.61 43.14
9848.6 36.82
9850.61 18.83
9852.6 27.67
9854.63 40.76
9856.62 42.46
9858.61 32.44
9860.62 42.27
9862.61 19.47
9864.62 21.21
9866.62 39.77
9868.6 40.26
9870.61 45.37
9872.62 47.65
9874.62 47.35
9876.61 41.49
9878.86 22.3
9880.86 47.17
9882.86 26.77
9884.69 42.21
9886.86 28.65
9888.86 25.93
9890.85 36.93
9892.85 36.05
9894.87 28.67
9896.87 35.56
9898.85 32.55
9900.86 36.42
9902.85 34.44
9904.87 34.0
9906.86 35.03
9908.69 40.27
9910.85 35.74
9912.86 38.7
9914.85 31.09
9916.86 40.16
9918.86 24.82
9920.85 27.5
9922.86 34.87
9924.86 10.01
9926.87 28.93
9928.86 36.99
9930.86 32.92
9932.72 29.28
9934.85 36.82
9936.86 24.99
9938.85 30.74
9940.88 27.94
9942.85 35.13
9944.86 32.95
9946.86 36.28
9948.86 19.82
9950.85 32.54
9952.85 20.49
9954.85 36.85
9956.69 13.14
9958.85 26.78
9960.86 38.0
9962.85 42.71
9964.86 30.71
9966.85 36.56
9968.85 38.16
9970.86 42.75
9972.87 34.75
9974.86 29.2
9976.85 32.42
9978.86 10.7
9980.95 16.33
9982.85 0.03
9984.88 4.57
9986.85 12.04
9988.88 10.39
9990.85 9.31
9992.85 11.82
9994.85 0.06
9996.87 7.72
9998.87 12.76
10000.85 10.06
10002.85 6.06
10004.85 13.75
10006.87 14.46
10008.85 9.07
10010.85 8.4
10012.85 15.04
10014.85 4.98
10016.85 11.89
10018.85 7.54
10020.86 1.2
10022.85 4.77
10024.85 13.23
10026.87 10.52
10028.86 9.6
10030.87 16.62
10032.86 16.38
10035.09 4.67
10036.86 9.56
10038.87 5.55
10040.85 16.01
10042.86 11.29
10044.85 3.56
10046.85 16.75
10048.86 4.62
10050.85 13.41
10052.87 17.36
10054.86 4.37
10056.86 1.9
10058.86 5.78
10060.87 9.68
10062.87 6.39
10064.85 8.46
10066.85 5.33
10068.89 4.67
10070.85 7.32
10072.85 8.31
10074.85 8.47
10076.9 16.45
10078.85 16.67
10080.86 16.53
10082.87 17.12
10084.89 15.91
10086.85 10.42
10088.85 15.22
10090.85 18.4
10092.85 18.31
10094.85 6.58
10096.86 12.94
10098.85 12.94
10100.85 13.46
10102.85 8.22
10104.85 6.75
10106.85 18.17
10108.85 0.84
10110.87 10.47
10112.87 17.59
10114.85 18.59
10116.85 9.69
10119.16 17.08
10120.87 20.95
10122.87 20.88
10124.85 12.87
10126.86 20.77
10128.86 20.59
10131.11 3.99
10133.1 16.93
10135.1 13.9
10137.11 20.38
10139.01 13.81
10141.1 13.74
10143.12 0.17
10145.09 16.66
10147.1 18.21
10149.1 8.88
10151.1 16.6
10153.1 0.57
10155.1 17.13
10157.1 6.36
10159.1 19.3
10161.1 14.56
10163.04 3.55
10165.1 17.8
10167.11 7.75
10169.1 18.2
10171.1 16.98
10173.1 17.83
10175.12 1.05
10177.1 11.52
10179.1 12.38
10181.12 19.15
10183.24 10.76
10185.1 18.86
10187.09 15.56
10189.12 6.66
10191.12 7.21
10193.11 9.79
10195.12 14.62
10197.13 12.94
10199.12 11.66
10201.14 7.92
10203.12 7.65
10205.71 0.15
10207.13 16.97
10209.11 6.87
10211.07 7.3
10213.16 9.2
10215.63 3.97
10217.23 6.84
10219.13 8.99
10221.11 5.72
10223.13 6.95
10225.65 1.76
10227.1 12.61
10229.1 15.21
10231.1 4.78
10233.1 9.06
10234.97 12.84
10237.11 13.07
10239.1 11.65
10241.1 17.61
10243.1 17.81
10245.1 19.45
10247.17 17.01
10249.11 19.67
10251.1 19.67
10253.11 18.15
10255.12 6.72
10257.16 18.98
10258.98 12.88
10261.12 16.47
10263.1 15.5
10265.1 19.33
10267.1 12.78
10269.12 12.78
10271.1 18.27
10273.12 14.37
10275.12 0.03
10277.12 13.68
10279.11 22.95
10281.12 21.48
10283.08 19.05
10285.1 8.81
10287.12 18.37
10289.12 15.76
10291.11 10.59
10293.13 10.31
10295.12 15.65
10297.1 14.28
10299.1 5.26
10301.11 8.45
10303.12 20.98
10305.1 17.68
10307.12 20.68
10309.1 8.5
10311.12 19.18
10313.12 15.71
10315.13 12.17
10317.2 3.78
10319.1 19.72
10321.13 1.14
10323.11 17.76
10325.1 14.15
10327.12 14.15
10329.1 9.39
10331.1 5.24
10333.1 21.79
10335.12 21.75
10337.12 22.75
10339.1 4.46
10341.1 6.93
10343.1 17.84
10345.81 18.74
10347.09 18.11
10349.41 3.46
10351.1 17.97
10353.1 19.07
10355.1 21.1
10357.1 16.71
10359.12 18.53
10361.1 7.53
10363.12 10.4
10365.11 4.5
10367.1 12.86
10369.1 17.68
10371.1 18.89
10373.1 11.56
10375.11 19.42
10377.1 18.13
10379.1 19.47
10381.36 19.56
10383.36 2.94
10385.36 19.3
10387.37 11.77
10389.36 20.25
10391.36 4.78
10393.36 22.28
10395.36 19.56
10397.36 8.2
10399.36 12.69
10401.36 0.04
10403.36 15.61
10405.36 18.6
10407.36 17.33
10409.37 15.61
10411.36 5.5
10413.36 6.27
10415.37 21.18
10417.36 10.9
10419.36 15.19
10421.36 6.4
10423.36 17.79
10425.37 8.37
10427.36 4.58
10429.37 0.08
10431.36 7.4
10433.36 6.21
10435.36 18.39
10437.36 20.1
10439.37 6.84
10441.36 3.88
10443.36 18.12
10445.36 15.77
10447.36 10.18
10449.36 14.37
10451.36 1.28
10453.4 7.97
10455.36 9.87
10457.36 5.62
10459.36 6.82
10461.36 16.31
10463.36 14.29
10465.36 17.53
10467.49 10.05
10469.36 11.83
10471.36 12.54
10473.36 14.53
10475.36 15.1
10477.34 17.17
10479.36 18.89
10481.36 6.41
10483.36 9.03
10485.36 17.54
10487.37 6.31
10489.37 19.85
10491.36 9.96
10493.36 8.72
10495.36 18.9
10497.39 22.27
10499.36 22.46
10501.36 3.14
10503.36 16.28
10505.37 13.66
10507.37 16.81
10509.36 16.5
10511.36 9.42
10513.35 18.46
10515.37 11.28
10517.37 3.32
10519.36 0.51
10521.37 3.07
10523.36 17.18
10525.36 12.16
10527.36 20.82
10529.36 0.15
10531.36 7.93
10533.36 14.39
10535.36 17.37
10537.36 20.92
10539.36 20.61
10541.36 15.56
10543.36 0.23
10546.58 19.29
10549.32 15.12
10552.26 14.62
10555.84 13.75
10557.07 14.68
10559.46 14.52
10561.41 0.72
10562.69 18.2
10564.69 16.8
10566.79 16.29
10568.69 3.68
10570.79 15.46
10572.69 13.41
10574.69 14.54
10576.71 15.25
10578.69 3.55
10580.71 13.96
10582.69 18.88
10584.7 12.94
10586.69 21.01
10588.69 21.01
10590.7 5.03
10592.69 20.9
10594.69 13.4
10596.69 8.69
10598.69 19.01
10600.69 13.4
10602.69 15.52
10604.69 21.9
10606.69 15.13
10608.69 19.81
10610.69 20.1
10612.7 19.61
10614.69 20.25
10616.71 16.3
10618.71 14.43
10620.75 6.4
10622.91 1.59
10624.69 18.72
10626.69 11.18
10628.97 11.95
10630.94 0.54
10632.82 15.57
10634.94 2.8
10636.94 16.41
10638.94 17.69
10640.94 18.63
10642.95 6.84
10644.94 16.74
10646.94 18.58
10648.95 18.9
10650.94 4.95
10652.94 17.72
10654.95 18.23
10656.95 22.26
10658.94 19.85
10660.94 3.75
10662.94 7.09
10664.94 19.82
10666.94 19.04
10668.95 2.07
10670.94 20.0
10672.95 2.83
10674.94 15.28
10676.94 11.72
10678.95 16.1
10680.85 19.05
10682.94 3.34
10684.94 15.73
10686.95 18.86
10688.94 14.88
10690.94 4.59
10692.95 15.9
10694.94 8.18
10696.99 10.5
10698.94 8.71
10700.94 8.71
10702.95 8.71
10704.82 12.05
10706.94 18.95
10708.97 2.69
10710.94 5.05
10712.94 20.97
10714.95 20.31
10717.04 21.09
10718.93 4.56
10720.94 17.07
10722.93 14.29
10724.95 17.41
10726.98 11.23
10728.94 18.78
10730.95 0.03
10732.95 8.57
10734.93 1.96
10736.98 6.4
10738.95 13.18
10740.94 12.58
10742.86 3.13
10745.05 6.44
10746.94 12.26
10749.29 8.56
10751.25 0.57
10753.63 12.13
10756.71 11.22
10758.18 12.25
10760.66 2.97
10762.79 5.78
10765.21 14.23
10765.93 18.16
10766.94 17.54
10768.94 2.43
10770.94 18.46
10772.94 6.2
10774.94 6.51
10776.94 11.25
10778.95 12.48
10780.94 11.37
10782.94 6.46
10784.94 15.25
10786.94 16.35
10788.94 14.85
10790.94 7.11
10792.94 18.37
10794.94 18.73
10796.94 9.96
10799.06 13.55
10800.9 8.88
10802.94 18.98
10804.94 15.02
10806.93 17.59
10808.95 0.44
10810.94 14.41
10812.93 19.82
10814.94 16.91
10816.94 19.02
10818.99 0.55
10820.94 7.4
10822.95 19.94
10824.97 10.93
10826.94 17.54
10828.94 16.05
10830.94 20.04
10833.05 17.34
10835.07 20.73
10836.94 21.3
10838.94 14.44
10840.94 16.62
10842.94 22.68
10844.94 7.86
10846.94 19.5
10848.94 5.28
10850.95 20.9
10852.95 6.86
10854.94 18.1
10856.94 16.0
10859.06 3.98
10860.94 18.42
10862.94 20.98
10864.95 4.86
10866.99 15.07
10868.94 20.76
10870.94 2.82
10872.94 16.4
10874.94 16.47
10876.94 16.3
10878.94 0.6
10881.18 15.66
10883.19 15.23
10885.18 6.46
10887.18 17.8
10889.18 9.53
10891.19 11.33
10893.19 12.51
10895.19 16.78
10897.11 19.96
10899.19 19.34
10901.18 15.76
10903.19 15.01
10905.23 15.13
10907.18 21.02
10909.18 16.54
10911.18 18.29
10913.19 17.88
10915.19 2.14
10917.18 14.65
10919.18 18.87
10921.22 17.5
10923.21 14.97
10925.19 14.4
10927.18 18.62
10929.19 15.69
10931.18 19.09
10933.18 18.62
10935.19 19.43
10937.18 19.34
10939.18 5.44
10941.19 11.3
10943.18 14.07
10945.18 11.31
10947.21 15.62
10950.19 9.28
10951.18 19.0
10953.18 15.36
10955.19 20.7
10957.33 2.42
10959.19 14.32
10961.19 10.98
10963.18 7.09
10965.19 20.39
10967.21 13.98
10969.33 7.1
10971.18 7.36
10973.19 17.8
10975.19 9.96
10977.18 8.45
10979.21 15.62
10981.19 17.27
10983.19 4.29
10985.18 11.98
10987.21 19.61
10989.18 6.93
10991.18 19.0
10993.18 13.69
10995.19 18.94
10997.21 14.37
10999.18 14.51
11001.18 19.69
11003.18 21.01
11005.19 21.94
11007.19 17.59
11009.21 10.96
11011.18 0.03
11013.18 16.29
11015.18 17.07
11017.19 17.07
11019.18 17.07
11021.19 8.94
11023.19 20.51
11025.19 1.74
11027.19 20.38
11029.18 9.14
11031.19 23.56
11033.18 19.88
11035.45 12.81
11037.19 17.17
11039.18 15.35
11041.18 4.81
11043.19 17.32
11045.18 3.28
11047.18 17.07
11049.18 0.04
11051.18 13.45
11053.18 13.31
11055.19 14.3
11057.19 16.51
11059.18 4.83
11061.18 7.22
11063.18 12.79
11065.18 17.67
11067.18 20.7
11069.18 7.42
11071.19 0.19
11073.18 16.33
11075.18 18.81
11077.18 18.4
11079.19 19.58
11081.18 5.43
11083.18 20.37
11085.19 21.63
11087.18 20.5
11089.19 9.9
11091.21 9.13
11093.19 18.71
11095.18 5.01
11097.18 3.37
11099.18 11.99
11101.23 16.39
11103.18 21.14
11105.18 11.42
11107.17 20.9
11109.18 13.34
11111.17 11.94
11113.18 20.64
11115.18 20.7
11117.18 18.95
11119.19 8.9
11121.18 7.56
11123.19 21.64
11125.19 16.83
11127.18 9.94
11129.43 6.55
11131.43 19.32
11133.43 5.94
11135.45 18.07
11137.43 22.1
11139.43 21.86
11141.43 13.51
11143.45 7.23
11145.45 21.07
11147.45 4.81
11149.43 21.06
11151.31 22.02
11153.43 19.21
11155.33 3.87
11157.43 11.12
11159.5 20.29
11161.45 22.03
11163.43 21.33
11165.43 19.21
11167.42 19.83
11169.43 7.8
11171.43 14.42
11173.43 0.86
11175.31 15.96
11177.45 19.02
11179.43 21.67
11181.45 22.65
11183.43 10.44
11185.45 14.08
11187.27 14.06
11189.43 21.32
11191.45 23.09
11193.43 19.48
11195.45 15.7
11197.43 16.47
11199.53 22.53
11201.46 10.93
11203.43 24.4
11205.43 21.61
11207.43 13.84
11209.43 19.63
11211.45 16.06
11213.43 6.16
11215.43 15.61
11217.43 15.45
11219.45 5.12
11221.45 16.99
11223.3 18.01
11225.43 0.71
11227.43 20.9
11229.43 21.77
11231.46 20.9
11233.45 14.47
11235.45 2.47
11237.45 22.72
11239.44 20.35
11241.43 19.18
11243.38 2.98
11245.43 18.77
11247.41 12.04
11249.45 7.32
11251.43 18.2
11253.43 18.72
11255.45 2.28
11257.43 18.69
11259.46 22.94
11261.45 16.42
11263.43 19.88
11265.45 15.71
11267.43 22.54
11269.43 11.93
11271.42 9.94
11273.45 16.01
11275.43 10.81
11277.45 12.03
11279.43 20.64
11281.43 15.76
11283.74 15.76
