0.0 2.74
0.7 2.59
1.52 2.59
2.18 2.67
3.95 1.02
5.96 2.56
7.97 2.21
9.53 2.62
11.78 2.61
13.22 2.62
14.86 2.43
16.11 2.62
18.23 2.46
19.93 2.12
21.37 2.64
23.73 0.13
25.88 2.65
27.34 2.52
29.42 2.61
31.36 2.61
32.42 2.51
34.65 2.62
36.32 2.4
37.94 0.35
39.55 2.6
41.01 2.65
43.3 2.51
45.57 2.53
47.34 2.5
48.63 2.36
50.17 2.47
52.29 2.64
54.9 2.55
56.09 2.63
59.05 2.6
61.19 2.67
63.32 0.16
65.4 2.55
67.58 1.86
70.33 2.31
72.53 2.56
74.17 0.36
76.15 2.31
78.31 2.58
80.86 0.95
83.8 2.55
86.21 2.46
88.39 2.6
89.84 2.26
92.81 2.41
94.9 1.39
98.49 2.61
100.52 2.63
102.6 2.52
106.4 2.55
108.58 1.73
110.28 2.47
112.46 1.85
114.31 2.34
116.71 2.01
118.62 2.63
120.95 1.93
123.18 0.65
127.03 2.53
128.35 2.48
130.81 2.47
132.06 2.54
135.87 2.63
138.06 2.5
139.72 2.64
141.01 2.48
143.75 1.41
146.96 0.24
149.2 2.39
151.26 1.14
153.46 0.82
157.21 2.34
159.53 2.56
161.54 2.55
163.28 1.58
165.67 2.6
167.42 2.64
169.56 2.61
170.92 2.64
173.52 2.67
176.06 2.56
178.82 2.05
181.86 2.49
184.88 2.61
188.93 2.4
191.49 2.45
193.78 2.61
195.65 2.47
197.59 1.31
198.9 2.48
200.63 1.56
202.55 2.2
204.46 0.14
206.63 2.65
208.57 2.56
210.45 2.42
212.2 2.4
214.32 2.55
215.96 2.43
218.57 2.02
220.14 2.62
223.87 1.74
225.78 2.61
228.03 2.58
229.92 0.41
231.36 2.58
234.96 2.6
237.36 2.62
240.24 0.09
241.58 2.17
244.82 1.32
247.18 2.63
249.57 2.63
251.75 2.58
253.91 2.63
256.62 2.27
260.0 2.61
262.8 2.64
266.29 0.61
269.28 0.8
271.78 2.24
274.11 1.27
275.52 2.6
277.46 2.64
279.06 1.14
280.94 2.42
282.72 2.62
284.63 2.47
285.9 2.34
288.17 0.57
290.46 2.46
291.54 2.59
293.9 0.32
296.69 2.61
299.56 2.7
301.21 2.53
302.6 2.66
304.9 2.61
307.33 2.62
310.7 2.67
312.82 2.56
314.25 2.63
316.03 1.03
319.16 2.62
321.32 2.6
322.54 2.34
324.5 2.6
326.94 2.65
330.51 2.88
332.7 2.6
334.01 2.56
336.35 2.49
338.52 1.3
340.26 2.62
342.9 2.38
345.37 2.61
348.75 2.62
350.36 2.6
352.7 2.69
356.14 2.51
358.01 2.09
360.47 1.69
362.1 2.66
366.71 2.61
369.41 2.07
372.0 2.28
374.21 0.33
376.08 2.58
378.6 2.57
379.77 2.56
381.53 2.58
382.67 2.6
385.13 2.49
387.77 0.58
391.83 2.62
394.15 1.1
395.54 2.55
398.15 2.57
401.06 1.6
402.82 2.63
405.84 2.44
407.8 0.13
409.66 2.37
412.33 2.41
416.02 2.55
418.28 2.44
419.78 2.65
421.87 2.51
424.79 2.24
426.73 1.84
428.68 2.42
430.37 2.0
434.21 1.06
437.51 2.59
440.31 2.5
441.85 0.49
443.22 2.64
444.94 1.44
448.25 2.36
449.94 0.42
451.41 2.36
455.52 0.05
462.25 0.31
463.93 2.68
465.32 2.62
467.71 2.66
469.89 2.61
471.85 2.58
473.76 2.64
476.43 2.29
480.2 2.59
483.32 0.09
484.24 2.42
485.59 2.3
486.63 2.54
488.42 2.65
490.28 2.38
492.48 2.54
494.26 2.67
495.52 2.72
497.43 2.35
499.37 2.06
501.62 2.61
503.42 2.59
505.34 2.48
507.67 0.88
509.39 2.49
511.38 2.49
513.42 2.5
515.04 2.64
516.26 2.07
517.64 2.61
