0.0 2.78
0.76 9.59
1.8 1.24
2.63 1.09
3.69 0.93
5.16 2.78
5.75 12.49
6.94 9.06
8.06 2.53
9.66 1.88
11.24 0.51
12.32 2.58
13.08 5.34
14.28 4.74
15.93 0.07
17.47 0.09
18.61 3.74
20.44 1.22
22.32 0.06
24.36 3.1
26.29 2.94
28.32 1.91
30.33 0.76
32.32 1.83
34.64 0.1
36.32 3.65
38.32 9.2
40.32 2.39
42.27 5.08
44.32 4.19
46.32 5.57
48.32 1.24
50.29 4.35
52.33 7.82
54.32 2.2
56.32 12.55
58.33 13.07
60.32 12.85
62.33 1.12
64.32 4.58
66.32 10.67
68.32 10.67
70.32 2.84
72.32 0.24
74.32 1.55
76.46 0.65
78.32 0.6
82.16 8.8
86.65 1.9
88.67 0.23
90.89 9.23
93.31 6.66
94.3 2.25
96.02 0.28
97.0 6.26
98.11 2.87
111.55 0.44
112.64 1.13
113.82 0.56
114.92 1.49
115.76 6.15
116.85 0.51
117.55 10.09
118.17 11.14
119.99 1.06
121.79 2.99
125.62 1.79
128.46 6.32
130.03 5.02
131.8 5.25
133.19 5.67
134.62 7.22
136.14 7.64
138.63 12.0
140.12 6.21
142.3 3.91
144.35 2.0
145.47 3.05
148.06 5.32
151.21 0.04
154.11 0.05
155.58 5.22
157.14 0.63
159.88 0.54
161.09 5.23
162.79 0.63
165.15 3.51
167.4 9.35
169.9 0.85
173.3 0.08
175.77 0.67
176.95 1.68
184.72 1.24
186.02 1.84
187.06 0.54
188.43 0.46
189.4 1.19
190.3 7.58
193.94 4.62
196.39 0.35
199.85 2.18
202.13 5.51
203.56 10.89
205.12 1.58
207.08 2.39
209.56 2.89
217.9 2.32
218.5 6.14
219.22 7.01
220.04 5.49
221.14 5.23
222.75 0.32
224.42 0.44
225.93 7.01
227.13 6.4
228.96 2.49
231.15 2.82
233.09 1.48
240.6 4.09
241.9 3.35
242.62 4.74
243.61 4.85
244.73 6.24
246.35 0.04
248.02 0.27
250.5 1.1
254.36 0.07
255.21 3.47
256.02 6.58
257.09 0.49
259.4 0.31
260.59 0.38
263.06 2.52
265.13 0.6
267.98 10.08
270.16 0.2
271.11 0.05
271.89 9.47
272.77 0.8
274.37 1.11
276.38 1.73
278.38 0.81
280.37 7.52
282.37 10.8
284.38 1.13
287.23 0.75
288.31 0.06
290.86 3.3
292.37 0.06
294.45 0.94
296.37 1.16
298.37 2.66
300.39 8.3
302.37 0.14
304.37 0.22
306.37 0.68
308.37 0.12
310.37 9.17
312.37 1.37
314.38 2.44
316.38 8.51
318.37 1.06
322.54 0.18
323.5 1.47
327.66 0.92
331.56 0.95
332.97 0.15
335.25 1.26
337.76 0.6
339.5 0.5
342.66 0.86
344.0 6.1
346.48 0.15
348.49 0.83
349.36 6.8
350.1 8.03
350.7 10.25
351.63 3.26
352.6 1.68
354.36 4.78
356.38 0.25
358.87 0.67
361.93 2.97
363.66 0.25
365.5 0.27
366.78 1.37
368.51 0.29
370.38 0.25
372.4 4.8
374.37 1.19
377.16 0.71
378.48 0.03
380.37 1.21
382.37 0.73
384.37 2.27
386.38 1.22
388.37 6.91
390.37 0.39
392.37 8.57
394.37 0.3
396.4 1.77
398.47 0.56
400.37 0.86
402.37 0.2
404.37 0.71
406.4 9.44
408.37 2.8
410.38 1.9
412.37 1.46
414.37 0.79
416.37 0.39
418.46 0.28
420.37 7.18
422.37 1.02
424.37 2.48
426.38 0.89
428.37 8.5
430.38 1.31
432.37 8.62
434.37 1.15
436.38 0.79
438.37 1.61
440.37 0.79
442.37 3.63
444.37 0.55
446.62 2.64
448.63 1.42
450.62 1.13
452.62 11.42
454.62 1.12
456.64 12.6
458.62 1.72
460.62 0.06
462.62 1.15
464.62 3.93
466.62 3.93
468.62 3.93
470.63 2.44
472.63 0.59
474.62 1.2
476.63 1.16
478.63 1.16
480.51 1.46
482.62 1.46
484.62 0.32
486.62 5.0
488.62 7.07
490.62 9.29
492.37 11.08
494.34 2.96
496.37 5.29
498.37 5.17
500.38 5.66
502.62 1.96
504.62 5.83
506.63 2.82
508.62 6.65
510.63 5.21
