0 8.875
1 41.25
2 63.875
3 7.375
4 17.375
5 46.5
6 54.0
7 69.75
8 73.375
9 77.125
10 80.5
11 81.25
12 82.375
13 63.375
14 83.5
15 77.75
16 81.0
17 88.375
18 88.75
19 100.875
20 116.5
21 150.0
22 167.5
23 182.5
24 180.0
25 138.75
26 145.0
27 157.5
28 193.75
29 200.0
30 176.25
31 161.25
32 168.75
33 178.75
34 78.5
35 13.625
36 7.0
37 76.0
38 113.75
39 123.5
40 152.5
41 10.5
42 10.625
43 113.625
44 147.5
45 205.0
46 114.5
47 11.375
48 30.125
49 143.75
50 160.0
51 167.5
52 166.25
53 165.0
54 157.5
55 178.75
56 133.75
57 173.75
58 14.75
59 13.375
60 10.875
61 44.625
62 37.625
63 57.25
64 26.25
65 22.125
66 49.125
67 30.625
68 22.125
69 31.0
70 19.125
71 22.125
72 22.125
73 26.0
74 13.75
75 5.375
76 14.75
77 21.25
78 15.375
79 11.875
80 11.0
81 15.5
82 20.875
83 21.5
84 22.375
85 17.625
86 18.75
87 22.875
88 26.75
89 22.875
90 13.5
91 22.875
92 13.75
93 14.375
94 15.0
95 52.0
96 46.125
97 53.5
98 58.625
99 63.125
100 59.5
101 66.25
102 71.5
103 81.625
104 69.125
105 95.25
106 107.5
107 118.625
108 146.25
109 150.0
110 183.75
111 123.625
112 155.0
113 187.5
114 157.5
115 30.5
116 12.5
117 10.875
118 14.75
119 11.125
120 15.0
121 14.125
122 13.125
123 0.125
124 1.25
125 45.5
126 97.625
127 88.375
128 60.625
129 104.625
130 128.75
131 124.5
132 171.25
133 114.25
134 124.625
135 118.0
136 193.75
137 115.75
138 15.5
139 10.625
140 14.0
141 12.375
142 14.0
143 13.75
144 13.375
145 15.0
146 15.125
147 14.5
148 10.625
149 14.375
150 12.5
151 11.125
152 13.625
153 11.625
154 15.25
155 10.75
156 12.75
157 11.125
158 44.75
159 12.0
160 19.5
161 3.375
162 15.25
163 13.375
164 15.5
165 44.125
166 6.875
167 68.375
168 69.75
169 58.375
170 28.375
171 29.5
172 25.875
173 69.25
174 117.25
175 98.0
176 62.25
177 23.125
178 79.0
179 107.125
180 106.75
181 103.875
182 111.375
183 106.25
184 89.5
185 124.0
186 124.875
187 25.625
188 49.75
189 96.0
190 83.0
191 103.5
192 87.625
193 87.25
194 103.25
195 34.625
196 33.25
197 79.75
198 83.5
199 78.75
200 98.0
201 92.0
202 86.25
203 61.25
204 51.25
205 67.875
206 75.125
207 58.75
208 46.0
209 72.875
210 10.625
211 14.375
212 81.875
213 166.25
214 186.25
215 156.25
216 178.75
217 221.25
218 217.5
219 198.75
220 167.5
221 152.5
222 117.875
223 127.5
224 210.0
225 211.25
226 208.75
227 203.75
228 217.5
229 217.5
230 222.5
231 207.5
232 198.75
233 218.75
234 223.75
235 221.25
236 218.75
237 155.0
238 223.75
239 190.0
240 215.0
241 190.0
242 216.25
243 201.25
244 222.5
245 221.25
246 193.75
247 208.75
248 216.25
249 221.25
250 215.0
251 223.75
252 192.5
253 186.25
254 225.0
255 227.5
256 218.75
257 226.25
258 225.0
259 216.25
260 226.25
261 120.75
262 11.25
263 14.0
264 14.125
265 0.375
266 1.125
267 35.0
268 176.25
269 207.5
270 211.25
271 198.75
272 217.5
273 146.25
274 133.75
275 213.75
276 202.5
277 227.5
278 226.25
279 227.5
280 227.5
281 227.5
282 195.0
283 171.25
284 172.5
285 177.5
286 192.5
287 160.0
288 220.0
289 190.0
290 223.75
291 220.0
292 227.5
293 220.0
294 231.25
295 228.75
296 207.5
297 196.25
298 157.5
299 222.5
300 221.25
301 220.0
302 205.0
303 211.25
304 153.75
305 201.25
306 203.75
307 210.0
308 216.25
309 208.75
310 211.25
311 193.75
312 198.75
313 181.25
314 156.25
315 218.75
316 210.0
317 208.75
318 173.75
319 180.0
320 96.25
321 153.75
322 162.5
323 176.25
324 173.75
325 187.5
326 170.0
327 156.25
328 150.0
329 143.75
330 152.5
331 167.5
332 117.5
333 108.375
334 80.5
335 106.375
336 127.5
337 82.125
338 83.125
339 59.0
340 0.25
341 15.0
342 15.0
343 12.75
344 12.5
345 15.25
346 14.625
347 12.875
348 14.625
349 5.375
350 30.375
351 55.5
352 42.5
353 55.0
354 57.875
355 58.75
356 66.5
357 77.25
358 83.25
359 77.625
360 29.0
361 27.125
362 71.625
363 65.25
364 63.875
365 27.125
366 1.25
367 1.375
368 11.375
369 10.25
370 34.875
371 39.75
372 55.625
373 72.0
374 54.75
375 59.125
376 56.375
377 62.75
378 62.25
379 71.25
380 58.375
381 73.125
382 74.875
383 79.625
384 80.375
385 87.125
386 89.125
387 84.0
388 112.75
389 121.125
390 142.5
391 135.0
392 157.5
393 181.25
394 166.25
395 182.5
396 183.75
397 133.75
398 128.75
399 147.5
400 137.5
401 141.25
402 160.0
403 180.0
404 111.5
405 158.75
406 133.75
407 92.125
408 6.25
409 12.5
410 11.125
411 0.625
412 11.0
413 28.875
414 38.875
415 63.0
416 71.25
417 54.5
418 4.25
419 0.375
420 0.25
421 17.5
422 47.5
423 46.875
424 15.0
425 0.25
426 0.375
427 43.375
428 23.125
429 14.375
430 14.25
431 12.875
432 15.375
433 12.0
434 15.25
435 15.375
436 10.5
437 11.125
438 15.375
439 15.375
440 11.375
441 11.125
442 11.375
443 15.375
444 12.875
445 13.5
446 10.75
447 15.0
448 11.875
449 15.0
450 14.5
451 10.625
452 14.875
453 14.125
454 11.375
455 16.75
456 35.625
457 0.375
458 4.0
459 5.75
460 1.5
461 0.5
462 15.25
463 15.5
464 15.0
465 25.5
466 36.25
467 2.125
468 12.25
469 14.875
470 26.375
471 24.5
472 30.75
473 30.75
474 32.875
475 33.75
476 34.875
477 35.125
478 33.625
479 41.25
480 49.0
481 54.625
482 67.25
483 71.5
484 73.5
485 94.5
486 104.25
487 116.375
488 107.625
489 109.0
490 130.0
491 128.75
492 132.5
493 143.75
494 142.5
495 147.5
496 155.0
497 143.75
498 137.5
499 138.75
500 136.25
501 148.75
502 147.5
503 150.0
504 178.75
505 147.5
506 171.25
507 163.75
508 138.75
509 137.5
510 108.625
511 88.875
512 69.625
513 42.125
514 54.125
515 51.25
516 55.125
517 8.75
518 13.625
519 13.75
520 61.0
521 86.625
522 91.625
523 93.625
524 98.5
525 96.25
526 90.5
527 102.125
528 93.75
529 97.5
530 99.375
531 100.75
532 80.5
533 80.75
534 94.0
535 92.875
536 98.75
537 96.0
538 74.75
539 71.25
540 32.75
541 5.375
542 0.5
543 13.625
544 12.375
545 69.0
546 82.625
547 103.125
548 117.5
549 104.875
550 93.75
551 113.25
552 161.25
553 84.25
554 145.0
555 116.375
556 110.625
557 133.75
558 126.25
559 92.25
560 94.25
561 50.25
562 3.375
563 0.875
564 0.375
565 14.25
566 12.625
567 47.625
568 71.75
569 88.625
570 82.0
571 79.375
572 80.75
573 63.625
574 14.875
575 6.75
576 0.125
577 0.125
578 5.75
579 2.875
580 23.625
581 17.75
582 22.5
583 15.375
584 32.625
585 12.875
586 12.375
587 38.0
588 10.0
589 2.75
590 16.25
591 22.875
592 29.0
593 38.125
594 47.25
595 13.25
596 13.125
597 15.625
598 16.0
599 11.125
600 24.75
601 33.875
602 40.25
603 45.375
604 55.75
605 58.75
606 57.625
607 56.25
608 10.625
609 12.25
610 11.875
611 44.375
612 62.625
613 49.125
614 30.75
615 61.625
616 59.875
617 40.125
618 42.0
619 48.375
620 15.125
621 37.0
622 52.375
623 57.375
624 55.5
625 61.0
626 71.25
627 52.875
628 64.625
629 59.0
630 63.375
631 55.0
632 60.75
633 64.0
634 66.25
635 69.25
636 61.75
637 78.0
638 67.0
639 82.875
640 84.625
641 89.125
642 93.125
643 104.25
644 101.875
645 100.25
646 114.25
647 115.75
648 126.25
649 118.375
650 138.75
651 125.0
652 133.75
653 143.75
654 131.25
655 132.5
656 156.25
657 142.5
658 126.25
659 88.375
660 131.25
661 138.75
662 150.0
663 162.5
664 123.625
665 141.25
666 107.125
667 110.875
668 130.0
669 166.25
670 141.25
671 122.75
672 68.125
673 69.875
674 146.25
675 133.75
676 110.625
677 108.0
678 109.75
679 119.875
680 91.375
681 133.75
682 137.5
683 127.5
684 100.125
685 132.5
686 128.75
687 118.625
688 127.5
689 122.5
690 93.625
691 121.625
692 130.0
693 147.5
694 152.5
695 151.25
696 136.25
697 142.5
698 136.25
699 119.125
700 133.75
701 126.25
702 121.625
703 105.5
704 61.125
705 2.25
706 14.5
707 10.875
708 32.75
709 44.75
710 117.125
711 114.75
712 110.25
713 128.75
714 111.625
715 145.0
716 146.25
717 119.5
718 121.875
719 124.125
720 137.5
721 101.75
722 81.875
723 93.125
724 98.125
725 46.5
726 34.0
727 1.25
728 4.875
729 1.0
730 0.5
731 14.5
732 14.0
733 14.0
734 15.0
735 12.375
736 15.625
737 13.625
738 15.25
739 10.375
740 12.75
741 14.375
742 15.625
743 13.625
744 14.875
745 12.625
746 14.125
747 15.125
748 13.5
749 9.75
750 11.375
751 15.5
752 14.125
753 14.375
754 12.375
755 15.125
756 12.0
757 13.125
758 11.25
759 14.375
760 11.375
761 15.375
762 15.0
