0.0 0.08
1.67 0.44
2.23 1.14
2.98 0.77
3.58 1.09
4.16 1.18
5.48 0.08
8.75 0.27
10.0 1.03
10.82 0.67
11.37 1.0
13.48 0.17
37.43 0.18
38.51 0.93
39.29 0.46
39.94 0.77
40.73 0.09
41.33 0.36
43.04 0.79
44.08 0.19
46.28 0.46
51.94 0.46
52.61 1.15
53.69 0.78
54.25 1.22
55.17 0.27
56.8 1.16
58.79 1.07
60.8 1.07
69.12 0.91
74.85 0.77
76.07 0.71
76.97 0.36
77.79 0.74
78.35 0.93
80.43 0.7
81.6 0.78
86.58 0.27
87.56 0.8
89.28 0.8
90.87 0.92
94.88 1.21
95.59 0.62
96.6 1.21
99.83 0.79
105.62 0.81
106.81 0.6
107.64 0.96
108.65 0.18
111.07 0.65
121.29 1.01
122.23 0.93
122.98 0.72
123.55 0.91
124.07 0.78
124.94 1.02
128.06 1.13
129.36 1.18
130.11 1.3
131.29 0.36
133.07 0.65
136.57 0.88
138.88 0.35
140.86 0.93
142.26 0.26
143.64 0.02
144.88 0.51
147.1 0.86
154.18 0.83
155.41 0.73
156.56 0.78
157.3 0.43
163.55 0.77
165.26 1.08
166.04 0.37
167.94 1.07
169.5 0.25
170.6 0.91
172.94 1.0
176.2 0.82
177.94 0.99
179.54 1.12
181.28 0.35
183.04 0.97
185.11 0.95
187.51 1.01
188.6 0.77
193.89 1.35
195.06 0.09
195.87 0.65
198.36 0.97
201.33 0.25
202.25 0.96
203.28 0.97
204.58 1.02
206.57 0.9
210.15 0.75
211.8 0.8
213.69 0.34
215.99 0.82
216.95 0.71
217.97 0.02
224.0 0.91
225.93 0.76
228.02 0.99
230.25 0.27
230.76 0.61
231.56 1.03
233.08 0.78
236.1 0.77
238.41 0.36
239.91 0.75
244.13 0.74
245.89 1.24
246.82 0.8
248.03 1.17
248.83 1.21
256.6 1.07
257.36 0.83
258.05 1.03
258.64 0.07
263.66 1.1
264.65 0.53
265.23 0.62
271.26 1.05
272.0 1.05
284.43 0.82
285.13 0.36
285.89 0.73
286.49 0.97
287.05 1.24
287.68 1.32
288.91 0.08
290.5 0.44
297.64 0.03
298.31 0.78
299.47 1.09
300.59 0.99
301.13 0.52
309.05 0.78
309.79 0.58
310.67 0.77
311.41 0.77
312.31 0.37
316.45 0.28
317.56 0.75
320.28 0.45
320.93 0.67
322.29 0.27
324.53 0.79
326.41 1.09
328.82 0.26
338.28 0.76
339.88 0.84
341.05 0.96
341.72 0.44
343.02 0.73
343.86 0.99
344.92 0.28
354.84 1.14
355.54 1.17
356.2 1.35
356.81 1.29
357.39 0.51
357.9 1.19
359.92 0.94
360.56 0.87
361.42 0.77
363.89 0.06
366.65 0.9
368.38 1.14
369.93 0.63
372.09 1.19
379.79 0.07
380.58 1.01
381.84 0.73
384.98 1.06
386.39 0.96
387.45 1.03
389.17 0.54
392.93 1.04
398.64 0.96
400.39 1.06
402.26 1.04
404.14 0.79
405.88 0.27
406.67 1.06
415.23 0.91
416.49 0.6
417.45 0.86
418.6 0.73
419.54 0.78
420.6 0.55
421.64 0.45
422.56 1.1
425.62 0.07
426.51 0.72
429.11 0.09
432.14 0.91
433.95 0.92
436.14 0.17
436.9 1.15
438.89 1.2
441.77 0.88
443.75 0.46
445.9 0.98
446.76 1.05
454.57 0.36
455.67 0.68
456.71 0.93
457.47 0.81
458.54 0.18
459.49 0.88
461.76 0.81
463.47 0.96
465.26 0.93
467.47 0.27
468.33 0.85
469.04 0.87
479.71 0.02
480.56 0.82
481.58 0.69
482.94 0.91
483.96 0.92
485.58 0.09
486.61 0.9
488.18 1.16
489.61 1.19
491.2 0.48
494.65 0.87
495.43 0.89
498.21 0.73
500.48 0.97
501.58 0.16
505.47 1.12
506.47 0.27
507.51 0.13
514.31 0.72
515.65 0.36
516.75 0.83
518.28 0.17
519.47 0.82
520.95 0.28
522.11 0.79
523.84 1.04
524.74 1.11
527.92 0.8
531.96 0.37
532.96 1.05
536.69 0.95
537.73 1.18
538.76 0.9
540.76 0.28
542.44 0.91
544.42 0.55
547.05 0.55
547.81 1.09
549.52 0.37
553.08 0.82
554.4 0.83
555.32 0.85
559.3 0.8
561.17 0.09
562.23 0.66
563.94 0.02
566.08 0.64
569.07 0.08
570.24 0.14
573.28 0.86
574.41 0.9
576.74 0.81
578.2 0.58
581.92 0.77
583.29 0.8
585.04 0.02
586.08 0.66
588.01 0.73
589.08 0.72
592.14 1.12
593.86 0.43
595.42 1.2
596.0 1.25
597.25 1.27
600.58 1.18
602.98 0.45
603.55 1.16
607.78 0.94
610.01 0.79
611.94 0.27
613.7 0.78
614.86 0.81
618.41 0.28
620.3 0.8
621.31 0.46
622.03 0.77
626.73 0.91
627.97 0.91
630.48 0.81
633.07 0.46
634.13 0.92
635.41 0.02
641.15 0.89
642.42 0.56
643.87 0.99
663.07 1.24
664.34 0.84
665.42 1.2
666.14 1.09
666.93 0.61
668.46 1.35
673.38 0.36
674.93 0.96
676.39 0.17
678.98 1.15
680.2 0.64
681.3 0.88
683.24 0.83
684.85 0.46
686.39 0.92
688.12 0.65
689.58 0.37
691.97 0.99
697.84 0.08
699.33 0.46
701.19 0.18
703.09 0.82
704.2 0.08
705.77 0.45
707.04 1.05
708.26 0.46
709.1 0.84
710.41 0.34
721.02 0.8
723.28 0.77
725.27 0.9
727.22 0.79
728.68 0.64
729.69 0.88
730.66 0.46
731.53 0.65
732.81 1.06
733.91 0.35
735.46 1.33
738.22 0.63
740.44 0.7
741.96 1.06
747.31 0.08
748.35 1.11
749.37 1.17
750.38 1.16
751.46 0.18
753.22 0.65
757.87 0.89
759.3 0.73
760.56 0.93
761.85 1.06
762.64 0.17
765.12 1.01
767.38 0.78
768.63 0.8
772.8 0.92
775.17 0.76
776.35 0.55
778.51 0.35
779.65 0.93
782.73 1.11
783.76 1.04
784.82 0.08
785.96 1.18
787.54 1.4
790.11 0.65
792.11 0.88
794.13 0.61
795.88 0.96
797.8 0.85
799.54 0.27
802.21 0.86
803.7 1.2
804.56 0.72
806.02 1.12
814.72 0.73
815.27 0.8
817.17 0.87
819.03 0.95
821.49 0.18
822.73 1.22
824.32 1.18
826.6 1.09
830.51 1.19
831.86 1.18
832.95 1.03
834.3 0.91
836.94 0.64
840.4 1.25
842.19 0.02
843.65 1.0
844.85 1.12
847.52 1.12
851.01 0.52
852.96 0.8
854.03 0.83
855.55 1.31
857.6 1.16
860.01 1.1
862.79 1.05
865.55 1.07
867.85 0.89
868.96 0.09
870.76 0.34
873.01 1.01
874.87 0.86
875.82 1.15
876.73 1.19
877.87 1.17
879.7 0.62
883.33 1.11
886.2 1.08
888.67 0.46
890.43 1.14
891.81 0.61
894.7 0.89
895.96 0.82
898.73 0.87
900.1 0.91
903.75 0.08
905.56 0.82
907.9 0.63
910.35 0.09
911.05 1.49
912.57 0.03
915.48 1.2
916.65 0.92
917.66 0.27
918.34 0.98
919.73 0.85
922.63 0.63
925.56 0.66
