0.0 151.77
1.43 161.52
3.43 176.11
5.43 6.2
7.18 98.88
9.18 101.55
11.18 144.85
13.18 175.12
15.19 11.34
17.18 165.59
19.19 125.2
21.2 113.05
23.18 133.97
25.19 11.27
27.19 175.47
29.18 11.28
31.44 165.0
33.44 170.59
35.44 170.51
37.44 150.54
39.19 8.61
41.18 67.35
43.18 12.84
45.18 144.31
47.19 176.26
49.19 0.29
51.44 198.59
53.44 12.93
55.44 162.82
57.44 180.09
59.44 174.32
61.44 196.46
63.44 12.72
65.44 202.04
67.44 12.54
69.44 172.83
71.19 167.85
73.44 7.71
75.44 1.96
77.44 0.3
79.44 167.82
81.44 178.53
83.44 113.55
85.44 201.94
87.44 8.52
89.44 127.11
91.44 10.88
93.44 181.79
95.44 200.93
97.44 12.38
99.44 131.17
101.44 12.55
103.44 171.43
105.44 174.74
107.44 158.35
109.44 140.1
111.44 12.19
113.44 96.74
115.44 0.29
117.44 108.22
119.44 89.42
121.44 0.28
123.44 44.31
125.44 12.73
127.44 52.96
129.44 83.13
131.44 77.76
133.44 76.6
135.44 96.15
137.44 61.32
139.43 55.5
141.44 55.5
143.44 111.69
145.44 124.77
147.44 56.29
149.44 11.78
151.44 99.46
153.44 119.04
155.44 122.14
157.44 99.63
159.44 67.43
161.44 84.41
163.44 84.41
165.44 52.81
167.44 75.71
169.44 11.79
171.44 84.66
173.44 12.0
175.44 49.62
177.44 35.62
179.43 59.86
181.44 59.86
183.44 42.08
185.44 42.08
187.44 75.47
189.44 79.34
191.44 98.27
193.44 95.46
195.44 62.27
197.44 103.72
199.44 106.03
201.44 126.19
203.44 120.68
205.44 112.99
207.44 114.8
209.44 111.12
211.44 13.45
213.44 144.88
215.44 144.88
217.44 12.5
219.44 117.27
221.44 11.44
223.44 108.36
225.44 69.13
227.45 148.11
229.44 88.49
231.44 9.82
233.44 94.78
235.46 12.54
237.44 155.37
239.44 152.96
241.44 12.34
243.44 89.6
245.44 9.83
247.44 4.76
249.44 112.99
251.45 141.49
253.69 164.98
255.69 13.42
257.69 133.55
259.44 11.39
261.44 157.26
263.44 160.13
265.45 172.88
267.44 154.67
269.44 10.46
271.44 192.5
273.44 185.73
275.69 167.9
277.69 169.37
279.69 3.45
281.69 178.79
283.69 12.28
285.44 183.65
287.44 156.87
289.44 184.07
291.46 129.54
293.44 10.84
295.44 163.42
297.52 0.3
299.69 180.37
301.69 187.75
303.69 9.78
305.69 120.68
307.69 12.06
309.69 140.16
311.69 170.77
313.69 122.69
315.44 145.33
317.44 12.46
319.69 89.32
321.52 12.38
323.69 169.29
325.69 164.99
327.69 10.88
329.69 122.92
331.69 11.51
333.69 161.48
335.69 166.54
337.69 176.89
339.69 111.88
341.69 12.68
343.69 155.19
345.53 12.22
347.69 191.91
349.69 130.86
351.69 12.43
353.69 161.98
355.69 12.36
357.69 178.73
359.69 102.6
361.69 158.27
363.69 198.47
365.69 12.56
367.69 132.95
369.69 11.58
371.69 152.71
373.69 186.29
375.69 12.78
377.69 172.19
379.69 9.69
381.69 191.75
383.69 153.41
385.69 154.31
387.7 207.48
389.69 11.47
391.69 158.95
393.69 11.49
395.69 149.46
397.69 134.55
399.69 11.47
401.69 162.42
403.7 11.63
405.69 163.95
407.7 129.84
409.69 2.5
411.69 113.07
413.7 12.64
415.69 169.7
417.7 12.11
419.69 179.48
421.7 8.18
423.69 144.77
425.7 170.15
427.7 12.72
429.7 141.73
431.7 3.54
433.69 185.14
