0.0 215.02
1.19 15.74
3.19 17.68
5.2 16.23
7.2 16.21
9.2 19.42
11.22 17.38
13.22 22.77
15.22 23.57
17.22 35.53
19.23 58.72
21.23 54.53
23.25 72.49
25.25 83.39
27.25 91.25
29.25 120.54
31.26 113.58
33.27 29.69
35.28 198.36
37.28 31.42
39.3 182.83
41.3 245.0
43.3 30.52
45.31 230.79
47.32 2.38
49.32 258.84
51.32 29.54
53.34 264.54
55.35 249.51
57.36 28.06
59.37 28.06
61.38 2.15
63.38 201.77
65.39 222.09
67.4 82.47
69.4 141.79
71.41 30.45
73.42 219.5
75.21 30.2
77.44 140.32
79.44 237.78
81.44 28.88
83.2 156.76
85.2 43.18
87.46 228.46
89.47 31.08
91.23 116.5
93.23 136.69
95.23 31.44
97.24 139.06
99.24 29.26
101.25 127.45
103.26 120.35
105.27 30.62
107.28 116.61
109.28 121.8
111.29 124.88
113.3 107.67
115.3 130.97
117.3 119.81
119.31 30.3
121.32 141.83
123.32 32.37
125.33 142.66
127.34 159.04
129.34 21.13
131.35 165.45
133.35 29.78
135.37 73.08
137.37 168.65
139.37 196.27
141.38 204.75
143.38 26.1
145.39 201.35
147.38 29.98
149.39 40.97
151.4 40.97
153.4 28.18
155.41 167.63
157.42 27.49
159.42 180.36
161.43 203.11
163.44 206.83
165.45 169.25
167.46 30.9
169.46 161.83
171.48 28.66
173.49 198.11
175.51 191.54
177.51 28.59
179.51 146.28
181.52 32.32
183.52 160.17
185.53 190.07
187.54 205.15
189.55 165.56
191.32 5.22
193.32 171.76
195.32 28.76
197.33 171.32
199.34 229.58
201.35 30.25
203.35 187.75
205.36 29.32
207.36 197.1
209.37 169.4
211.37 163.59
213.38 202.87
215.39 30.71
217.4 173.52
219.4 29.49
221.42 211.14
223.42 204.75
225.42 30.38
227.42 222.73
229.43 41.65
231.43 205.97
233.44 205.6
235.45 228.51
237.45 208.62
239.46 2.55
241.47 194.03
243.47 39.8
245.47 175.37
247.48 158.69
249.48 33.67
251.49 203.65
253.5 30.16
255.51 121.45
257.52 232.01
259.52 212.84
261.52 207.24
263.53 1.7
265.54 203.6
267.54 30.47
269.55 171.89
271.55 253.61
273.56 29.02
275.57 216.8
277.57 3.16
279.57 221.39
281.57 214.92
283.58 216.98
285.6 250.89
287.61 2.1
289.61 218.6
291.62 30.42
293.64 213.33
295.64 240.66
297.64 29.3
299.65 195.35
301.66 30.63
303.66 261.7
305.45 30.54
307.68 229.21
309.44 200.16
311.44 33.83
313.45 222.44
315.46 31.01
317.46 235.36
319.46 179.78
321.48 29.48
323.49 230.31
325.5 36.42
327.51 195.11
329.52 185.19
331.53 243.45
333.54 255.94
335.54 4.26
337.54 256.36
339.55 33.26
341.55 202.39
343.56 223.06
345.57 30.47
347.57 18.31
349.57 26.44
351.57 12.34
353.58 15.42
355.58 29.23
357.59 40.85
359.6 38.71
361.6 55.97
363.6 65.16
365.6 63.67
367.61 55.66
369.61 66.72
371.62 52.72
373.63 83.06
375.63 77.63
377.63 76.29
379.64 76.09
381.66 89.15
383.67 96.89
385.68 109.28
387.69 102.22
389.69 122.38
391.7 102.99
393.71 103.15
395.73 121.71
397.74 2.17
399.75 126.45
401.54 30.92
403.76 117.48
405.52 150.77
407.53 44.35
409.53 127.15
411.53 26.16
413.54 117.69
415.55 132.8
417.56 30.77
419.57 146.52
421.57 2.8
423.57 135.68
425.58 126.18
427.58 145.18
429.6 136.97
431.6 31.93
433.61 170.27
435.62 29.12
437.62 125.04
439.62 137.95
441.63 29.86
443.64 162.25
445.64 29.48
447.65 81.72
449.65 30.26
451.66 44.19
453.67 76.35
455.67 97.4
457.68 77.99
459.68 84.07
461.7 73.46
463.71 90.99
465.71 84.09
467.72 86.77
469.72 80.97
471.73 93.79
473.74 95.34
475.74 103.42
477.74 113.81
479.75 113.65
481.76 116.16
483.78 29.3
485.78 110.23
487.78 128.71
489.79 95.95
491.8 95.95
493.81 2.37
495.81 96.22
497.58 112.24
499.81 120.92
501.81 108.14
503.82 42.7
505.82 136.49
507.84 28.74
509.84 119.58
511.6 127.61
513.61 30.5
515.61 138.77
517.86 2.79
519.62 144.98
521.63 38.8
523.64 177.58
525.65 147.79
527.66 30.76
529.66 158.91
531.66 29.03
533.67 152.54
535.68 197.2
537.68 29.52
539.69 205.74
541.69 31.45
543.7 199.98
545.71 29.35
547.71 250.83
549.72 161.16
551.73 42.6
553.73 264.4
555.75 4.17
557.75 223.81
559.75 240.83
561.76 206.72
563.76 158.13
565.77 29.39
567.77 194.55
569.78 26.06
571.79 227.74
573.8 197.01
575.81 3.12
577.82 193.08
579.82 43.0
581.82 95.43
583.83 99.54
585.83 99.89
587.83 79.53
589.83 83.32
591.84 95.12
593.86 95.12
595.86 77.74
597.87 74.58
599.88 80.99
601.88 84.35
603.88 90.87
605.88 87.12
607.89 110.12
609.9 107.62
611.9 109.3
613.9 102.96
615.91 100.6
617.91 95.24
619.91 102.99
621.92 118.15
623.93 33.27
625.94 186.15
627.94 28.14
629.95 87.63
631.95 197.29
633.97 175.96
635.97 203.08
637.98 31.57
639.98 187.36
641.99 30.43
643.75 185.02
645.75 186.64
647.76 2.55
649.77 165.0
651.78 42.27
653.79 247.11
655.8 241.84
657.8 226.68
659.8 253.2
661.8 43.57
663.8 227.58
665.82 30.61
667.82 138.65
669.83 28.1
671.84 29.99
673.85 28.75
675.85 30.11
677.86 26.22
679.86 30.95
681.87 36.78
683.88 46.54
685.89 61.05
687.89 62.65
689.89 49.53
691.9 50.46
693.9 64.29
695.9 75.63
697.92 67.23
699.92 69.85
701.92 84.18
703.93 70.9
705.94 83.98
707.94 82.89
709.95 74.05
711.96 93.6
713.97 92.4
715.98 79.04
717.99 88.27
719.99 72.38
722.0 72.31
724.0 91.02
726.02 82.55
728.02 77.82
730.02 77.82
732.03 85.91
734.04 97.96
736.04 96.3
738.04 31.43
740.04 29.77
742.05 128.92
744.06 122.93
746.06 129.09
748.07 109.56
749.83 112.14
751.83 110.03
754.09 144.53
755.84 188.63
757.85 4.09
759.86 167.29
761.87 29.76
763.88 197.9
765.89 201.3
767.88 4.18
769.89 180.25
771.9 28.61
773.91 253.67
775.92 232.94
777.94 217.03
779.94 251.9
781.95 21.34
783.95 253.39
785.95 29.56
787.96 128.33
789.97 161.9
791.98 29.61
793.99 149.13
796.0 30.82
798.0 158.85
800.01 28.85
802.03 97.46
804.04 190.39
806.05 29.74
808.06 202.16
810.06 2.23
812.07 180.79
814.07 179.77
816.08 28.74
818.08 163.22
820.09 32.81
822.1 214.52
824.1 30.63
826.1 97.37
828.12 132.52
830.12 29.15
832.13 180.59
834.13 3.22
836.14 200.41
838.15 203.67
840.15 215.26
842.17 170.9
844.17 3.09
845.94 263.13
847.95 194.16
849.96 255.61
851.98 259.51
853.99 2.13
856.0 225.42
858.01 33.41
860.03 215.91
862.04 123.44
864.06 3.07
866.07 178.13
868.08 29.93
870.11 158.58
872.12 30.56
874.14 136.67
876.14 170.61
878.16 30.72
880.18 160.29
882.19 28.89
884.21 143.01
886.22 112.03
887.98 105.59
890.02 110.32
892.02 32.44
894.04 108.17
896.06 115.62
898.07 126.91
900.1 126.91
902.12 141.36
904.15 110.66
906.17 2.2
908.19 117.32
910.19 32.97
912.22 31.19
913.98 31.32
916.29 0.24
918.03 14.2
920.3 41.13
922.06 73.73
924.03 46.22
926.04 110.9
928.06 98.16
930.08 115.67
932.09 114.7
934.11 90.0
936.11 102.71
938.13 99.01
940.13 117.74
942.15 92.42
944.16 29.92
946.17 106.58
948.18 123.85
950.19 115.47
952.2 127.73
954.23 37.43
956.24 119.33
958.26 139.65
960.27 125.4
962.02 120.54
964.29 33.34
966.06 138.04
968.06 110.83
970.08 111.97
972.09 140.11
974.1 28.11
976.12 104.63
978.13 29.1
980.14 169.0
982.17 175.84
984.17 175.77
986.19 77.76
988.2 29.3
990.22 204.25
992.24 28.89
994.24 189.26
996.25 207.07
998.26 29.87
1000.27 220.64
1002.29 26.46
1004.3 196.99
1006.31 216.87
1008.33 206.66
1010.08 216.98
1012.1 30.18
1014.11 257.5
1016.12 29.01
1018.14 237.67
1020.15 224.37
1022.19 4.29
1024.2 213.46
1026.22 28.68
1028.24 208.13
1030.25 196.44
1032.26 156.75
1034.28 152.19
1036.3 29.18
1038.3 107.95
1040.32 30.19
1042.35 79.22
1044.36 108.53
1046.12 30.02
1048.13 81.38
1050.15 26.41
1052.15 138.92
1054.18 131.97
1056.17 131.11
1058.19 90.0
1060.21 28.83
1062.22 109.6
1064.24 29.86
1066.25 83.05
1068.27 124.44
1070.27 3.2
1072.28 119.49
1074.29 30.03
1076.3 174.55
1078.31 147.59
1080.33 173.99
1082.35 165.04
1084.35 33.56
1086.38 189.33
1088.39 28.38
1090.17 158.85
1092.18 116.37
1094.2 37.61
1096.21 161.73
1098.23 36.98
1100.24 136.55
1102.25 168.78
1104.27 135.71
1106.28 170.56
1108.32 28.74
1110.33 177.02
1112.34 29.49
1114.36 171.41
1116.37 216.12
1118.4 43.58
1120.41 219.92
1122.42 29.0
1124.17 147.79
1126.22 30.35
1128.21 171.29
1130.24 143.34
1132.26 29.66
1134.27 141.69
1136.29 30.5
1138.3 155.27
1140.32 146.82
1142.32 31.15
1144.33 168.3
1146.34 25.42
1148.34 147.46
1150.35 186.87
1152.38 177.89
1154.39 203.55
1156.42 29.4
1158.42 204.33
1160.43 3.11
1162.44 209.85
1164.46 222.93
1166.48 192.41
1168.24 213.98
1170.26 27.47
1172.29 213.03
1174.3 208.61
1176.32 208.58
1178.34 167.59
1180.35 30.06
1182.37 204.41
1184.38 25.37
1186.4 210.18
1188.42 245.23
1190.44 30.17
1192.44 197.33
1194.46 39.47
1196.46 228.77
1198.47 31.33
1200.48 136.3
1202.51 107.12
1204.28 28.49
1206.28 133.54
1208.29 30.84
1210.3 113.76
1212.32 145.98
1214.32 6.48
1216.34 130.85
1218.35 4.16
1220.37 158.4
1222.38 3.2
1224.4 111.85
1226.41 168.37
1228.44 30.22
1230.43 182.88
1232.44 3.89
1234.45 172.03
1236.46 184.64
1238.48 32.09
1240.49 189.04
1242.52 30.64
1244.53 35.42
1246.3 236.13
1248.32 206.34
1250.32 227.28
1252.33 29.19
1254.35 47.94
1256.36 29.7
1258.38 171.6
1260.39 166.63
1262.42 26.89
1264.44 53.23
1266.46 27.71
1268.46 62.65
1270.48 87.14
1272.49 85.72
1274.51 100.91
1276.52 100.91
1278.53 102.92
1280.54 42.11
1282.56 102.24
1284.56 122.47
1286.56 112.41
1288.58 126.27
1290.61 37.82
1292.37 61.19
1294.38 29.1
1296.39 134.34
1298.4 141.25
1300.41 27.7
1302.42 136.14
1304.42 34.35
1306.44 157.19
1308.45 82.03
1310.46 142.0
1312.49 142.42
1314.52 30.18
1316.54 154.77
1318.55 1.85
1320.56 154.16
1322.57 137.26
1324.58 31.43
1326.6 168.83
1328.61 1.59
1330.62 201.43
1332.62 220.29
1334.64 156.2
1336.41 196.14
1338.41 1.52
1340.44 17.52
1342.45 2.11
1344.47 225.29
1346.48 115.04
1348.49 30.45
1350.51 111.22
1352.53 28.85
1354.54 103.84
1356.56 93.15
1358.57 100.45
1360.58 100.36
1362.6 102.97
1364.6 108.28
1366.62 30.17
1368.63 111.36
1370.64 128.05
1372.66 117.02
1374.41 135.32
1376.68 38.43
1378.45 144.06
1380.46 116.84
1382.48 162.5
1384.5 134.77
1386.52 30.69
1388.52 136.33
1390.54 30.52
1392.55 139.66
1394.56 186.24
1396.57 27.62
1398.58 197.2
1400.58 5.52
1402.6 177.91
1404.61 182.09
1406.62 219.82
1408.62 222.21
1410.63 3.95
1412.65 255.49
1414.66 1.95
1416.67 223.57
1418.68 200.49
1420.69 30.87
1422.7 219.51
1424.72 32.12
1426.73 40.92
1428.51 195.32
1430.51 222.4
1432.52 216.92
1434.53 36.46
1436.55 181.43
1438.56 29.99
1440.58 167.41
1442.6 135.66
1444.61 33.52
1446.62 193.53
1448.64 3.18
1450.66 179.07
1452.68 197.4
1454.7 221.86
1456.72 195.63
1458.74 29.99
1460.51 172.76
1462.54 28.25
1464.55 193.11
1466.55 116.84
1468.57 28.5
1470.58 15.61
1472.6 25.76
1474.62 40.29
1476.64 41.19
1478.65 54.22
1480.67 53.67
1482.68 47.73
1484.69 62.09
1486.71 62.09
1488.72 81.12
1490.74 67.83
1492.76 69.66
1494.78 68.17
1496.79 86.55
1498.79 96.06
1500.56 132.21
1502.58 115.66
1504.6 125.96
1506.62 28.37
1508.63 118.4
1510.64 29.71
1512.66 4.87
1514.67 132.8
1516.68 31.07
1518.69 66.4
1520.71 29.24
1522.72 40.84
1524.73 44.54
1526.74 84.21
1528.75 76.25
1530.77 83.74
1532.78 72.37
1534.79 80.37
1536.8 72.17
1538.82 92.48
1540.83 97.25
1542.6 107.72
1544.61 89.5
1546.63 89.83
1548.65 89.83
1550.66 106.13
1552.69 111.28
1554.7 117.02
1556.73 97.45
1558.73 106.4
1560.75 119.51
1562.77 124.3
1564.79 30.78
1566.82 165.22
1568.83 2.04
1570.84 171.85
1572.64 32.69
1574.86 180.55
1576.63 126.22
1578.65 30.17
1580.67 169.27
1582.68 27.82
1584.69 73.11
1586.7 129.12
1588.71 29.75
1590.71 157.09
1592.72 39.94
1594.73 151.34
1596.73 156.33
1598.75 163.13
1600.77 180.73
1602.79 28.45
1604.8 151.22
1606.81 1.7
1608.82 179.5
1610.83 164.59
1612.83 29.97
1614.84 189.44
1616.86 2.24
1618.87 223.99
1620.66 32.58
1622.64 188.51
1624.91 203.43
1626.91 26.34
1628.92 229.05
1630.68 42.81
1632.7 188.81
1634.7 48.99
1636.73 25.48
1638.74 123.36
1640.75 27.26
1642.76 168.88
1644.76 30.38
1646.78 210.01
1648.8 187.39
1650.81 33.44
1652.84 149.08
1654.86 5.34
1656.88 164.66
1658.89 159.1
1660.9 205.75
1662.9 195.95
1664.92 30.71
1666.68 159.11
1668.74 30.19
1670.74 133.56
1672.75 179.04
1674.77 28.75
1676.78 99.23
1678.8 30.08
1680.81 209.04
1682.83 163.02
1684.85 28.29
1686.87 169.93
1688.89 25.79
1690.91 202.61
1692.71 36.0
1694.95 154.43
1696.96 165.99
1698.73 18.73
1700.74 182.95
1702.76 3.15
1704.76 225.98
1706.77 186.59
1708.8 30.58
1710.83 188.73
1712.84 39.55
1714.85 199.46
1716.86 28.09
1718.86 238.89
1720.88 280.41
1722.9 29.55
1724.91 249.0
1726.92 29.86
1728.93 174.33
1730.95 189.26
1732.97 216.9
1734.97 224.43
1736.98 3.03
1739.0 220.9
1741.02 29.34
1742.79 247.14
1744.8 225.41
1746.81 29.09
1748.82 203.83
1750.83 29.57
1752.84 212.15
1754.86 240.35
1756.88 221.08
1758.9 244.68
1760.91 29.38
1762.92 214.48
1764.94 27.6
1766.94 82.99
1768.95 77.94
1770.97 26.58
1772.98 116.24
1775.0 45.04
1777.0 107.33
1779.03 127.78
1781.04 135.7
1782.8 133.98
1784.81 30.09
1786.82 35.99
1788.83 43.27
1790.85 147.73
1792.85 117.04
1794.87 28.74
1796.89 148.74
1798.9 9.98
1800.91 110.89
1802.93 114.85
1804.95 31.22
1806.96 16.93
1808.97 29.77
1810.98 106.06
1813.0 125.48
1815.01 110.0
1817.01 125.94
1819.04 106.42
1821.05 127.42
1823.06 28.95
1825.07 98.95
1827.09 115.58
1828.85 136.98
1831.11 109.25
1832.88 29.8
1834.9 136.6
1836.92 29.57
1838.93 134.42
1840.94 151.0
1842.97 31.03
1844.98 102.36
1846.99 30.94
1849.01 134.6
1851.02 152.98
1853.02 143.57
1855.03 115.55
1857.04 42.67
1859.05 107.35
1861.07 30.44
1863.08 114.9
1865.09 139.04
1867.1 29.7
1869.12 168.08
1871.13 30.52
1872.88 154.84
1874.94 25.59
1876.91 82.55
1879.18 141.5
1880.95 31.59
1882.96 197.76
1884.99 29.0
1886.99 233.39
1889.01 197.44
1891.03 30.59
1893.05 208.99
1895.06 26.21
1897.07 146.49
1899.07 173.51
1901.09 179.79
1903.11 163.15
1905.11 3.09
1907.11 185.25
1909.13 30.69
1911.16 121.95
1913.17 144.88
1914.92 30.87
1916.94 132.51
1918.95 115.77
1920.98 139.11
1922.99 112.78
1924.99 114.67
1927.01 135.55
1929.02 27.53
1931.03 137.34
1933.05 30.16
1935.05 167.8
1937.06 184.42
1939.08 30.02
1941.09 54.89
1943.11 28.03
1945.13 143.94
1947.15 29.37
1949.15 125.04
1951.16 149.19
1953.17 29.48
1955.19 141.67
1957.2 28.7
1959.21 139.42
1961.23 135.36
1963.0 184.04
1965.0 162.79
1967.01 41.34
1969.03 188.99
1971.04 157.45
1973.04 196.93
1975.05 184.6
1977.06 4.15
1979.07 167.79
1981.08 30.23
1983.1 121.55
1985.1 117.3
1987.1 29.78
1989.12 189.64
1991.14 29.28
1993.16 65.12
1995.17 30.3
1997.18 133.55
1999.2 161.17
2001.2 42.94
2003.22 178.05
2005.22 29.98
2007.22 198.06
2009.24 173.53
2011.26 193.69
2013.28 198.1
2015.05 1.65
2017.08 211.23
2019.08 183.92
2021.1 189.3
2023.1 200.27
2025.12 29.32
2027.14 153.11
2029.14 31.19
2031.16 165.71
2033.17 190.44
2035.18 30.46
2037.2 186.37
2039.2 29.32
2041.2 194.87
2043.22 27.41
2045.22 176.0
2047.24 173.49
2049.25 30.36
2051.26 180.79
2053.28 30.46
2055.3 156.29
2057.3 141.16
2059.32 145.95
2061.07 149.13
2063.09 1.52
2065.11 177.11
2067.13 25.88
2069.14 221.11
2071.17 179.13
2073.17 28.7
2075.19 157.16
2077.2 30.42
2079.22 225.16
2081.23 236.06
2083.25 227.1
2085.27 223.34
2087.28 31.2
2089.3 262.12
2091.31 30.72
2093.33 257.45
2095.34 207.29
2097.34 30.9
2099.11 142.57
2101.38 28.95
2103.14 133.29
2105.15 123.39
2107.17 141.91
2109.18 121.63
2111.19 31.4
2113.2 118.62
2115.21 25.23
2117.23 116.18
2119.24 139.42
2121.25 30.35
2123.27 123.38
2125.28 28.95
2127.3 146.61
2129.3 124.54
2131.32 134.8
2133.33 156.25
2135.36 30.11
2137.36 162.57
2139.38 29.76
2141.4 126.2
2143.15 135.45
2145.41 5.48
2147.17 181.51
2149.18 29.86
2151.19 177.73
2153.2 154.01
2155.22 152.95
2157.23 185.22
2159.24 30.32
2161.27 141.47
2163.28 30.31
2165.28 188.58
2167.29 216.52
2169.31 42.15
2171.32 82.51
2173.33 29.08
2175.35 91.92
2177.36 91.92
2179.37 195.23
2181.39 168.6
2183.4 31.49
2185.42 53.26
2187.18 29.65
2189.44 56.31
2191.21 35.79
2193.23 53.15
2195.23 46.62
2197.26 56.88
2199.28 48.76
2201.28 57.05
2203.29 60.79
2205.31 49.84
2207.32 64.32
2209.33 62.32
2211.35 79.08
2213.37 77.61
2215.38 66.61
2217.4 66.02
2219.41 65.36
2221.44 40.78
2223.44 70.19
2225.45 70.19
2227.24 70.19
2229.25 55.8
2231.26 95.47
2233.28 106.63
2235.29 30.63
2237.3 99.55
2239.31 113.82
2241.33 43.64
2243.35 126.6
2245.36 29.78
2247.38 157.63
2249.39 193.85
2251.4 222.94
2253.4 210.81
2255.42 28.36
2257.43 270.15
2259.44 30.92
2261.44 187.85
2263.46 218.01
2265.47 30.32
2267.47 195.98
2269.49 32.12
2271.5 210.9
2273.27 126.33
2275.28 182.28
2277.3 212.22
2279.32 31.42
2281.34 1.06
2283.35 30.96
2285.35 7.11
2287.37 175.84
2289.37 41.78
2291.4 199.02
2293.41 30.69
2295.41 189.42
2297.44 213.2
2299.44 281.15
2301.45 188.84
2303.46 30.98
2305.47 300.88
2307.48 7.29
2309.49 213.51
2311.51 228.03
2313.52 29.78
2315.53 217.41
2317.55 31.17
2319.56 204.55
2321.32 245.34
2323.58 184.87
2325.34 198.6
2327.35 30.95
2329.36 231.4
2331.37 30.21
2333.4 215.84
2335.41 182.2
2337.43 5.19
2339.44 274.86
2341.45 30.7
2343.46 232.4
2345.48 234.19
2347.49 267.69
2349.5 232.22
2351.52 28.66
2353.55 252.74
2355.55 30.27
2357.57 231.25
2359.58 220.07
2361.6 30.25
2363.62 260.4
2365.37 1.6
2367.38 253.19
2369.39 179.66
2371.4 234.66
2373.44 215.64
2375.45 40.85
2377.47 49.64
2379.48 26.95
2381.49 99.77
2383.5 85.07
2385.52 85.07
2387.54 85.07
2389.56 85.07
2391.58 85.07
2393.58 85.07
2395.61 78.0
2397.62 83.08
2399.63 78.29
2401.39 67.8
2403.66 64.64
2405.42 94.31
2407.44 100.8
2409.45 102.3
2411.45 111.21
2413.46 105.85
2415.48 131.13
2417.49 152.61
2419.5 146.83
2421.53 122.46
2423.54 30.8
2425.55 140.22
2427.58 2.93
2429.58 146.86
2431.59 135.39
2433.61 29.38
2435.62 170.2
2437.64 29.47
2439.64 184.45
2441.44 32.13
2443.68 148.41
2445.69 138.62
2447.45 30.11
2449.46 180.61
2451.48 4.28
2453.48 167.52
2455.5 161.89
2457.51 30.95
2459.52 189.41
2461.53 1.68
2463.55 243.52
2465.56 31.19
2467.58 175.85
2469.61 198.83
2471.61 29.98
2473.62 85.17
2475.63 29.48
2477.65 88.96
2479.66 97.19
2481.67 79.33
2483.67 87.71
2485.69 87.73
2487.7 80.82
2489.71 97.64
2491.71 75.79
2493.74 90.13
2495.51 97.93
2497.54 112.06
2499.56 130.61
2501.57 117.94
2503.58 142.49
2505.58 144.79
2507.6 144.41
2509.61 32.29
2511.62 150.14
2513.63 31.65
2515.65 147.45
2517.67 149.13
2519.67 29.9
2521.69 173.07
2523.7 26.78
2525.72 182.47
2527.73 154.63
2529.76 185.68
2531.52 162.52
2533.53 2.86
2535.54 26.79
2537.56 28.57
2539.58 173.95
2541.59 14.09
2543.61 26.65
2545.62 219.14
2547.64 30.5
2549.67 215.62
2551.67 157.24
2553.69 217.62
2555.7 245.73
2557.71 39.91
2559.71 243.72
2561.72 29.32
2563.73 265.16
2565.76 264.78
2567.77 30.08
2569.78 150.89
2571.8 2.82
2573.57 197.66
2575.58 178.54
2577.6 30.88
2579.61 219.76
2581.62 29.75
2583.63 250.6
2585.66 29.99
2587.66 119.11
2589.69 204.41
2591.7 30.19
2593.71 243.15
2595.71 5.15
2597.71 253.24
2599.73 251.31
2601.75 245.04
2603.77 213.31
2605.78 31.02
2607.8 178.44
2609.82 29.95
2611.59 217.58
2613.59 187.74
2615.61 30.26
2617.63 228.34
2619.63 31.31
2621.66 112.71
2623.68 59.61
2625.69 181.1
2627.7 227.38
2629.71 2.16
2631.73 218.27
2633.73 1.99
2635.74 209.13
2637.75 270.0
2639.76 28.38
2641.77 262.35
2643.79 34.93
2645.8 71.77
2647.81 78.13
2649.82 118.79
2651.83 60.58
2653.85 30.32
2655.87 80.18
2657.64 101.87
2659.65 101.87
2661.67 101.87
2663.68 29.82
2665.69 36.82
2667.71 109.81
2669.71 99.8
2671.73 111.79
2673.74 124.12
2675.75 112.92
2677.77 36.84
2679.78 150.89
2681.78 5.28
2683.79 190.8
2685.79 232.58
2687.8 30.38
2689.82 166.93
2691.84 42.19
2693.85 275.4
2695.88 153.97
2697.89 215.11
2699.9 251.67
2701.91 30.39
2703.68 230.02
2705.69 30.2
2707.7 127.9
2709.73 232.79
2711.74 40.62
2713.77 211.56
2715.77 2.07
2717.79 230.34
2719.8 276.07
2721.81 226.23
2723.83 255.25
2725.84 28.44
2727.86 219.05
2729.88 4.17
2731.89 245.98
2733.91 211.08
2735.92 30.46
2737.93 210.09
2739.94 31.13
2741.95 232.84
2743.95 29.52
2745.97 227.68
2747.73 264.27
2749.74 3.07
2751.75 238.3
2753.76 6.12
2755.76 141.79
2757.78 220.64
2759.78 29.64
2761.79 180.45
2763.8 32.17
2765.81 179.38
2767.83 205.82
2769.84 171.62
2771.85 166.9
2773.87 2.98
2775.88 206.97
2777.89 2.82
2779.9 230.95
2781.92 231.1
2783.94 27.62
2785.94 191.59
2787.96 2.12
2789.98 248.51
2791.78 30.4
2794.0 209.87
2795.76 202.9
2798.03 28.47
2799.79 226.75
2801.82 1.72
2803.83 204.78
2805.84 202.5
2807.86 30.67
2809.88 204.22
2811.88 1.57
2813.88 163.41
2815.9 28.56
2817.92 168.28
2819.94 162.7
2821.95 27.4
2823.96 150.46
2825.97 31.18
2827.98 147.32
2829.98 175.91
2832.0 30.12
2834.01 150.9
2836.02 30.77
2838.02 166.4
2839.82 29.95
2842.05 194.12
2843.81 189.28
2846.08 43.29
2847.83 176.52
2849.84 4.9
2851.85 188.53
2853.86 169.48
2855.88 43.02
2857.9 150.85
2859.92 37.82
2861.93 153.06
2863.94 43.35
2865.95 190.56
2867.97 201.81
2869.97 41.85
2872.0 179.6
2874.02 29.25
2876.02 158.11
2878.05 215.88
2880.06 174.22
2882.08 206.14
2883.83 2.3
2886.08 222.75
2887.88 28.71
2889.85 239.37
2892.12 251.91
2893.88 2.24
2895.89 206.69
2897.91 23.49
2899.93 267.81
2901.93 244.02
2903.95 30.94
2905.96 176.68
2907.97 2.11
2909.99 217.9
2912.01 29.29
2914.02 205.9
2916.04 76.8
2918.05 28.7
2920.06 78.32
2922.07 30.65
2924.08 66.54
2926.1 63.33
2928.12 63.89
2930.12 72.89
2932.13 58.88
2934.15 53.8
2935.91 66.1
2937.91 85.69
2939.93 90.91
2941.95 42.47
2943.96 115.29
2945.99 4.31
2947.99 162.21
2950.01 149.03
2952.02 163.57
2954.03 155.53
2956.03 2.08
2958.05 196.26
2960.06 29.99
2962.07 81.51
2964.08 121.07
2966.1 30.62
2968.11 225.57
2970.12 30.15
2972.13 107.33
2974.15 34.58
2976.15 148.09
2978.18 162.74
2979.96 3.43
2981.97 190.37
2983.98 30.53
2985.99 206.04
2988.0 173.26
2990.02 31.27
2992.04 246.42
2994.07 30.78
2996.07 242.87
2998.09 229.31
3000.09 37.71
3002.11 253.6
3004.12 33.69
3006.13 217.12
3008.17 28.68
3010.17 208.23
3012.17 255.08
3014.19 28.05
3016.21 264.27
3018.22 32.95
3019.98 221.75
3022.23 240.47
3023.99 200.1
3026.0 228.28
3028.02 31.41
3030.02 236.54
3032.04 30.47
3034.05 284.29
3036.07 246.1
3038.08 3.11
3040.08 218.69
3042.11 2.02
3044.12 232.81
3046.13 223.95
3048.15 203.08
3050.16 238.19
3052.17 2.6
3054.18 207.95
3056.18 29.3
3058.2 207.89
3060.21 216.58
3062.22 4.12
3064.22 224.17
3066.24 41.62
3068.26 194.47
3070.06 28.86
3072.29 189.66
3074.05 209.02
3076.06 29.78
3078.08 257.59
3080.08 30.2
3082.11 204.91
3084.12 265.41
3086.14 1.91
3088.16 241.99
3090.18 3.11
3092.19 208.42
3094.2 225.62
3096.22 239.85
3098.22 69.59
3100.23 38.41
3102.24 235.51
3104.27 30.18
3106.29 29.94
3108.31 133.63
3110.32 42.91
3112.09 137.33
3114.11 28.06
3116.13 140.06
3118.14 139.67
3120.16 162.19
3122.18 209.68
3124.19 29.86
3126.22 243.9
3128.24 26.56
3130.26 227.12
3132.27 233.19
3134.28 15.95
3136.28 219.99
3138.31 39.77
3140.31 223.87
3142.1 33.8
3144.33 211.98
3146.34 263.75
3148.1 29.86
3150.37 228.03
3152.12 21.45
3154.14 247.81
3156.14 208.66
3158.16 4.18
3160.17 233.56
3162.18 40.27
3164.2 200.81
3166.21 207.09
3168.23 243.67
3170.24 194.79
3172.27 33.49
3174.28 194.34
3176.3 29.79
3178.32 231.61
3180.34 198.18
3182.35 225.45
3184.36 220.85
3186.37 1.59
3188.39 77.1
3190.14 31.33
3192.41 87.28
3194.17 62.38
3196.18 57.54
3198.2 68.75
3200.22 68.75
3202.23 68.94
3204.25 50.01
3206.26 50.01
3208.28 57.66
3210.29 52.12
3212.31 52.12
3214.32 60.58
3216.33 60.58
3218.35 58.2
3220.37 76.43
3222.38 72.11
3224.39 69.91
3226.39 93.53
3228.42 93.27
3230.43 95.09
3232.2 109.38
3234.2 88.92
3236.22 106.23
3238.23 117.47
3240.23 101.65
3242.24 133.9
3244.24 4.26
3246.26 138.73
3248.27 30.11
3250.29 185.21
3252.3 194.51
3254.32 3.2
3256.33 260.16
3258.35 43.21
3260.36 244.64
3262.37 28.15
3264.39 154.75
3266.41 235.84
3268.43 2.03
3270.44 317.13
3272.46 2.06
3274.22 226.45
3276.24 60.77
3278.24 29.89
3280.25 134.52
3282.26 29.1
3284.28 112.94
3286.29 116.74
3288.3 102.21
3290.33 58.38
3292.34 102.66
3294.34 102.66
3296.35 110.34
3298.37 117.96
3300.38 116.78
3302.39 93.43
3304.4 112.36
3306.43 31.24
3308.44 136.69
3310.46 4.08
3312.47 169.07
3314.47 132.31
3316.24 30.68
3318.52 57.51
3320.28 29.77
3322.3 122.54
3324.31 114.42
3326.32 132.47
3328.34 155.88
3330.36 32.13
3332.37 157.79
3334.38 29.21
3336.38 169.58
3338.4 174.46
3340.41 1.45
3342.43 213.36
3344.44 28.33
3346.45 229.77
3348.46 210.06
3350.47 249.24
3352.48 223.06
3354.5 28.91
3356.52 219.28
3358.53 27.52
3360.3 279.34
3362.32 52.91
3364.35 30.36
3366.36 279.75
3368.37 28.71
3370.38 214.65
3372.39 79.43
3374.4 66.07
3376.42 126.22
3378.44 30.4
3380.46 132.69
3382.48 28.44
3384.49 186.51
3386.5 173.89
3388.52 30.59
3390.53 78.27
3392.54 2.08
3394.55 205.99
3396.56 41.51
3398.57 57.17
3400.33 51.17
3402.34 29.8
3404.61 54.47
3406.37 44.52
3408.38 45.47
3410.4 57.26
3412.41 64.2
3414.42 63.56
3416.43 64.16
3418.45 61.65
3420.46 54.72
3422.48 59.74
3424.48 66.88
3426.49 60.64
3428.51 71.94
3430.52 114.73
3432.55 129.63
3434.56 165.4
3436.59 42.09
3438.6 156.17
3440.61 26.46
3442.62 171.05
3444.38 48.86
3446.4 56.43
3448.42 43.85
3450.44 39.38
3452.46 44.87
3454.47 36.47
3456.47 44.54
3458.49 50.5
3460.49 38.34
3462.51 47.13
3464.51 48.71
3466.52 57.72
3468.55 72.03
3470.55 72.68
3472.57 89.71
3474.58 120.52
3476.59 139.21
3478.6 1.52
3480.61 147.06
3482.63 149.35
3484.65 30.44
3486.66 174.85
3488.43 30.75
3490.44 144.41
3492.45 262.86
3494.46 154.42
3496.47 194.13
3498.48 20.62
3500.5 191.85
3502.5 31.51
3504.52 170.1
3506.53 217.02
3508.54 28.89
3510.56 149.84
3512.57 4.23
3514.58 201.61
3516.59 215.27
3518.61 271.63
3520.62 220.98
3522.64 37.43
3524.66 201.42
3526.68 5.15
3528.44 240.62
3530.45 199.15
3532.71 30.45
3534.73 224.08
3536.5 31.51
3538.5 220.03
3540.52 287.38
3542.53 281.16
3544.54 247.3
3546.56 30.58
3548.57 302.44
3550.58 27.47
3552.59 223.86
3554.62 246.77
3556.63 26.92
3558.66 91.8
3560.67 19.97
3562.68 114.94
3564.69 28.92
3566.69 118.07
3568.71 101.66
3570.71 126.47
3572.74 126.47
3574.74 28.63
3576.75 104.14
3578.52 94.92
3580.54 133.08
3582.55 107.22
3584.55 2.14
3586.56 140.59
3588.56 115.05
3590.59 150.04
3592.61 155.5
3594.62 26.12
3596.63 158.18
3598.64 37.26
3600.65 205.59
3602.67 173.29
3604.68 30.71
3606.69 185.9
3608.71 29.86
3610.73 218.45
3612.75 30.36
3614.77 208.98
3616.54 239.18
3618.54 35.26
3620.56 196.64
3622.58 30.23
3624.58 99.51
3626.6 257.92
3628.62 21.02
3630.62 215.59
3632.64 42.55
3634.66 223.63
3636.68 3.22
3638.7 220.96
3640.72 235.53
3642.74 37.38
3644.74 226.25
3646.75 2.53
3648.77 195.74
3650.79 213.58
3652.81 234.95
3654.81 131.67
3656.83 1.99
3658.84 212.03
3660.6 217.65
3662.62 212.23
3664.64 201.11
3666.65 44.33
3668.66 197.77
3670.66 26.2
3672.68 189.14
