0.0 156.51
1.8 251.52
3.79 197.86
5.79 253.15
7.79 205.17
9.8 0.65
11.79 222.64
13.79 1.72
15.8 259.34
17.79 213.88
19.79 0.52
21.79 179.75
23.79 3.5
25.8 216.96
27.79 220.2
29.8 237.12
31.79 195.36
33.79 0.65
35.79 219.76
37.79 0.65
39.79 134.46
41.79 200.76
43.79 0.52
45.79 147.65
47.8 5.18
49.79 212.65
51.8 198.88
53.79 218.7
55.8 88.22
57.79 0.64
59.79 211.93
61.8 0.65
63.79 138.68
65.8 220.81
67.8 0.64
69.79 78.12
71.8 0.48
73.79 138.08
75.79 176.21
77.8 218.57
79.79 232.6
81.8 1.93
83.79 186.13
85.8 18.62
87.79 242.38
89.79 223.63
92.04 101.67
94.04 136.9
96.04 0.69
98.04 130.58
99.82 27.78
102.04 144.97
104.04 156.9
106.04 6.46
108.04 223.04
110.04 13.74
112.04 234.86
114.04 257.49
116.05 218.85
118.04 114.19
120.04 0.64
122.04 65.28
124.04 6.4
126.04 145.09
128.04 212.61
130.05 0.64
132.04 178.68
134.04 27.2
136.04 201.08
138.05 6.03
140.05 208.85
142.05 257.25
144.05 0.62
146.05 187.56
148.05 0.64
150.04 151.7
152.04 172.93
154.04 1.42
156.05 161.79
158.04 2.09
160.04 204.55
162.04 194.38
164.04 167.44
166.04 117.5
168.04 9.68
170.04 235.52
172.04 22.61
174.06 264.63
176.04 171.22
178.04 27.3
180.04 213.19
182.04 0.53
184.04 237.39
186.04 186.58
188.04 200.2
190.04 258.37
192.04 0.55
194.04 111.98
196.04 0.64
198.04 149.27
200.04 136.23
202.04 3.87
204.04 195.48
206.05 1.72
208.04 269.29
210.04 192.51
212.04 88.27
214.04 169.65
216.04 0.68
218.04 170.45
220.04 0.52
222.04 167.44
224.04 152.29
226.04 0.51
228.04 255.42
230.04 0.52
232.04 138.84
234.04 166.17
236.04 220.78
238.04 5.91
240.04 16.7
242.05 38.14
244.04 0.52
246.04 30.31
248.04 22.13
250.04 26.21
252.05 20.64
254.05 40.59
256.04 23.77
258.04 9.76
260.04 50.66
262.04 40.64
