0.0 326.9
0.84 352.39
2.84 325.76
4.84 50.93
6.84 108.07
8.84 46.9
10.84 287.43
12.84 273.18
14.84 203.19
16.84 274.51
18.84 56.06
20.84 275.91
22.84 46.03
24.84 313.38
26.84 129.41
28.84 49.35
30.84 182.38
32.84 53.12
34.84 131.17
36.84 155.72
38.94 166.31
40.84 139.74
42.84 53.13
44.84 143.09
46.84 49.69
48.84 182.51
50.84 9.39
52.84 48.13
54.84 257.56
56.84 54.96
58.84 232.42
60.84 236.17
62.84 248.73
64.84 210.59
66.84 49.4
68.85 0.44
70.84 56.22
72.84 242.27
74.84 269.76
76.84 50.36
78.84 290.38
80.84 56.24
82.84 281.02
84.84 134.24
86.84 280.53
88.84 280.09
90.84 41.1
92.84 324.24
94.84 49.81
96.84 294.55
98.85 328.32
100.84 50.97
102.84 295.84
104.84 39.77
106.84 292.67
108.84 167.17
110.86 229.71
112.84 145.08
114.87 51.42
116.84 297.5
118.84 52.83
120.84 127.09
122.83 267.27
124.83 47.36
126.84 233.11
128.84 38.47
130.84 273.05
132.84 312.51
134.84 322.67
136.84 331.29
138.84 51.81
140.83 333.19
142.84 50.27
144.83 281.79
146.84 84.45
148.84 50.29
150.83 304.32
152.83 51.76
154.83 299.74
156.83 276.59
158.84 337.04
160.84 242.06
162.83 44.97
164.83 335.36
166.83 46.13
168.84 78.31
170.83 56.88
172.84 52.57
174.84 66.26
176.83 66.26
178.84 96.56
180.83 96.56
182.84 98.21
184.84 98.21
186.84 98.21
188.84 97.14
190.85 97.14
192.85 114.85
194.83 144.13
196.83 188.97
198.83 202.13
200.84 49.85
202.83 299.62
204.83 309.23
206.84 307.52
208.84 315.21
210.84 48.01
212.84 223.99
214.84 44.19
216.83 335.93
218.83 347.08
220.83 54.85
222.84 310.43
225.08 50.27
227.08 371.27
228.85 50.39
231.08 311.21
233.08 313.54
235.08 55.13
237.08 55.13
239.09 55.86
241.08 75.09
243.08 330.23
245.09 118.94
247.14 184.24
249.08 59.18
251.08 266.09
253.08 49.47
255.08 220.92
257.08 260.38
259.08 53.48
261.08 52.18
263.08 51.74
265.08 262.87
267.08 262.87
269.08 193.65
271.08 251.38
273.08 61.45
275.08 172.91
277.08 48.53
279.13 204.37
281.08 170.62
283.08 59.77
285.08 160.77
287.08 197.91
289.08 193.08
291.08 64.81
293.08 156.83
295.08 195.99
297.08 52.14
299.08 188.05
301.08 49.21
303.08 215.19
305.08 206.56
307.08 57.76
309.08 211.77
311.08 44.13
313.08 86.56
315.08 194.86
317.08 230.15
319.08 214.23
321.08 34.86
323.08 238.02
325.08 49.34
327.08 78.02
329.08 78.02
331.08 54.54
333.08 243.79
335.08 54.74
337.08 252.59
339.08 252.77
341.13 49.84
344.17 260.51
345.08 51.76
347.08 274.53
349.08 49.35
351.08 268.78
353.08 288.09
355.08 56.41
357.08 311.7
359.08 50.94
361.08 341.77
363.08 332.17
365.08 303.3
367.08 273.38
369.08 52.19
371.08 256.89
373.08 48.65
375.08 282.5
377.08 246.01
379.08 58.03
381.19 252.76
383.08 56.82
385.08 264.19
387.08 256.91
389.08 245.85
391.08 308.04
393.08 50.06
395.08 281.34
397.08 50.87
399.08 258.53
401.08 333.51
403.08 50.05
405.08 271.17
407.08 52.92
409.08 333.24
411.08 249.63
413.08 187.13
415.11 297.46
417.08 49.49
419.1 313.04
421.08 50.76
423.08 277.06
425.08 268.27
427.08 51.93
429.08 288.24
431.08 49.55
433.08 248.61
435.08 304.01
437.08 247.54
439.08 300.14
441.08 51.97
443.08 341.25
445.08 50.89
447.08 322.81
449.08 357.16
451.08 47.37
453.08 390.44
455.08 50.41
457.08 296.06
459.08 334.71
461.08 266.68
463.08 312.23
465.08 50.61
467.08 311.62
469.08 44.41
471.08 323.62
473.08 312.23
475.33 317.18
477.33 308.08
479.33 45.06
481.33 303.84
483.1 42.41
485.33 191.5
487.33 287.18
489.33 40.81
491.32 270.07
493.33 50.65
495.33 267.45
497.33 268.54
499.33 48.06
501.32 278.98
503.33 50.85
505.32 304.16
507.32 50.58
509.32 350.26
511.32 350.09
513.33 51.54
515.32 331.31
517.32 45.57
519.32 346.84
521.33 346.65
523.33 52.0
525.33 35.39
527.32 54.11
529.32 24.29
531.32 57.05
533.38 89.97
535.34 102.73
537.32 116.03
539.32 141.4
541.33 50.46
543.32 161.79
545.32 201.99
547.33 49.09
549.32 240.99
551.32 56.84
553.33 228.37
555.32 51.72
557.35 227.66
559.32 226.88
561.36 48.29
563.32 263.51
565.32 50.45
567.33 287.15
569.33 270.92
571.32 50.58
573.34 276.28
575.32 49.53
577.32 242.36
579.32 41.77
581.32 206.56
583.32 274.82
585.32 46.72
587.32 298.59
589.32 55.92
591.32 305.41
593.32 296.99
595.32 51.0
597.32 298.07
599.32 50.46
601.32 262.61
603.32 41.22
605.32 204.36
607.37 255.59
609.32 54.68
611.32 254.37
613.33 43.18
615.32 192.69
617.33 217.73
619.32 50.35
621.33 252.12
623.32 52.96
625.32 145.57
627.32 50.3
629.36 76.56
631.32 146.64
633.36 44.25
635.32 157.46
637.32 48.1
639.32 185.67
641.39 195.01
643.42 174.2
645.32 121.59
647.32 50.7
649.32 223.44
651.32 50.72
653.32 198.32
655.33 180.88
657.32 45.12
659.32 206.56
661.32 50.41
663.32 243.8
665.32 230.52
667.32 56.1
669.32 70.36
671.32 56.33
673.32 221.57
675.32 48.08
677.32 236.56
679.32 168.57
681.32 37.12
683.32 253.83
685.32 53.03
687.32 262.43
689.32 255.95
691.32 50.75
693.32 289.18
695.32 36.99
697.32 253.01
699.32 49.24
701.32 293.58
703.32 276.25
705.32 51.75
707.32 277.72
709.32 50.4
711.32 256.56
713.32 262.94
715.32 52.06
717.32 253.45
719.32 52.81
721.32 270.28
723.32 52.15
725.57 263.79
727.37 251.23
729.57 53.04
731.57 296.76
733.57 51.39
735.57 337.99
737.57 197.25
739.57 46.99
741.67 244.25
743.57 50.96
745.57 277.68
747.57 48.51
749.57 236.52
751.57 277.95
753.57 50.63
755.57 261.79
757.57 50.94
759.57 158.55
761.57 173.65
763.57 46.93
765.57 165.54
767.57 48.36
769.57 167.53
771.69 50.47
773.57 170.07
775.57 157.61
777.57 57.45
779.64 175.65
781.57 54.56
783.57 209.41
785.57 176.57
787.57 54.98
789.57 185.41
791.57 49.49
793.57 220.52
795.57 42.15
797.66 217.61
799.57 206.82
801.57 48.23
803.57 217.88
805.57 46.92
807.57 232.99
809.57 271.92
811.57 275.31
813.57 282.33
815.57 49.6
817.56 282.54
819.57 41.72
821.57 276.73
823.57 281.02
825.56 48.04
827.57 246.18
829.57 51.75
831.57 283.04
833.57 301.74
835.57 278.32
837.56 314.13
839.56 49.21
841.57 288.25
843.56 50.38
845.57 231.95
847.56 44.17
849.57 44.77
851.57 48.71
853.57 50.61
855.57 73.69
857.57 91.42
859.57 100.92
861.57 139.23
863.57 132.73
865.57 129.87
867.57 38.2
869.57 183.46
871.56 163.53
873.57 51.77
875.56 192.64
877.56 42.1
879.57 201.75
881.57 199.59
883.57 198.25
885.56 204.93
887.56 57.74
889.57 162.82
891.56 50.66
893.57 132.36
895.56 165.5
897.57 51.99
899.57 126.2
901.56 54.58
903.57 123.32
905.57 122.14
907.56 129.38
909.57 140.89
911.56 52.04
913.57 163.56
915.56 59.6
917.56 186.81
919.56 189.35
921.57 50.77
923.57 227.22
925.56 46.5
927.56 253.87
929.56 248.92
931.57 261.56
933.57 257.08
935.56 54.45
937.57 302.47
939.56 50.51
941.6 314.1
943.56 235.67
945.56 54.4
947.56 338.71
949.57 46.09
951.56 333.04
953.56 336.83
955.56 294.1
957.56 320.27
959.57 49.43
961.57 308.14
963.56 57.06
965.56 222.06
967.56 161.94
969.56 52.11
971.56 270.75
973.56 50.97
975.81 281.82
977.58 52.14
979.81 128.03
981.81 272.32
983.82 51.87
985.82 261.91
987.81 50.68
989.81 273.66
991.81 282.62
993.82 272.42
995.81 276.05
997.81 54.64
999.81 214.57
1001.6 33.28
1003.81 103.04
1005.81 221.26
1007.81 40.6
1009.81 214.98
1011.81 50.7
1013.81 219.68
1015.81 199.25
1017.84 222.57
1019.81 262.93
1021.81 49.55
1023.81 254.56
1025.81 49.62
1027.81 247.45
1029.81 312.87
1031.81 57.84
1033.81 309.72
1035.81 48.45
1037.81 313.51
1039.81 203.49
1041.81 51.58
1043.81 288.22
1045.81 53.23
1047.81 216.74
1049.81 270.94
1051.81 216.37
1053.81 226.25
1055.81 54.7
1057.81 146.49
1059.81 50.67
1061.81 233.05
1063.81 201.69
1065.81 143.07
1067.81 196.32
1069.81 54.48
1071.81 193.5
1073.81 54.58
1075.81 204.97
1077.81 165.41
1079.81 40.7
1081.81 218.13
1083.81 50.26
1085.81 260.97
1087.81 298.67
1089.81 304.73
1091.81 304.74
1093.81 50.27
1095.81 309.63
1097.81 55.29
1099.81 215.0
1101.81 196.76
1103.81 49.58
1105.81 239.61
1107.81 49.31
1109.81 231.66
1111.81 270.94
1113.81 109.06
1115.81 264.36
1117.81 53.03
1119.81 269.16
1121.81 51.67
1123.81 274.08
1125.81 254.11
1127.81 49.47
1129.81 248.9
1131.81 57.48
1133.81 252.47
1135.81 248.97
1137.81 55.95
1139.81 197.07
1141.81 53.96
1143.83 214.26
1145.81 50.52
1147.81 203.34
1149.81 206.74
1151.81 54.01
1153.81 168.98
1155.81 47.26
1157.81 232.51
1159.81 266.58
1161.81 288.85
1163.81 47.89
1165.81 48.59
1167.83 275.77
1169.8 49.6
1171.81 205.97
1173.81 301.05
1175.81 45.68
1177.81 291.66
1179.81 61.89
1181.81 318.09
1183.81 329.86
1185.81 50.31
1187.8 315.72
1189.81 48.36
1191.81 316.81
1193.81 63.16
1195.81 323.54
1197.81 316.15
1199.81 50.51
1201.81 303.38
1203.81 50.45
1205.81 359.25
1207.81 335.83
1209.81 44.69
1211.8 265.66
1213.8 50.79
1215.81 194.64
1217.81 48.34
1219.81 128.47
1221.81 207.96
1223.81 52.98
1226.06 225.43
1228.06 50.64
1230.06 249.31
1231.83 56.44
1234.06 159.04
1236.06 174.87
1238.06 55.04
1240.06 187.26
1242.1 48.26
1244.05 147.84
1246.06 193.81
1248.05 57.68
1250.06 182.47
1252.06 46.26
1254.06 211.83
1256.06 43.33
1258.05 235.34
1260.06 236.65
1262.06 48.1
1264.06 240.07
1266.06 59.52
1268.06 260.67
1270.06 229.17
1272.06 56.01
1274.06 148.29
1276.05 48.49
1278.06 259.69
1280.05 48.45
1282.05 253.15
1284.05 231.07
1286.06 47.2
1288.06 257.08
1290.06 50.7
1292.05 86.05
1294.06 171.22
1296.05 50.45
1298.06 299.78
1300.06 49.39
1302.05 250.82
1304.05 54.48
1306.05 261.07
1308.05 223.45
1310.05 51.62
1312.05 247.4
1314.06 54.62
1316.06 255.75
1318.05 184.37
1320.05 50.43
1322.05 98.89
1324.06 59.52
1326.06 238.89
1328.05 53.18
1330.05 264.83
1332.05 282.1
1334.05 49.84
1336.05 318.25
1338.05 51.86
1340.06 321.88
1342.05 314.38
1344.05 55.73
1346.05 281.3
1348.06 325.34
1350.05 325.32
1352.05 51.51
1354.06 300.62
1356.05 316.11
1358.06 50.44
1360.65 298.47
1362.05 41.19
1364.06 251.75
1366.06 310.93
1368.06 56.21
1370.05 311.69
1372.05 51.7
1374.06 261.56
1376.05 49.5
1378.05 232.11
1380.05 119.25
1382.05 53.74
1384.06 257.38
1386.06 56.04
1388.05 284.67
1390.05 298.54
1392.06 49.93
1394.06 184.09
1396.05 56.15
1398.05 296.3
1400.05 49.69
1402.05 102.06
1404.05 269.44
1406.05 51.7
1408.05 230.74
1410.05 51.68
1412.05 251.77
1414.05 292.22
1416.06 48.22
1418.05 290.32
1420.05 50.48
1422.05 309.31
1424.05 47.08
1426.05 223.24
1428.05 267.04
1430.05 45.13
1432.05 82.86
1434.05 54.03
1436.06 193.17
1438.05 247.18
1440.05 52.5
1442.06 58.14
1444.05 44.87
1446.06 31.6
1448.05 50.43
1450.05 153.92
1452.05 211.14
1454.05 39.92
1456.05 50.42
1458.05 63.67
1460.05 82.19
1462.06 26.46
1464.05 48.86
1466.05 133.4
1468.05 63.32
1470.06 61.1
1472.05 50.39
1474.05 170.35
1476.3 171.45
1478.3 57.64
1480.31 181.3
1482.31 59.71
1484.3 205.08
1486.41 156.45
1488.31 45.99
1490.35 180.32
1492.3 53.04
1494.3 237.97
1496.3 50.63
1498.3 271.15
1500.3 297.7
1502.3 42.27
1504.3 303.55
1506.3 54.4
1508.3 282.97
1510.3 325.07
1512.3 289.66
1514.31 264.03
1516.3 54.91
1518.3 341.83
1520.3 48.7
1522.3 340.27
1524.3 221.97
1526.3 50.7
1528.3 151.32
1530.3 51.74
1532.3 169.04
1534.3 164.35
1536.3 191.2
1538.3 204.66
1540.3 59.11
1542.32 209.13
1544.3 44.02
1546.3 141.05
1548.3 205.04
1550.3 57.99
1552.3 243.96
1554.3 48.45
1556.3 263.45
1558.3 248.11
1560.3 248.41
1562.3 233.65
1564.3 225.88
1566.3 243.34
1568.3 44.0
1570.3 224.88
1572.3 247.85
1574.29 52.32
1576.3 325.73
1578.3 50.53
1580.3 395.64
1582.29 331.76
1584.3 234.95
1586.29 320.05
1588.3 50.62
1590.3 302.68
1592.3 48.08
1594.3 355.37
1596.3 333.84
1598.3 48.13
1600.3 308.84
1602.29 61.24
1604.3 27.93
1606.3 228.64
1608.29 47.61
1610.29 275.89
1612.29 50.5
1614.29 255.36
1616.29 50.48
1618.29 214.23
1620.29 265.48
1622.29 55.14
1624.29 241.43
1626.29 23.38
1628.29 316.62
1630.29 285.01
1632.29 336.53
1634.3 321.11
1636.29 52.92
1638.29 197.54
1640.29 41.45
1642.29 297.56
1644.29 270.69
1646.29 50.05
1648.29 15.85
