0.0 67.37
0.57 161.25
2.57 176.93
4.42 8.14
6.57 217.28
8.58 93.84
10.57 10.28
12.57 96.26
14.58 7.87
16.58 105.81
18.58 122.19
20.57 106.07
22.57 119.02
24.58 119.02
26.57 51.49
28.42 10.75
30.57 113.48
32.57 120.79
34.57 10.1
36.58 138.35
38.57 8.53
40.58 181.0
42.58 190.37
44.58 200.28
46.57 154.69
48.58 8.55
50.58 208.84
52.57 9.58
54.57 171.64
56.58 139.13
58.57 6.47
60.58 210.98
62.58 10.2
64.57 213.53
66.57 143.15
68.57 10.02
70.57 217.47
72.57 10.33
74.57 215.46
76.57 7.14
78.57 213.24
80.58 181.18
82.57 8.44
84.58 243.07
86.57 8.62
88.57 311.8
90.57 293.65
92.57 293.65
94.58 290.32
96.57 6.81
98.57 155.64
100.58 8.79
102.57 280.96
104.57 173.35
106.58 7.36
108.58 78.55
110.58 8.18
112.59 88.0
114.57 82.09
116.58 101.62
118.57 110.38
120.57 110.38
122.57 110.38
124.57 110.38
126.57 110.38
128.57 110.38
130.57 110.38
132.57 110.38
134.57 110.38
136.57 134.35
138.57 139.7
140.58 146.64
142.57 177.78
144.58 9.78
146.57 129.56
148.57 9.98
150.57 109.23
152.58 108.79
154.57 10.2
156.58 119.88
158.57 7.87
160.58 112.66
162.57 46.25
164.58 122.38
166.58 127.01
168.57 10.24
170.58 110.05
172.58 8.23
174.57 135.88
176.57 80.93
178.57 9.88
180.57 83.87
182.58 10.21
184.58 106.94
186.57 118.12
188.58 124.83
190.57 127.31
192.58 10.04
194.57 125.67
196.82 7.79
198.58 104.13
200.58 129.14
202.82 158.7
204.83 195.31
206.82 6.4
208.84 92.16
210.67 5.43
212.83 188.51
214.83 189.02
216.83 202.42
218.82 200.49
220.83 10.1
222.82 150.32
224.83 158.3
226.82 5.18
228.83 114.38
230.83 8.25
232.83 90.11
234.64 147.22
236.83 145.69
238.83 143.55
240.83 9.48
242.83 10.91
244.83 10.47
246.83 179.04
248.82 195.16
250.82 9.87
252.82 77.78
254.83 77.78
256.83 87.53
258.64 87.93
260.83 87.13
262.82 88.29
264.82 88.29
266.83 88.29
268.83 87.07
270.82 91.22
272.83 114.0
274.82 116.88
276.82 147.17
278.83 10.49
280.83 55.12
282.68 9.34
284.83 154.39
286.82 124.2
288.83 10.28
290.82 118.17
292.83 10.47
294.83 119.94
296.82 122.81
298.82 9.01
300.82 123.21
302.82 7.8
304.82 100.8
306.82 98.1
308.82 98.1
310.82 98.1
312.83 98.1
314.82 98.1
316.82 98.1
318.82 101.77
320.83 103.22
322.83 104.68
324.82 158.74
326.82 10.1
328.83 134.92
330.82 10.18
332.82 185.4
334.82 153.57
336.83 137.98
338.83 60.68
340.83 9.35
342.83 60.88
344.82 66.47
346.82 69.21
348.82 71.49
350.83 77.64
352.83 76.37
354.83 73.91
356.82 82.05
358.82 97.43
360.82 10.59
362.82 126.12
364.82 7.94
366.83 127.45
368.83 80.61
370.83 9.88
372.82 80.64
374.82 9.59
376.83 36.03
378.83 83.14
380.83 78.6
382.83 96.31
384.83 94.62
386.82 94.62
388.82 102.15
390.83 102.15
392.83 102.15
394.82 98.77
396.83 98.77
398.82 98.77
400.82 98.77
402.83 98.77
404.83 100.41
406.83 100.41
408.83 100.41
410.82 100.41
412.83 100.41
414.82 100.41
416.83 9.77
418.83 42.38
420.83 42.38
422.82 10.0
424.83 157.37
426.83 9.96
428.84 165.19
430.83 171.67
432.83 7.26
434.82 127.86
436.83 8.02
438.83 147.4
440.83 71.06
442.83 9.3
444.82 81.62
446.83 121.97
448.83 52.12
451.08 7.7
453.08 52.6
454.83 60.13
457.08 57.0
459.08 57.0
461.07 57.0
463.08 64.95
465.08 78.41
467.07 88.91
469.08 90.0
471.08 92.1
473.07 97.89
475.08 105.98
477.08 115.72
479.08 122.81
481.08 9.57
483.07 163.1
485.08 7.39
487.07 218.56
489.08 209.99
491.09 8.27
493.08 178.43
495.08 5.9
497.08 107.63
499.08 10.13
501.07 232.54
503.08 234.59
505.07 5.7
507.09 162.92
509.08 9.55
511.08 216.92
513.07 236.51
515.08 12.43
517.07 270.99
519.07 8.8
521.07 263.76
523.07 6.62
525.07 110.81
527.07 110.81
529.07 7.22
531.08 178.89
533.08 3.31
535.08 27.39
537.08 170.03
539.07 187.84
541.07 199.69
543.08 7.69
545.08 127.23
547.08 10.01
549.08 110.0
551.07 171.5
553.08 10.14
555.08 200.49
557.08 5.69
559.08 243.3
561.08 294.12
563.09 292.07
565.08 148.79
567.08 4.62
569.08 191.28
571.08 8.9
573.07 30.97
575.08 169.86
577.08 8.68
579.08 53.05
581.08 9.94
583.08 155.65
585.07 144.7
587.08 144.7
589.08 153.11
591.08 10.2
593.08 165.71
595.07 8.46
597.08 180.84
599.08 184.19
601.08 186.44
603.07 184.3
605.09 9.8
607.08 184.36
609.08 129.57
611.09 126.91
613.08 121.95
615.08 10.23
617.07 1.2
619.08 56.89
621.08 56.89
623.08 126.82
625.08 10.22
627.08 127.95
629.07 126.0
631.08 126.0
633.07 155.92
635.08 160.07
637.08 111.24
639.07 10.18
641.07 24.47
643.08 8.93
645.08 114.58
647.08 79.15
649.08 8.42
651.07 153.25
653.07 8.09
655.07 192.89
657.09 218.99
659.08 226.95
661.08 226.95
663.08 8.3
665.08 221.33
667.08 8.64
669.09 109.9
671.08 137.48
673.08 7.56
675.09 241.63
677.08 8.57
679.08 258.81
681.08 222.33
683.08 55.78
685.09 35.59
687.08 8.03
689.08 37.64
691.08 83.27
693.07 83.27
695.08 83.27
697.08 83.73
699.09 88.16
701.08 88.16
703.32 102.53
705.17 10.26
707.34 10.9
709.34 123.97
711.33 7.98
713.33 130.71
715.33 7.82
717.33 144.81
719.34 161.47
721.33 157.05
723.33 95.61
725.32 7.11
727.32 86.14
729.14 86.14
731.32 86.14
733.32 118.34
735.34 101.28
737.33 124.89
739.34 6.8
741.34 174.71
743.33 205.92
745.33 198.84
747.34 217.15
749.33 10.26
751.33 226.7
753.18 10.07
755.33 297.65
757.33 297.45
759.33 6.76
761.33 291.51
763.34 7.35
765.34 164.57
767.33 306.84
769.33 318.78
771.32 142.06
773.33 9.68
775.33 34.83
777.18 7.63
779.34 217.57
781.34 237.22
783.34 5.52
785.34 221.67
787.34 7.63
789.32 330.61
791.33 323.14
793.33 8.24
795.33 284.38
797.34 9.13
799.33 315.75
801.33 7.58
803.33 299.74
805.34 345.07
807.33 9.67
809.34 326.25
811.33 8.08
813.33 350.9
815.34 357.14
817.34 360.82
819.33 279.59
821.33 4.56
823.32 218.78
825.32 9.57
827.33 369.61
829.33 358.18
831.33 10.52
833.33 333.23
835.33 7.08
837.34 179.89
839.33 167.02
841.33 11.29
843.33 235.61
845.33 6.86
847.33 236.61
849.34 7.18
851.32 103.21
853.33 91.19
855.33 8.02
857.33 69.43
859.33 7.59
861.34 171.26
863.33 171.5
865.33 206.78
867.33 112.91
869.33 6.19
871.33 216.61
873.33 9.02
875.33 253.87
877.33 260.45
879.33 10.11
881.34 263.24
883.33 3.84
885.33 267.64
887.33 196.12
889.34 142.91
891.34 247.52
893.34 6.68
895.34 211.54
897.33 9.06
899.33 68.54
901.33 80.77
903.33 7.58
905.33 26.13
907.33 28.71
909.34 28.82
911.34 36.79
913.33 36.79
915.33 52.89
917.34 109.04
919.33 111.92
921.33 111.92
923.33 111.92
925.33 111.92
927.33 111.92
929.33 135.04
931.33 7.28
933.33 148.8
935.33 160.53
937.33 102.13
939.33 119.73
941.33 2.83
943.34 118.15
945.34 4.64
947.33 84.68
949.58 55.17
951.58 4.59
953.34 41.12
955.58 111.95
957.58 120.73
959.59 144.98
961.58 173.38
963.59 187.48
965.59 5.23
967.58 142.02
969.58 9.91
971.58 222.51
973.59 221.93
975.58 7.74
977.58 183.69
979.59 8.06
981.58 235.86
983.58 146.15
985.58 167.46
987.58 166.18
989.59 8.36
991.59 98.89
993.59 7.26
995.59 108.76
997.58 109.19
999.58 109.19
1001.59 109.19
1003.58 109.19
1005.58 109.19
1007.59 109.19
1009.59 109.19
1011.58 108.14
1013.58 10.14
1015.58 139.84
1017.58 8.18
1019.59 187.67
1021.59 198.0
1023.59 193.06
1025.59 226.62
1027.59 7.39
1029.58 247.16
1031.59 213.52
1033.58 243.76
1035.59 218.32
1037.59 10.14
1039.58 237.13
1041.58 7.63
1043.58 216.92
1045.58 316.78
1047.59 10.55
1049.58 327.51
1051.59 7.23
1053.58 337.87
1055.58 226.91
1057.58 156.96
1059.59 151.87
1061.58 9.0
1063.58 148.47
1065.58 8.06
1067.59 250.96
1069.58 256.36
1071.58 9.91
1073.58 226.46
1075.58 5.01
1077.58 270.15
1079.58 155.79
1081.58 124.99
1083.59 81.29
1085.58 6.34
1087.59 92.5
1089.59 8.82
1091.58 114.1
1093.58 136.96
1095.59 170.55
1097.58 204.57
1099.71 6.19
1101.58 85.93
1103.58 69.86
1105.59 159.97
1107.58 219.43
1109.58 5.72
1111.58 232.72
1113.58 6.84
1115.59 192.05
1117.58 236.94
1119.58 7.19
1121.59 260.69
1123.59 7.34
1125.58 216.11
1127.58 216.11
1129.58 258.08
1131.59 249.54
1133.58 6.61
1135.59 259.85
1137.59 4.92
1139.58 170.69
1141.6 150.37
1143.62 6.0
1145.6 79.16
1147.59 5.44
1149.58 76.02
1151.59 122.21
1153.58 58.73
1155.59 61.23
1157.58 115.62
1159.58 124.84
1161.58 122.86
1163.59 127.89
1165.58 83.87
1167.59 8.43
1169.59 102.83
1171.59 10.21
1173.58 81.63
1175.59 109.24
1177.58 109.24
1179.58 129.49
1181.59 27.95
1183.58 66.97
1185.58 126.4
1187.58 140.41
1189.59 146.35
1191.59 144.63
1193.58 128.26
1195.58 7.25
1197.59 90.35
1199.68 7.95
1201.84 124.42
1203.84 121.2
1205.84 10.2
1207.84 35.66
1209.83 8.81
1211.83 20.83
1213.84 46.28
1215.84 70.13
1217.84 86.69
1219.83 96.56
1221.84 111.61
1223.68 10.54
1225.84 122.27
1227.84 134.3
1229.83 7.63
1231.83 122.27
1233.84 5.11
1235.83 124.77
1237.84 56.95
1239.83 6.75
1241.84 112.84
1243.84 10.3
1245.84 47.76
1247.63 112.94
1249.84 112.94
1251.84 117.07
1253.83 10.21
1255.83 68.14
1257.83 10.13
1259.83 73.35
1261.83 73.46
1263.84 74.12
1265.83 76.75
1267.84 77.45
1269.84 73.62
1271.84 73.62
1273.84 73.62
1275.83 73.62
1277.84 73.62
1279.83 86.13
1281.84 99.87
1283.85 99.75
1285.84 99.75
1287.83 105.31
1289.83 106.4
1291.84 106.4
1293.84 112.35
1295.83 112.52
1297.84 112.52
1299.84 112.52
1301.84 112.52
1303.83 138.7
1305.84 7.55
1307.84 57.07
1309.83 36.4
1311.84 111.87
1313.84 156.88
1315.84 10.35
1317.83 158.58
1319.83 10.02
1321.84 142.2
1323.83 189.61
1325.83 10.15
1327.83 107.91
1329.84 7.99
1331.83 82.92
1333.83 99.53
1335.84 11.03
1337.84 55.86
1339.84 55.86
1341.83 55.86
1343.83 55.86
1345.84 55.86
1347.83 124.2
1349.83 124.2
1351.83 124.2
1353.84 124.2
1355.84 124.2
1357.83 124.2
1359.83 64.16
1361.83 45.44
1363.84 45.44
1365.84 45.44
1367.84 45.44
1369.84 45.44
1371.84 45.44
1373.83 45.44
1375.83 45.44
1377.83 65.96
1379.83 65.96
1381.84 65.96
1383.83 64.95
1385.84 59.98
1387.84 82.88
1389.84 148.2
1391.83 8.04
1393.83 222.79
1395.84 225.78
1397.84 113.4
1399.84 118.76
1401.84 10.11
1403.84 222.01
1405.83 287.1
1407.84 267.75
1409.83 320.4
1411.84 7.11
1413.84 333.96
1415.83 4.64
1417.84 326.72
1419.83 346.07
1421.84 6.99
1423.83 34.01
1425.84 7.78
1427.83 68.71
1429.84 70.46
1431.84 71.06
1433.83 128.53
1435.84 138.56
1437.83 219.09
1439.83 5.83
1441.84 20.53
1443.84 95.02
1445.84 8.88
1447.84 131.79
1450.08 10.29
1451.84 172.92
1453.94 5.23
1456.08 182.87
1458.09 61.81
1460.08 6.57
1462.08 71.29
1464.09 10.44
1466.09 94.14
1468.09 78.79
1470.09 79.43
1472.08 74.6
1474.09 74.6
1476.09 74.6
1477.89 74.6
1480.09 74.6
1482.09 74.6
1484.08 91.54
1486.09 104.54
1488.09 113.96
1490.09 127.58
1492.08 116.17
1494.08 164.98
1496.1 196.71
1498.08 4.39
1500.09 159.42
1501.94 6.85
1504.08 207.17
1506.08 203.79
1508.09 6.16
1510.08 162.51
1512.09 7.37
1514.09 186.05
1516.09 189.23
1518.08 224.67
1520.08 208.32
1522.08 8.3
1524.09 165.02
