0.0 0.57
0.87 53.65
2.86 51.59
4.61 9.24
6.61 8.05
8.62 14.43
10.62 19.06
12.62 19.02
14.62 56.35
16.62 49.62
18.62 51.36
20.61 49.74
22.62 51.08
24.62 46.62
26.62 52.57
28.62 49.34
30.62 43.1
32.62 47.42
34.62 56.97
36.62 41.69
38.62 39.03
40.62 40.54
42.62 40.98
44.62 45.99
46.62 38.18
48.62 32.46
50.62 54.43
52.86 55.63
54.87 51.38
56.87 50.58
58.87 47.38
60.87 51.94
62.87 47.93
64.87 50.35
66.87 44.69
68.87 55.66
70.68 53.94
72.87 51.66
74.87 53.32
76.87 56.58
78.87 57.16
80.87 52.64
82.87 52.74
84.87 50.49
86.87 42.67
88.87 36.47
90.87 59.25
92.87 43.6
94.68 60.3
96.87 55.18
98.87 60.18
100.87 49.78
102.87 45.79
104.86 51.07
106.87 49.23
108.87 51.3
110.87 49.23
112.87 50.07
114.87 47.86
116.87 51.45
118.87 54.45
120.87 54.1
122.87 51.18
124.87 53.66
126.87 53.66
128.87 47.55
130.87 47.32
132.87 47.32
134.87 42.78
136.87 39.04
138.87 45.83
140.87 55.34
142.87 57.79
144.87 43.69
146.87 50.06
148.87 50.06
150.87 10.89
152.87 40.63
154.87 49.09
156.87 21.77
158.87 38.29
160.87 10.35
162.87 42.89
164.87 11.72
166.87 57.34
168.87 45.14
170.87 55.78
172.87 54.9
174.87 43.29
176.87 48.22
178.87 56.97
180.87 55.23
182.87 50.67
184.87 49.07
186.87 47.11
188.92 53.84
190.87 52.35
192.87 48.22
194.87 54.02
196.87 42.35
198.87 38.8
200.87 32.41
202.87 16.67
204.87 33.13
206.87 17.17
208.87 19.66
210.87 57.73
212.87 51.39
214.87 55.8
216.87 55.38
218.87 56.83
220.87 55.74
222.87 46.86
224.87 37.9
226.87 50.38
228.87 50.02
230.87 32.84
249.11 22.96
250.74 46.89
252.74 56.87
254.74 25.79
256.74 47.83
258.74 50.45
260.74 45.69
262.74 51.3
264.74 12.3
266.74 39.53
268.74 56.07
270.74 51.22
272.74 49.65
274.74 48.15
276.74 39.52
278.74 36.38
280.74 50.27
282.74 13.37
284.74 46.69
286.74 48.72
288.74 56.99
290.74 56.7
292.74 53.92
294.74 54.22
296.74 55.49
298.74 57.06
300.74 57.77
302.74 57.39
304.74 55.25
306.74 54.06
308.74 42.31
310.74 20.84
312.74 39.44
314.74 45.49
316.74 47.8
318.74 55.46
320.74 38.5
322.74 15.71
324.74 46.24
326.74 13.36
328.74 49.61
330.74 47.78
332.74 44.57
334.74 48.97
336.74 48.57
338.74 54.75
340.74 55.27
342.74 55.07
344.74 50.15
346.74 45.65
348.74 37.53
350.74 31.0
352.74 50.8
354.74 42.02
356.74 55.05
358.74 36.36
360.74 44.48
362.75 40.36
364.74 11.08
366.74 56.25
368.74 56.25
370.99 56.25
372.99 56.25
374.99 56.25
376.99 44.0
378.99 43.59
380.99 12.8
382.99 44.7
384.99 42.13
386.99 55.65
388.99 57.59
390.99 44.11
392.99 52.16
394.99 54.1
396.99 50.11
398.99 48.21
400.99 42.9
402.99 16.06
404.99 39.89
406.99 12.15
408.99 57.23
410.99 57.23
412.99 57.23
414.99 0.15
416.99 40.51
418.99 26.66
420.99 0.18
422.99 24.96
424.99 24.9
426.99 35.62
428.99 11.8
430.99 19.92
432.99 32.98
434.99 13.54
436.99 51.68
438.99 14.36
440.99 51.84
442.99 47.78
444.99 46.61
446.99 56.46
448.99 54.03
450.99 54.03
452.99 54.93
454.99 50.75
456.99 52.23
458.99 52.23
460.99 56.1
462.99 56.1
464.99 55.35
466.99 55.35
468.99 55.35
470.99 55.35
472.99 42.14
474.99 52.48
476.99 52.48
478.99 11.41
480.99 41.0
482.99 49.37
484.99 53.25
486.99 53.25
488.99 49.92
490.99 49.92
492.99 57.5
494.99 47.04
496.99 42.32
515.32 26.32
515.83 51.9
517.54 39.14
519.53 13.22
521.53 38.63
523.54 43.19
525.54 46.59
527.54 9.49
529.53 28.13
531.53 16.86
533.54 51.2
535.54 47.84
537.54 47.84
539.53 47.84
541.54 41.97
543.53 56.98
545.53 53.37
547.54 45.06
549.53 52.22
551.54 55.03
553.53 48.72
555.53 45.86
557.53 57.62
559.54 46.94
561.53 61.17
563.54 54.88
565.54 47.94
567.54 48.44
569.53 43.0
571.54 51.38
573.53 51.38
575.53 51.38
577.54 51.38
579.54 51.38
581.54 51.38
583.54 51.38
585.53 58.81
587.54 58.81
589.54 56.48
591.54 39.14
593.54 36.13
595.54 11.25
597.54 11.96
599.54 15.04
601.54 50.44
603.54 48.01
605.54 24.79
607.54 11.63
609.54 34.68
611.54 48.93
613.54 48.38
615.54 39.28
617.53 30.11
619.78 39.99
621.78 53.02
623.78 51.35
625.78 22.33
627.78 15.42
629.78 42.03
631.78 35.64
633.78 37.17
635.6 46.48
637.78 47.78
639.78 51.47
641.78 14.45
643.78 28.36
645.78 29.21
647.79 24.33
649.79 49.06
651.79 39.44
653.78 20.97
655.78 38.35
657.79 38.28
659.6 38.96
661.78 38.66
663.78 35.51
665.78 14.96
667.78 16.6
669.78 11.24
671.79 46.66
673.79 42.57
675.79 31.46
677.78 11.27
679.78 11.1
681.78 16.1
683.78 14.34
685.78 39.73
687.78 23.1
689.78 11.3
691.78 17.76
693.78 52.69
695.78 48.65
697.79 49.66
699.78 10.27
701.79 45.75
703.78 50.47
705.79 41.45
707.78 39.18
709.79 58.36
711.78 50.92
713.78 38.5
715.79 37.07
717.78 41.94
719.78 43.97
721.78 46.03
723.78 43.74
725.78 49.46
727.78 51.91
729.78 42.49
731.78 25.47
733.79 25.47
735.79 21.94
737.78 53.29
739.78 25.73
741.78 22.77
743.79 56.02
745.78 18.78
747.78 18.67
749.78 52.0
751.79 11.11
753.79 10.63
755.79 14.25
757.79 8.78
759.79 20.65
761.79 37.97
763.78 34.74
781.68 45.7
782.63 18.13
784.63 43.73
786.63 13.12
788.64 24.07
790.64 44.4
792.63 44.09
794.64 21.97
796.64 22.54
798.64 45.48
800.65 21.54
802.63 10.76
804.64 44.46
806.63 13.24
808.64 26.22
810.64 34.01
812.64 20.61
814.64 39.9
816.64 24.55
818.64 36.4
820.63 16.67
822.63 43.46
824.64 55.3
826.63 44.16
828.64 13.24
830.63 37.27
832.64 37.89
834.64 37.3
836.63 15.9
838.64 51.65
840.64 54.29
842.64 38.48
844.63 20.99
846.64 45.22
848.64 22.88
850.64 28.01
852.64 49.33
854.64 18.62
856.64 36.26
858.64 52.21
860.64 45.68
862.65 30.66
864.63 30.15
866.64 58.68
868.64 17.31
870.64 25.22
872.63 11.72
874.64 36.8
876.64 20.91
878.64 49.05
880.64 12.91
882.64 12.13
884.64 12.88
886.89 11.73
888.89 38.27
890.7 24.82
892.89 0.19
894.89 24.95
896.89 24.22
898.89 10.59
900.89 53.76
902.89 34.34
904.89 26.61
906.89 0.14
908.89 27.11
910.89 27.53
912.89 11.58
914.7 12.45
916.89 13.64
918.89 3.34
920.89 41.06
922.89 14.51
924.89 11.59
926.89 39.04
928.89 18.81
930.89 43.72
932.89 55.88
934.89 24.79
936.89 5.18
938.7 43.94
940.89 28.25
942.89 31.44
944.89 41.42
946.89 7.94
948.89 40.75
950.89 18.99
952.89 12.58
954.89 51.89
956.89 13.88
958.89 18.95
960.89 30.73
962.89 32.67
964.89 40.63
966.89 19.88
968.89 33.84
970.89 24.37
972.89 13.51
974.89 39.39
976.89 2.78
978.89 15.95
980.89 27.48
982.89 39.72
984.89 39.77
986.89 39.62
988.89 21.47
990.89 23.4
992.89 49.74
994.89 47.52
996.89 47.36
998.89 29.4
1000.89 38.04
1002.89 51.47
1004.89 16.77
1006.89 44.88
1008.89 44.88
1010.89 12.4
1012.89 20.25
1014.89 28.14
1016.89 11.73
1018.89 12.47
1020.89 22.1
1022.89 38.62
1024.89 27.4
1026.89 13.65
1028.89 28.66
1030.89 13.48
1051.77 49.71
1053.42 26.93
1055.42 9.48
1057.42 10.44
1059.42 38.25
1061.42 45.03
1063.42 45.83
1065.42 42.0
1067.42 19.69
1069.42 26.72
1071.42 57.12
1073.42 50.28
1075.42 42.86
1077.42 13.48
1079.42 21.59
1081.42 45.97
1083.42 33.34
1085.42 11.57
1087.42 14.52
1089.42 44.95
1091.42 18.26
1093.42 9.9
1095.42 12.29
1097.42 41.04
1099.42 39.52
1101.42 14.93
1103.42 37.56
1105.42 54.28
1107.42 56.22
1109.42 51.83
1111.42 51.83
1113.42 51.83
1115.42 38.94
1117.42 32.91
1119.42 23.46
1121.42 38.26
1123.42 30.17
1125.42 25.5
1127.42 11.52
1129.42 19.04
1131.42 20.34
1133.42 17.32
1135.42 19.75
1137.42 13.05
1139.42 11.15
1141.42 38.38
1143.42 38.38
1145.42 21.61
1147.42 27.34
1149.42 15.8
1151.42 24.3
1153.42 24.74
1155.42 38.53
1157.42 39.27
1159.42 10.34
1161.42 9.72
1163.42 33.85
1165.42 21.89
1167.42 23.91
1169.42 26.14
1171.42 16.05
1173.42 9.08
1175.42 12.42
1177.42 25.97
1179.42 28.47
1181.42 43.47
1183.42 43.5
1185.42 42.59
1187.42 51.38
1189.42 49.22
1191.42 46.28
1193.42 48.08
1195.42 53.01
1197.42 38.55
1199.42 49.54
1201.42 45.98
1203.42 58.88
1205.42 50.24
1207.42 55.57
1209.42 53.36
1211.42 52.43
1213.42 54.18
1215.42 58.22
1217.42 49.79
1219.42 57.99
1221.42 56.07
1223.42 55.36
1225.42 58.54
1227.42 55.67
1229.42 47.69
1231.42 49.63
1233.67 54.98
1235.67 57.43
1237.67 52.71
1239.67 50.88
1241.67 15.27
1243.67 13.97
1245.67 14.46
1247.67 18.33
1249.67 25.75
1251.67 28.19
1253.67 28.19
1255.67 28.19
1257.67 12.28
1259.67 37.36
1261.67 21.6
1263.67 28.61
1265.67 36.09
1267.67 9.93
1269.67 9.85
1271.67 35.78
1273.67 12.29
1275.67 26.41
1277.67 34.77
1279.67 42.66
1281.67 42.59
1283.67 39.75
1285.67 39.75
1287.67 39.75
1289.67 39.75
1291.67 41.07
1293.67 13.69
1295.67 37.98
1313.79 20.07
1314.49 56.47
1316.49 51.45
1318.49 55.2
1320.49 57.75
1322.49 56.62
1324.49 50.28
1326.49 52.81
1328.49 57.39
1330.49 57.71
1332.49 49.71
1334.49 50.71
1336.49 53.55
1338.49 48.75
1340.49 50.01
1342.49 56.55
1344.49 51.44
1346.49 57.47
1348.49 53.49
1350.49 53.34
1352.49 55.33
1354.49 45.4
1356.49 55.56
1358.49 56.89
1360.49 57.55
1362.49 55.8
1364.49 53.46
1366.49 17.97
1368.49 44.17
1370.49 49.66
1372.49 45.03
1374.49 14.32
1376.49 16.13
1378.49 13.1
1380.49 36.07
1382.49 26.76
1384.49 44.8
1386.49 16.35
1388.49 22.33
1390.49 18.98
1392.49 22.56
1394.49 34.45
1396.49 58.99
1398.49 53.17
1400.49 41.6
1402.49 12.7
1404.49 37.49
1406.49 35.41
1408.49 39.14
1410.49 16.98
1412.49 39.01
1414.49 9.6
1416.49 54.31
1418.49 54.57
1420.49 55.62
1422.49 55.17
1424.49 34.6
1426.49 14.93
1428.49 35.5
1430.49 57.75
1432.49 53.08
1434.49 53.08
1436.49 57.1
1438.49 57.1
1440.49 36.29
1442.49 14.42
1444.49 43.98
1446.49 38.84
1448.49 17.24
1450.49 15.69
1452.49 22.01
1454.49 12.19
1456.49 12.45
1458.49 29.56
1460.49 24.33
1462.49 39.79
1464.49 38.23
1466.49 38.04
1468.49 10.51
1470.49 48.98
1472.5 36.78
1474.49 0.28
1476.49 28.6
1478.49 21.22
1480.49 8.45
1482.55 11.23
1484.74 15.31
1486.74 0.77
1488.74 21.82
1490.74 19.79
1492.74 19.62
1494.74 21.34
1496.74 24.87
1498.74 24.8
1500.74 31.08
