0.0 113.05
0.78 96.51
2.78 93.91
4.79 95.92
6.78 95.92
8.78 95.92
10.78 95.92
12.78 95.92
14.78 90.48
16.78 112.26
18.79 112.26
20.79 112.26
22.78 114.33
24.78 110.99
26.78 11.37
28.78 114.7
30.79 114.29
32.78 91.86
34.78 91.86
36.78 91.86
38.78 112.12
40.78 111.79
42.78 114.03
44.78 114.03
46.78 114.03
48.78 114.03
50.78 114.03
52.79 114.03
54.79 114.03
56.78 113.56
58.78 114.14
60.78 114.14
62.79 114.18
64.79 11.42
66.78 33.31
68.78 112.13
70.78 99.51
72.78 91.63
74.78 11.45
76.78 111.82
78.78 111.92
80.79 111.86
82.79 111.25
84.79 114.25
86.79 111.78
88.79 95.59
90.78 114.53
92.78 110.77
94.78 111.9
96.79 111.82
98.79 113.47
100.79 114.2
102.78 102.08
104.78 106.55
106.78 112.06
108.78 96.22
110.78 113.37
112.78 100.37
114.78 113.75
116.79 112.99
118.79 112.17
120.79 112.02
122.79 108.43
124.78 108.0
126.78 111.93
128.78 111.75
130.78 113.29
132.78 97.58
134.78 100.57
136.78 107.68
138.78 111.96
140.78 114.31
142.78 103.07
144.78 112.07
146.78 111.7
148.79 111.96
150.78 112.26
152.79 106.99
154.79 111.85
156.79 96.49
158.78 111.62
160.78 11.45
162.78 109.55
164.78 97.74
166.78 111.64
168.79 113.41
171.04 11.98
173.03 99.1
175.03 111.55
177.03 104.15
179.03 79.02
181.04 110.78
183.03 99.03
185.04 105.19
187.04 105.19
188.84 105.19
191.03 105.19
193.03 105.19
195.03 105.19
197.03 105.19
199.03 105.19
201.04 111.77
203.04 103.84
205.04 112.29
207.04 112.63
209.04 11.42
211.03 51.45
212.87 11.36
215.04 113.8
217.03 114.07
219.04 114.07
221.04 113.18
223.04 11.99
225.03 83.15
227.03 113.26
229.03 11.42
231.03 110.82
233.04 113.07
235.04 111.85
237.03 105.86
239.04 112.4
241.05 112.02
243.04 89.76
245.03 112.32
247.03 112.22
249.03 113.01
251.03 107.19
253.03 100.14
255.04 110.45
257.03 11.47
259.03 112.62
261.05 113.98
263.04 97.97
265.04 112.06
267.03 111.91
269.04 112.16
271.04 11.23
273.03 112.46
275.04 112.06
277.03 112.26
