0.0 21.4
0.52 3.22
2.12 17.9
4.09 15.84
6.09 20.42
8.09 3.72
10.09 18.3
12.11 19.11
14.09 19.11
16.09 17.62
18.09 4.51
20.09 19.81
22.09 24.38
24.09 24.86
26.09 24.65
28.09 23.32
30.09 5.52
32.09 10.76
34.09 12.25
36.09 9.73
38.1 8.04
40.09 9.98
42.09 9.65
44.09 12.61
46.12 13.61
48.1 16.77
50.1 15.15
52.11 15.1
54.12 18.82
56.09 17.07
58.09 18.45
60.09 22.57
62.1 20.13
64.09 22.85
66.09 19.87
68.11 17.74
70.11 22.73
72.09 14.15
74.09 22.88
76.09 22.65
78.1 19.49
80.09 19.32
82.1 19.69
84.35 24.22
86.35 20.36
88.35 22.6
90.35 8.6
92.35 17.36
94.35 17.69
96.23 15.28
98.35 17.3
100.35 6.79
102.35 20.54
104.35 21.81
106.35 4.49
108.35 19.57
110.35 3.31
112.35 3.03
114.35 21.01
116.35 20.01
118.35 23.8
120.27 23.35
122.35 19.48
124.35 1.23
126.35 22.19
128.35 18.05
130.35 16.44
132.35 22.33
134.35 19.61
136.35 3.68
138.35 18.78
140.35 13.17
142.35 20.0
144.2 21.34
146.36 19.14
148.35 18.1
150.35 20.13
152.35 18.98
154.35 5.28
156.36 19.32
158.35 15.33
160.36 4.1
162.35 16.1
164.36 22.41
166.35 23.65
168.24 25.57
170.35 20.58
172.35 15.2
174.35 8.49
176.35 22.23
178.35 18.39
180.35 18.28
182.37 24.47
184.35 17.47
186.35 14.11
188.35 21.75
190.36 22.19
192.22 20.09
194.35 14.58
196.35 23.0
198.35 21.13
200.35 22.93
202.35 19.66
204.35 18.63
206.35 20.14
208.35 23.51
210.35 19.57
212.35 15.64
214.35 21.67
216.23 19.82
218.36 21.82
220.36 19.26
222.35 16.24
224.35 12.63
226.36 20.57
228.35 20.64
230.35 4.89
232.35 21.12
234.35 20.82
236.35 23.32
238.35 19.13
240.37 4.59
242.35 20.49
244.35 19.88
246.35 20.95
248.35 21.82
250.35 19.78
252.35 17.33
254.35 19.59
256.35 21.9
258.35 13.88
260.35 17.88
262.35 19.3
264.35 19.91
266.35 19.34
268.35 21.37
270.35 11.6
272.35 16.98
274.35 18.24
276.35 2.41
278.35 19.2
280.35 13.66
282.35 22.77
284.35 20.42
286.35 17.88
288.37 19.22
290.35 21.54
292.35 6.64
294.35 22.24
296.35 16.93
298.35 16.7
300.35 13.03
302.35 21.67
304.35 19.88
306.35 8.19
308.35 21.03
310.35 3.59
312.35 7.01
314.35 17.43
316.35 17.98
318.35 12.1
320.35 0.14
322.35 10.97
324.35 7.79
326.35 20.43
328.35 16.41
330.35 20.27
332.61 20.16
334.61 20.81
336.6 19.02
338.61 15.53
340.6 8.06
342.6 0.22
344.6 16.51
346.6 17.61
348.61 10.01
350.6 20.21
352.6 22.92
354.6 20.13
356.6 21.44
358.6 17.23
360.61 15.69
362.61 12.93
364.6 13.19
366.6 20.8
368.6 20.46
370.61 11.9
372.6 19.25
374.6 20.29
376.6 21.46
378.61 20.72
380.6 4.38
382.6 26.45
384.61 20.52
386.6 21.33
388.6 20.46
390.61 11.93
392.6 24.38
394.59 22.61
396.6 18.88
398.6 21.13
400.6 0.91
402.6 15.86
404.6 21.49
406.6 13.14
408.59 20.49
410.6 3.13
412.59 20.66
414.6 23.07
416.6 25.27
418.6 17.52
420.6 10.42
422.61 14.63
424.61 22.29
426.6 24.06
428.6 18.92
430.6 5.22
432.6 23.73
434.6 20.71
436.6 22.84
438.61 5.48
440.61 15.01
442.6 16.29
444.6 13.01
446.6 15.59
448.6 19.98
450.6 8.69
452.6 12.26
454.6 19.78
456.6 18.58
458.6 17.75
460.61 3.45
462.6 20.34
464.6 17.81
466.6 16.16
468.6 18.93
470.6 5.78
472.6 17.04
474.6 21.14
476.6 8.81
478.6 21.1
480.61 8.78
482.6 17.05
484.61 22.9
486.6 17.71
488.61 22.37
490.6 4.96
492.59 20.44
494.6 23.99
496.6 1.43
498.6 16.66
500.6 9.62
502.61 8.79
504.6 17.9
506.6 6.23
508.6 21.0
510.6 0.17
512.6 18.68
514.6 20.75
516.59 18.2
518.61 3.08
520.61 9.1
522.61 17.18
524.6 22.15
526.6 24.63
528.6 25.01
530.6 2.8
532.6 21.01
534.6 16.42
536.59 22.12
538.61 5.8
540.6 16.84
542.6 14.5
544.6 10.73
546.6 20.57
548.61 14.17
550.6 1.72
552.61 15.8
554.6 22.22
556.6 23.45
558.6 18.43
560.6 16.52
562.6 19.25
564.61 18.9
566.6 5.27
568.6 25.69
570.59 3.32
572.6 19.76
574.6 24.87
576.6 18.9
578.6 16.24
580.6 12.89
582.6 19.81
584.84 22.12
586.84 21.81
588.84 20.67
590.73 14.93
592.84 16.92
594.84 12.53
596.85 22.56
598.84 5.39
600.84 22.22
602.84 6.66
604.84 21.46
606.85 16.72
608.85 11.99
610.84 20.16
612.84 23.59
614.72 22.33
616.84 16.9
618.84 23.8
620.84 0.18
622.84 23.96
624.84 22.4
626.84 20.51
628.84 20.94
630.84 18.03
632.84 9.03
634.84 17.52
636.85 20.05
638.71 24.66
640.84 21.68
642.84 22.78
644.84 18.16
646.84 21.41
648.85 22.98
650.84 2.55
652.84 20.87
654.84 19.69
656.83 21.62
658.85 15.94
660.84 14.99
662.73 19.55
664.84 19.41
666.85 21.67
668.84 21.49
670.84 20.55
672.84 19.48
674.83 21.86
676.85 17.62
678.84 22.82
680.84 18.6
682.84 20.61
684.84 22.71
686.71 18.71
688.84 20.02
690.84 10.3
692.84 16.07
694.84 21.4
696.84 22.63
698.84 20.79
700.84 6.34
702.84 25.11
704.85 19.87
706.85 18.89
708.84 6.77
710.74 18.82
712.84 19.03
714.84 13.63
716.84 13.24
718.85 4.73
720.84 16.56
722.84 22.39
724.85 22.7
726.85 8.15
728.85 18.04
730.84 10.92
732.84 22.1
734.83 21.55
736.84 23.84
738.84 20.73
740.84 19.99
742.84 16.58
744.84 19.39
746.85 20.67
748.84 18.92
750.84 2.75
752.84 17.46
754.84 19.11
756.85 16.65
758.84 9.5
760.85 1.35
762.85 20.23
764.84 14.98
766.86 21.57
768.85 19.03
770.84 17.44
772.85 22.09
774.84 18.45
776.85 18.34
778.87 20.97
780.84 19.01
782.84 22.32
784.84 22.01
786.84 21.51
788.84 19.79
790.84 22.98
792.84 18.77
794.84 18.09
796.85 17.17
798.84 21.56
800.85 21.82
802.83 16.83
804.84 19.49
806.83 20.74
808.84 20.74
810.84 20.82
812.85 21.84
814.84 18.03
816.84 20.53
818.85 22.13
820.84 22.18
822.85 16.56
824.84 22.64
826.84 19.01
828.84 19.25
830.87 22.16
833.09 19.61
835.09 21.03
837.11 5.87
839.09 19.59
841.11 9.75
843.11 22.1
844.95 22.47
847.09 18.92
849.09 19.89
851.1 0.19
853.09 18.73
855.09 22.39
857.11 23.48
859.11 20.23
861.09 16.81
863.09 16.87
865.11 22.51
867.09 13.23
869.0 14.36
871.11 20.1
873.09 16.09
875.09 16.84
877.09 13.78
879.09 16.03
881.12 5.33
883.09 4.49
885.09 18.94
887.09 22.75
889.11 22.82
891.1 3.82
892.96 22.45
895.09 22.14
897.11 15.47
899.09 21.5
901.11 17.79
903.09 5.8
905.11 18.88
907.09 17.87
909.09 20.33
911.1 20.91
913.11 21.7
915.11 22.02
916.95 22.13
919.11 15.56
921.09 16.06
923.09 19.05
925.11 23.16
927.09 15.98
929.09 21.29
931.09 23.41
933.09 19.82
935.1 19.73
937.09 19.43
939.12 19.68
940.95 5.87
943.11 18.93
945.09 19.2
947.1 23.63
949.09 16.66
951.09 12.19
953.1 14.26
955.09 13.5
957.09 13.11
959.09 16.71
961.09 11.47
963.09 14.43
965.03 22.19
967.1 16.27
969.11 18.97
971.1 7.38
973.09 16.62
975.11 16.07
977.09 19.47
979.09 25.38
981.12 14.38
983.09 22.93
985.11 23.58
987.11 0.03
989.11 15.95
991.09 21.81
993.09 16.41
995.11 19.34
997.09 11.76
999.11 19.76
1001.09 6.57
1003.09 20.87
1005.09 13.72
1007.09 13.72
1009.09 18.28
1011.09 15.47
1013.11 5.61
1015.09 11.4
1017.09 17.83
1019.1 14.66
1021.09 6.82
1023.09 16.61
1025.09 18.99
1027.09 16.76
1029.09 20.19
1031.09 5.97
1033.11 25.03
1035.09 21.41
1037.11 5.46
1039.11 20.89
1041.08 9.93
1043.11 5.45
1045.09 8.16
1047.09 21.77
1049.09 22.38
1051.09 3.85
1053.09 23.07
1055.09 25.13
1057.09 22.09
1059.09 21.74
1061.09 3.2
1063.09 19.68
1065.09 22.11
1067.09 2.36
1069.11 20.17
1071.11 20.41
1073.13 19.27
1075.09 14.91
1077.09 22.02
1079.09 23.35
1081.08 6.58
1083.09 21.5
1085.35 20.17
1087.35 20.14
1089.35 21.39
1091.36 23.5
1093.35 5.3
1095.35 19.64
1097.35 21.93
1099.35 23.08
1101.35 20.36
1103.35 24.18
1105.35 17.47
1107.35 22.16
1109.35 24.94
1111.35 19.75
1113.35 19.75
1115.35 13.12
1117.33 18.52
1119.33 20.34
1121.35 18.87
1123.35 24.78
1125.35 18.65
1127.35 17.57
1129.35 22.7
1131.35 17.32
1133.35 21.11
1135.35 21.81
1137.35 9.1
1139.35 4.15
1141.35 19.87
1143.35 22.35
1145.35 6.05
1147.35 9.3
1149.35 23.05
1151.35 9.53
1153.35 11.6
1155.36 21.83
1157.35 21.57
1159.35 21.17
1161.35 9.77
1163.35 21.27
1165.35 21.5
1167.35 19.47
1169.35 16.39
1171.35 19.22
1173.35 15.13
1175.35 14.4
1177.35 20.49
1179.35 20.36
1181.36 10.5
1183.35 19.35
1185.35 18.5
1187.33 21.97
1189.35 19.81
1191.35 18.12
1193.35 18.66
1195.35 20.21
1197.35 21.47
1199.35 16.45
1201.35 14.82
1203.35 22.45
1205.35 7.48
1207.35 21.17
1209.35 23.04
1211.35 16.97
1213.35 24.12
1215.35 5.29
1217.35 20.78
1219.35 22.12
1221.35 21.69
1223.35 18.39
1225.35 22.49
1227.36 23.85
1229.35 20.05
1231.35 20.13
1233.35 19.29
1235.35 21.32
1237.35 17.66
1239.35 20.85
1241.35 23.01
1243.35 19.15
1245.35 22.7
1247.8 15.98
1249.35 20.14
1251.35 8.31
1253.35 20.73
1255.35 18.39
1257.35 23.65
1259.35 21.48
1261.35 17.09
1263.35 18.66
1265.35 2.67
1267.35 22.69
1269.35 20.45
1271.35 16.27
1273.35 11.0
1275.35 0.98
1277.35 19.87
1279.35 21.65
1281.36 18.34
1283.35 20.94
1285.35 19.7
1287.35 22.95
1289.35 10.07
1291.35 7.36
1293.37 11.17
1295.35 17.92
1297.35 19.87
1299.35 18.84
1301.36 22.03
1303.35 22.63
1305.35 4.31
1307.35 20.2
1309.35 17.26
1311.35 22.01
1313.35 22.56
1315.35 19.16
1317.35 17.19
1319.35 21.14
1321.35 18.98
1323.35 14.72
1325.35 22.73
1327.35 18.66
1329.35 22.89
1331.35 20.69
1333.6 7.89
1335.6 17.64
1337.6 16.68
1339.47 17.79
1341.6 19.39
1343.6 22.45
1345.6 9.08
1347.6 21.65
1349.6 19.31
1351.6 22.25
1353.6 19.57
1355.6 8.85
1357.6 20.35
1359.6 20.35
1361.6 12.59
1363.47 23.69
1365.6 19.86
1367.6 18.47
1369.6 19.21
1371.6 19.43
1373.6 22.09
1375.6 13.05
1377.61 21.9
1379.6 18.99
1381.6 19.01
1383.6 18.11
1385.61 13.04
1387.51 16.56
1389.6 18.4
1391.6 18.14
1393.6 24.21
1395.6 7.64
1397.6 15.16
1399.6 21.07
1401.6 20.14
1403.6 19.64
1405.6 0.34
1407.6 21.49
1409.59 20.5
1411.47 13.12
1413.6 21.4
1415.6 12.61
1417.61 19.7
1419.6 21.14
1421.59 18.32
1423.6 21.96
1425.6 5.85
1427.6 14.12
1429.6 5.37
1431.61 21.33
1433.61 20.37
1435.47 5.65
1437.6 18.69
1439.75 13.41
1441.6 14.76
1443.6 18.78
1445.6 8.41
1447.6 20.45
1449.6 20.58
1451.58 18.92
1453.57 24.03
1455.61 12.91
1457.6 21.37
1459.47 19.48
1461.6 20.49
1463.6 22.87
1465.61 21.68
1467.6 20.0
1469.6 7.87
1471.59 24.19
1473.6 24.15
1475.6 8.09
1477.6 25.59
1479.6 19.83
1481.6 22.0
1483.53 11.37
1485.6 17.25
1487.6 23.42
1489.6 21.06
1491.6 19.37
1493.61 20.86
1495.6 14.14
1497.61 25.03
1499.6 22.32
1501.6 20.5
1503.6 24.25
1505.6 22.52
1507.6 10.53
1509.6 19.65
1511.6 20.38
1513.6 10.64
1515.6 8.43
1517.6 20.93
1519.6 23.11
1521.6 21.38
1523.6 20.43
1525.6 10.04
1527.6 24.08
1529.6 17.56
1531.6 24.36
1533.61 19.33
1535.6 15.91
1537.6 15.67
1539.61 11.81
1541.59 18.4
1543.61 20.69
1545.6 23.06
1547.6 22.09
1549.6 23.01
1551.6 19.63
1553.6 23.17
1555.59 10.8
1557.6 20.85
1559.6 20.44
1561.6 19.81
1563.6 23.37
1565.61 5.05
1567.6 16.74
1569.61 18.12
1571.6 17.29
1573.6 21.19
1575.61 2.78
1577.6 5.8
1579.61 20.91
1581.6 5.45
1583.6 18.43
1585.84 8.31
1587.85 21.02
1589.84 19.05
1591.85 20.5
1593.71 21.49
1595.84 9.3
1597.85 20.83
1599.84 17.6
1601.84 19.43
1603.85 20.85
1605.84 13.79
1607.84 22.02
1609.84 19.62
1611.84 23.0
1613.85 14.66
1615.85 21.15
1617.72 16.96
1619.85 22.12
1621.84 24.44
1623.84 22.25
1625.84 20.68
1627.84 21.17
1629.84 19.98
1631.85 21.21
1633.84 7.03
1635.84 6.69
1637.85 22.44
1639.84 20.87
1641.72 19.15
1643.84 17.7
1645.85 24.98
1647.85 18.99
1649.84 16.75
1651.84 20.08
1653.85 25.46
1655.84 21.06
1657.84 23.13
1659.84 13.28
1661.83 22.57
1663.85 23.55
1665.72 24.63
1667.84 22.33
1669.84 22.19
1671.83 24.61
1673.84 22.13
1675.85 23.72
1677.85 19.06
1679.84 25.33
1681.88 14.02
1683.85 23.56
1685.84 18.28
1687.84 20.53
1689.73 17.29
1691.85 15.31
1693.84 21.26
1695.85 23.13
1697.84 21.05
1699.85 21.42
1701.84 23.88
1703.84 17.61
1705.84 19.96
1707.84 17.82
1709.84 20.37
1711.84 24.6
1713.84 23.43
1715.87 17.87
1717.85 23.05
1719.84 10.94
1721.84 19.25
1723.84 20.03
1725.85 12.47
1727.84 23.0
1729.84 17.47
1731.85 7.74
1733.85 23.24
1735.84 8.97
1737.85 17.0
1739.84 24.16
1741.84 6.75
1743.84 22.84
1745.84 20.9
1747.87 21.5
1749.84 22.47
1751.85 19.83
1753.85 16.11
1755.84 19.84
1757.85 5.2
1759.84 23.15
1761.84 15.95
1763.84 18.5
1765.84 19.52
1767.84 20.41
1769.84 19.28
1771.84 21.68
1773.84 22.18
1775.87 18.42
1777.84 22.82
1779.84 19.57
1781.84 19.77
1783.88 7.35
1785.84 22.04
1787.84 24.39
