0.0 0.03
40.38 0.2
42.93 0.2
45.65 0.03
47.07 0.08
50.17 0.01
51.98 0.06
55.55 0.02
59.55 0.07
65.85 0.09
75.1 0.06
81.65 0.04
89.99 0.06
95.0 0.09
101.67 0.07
114.18 0.09
122.05 0.1
129.34 0.11
136.5 0.11
146.8 0.07
153.56 0.06
162.34 0.08
167.01 0.15
173.85 0.15
176.26 0.15
178.07 0.15
187.62 0.15
199.25 0.09
213.71 0.07
230.12 0.07
242.73 0.08
259.86 0.0
263.1 0.37
265.64 0.36
268.86 0.35
272.21 0.35
274.58 0.34
276.48 0.37
279.05 0.34
281.67 0.35
282.69 0.33
283.85 0.36
284.97 0.36
286.09 0.37
286.8 0.39
288.5 0.33
291.14 0.31
291.7 0.36
293.07 0.37
293.71 0.39
294.37 0.31
295.74 0.35
296.55 0.37
298.16 0.28
299.13 0.33
301.82 0.36
302.78 0.31
304.78 0.35
307.55 0.34
308.95 0.33
311.8 0.34
312.78 0.34
314.86 0.36
318.31 0.37
319.26 0.33
323.18 0.34
325.11 0.36
330.32 0.37
333.19 0.34
336.33 0.33
339.65 0.35
340.5 0.33
343.16 0.39
344.34 0.36
347.06 0.32
349.16 0.36
350.28 0.36
351.88 0.34
352.71 0.3
354.74 0.34
355.89 0.39
357.2 0.33
360.72 0.37
364.73 0.36
367.37 0.34
368.42 0.36
370.12 0.36
371.07 0.38
372.22 0.36
374.53 0.33
376.22 0.36
378.8 0.34
379.37 0.4
381.23 0.36
383.66 0.36
385.39 0.33
389.1 0.36
391.64 0.33
394.72 0.36
397.12 0.34
400.01 0.32
404.07 0.37
407.18 0.33
409.46 0.39
410.82 0.38
412.07 0.34
413.39 0.37
414.24 0.33
415.41 0.39
416.39 0.33
418.23 0.35
419.3 0.37
420.3 0.33
421.93 0.37
423.43 0.34
425.51 0.37
426.7 0.38
429.7 0.33
433.01 0.37
433.86 0.33
435.7 0.37
437.55 0.33
440.19 0.34
442.03 0.37
443.69 0.37
446.05 0.36
447.55 0.34
450.12 0.35
451.46 0.37
452.92 0.34
455.15 0.38
456.81 0.34
458.73 0.36
460.13 0.33
464.89 0.39
466.53 0.36
470.57 0.36
474.91 0.36
475.76 0.33
478.43 0.37
479.27 0.38
481.3 0.34
483.22 0.36
484.27 0.36
486.03 0.36
486.98 0.36
488.68 0.38
489.83 0.32
491.08 0.35
493.0 0.35
494.57 0.33
496.84 0.38
498.21 0.38
499.34 0.36
501.22 0.37
502.22 0.35
504.91 0.36
505.99 0.32
510.86 0.33
513.96 0.33
516.76 0.33
519.7 0.37
521.52 0.36
525.03 0.36
526.05 0.37
528.97 0.36
530.99 0.35
531.94 0.32
534.6 0.37
537.23 0.34
540.8 0.37
542.34 0.35
542.87 0.32
544.2 0.33
544.72 0.36
546.29 0.4
546.83 0.31
547.95 0.32
549.96 0.38
550.74 0.33
552.72 0.37
553.3 0.36
558.07 0.36
558.59 0.39
560.03 0.36
563.88 0.33
565.12 0.36
568.04 0.38
570.13 0.37
572.35 0.36
575.69 0.36
