0.0 2620.75
1.73 1604.82
3.73 1614.57
5.73 9.9
7.73 1670.22
9.73 54.13
11.73 1732.63
13.73 1666.3
15.73 54.76
17.74 1720.01
19.73 54.39
21.73 1755.63
23.73 1686.46
25.72 1895.62
27.74 1860.7
29.73 9.95
31.73 1914.27
33.73 54.73
35.73 82.12
37.73 1874.59
39.73 27.17
41.73 325.08
43.74 54.89
45.73 1712.93
47.73 1720.22
49.73 1711.65
51.73 1686.03
53.73 55.14
55.73 1312.62
57.73 55.1
59.73 1958.83
61.73 2044.81
63.73 32.62
65.73 2247.23
67.73 35.94
69.73 459.07
71.73 287.08
73.73 231.07
75.73 1250.68
77.74 54.71
79.73 2172.65
81.73 53.96
83.73 2186.16
85.73 1785.23
87.73 7.29
89.73 1837.2
91.74 53.77
93.73 1838.68
95.73 2017.81
97.73 1698.79
99.73 2157.76
101.73 9.86
103.73 1265.24
105.73 54.7
107.73 2576.41
109.74 415.59
111.73 5.11
113.73 2095.78
115.73 9.09
117.74 2182.43
119.73 2145.3
121.73 2178.03
123.74 2238.7
125.73 53.92
127.73 790.29
129.73 54.65
131.73 1958.8
133.74 1855.42
135.73 53.75
137.74 1856.62
139.73 54.85
141.73 1354.19
143.73 159.4
145.73 917.75
147.74 1029.86
149.74 55.12
151.73 1545.47
153.73 2.65
155.73 1830.8
157.74 1907.35
159.99 9.84
161.98 1943.47
163.99 54.21
165.98 1965.15
167.8 54.41
169.99 2014.25
171.98 1781.4
173.98 54.75
175.99 1866.71
177.98 54.51
179.98 1995.22
181.98 1526.68
183.99 42.69
185.98 382.74
188.01 54.18
190.34 1367.11
191.82 54.89
193.98 1197.49
195.98 572.45
197.99 54.44
199.98 998.48
201.98 55.19
203.99 94.5
205.98 81.15
207.98 1.19
209.99 106.28
212.2 54.83
213.99 86.53
215.82 58.41
217.98 136.32
219.99 190.87
221.99 10.03
223.99 260.9
225.98 55.15
227.99 313.99
229.98 332.52
231.99 1.77
233.99 326.78
235.99 26.16
237.99 474.32
239.99 55.12
241.99 530.45
243.99 630.89
245.99 0.85
247.99 676.37
249.99 10.22
251.99 645.1
253.99 285.18
255.99 95.04
257.99 147.35
259.99 9.86
261.98 61.17
263.99 10.24
265.99 289.46
267.99 347.67
269.99 10.18
272.3 426.3
274.02 10.93
277.29 510.79
278.18 563.46
280.74 9.44
282.6 564.14
284.35 54.76
286.11 559.92
288.0 10.09
289.99 564.78
291.99 420.09
293.99 52.43
296.0 555.22
297.99 55.01
299.99 800.46
301.99 969.41
303.99 54.36
305.99 964.37
307.99 7.27
310.0 889.96
311.99 53.13
313.99 849.33
315.99 1043.8
317.99 30.6
319.99 1173.87
321.99 10.23
323.99 1250.04
326.0 1206.26
327.99 1280.98
329.99 1331.1
331.99 53.82
334.0 1449.62
335.99 40.79
338.01 1190.71
340.08 1000.68
341.99 2.79
343.99 1477.45
346.0 8.65
347.99 1417.17
349.99 1513.38
351.99 1540.06
353.99 1555.5
355.99 3.11
357.99 1668.46
359.99 7.9
361.99 1679.85
363.99 1684.32
365.99 0.22
367.99 1748.75
369.99 54.01
371.99 1539.58
373.99 1331.4
375.99 1541.18
377.99 1666.45
379.99 53.25
381.99 1701.16
383.99 7.16
385.99 194.01
388.0 1714.63
389.99 54.25
391.99 1467.93
393.99 54.89
395.99 1545.09
397.99 549.05
399.99 1609.21
402.0 1629.33
403.99 54.15
405.99 1673.47
408.24 54.92
410.25 1707.4
412.24 1693.14
414.24 9.53
416.24 1800.42
418.24 54.97
420.24 1803.51
422.07 54.83
424.24 1862.39
426.25 1914.44
428.24 54.96
430.24 1880.39
432.24 53.88
434.24 1844.71
436.24 1307.09
438.24 53.72
440.24 1128.88
442.24 54.54
444.24 1299.31
446.07 55.15
448.24 1381.01
450.25 1498.18
452.24 0.22
454.24 1691.48
456.24 9.73
458.24 1724.47
460.24 1810.46
462.25 4.33
464.24 1853.16
466.25 43.07
468.24 12.23
470.06 10.19
472.24 1833.56
474.24 1881.56
476.24 10.04
478.24 268.91
480.24 42.79
482.24 10.96
484.24 437.25
486.24 9.87
488.25 1731.42
490.25 0.22
492.25 1287.6
494.25 54.49
496.24 1503.59
498.24 1553.71
500.24 55.07
502.24 987.57
504.24 53.6
506.25 1461.21
508.24 1508.21
510.24 10.78
512.24 606.73
514.24 10.15
516.24 1794.52
518.25 0.22
520.24 1605.43
522.24 0.22
524.24 54.43
526.25 1128.05
528.25 54.2
530.25 907.02
532.24 1204.79
534.24 11.95
536.24 1248.51
538.24 55.04
540.24 1176.95
542.24 53.66
544.24 693.21
546.24 81.27
548.24 10.23
550.24 166.43
552.25 54.88
554.24 101.04
556.25 511.73
558.25 54.48
560.24 608.53
562.24 54.1
564.25 634.14
566.25 53.77
568.25 543.34
570.25 632.12
572.25 9.59
574.25 722.53
576.25 8.16
578.25 515.57
580.24 163.22
582.26 9.85
584.25 497.8
586.24 9.98
588.24 282.52
590.25 7.39
592.25 505.47
594.25 529.32
596.25 10.2
598.24 166.82
600.25 10.05
602.25 222.57
604.25 109.0
606.25 9.94
608.25 52.9
610.25 54.47
612.26 31.99
614.25 10.57
616.25 46.12
618.25 58.9
620.25 57.7
622.25 290.89
624.25 55.04
626.25 55.04
628.25 428.33
630.25 36.25
632.25 753.34
634.25 9.89
636.25 1070.6
638.35 0.22
640.25 1236.79
642.25 1346.15
644.25 53.89
646.25 1393.24
648.25 55.12
650.25 1400.34
652.25 1065.24
654.26 263.33
656.25 1313.09
658.5 10.02
660.5 1173.26
662.5 47.02
664.5 1281.68
666.5 1296.8
668.51 52.85
670.5 1371.48
672.5 54.59
674.5 1153.52
676.5 244.21
678.5 9.98
680.5 1378.68
682.5 9.86
684.5 1501.2
686.51 54.45
688.5 1586.91
690.5 1618.98
692.5 54.38
694.51 1689.07
696.5 8.81
698.51 1705.17
700.51 1743.09
702.52 9.95
704.5 1676.09
706.5 54.82
708.5 1478.27
710.5 55.07
712.51 1471.3
714.5 1478.98
716.51 53.93
718.5 1530.67
720.51 54.64
722.76 1412.21
724.51 1422.01
726.5 1141.06
728.5 1105.62
730.51 53.57
732.5 1271.31
734.5 9.93
736.5 1066.5
738.5 167.88
740.5 54.39
742.5 1066.88
744.51 0.22
746.51 655.8
748.5 638.56
750.51 107.75
752.5 399.61
754.51 9.71
756.51 512.37
758.51 54.68
760.5 451.8
762.51 420.42
764.5 54.61
766.5 435.85
768.51 9.88
770.5 481.13
772.51 536.64
774.51 633.33
776.5 884.28
778.51 0.86
780.5 1392.6
782.5 10.09
784.51 1729.36
786.51 1838.99
788.5 0.22
790.5 1937.82
792.5 9.9
794.5 1905.12
796.51 367.24
798.5 1050.26
800.5 400.47
802.51 54.09
804.51 884.26
806.51 54.22
808.51 927.42
810.5 1103.63
812.51 0.22
814.51 1129.85
816.5 10.09
818.51 1277.01
820.51 1304.1
822.5 1309.73
824.51 1367.41
826.51 55.19
828.51 1420.32
830.51 54.05
832.51 1330.66
834.5 503.49
836.51 53.77
838.51 1275.41
840.51 53.61
842.51 1173.3
844.52 1375.15
846.51 1477.68
848.51 1502.57
850.51 0.22
852.51 1347.52
854.51 54.31
856.51 1534.81
858.51 1593.7
860.51 55.0
862.51 1609.62
864.51 54.13
866.51 1622.61
868.51 1638.65
870.51 1618.91
872.51 1293.03
874.52 55.05
876.51 1027.19
878.51 54.65
880.51 922.44
882.51 1257.85
884.51 9.66
886.51 1275.86
888.51 54.09
890.52 1339.24
892.51 1410.37
894.51 1435.79
896.51 1495.27
898.51 9.96
900.51 1607.74
902.51 55.11
904.51 1682.36
906.51 1568.15
908.77 10.24
910.76 1685.4
912.76 10.08
914.76 1956.2
916.57 2.38
918.76 2002.35
