0.0 53.78
0.53 35.79
2.12 36.32
4.11 47.37
6.11 35.52
8.11 39.11
10.11 50.97
12.11 44.28
14.11 42.44
16.11 44.12
18.11 38.76
20.11 52.61
22.12 60.24
24.12 24.51
26.11 46.13
28.14 30.38
30.11 40.49
32.12 58.4
34.11 36.44
36.11 52.36
38.11 53.89
40.11 63.41
42.11 48.64
44.37 53.32
46.39 53.79
48.11 36.41
50.11 0.98
52.12 36.64
54.12 36.64
56.12 47.51
58.14 37.62
60.38 45.3
62.37 52.69
64.36 59.92
66.36 35.81
68.37 49.2
70.37 37.67
72.37 63.12
74.37 33.6
76.38 39.98
78.36 29.14
80.37 36.58
82.18 20.53
84.37 40.22
86.37 40.42
88.39 23.95
90.39 25.65
92.36 25.98
94.39 38.65
96.38 26.41
98.36 42.66
100.37 47.54
102.37 30.83
104.37 42.31
106.17 29.66
108.36 22.92
110.39 41.61
112.37 41.3
114.37 43.97
116.39 43.97
118.37 48.95
120.37 40.45
122.38 41.3
124.39 47.03
126.39 25.24
128.36 51.99
130.36 59.57
132.36 50.82
134.36 48.12
136.39 59.98
138.36 28.04
140.38 28.04
142.37 4.78
144.39 63.14
146.36 6.78
148.37 33.77
150.38 11.6
152.36 23.16
154.36 29.21
156.36 18.69
158.36 30.71
160.36 25.29
162.37 31.65
164.38 26.56
166.37 35.03
168.36 18.96
170.36 35.91
172.37 28.35
174.37 30.24
176.36 42.1
178.36 28.03
180.37 42.12
182.4 21.01
184.36 36.01
186.36 13.23
188.36 34.06
190.39 13.66
192.38 26.64
194.37 17.12
196.37 35.58
198.36 24.72
200.36 30.22
202.36 41.25
204.37 33.36
206.37 28.67
208.37 23.29
210.36 35.13
212.36 30.93
214.36 32.78
216.36 38.9
218.37 32.93
220.36 34.13
222.39 36.95
224.36 32.04
226.36 32.22
228.36 41.91
230.38 29.31
232.37 11.58
234.37 34.15
236.37 26.79
238.37 27.92
240.36 5.29
242.39 33.33
244.38 33.33
246.36 18.97
248.39 18.46
250.36 25.53
252.37 27.78
254.37 44.41
256.37 14.28
258.36 14.17
260.38 10.71
262.39 22.09
264.38 20.85
266.37 44.85
268.36 20.89
270.37 50.74
272.37 46.88
274.36 46.88
276.39 2.41
278.37 44.2
280.37 32.44
282.36 34.98
284.37 23.87
286.37 33.43
288.36 21.6
290.61 29.38
292.63 44.48
294.38 28.81
296.37 30.64
298.36 48.85
300.37 22.18
302.37 22.18
304.61 20.98
306.61 9.66
308.61 34.83
310.61 40.49
312.49 30.12
314.64 24.57
316.61 30.52
318.61 41.32
320.61 24.01
322.61 30.9
324.62 45.28
326.61 51.23
328.63 24.75
330.64 25.68
332.61 31.72
334.62 23.86
336.61 47.32
338.61 28.88
340.62 28.95
342.62 27.72
344.61 33.87
346.64 46.17
348.61 28.6
350.62 17.23
352.62 43.98
354.61 44.28
356.61 30.46
358.63 43.08
360.61 14.7
362.61 13.99
364.61 24.54
366.61 36.92
368.61 24.43
370.62 34.72
372.61 29.69
374.61 23.36
376.61 31.48
378.61 18.34
380.61 33.33
382.62 32.24
384.61 41.07
386.61 38.62
388.62 34.2
390.62 34.87
392.63 39.98
394.63 24.12
396.61 26.98
398.61 26.98
400.62 20.78
402.62 29.31
404.61 18.13
407.05 32.96
408.61 11.74
410.61 24.19
