0.0 4.33
1.99 43.28
3.99 57.73
5.99 57.73
7.99 62.12
9.99 84.72
11.99 114.29
14.0 89.67
15.99 112.64
17.99 97.13
19.99 115.61
21.99 82.66
23.98 0.65
25.98 78.49
27.98 0.64
29.98 101.07
31.98 78.52
33.99 21.92
35.99 34.82
37.99 113.46
39.99 108.18
41.99 110.84
43.98 78.87
45.98 68.07
47.98 0.66
49.99 88.63
51.99 0.64
53.99 141.83
56.0 154.25
57.99 0.66
59.99 140.92
61.98 5.11
63.98 171.69
65.99 187.32
67.99 220.83
69.98 188.74
71.99 0.67
73.99 177.46
75.98 19.5
77.99 168.41
79.99 222.25
82.0 246.34
83.99 229.88
85.99 0.68
87.99 284.13
89.99 199.95
91.98 278.44
93.99 305.85
95.98 0.67
97.99 247.94
99.99 0.64
101.98 296.11
103.99 428.49
105.99 0.67
107.98 340.83
110.0 0.63
112.0 433.49
113.99 301.12
115.99 468.92
118.75 252.19
120.74 3.32
122.74 268.33
124.73 1.57
126.73 379.64
128.73 504.01
130.73 0.61
132.74 76.99
134.73 7.15
136.74 105.3
138.73 109.03
140.73 119.22
142.75 119.66
144.74 86.11
146.75 85.17
148.74 95.26
150.73 82.12
152.75 99.29
154.74 0.65
156.74 89.87
158.74 28.13
160.73 164.01
162.75 154.44
164.73 137.57
166.74 128.66
168.74 9.73
170.73 187.54
172.74 0.44
174.73 100.15
176.75 222.84
178.73 0.65
180.74 164.76
182.74 25.18
184.75 120.39
186.76 149.23
188.74 163.21
190.75 85.99
192.99 21.52
194.98 162.55
196.99 19.19
198.99 138.26
201.0 135.94
202.99 17.78
204.99 170.58
206.99 11.57
209.0 157.89
210.77 29.06
212.98 176.13
214.99 148.37
216.99 0.66
218.99 168.53
220.99 1.38
222.99 110.18
224.99 138.81
227.0 128.67
228.98 103.06
231.0 78.88
233.0 89.7
234.98 95.33
237.0 102.94
238.98 82.52
240.99 103.74
243.0 92.47
244.99 83.9
246.98 92.03
248.99 75.77
250.99 133.35
252.99 85.27
255.0 12.83
256.99 107.98
258.98 0.64
260.99 109.67
262.99 155.66
264.99 0.68
266.99 126.92
268.99 7.45
271.0 122.58
273.0 176.3
274.99 243.1
276.99 184.92
278.99 0.71
280.98 239.44
283.0 7.68
285.0 208.34
287.0 184.28
288.99 20.43
290.99 127.73
292.99 0.61
294.99 182.99
296.99 228.69
299.0 224.51
300.99 310.63
302.99 0.63
304.99 279.72
306.98 20.95
308.99 36.56
310.99 37.17
312.99 13.64
314.99 63.54
316.98 77.56
318.99 55.54
321.0 66.69
323.0 55.51
324.99 79.26
327.0 96.62
328.99 82.03
330.98 101.21
332.98 106.84
334.98 77.31
336.99 106.48
339.0 78.63
341.0 78.63
343.0 78.63
344.99 82.11
346.99 77.42
349.0 72.24
350.98 83.66
353.0 85.09
355.0 96.6
356.99 90.41
358.99 85.07
361.0 85.07
362.99 85.07
364.99 25.95
366.98 25.25
368.98 25.79
370.98 19.1
372.99 20.3
375.0 19.93
377.0 29.0
379.0 39.37
380.99 56.53
382.99 48.05
384.98 49.1
387.0 99.46
388.99 98.47
390.99 137.66
393.0 106.06
395.0 131.59
397.0 193.6
399.0 0.66
400.99 114.64
402.99 1.35
405.0 197.35
406.99 219.31
409.0 0.63
410.99 102.51
412.98 3.29
415.0 156.36
416.99 190.93
419.0 205.99
420.99 172.43
423.0 0.65
424.99 230.94
426.99 12.21
428.98 223.62
430.99 294.05
432.99 0.58
434.99 301.66
437.24 0.67
439.24 306.1
441.24 304.73
443.23 9.86
445.24 225.04
447.24 0.64
449.25 292.46
451.24 3.8
453.24 287.53
455.24 414.36
457.25 0.66
459.24 270.58
461.24 3.83
463.25 448.24
465.25 222.49
467.24 277.49
469.24 72.88
471.24 0.63
473.24 66.53
475.24 16.55
477.24 112.84
479.24 74.0
481.25 82.16
483.25 76.73
485.24 94.22
487.24 87.0
489.24 78.87
491.24 116.81
493.25 78.15
495.25 96.68
497.25 93.26
499.23 105.62
501.25 93.23
503.24 81.64
505.24 15.32
507.24 68.54
509.25 18.96
511.24 89.37
513.24 141.41
515.24 133.81
517.25 98.53
519.24 0.71
521.24 127.58
523.25 111.03
525.24 144.24
527.24 117.5
529.23 18.7
531.24 15.87
533.25 16.84
535.24 20.28
537.25 28.79
539.25 34.63
541.24 33.48
543.24 38.84
545.25 33.22
547.24 33.2
549.25 47.92
551.24 75.32
553.25 76.95
555.24 102.79
557.24 107.41
559.25 129.8
561.24 153.61
563.24 131.88
565.24 158.34
567.24 0.69
569.24 187.99
571.24 0.7
573.24 209.53
575.24 281.0
577.24 0.67
579.24 170.52
581.25 5.44
583.25 299.92
585.24 299.92
587.25 289.73
589.25 167.1
591.25 3.24
593.25 137.68
595.25 29.72
597.25 126.93
599.25 126.93
601.25 1.9
603.24 70.52
605.24 1.99
607.24 147.8
609.24 157.78
611.24 181.76
613.25 156.48
615.25 182.88
617.24 148.8
619.25 16.53
621.25 172.98
623.24 170.84
625.24 0.66
627.25 199.45
629.25 0.65
631.24 187.01
633.25 220.08
635.25 239.58
637.25 217.69
639.25 0.66
641.24 200.61
643.25 6.56
645.24 229.32
647.25 131.27
649.24 0.65
651.24 227.45
653.25 23.38
655.24 205.94
657.24 75.65
659.24 242.32
661.25 305.24
663.25 23.39
665.24 111.32
667.25 0.67
669.25 244.62
671.25 283.53
673.24 0.65
675.25 270.24
677.25 20.09
679.25 28.68
681.25 45.32
683.24 51.57
685.24 51.96
687.24 81.61
689.49 71.28
691.49 116.8
693.5 160.95
695.25 195.02
697.5 0.66
699.49 301.67
701.49 0.65
703.49 260.03
705.28 265.92
707.5 265.23
709.49 359.36
711.49 0.64
713.49 338.28
715.49 0.62
717.5 265.78
719.49 238.31
721.49 381.69
723.5 368.65
725.51 0.68
727.49 378.94
729.49 0.68
731.5 187.45
733.5 372.66
735.49 0.56
737.49 272.01
739.49 6.72
741.5 379.55
743.5 256.03
745.51 410.18
747.49 408.83
749.5 16.18
751.5 404.61
753.49 12.24
755.5 263.3
757.49 395.66
759.5 9.39
761.5 483.39
763.5 0.66
765.5 306.18
767.5 309.15
769.5 500.41
771.5 524.95
773.5 1.33
775.49 460.35
777.49 0.61
779.49 458.17
781.49 480.77
783.5 0.68
785.49 668.67
787.5 0.71
789.5 469.94
791.5 409.98
793.5 514.51
795.49 441.07
797.49 0.68
799.5 502.57
801.5 23.8
803.51 473.15
805.49 435.34
807.51 0.62
809.5 394.3
811.49 19.39
813.49 412.03
815.5 202.31
817.49 0.54
819.49 399.81
821.5 7.39
823.49 412.2
825.5 26.54
827.51 171.07
829.5 147.49
831.49 0.57
833.5 228.76
835.5 0.59
837.5 252.06
839.5 243.94
841.5 285.83
843.5 300.69
845.5 0.63
847.5 367.92
849.5 1.38
851.5 345.5
853.5 333.29
855.5 0.65
857.5 388.92
859.5 0.65
861.5 225.88
863.49 240.74
865.5 276.27
867.49 136.38
869.5 0.65
871.51 152.84
873.5 0.64
875.49 168.24
877.5 119.01
879.49 1.41
881.5 298.52
883.5 0.66
885.5 262.81
887.5 126.01
889.49 210.63
891.49 171.03
893.5 13.51
895.5 110.41
897.5 0.7
899.5 256.55
901.49 238.61
903.49 1.37
905.5 185.71
907.5 8.56
909.49 216.46
911.5 113.44
913.5 245.24
915.5 155.63
917.5 1.39
919.5 148.92
921.49 13.39
923.5 234.9
925.5 246.23
927.51 0.66
929.5 270.77
931.49 13.81
933.5 23.72
935.51 32.35
937.5 66.92
939.5 65.34
941.76 70.29
943.74 118.04
945.51 25.73
947.75 193.96
949.75 166.53
951.76 161.37
953.76 159.21
955.75 0.7
957.75 268.7
959.54 0.52
961.74 296.6
963.76 184.77
965.74 0.66
967.75 243.9
969.74 0.68
971.75 234.02
973.75 322.41
975.75 0.64
977.75 340.21
979.75 0.59
981.75 318.31
983.75 0.6
985.75 224.59
987.75 340.96
989.75 0.59
991.76 337.53
993.74 0.69
995.75 175.68
997.75 171.52
999.75 0.65
1001.75 314.51
1003.75 0.61
1005.74 390.43
1007.75 0.67
1009.76 414.0
1011.74 457.32
1013.75 0.71
1015.75 262.34
1017.75 0.61
1019.75 260.55
1021.75 267.79
1023.76 296.5
1025.76 199.63
1027.75 6.49
1029.75 331.71
1031.75 0.6
1033.75 204.97
1035.75 360.26
1037.75 0.65
1039.75 357.75
1041.75 12.94
1043.75 12.66
1045.74 15.86
1047.76 23.39
1049.75 26.08
1051.76 17.67
1053.75 32.63
1055.75 40.36
1057.76 37.77
1059.76 40.56
1061.75 38.11
1063.75 55.94
1065.76 47.56
1067.76 83.48
1069.75 76.87
1071.74 95.71
1073.76 113.89
1075.75 107.02
1077.75 110.96
1079.75 12.61
1081.75 137.24
1083.74 137.2
1085.75 0.61
1087.75 81.84
1089.76 104.25
1091.76 105.65
1093.74 154.65
1095.75 1.6
1097.75 154.32
1099.75 0.7
1101.75 122.47
1103.76 3.32
1105.75 120.2
1107.75 125.04
1109.75 0.56
1111.75 149.54
1113.76 5.6
1115.75 142.35
1117.76 173.56
1119.75 184.41
1121.75 174.43
1123.76 0.68
1125.76 137.4
1127.74 0.66
1129.75 166.43
1131.76 140.07
1133.74 0.65
1135.75 214.2
1137.76 0.64
1139.74 223.47
1141.76 267.97
1143.74 0.69
1145.75 144.46
1147.75 11.2
1149.75 285.75
1151.76 0.67
1153.76 226.46
1155.76 60.94
1157.76 0.67
1159.76 21.23
1161.75 12.59
1163.75 59.02
1165.76 62.51
1167.76 83.72
1169.76 83.84
1171.76 9.56
1173.75 68.05
1175.76 0.66
1177.75 148.09
1179.75 129.09
1181.75 0.65
1183.75 113.18
1185.76 9.46
1187.76 143.29
1189.75 91.63
1191.75 5.77
1193.75 128.33
1196.0 13.61
1198.0 103.38
1200.0 0.63
1202.0 127.96
1204.01 106.69
1206.0 0.67
1208.0 115.11
1210.01 8.34
1212.01 147.6
1214.01 176.52
1216.0 230.32
1218.0 205.91
1220.0 8.68
1222.0 338.79
1224.01 19.99
1226.01 360.53
1228.01 367.2
1230.01 0.65
1232.01 452.1
1234.0 7.22
1236.0 49.87
1238.01 143.41
1240.01 0.63
1242.01 368.1
1244.0 0.66
1246.0 416.22
1248.01 0.59
1250.0 237.34
1252.01 252.87
1254.0 0.65
1256.01 299.85
1258.01 8.11
1260.0 336.69
1262.01 154.98
1264.0 277.37
1266.0 97.56
1268.0 21.2
1270.01 83.88
1272.01 21.38
1274.01 129.65
1276.0 100.6
1278.0 132.3
1280.0 89.28
1282.01 5.93
1284.01 133.38
1286.01 110.53
1288.0 181.65
1290.0 128.61
1292.0 0.67
1294.0 267.9
1296.0 0.66
1298.0 296.82
1300.0 249.57
1302.0 0.67
1304.0 330.33
1306.0 0.66
1308.0 77.56
1310.01 68.17
1312.01 93.59
1314.0 375.44
1316.0 0.66
1318.0 81.3
1320.01 16.66
1322.01 361.43
1324.01 296.99
1326.0 0.65
1328.0 500.82
1330.0 0.63
1332.0 582.18
1334.0 513.49
1336.0 450.63
1338.0 71.08
1340.01 10.01
1342.0 176.86
1344.01 16.45
1346.0 128.55
1348.01 175.1
1350.0 1.39
1352.0 136.1
1354.01 15.68
1356.0 173.87
1358.0 108.58
1360.0 182.91
1362.01 182.6
1364.01 1.42
1366.0 170.62
1368.01 0.64
1370.0 196.73
1372.0 250.65
1374.0 0.66
1376.01 263.82
1378.01 0.63
1380.0 224.33
1382.0 269.39
1384.01 362.33
1386.0 388.91
1388.01 0.67
1390.01 336.98
1392.01 1.19
1394.01 379.42
1396.0 336.34
1398.0 0.64
1400.0 466.49
1402.0 0.71
1404.01 255.31
1406.0 218.66
1408.0 164.83
1410.01 7.36
1412.0 18.67
1414.01 133.18
1416.01 11.28
1418.01 112.75
1420.01 87.77
1422.01 0.66
1424.01 124.86
1426.01 20.66
1428.01 130.88
1430.01 115.84
1432.0 170.66
1434.0 95.36
1436.0 4.49
1438.01 127.13
1440.0 7.92
1442.0 111.49
1444.0 121.95
1446.01 134.31
1448.01 104.25
1450.25 19.02
1452.01 133.62
1454.02 149.11
1456.26 144.61
1458.26 105.1
1460.26 6.62
1462.26 79.61
1464.26 14.27
1466.25 78.67
1468.25 100.76
1470.25 98.7
1472.26 104.78
1474.25 84.57
1476.26 88.97
1478.04 26.29
1480.26 112.82
1482.25 109.1
1484.25 1.41
1486.25 129.3
1488.25 0.66
1490.25 204.58
1492.25 182.38
1494.25 134.37
1496.26 185.52
1498.26 15.25
1500.26 138.45
1502.25 4.05
1504.26 103.67
1506.25 127.16
1508.26 4.62
1510.26 111.23
1512.26 108.02
1514.26 96.67
1516.26 108.06
1518.26 108.89
1520.25 83.34
1522.26 1.92
1524.25 85.39
1526.26 76.55
1528.26 71.33
1530.25 119.02
1532.25 26.06
1534.26 25.73
1536.26 35.0
1538.26 35.69
1540.25 34.39
1542.26 34.06
1544.27 38.67
1546.25 61.89
1548.25 71.56
1550.25 49.43
1552.26 68.06
1554.25 58.63
1556.25 58.07
1558.25 76.13
1560.25 52.18
1562.26 60.89
1564.25 52.63
1566.26 80.62
1568.26 93.31
1570.25 93.28
1572.26 75.12
1574.25 102.92
1576.25 76.81
1578.26 161.08
1580.26 3.97
1582.26 121.49
1584.26 0.67
1586.26 131.78
1588.26 192.83
1590.26 215.13
1592.26 200.93
1594.25 0.66
1596.26 176.52
1598.26 0.64
1600.25 229.57
1602.26 210.54
1604.26 1.33
1606.25 159.13
1608.26 1.24
1610.26 248.36
1612.25 136.3
1614.26 9.57
1616.26 92.78
1618.26 122.52
1620.26 94.39
1622.25 110.63
1624.26 97.88
1626.25 95.11
1628.26 106.17
1630.25 117.86
1632.26 76.88
1634.26 86.25
1636.26 108.39
1638.25 104.32
1640.25 111.51
1642.25 9.67
1644.25 105.17
1646.25 4.85
1648.26 110.37
1650.25 152.71
1652.26 0.67
1654.26 128.19
1656.26 6.05
1658.26 144.64
1660.25 89.01
1662.25 122.09
1664.25 121.18
1666.26 0.68
1668.26 139.96
1670.26 134.96
1672.26 123.88
1674.25 107.74
1676.26 74.94
1678.26 76.76
1680.26 102.49
1682.26 126.53
1684.25 104.13
1686.26 135.56
1688.26 139.99
1690.26 14.32
1692.26 149.31
1694.26 24.1
1696.26 126.55
1698.26 87.6
1700.5 2.66
1702.26 127.35
1704.26 10.83
1706.51 163.82
1708.3 22.82
1710.5 72.62
1712.5 74.48
1714.5 60.47
1716.52 50.64
1718.51 75.9
1720.51 72.55
1722.5 77.97
1724.51 91.46
1726.5 107.21
1728.51 15.66
1730.51 79.45
1732.51 107.16
1734.51 109.79
1736.51 113.48
1738.52 0.68
1740.51 131.12
1742.52 1.35
1744.52 128.6
1746.51 105.79
1748.51 0.71
1750.5 188.77
1752.51 26.36
1754.51 163.36
1756.5 21.59
1758.5 118.04
1760.5 136.03
1762.51 19.92
1764.51 159.19
1766.51 21.06
1768.5 160.98
1770.5 153.59
1772.5 0.54
1774.52 131.96
1776.51 21.09
1778.51 152.24
1780.51 1.43
1782.51 178.87
1784.51 134.55
1786.51 0.63
1788.51 149.39
1790.51 10.25
1792.51 183.88
1794.52 180.24
1796.51 0.68
1798.51 156.25
1800.51 0.67
1802.51 136.35
1804.51 1.07
1806.5 126.89
1808.52 185.56
1810.52 0.71
1812.5 137.42
1814.5 170.76
1816.51 214.08
1818.51 98.04
1820.51 6.88
1822.5 116.55
1824.51 0.65
1826.52 124.7
1828.52 28.38
1830.51 40.12
1832.51 44.54
1834.51 68.26
1836.51 70.6
1838.5 69.44
1840.51 80.96
1842.51 101.12
1844.51 0.66
1846.5 108.67
1848.52 16.25
1850.51 90.66
1852.52 18.24
1854.51 107.71
1856.52 87.19
1858.51 8.22
1860.51 104.12
1862.51 97.56
1864.51 124.75
1866.52 96.01
1868.51 93.27
1870.51 107.32
1872.51 0.64
1874.51 151.13
1876.51 16.34
1878.5 132.6
1880.51 96.2
1882.51 0.68
1884.51 214.49
1886.51 11.46
1888.51 147.21
1890.5 185.68
1892.51 0.68
1894.51 218.76
1896.51 0.6
1898.51 193.28
1900.51 0.64
1902.51 121.35
1904.5 186.94
1906.5 0.68
1908.51 173.98
1910.51 1.42
1912.51 194.24
1914.51 153.68
1916.51 0.67
1918.51 215.94
1920.51 24.27
1922.51 264.84
1924.51 18.55
1926.51 161.9
1928.51 267.3
1930.52 1.37
1932.52 244.84
1934.51 23.76
1936.51 173.57
1938.5 205.8
1940.51 0.66
1942.52 294.89
1944.51 3.06
1946.51 305.66
1948.52 8.98
1950.52 326.33
1952.52 223.96
1954.52 9.68
1956.77 377.71
1958.76 0.58
1960.76 290.63
1962.76 296.81
1964.76 0.69
1966.77 348.04
1968.76 5.37
1970.76 385.9
1972.75 8.23
1974.77 275.3
1976.76 210.2
1978.76 0.65
1980.77 154.92
1982.76 22.56
1984.75 115.94
1986.76 112.86
1988.77 116.59
1990.76 148.36
1992.77 0.68
1994.76 92.3
1996.76 22.5
1998.76 96.71
2000.76 138.75
2002.76 0.66
2004.76 204.82
2006.77 16.19
2008.76 99.31
2010.76 154.65
2012.76 180.52
2014.76 52.72
2016.76 6.92
2018.76 127.41
2020.76 0.65
2022.76 121.14
2024.77 113.33
2026.77 0.68
2028.76 155.72
2030.77 0.67
2032.76 143.37
2034.77 174.81
2036.76 16.19
2038.76 173.11
2040.77 5.2
2042.78 141.2
2044.76 20.51
2046.76 171.94
2048.76 147.27
2050.76 0.65
2052.76 144.32
2054.77 3.73
2056.77 181.16
2058.76 161.94
2060.76 0.65
2062.77 180.98
2064.76 13.72
2066.76 97.78
2068.77 20.15
2070.76 101.28
2072.76 89.0
2074.76 100.15
2076.76 75.41
2078.76 102.82
2080.76 147.65
2082.76 102.89
2084.77 88.89
2086.76 98.7
2088.77 4.6
2090.77 132.74
2092.77 0.66
2094.76 167.06
2096.76 115.02
2098.76 0.66
2100.77 105.93
2102.77 3.05
2104.77 120.85
2106.77 106.68
2108.76 113.28
2110.76 158.92
2112.76 0.69
2114.77 179.29
2116.76 0.7
2118.76 263.02
2120.76 253.68
2122.76 263.19
2124.76 132.64
2126.76 0.68
2128.77 143.76
2130.76 100.86
2132.76 137.76
2134.76 153.75
2136.76 13.81
2138.76 36.37
2140.77 0.66
2142.77 123.02
2144.76 108.77
2146.77 0.64
2148.77 122.73
2150.76 8.12
2152.76 106.85
2154.77 108.98
2156.76 110.51
2158.76 152.78
2160.77 1.93
2162.76 158.64
2164.76 0.63
2166.76 119.06
2168.77 118.58
2170.77 0.67
2172.77 179.04
2174.77 9.61
2176.76 0.64
2178.76 32.34
2180.76 146.91
2182.76 152.44
2184.76 0.65
2186.77 153.68
2188.77 0.58
2190.76 169.51
2192.77 125.6
2194.76 0.66
2196.76 196.89
2198.77 35.92
2200.77 52.78
2202.77 26.74
2204.77 76.1
2206.77 24.25
2209.02 49.95
2211.02 49.95
2213.02 52.66
2215.01 83.37
2217.01 64.35
2219.02 124.07
2221.02 126.98
2223.02 0.65
2225.02 45.85
2226.8 2.64
2229.02 151.92
2231.02 174.72
2233.02 0.67
2235.02 250.12
2237.02 0.52
2239.02 308.81
2241.02 329.21
2243.02 143.69
2245.01 101.01
2247.01 26.8
2249.02 165.45
2251.02 23.83
2253.01 180.86
2255.02 170.09
2257.02 0.7
2259.02 190.62
2261.01 0.66
2263.01 18.03
2265.01 199.61
2267.01 138.44
2269.01 147.86
2271.01 0.64
2273.01 198.47
2275.02 1.39
2277.01 297.74
2279.01 194.29
2281.02 0.69
2283.02 359.67
2285.02 1.81
2287.01 134.66
2289.02 107.8
2291.02 6.69
2293.03 184.17
2295.02 0.58
2297.02 108.69
2299.02 0.66
2301.01 137.13
2303.02 143.54
2305.02 7.92
2307.01 87.26
2309.01 2.6
2311.01 110.02
2313.01 172.7
2315.01 169.47
2317.01 212.46
2319.01 0.66
2321.01 225.84
2323.01 11.25
2325.01 217.81
2327.01 274.32
2329.01 0.7
2331.01 309.18
2333.02 0.66
2335.01 345.86
2337.01 289.61
2339.02 224.65
2341.02 392.06
2343.02 17.81
2345.01 88.73
2347.01 7.73
2349.02 364.68
2351.02 286.47
2353.02 0.69
2355.02 362.96
2357.02 0.61
2359.01 355.08
2361.02 282.17
2363.01 239.73
2365.01 382.13
2367.02 0.67
2369.02 283.57
2371.02 13.23
2373.02 136.78
2375.01 216.95
2377.01 0.42
2379.02 278.94
2381.02 0.65
2383.02 312.3
2385.01 257.92
2387.02 327.07
2389.01 348.85
2391.02 51.83
2393.02 95.78
2395.01 18.99
2397.02 183.17
2399.02 108.58
2401.02 0.66
2403.02 76.4
2405.01 7.25
2407.01 167.86
2409.02 209.59
2411.02 179.41
2413.02 129.91
2415.02 0.65
2417.02 207.3
2419.02 17.13
2421.02 231.9
2423.01 263.7
2425.01 0.67
2427.01 228.7
2429.02 22.13
2431.02 190.89
2433.02 255.04
2435.02 271.3
2437.01 250.93
2439.02 0.66
2441.01 275.49
2443.01 0.63
2445.02 316.83
2447.01 355.34
2449.01 0.62
2451.01 537.69
2453.26 0.61
2455.26 322.34
2457.26 496.43
2459.27 478.12
2461.26 57.34
2463.26 6.08
2465.27 604.72
2467.27 9.92
2469.27 550.78
2471.27 367.88
2473.27 0.61
2475.27 342.76
2477.27 22.4
2479.28 662.11
2481.27 244.63
2483.26 405.47
2485.26 257.92
2487.26 3.81
2489.26 371.08
2491.26 5.46
2493.27 287.37
2495.27 7.23
2497.28 2.43
2499.26 132.11
2501.27 0.6
2503.28 295.21
2505.26 217.61
2507.26 291.19
2509.26 304.29
2511.27 0.57
2513.27 127.96
2515.26 19.37
2517.26 95.03
2519.27 125.82
2521.26 0.7
2523.26 118.69
2525.27 92.07
2527.28 123.2
2529.26 155.92
