0.0 2.85
0.51 0.16
1.04 3.62
1.96 0.36
3.67 1.44
5.31 1.89
6.61 5.93
7.61 0.51
9.56 4.75
11.45 5.83
12.65 4.32
14.9 2.75
16.42 3.3
18.39 1.13
20.64 0.88
22.6 1.33
24.98 1.19
26.32 5.91
28.39 5.68
30.41 0.87
32.39 5.11
34.39 0.59
36.41 4.63
38.38 4.46
40.38 0.86
42.28 5.99
44.4 0.97
46.38 1.07
48.31 4.01
51.18 1.06
54.32 2.84
55.99 0.65
57.32 0.8
59.44 2.42
61.65 2.32
63.5 2.96
65.95 2.96
67.85 2.93
69.55 2.59
71.6 0.92
73.57 2.88
75.71 0.4
77.97 1.61
80.01 0.43
81.64 2.99
83.78 3.13
85.23 1.19
86.86 2.69
88.99 0.76
90.91 2.87
93.04 2.88
94.98 2.5
97.03 2.88
99.84 1.06
101.43 2.8
103.49 0.78
105.53 0.63
107.59 2.88
109.63 0.7
111.61 0.78
114.69 0.77
115.86 3.12
117.14 0.65
119.14 0.03
120.6 2.21
122.39 2.69
124.4 1.0
126.38 1.15
128.39 1.79
130.39 2.23
132.41 2.65
134.39 2.95
136.41 2.99
138.89 2.79
141.09 0.44
143.24 2.89
144.89 5.8
146.9 2.77
148.96 3.3
151.4 1.23
153.22 2.59
155.15 2.79
157.1 0.11
158.57 2.82
161.14 0.2
162.54 2.3
164.39 0.36
166.38 2.08
168.39 0.76
170.39 0.6
172.39 2.69
174.38 2.87
176.38 1.01
178.38 5.16
180.38 0.69
182.39 5.43
184.39 0.23
186.39 0.89
188.38 5.56
190.4 0.65
192.39 3.7
194.37 1.15
199.9 2.77
202.79 4.38
203.74 0.5
205.49 1.93
207.19 3.64
208.6 0.48
