0.0 3.12
1.36 3.12
2.65 2.38
4.78 2.24
8.82 0.01
10.23 1.68
10.95 2.06
11.56 2.87
12.26 2.98
13.67 2.8
15.98 1.45
18.4 2.39
21.11 1.89
22.89 1.96
28.2 0.21
29.03 2.18
30.06 2.96
31.06 2.98
32.49 2.52
34.28 1.38
35.89 1.06
37.51 2.71
39.93 3.83
41.71 1.12
47.51 0.78
48.82 1.91
50.36 2.84
51.48 2.61
52.94 2.42
54.38 2.7
55.7 2.64
57.18 2.98
58.79 2.24
63.33 1.51
66.9 0.6
71.84 0.73
72.71 1.6
73.58 1.78
74.55 2.48
75.42 2.53
76.68 2.09
78.44 2.54
79.77 2.95
81.32 2.19
82.52 1.25
85.26 0.52
89.96 1.42
91.37 1.41
92.84 2.48
94.08 2.59
95.87 2.57
97.39 2.79
99.12 2.65
100.54 3.22
105.79 0.01
108.35 0.01
109.32 1.33
110.49 1.27
111.87 2.83
113.52 1.71
115.54 2.79
118.14 2.48
120.69 1.66
124.21 0.03
126.68 1.05
127.86 2.3
129.12 2.06
130.17 2.01
131.32 1.95
132.59 2.6
133.44 2.58
135.86 2.98
137.26 1.78
139.93 0.21
144.75 1.29
146.1 1.97
147.17 3.34
148.84 3.09
151.72 0.05
152.84 2.16
153.76 3.55
157.0 1.48
162.65 1.17
163.59 3.01
164.91 2.23
166.93 2.21
168.26 2.09
169.26 4.3
170.33 2.94
171.38 2.17
172.39 3.18
174.39 0.77
175.89 2.15
177.44 2.94
179.04 2.28
181.6 1.61
183.06 3.03
185.83 0.93
189.21 2.83
192.29 1.27
198.7 1.67
200.09 2.96
201.38 3.38
202.65 2.81
203.77 2.17
204.45 3.24
206.38 2.87
206.99 2.81
219.76 2.58
221.32 3.31
223.11 1.29
223.86 1.99
225.44 2.72
228.46 2.3
229.61 3.22
230.89 1.37
234.35 1.35
235.89 2.57
237.0 2.79
240.9 0.16
244.87 1.62
245.66 1.02
246.72 3.21
247.95 2.57
249.37 2.8
251.12 2.65
252.15 2.28
254.09 2.64
261.62 0.41
263.13 2.26
263.66 3.46
264.37 2.9
265.09 4.19
267.0 3.81
268.95 2.96
270.9 2.32
273.13 3.16
276.62 0.23
278.21 0.11
281.74 2.87
282.92 2.94
284.34 3.4
286.61 1.58
288.8 2.59
290.81 2.64
296.86 0.66
297.67 1.9
298.76 2.18
300.2 3.04
301.84 2.13
303.51 2.85
305.81 2.73
307.48 2.69
309.33 2.53
313.51 0.15
316.83 1.71
318.17 1.96
318.72 3.56
319.52 2.61
323.11 3.02
324.23 2.93
325.66 1.18
326.77 3.03
328.86 1.67
332.88 0.66
334.49 1.11
335.38 3.06
336.92 2.73
337.97 3.09
340.95 3.37
343.31 1.68
345.0 3.04
346.74 2.03
353.23 1.44
354.24 3.01
355.34 2.4
356.83 2.6
357.81 2.84
358.69 2.79
360.15 2.06
364.23 2.0
367.24 2.14
371.4 0.89
376.78 2.84
377.3 2.72
378.15 0.25
379.41 2.03
380.91 2.08
382.19 2.11
383.71 2.51
384.94 2.45
386.44 3.23
389.82 1.58
393.01 1.21
397.48 0.81
398.77 0.23
400.06 0.96
401.5 1.67
402.49 2.9
403.56 2.78
404.61 3.72
406.05 2.81
407.09 2.89
408.17 2.51
410.14 1.62
415.99 0.24
418.9 3.51
420.12 1.72
421.81 3.33
423.3 3.39
425.57 2.21
427.41 2.57
429.31 1.41
431.96 2.78
433.56 3.44
434.61 2.64
436.64 1.04
440.45 0.77
445.62 3.12
446.75 2.77
447.91 3.04
449.06 3.47
450.14 3.29
451.37 3.31
452.49 2.18
454.76 0.67
458.17 0.3
460.94 2.08
462.13 3.61
464.36 3.44
465.94 2.19
466.89 2.86
467.64 2.61
472.56 1.34
479.3 1.49
481.02 2.56
481.6 3.6
482.31 3.61
483.01 3.0
483.73 2.41
484.78 1.45
486.87 3.06
491.67 1.18
494.02 1.96
497.2 1.09
499.42 1.69
503.77 1.12
506.08 1.72
507.38 2.29
508.64 3.42
510.16 2.78
511.41 3.24
513.1 1.17
513.88 0.21
516.28 2.3
517.97 1.66
520.76 1.93
522.49 1.55
523.54 3.53
526.69 1.47
531.9 1.69
533.05 3.86
534.15 2.6
535.26 1.03
536.41 3.1
539.05 2.19
542.12 1.79
543.12 0.67
544.13 2.1
545.2 2.56
546.63 2.5
547.6 3.15
551.07 0.95
552.92 2.26
554.89 1.24
556.88 2.18
558.41 1.55
559.93 0.71
560.79 1.38
563.04 0.49
566.43 1.61
569.79 0.29
572.77 1.23
574.63 3.47
576.41 2.79
577.69 2.92
579.73 2.04
580.6 2.39
581.86 1.31
582.88 2.64
585.03 1.11
587.03 1.25
589.0 2.8
591.04 2.44
593.07 2.25
595.49 3.13
599.23 1.72
600.77 1.89
601.36 3.39
603.03 0.21
605.03 1.7
607.03 1.21
609.07 0.18
611.02 1.59
612.87 3.34
618.32 1.85
619.97 2.43
623.06 1.97
626.06 2.26
629.02 2.15
631.05 3.0
633.41 0.22
637.49 0.39
639.62 1.58
641.15 3.44
642.08 3.01
642.97 2.38
644.23 2.36
645.82 2.91
647.9 2.73
649.54 2.97
654.0 2.28
655.69 3.63
659.29 0.6
663.91 1.12
665.83 1.24
666.45 1.2
668.33 3.33
669.3 3.39
670.33 2.15
671.34 3.17
672.33 3.34
673.25 3.44
674.79 0.15
683.07 3.15
684.43 3.31
685.1 2.74
686.0 3.22
686.84 2.96
688.0 3.29
690.0 2.29
691.99 1.58
694.08 2.4
696.0 2.3
697.93 0.34
701.39 0.7
705.14 1.28
706.39 1.99
707.77 2.94
709.25 2.81
711.56 1.69
716.68 1.77
722.84 0.18
724.91 2.39
725.83 3.32
726.69 2.98
727.53 2.26
729.32 2.33
731.2 3.19
732.9 3.31
738.38 0.3
740.08 2.16
741.2 1.86
742.28 0.75
743.89 1.38
745.11 2.04
745.99 2.26
747.17 1.97
747.7 2.14
748.79 2.82
750.68 2.93
752.87 1.35
755.99 1.51
759.51 2.86
761.03 2.34
761.74 3.14
763.74 3.67
765.76 2.69
767.74 3.24
769.74 2.03
771.74 1.96
773.74 3.1
775.74 0.31
779.66 1.3
