0.0 18.73
0.61 12.49
1.17 6.13
1.68 17.85
2.3 21.01
2.81 27.0
4.51 26.22
6.51 29.08
8.51 25.17
10.51 25.17
12.51 25.17
14.51 25.17
16.51 23.5
18.51 0.38
20.51 26.54
22.51 31.72
24.49 0.05
26.51 13.05
28.51 26.08
30.51 1.11
32.51 26.28
34.51 20.9
36.51 27.48
38.51 33.96
40.51 30.0
42.51 29.51
44.51 29.64
46.51 2.89
48.51 12.71
50.51 28.63
52.51 30.75
54.51 31.51
56.51 27.4
58.51 23.96
60.51 34.13
62.51 38.98
64.51 38.61
66.51 44.99
68.51 57.02
70.51 58.41
72.51 54.65
74.51 73.35
76.51 73.35
78.51 85.78
80.51 88.34
82.51 62.52
84.51 88.37
86.51 88.98
88.51 0.53
90.51 88.8
92.51 28.85
94.51 93.31
96.51 77.82
98.51 77.82
100.51 93.66
102.61 92.54
104.51 91.33
106.52 86.6
108.51 89.65
110.51 77.47
112.76 93.53
114.76 89.19
116.76 89.19
118.76 89.19
120.76 89.19
122.76 80.87
124.58 79.4
126.76 85.45
128.76 81.76
130.76 85.17
132.76 69.73
134.76 87.41
136.76 87.41
138.76 87.41
140.76 89.47
142.76 89.47
144.76 89.47
146.76 34.04
148.58 84.91
150.76 95.88
152.76 93.19
154.76 83.92
156.76 88.79
158.76 90.12
160.76 89.27
162.76 75.43
164.76 81.63
166.76 92.87
168.76 94.41
170.76 79.78
172.58 77.41
174.76 86.18
176.76 92.25
178.76 87.11
180.76 85.83
182.76 88.92
184.76 88.92
186.76 88.92
188.76 87.22
190.76 88.03
192.76 90.92
194.76 83.13
196.76 91.31
198.76 91.31
200.76 91.31
202.76 80.79
204.76 87.26
206.76 26.09
208.76 91.09
210.76 85.49
212.76 85.25
214.76 85.25
216.76 89.31
218.76 91.63
220.76 91.96
222.78 74.57
224.76 20.09
226.76 46.04
228.76 93.42
230.76 69.42
232.76 90.17
234.76 59.09
236.76 93.21
238.76 71.91
240.76 71.91
242.76 81.13
244.76 81.13
246.77 75.92
248.76 88.54
250.76 88.54
252.77 92.14
254.76 90.53
256.76 88.6
258.77 89.31
260.76 86.32
262.76 90.54
264.76 93.84
266.76 91.73
268.76 91.64
270.76 89.58
272.76 92.51
274.76 90.27
276.77 90.5
278.76 94.31
280.76 93.61
282.76 90.26
284.76 59.44
286.76 94.77
288.76 90.32
290.76 92.68
292.76 89.31
294.77 91.65
