0.0 57.36
0.55 63.8
2.55 63.8
4.57 89.03
6.56 85.42
8.56 109.2
10.57 94.27
12.57 108.52
14.57 81.55
16.57 14.44
18.57 99.47
20.58 121.78
22.58 100.29
24.58 107.6
26.58 120.61
28.58 120.61
30.59 14.5
32.59 72.4
34.59 104.76
36.59 104.76
38.59 104.76
40.6 104.76
42.6 35.8
44.6 55.76
46.6 65.03
48.6 64.05
50.6 70.64
52.62 80.34
54.61 18.46
56.61 87.49
58.61 71.93
60.62 77.6
62.62 55.24
64.62 67.56
66.62 97.83
68.63 49.43
70.63 96.49
72.63 84.97
74.63 121.93
76.63 113.51
78.64 1.29
80.64 116.64
82.64 102.53
84.65 13.62
86.65 103.33
88.64 117.08
90.64 123.62
92.65 141.74
94.65 127.8
96.66 138.49
98.66 14.71
100.66 134.55
102.66 13.56
104.66 123.75
106.66 127.91
108.67 12.42
110.67 119.47
112.67 130.05
114.67 126.66
116.68 1.28
118.68 109.17
120.68 76.95
122.68 11.93
124.69 58.12
126.68 11.94
128.69 151.01
130.7 127.07
132.69 13.82
134.69 134.46
136.69 1.96
138.7 128.3
140.7 0.94
142.7 107.4
144.7 94.27
146.71 12.94
148.71 145.53
150.71 10.83
152.71 134.76
154.71 151.28
156.72 14.0
158.72 153.59
160.72 8.71
162.72 134.27
164.72 13.55
166.72 140.06
168.73 151.94
170.74 14.93
172.73 146.11
174.73 11.21
176.73 152.6
178.74 119.32
180.75 160.4
182.74 63.82
184.75 6.93
186.74 128.05
188.75 1.64
190.75 153.62
192.75 141.7
194.75 14.74
196.76 119.65
198.76 15.84
200.77 135.18
202.77 127.44
204.76 132.67
206.76 119.68
208.76 1.0
210.77 107.61
212.77 14.33
214.77 120.44
216.78 141.62
218.78 141.62
220.78 126.92
222.78 3.59
224.78 134.32
226.78 117.22
228.79 111.46
230.79 129.4
232.79 129.4
234.79 141.35
236.8 6.97
238.8 108.91
240.8 142.99
242.8 12.44
244.82 132.2
246.82 2.39
248.82 119.7
250.83 101.07
252.83 113.65
254.83 120.77
256.83 15.63
258.83 107.79
260.84 14.34
262.84 121.99
264.84 125.09
266.84 15.08
268.85 114.15
270.85 9.02
272.85 108.42
274.87 122.59
276.86 119.35
278.86 125.79
280.87 3.73
282.88 142.54
284.88 15.59
286.88 114.31
288.88 126.95
290.88 12.21
292.88 110.49
294.89 14.14
296.89 136.4
298.89 149.07
300.9 78.39
302.89 142.8
304.9 16.65
306.9 86.75
308.9 1.62
310.9 142.65
312.9 156.61
314.92 14.3
316.91 142.67
318.91 11.47
320.91 149.89
322.92 149.17
324.92 134.88
326.92 102.2
328.92 13.58
330.93 155.18
332.93 11.97
334.93 157.52
336.93 142.07
338.93 13.52
340.93 114.01
342.94 14.08
344.94 101.93
346.94 117.8
348.94 97.62
350.94 103.64
352.95 2.01
354.95 142.16
356.95 2.04
358.95 137.99
360.95 97.62
362.96 14.62
364.96 68.42
366.96 14.26
368.96 84.03
370.96 84.03
372.97 75.74
374.97 75.09
376.97 75.09
378.97 80.42
380.98 80.42
382.98 89.71
384.98 83.45
386.98 83.45
388.98 65.26
390.99 65.26
392.99 50.53
394.99 69.78
397.0 104.58
399.0 100.11
401.01 92.09
403.01 83.05
405.02 133.38
407.02 109.59
409.03 75.56
411.02 104.67
413.02 118.05
415.03 1.6
417.03 119.93
419.03 133.25
421.03 149.32
423.04 147.39
425.04 11.45
427.04 128.17
429.04 14.1
431.04 65.37
433.04 59.95
435.05 14.23
437.05 118.81
439.05 88.92
441.05 1.21
443.06 130.18
445.06 121.74
447.06 84.16
449.06 93.96
451.07 93.96
453.06 14.18
455.07 98.56
457.07 97.67
459.07 12.9
461.07 111.48
463.08 5.36
465.08 106.23
467.08 14.98
469.08 136.26
471.08 138.25
473.08 13.87
475.09 133.4
477.09 14.43
479.09 123.5
481.09 102.65
483.1 15.49
485.1 91.04
487.1 13.53
489.1 123.73
491.1 119.45
493.11 119.45
495.11 88.99
497.12 15.5
499.12 114.32
501.11 100.9
503.12 107.33
505.12 107.33
507.12 101.98
509.12 97.08
511.12 14.54
513.12 113.53
515.13 118.19
517.13 111.29
519.13 94.67
521.13 16.06
523.13 75.18
525.14 75.18
527.14 109.76
529.14 85.19
531.14 116.58
533.15 116.58
535.15 1.38
537.15 106.52
539.15 12.99
541.15 104.04
543.16 107.34
545.16 95.35
547.16 103.46
549.16 15.11
551.17 82.44
553.17 84.47
555.17 16.25
557.17 80.58
559.17 84.73
561.17 75.79
563.18 81.67
565.18 65.99
567.18 105.08
569.19 105.67
571.18 109.6
573.19 13.98
575.19 105.09
577.19 87.17
579.19 106.45
581.19 111.79
583.2 13.34
585.2 95.44
587.2 14.2
589.2 95.08
591.2 95.55
593.2 13.18
595.21 98.99
597.21 12.07
599.21 99.26
601.21 117.36
603.22 100.0
605.22 104.83
607.23 117.74
609.22 112.65
611.22 14.93
613.24 129.19
615.23 119.34
617.23 110.49
619.23 90.59
621.24 77.24
623.24 77.24
625.24 77.24
627.24 77.24
629.24 63.31
631.24 14.96
633.25 65.37
635.25 63.35
637.25 56.18
639.25 63.0
641.25 46.11
643.26 51.39
645.26 65.11
647.26 64.33
649.26 61.41
651.26 72.97
653.27 60.88
655.27 55.04
657.27 66.97
659.28 51.82
661.28 47.71
663.28 52.02
665.29 58.97
667.28 12.37
669.28 85.59
671.28 78.08
673.3 82.04
675.29 75.59
677.29 80.95
679.29 87.14
681.3 78.27
683.3 83.87
685.3 55.33
687.3 86.72
689.31 74.3
691.31 100.82
693.31 92.02
695.31 103.31
697.31 77.47
699.32 92.75
701.32 97.64
703.32 75.83
705.32 95.9
707.32 99.76
709.32 89.94
711.33 105.32
713.33 87.59
715.34 93.04
717.33 106.32
719.33 104.35
721.34 109.85
723.34 79.02
725.34 103.82
727.34 120.85
729.35 116.96
731.35 130.01
733.36 109.85
735.35 109.85
737.36 11.37
739.36 125.19
741.36 14.13
743.36 129.25
745.37 101.57
747.36 134.71
749.36 138.55
751.37 12.92
753.37 47.2
755.37 14.4
757.37 88.63
759.38 125.33
761.38 12.47
763.38 97.49
765.38 13.42
767.38 125.3
769.39 151.32
771.39 114.21
773.39 97.6
775.4 14.69
777.4 60.12
779.4 13.15
781.41 40.3
783.41 42.35
785.41 54.05
787.41 65.32
789.43 77.58
791.42 95.01
793.42 68.58
795.42 91.8
797.42 91.8
799.43 91.8
801.44 104.02
803.44 104.02
805.44 105.54
807.44 108.63
809.44 79.62
811.44 110.12
813.45 110.03
815.45 119.27
817.45 113.87
819.45 134.63
821.46 82.73
823.46 14.18
825.46 85.46
827.46 104.64
829.46 99.67
831.48 104.12
833.47 80.5
835.47 101.95
837.47 98.72
839.48 110.09
841.47 14.52
843.48 97.7
845.48 28.74
847.48 113.07
849.48 108.28
851.49 14.14
853.49 30.01
855.49 48.79
857.49 14.27
859.49 122.73
861.49 68.95
863.5 143.48
865.5 15.3
867.5 154.15
869.5 113.41
871.51 5.33
873.51 4.48
875.51 14.93
877.51 91.46
879.52 78.93
881.52 4.22
883.52 114.95
885.52 103.73
887.52 67.44
889.52 80.71
891.53 93.72
893.53 94.57
895.53 73.83
897.53 109.89
899.53 13.97
901.54 72.55
903.55 118.5
905.54 105.73
907.54 119.05
909.55 104.45
911.54 112.97
913.56 126.37
915.55 96.07
917.55 117.03
919.56 101.06
921.56 122.43
923.57 118.34
925.56 98.39
927.56 116.98
929.57 126.22
931.57 162.83
933.57 14.78
935.57 128.2
937.57 11.87
939.57 100.18
941.57 147.29
943.58 13.45
945.58 135.47
947.58 14.65
949.58 130.82
951.59 145.28
953.59 144.55
955.59 133.91
957.59 11.1
959.6 152.27
961.6 10.84
963.6 143.96
965.6 145.51
967.6 13.92
969.6 143.76
971.61 4.2
973.61 164.85
975.61 110.38
977.61 16.3
979.62 154.72
981.62 9.06
983.62 168.83
985.62 1.47
987.62 140.71
989.63 138.61
991.63 16.11
993.63 153.55
995.64 11.68
997.64 157.37
999.63 120.74
1001.64 16.93
1003.64 164.96
1005.64 14.69
1007.65 154.79
1009.65 1.59
1011.65 176.28
1013.65 173.06
1015.66 14.7
1017.65 159.26
1019.66 12.67
1021.66 84.24
1023.66 87.27
1025.66 15.45
1027.66 144.73
1029.67 1.76
1031.67 157.24
1033.67 11.71
1035.67 164.25
1037.67 103.74
1039.68 15.84
1041.68 154.41
1043.68 3.21
1045.68 95.51
1047.69 104.29
1049.69 101.72
1051.69 159.66
1053.69 15.12
1055.7 110.68
1057.7 13.13
1059.7 111.98
1061.7 133.67
1063.7 138.08
1065.7 137.83
1067.7 97.77
1069.71 140.63
1071.71 136.86
1073.72 113.44
1075.71 143.15
1077.72 15.69
1079.72 99.01
1081.72 1.27
1083.72 126.05
1085.72 104.07
1087.73 15.27
1089.73 143.89
1091.73 11.95
1093.73 155.1
1095.73 170.91
1097.74 150.13
1099.74 150.86
1101.75 15.4
1103.74 26.62
1105.74 14.82
1107.75 142.19
1109.75 108.48
1111.75 13.79
1113.75 134.24
1115.75 1.01
1117.76 99.49
1119.76 101.6
1121.76 133.58
1123.76 147.71
1125.76 14.28
1127.77 110.32
1129.77 123.12
1131.77 105.85
1133.77 116.2
1135.77 14.15
1137.78 98.67
1139.78 0.8
1141.78 113.29
1143.78 121.31
1145.79 123.13
1147.79 116.98
1149.79 103.67
1151.79 115.53
1153.79 1.6
1155.79 131.04
1157.8 135.55
1159.8 129.65
1161.81 121.88
1163.8 123.3
1165.8 123.3
1167.81 119.16
1169.81 86.0
1171.81 115.47
1173.81 11.88
1175.81 98.69
1177.82 1.6
1179.82 127.03
1181.82 133.63
1183.82 14.0
1185.82 145.35
1187.83 12.43
1189.83 146.99
1191.83 106.08
1193.83 135.27
1195.84 151.0
1197.84 12.24
1199.84 172.68
1201.84 11.95
1203.84 155.41
1205.85 179.43
1207.85 15.79
1209.85 171.68
1211.87 15.55
1213.85 114.63
1215.86 148.01
1217.86 151.71
1219.86 114.0
1221.87 2.18
1223.86 113.65
1225.86 14.08
1227.87 98.57
1229.87 106.32
1231.88 14.28
1233.88 84.76
1235.88 13.58
1237.88 112.57
1239.88 15.22
1241.88 90.19
1243.88 87.29
1245.89 106.82
1247.89 77.25
1249.89 14.95
1251.89 118.53
1253.89 114.83
1255.89 96.18
1257.9 109.71
1259.9 7.6
1261.9 109.87
1263.9 115.53
1265.91 111.98
1267.91 91.67
1269.91 124.09
1271.91 105.24
1273.92 1.05
1275.92 79.2
1277.92 74.5
1279.92 13.66
1281.92 93.51
1283.92 82.17
1285.92 82.17
1287.93 126.92
1289.93 96.64
1291.93 96.64
1293.93 96.64
1295.94 95.7
1297.94 14.49
1299.94 105.97
1301.94 102.07
1303.94 13.67
1305.95 118.55
1307.95 112.12
1309.95 106.27
1311.95 95.24
1313.96 106.73
1315.96 86.94
1317.96 14.31
1319.96 85.84
1321.96 11.56
1323.97 118.32
1325.97 77.83
1327.98 68.22
1329.97 125.93
1331.97 1.0
1333.98 113.57
1335.98 125.39
1337.98 125.39
1339.98 125.39
1341.98 94.17
1343.98 114.93
1345.99 13.91
1347.99 92.16
1349.99 116.64
1351.99 87.41
1354.0 65.45
1356.0 90.56
1358.0 109.18
1360.0 117.53
1362.0 135.08
1364.01 102.13
1366.01 15.55
1368.01 154.27
1370.01 15.66
1372.02 166.24
1374.02 112.12
1376.02 154.81
1378.02 164.1
1380.02 3.29
1382.02 143.6
1384.03 15.08
1386.03 113.75
1388.03 155.11
1390.03 14.33
1392.03 168.26
1394.03 1.34
1396.04 123.52
1398.04 97.71
1400.04 17.4
1402.04 52.75
1404.05 2.19
1406.05 92.75
1408.05 109.57
1410.07 108.59
1412.05 99.3
1414.06 98.05
1416.06 0.03
1418.06 111.49
1420.07 126.88
1422.06 130.09
1424.07 111.49
1426.07 132.74
1428.07 12.18
1430.07 38.42
1432.07 124.41
1434.08 124.41
1436.08 126.51
1438.08 14.38
1440.08 86.25
1442.08 12.66
1444.09 99.46
1446.09 93.74
1448.09 99.69
1450.09 97.61
1452.09 106.44
1454.1 106.31
1456.1 96.6
1458.1 108.43
1460.11 115.52
1462.1 106.73
1464.11 74.54
1466.11 83.96
1468.11 128.7
1470.11 112.73
1472.11 90.37
1474.12 131.18
1476.12 13.73
1478.12 85.49
1480.13 12.6
1482.13 28.45
1484.13 124.98
1486.13 13.4
1488.13 125.6
1490.13 126.58
1492.14 122.13
1494.14 119.66
1496.14 109.41
1498.14 112.3
1500.14 1.35
1502.14 123.18
1504.15 13.95
1506.15 133.44
1508.15 141.08
1510.15 1.31
1512.16 109.46
1514.16 1.48
1516.16 159.1
1518.16 153.55
1520.16 128.37
1522.17 132.99
1524.17 12.52
1526.17 146.88
1528.17 13.85
1530.17 135.05
1532.18 130.82
1534.18 14.33
1536.19 142.22
1538.18 3.03
1540.18 135.95
1542.19 102.38
1544.19 151.54
1546.19 141.66
1548.19 14.36
1550.2 138.57
1552.2 12.76
1554.2 145.49
1556.21 158.02
1558.21 14.73
1560.21 152.53
1562.21 1.27
1564.21 138.53
1566.21 142.84
1568.21 91.15
1570.21 164.22
1572.22 13.47
1574.22 140.34
1576.22 14.17
1578.22 108.34
1580.22 103.16
1582.23 14.13
1584.23 124.49
1586.23 13.94
1588.24 141.19
1590.24 114.2
1592.24 107.88
1594.24 120.42
1596.24 1.35
1598.24 131.78
1600.25 128.49
1602.26 132.48
1604.25 123.79
1606.26 12.29
1608.25 128.65
1610.25 2.35
1612.25 150.74
1614.26 107.04
1616.26 135.48
1618.26 135.48
1620.26 2.29
1622.27 131.07
1624.27 13.91
1626.27 157.31
1628.27 157.31
1630.28 14.44
1632.28 106.77
1634.28 1.65
1636.28 141.38
1638.28 15.41
1640.29 147.15
1642.29 147.15
1644.29 6.93
1646.29 108.87
1648.29 13.92
1650.3 134.85
1652.3 142.72
1654.3 15.21
1656.3 147.55
1658.3 1.26
1660.31 136.43
1662.31 14.55
1664.31 108.23
1666.31 138.71
1668.31 1.73
1670.32 142.16
1672.32 14.44
1674.32 128.55
1676.32 119.76
1678.32 12.56
1680.33 141.02
1682.33 2.54
1684.33 135.05
1686.33 129.39
1688.34 121.46
1690.34 136.57
1692.34 8.72
1694.34 86.3
1696.34 13.44
1698.35 140.57
1700.35 5.73
1702.35 12.74
1704.35 113.59
1706.35 12.41
1708.36 127.14
1710.36 12.11
1712.36 0.47
1714.36 138.32
1716.37 2.89
1718.37 90.82
1720.37 12.26
1722.37 125.26
1724.37 127.22
1726.37 89.38
1728.37 100.98
1730.38 1.42
1732.38 117.52
1734.38 14.29
1736.38 126.43
1738.39 123.31
1740.39 98.91
1742.39 112.19
1744.39 13.13
1746.39 96.28
1748.4 124.7
1750.4 104.4
1752.4 90.65
1754.4 128.56
1756.4 105.91
1758.41 13.67
1760.41 132.38
1762.41 121.08
1764.41 118.99
1766.41 70.35
1768.42 14.28
1770.42 41.85
1772.42 111.65
1774.43 75.21
1776.42 78.92
1778.43 69.39
1780.43 88.06
1782.43 13.12
1784.43 159.55
1786.44 153.71
1788.44 64.25
1790.44 51.64
1792.44 61.39
1794.45 54.51
1796.45 61.47
1798.45 61.15
1800.45 79.53
1802.46 63.67
1804.46 67.44
1806.47 90.18
1808.48 99.23
1810.48 84.39
1812.48 99.67
1814.48 82.51
1816.48 82.51
1818.48 100.18
1820.49 105.31
1822.49 92.46
1824.49 113.7
1826.49 65.16
1828.49 112.11
1830.5 12.15
1832.5 94.2
1834.5 94.2
1836.5 2.2
1838.5 135.57
1840.51 135.57
1842.51 135.57
1844.51 135.13
1846.51 79.97
1848.51 124.0
1850.52 1.81
1852.52 127.09
1854.52 11.57
1856.52 139.29
1858.52 107.35
1860.53 10.59
1862.53 124.06
1864.53 10.6
1866.53 76.96
1868.53 165.45
1870.54 78.04
1872.54 151.03
1874.55 15.64
1876.54 87.69
1878.55 14.3
1880.55 133.2
1882.55 131.53
1884.55 121.64
1886.55 131.27
1888.55 128.64
1890.56 130.68
1892.56 141.49
1894.56 101.12
1896.56 93.51
1898.56 15.9
1900.57 141.48
1902.57 134.16
1904.57 146.16
1906.57 99.02
1908.57 4.1
1910.58 134.96
1912.58 13.65
1914.58 126.31
1916.59 113.14
1918.58 130.64
1920.59 117.78
1922.59 86.94
1924.59 97.62
1926.59 122.81
1928.6 145.32
1930.6 123.34
1932.6 14.07
1934.61 98.38
1936.61 7.88
1938.6 122.55
1940.61 112.76
1942.61 106.18
1944.61 132.71
1946.61 127.04
1948.62 120.9
1950.62 1.3
1952.62 122.96
1954.62 113.72
1956.62 102.79
1958.62 98.14
1960.63 1.29
1962.63 119.75
1964.63 141.85
1966.64 154.15
1968.64 126.12
1970.65 14.48
1972.64 140.05
1974.65 12.5
1976.64 103.75
1978.64 121.96
1980.65 13.65
1982.65 104.75
1984.65 12.21
1986.65 121.97
1988.66 102.84
1990.66 11.75
1992.66 114.6
1994.66 10.03
