0.0 0.38
0.72 44.13
2.73 5.84
4.6 7.93
6.72 22.65
8.72 75.94
10.73 70.48
12.72 76.13
14.71 76.13
16.72 76.13
18.72 66.1
20.73 66.1
22.72 68.02
24.72 76.05
26.73 75.07
28.57 85.54
30.72 70.06
32.72 59.37
34.73 71.77
36.72 85.07
38.72 96.49
40.72 92.35
42.72 89.25
44.72 96.02
46.73 82.72
48.73 69.32
50.73 16.53
52.72 103.23
54.72 51.48
56.72 101.31
58.72 113.71
60.72 59.14
62.72 82.4
64.72 91.87
66.72 52.49
68.72 69.28
70.72 69.28
72.72 95.87
74.72 95.87
76.73 52.85
78.72 89.43
80.72 89.43
82.72 81.53
84.72 93.99
86.71 93.99
88.72 93.99
90.72 74.81
92.73 61.84
94.72 80.66
96.72 80.66
98.72 80.66
100.72 80.66
102.73 93.35
104.73 93.35
106.71 83.3
108.72 45.72
110.72 96.46
112.72 96.46
114.72 96.46
116.72 92.09
118.72 96.48
120.73 96.48
122.71 82.12
124.71 82.12
126.72 80.94
128.72 80.94
130.72 80.94
132.72 93.76
134.72 102.01
136.73 102.01
138.72 102.01
140.72 102.01
142.73 102.01
144.72 102.01
146.72 102.01
148.71 102.01
150.71 102.01
152.72 102.01
154.71 102.01
156.72 102.01
158.71 86.07
160.72 86.07
162.71 86.07
164.72 86.07
166.72 79.55
168.72 79.55
170.72 79.55
172.71 79.55
174.71 79.55
176.71 71.25
178.72 74.22
180.72 78.57
182.72 72.11
184.96 80.91
186.79 80.91
188.96 78.14
190.96 75.83
192.96 75.83
194.96 75.83
196.96 72.75
198.97 84.23
200.97 84.23
202.97 10.52
204.97 80.75
206.97 76.0
208.96 99.06
210.81 84.84
212.97 126.6
214.97 109.27
216.97 8.15
218.97 71.03
220.97 75.59
222.96 98.22
224.97 98.22
226.96 102.96
228.97 91.44
230.96 84.74
232.97 84.74
234.81 84.74
236.97 84.74
238.97 53.21
240.97 48.43
242.97 56.36
244.96 47.29
246.96 33.56
248.96 69.95
250.97 51.51
252.96 69.59
254.96 69.59
256.96 66.8
258.79 63.91
260.96 63.91
262.97 63.91
264.97 50.37
266.96 50.37
268.96 60.74
270.96 78.75
272.97 75.71
274.97 78.09
276.96 55.72
278.97 67.51
