0.0 193.69
0.89 161.63
2.89 14.09
4.89 204.33
6.89 13.76
8.89 197.13
10.89 141.27
12.89 203.05
14.89 206.47
16.89 13.65
18.89 150.79
20.89 9.99
22.89 143.28
24.89 151.49
26.89 0.76
28.89 262.27
30.89 7.12
32.89 240.88
34.89 151.85
36.89 296.79
38.89 191.27
40.89 5.11
42.9 165.26
44.89 8.32
46.89 103.26
49.14 140.61
50.89 157.09
52.9 158.57
55.14 3.51
57.14 141.81
58.93 0.62
61.15 110.57
63.14 171.35
65.14 7.4
67.14 154.27
69.14 163.37
71.14 161.54
73.14 149.69
75.14 105.08
77.14 107.92
79.15 0.72
81.15 132.4
82.93 0.59
85.15 106.78
87.13 193.88
89.15 0.69
91.15 155.67
93.15 1.71
95.13 202.74
97.13 189.75
99.13 214.24
101.13 170.46
103.13 3.82
105.13 121.17
107.13 0.49
109.13 215.54
111.13 186.63
113.13 6.91
115.13 202.47
117.13 0.67
119.13 180.93
121.13 255.49
123.13 220.88
125.14 232.7
127.14 0.67
129.14 293.24
131.14 14.35
133.14 285.5
135.14 244.42
137.14 0.72
139.14 324.87
141.14 12.1
143.14 240.85
145.14 184.09
147.14 292.94
149.14 346.23
151.14 0.67
153.14 334.14
155.14 4.85
157.14 335.64
159.14 367.81
161.14 8.78
163.14 353.66
165.14 2.6
167.14 330.57
169.14 298.4
171.14 276.72
173.14 271.11
175.14 10.22
177.14 338.11
179.14 0.7
181.14 341.78
183.14 317.57
185.14 9.1
187.14 226.05
189.14 10.83
191.14 318.92
193.14 298.29
195.14 365.14
197.14 340.11
199.14 12.41
201.14 323.44
203.14 3.44
205.14 317.42
207.14 332.8
209.14 0.7
211.14 298.56
213.14 18.41
215.14 341.73
217.14 351.95
219.14 297.85
221.14 352.16
223.14 2.11
225.14 365.19
227.14 9.64
229.14 310.17
231.14 338.96
233.14 0.6
235.14 341.56
237.14 5.75
239.14 324.58
241.14 321.64
243.14 229.88
245.14 235.26
247.14 0.52
249.14 477.87
251.14 0.66
253.14 322.88
255.15 316.54
257.15 22.17
259.14 440.35
261.15 17.21
263.14 388.88
265.14 217.11
267.15 354.45
269.14 386.48
271.15 0.69
273.15 425.39
275.15 10.68
277.15 372.34
279.14 393.46
281.15 0.69
283.15 383.25
285.15 0.64
287.15 422.18
289.4 346.89
291.4 388.54
293.4 363.99
295.4 0.69
297.4 398.05
299.4 0.64
301.4 391.32
303.4 332.32
305.4 6.17
307.4 162.42
309.4 11.95
311.4 349.93
313.4 309.29
315.4 209.5
317.4 237.09
319.41 12.33
321.41 199.52
323.4 0.69
325.4 158.48
327.4 195.45
329.4 0.56
331.4 147.22
333.4 23.02
335.4 170.31
337.4 177.8
339.38 186.63
341.38 170.46
343.4 0.62
345.39 143.83
347.39 10.06
349.38 264.84
351.38 159.9
353.38 1.55
355.39 217.31
357.38 4.17
359.39 183.84
361.4 246.05
363.39 240.92
365.39 352.52
367.39 0.85
369.39 277.23
371.39 11.07
373.39 226.28
375.39 320.15
377.39 14.81
379.39 350.77
381.39 0.66
383.39 385.74
385.39 408.01
387.39 352.82
389.39 302.11
391.39 10.18
393.39 322.52
395.39 17.26
397.39 326.03
399.39 299.6
401.39 308.94
403.39 419.83
405.39 12.69
407.39 371.85
409.39 357.24
411.39 355.41
413.39 425.55
415.39 17.77
417.39 27.99
419.39 53.35
421.39 80.12
423.39 82.03
425.39 65.62
427.39 115.15
429.39 0.64
431.39 159.24
433.39 141.14
435.39 141.27
437.39 177.53
439.39 14.01
441.39 155.88
443.39 11.37
445.39 94.64
447.39 171.14
449.4 1.97
451.39 175.06
453.39 0.65
455.39 113.44
457.39 244.33
459.39 267.14
461.39 284.48
463.4 3.87
465.39 232.62
467.4 1.45
469.4 290.65
471.4 308.01
473.4 0.71
475.4 315.78
477.4 11.48
479.4 304.23
481.4 363.29
483.4 355.42
485.4 322.67
487.4 0.64
489.4 361.48
491.4 2.64
493.4 348.37
495.4 316.97
497.4 0.73
499.4 355.56
501.4 11.39
503.4 235.15
505.4 321.99
507.4 363.5
509.4 411.87
511.4 12.69
513.4 213.37
515.4 6.03
517.4 199.61
519.4 265.76
521.4 1.64
523.65 205.73
525.65 6.76
527.65 154.79
529.43 0.63
531.65 134.46
533.65 137.0
535.65 1.43
537.65 115.45
539.66 138.36
541.65 143.47
543.65 188.52
545.65 192.15
547.65 185.97
549.65 13.95
551.65 199.2
553.43 1.45
555.65 89.27
557.65 53.74
559.65 2.23
561.65 62.79
563.65 58.92
565.65 86.63
567.65 65.36
569.65 92.35
571.65 128.35
573.65 10.4
575.65 121.17
577.65 0.71
579.65 172.13
581.66 190.43
583.66 13.21
585.65 162.61
587.64 19.24
589.64 176.19
591.64 161.17
593.64 203.85
595.64 235.23
597.64 3.4
599.64 243.39
601.66 0.35
603.64 231.52
605.64 207.77
607.64 0.7
609.64 269.22
611.64 2.8
613.64 321.1
615.64 238.37
617.64 247.41
619.64 223.08
621.64 14.49
623.64 289.25
625.64 0.68
627.64 264.67
629.64 328.1
631.65 0.73
633.64 406.78
635.64 25.56
637.65 408.77
639.64 427.53
641.64 17.94
643.64 360.6
645.64 0.62
647.64 334.36
649.64 26.22
651.64 237.72
653.64 316.17
655.64 3.54
657.64 273.6
659.64 0.78
661.64 381.24
663.64 384.2
665.64 346.23
667.64 421.97
669.64 3.14
671.64 384.7
673.64 0.68
675.64 395.27
677.64 420.96
679.64 0.79
681.64 384.25
683.64 6.12
685.64 197.12
687.64 160.35
689.64 390.7
691.65 395.2
693.65 0.7
695.64 357.04
697.65 10.49
699.64 209.78
701.65 414.1
703.64 3.34
705.64 239.88
707.65 1.56
709.64 185.83
711.64 152.56
713.65 171.11
715.65 219.57
717.65 2.56
719.65 188.65
721.65 27.12
723.65 26.92
725.65 27.81
727.65 31.43
729.65 49.52
731.65 61.81
733.65 91.41
735.65 107.29
737.65 105.89
739.65 76.85
741.65 3.14
743.65 112.14
745.66 0.72
747.65 66.41
749.65 96.19
751.65 115.35
753.9 123.93
755.9 90.28
757.9 144.63
759.68 3.84
761.9 142.15
763.9 83.07
765.9 2.84
767.9 116.37
769.9 17.54
771.9 124.29
773.9 197.75
775.9 7.44
777.9 173.46
779.9 1.76
781.9 209.9
783.68 0.69
785.9 210.5
787.9 179.11
789.9 34.33
791.9 226.79
793.9 0.69
795.9 174.12
797.9 235.07
799.9 11.74
801.9 224.21
803.9 14.4
805.9 215.48
807.9 22.51
809.9 241.05
811.9 248.02
813.9 25.43
815.9 183.59
817.9 27.29
819.9 238.82
821.91 274.86
823.9 207.26
825.9 218.78
827.9 25.19
829.9 172.01
831.9 5.51
833.9 143.32
835.91 248.94
837.9 0.7
839.91 105.0
841.9 22.44
843.89 198.45
845.91 258.0
847.89 0.74
849.91 157.75
851.89 18.26
853.91 135.62
855.89 4.38
857.89 68.34
859.89 75.4
861.89 17.48
863.89 83.98
865.89 87.07
867.89 53.85
869.89 94.07
871.89 91.24
873.89 84.07
875.89 119.02
877.89 79.97
879.89 127.31
881.89 164.99
883.89 145.57
885.9 0.74
887.89 150.61
889.89 3.51
891.89 94.8
893.89 51.66
895.9 9.24
897.89 58.5
899.9 58.5
901.9 58.5
903.9 58.5
905.9 58.5
907.89 58.5
909.9 58.5
911.9 58.5
913.9 58.5
915.9 58.5
917.9 58.5
919.9 58.5
921.9 58.5
923.9 69.66
925.9 67.79
927.9 90.72
929.9 106.08
931.9 98.46
933.9 1.51
935.9 125.34
937.9 0.63
939.9 165.22
941.9 208.13
943.9 1.68
945.9 171.91
947.9 11.11
949.9 162.6
951.9 8.76
953.9 194.32
955.9 183.92
957.9 0.68
959.9 214.65
961.9 12.28
963.9 19.01
965.9 48.39
967.9 58.62
969.9 65.99
971.9 76.68
973.9 67.54
975.9 56.19
977.9 86.93
979.9 83.6
981.9 100.79
983.9 120.26
985.9 3.39
987.9 133.96
990.15 217.26
992.15 178.23
994.15 186.63
996.15 0.73
998.15 168.56
1000.15 27.33
1002.16 275.77
1004.15 225.48
1006.15 1.63
1008.15 286.48
1010.16 0.64
1012.15 296.03
1014.15 306.27
1016.15 37.25
1018.16 351.44
1020.15 11.99
1022.16 353.51
1024.15 0.69
1026.15 370.36
1028.16 220.34
1030.16 0.72
1032.16 402.59
1034.16 23.47
1036.16 175.72
1038.16 168.21
1040.16 168.21
1042.16 158.04
1044.16 1.12
1046.16 166.14
1048.16 1.4
1050.16 93.89
1052.16 59.19
1054.16 74.06
1056.16 65.44
1058.16 65.44
1060.16 71.95
1062.16 71.95
1064.16 71.95
1066.16 71.95
1068.16 71.95
1070.16 65.88
1072.16 66.93
1074.16 66.93
1076.16 66.93
1078.16 50.85
1080.16 67.89
1082.16 71.83
1084.16 62.42
1086.16 75.4
1088.16 54.8
1090.16 70.24
1092.16 70.24
1094.16 67.13
1096.16 60.52
1098.15 52.83
1100.14 74.74
1102.15 88.51
1104.14 82.31
1106.14 64.22
1108.14 102.57
1110.14 127.53
1112.15 131.62
1114.14 163.75
1116.16 0.73
