0.0 49.1
0.57 5.31
1.32 6.93
3.43 14.75
5.37 17.98
7.47 18.46
9.42 12.46
11.47 12.95
13.39 18.01
15.46 25.34
17.46 27.68
19.42 33.96
21.37 23.43
23.38 24.24
25.44 33.64
27.48 33.64
29.42 33.64
31.46 33.64
33.46 29.43
35.39 29.43
37.48 43.91
39.37 46.18
41.38 45.16
43.46 44.64
45.37 54.83
47.48 70.41
49.38 66.99
51.42 68.3
53.37 68.3
55.46 68.3
57.42 68.3
59.38 76.57
61.48 62.75
63.46 62.75
65.36 62.75
67.46 76.92
69.39 76.92
71.46 76.92
73.46 76.92
75.46 76.92
77.38 76.92
79.46 69.74
81.37 69.74
83.38 69.74
85.46 69.74
87.37 69.74
89.48 69.74
91.46 69.74
93.48 69.74
95.42 69.74
97.47 69.74
99.37 69.74
101.42 68.28
103.48 68.28
105.37 68.28
107.38 62.4
109.48 62.4
111.39 62.4
113.37 62.4
115.48 62.4
117.42 62.4
119.49 62.4
121.39 62.4
123.39 62.4
125.46 86.03
127.37 86.03
129.38 86.03
131.37 86.03
133.42 86.03
135.37 86.03
137.39 89.37
139.46 83.04
141.39 83.04
143.42 83.04
145.4 83.04
147.37 83.04
149.4 83.04
151.46 83.04
153.47 83.04
155.46 83.04
157.42 83.04
159.38 83.04
161.37 83.04
163.46 83.04
165.37 83.04
167.42 83.04
169.48 83.04
171.37 83.04
173.5 83.04
175.4 83.04
177.48 83.04
179.37 83.04
181.46 83.04
183.4 83.04
185.64 81.86
187.68 81.86
189.65 81.86
191.58 81.86
193.74 88.8
195.76 88.8
197.63 88.8
199.68 95.43
201.7 95.43
203.62 95.43
205.63 95.43
207.74 95.43
209.72 95.43
211.7 95.43
213.62 95.43
215.45 95.43
217.62 95.43
219.68 87.14
221.72 87.14
223.72 87.14
225.63 87.14
227.72 87.14
229.7 87.14
231.72 87.14
233.75 87.14
235.72 87.14
237.61 87.14
239.59 57.36
241.64 88.11
243.72 88.11
245.72 88.11
247.62 88.11
249.66 88.11
251.62 88.11
253.62 96.2
255.72 96.2
257.72 96.2
259.74 96.2
261.72 96.2
263.62 96.2
265.61 96.2
267.74 96.2
269.64 96.2
271.72 96.2
273.64 96.2
275.69 96.2
277.62 96.2
279.66 96.2
281.68 96.2
283.62 96.2
285.72 96.2
287.61 96.2
289.64 83.53
291.62 83.53
293.72 83.53
295.74 83.53
297.74 83.53
299.62 83.53
301.64 83.53
303.64 83.53
305.68 83.53
307.62 83.53
309.61 83.53
311.63 86.49
313.68 87.08
315.7 87.08
317.7 87.08
319.66 87.08
321.62 87.08
323.67 87.08
325.68 78.0
327.62 78.0
329.62 79.52
331.63 79.52
333.68 79.52
335.62 79.52
337.65 79.52
339.63 79.52
341.63 79.52
343.64 79.52
345.62 79.52
347.69 79.52
349.62 79.52
351.72 79.52
353.72 79.52
355.63 79.52
357.73 79.52
359.62 79.52
361.62 79.52
363.62 79.52
365.65 79.52
367.68 79.52
369.61 79.52
371.63 79.52
373.72 79.52
375.61 79.52
377.62 79.52
379.62 79.52
381.61 79.52
383.61 79.52
385.7 79.52
387.7 78.33
389.66 70.1
391.7 70.1
393.61 70.1
395.68 72.46
397.7 77.55
399.62 66.08
401.68 65.15
403.63 70.9
405.74 70.82
407.62 76.69
409.72 87.35
411.63 87.35
413.72 84.15
415.62 84.15
417.62 84.15
419.74 73.88
421.62 73.88
423.66 63.81
425.62 86.98
427.72 95.63
429.66 95.63
431.62 95.63
433.62 95.63
435.96 94.26
437.87 71.88
439.89 102.15
441.98 96.05
443.96 96.05
445.84 41.47
447.92 91.95
449.98 91.95
451.88 69.93
453.87 78.88
455.88 78.88
457.87 78.88
459.92 90.27
461.88 90.27
463.92 90.27
465.96 90.27
467.96 90.27
469.82 90.27
471.96 106.63
473.86 106.63
475.86 103.85
477.96 103.85
479.98 103.85
481.87 103.85
483.96 103.85
485.98 103.85
487.98 103.85
489.88 103.85
491.89 103.85
493.8 67.47
495.86 86.68
497.96 29.08
499.96 86.22
501.96 106.25
503.87 106.25
505.96 106.25
507.86 106.25
509.96 56.59
511.87 56.87
513.94 97.47
515.87 106.46
517.81 44.02
519.86 94.58
521.88 127.57
523.96 43.06
525.92 44.81
527.98 80.22
529.87 76.9
531.96 101.54
533.97 114.54
535.87 33.27
537.87 46.3
539.96 9.74
541.73 5.7
543.96 29.27
545.9 29.27
547.86 29.27
549.98 29.27
551.86 32.57
553.86 35.45
555.86 45.69
557.86 37.07
559.96 29.21
561.96 56.08
563.96 56.08
565.87 56.08
567.88 58.49
569.96 58.49
571.96 58.49
573.96 58.49
575.92 58.49
577.91 58.49
579.98 54.54
581.86 81.89
583.92 81.89
585.96 81.89
587.87 81.89
589.85 85.35
591.96 96.09
593.98 68.52
595.96 68.52
597.86 68.52
599.92 68.52
601.86 68.52
603.87 68.52
605.96 68.52
607.87 68.52
609.96 68.52
611.88 68.52
613.8 68.52
615.96 68.52
617.92 68.52
619.96 68.52
621.87 68.52
623.86 68.52
625.92 68.52
627.87 68.52
629.87 68.52
