0.0 0.19
0.54 0.07
1.6 0.2
2.49 0.13
3.8 0.22
5.83 1.85
7.81 1.32
10.04 0.03
12.53 0.02
13.91 0.56
15.79 1.32
17.79 1.04
19.93 1.24
21.79 1.16
23.79 1.22
25.79 0.96
28.01 2.26
29.97 0.15
32.2 0.6
33.8 2.12
36.09 2.46
38.12 0.53
40.13 0.32
42.1 1.62
44.08 1.83
46.08 2.13
48.09 1.84
50.19 1.74
52.03 1.78
54.19 1.28
56.15 1.6
58.16 1.43
60.05 3.13
62.05 2.47
64.2 1.07
66.07 3.49
68.1 1.93
70.17 0.04
72.03 0.13
74.65 1.3
76.47 0.15
78.11 0.17
80.05 0.93
82.31 1.05
84.24 0.33
86.1 0.12
88.13 1.01
90.21 1.62
92.12 0.29
94.34 0.01
96.19 1.33
98.07 1.16
100.14 1.14
102.05 1.83
104.09 0.35
106.52 0.4
108.07 1.07
110.14 0.28
112.15 0.29
114.39 0.84
115.91 2.28
118.36 1.77
120.05 0.77
122.05 2.75
124.1 2.23
126.17 1.25
128.34 0.29
130.3 2.3
132.07 1.46
134.09 1.43
136.19 2.6
138.11 2.6
139.9 2.45
142.26 2.83
144.11 1.19
146.16 2.48
148.21 0.52
150.29 2.02
152.08 1.1
154.19 3.17
156.03 2.93
158.25 2.88
160.25 0.68
162.11 2.47
164.06 4.3
166.29 1.02
168.27 1.49
170.45 2.24
172.13 2.06
174.39 0.41
176.51 0.32
178.08 3.08
180.48 5.35
182.15 5.06
184.12 0.15
186.07 0.2
188.15 0.77
190.18 1.56
192.37 0.43
194.09 1.13
196.16 0.16
198.24 0.39
200.18 0.06
202.25 0.91
204.23 0.11
206.1 1.16
208.06 1.13
210.07 0.64
212.32 0.72
214.34 0.04
216.29 0.11
218.25 1.38
220.17 0.92
222.14 2.96
224.07 1.35
226.16 0.98
228.06 0.39
230.12 2.53
232.13 0.9
234.11 0.33
236.36 1.61
238.59 1.61
240.04 1.61
242.16 1.77
244.14 1.77
246.13 3.3
248.05 0.11
250.07 1.78
252.1 1.84
254.14 2.66
256.11 1.07
258.09 3.42
260.16 1.51
262.11 1.45
264.03 0.14
266.07 2.17
268.23 0.13
270.08 2.28
272.11 0.38
274.2 0.66
276.14 0.06
278.75 1.93
280.34 1.18
282.1 1.25
284.66 0.19
286.48 1.99
288.36 1.89
290.55 0.24
292.44 0.57
294.65 1.58
296.3 0.09
298.38 1.3
300.33 1.14
302.43 2.34
304.34 1.03
306.47 2.27
308.52 0.34
310.28 0.22
312.3 1.77
314.8 0.27
316.43 1.21
318.2 2.06
320.39 2.15
322.24 1.61
324.71 1.34
326.18 3.21
328.39 0.05
330.36 0.4
332.29 0.41
334.38 2.67
336.57 3.0
338.57 0.81
340.44 0.32
342.82 1.57
344.34 2.18
346.22 2.88
348.32 1.34
350.39 2.08
352.29 0.62
354.29 3.54
356.35 2.74
358.38 0.33
360.46 0.03
362.55 0.25
364.29 0.08
367.04 0.15
368.3 0.95
370.32 2.49
372.39 1.17
374.31 1.82
376.33 1.41
378.34 2.4
380.34 2.02
382.57 2.91
384.32 1.72
386.31 1.52
388.59 2.46
390.5 0.51
392.29 4.24
394.38 2.52
396.29 0.42
398.29 1.76
400.29 0.65
402.3 2.58
404.28 1.08
406.28 4.4
408.32 0.29
410.61 1.38
412.47 0.01
414.82 0.13
416.38 0.67
418.49 0.88
420.33 0.09
422.37 0.78
424.32 0.11
426.32 1.2
428.51 1.62
430.31 2.86
432.37 1.13
435.94 0.01
437.35 0.38
438.25 1.2
440.31 1.03
442.57 1.73
444.29 0.52
446.38 1.16
448.3 3.56
450.31 2.82
452.59 4.37
454.3 4.87
456.33 0.01
458.4 0.47
460.36 1.86
462.66 0.1
464.3 2.84
466.3 2.1
468.31 1.4
470.45 0.04
472.29 0.06
474.35 0.64
476.33 0.27
478.34 0.51
480.31 0.34
482.35 1.07
484.43 0.05
486.44 0.09
488.3 1.07
490.31 1.07
492.38 0.25
494.36 0.8
496.33 0.22
498.47 1.38
500.41 0.59
502.37 0.62
504.28 0.76
506.41 1.38
508.67 0.07
510.39 0.78
512.3 1.18
514.4 1.24
516.37 1.16
518.38 1.84
520.32 1.25
522.28 1.25
524.67 0.25
526.28 1.49
528.41 1.53
530.43 2.32
532.68 0.03
534.52 0.24
536.39 0.54
538.6 0.43
540.77 0.12
542.35 1.7
544.59 0.63
546.62 0.12
548.59 0.82
550.56 2.18
552.56 1.36
554.69 0.43
556.69 1.17
558.76 0.45
560.62 0.61
562.87 0.7
564.58 1.85
566.57 1.28
568.58 0.02
570.68 2.37
572.72 0.92
574.62 1.24
576.94 0.58
578.55 2.29
580.59 1.91
582.56 2.55
584.57 2.94
586.6 2.13
588.7 1.29
590.66 3.81
592.72 0.14
594.62 3.23
596.58 0.21
598.84 1.22
600.56 1.7
602.64 0.44
605.17 0.39
606.67 1.67
608.76 1.35
610.56 1.03
612.67 0.34
615.65 0.11
617.25 1.25
619.09 0.4
621.51 0.26
623.38 0.89
625.1 0.57
626.56 2.54
628.73 0.15
630.63 3.27
633.05 1.23
634.66 1.91
636.54 0.39
638.72 2.78
640.56 0.45
642.59 1.69
644.56 0.38
646.54 0.13
648.64 1.64
650.68 2.35
652.57 0.21
654.6 1.78
656.59 1.55
658.79 0.2
660.79 0.68
662.74 0.15
664.58 0.2
666.54 0.12
668.67 0.37
670.62 1.38
672.98 0.14
674.6 0.83
676.58 1.81
678.76 1.81
680.65 2.01
682.62 0.29
684.78 0.28
686.87 0.75
688.72 0.28
690.8 0.07
692.63 0.55
694.78 1.2
696.77 0.99
698.69 1.58
700.73 0.99
702.77 0.82
704.53 0.07
706.58 0.4
708.61 1.12
710.71 0.68
712.72 1.49
714.64 0.19
717.42 1.66
719.28 0.04
720.66 0.88
722.67 0.32
724.84 1.32
726.99 0.35
728.75 1.85
730.54 0.98
732.57 1.17
734.67 1.67
736.74 0.76
738.7 0.14
740.74 0.14
743.01 0.61
744.59 1.4
746.58 1.06
748.55 1.37
750.72 2.46
752.77 2.58
754.54 2.0
756.65 1.4
758.57 1.21
760.69 1.43
762.61 1.36
764.62 2.98
766.59 0.3
768.65 3.35
770.56 2.26
772.72 1.96
774.54 2.26
776.56 0.68
778.57 1.54
780.58 0.09
782.91 0.08
785.39 0.42
786.99 0.05
788.8 0.07
790.83 1.68
792.76 1.11
794.54 1.54
796.89 1.12
798.81 2.42
800.79 0.59
802.88 0.42
804.97 0.33
806.84 0.97
809.17 0.04
811.15 0.16
812.79 0.39
814.93 0.18
816.79 1.15
818.8 0.43
820.89 0.81
822.88 0.7
824.78 0.91
826.79 1.09
828.78 1.05
831.03 0.56
833.2 1.29
835.17 0.16
836.84 1.7
838.88 0.6
840.79 2.24
842.89 1.36
844.89 2.2
847.04 0.68
848.82 1.82
850.85 1.04
852.99 0.67
854.92 1.12
856.82 0.16
858.83 0.29
860.8 0.95
862.86 0.79
864.88 0.52
866.82 0.02
868.96 0.32
870.85 0.76
872.78 0.6
874.91 2.3
876.82 0.69
878.8 0.55
880.81 1.07
883.04 2.11
884.83 0.16
886.84 1.14
888.92 1.69
890.79 0.64
892.82 0.23
894.89 0.52
896.81 1.49
898.88 1.66
900.91 1.13
902.84 1.31
904.86 1.14
907.42 0.73
908.89 1.33
910.88 2.22
912.89 1.24
914.88 1.68
916.9 0.77
918.8 2.59
920.8 0.92
922.91 3.02
924.89 2.05
927.04 1.19
928.85 1.69
930.85 1.19
932.84 2.19
934.84 1.99
936.83 1.72
938.95 0.54
941.12 0.7
942.78 0.26
944.97 1.98
946.82 2.0
949.12 1.49
950.81 1.8
952.9 1.02
954.91 0.65
956.91 0.12
959.25 0.01
960.91 0.33
962.82 0.2
964.82 0.84
966.81 1.5
968.81 0.97
970.81 1.81
972.81 0.25
975.14 0.43
977.33 0.01
978.82 0.85
980.97 0.45
983.05 0.13
984.8 0.96
986.92 0.18
988.88 0.05
990.93 0.37
992.88 0.45
994.96 1.3
996.9 0.46
998.85 1.32
1000.86 0.84
1002.8 0.26
1004.92 1.68
1006.81 0.88
1008.79 1.74
1010.78 2.06
1012.79 2.55
1014.79 1.2
1016.84 2.36
1018.8 1.9
1020.87 3.75
1022.82 2.56
1025.74 0.09
1026.84 0.81
1028.87 0.32
1031.19 1.0
1032.83 1.54
1034.81 0.31
1036.85 0.1
1039.1 0.11
1041.08 0.87
1042.85 1.56
1045.22 0.14
1046.87 1.23
1049.08 0.31
1051.04 0.14
1053.07 1.01
1055.04 0.13
1057.23 0.02
1059.11 0.13
1061.3 0.34
1063.16 1.24
1065.39 0.87
1067.16 1.31
1069.54 0.37
1071.07 1.73
1073.3 0.71
1075.2 0.77
1077.05 1.03
1079.03 0.52
1081.56 0.28
1083.06 0.07
1085.21 0.48
1087.11 0.1
1089.16 0.63
1091.09 1.42
1093.24 0.95
1095.04 1.64
1097.27 1.78
1099.04 0.1
1101.06 2.11
1103.06 0.36
1105.18 0.76
1107.07 0.54
1109.12 2.44
1111.13 2.42
1113.14 0.15
1115.14 1.03
1117.45 2.0
1119.11 0.85
1121.1 1.37
1123.26 0.11
1125.15 0.12
1127.15 0.3
1129.05 0.65
1131.08 0.18
1133.3 0.6
1135.11 1.39
1137.13 0.2
1139.06 3.02
1141.19 1.36
1143.12 2.38
1145.34 2.92
1147.12 0.1
1149.21 0.15
1151.06 0.31
1153.53 0.32
1155.05 0.29
1157.05 4.81
1159.09 4.17
1161.07 3.31
1163.39 0.1
1165.09 4.87
1167.04 6.03
1169.08 1.71
1171.06 0.83
1173.15 0.1
1175.26 0.04
1177.28 0.01
1179.06 0.16
1181.1 4.81
1183.27 1.58
1185.07 1.66
1187.11 0.12
1189.36 2.52
1191.05 0.21
1193.41 2.44
1195.05 0.51
1197.26 0.28
1199.08 0.38
1201.44 0.03
1203.8 1.49
1206.53 0.41
1208.66 3.22
1210.78 3.14
1212.75 1.46
1215.43 2.43
1216.43 1.03
1218.28 0.07
1220.03 1.26
1222.23 1.77
1225.08 1.45
1227.51 0.67
1230.11 0.17
1231.62 1.73
1233.39 1.55
1234.75 3.63
1236.22 2.96
1238.97 3.87
1241.67 2.49
1243.91 2.24
1246.39 0.29
1247.49 3.17
1248.86 2.29
1250.68 1.82
1252.78 2.26
1255.13 0.21
1256.67 0.22
1258.85 1.37
1260.69 2.27
1262.7 4.81
1265.02 0.13
1267.05 0.86
1268.84 0.86
1270.64 0.4
1272.64 1.96
1274.62 0.06
1276.95 4.33
1278.64 1.76
1280.78 4.29
1282.71 0.04
1284.83 2.72
1286.62 2.75
1289.37 2.98
1290.8 1.82
1292.93 0.88
1294.6 0.11
1297.75 0.03
1300.1 0.46
1301.57 0.02
1303.09 0.02
1305.25 3.75
1307.06 1.71
1308.97 0.52
1311.07 0.03
1312.86 3.98
1314.86 0.26
1316.98 2.07
1318.86 3.83
1320.98 0.09
1322.95 4.49
1324.87 0.79
1326.92 0.35
1329.02 0.5
1330.92 0.28
1332.89 2.26
1335.05 0.37
1336.88 0.1
1338.85 1.04
1340.87 0.83
1342.92 2.73
1345.06 0.8
1347.02 2.18
1349.0 1.58
1350.9 3.15
1353.16 1.27
1354.93 4.35
1356.9 2.34
1358.92 3.22
1360.94 1.6
1362.86 1.92
1365.27 0.05
1367.0 0.26
1368.99 2.67
1370.91 0.81
1372.92 2.85
1374.99 5.26
1376.97 0.13
1378.93 1.98
1381.11 0.59
1382.88 5.11
1384.92 1.86
1386.87 0.4
1389.13 0.05
1390.9 0.14
1393.27 0.34
1394.89 2.09
1397.38 0.49
1398.94 2.65
1401.01 0.31
1403.05 1.61
1405.11 0.2
1406.85 1.93
1409.04 2.81
1410.86 1.87
1412.9 0.13
1414.89 1.77
1416.88 2.2
1418.86 3.73
1421.15 0.73
1422.98 4.13
1425.85 0.58
1426.88 1.34
1429.02 2.97
1431.3 0.3
1433.06 0.5
1434.9 0.13
1437.17 1.32
1438.89 0.55
1441.18 0.07
1442.86 0.07
1444.97 1.85
1446.9 0.83
1449.23 1.88
1450.86 0.19
1453.16 0.33
1454.86 0.61
1457.16 0.4
1458.9 1.78
1460.95 1.52
1462.86 2.17
1465.2 0.65
1466.88 0.85
1468.95 1.48
1471.0 0.32
1472.94 0.96
1474.91 0.49
1477.27 0.16
1479.0 0.59
1481.21 0.06
1482.91 0.83
1485.11 1.05
1486.96 0.26
1488.97 1.45
1490.86 0.32
1493.22 1.08
1494.88 1.15
1496.88 0.1
1498.89 2.48
1501.25 0.08
1502.93 0.56
1504.91 0.36
1506.85 0.72
1508.91 0.8
1510.9 0.39
1513.03 0.17
1514.88 0.08
1516.94 0.19
1518.97 0.08
1521.14 0.33
1522.86 1.11
1525.01 2.52
1527.06 1.68
1529.06 0.99
1530.9 2.95
1532.92 0.08
1535.51 0.01
1538.37 0.92
1539.11 0.05
1540.92 1.58
1542.88 1.29
1545.12 1.0
1547.12 0.21
1549.21 0.82
1551.08 0.1
1553.26 0.65
1555.15 0.9
1557.14 0.93
1559.19 0.43
1561.39 2.6
1563.4 0.44
1565.78 0.9
1567.13 1.3
1569.36 2.44
1571.11 2.32
1573.18 2.55
1575.1 1.82
1577.47 1.84
1579.19 0.13
1581.32 2.49
1583.18 0.09
