0.0 33.12
2.04 23.36
4.13 35.41
6.04 35.07
8.06 28.24
10.06 33.39
12.14 28.07
14.02 33.78
16.04 39.11
18.04 39.25
20.04 39.04
22.04 33.97
24.04 37.7
26.04 41.21
28.03 41.89
30.03 41.89
32.02 43.29
34.04 39.79
36.04 37.16
38.04 38.88
40.03 43.26
42.03 39.16
44.03 40.61
46.03 36.56
48.03 41.77
50.04 42.62
52.04 41.74
54.04 42.19
56.04 36.27
58.02 45.75
60.03 34.5
62.03 43.68
64.03 36.14
66.03 47.24
68.04 39.97
70.04 45.81
72.04 40.27
74.03 38.61
76.03 41.85
78.03 35.38
80.03 39.05
82.03 37.56
84.03 41.05
86.04 37.38
88.04 37.44
90.04 39.38
92.04 37.3
94.03 41.96
96.03 40.48
98.03 40.1
100.03 41.35
102.04 35.95
104.05 43.87
106.04 41.1
108.09 33.68
110.03 38.42
112.03 42.93
114.03 33.94
116.03 42.77
118.03 40.87
120.04 42.88
122.04 43.23
124.04 26.36
126.04 20.47
128.03 42.7
130.03 36.79
132.03 39.49
134.03 37.23
136.04 36.64
138.04 40.24
140.04 34.93
142.04 37.71
144.04 34.48
146.03 37.24
148.03 39.7
150.03 33.01
152.28 35.05
154.04 26.7
156.04 37.11
158.04 35.07
160.29 32.06
162.28 35.18
164.28 29.89
166.28 30.7
168.13 31.02
170.29 34.38
172.29 39.54
174.29 36.46
176.29 39.01
178.28 35.99
180.28 27.46
182.31 31.57
184.28 30.65
186.3 35.66
188.29 29.86
190.29 35.55
192.15 33.93
194.28 20.58
196.28 40.14
198.28 31.64
200.28 37.49
202.28 28.21
204.29 29.22
206.3 30.44
208.29 37.29
210.29 33.65
212.29 35.06
214.28 33.49
216.13 32.52
218.28 37.17
220.28 39.2
222.29 28.18
224.29 31.32
226.29 32.13
228.29 29.02
230.28 31.88
232.28 38.64
234.28 34.09
236.28 39.39
238.29 30.94
240.14 35.79
242.29 27.08
244.29 34.14
246.29 33.22
248.28 38.04
250.28 35.29
252.28 38.24
254.28 34.23
256.29 37.66
258.37 39.62
260.29 30.7
262.29 34.68
264.19 31.18
266.28 37.4
268.28 35.45
270.28 39.05
272.3 25.82
274.29 29.62
276.29 37.04
278.29 35.87
280.29 35.71
282.29 37.55
284.28 41.46
286.28 37.53
288.3 32.35
290.3 37.48
292.29 40.61
294.29 24.05
296.29 35.37
298.28 32.72
300.28 36.59
302.28 36.71
304.28 28.19
306.3 35.47
308.3 39.79
310.29 30.05
312.29 39.5
314.29 39.19
316.3 18.46
318.29 36.02
320.28 33.58
322.28 39.0
324.3 36.7
326.3 40.06
328.29 35.34
330.29 32.08
332.29 39.95
334.29 5.9
336.28 39.87
338.28 31.69
340.3 38.15
342.3 39.4
344.29 39.4
346.3 31.61
348.29 35.13
350.29 35.17
352.29 37.1
354.29 33.82
356.3 40.66
358.3 35.59
360.3 36.59
362.29 33.82
364.29 33.83
366.29 41.31
368.29 35.46
370.28 38.94
372.28 40.87
374.3 42.14
376.3 37.46
378.3 40.12
380.3 41.58
382.29 32.69
384.29 39.88
386.29 32.25
388.28 39.02
390.28 39.17
392.3 31.81
394.3 39.93
396.29 36.45
398.29 41.98
400.29 40.48
402.54 34.87
404.29 25.06
406.54 9.98
408.3 30.59
410.3 26.8
412.54 28.53
414.55 28.5
416.54 35.38
418.54 35.25
420.54 35.14
422.54 34.78
424.55 35.13
426.55 31.0
428.55 30.53
