0.0 2.08
1.7 2.36
2.41 3.28
4.49 0.06
6.08 1.23
7.25 2.09
8.4 1.25
10.84 0.7
11.65 1.8
12.8 1.34
15.05 1.45
18.89 1.71
20.54 0.65
21.81 1.13
22.78 1.56
23.44 1.92
24.24 2.37
27.13 1.35
28.65 1.2
30.81 0.94
32.34 1.57
33.84 2.17
35.62 2.52
39.4 2.56
41.41 3.57
43.34 1.62
44.6 0.36
46.31 1.52
47.51 2.89
48.59 2.18
50.0 4.53
52.0 2.1
54.03 3.3
55.99 1.65
57.99 2.12
60.0 2.86
62.0 1.01
64.01 3.25
65.99 3.04
68.0 2.56
70.0 2.21
71.99 1.46
74.0 2.27
76.0 3.67
78.0 0.72
79.95 2.35
81.99 1.91
84.0 2.09
86.01 3.24
88.19 1.81
90.0 2.18
92.0 1.43
93.95 3.56
96.0 3.77
98.0 1.66
100.03 4.51
102.0 5.24
104.01 3.47
105.99 4.3
108.03 1.5
109.99 3.18
111.99 3.19
114.2 1.78
116.32 3.56
117.99 2.98
120.37 2.72
122.27 2.97
124.19 1.69
126.15 3.57
128.01 3.51
130.68 0.93
133.03 1.76
135.23 1.73
136.72 2.94
138.03 2.97
140.15 0.22
141.99 3.26
143.99 2.61
145.99 1.38
148.09 2.34
150.0 3.19
151.99 2.8
154.0 2.84
156.11 1.4
158.0 2.75
160.0 2.54
162.0 2.75
164.95 1.79
166.56 1.39
168.0 2.5
170.25 2.61
172.27 1.52
174.28 2.46
176.26 1.27
178.27 2.93
180.09 4.04
182.24 1.82
184.67 1.84
186.76 1.22
188.96 1.84
192.71 1.97
195.24 2.35
196.93 2.56
200.63 1.01
202.27 3.17
205.19 1.76
209.88 0.51
213.04 0.46
215.09 1.04
216.07 1.05
217.05 1.15
218.16 1.34
222.07 0.45
222.71 1.51
223.89 0.94
224.79 1.2
225.61 1.45
227.79 2.16
229.95 1.09
231.16 2.52
232.35 2.81
233.65 2.16
236.09 2.24
239.24 2.32
241.0 1.49
246.69 0.16
248.4 0.68
249.63 1.69
251.08 2.93
253.16 1.28
255.59 3.06
256.83 2.51
260.32 1.94
262.67 1.0
264.32 2.02
266.07 3.59
268.13 0.62
271.15 0.46
273.07 1.89
275.16 1.08
276.68 2.87
279.11 1.17
280.52 1.97
281.52 2.2
282.83 1.96
284.28 2.5
285.77 5.4
286.95 4.71
288.15 6.06
289.87 2.87
291.87 6.05
293.86 6.51
295.85 4.72
298.07 7.06
299.92 5.91
301.87 5.83
303.84 7.05
305.86 6.43
307.83 3.19
309.85 7.45
311.86 6.21
313.86 8.62
315.84 6.3
317.86 2.91
319.84 2.25
321.86 2.36
323.87 2.85
325.87 3.87
327.83 2.13
330.25 1.51
332.31 2.74
333.85 3.23
335.86 3.0
337.86 3.11
339.86 3.87
341.84 4.0
343.85 3.12
345.86 4.67
347.84 3.98
349.87 3.34
351.84 4.61
353.86 4.93
355.87 5.32
357.86 6.54
359.84 5.44
361.86 12.0
363.87 6.25
365.85 5.97
367.8 5.42
369.86 7.1
371.84 3.83
373.84 5.01
375.86 6.74
377.84 6.83
379.86 8.53
381.84 8.5
385.26 4.92
386.95 6.0
389.24 4.82
391.62 4.23
394.38 3.93
395.27 4.7
395.86 2.58
397.84 5.97
399.84 2.99
401.87 4.15
403.86 4.43
405.85 6.14
407.86 6.73
409.85 2.19
411.85 5.33
413.86 6.55
415.87 2.71
417.84 6.53
419.86 5.33
422.11 8.31
424.0 3.77
427.19 4.38
428.74 5.02
429.92 4.14
432.11 3.33
434.11 4.15
436.11 2.17
438.11 4.72
440.11 3.03
442.11 2.55
443.91 2.97
446.1 3.79
448.11 3.98
450.11 4.58
452.11 4.75
454.11 6.06
456.11 5.38
458.11 6.03
459.94 5.21
462.1 5.97
464.11 7.28
466.11 6.89
468.11 4.7
470.54 4.87
472.28 4.34
475.9 5.88
479.35 3.88
481.72 8.06
484.79 0.18
487.43 5.18
489.6 4.34
491.6 6.87
494.22 4.01
496.35 5.16
498.79 3.28
500.35 5.48
502.77 6.57
505.79 7.23
507.6 5.73
509.88 5.47
511.2 6.12
513.97 4.06
515.36 7.45
516.8 8.54
518.77 8.3
520.79 3.92
522.79 5.86
524.76 2.97
526.81 5.63
528.8 4.24
530.91 3.3
532.93 2.49
534.71 2.96
536.79 4.89
538.79 5.72
540.79 3.85
542.79 4.64
544.8 5.5
546.8 4.14
548.75 3.97
550.8 4.23
552.77 4.4
554.77 6.62
556.8 4.46
558.79 4.77
560.8 6.87
562.79 4.76
564.79 4.63
566.8 1.43
568.8 4.77
570.82 3.91
572.8 3.6
574.81 3.05
576.79 4.57
578.79 3.34
580.79 3.83
582.79 3.27
584.79 3.48
586.8 4.61
588.79 4.36
590.79 4.95
592.8 4.33
594.79 4.69
596.79 3.08
598.79 2.72
600.95 3.18
602.77 2.3
604.8 2.28
606.79 3.36
608.79 2.91
610.79 4.43
612.8 4.27
615.88 3.23
620.76 1.52
624.32 2.29
626.68 2.59
629.52 1.86
635.48 0.55
638.55 0.29
641.31 0.06
642.68 0.17
643.48 0.39
644.03 1.79
644.91 2.55
645.76 3.36
646.66 3.02
647.46 3.11
649.38 2.77
651.8 2.52
653.31 3.76
655.18 4.16
657.55 2.32
660.1 3.39
662.31 3.37
664.18 3.76
665.62 5.42
667.66 3.2
670.11 3.84
670.86 4.69
671.38 5.22
672.31 3.8
674.3 1.73
676.55 3.11
678.55 3.78
680.3 0.26
682.55 3.33
684.56 2.21
686.54 1.76
688.56 1.88
690.56 2.51
692.56 1.83
694.56 3.45
696.55 4.18
698.55 3.58
700.54 3.26
702.54 2.77
704.55 4.12
706.56 3.64
708.56 4.53
710.56 4.15
712.55 3.15
714.55 3.83
716.55 3.22
718.55 3.1
720.58 3.2
722.56 1.98
724.55 3.09
726.54 4.46
728.55 4.38
730.56 4.5
732.55 4.34
734.56 3.3
736.55 3.5
738.54 2.6
740.56 4.42
742.55 4.56
744.51 5.16
746.55 5.26
748.55 2.31
750.55 1.75
752.56 2.22
754.56 1.42
756.56 2.29
758.55 2.07
760.56 3.34
762.56 3.1
764.56 2.53
766.56 3.33
768.54 3.4
770.55 4.8
772.55 3.64
774.55 2.74
776.55 4.07
778.56 3.64
780.56 3.07
782.54 2.58
784.56 3.87
786.56 3.29
788.55 2.77
790.56 3.34
792.58 3.15
794.55 3.36
796.56 2.45
798.55 3.94
800.56 3.16
802.55 3.89
804.55 3.7
806.56 3.47
808.56 2.56
810.58 4.13
812.56 1.82
814.58 3.65
816.55 3.46
818.47 2.37
820.56 3.63
822.56 2.14
824.56 2.42
826.56 3.25
828.54 2.38
831.03 0.24
834.48 2.72
835.48 2.12
836.79 2.58
838.5 2.02
840.58 3.42
842.55 3.76
844.55 2.44
846.56 4.19
848.58 3.49
850.5 4.52
852.56 4.83
854.79 3.72
856.55 3.94
858.58 4.91
861.15 4.2
863.42 3.07
866.18 3.42
867.36 3.43
868.55 4.18
870.62 3.4
872.56 2.64
874.58 3.42
876.55 5.1
878.57 4.66
882.26 4.48
885.22 2.91
888.38 3.69
890.98 3.39
894.1 3.42
896.95 2.99
899.27 4.06
900.1 4.35
902.7 0.1
903.78 3.18
904.86 4.55
905.78 4.72
906.54 3.76
908.26 4.24
909.36 4.21
910.9 4.41
912.75 3.22
914.56 3.7
916.58 3.65
918.56 3.14
920.56 2.12
922.56 2.93
930.76 1.41
934.46 2.61
935.95 3.52
937.82 2.78
939.86 2.89
941.55 4.21
942.28 4.21
943.46 4.31
945.75 4.24
948.0 4.53
950.86 4.32
952.46 3.43
953.58 3.8
955.58 3.86
957.58 2.71
959.58 3.23
961.58 4.0
963.58 4.16
965.56 3.87
967.58 2.3
969.58 5.68
971.58 5.07
973.55 5.04
975.59 5.74
977.58 5.8
979.58 0.33
981.58 0.14
983.57 4.63
985.58 4.11
987.58 3.52
989.58 4.13
991.58 2.88
993.58 3.03
995.58 3.63
997.54 5.01
999.58 5.2
1001.58 3.42
1004.75 4.13
1007.3 3.47
1009.23 3.81
1013.1 3.24
1016.79 3.15
1019.74 4.03
1022.06 3.77
1024.95 4.56
1026.95 4.4
1028.95 5.5
1030.4 5.04
1031.02 6.14
1031.73 5.53
1032.79 4.08
1033.8 4.1
1035.12 5.74
1037.1 5.54
1039.12 3.24
1041.13 4.82
1043.12 6.32
1045.05 5.46
1047.12 6.42
1049.12 2.81
1051.12 4.72
1053.11 5.32
1055.13 4.68
1057.1 5.23
1059.12 5.29
1061.11 4.86
1063.12 5.88
1065.16 1.36
1067.12 3.72
1069.12 2.05
1071.14 1.06
1073.12 2.83
1075.13 5.04
1077.12 3.39
1079.05 6.48
1081.11 5.23
1083.1 5.73
1085.13 5.07
1087.1 3.81
1089.11 4.68
1091.11 3.95
1093.13 3.13
1095.12 4.09
1097.12 2.16
1100.44 1.23
1102.4 2.56
1103.96 3.69
1105.4 4.82
1107.51 2.81
1112.73 0.99
1115.72 2.34
1118.52 2.11
1121.36 2.57
1123.45 2.14
1125.27 2.25
1126.61 2.64
1127.18 3.35
1128.64 3.25
1131.38 3.87
1135.65 1.68
1137.75 2.08
1139.45 2.69
1140.6 4.04
1141.82 5.36
1143.64 3.42
1146.16 3.61
1147.85 4.6
1150.48 6.29
1153.72 2.57
1155.32 2.2
1157.07 3.11
1158.13 3.4
1159.63 2.09
1160.72 2.66
1161.89 3.02
1162.98 2.69
1164.52 1.83
1166.05 2.32
1167.76 2.42
1169.21 2.39
1171.13 2.36
1173.12 2.85
1175.13 2.58
1177.12 2.18
1179.1 3.42
1181.13 3.11
1183.12 2.81
1185.12 2.93
1187.36 3.04
1189.17 2.87
1191.12 2.55
1193.36 3.22
1195.37 2.09
1197.37 3.04
1199.36 3.0
1201.36 1.95
1203.36 2.75
1205.24 3.09
1207.36 2.94
1209.37 3.02
1211.36 3.92
1213.36 3.3
1215.37 2.95
1217.36 3.51
1219.37 2.52
1221.37 2.99
1223.36 2.75
1225.37 3.07
1227.36 4.5
1229.36 3.14
1231.36 3.41
1233.37 3.01
1235.36 4.07
1237.38 4.55
1239.36 2.08
1241.38 3.42
1243.2 3.17
1245.26 2.9
1247.36 3.77
1249.36 3.2
1251.38 3.29
1253.37 3.08
1255.36 3.03
1257.36 3.65
1259.37 3.23
1261.36 2.88
1263.38 2.21
1265.36 2.5
1267.37 1.63
1269.37 3.04
1271.36 2.57
1273.37 2.02
1276.11 3.24
1278.52 0.28
1279.55 3.16
1281.9 1.65
1285.53 2.05
1292.44 2.2
1295.28 2.71
1298.66 2.46
1301.31 3.14
1302.7 3.64
1303.39 4.38
1306.31 2.9
1310.75 2.46
1314.19 2.97
1317.54 1.56
1320.39 2.61
1321.03 3.01
1321.86 2.81
1322.79 2.66
1324.55 2.97
1326.63 2.56
1328.43 2.9
1330.02 2.74
1334.08 3.21
1336.31 2.53
1336.94 2.8
1337.7 2.08
1338.35 2.47
1338.94 2.92
1342.94 1.67
1345.55 3.52
1349.5 1.96
1350.98 4.7
1352.9 3.45
1355.3 4.06
1356.87 1.55
1358.14 3.13
1359.1 4.9
1360.7 2.93
1361.98 2.24
1363.22 3.22
1364.18 3.78
1365.75 4.83
1367.75 3.32
1369.76 5.34
1371.76 3.04
1373.75 2.48
1375.76 3.53
1377.76 3.37
1379.76 3.31
1381.76 5.41
1383.76 4.52
1385.75 2.75
1387.76 3.16
1389.77 2.26
1391.75 2.82
1393.84 3.43
1396.02 1.42
1397.75 2.27
1399.76 2.32
1401.76 2.83
1405.15 1.49
1407.7 3.37
1409.83 3.74
1412.18 2.54
1414.32 3.85
1415.11 3.83
1416.19 2.49
1417.76 2.84
1419.77 3.44
1421.76 2.79
1423.76 3.0
1425.76 3.02
1427.75 4.68
1429.75 3.62
1431.76 2.92
1433.76 2.18
1435.76 3.28
1437.78 2.37
1439.76 2.63
1442.03 2.91
1443.76 0.75
1446.02 3.24
1448.02 2.22
1450.0 3.7
1452.01 2.96
1454.01 2.23
1456.03 3.44
1458.0 2.81
1460.02 2.97
1462.02 2.32
1464.0 2.69
1466.02 2.66
1468.0 3.87
1470.0 3.14
1472.02 3.92
1474.03 2.22
1476.02 2.53
1478.0 3.21
1480.02 3.86
1482.02 4.35
1484.0 4.43
1486.0 3.39
1488.0 3.6
1490.02 3.38
1492.02 3.0
1494.02 2.98
1496.02 2.76
1498.02 2.95
1499.9 3.52
1502.0 3.03
1504.02 3.49
1506.02 3.85
1508.02 2.89
1510.02 4.27
1512.02 3.87
1513.94 5.77
1516.02 7.11
1518.03 3.19
1520.03 4.3
1522.02 4.08
1524.0 4.3
1526.02 6.02
1528.02 6.14
1530.02 4.94
1532.02 4.2
1534.02 4.47
1536.02 7.0
1537.94 6.08
1540.02 3.53
1544.1 3.66
1546.98 3.3
1549.55 3.55
1552.46 3.28
1555.82 5.81
1558.34 3.6
1559.91 4.65
1561.51 5.49
1563.15 3.45
1565.3 4.44
1566.62 6.64
1567.54 6.38
1568.79 3.98
1569.99 3.71
1571.34 3.38
1572.3 3.87
1574.02 4.77
1576.02 5.77
1578.02 4.51
1579.91 4.75
1582.42 2.35
1586.06 2.22
1589.03 3.41
1591.54 3.37
1594.02 3.12
1596.38 5.47
1598.62 5.44
1600.26 6.92
1602.87 4.35
1604.59 5.48
1605.76 5.0
1607.55 0.07
1610.74 2.95
1612.47 2.69
1614.1 3.39
1615.19 2.9
1617.18 3.89
1620.35 2.43
1622.46 4.96
1623.98 3.7
1625.46 2.91
1626.87 5.5
1627.67 7.15
1628.46 5.42
1630.02 6.36
1632.02 8.87
1634.03 8.99
1637.51 4.71
1642.94 3.17
1648.34 2.56
1651.79 0.24
1652.51 1.53
1655.19 1.65
1656.94 3.76
1658.3 3.32
1660.38 4.28
1661.46 3.94
1663.07 3.76
1663.75 4.43
1665.42 2.97
1666.86 4.23
1668.14 3.07
1670.51 1.68
1672.3 5.09
1674.48 2.8
1676.19 4.18
1677.42 4.79
1679.58 1.74
1681.08 3.87
1682.35 3.69
1683.52 3.76
1685.46 3.02
1687.46 4.91
1689.91 3.67
1691.86 4.1
1693.27 5.19
1694.3 4.25
1696.02 5.77
1698.26 4.48
1700.27 2.9
1702.26 4.74
1704.26 3.61
1706.26 3.89
1708.26 4.93
1710.27 2.68
1712.26 3.51
1714.26 4.95
1716.26 3.02
1718.26 3.96
1720.2 4.63
1722.26 4.07
1724.27 3.48
1726.27 3.58
1728.27 3.14
1730.27 3.43
1732.27 5.01
1734.28 2.92
1736.27 3.73
1738.28 3.15
1740.28 3.07
1742.26 3.24
1744.26 4.26
1746.14 5.01
1748.26 3.21
1750.18 4.27
1752.26 3.73
1754.46 3.72
1756.27 3.69
1758.26 3.03
1760.31 3.11
1762.26 2.72
1764.26 2.59
1766.27 2.12
1768.27 3.43
1770.28 3.61
1772.3 3.09
1774.26 2.69
1776.27 2.8
1778.26 3.08
1780.36 2.78
1782.26 3.88
1784.26 3.94
1786.55 3.82
1788.26 3.2
1790.26 3.46
1792.74 4.06
1795.34 4.16
1797.28 3.92
1798.18 4.16
1800.29 2.97
1803.68 3.45
1806.15 2.12
1807.82 3.8
1808.7 3.47
1810.27 3.62
1812.82 5.32
1814.26 4.37
1817.1 4.58
1819.98 3.49
1823.94 3.69
1827.26 1.39
1828.78 2.35
1830.08 2.94
1830.9 4.12
1831.96 3.33
1833.1 3.23
1834.34 2.47
1836.28 3.26
1838.26 2.73
1841.67 1.22
1842.9 3.07
1844.27 2.43
1846.27 3.06
1848.26 3.54
1850.27 3.22
1852.26 4.19
1854.26 2.74
1856.29 2.73
1858.27 3.89
1860.27 2.61
1862.27 3.7
1864.26 3.17
1866.26 3.02
1868.27 3.49
1870.27 2.46
1872.27 1.47
1874.26 2.92
1876.26 2.83
1878.28 3.71
1880.28 3.48
1882.26 4.03
1884.28 3.02
1886.26 2.01
1888.26 3.33
1890.29 3.14
1892.27 3.12
1894.26 3.03
1896.27 3.01
1898.26 3.44
1900.27 2.98
1902.28 4.44
1904.28 2.23
1906.26 3.56
1908.28 2.49
1910.27 5.17
1912.27 5.65
1914.27 5.86
1916.27 3.95
1918.27 4.24
1920.26 3.47
1922.28 4.68
1924.27 4.27
1926.27 2.7
1928.3 1.22
1930.29 1.5
1932.27 3.31
1934.27 4.3
1936.3 4.37
1938.26 3.82
1940.27 2.73
1942.28 4.14
1944.27 3.97
1946.27 4.92
1948.51 5.13
1950.52 3.24
1952.27 4.73
1954.52 4.87
1956.27 4.33
1958.52 4.23
1960.52 3.7
1962.52 3.68
1964.52 2.97
1966.51 3.94
1968.51 3.18
1970.52 2.22
1972.52 2.98
1974.51 4.37
1976.52 3.19
1978.52 3.58
1980.52 2.91
1982.52 3.69
1984.51 4.23
1986.51 4.6
1988.51 3.62
1990.51 4.34
1992.52 4.26
1994.52 4.83
1996.52 4.54
1998.51 4.06
2001.38 3.93
2004.14 3.3
2006.55 5.38
2008.82 3.43
2011.15 4.52
2014.06 2.62
2016.7 5.18
2019.02 3.87
2021.7 4.11
2024.3 3.26
2026.58 3.9
2029.03 3.69
2031.27 3.71
2034.16 3.13
2037.74 3.77
2040.82 1.67
2043.74 3.16
2046.13 2.53
2047.7 3.55
2048.94 4.26
2050.62 2.67
2051.88 4.42
2052.95 3.74
2054.3 4.77
2055.66 3.56
2057.03 3.79
2058.9 4.32
2061.38 3.53
2064.51 2.84
2066.9 3.92
2069.08 3.46
2071.43 3.58
2073.55 2.53
2074.16 3.7
2074.74 3.48
2075.44 4.51
2076.18 3.61
2076.94 3.3
2077.55 4.92
2078.52 3.7
2080.54 3.5
2082.52 2.62
2084.54 3.77
2086.52 3.64
2088.52 3.26
2090.52 3.4
2092.52 3.32
2094.51 1.45
2096.54 3.03
2098.54 1.7
2100.52 2.19
2102.51 0.18
2104.54 2.48
2106.54 2.64
2108.51 3.02
2110.52 3.13
2112.54 3.84
2114.52 3.63
2116.54 3.31
2118.52 3.71
2120.54 3.52
2122.51 3.34
2124.54 3.35
2126.55 4.31
2129.35 2.55
2132.26 3.57
2133.71 2.78
2136.4 2.53
2137.19 2.94
2138.55 2.63
2142.82 2.37
2145.58 2.75
2149.92 2.0
2151.54 2.89
2153.0 2.55
2155.2 2.47
2156.98 2.33
2157.74 2.25
2159.0 1.23
2161.03 1.08
2162.66 1.71
2164.23 1.32
2165.88 1.43
2167.74 2.09
2168.66 2.83
2170.52 3.05
2172.52 3.12
2174.52 3.38
2176.54 2.8
2178.52 2.18
2180.52 2.34
2182.54 2.49
2184.51 2.65
2186.54 2.82
2188.52 2.44
2190.54 2.1
2192.54 2.76
2194.52 1.55
2196.54 2.56
2198.54 3.92
2200.54 3.1
2202.52 2.72
2204.58 2.31
2206.52 2.46
2208.54 2.5
2210.78 3.13
2212.78 3.45
2214.78 2.77
2216.78 3.4
2218.78 2.92
2220.78 2.41
2222.78 3.24
2224.78 2.65
2226.79 2.92
2228.78 3.19
2230.78 3.26
2232.78 3.25
2234.78 3.89
2236.78 3.18
2238.79 3.22
2240.78 3.62
2242.78 3.24
2244.78 2.53
2246.78 3.63
2248.78 3.13
2250.78 2.79
2253.46 3.57
2257.62 4.25
2260.34 3.02
2263.83 2.75
2267.62 2.79
2269.95 3.81
2271.48 4.65
2273.76 2.4
2275.95 4.02
2277.47 4.39
2279.37 5.31
2280.38 7.08
2281.2 6.3
2283.59 0.74
2285.27 3.47
2287.76 2.96
2291.62 3.06
2294.5 3.29
2296.08 3.17
2297.74 2.54
2300.55 3.6
2303.8 3.4
2305.54 3.77
2306.58 4.86
2308.02 3.26
2310.52 2.11
2313.3 2.95
2316.95 1.54
2318.91 1.98
2320.8 2.49
2322.14 3.21
2323.63 3.33
2325.83 2.1
2327.47 3.55
2328.62 3.67
2329.98 3.08
2331.47 3.26
2333.02 3.78
2334.27 3.06
2335.95 4.78
2337.94 3.62
2340.56 3.68
2342.39 3.29
2344.48 2.7
2345.58 4.48
2347.88 3.33
2350.94 2.19
2352.87 2.74
2354.34 3.21
2355.35 3.73
2356.15 4.71
2356.79 4.38
2357.63 3.99
2358.71 3.13
2360.78 3.25
2362.78 3.67
2364.78 2.27
2366.78 3.02
2368.78 2.57
2370.79 1.23
2372.78 0.97
2374.79 2.41
2376.79 3.9
2378.76 4.49
2382.52 3.68
2383.98 5.3
2386.52 3.94
2388.55 4.5
2392.46 3.1
2398.86 3.87
2401.0 3.87
2402.94 3.28
2405.39 3.12
2408.23 3.62
2410.75 3.48
2413.78 3.86
2415.83 2.83
2416.9 2.93
2417.9 2.47
2418.99 2.84
2420.03 2.52
2421.1 3.37
2422.07 3.49
2422.74 3.81
2423.54 3.54
2424.27 5.18
2425.31 1.81
2426.79 2.8
2428.78 1.97
2430.79 4.03
2432.78 3.99
2434.78 2.61
2436.78 3.18
2438.78 4.08
2442.07 3.52
2447.12 3.12
2449.14 3.52
2451.19 4.75
2453.14 3.34
2456.4 3.09
2458.99 3.12
2460.7 2.73
2464.02 3.44
2467.44 3.57
2469.15 5.24
2470.96 2.21
2473.23 3.03
2474.95 5.08
2477.18 2.35
2478.35 3.9
2479.83 4.51
2481.4 2.73
2484.42 3.31
2486.27 4.1
2488.78 3.83
2491.31 2.83
2493.42 3.11
2495.68 3.35
2497.58 3.95
2500.18 3.61
2502.47 3.57
2504.27 3.05
2504.9 4.07
2505.66 3.36
2507.18 0.54
2508.81 2.71
2509.87 3.12
2510.67 4.48
2511.83 4.06
2514.23 3.92
2517.7 3.55
2522.02 3.22
2525.1 3.43
2526.55 3.93
2527.59 5.77
2528.6 6.41
2530.66 3.99
2532.63 5.82
2534.6 6.16
2538.26 3.64
2541.15 3.46
2542.64 3.39
2544.1 5.05
2546.79 3.8
2549.36 5.04
2552.26 3.71
2553.62 5.97
2554.87 7.24
2556.38 3.73
2558.0 3.86
2559.3 5.18
2560.82 3.7
2564.35 5.22
2566.46 3.81
2568.79 6.96
2570.15 5.56
2572.38 3.29
2574.5 4.99
2576.38 5.0
2578.3 3.27
2580.42 4.67
2582.75 3.95
2584.9 4.76
2587.48 4.63
2589.39 5.1
2591.26 4.83
2593.18 4.13
2595.1 5.66
2597.28 5.82
2600.1 4.02
2601.94 4.7
2603.75 5.12
2605.15 4.87
2606.95 5.38
2608.02 6.69
2609.38 5.55
2610.68 6.88
2612.46 6.38
2614.18 5.8
2617.11 4.17
2620.02 6.24
2623.34 5.04
2625.51 4.04
2626.94 3.73
2627.82 6.53
2628.76 5.67
2630.0 3.69
2631.54 3.02
2632.82 5.12
2634.66 4.19
2639.08 3.52
2641.0 3.25
2642.9 4.77
2644.82 4.31
2646.38 4.46
2648.11 4.33
2651.06 2.94
2654.03 4.51
2657.38 2.38
2660.78 2.84
2662.74 3.22
2664.54 5.37
2666.7 3.15
2669.16 2.09
2673.71 2.29
2674.9 2.92
2676.51 3.57
2678.82 3.48
2680.59 2.07
2683.02 1.34
2685.24 1.55
2686.63 2.26
2688.04 2.72
2689.34 2.43
2691.23 2.84
2693.72 2.32
2695.87 2.25
2697.34 1.85
2698.5 2.76
2699.68 3.14
2701.19 2.48
2703.02 3.31
2704.82 2.54
2706.51 2.41
2707.94 2.71
2709.34 2.62
2712.34 2.55
2715.15 2.79
2718.1 3.49
2719.9 3.09
2722.58 2.47
2724.63 3.51
2726.62 1.93
2727.99 2.92
2729.26 3.9
2730.79 2.78
2732.36 2.91
2734.42 3.21
2736.16 2.48
2737.7 3.16
2738.98 4.35
2740.38 3.27
2742.43 2.33
2743.84 2.53
2745.1 3.91
2746.95 2.37
2748.71 3.48
2750.3 3.49
2751.94 2.45
2753.82 3.2
2755.28 3.39
2756.38 3.73
2757.7 3.43
2759.55 5.59
2761.81 4.81
2763.84 2.41
2765.78 5.25
2768.1 3.98
2769.98 3.5
2772.95 2.0
2775.39 4.68
2777.62 5.66
2779.74 4.3
2782.7 4.09
2784.67 6.32
2786.22 4.96
2787.98 5.51
2790.86 2.53
2796.92 2.72
2799.28 5.08
2801.96 3.32
2804.54 3.44
2807.96 3.41
2810.94 2.01
2813.3 2.3
2815.8 1.51
2821.82 1.68
2822.4 2.15
2824.82 0.21
2825.58 0.58
2826.26 0.67
2827.5 0.73
2828.71 1.0
2829.49 1.3
2830.26 1.75
2831.34 2.15
2833.59 1.49
2835.06 2.56
2836.87 1.87
2838.38 2.29
2839.74 3.97
2840.77 4.24
2842.22 2.42
2844.17 3.76
2845.98 3.58
2847.21 3.73
2849.3 3.3
2851.3 4.48
2853.31 4.32
2855.3 3.97
2857.3 3.88
2859.31 4.32
2861.29 5.67
2863.33 4.68
2865.29 5.3
2867.3 6.55
2869.29 6.29
2871.7 0.23
2873.3 3.05
2875.3 3.99
2877.29 3.77
2879.29 5.59
2881.31 4.65
2883.3 6.13
2886.05 2.49
2887.53 2.9
2889.51 2.4
2893.31 3.63
2895.15 3.76
2897.02 1.45
2899.58 3.4
2901.37 2.75
2905.51 1.73
2910.82 0.64
2914.98 0.63
2918.69 1.48
2920.02 2.63
2920.93 2.94
2921.93 2.99
2922.81 3.63
2923.58 3.56
2924.26 3.72
2925.46 2.59
2927.73 1.93
2930.37 1.49
2933.42 2.46
2935.69 2.6
2937.26 2.34
2938.61 3.32
2939.9 2.23
2941.06 4.16
2943.29 1.66
2945.14 3.2
2946.78 2.58
2948.5 4.16
2950.09 3.4
2951.34 3.41
2952.46 4.15
2953.98 3.03
2955.3 3.3
2957.3 2.94
2961.89 1.14
2963.97 2.26
2965.54 2.71
2968.38 2.96
2969.18 2.47
2969.78 2.75
2971.31 3.32
2973.29 3.32
2975.31 3.22
2977.3 3.79
2979.29 3.04
2981.29 3.07
2983.31 0.24
2985.3 3.57
2987.31 2.48
2989.33 3.44
2992.07 2.46
2998.98 0.3
3000.86 1.28
3002.98 1.16
3005.57 0.79
3006.82 1.18
3008.38 0.94
3009.53 1.29
3013.15 1.16
3014.26 1.53
3015.37 1.6
3015.94 2.02
3016.77 1.58
3020.79 2.2
3021.51 2.19
3022.18 1.6
3023.31 1.9
3025.31 2.72
3027.3 3.6
3029.33 3.02
3032.31 2.11
3037.3 0.95
3039.97 1.35
3042.34 1.53
3044.62 3.24
3045.89 4.05
3047.57 3.1
3049.69 2.64
3051.9 4.2
3053.54 2.88
3055.37 3.29
3057.49 3.11
3060.34 3.59
3064.06 1.31
3067.47 2.2
3068.86 3.32
3070.33 3.75
3073.19 1.83
3075.1 3.44
3077.02 2.78
3079.17 1.64
3080.53 4.2
3082.17 3.5
3083.09 3.92
3084.82 4.39
3086.66 2.55
3089.42 3.24
3094.54 3.67
3096.29 3.13
3098.06 4.22
3099.02 4.21
3100.57 3.94
3102.1 3.5
3105.75 1.47
3107.21 2.53
3108.83 2.52
3109.94 3.1
3111.61 2.64
3113.81 3.37
3115.34 3.39
3116.62 2.2
3117.13 2.22
3120.15 1.54
3124.03 3.07
3124.66 3.6
3126.48 2.78
3128.17 3.43
3132.84 2.64
3135.41 2.95
3137.68 2.34
3140.16 2.8
3141.92 2.59
3143.24 4.81
3145.1 3.54
3147.48 3.37
3148.68 5.13
3150.12 2.63
3155.16 3.77
3156.96 3.12
3158.24 3.63
3159.6 4.24
3163.04 2.82
3165.33 3.82
3166.72 3.95
3168.52 2.89
3169.97 3.7
3172.68 2.61
3174.97 4.33
3177.04 2.36
3178.73 3.16
3180.12 3.49
3183.11 2.93
3184.57 3.61
3187.03 3.65
3190.0 3.75
3192.19 2.9
3195.48 2.75
3197.51 2.49
3200.88 1.92
3202.49 2.49
3203.79 3.19
3205.12 3.74
3206.2 4.13
3207.24 4.07
3208.33 4.09
3210.33 3.22
3212.27 2.75
3214.6 2.82
3216.64 4.96
3218.57 2.68
3219.67 4.19
3225.6 2.38
3228.92 2.63
3229.93 2.46
3231.45 2.35
3232.81 4.87
3234.41 2.43
3235.23 4.02
3236.44 4.46
3238.67 6.65
3241.91 4.29
3245.83 4.48
3247.19 7.35
3248.71 4.84
3249.59 5.89
3251.04 3.87
3252.39 6.11
3254.32 6.3
3257.92 5.68
3260.83 4.44
3264.28 1.95
3265.92 2.94
3267.99 2.65
3270.55 3.35
3272.97 4.04
3275.31 3.02
3277.59 2.06
3279.05 3.77
3281.48 3.08
3283.32 1.46
3285.8 1.22
3286.87 1.87
3288.36 2.97
3290.55 1.29
3291.54 3.38
3292.27 4.78
3293.07 4.24
3295.03 1.49
3297.3 3.72
3301.23 3.69
3302.82 4.28
3304.06 4.16
3306.5 2.73
3308.95 2.46
3315.43 0.17
3317.8 2.0
3318.79 2.2
3320.75 1.85
3322.46 0.16
3323.73 1.83
3324.73 2.83
3325.85 3.21
3327.72 3.97
3328.49 4.61
3332.42 1.55
3334.22 4.86
3336.56 4.46
3340.2 3.73
3342.76 1.57
3344.18 4.19
3345.69 3.15
3347.6 1.86
3350.48 0.91
3353.46 0.66
3354.92 1.51
3356.52 2.84
3357.77 1.55
3361.44 3.8
3365.48 2.49
3366.49 3.27
3368.09 3.74
3369.84 1.83
3370.8 3.28
3372.92 3.45
3375.17 3.82
3376.6 4.49
3377.68 5.04
3379.76 0.08
3381.0 5.13
3382.14 5.35
3385.66 0.89
3389.82 2.26
3395.04 1.74
3397.66 2.63
3398.26 3.61
3401.59 0.79
3402.39 3.19
3403.14 3.34
3404.3 2.8
3405.22 2.81
3407.7 3.33
3408.54 4.71
3411.56 0.18
3413.22 3.75
3414.86 4.08
3417.14 0.28
3419.03 4.31
3423.59 0.36
3425.86 1.55
3427.7 1.41
3429.46 4.07
3430.31 4.37
3431.9 2.5
3434.48 1.22
3437.74 0.88
3441.15 1.53
3445.3 0.59
3447.38 0.92
3449.22 0.79
3450.66 0.78
3452.3 0.92
3453.9 1.14
3455.2 0.38
3455.87 1.43
3457.28 1.58
3462.52 0.1
3463.33 0.5
3465.37 0.02
3467.29 0.38
3468.84 0.39
3470.28 0.3
3473.64 0.16
3474.52 1.41
3476.6 1.15
3478.8 1.03
3479.64 1.48
3481.0 1.55
3485.11 1.82
3486.74 1.32
3488.99 3.44
3489.87 3.31
3493.5 2.87
3495.85 3.22
