0.0 22.74
0.63 4.25
1.19 23.16
1.85 21.67
2.81 0.05
3.34 46.18
4.16 16.35
4.76 7.6
7.1 4.3
9.09 17.41
11.1 46.93
13.6 46.93
15.6 46.93
17.59 46.93
19.54 46.93
21.59 46.93
23.59 46.93
25.6 46.93
27.6 46.93
29.59 46.93
31.6 46.93
33.59 46.93
35.59 46.93
37.6 46.93
39.59 46.93
41.59 46.93
43.54 46.93
45.6 46.93
47.59 46.93
49.59 46.93
51.59 46.93
53.6 46.93
55.59 46.93
57.59 46.93
59.59 46.93
61.59 46.93
63.6 46.93
65.6 46.93
67.55 46.93
69.6 46.93
71.6 47.1
73.59 44.83
75.6 43.83
77.6 43.83
79.6 43.83
81.59 43.83
83.6 47.1
85.6 47.1
87.59 4.9
89.59 41.27
91.59 45.28
93.59 7.37
95.6 23.16
97.59 16.64
99.59 0.06
101.6 12.23
103.59 37.77
105.59 22.04
107.6 15.97
109.59 16.18
111.6 15.16
113.6 2.47
115.59 3.4
117.62 38.58
119.59 5.17
121.6 37.54
123.6 40.06
125.59 36.76
127.59 31.11
129.59 36.94
131.6 31.92
133.59 31.92
135.59 31.92
137.84 31.92
139.84 31.92
141.85 31.92
143.85 31.92
145.84 31.92
147.84 31.92
149.85 31.92
151.84 31.92
153.84 31.92
155.84 31.92
157.84 31.92
159.84 31.92
161.84 46.63
163.85 46.63
165.85 46.63
167.85 46.63
169.84 46.63
171.84 46.63
173.84 46.63
175.84 46.63
177.84 46.63
179.84 46.63
181.84 46.63
183.84 45.41
185.84 2.4
187.84 32.24
189.84 37.37
191.84 29.71
193.84 29.71
195.84 29.71
197.84 29.71
199.85 29.71
201.84 29.71
203.85 29.71
205.85 29.71
207.84 29.71
209.84 29.71
211.85 29.71
213.84 29.71
215.85 29.71
217.84 29.71
219.85 29.71
221.84 0.14
226.66 4.21
227.64 6.77
228.3 5.95
229.85 6.62
231.85 8.56
233.84 9.42
235.85 10.36
237.84 9.7
239.84 12.53
241.84 14.51
243.84 17.87
245.84 18.05
247.84 21.11
249.84 23.91
251.85 27.37
253.84 27.37
255.84 29.3
257.84 29.84
259.84 29.97
261.85 30.2
263.85 30.05
265.85 27.61
267.84 27.61
269.84 29.86
271.84 30.14
273.84 30.14
275.84 25.68
277.84 25.68
279.84 30.99
281.84 27.09
283.84 33.87
285.84 32.16
287.84 39.99
289.84 39.99
291.84 39.99
293.84 39.99
295.84 39.99
297.84 36.82
299.84 41.28
301.84 41.28
303.85 41.28
305.84 45.45
307.84 22.64
309.84 16.38
311.84 14.35
313.84 36.04
315.84 43.04
317.84 43.04
319.84 43.04
321.84 38.5
323.84 39.89
325.84 0.59
327.85 21.56
329.85 21.56
331.84 22.01
333.85 22.01
335.84 22.01
337.84 39.88
339.84 4.4
341.84 14.74
343.84 20.78
345.85 20.78
347.85 7.73
349.85 41.17
351.85 42.3
353.84 35.86
355.84 41.55
357.84 41.55
359.84 41.55
361.85 3.25
363.84 46.26
365.85 39.5
367.84 39.5
369.84 39.5
371.84 36.76
373.84 9.69
375.84 42.33
377.84 8.45
379.84 9.33
381.85 20.15
383.85 20.28
386.09 24.61
388.09 24.61
390.09 40.79
392.09 0.6
394.03 19.48
396.09 21.18
398.09 21.18
400.09 21.27
402.09 46.35
404.09 46.35
406.09 46.35
408.09 46.35
410.09 46.35
412.09 40.34
414.09 38.98
416.1 38.98
418.05 38.98
420.09 38.98
422.09 38.98
424.1 38.98
426.1 5.42
428.35 4.51
430.35 17.98
432.35 19.55
434.34 13.37
437.59 12.1
442.09 42.29
444.34 6.07
448.54 22.98
450.6 22.98
454.11 22.98
456.09 40.54
460.1 40.54
463.84 26.85
465.85 41.66
469.59 42.41
471.59 42.41
475.85 42.41
480.84 42.41
482.84 42.41
486.34 42.41
488.35 42.41
