0 89.125
1 79.5
2 91.25
3 78.875
4 22.75
5 27.875
6 75.375
7 72.875
8 84.75
9 50.875
10 14.0
11 14.625
12 14.375
13 10.125
14 15.25
15 14.125
16 15.125
17 14.625
18 15.5
19 15.125
20 9.75
21 12.25
22 11.0
23 10.75
24 11.0
25 43.25
26 78.25
27 84.125
28 38.625
29 0.25
30 12.125
31 12.5
32 72.625
33 105.5
34 112.125
35 108.25
36 102.25
37 135.0
38 182.5
39 186.25
40 125.0
41 19.375
42 1.375
43 13.625
44 13.125
45 11.375
46 11.5
47 11.25
48 13.0
49 14.875
50 12.25
51 11.75
52 15.125
53 14.25
54 12.25
55 12.5
56 14.625
57 9.75
58 15.5
59 14.25
60 12.625
61 14.625
62 13.75
63 11.5
64 13.75
65 14.0
66 15.0
67 12.875
68 13.375
69 15.375
70 15.125
71 11.25
72 14.625
73 11.625
74 13.875
75 11.5
76 13.375
77 12.125
78 15.5
79 11.125
80 14.875
81 15.625
82 12.0
83 14.75
84 15.0
85 15.375
86 14.125
87 15.625
88 13.5
89 13.625
90 12.75
91 5.0
92 3.25
93 10.75
94 15.25
95 22.25
96 28.875
97 66.5
98 81.375
99 49.625
100 60.5
101 65.125
102 31.375
103 60.25
104 29.0
105 64.375
106 79.0
107 73.5
108 89.5
109 103.875
110 112.875
111 31.625
112 84.375
113 96.0
114 99.125
115 81.0
116 103.875
117 107.25
118 118.125
119 114.75
120 133.75
121 148.75
122 152.5
123 163.75
124 168.75
125 178.75
126 185.0
127 188.75
128 182.5
129 176.25
130 195.0
131 96.75
132 114.25
133 158.75
134 182.5
135 187.5
136 153.75
137 168.75
138 150.0
139 192.5
140 162.5
141 211.25
142 143.75
143 106.0
144 127.5
145 110.0
146 121.75
147 113.125
148 94.75
149 80.875
150 98.375
151 78.25
152 75.125
153 49.125
154 0.75
155 0.25
156 0.125
157 0.625
158 14.875
159 0.625
160 0.125
161 1.875
162 11.25
163 10.625
164 84.375
165 166.25
166 81.0
167 65.25
168 52.5
169 0.5
170 0.125
171 1.125
172 0.625
173 13.625
174 12.625
175 88.75
176 112.5
177 112.5
178 92.75
179 133.75
180 147.5
181 150.0
182 138.75
183 161.25
184 165.0
185 131.25
186 67.375
187 59.625
188 2.125
189 0.75
190 0.625
191 12.0
192 15.125
193 64.0
194 89.75
195 61.875
196 2.0
197 11.75
198 13.375
199 31.125
200 62.25
201 42.875
202 50.0
203 62.25
204 61.375
205 60.875
206 94.0
207 63.125
208 72.75
209 108.75
210 78.75
211 102.375
212 27.875
213 0.75
214 15.375
215 11.125
216 15.625
217 14.25
218 14.125
