0 7.0
1 13.5
2 29.75
3 37.875
4 6.625
5 4.0
6 4.25
7 0.375
8 15.5
9 22.875
10 30.25
11 24.25
12 3.25
13 14.125
14 13.375
15 10.75
16 13.25
17 14.5
18 13.25
19 15.0
20 12.875
21 11.375
22 28.5
23 34.375
24 36.25
25 2.875
26 1.875
27 1.25
28 7.0
29 13.0
30 15.375
31 37.25
32 50.0
33 51.0
34 61.5
35 56.375
36 11.625
37 0.25
38 1.75
39 3.25
40 3.75
41 3.75
42 3.125
43 15.125
44 14.375
45 15.25
46 12.875
47 11.5
48 12.625
49 15.25
50 14.5
51 14.25
52 14.5
53 14.625
54 12.375
55 11.5
56 12.0
57 13.125
58 13.0
59 13.0
60 15.125
61 13.0
62 12.0
63 14.5
64 15.0
65 12.0
66 14.75
67 12.25
68 13.625
69 13.0
70 12.625
71 14.375
72 13.375
73 10.375
74 15.25
75 15.0
76 15.25
77 15.625
78 14.75
79 14.625
80 11.5
81 13.25
82 14.125
83 12.5
84 13.875
85 13.625
86 14.375
87 17.0
88 24.625
89 29.0
90 27.875
91 29.375
92 35.375
93 31.5
94 36.5
95 51.75
96 51.75
97 55.0
98 72.375
99 69.5
100 75.875
101 76.125
102 116.625
103 91.375
104 124.75
105 120.0
106 105.375
107 119.375
108 157.5
109 176.25
110 163.75
111 90.75
112 86.125
113 107.125
114 12.375
115 36.875
116 15.875
117 0.5
118 1.125
119 4.25
120 4.875
121 5.75
122 11.25
123 15.5
124 38.125
125 49.5
126 56.875
127 63.25
128 55.0
129 57.625
130 56.375
131 64.625
132 61.75
133 63.0
134 68.5
135 75.75
136 70.875
137 59.75
138 63.25
139 63.75
140 72.625
141 73.375
142 67.625
143 66.5
144 81.25
145 82.625
146 68.75
147 93.0
148 76.625
149 70.75
150 80.125
151 80.5
152 86.875
153 88.5
154 84.5
155 83.375
156 84.625
157 91.25
158 19.375
159 4.625
160 12.75
161 14.125
162 67.875
163 114.25
164 125.0
165 145.0
166 136.25
167 160.0
168 170.0
169 122.75
170 79.5
171 50.875
172 9.625
173 2.0
174 1.0
175 4.5
176 8.625
177 1.0
178 10.875
179 15.125
180 32.0
181 52.75
182 21.0
183 2.375
184 1.25
185 1.125
186 5.125
187 2.125
188 14.25
189 14.125
190 39.375
191 44.375
192 44.625
193 57.25
194 50.625
195 64.5
196 52.125
197 67.0
198 81.5
199 74.875
200 62.75
201 21.625
202 6.375
203 41.875
204 5.0
205 16.5
206 0.5
207 0.125
208 1.125
209 12.375
210 10.5
211 15.125
212 18.5
213 22.5
214 23.75
215 33.375
216 43.625
217 42.375
218 58.25
219 63.375
220 72.875
221 62.875
222 63.875
223 65.5
224 76.875
225 71.25
226 85.0
227 69.5
228 84.625
229 102.0
230 103.125
231 114.25
232 119.125
233 102.625
234 82.75
235 77.75
236 85.625
237 95.75
238 85.25
239 75.25
240 52.375
241 69.375
242 33.5
243 0.125
244 13.5
