0.0 0.45
3.32 0.45
4.19 0.48
5.38 0.58
6.35 0.49
8.08 0.38
9.31 0.07
11.28 0.32
13.35 0.61
14.85 0.62
18.14 0.01
18.81 0.54
20.7 0.23
21.45 0.65
23.09 0.88
25.14 0.31
26.04 0.86
27.54 0.79
28.05 1.4
29.25 1.33
31.03 1.39
32.44 1.72
36.58 2.56
37.84 3.12
38.7 3.42
43.55 2.98
46.7 3.43
52.48 0.29
53.96 2.91
54.97 2.64
56.65 2.32
58.6 2.18
59.54 2.47
60.99 3.74
62.41 2.81
63.92 2.18
65.48 3.22
70.0 0.84
72.01 1.38
74.59 1.86
75.36 2.97
76.8 1.91
78.72 2.14
80.39 1.38
82.04 1.71
85.81 3.1
88.16 2.39
89.84 3.04
91.07 2.35
93.14 2.64
94.63 2.95
95.7 2.66
96.38 2.99
99.51 1.03
103.21 3.06
105.85 1.87
107.63 3.12
108.54 2.4
109.96 2.24
112.75 3.39
116.24 2.1
119.29 0.3
124.73 0.77
128.8 0.1
130.17 0.46
131.39 0.33
133.12 0.46
134.2 0.94
135.07 1.36
136.03 1.2
137.24 0.82
138.16 1.17
138.96 1.79
140.19 1.97
145.46 1.94
147.05 0.69
148.05 0.93
150.55 1.97
152.57 1.59
155.52 1.51
157.25 0.96
159.23 0.66
160.07 1.57
160.87 1.63
162.47 1.55
165.14 2.23
166.16 1.36
168.21 1.53
171.5 1.46
176.67 1.33
178.64 1.45
179.94 0.18
182.32 1.26
187.03 0.62
188.71 0.66
190.04 0.48
191.95 0.95
193.36 1.14
194.72 0.88
195.66 0.32
198.37 0.6
204.15 0.45
204.95 1.16
205.56 1.71
206.92 3.13
207.92 3.24
209.29 3.39
210.43 2.43
211.41 2.33
212.41 3.26
214.72 2.87
222.35 1.85
224.07 2.86
225.58 3.12
236.64 2.88
238.0 1.26
240.29 0.27
241.37 1.58
243.09 3.07
243.69 1.25
245.49 1.32
246.74 1.77
247.89 3.94
249.35 2.09
251.05 1.25
256.88 3.29
257.45 3.74
258.15 2.63
259.31 2.61
259.89 3.41
261.94 1.94
262.56 2.8
263.44 3.18
265.25 2.63
268.71 0.16
273.26 1.92
277.65 0.42
280.5 2.02
281.46 2.84
282.16 2.9
282.95 2.93
285.04 2.37
285.85 3.34
288.05 3.5
290.35 2.69
299.53 2.63
300.22 2.61
301.5 3.45
303.41 3.39
304.18 2.13
305.2 2.65
307.73 2.3
309.29 2.63
313.1 0.53
319.95 1.82
320.53 1.68
321.21 1.5
321.79 3.24
323.07 3.14
324.23 2.89
326.39 2.58
332.61 1.75
334.06 2.12
336.69 0.89
340.21 1.16
341.44 2.02
342.18 2.37
342.89 3.05
343.7 2.75
345.19 2.9
347.07 2.72
348.28 2.24
350.34 1.97
360.44 0.65
361.8 2.8
363.07 2.99
363.9 3.47
365.5 3.06
367.37 1.92
371.23 0.94
374.75 0.26
375.76 1.04
376.81 2.7
377.56 2.83
378.78 2.71
379.56 1.88
380.87 3.42
386.48 2.95
390.59 0.44
392.87 0.9
393.42 2.08
394.74 2.05
396.36 2.75
398.17 3.07
399.21 2.92
400.26 2.48
402.47 1.76
406.53 1.8
411.94 3.01
412.87 2.86
414.06 3.19
416.28 3.21
417.54 2.71
418.77 3.19
419.6 3.48
420.88 2.78
423.25 1.04
428.22 0.07
429.49 2.63
430.73 3.01
431.94 3.06
433.57 3.1
435.31 2.44
436.69 2.91
438.9 3.21
444.62 0.29
446.86 0.55
447.49 2.35
449.07 3.13
450.55 1.41
452.16 2.56
454.0 2.96
456.2 3.46
457.27 1.57
459.18 0.39
461.48 1.05
464.27 1.15
466.79 2.87
468.85 2.63
472.36 0.73
473.44 2.8
474.99 2.42
476.1 3.25
478.38 0.41
479.74 3.08
480.8 2.89
483.12 2.28
487.96 1.4
489.48 1.11
490.93 3.31
492.56 2.79
494.29 3.27
496.09 3.26
497.5 2.85
499.86 3.63
504.07 1.69
505.33 2.58
512.46 1.79
513.85 2.19
515.18 2.33
516.77 3.24
518.5 2.72
519.81 2.72
521.95 2.64
524.2 0.06
530.56 1.0
531.25 2.27
532.48 2.88
533.8 0.84
536.02 2.77
537.83 2.92
538.71 2.63
549.58 2.83
550.41 2.87
551.84 3.29
552.96 3.38
555.17 2.65
556.93 1.53
559.08 1.61
561.21 1.07
565.9 0.9
567.3 1.71
568.37 1.3
569.13 1.81
570.1 2.74
571.62 2.78
573.13 3.28
574.46 3.72
577.44 1.2
579.77 1.92
580.85 2.33
582.47 2.37
591.39 1.08
592.42 2.16
593.28 2.17
593.97 1.55
594.47 3.09
595.07 2.6
597.07 2.13
599.02 3.06
602.65 0.61
606.75 0.01
607.73 1.06
608.72 2.99
609.29 2.17
610.07 2.07
613.16 2.48
615.04 2.98
616.49 2.4
617.63 2.21
624.42 0.85
625.76 3.17
626.98 2.74
629.3 2.23
631.92 2.64
632.69 2.89
633.61 3.13
636.38 2.05
644.45 2.79
645.05 3.21
645.72 2.26
647.55 2.94
649.02 3.3
650.48 3.05
651.56 1.62
652.4 2.4
654.23 2.54
658.39 0.55
661.67 1.7
663.91 2.78
665.75 2.51
666.99 3.03
667.65 3.4
670.28 3.58
673.86 1.63
675.3 3.65
676.85 3.07
680.73 1.59
684.5 0.22
686.28 2.96
687.66 3.34
689.4 1.86
691.92 1.35
696.53 1.68
697.61 3.39
698.92 2.95
699.53 2.08
700.96 2.18
702.43 2.48
705.57 2.73
709.5 2.12
711.61 3.77
715.06 1.97
716.6 1.46
717.3 2.55
721.05 0.33
722.26 2.51
724.41 2.54
728.28 0.99
730.37 0.59
731.01 2.42
732.75 2.98
734.28 2.07
735.51 2.84
737.04 2.35
738.29 3.21
740.12 2.55
742.57 2.65
747.32 0.39
749.89 2.65
750.7 3.24
753.04 3.22
754.82 3.08
756.38 2.65
758.53 3.35
760.75 1.89
763.56 1.18
767.87 2.2
768.61 2.6
769.83 3.36
772.0 2.64
773.69 3.44
775.54 2.29
778.37 2.42
779.41 1.67
780.92 0.22
783.4 0.94
785.01 2.06
786.41 2.57
787.01 2.38
788.15 3.34
789.16 3.3
793.05 2.21
796.73 3.88
800.64 0.13
801.15 0.52
804.0 3.14
805.47 3.26
807.76 2.19
808.79 3.02
811.11 3.45
813.3 1.8
814.09 2.78
821.05 0.96
822.37 1.51
823.67 3.19
825.66 2.57
827.88 3.43
829.18 2.89
834.53 1.24
836.02 3.17
838.31 2.49
843.53 0.28
845.14 1.96
845.73 1.83
846.35 2.52
848.21 3.1
849.92 2.65
851.97 2.6
853.5 3.29
855.45 0.81
857.9 0.61
860.1 2.98
862.44 2.31
866.36 0.53
870.38 1.29
871.15 3.13
872.08 2.54
872.95 1.73
873.81 4.21
875.41 2.78
878.12 3.52
878.99 2.77
880.46 2.38
885.27 0.44
889.15 1.69
891.16 1.76
891.89 3.29
893.1 2.96
893.63 3.28
895.34 1.89
897.23 3.42
900.85 0.62
905.15 0.65
906.79 1.24
907.47 1.55
908.39 3.54
909.79 1.32
911.63 3.32
913.24 2.4
914.04 4.03
916.06 3.43
925.11 1.08
925.79 3.24
927.05 2.27
928.97 2.77
930.97 2.8
932.15 2.19
934.15 2.29
938.64 0.08
941.81 0.71
944.72 1.73
946.09 1.98
946.86 3.58
947.66 2.69
948.6 3.03
950.0 2.55
953.9 0.88
955.63 3.29
957.57 2.72
961.19 3.31
962.53 2.37
963.48 1.59
968.02 2.58
971.21 0.81
972.82 2.88
973.92 3.66
975.76 1.46
980.61 0.12
981.48 1.36
983.16 0.17
984.21 2.85
985.18 2.32
986.2 2.6
987.49 2.73
988.62 2.26
990.05 3.14
990.95 3.08
992.44 3.57
997.74 2.73
999.31 2.68
1003.67 0.6
1006.6 0.73
1007.19 2.35
1008.66 2.31
1010.41 1.69
1011.89 3.32
1012.82 3.01
1014.76 3.8
1020.01 1.47
1024.17 2.79
1025.9 3.33
1027.49 3.05
1029.77 3.14
1035.76 1.1
1036.7 3.29
1037.39 2.87
1039.4 3.01
1041.0 1.62
1043.28 2.26
1044.81 3.27
1046.05 1.12
1048.7 0.05
1050.74 2.63
1052.54 3.03
1058.93 0.48
1059.88 0.53
1061.11 1.7
1061.91 1.94
1063.26 2.2
1064.6 2.24
1065.79 1.69
1066.46 3.12
1067.31 1.72
1069.22 2.19
1086.88 1.76
1087.92 2.11
1088.57 1.7
1089.52 0.13
1092.61 0.55
1094.11 0.18
1095.62 0.7
1096.9 1.74
1098.58 2.01
1100.1 2.49
1100.67 2.32
1101.34 2.12
1102.09 2.06
1103.38 2.22
1104.96 2.19
1107.97 0.86
1116.35 1.76
1117.33 2.82
1118.08 2.18
1119.27 2.96
1121.05 3.67
1122.18 2.88
1123.16 3.58
1123.9 2.05
1129.96 0.45
1132.62 2.75
1133.7 2.19
1134.88 3.32
1136.76 3.25
1137.63 2.94
1140.42 2.4
1143.47 1.82
1146.44 0.92
1148.1 0.2
1149.5 2.46
1151.34 2.06
1152.42 2.85
1154.02 2.95
1155.74 3.09
1157.52 2.89
1159.53 0.79
1162.64 2.67
1165.45 0.07
1167.07 0.44
1168.25 2.57
1169.05 0.55
1169.93 3.18
1171.94 2.38
1173.93 2.89
1175.93 1.35
1179.35 1.47
1186.22 0.26
1188.15 1.38
1189.55 1.29
1191.7 2.28
1193.17 2.77
1194.49 2.61
1195.95 2.59
1201.99 0.67
1203.65 1.63
1204.64 2.68
1205.66 2.8
1212.48 2.61
1216.33 1.53
1222.83 0.54
1224.63 0.41
1225.92 0.74
1226.54 2.25
1227.39 3.28
1228.01 2.85
1229.22 3.06
1230.16 3.43
1231.91 1.53
1232.92 3.44
1234.35 2.59
1244.82 1.31
1247.35 0.01
1247.92 2.14
1249.27 0.36
1249.94 3.46
1251.07 4.17
1253.09 3.32
1257.2 0.77
1259.12 0.44
1262.11 0.28
1263.87 1.6
1265.57 1.71
1266.13 2.46
1266.66 0.34
1268.15 2.35
1274.1 1.43
1277.65 3.09
1280.1 0.68
1281.73 0.3
1283.72 0.7
1285.55 1.05
1287.16 2.26
1288.09 4.14
1289.18 3.27
1290.19 3.41
1291.75 2.96
1294.04 2.38
1295.86 2.5
1299.72 1.08
1302.79 1.33
1303.93 1.17
1305.18 3.34
1306.81 1.38
1308.58 2.86
1310.29 2.68
1312.32 2.27
1315.21 1.19
1318.96 0.08
1321.56 1.05
1322.84 2.19
1323.7 2.44
1324.64 3.28
1326.49 4.02
1329.25 3.15
1331.37 2.72
1335.24 0.67
1339.19 0.79
1341.83 0.73
1343.39 2.32
1344.1 3.55
1344.8 3.36
1345.62 3.11
1346.45 2.83
1347.21 3.45
1347.9 3.38
1349.26 2.96
1351.25 3.45
1353.25 2.71
1355.25 3.44
1357.28 0.87
1359.25 2.83
1361.29 2.59
1373.79 2.58
1377.1 2.63
1378.92 2.85
1379.6 2.9
1381.21 0.56
1382.29 2.48
1383.13 2.88
1383.67 3.21
1384.21 2.63
1386.28 0.42
1388.45 2.59
1389.96 3.23
1395.56 2.79
1397.28 3.64
1399.31 1.28
1400.01 2.68
1400.62 1.97
1402.32 2.35
1405.1 0.75
1409.04 1.12
1410.91 0.93
1412.79 0.37
1414.06 2.89
1416.27 1.47
1419.38 1.02
1421.16 3.3
1427.44 0.62
1429.34 0.87
1429.93 1.35
1430.8 1.81
1431.43 0.28
1432.49 3.09
1434.24 3.5
1435.79 3.31
1438.3 2.74
1442.74 0.4
1444.06 3.27
1447.13 0.22
1449.17 1.89
1450.07 2.45
1457.15 1.06
1458.28 0.28
1460.01 1.31
1462.02 3.36
1463.05 2.6
1464.06 2.72
1465.11 3.1
1467.91 2.71
1471.96 0.47
1476.95 0.75
1480.3 0.04
1481.93 0.86
1482.76 1.7
1483.27 3.02
1483.8 3.37
1484.97 3.4
1486.32 2.53
1487.63 2.79
1489.3 2.77
1491.14 1.47
1495.26 0.17
1499.08 0.23
1501.15 0.15
1501.96 1.76
1502.76 0.72
1503.53 1.43
1506.11 2.17
1507.34 2.77
1508.09 3.36
1513.0 1.1
1515.84 2.08
1516.93 4.02
1517.85 3.16
1519.47 2.85
1520.83 2.98
1523.42 0.62
1537.86 3.7
1538.48 3.34
1539.23 2.16
1540.04 3.48
1541.08 2.59
1543.28 3.5
1550.62 0.39
1551.36 0.76
1553.68 1.74
1554.2 0.85
1555.46 3.27
1557.14 2.2
1559.65 2.02
1561.41 2.68
1564.85 1.37
1570.87 1.85
1572.05 2.38
1573.06 3.38
1573.94 3.51
1574.74 3.15
1576.0 2.82
1578.07 2.56
1581.3 1.01
1583.11 0.43
1590.18 1.91
1592.03 2.64
1593.0 4.14
1594.49 4.35
1595.89 3.65
1597.39 0.79
1600.69 0.46
1606.65 2.15
1608.33 1.07
1609.82 2.12
1612.51 3.22
1614.87 2.65
1619.41 0.15
1623.01 1.39
1623.59 0.46
1624.17 1.38
1626.84 3.17
1628.76 3.23
1629.59 2.96
1630.91 2.7
1633.53 1.51
1640.87 0.8
1643.7 1.19
1644.69 1.79
1645.97 3.45
1647.42 3.18
1648.71 4.29
1649.21 2.6
1651.43 0.62
1654.92 0.93
1656.97 1.91
1658.27 3.84
1659.45 3.1
1661.85 0.81
1667.9 0.33
1671.78 1.54
1672.7 2.09
1673.85 3.2
1674.88 2.86
1676.96 2.85
1682.85 0.03
1687.5 1.6
1688.53 2.03
1690.25 1.86
1691.62 3.23
1693.19 2.88
1694.12 2.64
1696.12 3.32
1699.79 2.75
1701.24 3.0
1704.6 1.38
1711.99 0.27
1714.18 0.49
1714.89 1.44
1716.42 1.99
1717.09 2.65
1718.13 3.09
1719.87 2.95
1721.45 3.3
1723.29 3.4
1729.44 0.13
1732.63 0.42
1734.68 0.68
1736.33 1.41
1737.74 1.07
1739.29 2.34
1740.35 2.54
1741.78 3.09
1743.48 3.3
1744.8 2.7
1746.23 2.39
1748.96 2.17
1751.38 1.52
1755.32 0.54
1757.36 0.13
1758.2 1.95
1758.81 1.65
1760.14 3.01
1761.53 3.35
1764.15 2.15
1767.27 2.18
1773.0 0.34
1775.58 0.53
1777.5 0.27
1780.66 1.41
1781.92 2.86
1782.84 3.01
1783.82 3.07
1784.94 2.09
1786.25 3.63
1788.11 2.23
1790.1 2.02
1791.78 2.31
1798.99 0.43
1800.15 1.59
1801.1 2.04
1801.84 3.04
1802.64 2.96
1803.71 3.54
1805.82 3.18
1808.1 2.7
1809.32 3.61
1812.98 0.46
1814.55 2.1
1817.28 0.35
1819.69 3.21
1821.38 3.05
1824.57 0.72
1826.0 2.16
1829.1 1.37
1834.91 0.1
1835.61 0.84
1836.51 1.09
1837.39 0.82
1838.02 2.87
1838.54 2.63
1839.46 2.44
1840.44 1.57
1842.18 2.71
1843.86 2.05
1845.54 2.59
1850.22 2.57
1851.61 2.77
1854.73 1.8
1857.18 0.5
1860.5 1.61
1862.18 1.74
1863.51 2.75
1865.19 1.23
1866.67 1.5
1869.21 3.2
1873.07 0.03
1877.49 1.11
1878.47 1.42
1879.93 2.02
1880.67 2.33
1881.31 1.73
1882.11 2.85
1883.0 2.11
1883.76 2.88
1886.02 3.21
1890.24 1.36
1899.96 1.43
1900.56 2.97
1901.3 3.39
1903.09 2.67
1903.65 1.51
1904.21 2.73
1908.38 1.6
1909.23 2.67
1914.7 0.96
1915.86 2.96
1918.77 1.76
1922.01 0.37
1924.45 2.07
1925.28 3.28
1926.44 2.82
1928.14 2.88
1929.54 2.72
1932.51 2.49
1934.54 1.85
1940.4 0.29
1942.85 1.99
1943.71 1.72
1945.4 2.36
1946.48 3.58
1947.3 2.59
1949.33 3.09
1952.02 3.14
1954.98 1.3
1958.89 0.96
1959.66 3.53
1961.16 3.2
1962.5 2.34
1964.31 3.7
1967.72 0.43
1971.55 1.26
1972.22 0.96
1973.44 3.32
1974.88 3.06
1976.56 3.76
1978.11 3.62
1979.69 2.97
1980.8 3.29
1982.54 3.1
1989.78 1.18
1991.18 1.68
1992.55 2.05
1993.59 3.15
1994.86 2.22
1996.06 2.68
1997.59 2.05
1999.73 2.91
2003.06 1.92
2006.11 2.21
2009.95 0.19
2013.61 0.59
2014.73 1.54
2015.67 1.47
2016.34 2.0
2016.96 2.95
2017.68 2.22
2019.42 2.46
2020.9 3.41
2022.38 2.83
2024.16 3.28
2027.32 0.15
2028.67 1.0
2030.99 2.31
2036.54 0.35
2039.29 2.52
2040.05 2.83
2041.56 1.35
2042.82 3.24
2044.08 3.33
2045.5 3.47
2047.32 3.51
2050.17 0.78
2056.46 0.49
2059.24 1.66
2060.07 3.41
2060.95 3.29
2062.22 2.75
2063.66 3.48
2064.83 2.28
2065.88 1.56
2069.63 0.28
2071.43 2.47
2072.83 3.09
2078.15 1.11
2079.95 0.57
2081.57 1.07
2083.4 2.64
2084.66 2.24
2085.77 2.31
2086.73 3.78
2089.84 2.11
2091.04 2.15
2096.39 0.12
2098.85 0.98
2100.55 1.24
2101.97 1.81
2103.32 2.24
2104.28 2.38
2106.21 2.03
2107.95 3.37
2109.51 2.51
2110.99 3.18
2112.51 2.61
2114.01 2.37
2116.95 1.05
2122.71 3.61
2123.73 3.31
2124.73 2.08
2125.62 3.12
2127.7 2.64
2130.11 2.81
2132.18 2.16
2136.37 1.42
2137.38 3.4
2138.42 2.93
2141.96 2.05
2143.14 2.97
2146.98 1.03
2150.59 0.8
2152.27 4.02
2153.16 2.64
2153.91 2.87
2154.6 1.57
2155.26 3.88
2157.08 2.75
2159.37 3.05
2161.73 2.73
2167.03 0.65
2169.15 1.49
2171.14 1.74
2172.09 4.08
2173.22 3.04
2175.39 3.37
2177.04 3.28
2178.33 2.97
2179.78 3.02
2182.15 2.16
2187.3 0.65
2188.8 1.31
2190.0 2.59
2191.29 0.96
2192.22 2.94
2193.78 2.54
2195.85 1.13
2197.99 3.56
2200.92 2.64
2205.2 1.45
2206.43 1.04
2207.39 3.28
2208.78 2.09
2209.91 3.04
2211.77 2.54
2212.85 3.45
2214.77 3.9
2216.34 3.25
2217.94 2.28
2219.87 3.39
2222.42 3.23
2224.76 2.76
2226.6 2.88
2229.7 1.85
2234.14 1.95
2237.94 1.87
2239.66 1.17
2241.27 1.93
2242.82 1.55
2244.89 1.21
2246.48 0.87
2247.53 2.59
2249.68 1.58
2251.38 1.2
2252.61 1.59
2254.96 1.48
2256.05 3.22
2257.47 3.21
2259.72 2.44
2261.33 3.58
2262.73 3.48
2264.48 2.26
2266.32 2.7
2267.9 2.41
2269.59 1.94
2271.52 2.34
2273.58 2.84
2276.36 3.67
2278.1 2.56
2279.91 2.65
2281.72 1.82
2283.01 2.38
2284.6 3.06
2285.9 2.18
2287.77 2.82
2289.67 2.41
2291.67 2.8
2293.68 2.89
2295.68 2.4
2299.32 2.11
2304.05 2.06
2305.37 2.53
2308.41 2.17
2310.24 2.23
2313.1 1.86
2316.85 1.02
2318.45 1.56
2320.33 1.5
2322.2 3.7
2323.37 1.74
2324.59 2.1
2327.23 1.04
2333.81 0.45
2334.87 1.21
2336.36 1.73
2336.99 1.72
2339.12 0.28
2340.74 1.39
2341.5 1.57
2342.62 2.08
2343.78 1.23
2346.16 0.35
2349.08 0.54
2352.98 0.33
2354.0 0.64
2356.32 0.15
2359.01 0.65
2362.75 0.19
2365.93 0.28
2367.46 0.24
2370.35 0.25
2371.07 0.28
2371.91 0.86
2372.56 0.87
2373.57 0.76
2374.46 2.99
2375.53 3.11
2377.53 1.71
2387.0 0.59
2388.39 0.47
2389.43 0.59
2391.09 0.55
2392.74 0.66
2393.72 0.21
2394.59 0.64
2398.5 0.53
2401.62 0.45
2403.18 0.29
2404.18 0.53
2405.22 0.99
2405.83 0.93
2410.88 0.01
2413.66 0.68
2416.39 0.63
2418.42 0.29
2420.2 0.95
2420.82 0.72
2423.72 0.59
2426.23 0.66
2430.74 0.36
2432.97 0.44
2433.68 0.41
2434.71 0.28
2437.35 0.47
2438.7 0.66
2440.63 0.02
2441.63 0.57
2442.67 0.5
2448.34 0.76
2448.99 0.85
2449.97 0.53
2451.91 0.71
2454.37 0.59
2456.07 0.63
2459.61 0.47
2460.84 0.62
2461.61 0.82
2463.22 0.75
2465.48 0.83
2471.6 0.24
2473.38 0.61
2475.62 0.37
2478.33 0.46
2481.41 0.25
2483.09 0.5
2483.77 0.66
2487.53 0.42
2489.15 0.43
2490.45 0.46
2491.51 0.55
2493.18 0.54
2494.91 0.79
2496.77 0.44
2498.01 0.94
2499.21 1.18
2500.14 1.5
2502.11 0.4
2504.95 0.59
2508.76 0.33
2509.66 0.64
2512.38 0.77
2513.31 0.86
2516.48 0.97
2518.04 0.63
2519.26 0.76
2521.48 0.83
2523.35 0.42
2525.66 0.41
2528.93 0.55
2530.0 0.62
2530.84 0.69
2534.16 0.62
2535.66 0.65
2536.27 0.87
2536.87 0.94
2542.79 0.74
2545.88 0.59
2547.8 0.04
2549.34 0.6
2551.1 0.45
2552.09 1.03
2553.41 0.94
2554.58 0.8
2555.66 0.92
2557.3 0.8
2570.08 0.52
2570.69 0.51
2573.02 0.23
2573.73 0.7
2574.63 0.44
2577.18 0.17
2578.67 0.36
2580.2 0.31
2580.9 0.52
2583.6 0.37
2585.33 0.34
2587.22 0.36
2589.78 0.43
2591.05 0.49
2591.8 0.4
2595.71 0.04
2597.9 0.42
2599.6 0.53
2601.09 0.45
2602.22 0.56
2603.99 0.68
2605.87 0.58
2607.39 0.47
2609.31 0.43
2610.61 0.69
2612.49 0.83
2614.87 0.48
2615.47 2.54
2616.35 2.85
2618.3 3.26
2619.81 1.56
2621.94 3.29
2623.94 3.37
2625.93 3.42
2631.44 0.18
2636.17 2.27
2637.33 2.41
2638.9 3.2
2640.01 2.71
2642.25 3.17
2644.36 3.54
2645.41 1.68
2646.35 1.75
2655.42 2.39
2657.3 3.45
2659.04 2.79
2660.09 3.39
2661.43 2.48
2663.62 2.22
2665.82 3.4
2667.13 2.13
2668.88 3.08
2670.75 2.15
2672.93 2.72
2675.04 1.52
2677.28 2.63
2679.46 3.15
2681.45 3.32
2683.46 1.13
2685.39 3.26
2687.46 2.86
2689.7 3.16
2692.02 2.86
2694.84 1.79
2697.4 1.39
2701.42 0.8
2704.64 1.35
2706.08 1.84
2707.77 1.39
2709.38 0.91
2711.73 0.27
2713.59 1.3
2715.69 0.07
2716.84 0.85
2718.03 0.1
2718.66 1.09
2719.4 0.33
2720.08 1.14
2720.98 1.18
2722.27 1.2
2724.75 1.43
2725.4 1.51
2727.36 1.51
2729.32 1.49
2731.16 1.24
2734.65 2.09
2739.45 0.35
2741.91 0.45
2745.59 0.07
2746.42 0.45
2747.64 0.5
2749.59 0.52
2751.08 0.51
2754.73 0.01
2757.86 0.51
2759.11 0.24
2759.72 0.31
2761.54 0.4
2762.95 0.82
2764.15 1.37
2765.15 0.96
2765.91 2.87
2766.8 3.0
2767.97 3.02
2770.53 2.15
2773.21 0.89
2779.11 0.74
2781.74 2.14
2783.08 2.54
2785.28 1.22
2786.77 3.41
2788.28 3.39
2789.52 2.07
2791.06 2.78
2793.43 0.5
2797.61 1.14
2800.41 1.07
2801.11 2.98
2802.03 1.77
2803.78 2.04
2805.61 2.17
2807.48 2.05
2809.55 2.38
2814.75 0.1
2817.28 1.03
2818.2 3.86
2819.18 3.42
2820.07 2.87
2821.65 2.69
2824.09 2.11
2826.01 2.74
2829.09 0.48
2834.9 1.03
2835.76 2.96
2836.88 2.57
2838.15 2.05
2839.66 3.46
2841.46 3.3
2843.23 3.58
2845.73 2.02
2850.82 0.66
2851.96 1.57
2853.4 1.82
2854.93 1.86
2856.48 2.94
2857.42 2.52
2858.61 3.19
2859.8 2.18
2861.13 2.5
2862.78 3.08
2865.82 0.33
2867.82 2.93
2869.79 2.46
2874.72 0.66
2876.02 1.82
2877.0 1.82
2878.58 2.4
2879.67 2.92
2881.17 1.75
2882.4 3.28
2884.77 2.3
2886.37 3.38
2888.58 1.22
2893.48 0.89
2894.83 2.58
2896.1 2.89
2897.76 3.13
2899.0 3.22
2900.45 3.05
2902.2 3.24
2903.84 3.09
2906.22 1.59
2909.21 2.75
2910.7 3.43
2912.65 0.33
2915.46 2.56
2917.23 2.52
2920.18 1.32
2924.78 3.2
2925.7 2.14
2926.77 3.21
2928.03 2.91
2929.32 3.16
2931.42 3.07
2933.13 2.78
2934.6 3.2
2936.78 0.35
2939.23 3.28
2940.94 3.36
2945.21 0.4
2948.21 1.7
2949.36 2.77
2950.54 2.96
2952.26 2.19
2954.35 3.83
2956.19 3.14
2957.39 1.91
2959.6 1.85
2965.71 0.01
2967.03 1.4
2968.55 1.29
2969.35 2.95
2970.68 2.26
2972.26 0.53
2974.01 1.93
2975.58 2.92
2977.8 1.97
2984.33 0.55
2986.03 1.31
2986.89 1.02
2987.49 2.25
2988.34 2.99
2989.81 3.01
2991.17 3.13
2992.8 2.68
2994.74 2.6
2997.33 1.37
2999.53 1.89
3001.21 3.33
3007.67 0.56
3008.74 2.69
3009.62 3.1
3010.8 2.49
3012.28 3.53
3013.87 1.91
3015.32 3.03
3016.58 3.42
3018.21 2.36
3020.45 1.11
3023.11 2.42
3024.48 3.08
3026.69 0.36
3029.72 1.55
3031.3 2.39
3034.92 1.03
3036.02 3.58
3037.36 2.23
3042.28 0.92
3043.02 3.21
3044.8 0.27
3046.95 2.2
3048.56 3.17
3051.32 1.1
3056.44 1.28
3059.35 0.49
3060.48 0.83
3061.66 1.65
3062.24 2.98
3062.88 2.68
3063.52 2.47
3064.42 2.96
3066.16 2.53
3068.07 0.59
3074.1 0.89
3074.85 3.74
3076.3 2.41
3077.66 3.23
3079.13 2.71
3080.71 3.04
3082.47 3.11
3085.24 2.28
3089.51 0.8
3091.22 2.61
3094.33 0.7
3096.43 2.57
3099.84 0.07
3109.48 0.55
3110.36 2.91
3111.08 1.1
3113.01 1.62
3114.21 1.63
3116.98 0.3
3121.48 2.02
3122.53 2.0
3123.27 2.37
3124.31 2.96
3125.87 2.61
3127.85 2.59
3129.85 1.3
3131.38 2.38
3135.61 2.01
3136.96 1.44
3140.15 0.42
3145.51 0.24
3147.13 0.51
3149.06 2.04
3149.97 3.59
3150.9 1.82
3151.56 1.53
3153.04 1.91
3155.64 2.39
3158.59 0.75
3159.89 0.87
3161.53 1.4
3162.4 1.72
3164.68 0.18
3166.61 0.55
3170.21 2.03
3171.05 2.86
3172.4 3.43
3174.01 2.25
3175.93 1.97
3180.46 2.08
3183.39 1.54
3186.45 3.03
3188.39 0.11
3189.58 2.81
3190.38 2.74
3191.62 2.4
3193.28 1.29
3197.27 0.14
3199.45 1.8
3200.23 1.95
3201.12 1.42
3202.18 1.3
3203.49 2.26
3204.52 3.23
3205.62 1.19
3206.97 3.36
3209.81 3.93
3217.43 2.24
3218.78 3.3
3220.06 3.22
3221.96 0.88
3223.53 3.31
3226.13 2.72
3230.82 0.23
3234.93 1.19
3235.81 2.38
3236.93 2.78
3238.33 2.22
3239.44 3.18
3241.35 3.54
3242.24 1.47
3242.92 3.55
3243.89 2.86
3245.07 2.12
3245.64 2.91
3247.48 1.14
3249.25 0.69
3250.73 1.93
3252.57 0.98
3255.63 2.68
3256.51 3.11
3258.57 3.27
3260.73 2.1
3262.58 2.56
3264.57 3.25
3266.58 1.56
3268.58 3.25
