0.0 109.11
2.0 143.97
4.0 150.43
6.0 8.29
8.0 139.97
10.01 8.5
12.01 149.2
14.0 145.75
16.0 7.83
18.01 149.27
20.01 7.15
22.0 172.85
24.01 184.53
26.01 199.54
28.0 203.47
30.0 8.56
32.01 215.86
34.01 8.57
36.0 248.09
38.01 258.7
40.01 8.56
42.0 260.86
44.01 8.55
46.01 245.68
48.0 235.65
50.0 235.65
52.01 233.88
54.0 8.57
56.01 170.82
58.0 8.57
60.0 245.62
62.0 246.32
64.0 8.56
66.0 230.97
68.0 8.55
70.0 216.39
72.0 193.91
74.0 185.11
76.0 185.11
78.0 8.58
80.0 160.97
82.0 8.02
84.01 169.92
86.0 178.66
88.0 188.55
90.0 187.62
92.0 8.57
93.99 208.95
96.0 211.24
98.0 211.8
99.99 198.9
102.0 8.21
104.25 207.09
106.0 8.49
108.01 201.67
110.01 210.43
112.24 7.19
114.01 209.42
116.25 8.58
118.25 210.61
120.11 8.57
122.25 225.69
124.24 179.64
126.24 7.19
128.25 190.15
130.25 8.54
132.25 187.71
134.25 191.92
136.24 191.99
138.25 188.35
140.26 8.57
142.25 164.1
144.12 8.56
146.24 160.83
148.26 86.89
150.25 94.5
152.24 63.63
154.26 8.56
156.24 48.34
158.25 94.01
160.25 103.08
162.25 104.01
164.25 104.01
166.25 121.09
168.07 135.35
170.26 135.35
172.25 84.68
174.25 8.56
176.25 77.06
178.25 81.1
180.25 81.1
182.25 89.99
184.25 89.99
186.25 89.99
188.26 89.99
190.26 89.99
192.24 89.99
194.24 89.99
196.25 89.99
198.25 89.99
200.25 89.99
202.24 89.99
204.25 89.99
206.25 89.99
208.25 89.99
210.25 89.99
212.25 103.92
214.25 122.45
216.12 8.49
218.25 148.45
220.25 166.82
222.24 8.55
224.25 94.42
226.25 6.89
228.25 6.89
230.26 24.86
232.25 103.55
234.25 123.84
236.25 8.57
238.25 133.08
240.25 8.57
242.25 127.35
244.25 121.46
246.25 8.58
248.25 117.7
250.24 8.48
252.24 119.29
254.25 117.8
256.25 121.2
258.25 116.61
260.25 8.56
262.25 148.75
264.24 8.57
266.25 166.5
268.25 172.59
270.25 8.2
272.25 181.43
274.25 8.58
276.24 210.65
278.25 226.09
280.25 232.53
282.25 233.65
284.24 8.56
286.25 237.55
288.25 8.57
290.25 240.32
292.25 243.09
294.24 8.56
296.24 231.07
298.25 8.56
300.25 233.84
302.25 245.16
304.25 243.28
306.25 242.51
308.24 8.55
310.24 242.41
312.25 8.55
314.25 206.67
316.24 193.32
318.25 8.56
320.25 203.71
322.24 8.54
324.24 201.56
326.25 201.43
328.25 185.61
330.24 203.81
332.25 8.22
334.25 206.98
336.25 8.55
338.25 181.03
340.24 203.92
342.24 8.56
344.24 182.79
346.25 8.55
348.24 206.05
350.25 219.41
352.25 234.32
354.25 227.71
356.25 8.55
358.25 259.87
360.25 8.57
362.49 288.45
364.5 305.17
366.5 8.57
368.49 302.47
370.5 8.57
372.49 317.16
374.36 8.57
376.5 254.52
378.49 259.01
380.5 7.2
382.49 279.2
384.5 276.86
386.5 253.84
388.49 274.32
390.49 8.56
392.5 235.43
394.5 8.56
396.49 247.06
398.37 8.56
400.49 243.26
402.49 244.92
404.5 8.59
406.5 236.1
408.5 8.54
410.5 243.72
412.49 237.71
414.5 8.57
416.5 192.36
418.5 8.57
420.49 238.23
422.36 8.48
424.49 206.9
426.5 212.01
428.5 8.51
430.5 209.93
432.49 8.57
434.49 223.18
436.49 226.92
438.5 8.56
440.49 229.72
442.49 5.66
444.49 236.64
446.36 8.55
448.49 202.05
450.5 177.72
452.49 156.06
454.5 235.34
456.49 7.14
458.5 155.42
460.5 126.12
462.49 8.65
464.49 86.77
466.5 8.57
468.5 113.42
470.37 8.49
472.5 98.17
474.49 138.16
476.49 138.16
478.49 130.33
480.49 8.55
482.49 131.72
484.5 162.31
486.5 184.53
488.49 195.21
490.5 8.57
492.5 206.73
494.5 208.92
496.49 203.64
498.49 205.14
500.49 8.55
502.5 221.1
504.5 8.56
506.5 242.04
508.49 250.13
510.49 8.56
512.49 262.7
514.49 8.54
516.49 275.16
518.5 8.56
520.5 173.93
522.5 194.86
524.49 8.57
526.5 223.3
528.5 7.07
530.51 230.62
532.5 231.82
534.5 242.67
536.5 238.61
538.49 8.39
540.5 259.34
542.5 8.5
544.49 273.75
546.5 273.99
548.49 271.64
550.49 243.92
552.49 8.44
554.5 182.77
556.5 272.55
558.5 8.5
560.49 217.73
562.49 8.71
564.5 119.35
566.49 8.44
568.49 110.42
570.49 116.75
572.49 116.75
574.49 116.75
576.49 8.46
578.49 153.94
580.49 95.52
582.49 8.71
584.49 168.67
586.5 8.65
588.49 95.18
590.5 8.53
592.49 64.67
594.49 99.3
596.5 97.39
598.49 97.39
600.49 113.23
602.49 126.72
604.49 130.11
606.49 130.11
608.74 130.11
610.74 8.51
612.75 105.93
614.75 8.46
616.75 106.32
618.74 123.7
620.74 8.51
622.74 129.15
624.74 8.51
626.74 102.89
628.75 51.21
630.74 39.97
632.74 95.5
634.74 100.79
636.74 105.85
638.75 106.69
640.74 102.79
642.74 102.79
644.73 102.79
646.75 102.79
648.74 102.79
650.74 102.79
652.74 102.79
654.74 102.79
656.74 102.79
658.74 102.79
660.74 109.07
662.74 8.44
664.74 125.74
666.73 126.93
668.74 8.52
670.73 55.53
672.74 8.11
674.75 59.24
676.74 59.24
678.75 59.24
680.74 73.83
682.74 92.47
684.74 109.71
686.74 107.21
688.74 109.71
690.74 110.55
692.74 8.71
694.75 120.26
696.74 130.01
698.74 127.29
700.74 124.93
702.73 114.56
704.74 101.02
706.75 8.58
708.75 126.14
710.74 8.5
712.74 138.48
714.74 145.72
716.74 8.51
718.74 149.16
720.74 146.94
722.74 144.53
724.74 135.57
726.73 147.16
728.74 149.47
730.75 8.3
732.74 155.5
734.74 8.51
736.75 125.17
738.74 141.86
740.73 8.16
742.74 133.78
744.73 8.71
746.74 146.4
748.75 143.32
750.74 143.73
752.74 132.38
754.73 8.51
756.74 152.12
758.74 8.5
760.74 164.94
762.73 171.8
764.73 8.51
766.75 148.13
768.74 135.34
770.74 137.29
772.74 53.31
774.74 76.77
776.73 157.64
778.74 8.51
780.74 151.1
782.74 8.7
784.74 167.32
786.74 125.5
788.74 110.69
790.74 127.73
792.74 8.44
794.74 176.69
796.74 169.17
798.74 179.81
800.74 121.92
802.73 8.51
804.74 177.95
806.74 8.64
808.73 105.72
810.73 105.72
812.74 8.51
814.74 169.2
816.74 8.63
818.74 98.42
820.74 130.28
822.74 161.63
824.74 168.07
826.74 8.51
828.74 168.65
830.74 8.5
832.73 120.1
834.74 130.54
836.73 8.51
838.74 169.81
840.74 8.7
842.73 160.22
844.74 158.25
846.73 113.07
848.74 145.85
850.73 8.75
852.74 149.1
854.74 8.52
856.99 149.36
858.74 150.05
860.99 8.5
863.0 159.26
864.99 8.51
866.99 182.68
868.85 8.51
870.99 193.31
872.99 121.68
874.99 8.5
876.99 121.71
878.99 7.13
880.99 63.99
882.98 70.97
884.99 139.93
886.99 110.01
888.98 8.52
890.99 193.0
892.85 8.5
894.99 192.45
896.98 141.75
898.98 8.44
900.99 143.32
902.99 8.44
904.99 188.21
906.99 193.78
908.99 9.1
910.98 166.57
912.99 8.51
914.98 71.6
916.8 138.36
918.98 170.29
920.99 157.89
922.98 8.5
924.99 153.83
926.98 8.36
928.99 173.3
930.98 133.95
932.99 29.72
934.99 91.75
936.98 8.5
938.98 138.88
940.98 138.12
942.99 138.12
945.0 142.46
946.98 8.5
948.99 141.39
950.99 8.51
952.98 147.86
954.99 148.3
956.98 152.33
958.98 151.46
960.99 8.69
962.99 150.64
964.99 8.44
966.99 158.16
968.98 166.67
970.99 8.46
972.99 175.69
974.99 8.64
976.99 181.23
978.99 184.48
980.98 189.82
982.99 191.1
984.99 8.5
986.99 201.97
988.99 8.43
990.99 161.17
992.99 170.91
994.98 8.14
996.98 163.31
998.99 8.49
1000.98 173.45
1002.99 165.76
1004.98 150.25
1006.99 174.76
1008.99 8.53
1010.98 172.81
1012.99 8.45
1014.99 178.77
1016.99 156.0
1018.99 8.57
1020.99 178.88
1022.98 178.45
1024.99 169.53
1026.98 187.01
1028.99 196.35
1030.99 186.37
1032.98 7.31
1034.98 199.19
1036.99 8.49
1038.99 166.04
1040.99 187.88
1042.99 8.7
1044.99 179.93
1046.99 8.71
1048.99 186.51
1050.99 188.97
1052.98 186.3
1054.99 186.3
1056.98 8.43
1058.99 155.94
1060.99 8.44
1062.99 159.81
1064.99 162.52
1066.98 8.43
1068.98 157.66
1070.99 8.71
1072.99 167.93
1074.98 151.04
1076.99 168.04
1078.98 160.44
1080.99 8.71
1082.98 147.33
1084.98 8.36
1086.98 158.39
1088.98 169.93
1090.98 168.64
1092.98 158.03
1094.99 8.44
1096.98 176.23
1098.99 166.31
1101.24 176.94
1102.98 177.25
1104.98 8.71
1106.99 175.37
1109.23 8.51
1111.24 163.66
1113.23 173.97
1115.24 8.43
1117.23 177.37
1119.23 8.52
1121.24 185.7
1123.23 186.09
1125.24 206.15
1127.23 180.39
1129.23 184.17
1131.24 182.93
1133.23 8.43
1135.23 148.95
1137.24 140.64
1139.24 8.63
1141.24 137.93
1143.23 131.19
1145.23 141.61
1147.24 153.78
1149.23 166.63
1151.23 182.76
1153.24 8.5
1155.24 233.63
1157.24 8.5
1159.24 134.31
1161.23 195.02
1163.24 8.51
1165.24 121.83
1167.23 8.43
1169.23 66.71
1171.23 29.88
1173.23 120.61
1175.23 120.61
1177.23 120.61
1179.24 120.57
1181.23 8.43
1183.24 120.56
1185.23 111.15
1187.24 7.84
1189.23 71.0
1191.23 8.3
1193.24 16.37
1195.24 125.79
1197.24 138.61
1199.23 140.89
1201.23 8.52
1203.23 144.55
1205.24 8.51
1207.23 92.68
1209.23 81.32
1211.23 8.5
1213.24 149.27
1215.23 8.43
1217.24 144.94
1219.23 152.06
1221.23 133.19
1223.23 154.69
1225.23 140.67
1227.23 152.33
1229.24 8.7
1231.23 152.91
1233.22 140.89
1235.23 8.51
1237.23 75.09
1239.24 7.61
1241.23 119.75
1243.23 87.78
1245.24 115.19
1247.23 118.3
1249.23 16.15
1251.23 16.15
1253.23 16.15
1255.23 16.15
1257.23 47.2
1259.23 8.63
1261.23 145.67
1263.24 8.52
1265.24 161.1
1267.23 170.99
1269.23 128.96
1271.22 55.91
1273.23 8.52
1275.24 165.12
1277.22 8.43
1279.23 180.18
1281.23 185.99
1283.22 8.49
1285.23 194.69
1287.23 8.52
1289.23 154.62
1291.22 167.83
1293.23 192.29
1295.24 175.48
1297.22 8.71
1299.23 181.26
1301.23 8.5
1303.24 173.25
1305.24 154.46
1307.22 8.71
1309.24 140.69
1311.23 8.43
1313.23 153.31
1315.23 150.98
1317.23 155.45
1319.22 141.3
1321.24 8.82
1323.22 151.04
1325.23 8.51
1327.23 157.97
1329.23 163.18
1331.22 8.5
1333.23 167.89
1335.23 8.7
1337.24 172.89
1339.22 173.89
1341.23 181.45
1343.24 182.5
1345.22 8.71
1347.23 184.88
1349.24 204.23
1351.23 199.2
1353.23 217.35
1355.48 8.71
1357.47 214.32
1359.24 7.78
1361.23 146.37
1363.35 8.52
1365.49 164.04
1367.49 154.95
1369.48 8.51
1371.48 160.4
1373.49 8.43
1375.48 157.79
1377.48 150.25
1379.48 145.89
1381.48 148.34
1383.48 8.44
1385.49 147.46
1387.34 8.44
1389.49 156.55
1391.48 163.09
1393.48 170.76
1395.48 175.23
1397.48 8.1
1399.48 165.33
1401.48 156.32
1403.48 175.97
1405.48 169.61
1407.49 148.69
1409.47 161.5
1411.35 8.17
1413.48 165.35
1415.48 162.26
1417.47 8.5
1419.48 153.85
1421.47 8.71
1423.48 173.76
1425.48 172.43
1427.48 174.43
1429.48 172.07
1431.47 8.51
1433.48 171.29
1435.34 8.51
1437.48 138.13
1439.48 123.98
1441.48 8.51
1443.48 154.4
1445.48 8.58
1447.48 151.88
1449.48 154.78
1451.48 158.62
1453.47 148.61
1455.48 8.04
1457.47 161.15
1459.35 8.5
1461.47 156.86
1463.48 161.27
1465.48 161.02
1467.48 157.89
1469.48 8.51
1471.47 163.51
1473.48 168.08
1475.48 172.61
1477.47 157.79
1479.48 8.1
1481.47 128.54
1483.47 128.73
1485.47 159.22
1487.47 165.12
1489.48 8.16
1491.48 140.95
1493.48 8.17
1495.48 165.96
1497.48 168.4
1499.48 161.75
1501.48 158.88
1503.48 8.7
1505.48 167.3
1507.48 8.44
1509.48 155.26
1511.48 148.49
1513.48 8.52
1515.48 139.59
1517.48 8.44
1519.47 153.43
1521.48 151.83
1523.48 150.57
1525.48 149.47
1527.47 8.63
1529.48 160.86
1531.47 8.43
1533.48 160.75
1535.48 158.88
1537.48 8.5
1539.48 148.5
1541.48 164.44
1543.48 153.8
1545.47 162.45
1547.47 168.02
1549.48 172.83
1551.47 8.49
1553.48 147.36
1555.48 8.5
1557.47 172.85
1559.47 169.23
1561.48 8.51
1563.48 159.6
1565.48 8.71
1567.48 168.6
1569.48 168.38
1571.48 170.99
1573.48 44.4
1575.47 8.64
1577.47 150.83
1579.48 164.54
1581.47 171.37
1583.48 148.09
1585.47 8.51
1587.47 140.08
1589.48 8.49
1591.48 135.18
1593.47 138.66
1595.48 135.64
1597.48 165.02
1599.73 8.71
1601.73 194.6
1603.73 8.44
1605.48 260.1
1607.48 249.56
1609.48 175.84
1611.48 237.28
1613.48 8.44
1615.72 5.88
1617.6 8.56
1619.73 227.33
1621.72 177.75
1623.72 8.17
1625.73 56.3
1627.72 8.56
1629.73 140.07
1631.73 97.58
1633.72 85.38
1635.73 117.4
1637.73 8.56
1639.73 120.11
1641.59 8.56
1643.73 97.95
1645.72 68.92
1647.72 8.55
1649.73 71.13
1651.73 71.13
1653.72 71.13
1655.73 80.92
1657.72 80.92
1659.72 80.92
1661.73 90.4
1663.72 108.03
1665.59 8.56
1667.73 139.73
1669.73 59.16
1671.72 8.56
1673.73 135.53
1675.73 8.57
1677.73 66.98
1679.72 45.66
1681.72 8.37
1683.73 40.84
1685.73 82.06
1687.72 101.87
1689.73 110.84
1691.73 111.76
1693.72 133.64
1695.72 8.51
1697.73 169.24
1699.72 8.56
1701.72 165.59
1703.72 172.6
1705.72 174.17
1707.73 183.78
1709.72 8.56
1711.73 103.79
1713.6 8.49
1715.72 24.2
1717.73 24.2
1719.73 8.55
1721.73 140.41
1723.73 8.56
1725.72 168.76
1727.72 187.45
1729.73 195.94
1731.72 204.55
1733.72 8.35
1735.73 201.48
1737.72 8.49
1739.73 213.42
1741.73 229.27
1743.72 8.56
1745.73 231.32
1747.73 8.55
1749.72 256.19
1751.73 259.73
1753.72 270.59
1755.72 266.41
1757.72 8.57
1759.72 213.57
1761.72 8.55
1763.72 233.62
1765.72 248.46
1767.73 8.56
1769.73 164.94
1771.73 8.57
1773.72 159.83
1775.73 173.82
1777.73 171.52
1779.73 156.41
1781.73 8.57
1783.73 145.46
1785.73 178.22
1787.72 177.75
1789.73 152.72
1791.73 8.57
1793.73 77.59
1795.72 8.56
1797.72 143.43
1799.72 121.7
1801.72 106.02
1803.72 119.02
1805.73 7.2
1807.73 116.24
1809.73 8.56
1811.72 118.8
1813.72 121.87
1815.73 8.56
1817.72 129.18
1819.73 8.55
1821.73 150.5
1823.72 161.91
1825.72 172.51
1827.72 172.79
1829.73 8.35
1831.72 180.8
1833.72 8.5
1835.72 188.39
1837.72 170.89
1839.72 8.55
1841.72 188.64
1843.73 8.56
1845.72 184.22
1847.72 188.63
1849.72 186.43
1851.73 187.05
1853.73 8.49
1855.72 179.14
1857.72 8.56
1859.98 173.73
1861.97 182.38
1863.97 8.58
1865.97 185.46
1867.97 8.49
1869.97 183.65
1871.97 184.68
1873.96 157.7
1875.97 151.44
1877.98 8.56
1879.97 155.36
1881.97 8.5
1883.97 158.44
1885.97 164.93
1887.97 159.58
1889.97 161.92
1891.97 8.58
1893.97 162.8
1895.97 160.56
1897.97 171.75
1899.97 167.49
1901.98 8.56
1903.97 154.65
1905.96 8.49
1907.96 180.0
1909.96 177.93
1911.96 8.55
1913.96 182.01
1915.96 8.57
1917.96 176.65
1919.96 143.96
1921.96 197.94
1923.96 205.26
1925.96 8.51
1927.96 123.9
1929.96 8.57
1931.96 196.73
1933.96 150.75
1935.96 8.56
1937.96 112.71
1939.96 8.43
1941.96 109.88
1943.96 109.88
1945.96 109.88
1947.96 109.88
1949.96 109.88
1951.96 109.88
1953.96 8.57
1955.96 91.45
1957.96 57.29
1959.96 57.29
1961.96 57.29
1963.96 8.56
1965.96 41.69
1967.96 103.73
1969.96 120.76
1971.96 127.97
1973.96 8.56
1975.96 65.99
1977.96 8.5
1979.96 108.43
1981.96 107.25
1983.96 100.69
1985.96 100.69
1987.96 100.69
1989.96 100.69
1991.96 100.69
1993.96 84.05
1995.96 124.47
1997.96 8.55
1999.96 44.57
2001.96 74.47
2003.97 74.47
2005.96 74.47
2007.96 63.79
2009.96 63.79
2011.96 76.25
2013.96 48.18
2015.96 48.18
2017.96 48.18
2019.97 102.79
2021.96 102.79
2023.96 102.79
2025.97 102.79
2027.96 102.79
2029.96 102.79
2031.96 102.79
2033.97 126.34
2035.96 8.29
2037.96 174.88
2039.96 194.7
2041.96 217.6
2043.96 229.04
2045.96 8.29
2047.96 236.55
2049.96 8.28
2051.96 240.65
2053.96 245.08
2055.96 8.57
2057.96 249.8
2059.96 8.56
2061.96 248.32
2063.96 245.41
2065.96 248.41
2067.96 248.41
2069.96 8.57
2071.96 233.96
2073.96 8.56
2075.96 202.17
2077.96 230.26
2079.96 8.56
2081.96 241.71
2083.96 201.32
2085.96 141.53
2087.96 241.81
2089.96 232.34
2091.96 241.03
2093.96 8.58
2095.96 177.74
2097.96 8.49
2099.96 213.88
2101.96 243.27
2103.96 8.57
2106.21 293.34
2108.21 8.57
2110.21 315.77
2112.08 8.55
2114.21 315.38
2116.21 315.88
2118.21 8.5
2120.21 172.06
2122.21 8.55
2124.21 175.6
2126.21 163.09
2128.21 146.85
2130.21 146.85
2132.21 8.57
2134.21 147.9
2136.08 8.56
2138.21 144.36
2140.21 155.33
2142.21 8.56
2144.21 158.94
2146.21 8.55
2148.21 163.61
2150.21 165.04
2152.21 167.49
2154.21 164.74
2156.21 8.5
2158.21 169.95
2160.08 8.56
2162.21 171.03
2164.21 173.07
2166.21 8.57
2168.21 184.64
2170.21 185.2
2172.21 183.84
2174.21 157.0
2176.21 168.6
2178.21 185.91
2180.21 8.57
2182.21 167.34
2184.08 8.55
2186.21 104.86
2188.21 87.15
2190.21 8.56
2192.21 124.82
2194.21 8.56
2196.21 153.5
2198.21 155.56
2200.22 170.74
2202.21 181.49
2204.21 8.55
2206.21 191.34
2208.21 195.5
2210.21 190.87
2212.21 193.47
2214.21 8.58
2216.21 250.98
2218.21 8.69
2220.21 264.89
2222.21 270.05
2224.21 266.31
2226.21 276.79
2228.21 8.65
2230.21 283.1
2232.21 8.16
2234.21 281.44
2236.21 264.19
2238.21 6.98
2240.21 267.71
2242.21 8.51
2244.21 290.32
2246.21 297.72
2248.21 292.74
2250.21 274.29
2252.21 8.54
2254.21 167.3
2256.21 8.58
2258.21 198.97
2260.21 223.07
2262.21 8.51
2264.21 227.7
2266.21 8.51
2268.21 222.33
2270.21 243.58
2272.21 257.05
2274.21 256.13
2276.21 8.5
2278.21 165.23
2280.21 8.46
2282.21 169.41
2284.21 106.74
2286.21 8.43
2288.21 183.21
2290.21 8.49
2292.21 13.65
2294.21 212.25
2296.21 210.24
2298.21 239.22
2300.21 8.43
2302.21 139.36
2304.2 79.45
2306.21 67.26
2308.21 67.26
2310.2 67.42
2312.2 67.42
2314.21 42.61
2316.2 83.95
2318.21 83.95
2320.21 83.95
2322.21 88.96
2324.21 95.15
2326.21 112.12
2328.21 8.49
2330.2 121.94
2332.21 109.17
2334.21 8.71
2336.2 116.29
2338.21 8.44
2340.21 85.44
2342.21 115.68
2344.2 117.88
2346.21 107.53
2348.21 4.56
2350.21 120.65
2352.21 8.51
2354.2 145.03
2356.2 97.41
2358.45 8.51
2360.45 53.93
2362.21 8.45
2364.45 148.76
2366.32 8.5
2368.45 105.15
2370.45 71.04
2372.45 28.47
2374.45 46.31
2376.45 46.31
2378.46 46.31
2380.45 46.31
2382.46 46.31
2384.46 107.18
2386.45 111.06
2388.45 135.65
2390.32 8.65
2392.45 164.1
2394.45 184.9
2396.45 8.44
2398.45 185.52
2400.45 8.52
2402.45 173.1
2404.45 185.52
2406.46 8.51
2408.45 181.28
2410.45 8.5
2412.45 208.7
2414.32 8.43
2416.45 200.07
2418.45 210.91
2420.46 8.71
2422.45 210.55
2424.45 8.5
2426.45 161.36
2428.46 179.89
2430.45 8.72
2432.45 177.88
2434.45 8.44
2436.45 169.71
2438.32 8.74
2440.45 139.58
2442.45 154.46
2444.45 8.52
2446.45 143.2
2448.45 8.56
2450.45 166.91
2452.45 156.08
2454.45 8.56
2456.45 142.26
2458.45 8.56
2460.45 155.85
2462.32 8.56
2464.45 160.88
2466.45 166.91
2468.46 8.57
2470.45 173.44
2472.45 8.55
2474.45 176.2
2476.45 170.87
2478.45 8.64
2480.45 182.69
2482.45 8.56
2484.46 182.88
2486.45 186.15
2488.45 181.96
2490.45 180.76
2492.46 8.56
2494.45 191.78
2496.45 8.56
2498.45 194.69
2500.45 192.27
2502.45 181.52
2504.45 179.24
2506.45 8.55
2508.45 182.58
2510.46 8.56
2512.45 187.9
2514.45 166.14
2516.45 8.5
2518.45 186.12
2520.45 8.5
2522.45 205.62
2524.45 173.86
2526.45 8.5
2528.45 162.87
2530.45 8.58
2532.45 155.88
2534.45 8.5
2536.45 195.42
2538.46 202.99
2540.45 8.56
2542.45 207.33
2544.45 8.56
2546.45 176.52
2548.45 159.65
2550.45 8.54
2552.45 154.04
2554.45 8.56
2556.45 184.28
2558.45 195.06
2560.45 203.72
2562.45 207.6
2564.45 8.57
2566.45 202.5
2568.45 8.22
2570.45 206.71
2572.45 207.96
2574.45 8.5
2576.45 188.41
2578.45 8.22
2580.45 157.25
2582.45 8.38
2584.45 181.78
2586.45 160.53
2588.46 8.56
2590.45 184.68
2592.45 8.56
2594.45 184.84
2596.45 155.43
2598.45 8.49
2600.45 156.81
2602.45 8.5
2604.45 158.58
2606.7 8.49
2608.7 165.31
2610.7 173.66
2612.7 8.56
2614.7 193.56
2616.71 8.57
2618.7 203.25
2620.7 203.57
2622.7 199.15
2624.7 202.3
2626.7 8.51
2628.7 224.41
2630.7 8.49
2632.7 228.05
2634.7 232.8
2636.7 219.24
2638.7 224.93
2640.7 8.55
2642.7 196.84
2644.7 218.03
2646.7 221.62
2648.7 226.05
2650.7 8.56
2652.7 231.32
2654.7 8.57
2656.7 234.44
2658.7 221.59
2660.7 181.89
2662.7 219.89
2664.7 8.49
2666.7 206.73
2668.7 205.67
2670.7 221.93
2672.7 232.45
2674.7 8.56
2676.7 229.46
2678.7 8.42
2680.7 232.15
2682.7 232.25
2684.7 8.56
2686.7 189.14
2688.7 8.3
2690.7 200.58
2692.7 222.35
2694.7 218.13
2696.7 218.13
2698.7 8.56
2700.7 217.38
2702.7 8.14
2704.7 216.85
2706.7 218.76
2708.7 8.55
2710.7 174.9
2712.7 8.49
2714.7 194.55
2716.7 194.88
2718.7 200.74
2720.7 204.39
2722.7 8.56
2724.7 204.76
2726.7 8.55
2728.7 206.68
2730.7 189.54
2732.7 8.5
2734.7 214.77
2736.7 8.55
2738.7 212.07
2740.7 233.71
2742.7 257.52
2744.7 271.85
2746.7 8.56
2748.7 202.63
2750.7 8.58
2752.7 206.08
2754.7 131.62
2756.7 8.48
2758.7 166.17
2760.7 130.73
2762.7 199.88
2764.7 207.16
2766.7 181.45
2768.7 160.59
2770.7 8.56
2772.7 102.77
2774.7 8.55
2776.7 143.43
2778.7 60.66
2780.7 8.54
2782.7 66.15
2784.7 8.49
2786.7 87.26
2788.7 87.26
2790.7 86.3
2792.7 94.04
2794.7 97.74
2796.7 95.12
2798.7 8.57
2800.7 130.62
2802.7 146.28
2804.7 83.55
2806.7 93.09
2808.7 8.56
2810.7 39.18
2812.7 4.86
2814.7 113.63
2816.7 139.42
2818.7 8.57
2820.7 176.71
2822.7 8.56
2824.7 153.76
2826.7 180.23
2828.7 8.56
2830.7 175.99
2832.7 8.5
2834.7 178.34
2836.7 147.85
2838.7 180.57
2840.7 177.98
2842.7 8.56
2844.7 179.28
2846.7 8.55
2848.7 146.68
2850.7 139.94
2852.7 8.55
2854.7 138.25
2856.71 8.57
2858.95 122.1
2860.81 8.57
2862.95 75.02
2864.96 89.97
2866.95 8.68
2868.95 94.44
2870.95 105.46
2872.95 116.53
2874.95 120.0
2876.95 117.5
2878.94 117.97
2880.96 8.49
2882.95 124.47
2884.81 8.49
2886.95 131.13
2888.95 135.8
2890.95 8.56
2892.95 132.93
2894.94 8.57
2896.95 134.66
2898.95 137.15
2900.95 158.53
2902.95 167.6
2904.95 8.56
2906.94 178.95
2908.76 181.43
2910.95 178.22
2912.95 180.27
2914.95 8.57
2916.94 184.98
2918.94 8.57
2920.94 185.85
2922.94 178.88
2924.94 201.52
2926.94 202.61
2928.94 8.57
2930.95 207.89
2932.81 8.5
2934.95 217.33
2936.94 220.88
2938.96 8.57
2940.95 219.09
2942.94 8.57
2944.95 216.62
2946.94 218.38
2948.94 219.0
2950.95 200.33
2952.94 8.49
2954.94 187.83
2956.81 8.57
2958.94 195.87
2960.95 143.01
2962.94 8.56
2964.94 111.49
2966.94 8.17
2968.94 56.23
2970.94 56.23
2972.94 114.02
2974.94 107.28
2976.94 8.57
2978.94 102.21
2980.94 8.16
2982.94 100.04
2984.94 89.88
2986.94 106.64
2988.94 103.91
2990.94 105.37
2992.95 107.89
2994.94 109.22
2996.94 124.87
2998.94 138.57
3000.94 134.22
3002.94 134.22
3004.94 134.22
3006.94 134.22
3008.95 134.22
3010.94 8.3
3012.94 77.37
3014.94 77.37
3016.95 77.37
3018.95 77.37
3020.94 77.37
3022.94 77.03
3024.94 77.03
3026.94 77.03
3028.94 77.03
3030.94 76.9
3032.94 76.33
3034.94 76.33
3036.94 76.92
3038.94 76.77
3040.94 75.64
3042.94 75.64
3044.94 75.29
3046.94 75.29
3048.94 77.98
3050.94 77.98
3052.94 77.98
3054.94 77.98
3056.94 78.56
3058.94 78.56
3060.94 78.56
3062.94 78.56
3064.95 78.56
3066.94 76.97
3068.94 96.82
3070.94 106.06
3072.96 8.52
3074.94 173.06
3076.94 8.64
3078.94 135.92
3080.94 207.88
3082.94 8.51
3084.94 182.23
3086.95 8.69
3088.96 100.41
3090.94 78.73
3092.94 81.35
3094.94 104.74
3096.94 104.74
3098.95 104.74
3100.94 104.74
3102.94 104.74
3104.96 104.74
3106.94 104.74
3109.19 104.74
3111.2 111.57
3113.19 117.33
3115.2 131.37
3117.19 139.77
3119.19 161.56
3121.19 8.71
3123.19 209.38
3125.19 8.51
3127.19 233.85
3129.19 236.74
3131.19 8.7
3133.19 244.31
3135.19 8.52
3137.19 264.46
3139.19 285.33
3141.19 307.78
3143.19 326.03
3145.19 343.6
3147.19 298.72
3149.19 8.49
3151.19 361.34
3153.19 338.19
3155.19 7.12
3157.2 362.84
3159.19 8.51
3161.19 375.58
3163.19 371.58
3165.19 373.98
3167.19 379.44
3169.19 8.45
3171.19 344.2
3173.19 8.62
3175.19 352.79
3177.19 304.73
3179.19 8.31
3181.2 342.52
3183.19 8.51
3185.19 275.7
3187.19 339.03
3189.19 337.83
3191.19 340.88
3193.19 8.69
3195.19 349.66
3197.19 8.44
3199.19 361.85
3201.19 353.94
3203.19 8.51
3205.19 264.08
3207.19 8.58
3209.19 362.9
3211.19 363.86
3213.19 371.86
3215.19 361.05
3217.19 8.63
3219.19 336.21
3221.19 8.51
3223.19 408.51
3225.19 408.81
3227.19 8.7
3229.19 308.72
3231.19 4.15
3233.19 307.59
3235.19 320.67
3237.19 330.36
3239.19 350.37
3241.19 8.51
3243.19 372.52
3245.19 6.66
3247.19 386.9
3249.19 331.84
3251.19 8.5
3253.19 300.02
3255.19 8.42
3257.19 296.12
3259.19 325.93
3261.19 334.34
3263.19 358.01
3265.19 6.88
3267.19 394.88
3269.19 7.53
3271.19 393.49
3273.19 363.26
3275.19 7.73
3277.19 402.77
3279.19 8.7
3281.19 412.42
3283.19 413.69
3285.19 418.71
3287.19 343.05
3289.19 8.5
3291.19 362.0
3293.19 7.45
3295.19 353.31
3297.19 307.28
3299.19 270.5
3301.19 325.3
3303.19 8.51
3305.19 318.39
3307.19 328.5
3309.19 334.76
3311.19 340.19
3313.19 8.5
3315.19 338.86
3317.19 345.16
3319.19 342.96
3321.19 12.49
3323.19 8.51
3325.19 296.42
3327.19 8.43
3329.19 299.99
3331.19 304.63
3333.19 300.75
3335.19 301.37
3337.19 8.51
3339.19 255.03
3341.19 8.45
3343.19 283.39
3345.19 318.11
3347.19 8.5
3349.19 243.51
3351.19 8.44
3353.19 330.32
3355.19 335.68
3357.44 334.86
3359.44 343.83
3361.44 8.7
3363.44 356.3
3365.44 8.32
3367.44 324.46
3369.44 334.36
3371.44 363.75
3373.44 355.88
3375.44 8.49
3377.44 332.8
3379.31 8.51
3381.44 373.2
3383.44 394.13
3385.44 404.47
3387.44 398.42
3389.44 7.59
3391.44 408.35
3393.44 429.63
3395.45 399.94
3397.44 395.29
3399.44 8.64
3401.44 282.6
3403.31 7.11
3405.44 352.43
3407.44 403.53
3409.44 4.13
3411.44 401.9
3413.44 8.63
3415.44 333.15
3417.44 374.5
3419.44 406.33
3421.44 340.59
3423.44 7.7
3425.44 418.53
3427.3 8.49
3429.44 406.77
3431.44 387.09
3433.44 7.52
3435.44 439.84
3437.44 8.46
3439.44 351.53
3441.44 324.18
3443.44 8.89
3445.44 42.77
3447.44 8.5
3449.44 31.2
3451.44 22.95
3453.44 43.83
3455.44 48.18
3457.44 49.24
3459.44 51.48
3461.44 54.83
3463.44 58.06
3465.44 62.98
3467.44 70.35
3469.44 69.85
3471.44 71.28
3473.44 86.99
3475.44 99.61
3477.44 111.76
3479.44 117.28
3481.44 8.48
3483.44 122.05
3485.44 8.43
3487.44 132.83
3489.45 132.0
3491.44 144.09
3493.44 144.83
3495.44 142.76
3497.44 143.22
3499.44 8.52
3501.44 140.13
3503.44 149.45
3505.44 8.71
3507.44 156.95
3509.44 8.71
3511.44 164.97
3513.44 166.39
3515.44 163.37
3517.43 166.8
3519.44 8.43
3521.44 166.0
3523.44 8.64
3525.44 171.67
3527.44 180.71
3529.44 8.51
3531.44 184.91
3533.44 8.71
3535.44 189.89
3537.45 201.52
3539.44 199.55
3541.44 192.16
3543.44 7.32
3545.43 194.59
3547.44 8.51
3549.44 163.6
3551.43 175.11
3553.44 8.51
3555.44 187.83
3557.44 8.43
3559.44 186.4
3561.43 165.99
3563.44 155.67
3565.43 147.64
3567.44 8.52
3569.43 165.25
3571.43 8.51
3573.44 163.86
3575.43 171.01
3577.43 8.45
3579.43 175.67
3581.44 8.71
3583.43 182.21
3585.43 182.81
3587.43 187.01
3589.43 199.04
3591.43 8.71
3593.43 149.66
3595.44 8.09
3597.43 195.59
3599.44 205.55
3601.44 8.5
3603.43 221.69
3605.43 8.44
3607.43 131.93
3609.56 8.17
3611.68 155.09
3613.68 136.84
3615.69 8.51
3617.68 110.87
3619.68 8.63
3621.68 112.83
3623.68 110.67
3625.68 116.79
3627.68 115.55
3629.69 8.52
3631.68 53.73
3633.5 79.59
3635.68 113.2
3637.68 115.52
3639.68 8.51
3641.68 160.19
3643.68 8.43
3645.68 221.94
3647.68 247.59
3649.68 233.38
3651.68 243.08
3653.68 8.71
3655.68 280.27
3657.55 8.51
3659.68 280.78
3661.68 311.3
3663.68 8.71
3665.68 300.53
3667.68 8.51
3669.68 283.37
3671.68 273.17
3673.68 215.14
3675.68 194.24
3677.68 8.51
3679.68 270.76
3681.55 8.5
3683.68 275.68
3685.68 273.43
3687.68 8.51
3689.68 253.73
3691.68 8.7
3693.68 269.01
3695.68 272.08
3697.68 253.88
3699.68 270.84
3701.68 8.52
3703.68 269.42
3705.55 8.44
3707.68 288.48
3709.68 273.21
3711.68 8.37
3713.68 258.33
3715.68 8.51
3717.68 265.45
3719.68 275.97
3721.68 275.97
3723.68 271.2
3725.68 8.37
3727.68 292.17
3729.68 8.44
3731.68 253.04
3733.68 253.04
3735.68 8.3
3737.68 81.23
3740.29 8.51
3742.3 253.35
3744.3 261.96
3746.3 261.4
3748.3 267.41
3750.29 8.61
3752.3 271.77
3754.3 267.82
3756.3 246.51
3758.29 258.77
3760.1 271.08
3761.68 80.29
3764.3 8.65
3766.3 282.58
3768.3 333.09
3770.29 10.47
3772.3 326.77
3774.3 8.51
3776.3 274.17
3778.3 258.01
3780.29 258.01
3782.29 257.97
3784.3 10.27
3786.3 187.31
3788.3 8.49
3790.29 198.21
3792.3 209.18
3794.3 221.12
3796.3 228.72
3798.29 8.51
3800.3 236.32
3802.29 231.24
3804.3 182.75
3806.29 181.88
3808.3 207.37
3810.3 257.25
3811.68 8.51
3814.3 272.99
3816.29 273.54
3818.29 281.72
3820.3 288.06
3822.3 8.71
3824.29 301.63
3826.29 135.4
3828.29 269.02
3830.3 269.95
3832.29 10.27
3834.3 221.2
3836.29 8.53
3838.29 247.18
3840.3 247.28
3842.3 244.8
3844.29 256.79
3846.3 255.84
3848.29 254.87
3850.3 254.37
3852.3 209.71
3854.3 275.71
3856.29 286.03
3858.3 296.43
3860.29 277.77
3862.3 314.39
3864.29 297.77
3866.3 335.15
3868.3 346.33
3870.3 7.92
3924.29 353.15
