0.0 2.01
1.0 0.51
2.35 1.97
3.01 2.03
3.68 1.71
4.52 1.83
5.78 1.4
7.75 3.0
9.83 2.02
11.73 1.83
15.47 1.61
17.32 1.57
19.0 1.98
21.01 1.87
22.43 0.79
23.8 1.92
25.68 1.62
28.91 2.23
31.25 1.82
33.55 1.89
35.34 2.11
36.49 0.66
38.96 2.02
42.51 2.65
43.37 2.13
44.49 0.51
45.72 1.77
49.88 3.54
51.2 1.83
51.81 2.03
54.39 1.67
57.76 1.8
59.71 1.82
62.05 1.47
63.89 0.96
65.48 1.88
67.06 1.86
68.86 1.88
70.91 0.07
72.44 1.77
73.23 1.05
73.85 1.82
76.1 1.8
81.4 2.02
83.95 1.84
86.1 2.17
88.24 1.99
90.67 1.83
92.36 2.01
94.24 1.72
95.6 1.91
98.2 2.03
99.87 0.25
100.94 0.63
101.6 0.55
103.35 1.88
106.74 1.86
108.29 2.46
111.13 1.99
113.13 1.44
114.8 3.13
117.4 1.73
119.15 1.92
120.87 3.68
122.2 0.65
123.02 2.12
126.32 1.5
130.87 2.04
132.62 2.05
133.45 0.32
135.47 2.0
137.73 1.16
140.62 0.94
142.0 1.58
143.66 1.81
144.93 1.94
146.95 1.77
147.75 3.06
149.21 1.63
151.83 2.0
154.59 0.73
156.06 1.35
158.22 2.03
158.95 1.95
159.68 2.05
161.72 3.08
167.2 0.99
170.43 1.93
172.61 1.55
174.03 2.95
176.2 1.9
178.41 1.93
180.83 1.44
182.12 1.27
183.48 1.66
185.23 1.94
187.73 2.0
190.03 1.5
192.71 1.17
194.79 2.79
195.84 0.6
197.03 2.0
200.15 1.94
201.72 3.16
203.63 2.02
205.96 1.3
207.35 2.04
210.48 1.43
211.59 1.92
213.46 1.94
214.26 1.67
215.87 2.05
219.29 0.09
221.63 2.56
223.67 1.7
225.5 1.92
228.05 0.36
229.82 1.65
231.29 1.89
233.37 1.82
235.02 1.98
237.54 2.02
240.72 1.45
242.38 3.67
244.03 1.25
245.43 2.03
247.37 1.7
249.36 1.78
251.26 1.71
252.88 1.61
255.01 1.91
257.24 1.51
259.19 1.89
261.78 2.58
263.81 2.02
265.72 2.03
267.86 1.93
269.46 2.02
271.03 1.51
272.62 1.99
274.91 0.36
278.2 1.01
280.64 1.73
281.7 2.35
283.76 3.17
284.92 1.45
286.69 0.39
288.64 1.82
291.27 0.98
293.57 2.03
296.62 1.93
298.77 1.89
300.9 1.67
302.44 1.54
304.16 1.93
305.7 0.24
307.51 2.03
309.27 0.55
310.92 2.05
313.14 3.69
315.88 1.48
318.42 2.03
320.44 0.98
322.2 1.99
324.36 1.64
326.61 2.1
329.14 2.0
330.53 2.01
331.92 1.93
332.59 1.5
333.98 3.4
335.47 1.7
342.06 1.83
344.12 1.82
345.82 1.71
347.72 0.04
349.45 1.7
351.5 1.75
353.1 2.02
354.33 1.82
355.3 2.88
357.09 2.02
358.39 2.02
360.43 2.02
361.85 3.56
363.77 1.86
368.4 1.99
370.98 1.88
373.18 1.63
374.82 2.25
375.88 1.41
376.77 0.88
377.79 1.79
380.49 0.57
381.79 1.94
384.35 1.89
387.31 2.0
389.06 1.85
390.98 1.42
392.83 1.09
394.79 1.47
396.78 1.83
399.46 1.82
400.63 1.22
401.96 1.99
405.12 1.89
406.02 3.05
407.43 2.02
408.36 1.81
421.03 1.92
421.98 2.04
422.85 2.03
424.55 2.74
425.32 1.74
426.33 1.49
427.13 0.83
428.49 1.44
430.21 1.93
432.85 1.52
435.03 1.8
437.52 1.87
439.8 3.04
441.73 0.42
443.95 2.01
446.68 2.52
448.19 1.9
449.34 1.9
450.61 1.78
451.93 1.68
452.68 1.87
455.09 1.9
457.1 1.78
460.04 2.67
461.89 0.07
463.75 1.61
464.93 1.83
465.83 1.93
466.67 1.24
467.59 1.93
468.42 1.45
470.2 2.01
479.04 1.29
482.02 1.18
483.19 2.05
484.11 1.93
487.85 2.16
490.88 1.99
492.6 1.75
494.27 2.55
496.53 1.95
499.66 2.02
501.21 2.08
503.21 1.77
505.7 2.0
507.06 2.53
508.63 1.44
511.07 2.17
513.66 0.67
515.3 1.98
517.53 2.02
519.47 1.82
520.35 2.16
521.52 1.5
523.93 2.0
525.41 1.87
527.28 1.89
529.02 1.77
531.38 2.04
533.83 1.9
536.02 2.02
539.64 1.98
541.51 1.22
544.08 1.57
546.23 1.93
548.09 0.19
549.78 1.93
551.59 1.92
552.96 1.98
554.1 1.54
555.1 3.4
555.77 2.81
556.93 1.94
558.1 2.06
559.23 1.94
560.44 2.06
561.92 1.74
564.03 2.81
566.06 4.88
568.02 1.61
570.58 1.78
574.34 0.75
577.99 2.03
581.01 2.38
581.97 1.97
583.1 2.03
586.13 1.83
590.88 1.76
592.08 1.99
593.85 1.54
595.99 1.54
596.69 1.26
597.29 1.82
600.36 2.04
603.86 2.99
605.88 2.03
609.13 1.89
611.06 2.06
611.68 1.0
613.61 2.03
616.03 2.03
618.39 1.13
620.9 1.98
623.04 0.74
623.9 1.88
625.34 2.04
627.37 1.6
629.76 2.0
630.57 1.72
632.35 3.05
635.64 1.77
638.58 1.83
640.53 2.04
642.81 1.54
645.06 2.17
647.83 2.02
650.17 1.94
652.11 0.58
653.44 0.97
654.55 2.1
655.91 3.07
656.95 1.53
658.11 1.56
661.6 1.17
664.34 2.11
665.03 1.94
666.13 2.07
672.56 2.16
674.81 2.03
676.92 1.78
678.09 1.92
679.01 1.92
679.95 1.57
682.08 2.04
683.51 1.65
685.15 1.61
687.38 2.0
689.4 2.4
692.36 2.0
695.1 1.81
696.56 4.13
699.07 1.45
701.84 1.9
703.31 1.69
703.9 1.58
704.64 1.7
705.26 0.2
707.65 2.03
710.33 2.03
713.68 1.94
716.55 2.07
718.49 1.39
720.52 1.56
722.18 1.58
724.02 4.41
727.25 2.04
729.17 1.94
731.42 2.02
732.7 1.78
734.56 1.81
736.59 2.54
740.8 2.02
743.65 2.0
746.78 2.02
748.26 1.89
749.51 2.95
750.92 1.98
752.53 2.02
754.03 2.02
754.99 1.76
755.66 2.54
756.17 2.26
756.68 0.18
758.56 2.02
763.15 1.47
765.27 2.02
766.22 1.72
771.28 0.93
773.98 1.99
776.34 1.49
778.35 1.76
779.68 0.56
781.33 1.73
784.61 2.74
785.83 4.85
787.9 2.07
789.34 2.07
791.6 1.24
794.39 2.01
799.37 0.27
802.16 1.99
804.35 1.36
805.33 1.9
806.38 3.87
809.63 1.45
811.7 1.95
813.79 2.5
815.33 2.03
817.24 1.57
818.25 1.47
819.68 1.93
820.6 1.15
823.71 1.89
831.38 1.47
832.99 1.92
835.09 0.8
836.16 0.65
836.91 1.71
838.08 1.93
840.5 1.94
842.9 1.95
844.44 2.07
845.23 2.0
846.22 2.0
848.8 1.89
852.52 1.43
854.82 1.92
856.46 1.78
857.93 2.03
859.76 1.37
861.57 2.03
863.02 3.79
865.61 1.47
867.27 1.89
869.5 4.24
871.94 1.32
874.33 1.83
876.68 0.94
878.68 2.0
880.95 1.88
882.59 1.55
883.98 1.93
886.42 1.57
888.18 2.02
890.11 2.66
892.46 1.71
893.8 1.9
896.07 2.08
898.24 1.82
899.65 1.91
901.2 1.93
902.68 2.04
904.87 2.06
906.8 2.03
908.64 1.73
910.91 1.94
913.51 1.95
916.65 1.83
918.62 1.72
920.67 1.77
921.85 2.0
924.14 2.54
927.33 1.94
928.99 1.5
930.61 1.19
932.19 1.8
934.2 1.67
936.06 1.92
938.0 0.35
941.08 1.71
943.02 2.87
944.39 1.18
946.25 1.78
948.05 1.82
949.86 1.81
951.03 2.54
952.6 1.46
954.55 1.94
956.52 1.63
958.43 1.84
959.91 0.75
961.93 1.17
964.27 2.0
966.31 2.76
967.95 2.03
970.35 2.03
977.06 1.99
979.23 2.61
980.23 0.48
981.53 1.29
982.55 1.2
983.61 2.54
984.98 1.61
987.76 1.82
989.66 2.1
991.68 1.75
994.11 1.89
996.09 0.79
997.96 2.02
1001.25 1.47
1002.93 2.43
1004.33 2.05
1006.22 2.12
1007.67 2.04
1010.26 0.58
1011.42 1.22
1012.47 1.91
1014.4 1.78
1016.3 1.9
1023.06 0.16
1024.73 2.07
1025.66 1.49
1026.96 1.87
1028.46 2.04
1029.86 2.71
1030.89 2.05
1033.0 1.31
1035.03 1.82
1037.33 2.73
1038.89 1.8
1040.72 2.02
1042.55 1.93
1043.94 2.01
1045.94 0.63
1047.77 2.02
1050.86 1.85
1053.59 0.89
1056.03 2.01
1059.14 2.13
1060.82 2.11
1062.84 1.86
1065.06 1.9
1066.98 2.0
1068.54 2.0
1071.0 2.0
1072.78 0.24
1073.77 0.97
1075.34 4.31
1076.82 1.83
1079.88 1.81
1083.02 1.82
1085.1 1.82
1086.23 1.85
1087.9 0.57
1089.57 1.83
1091.57 1.91
1093.44 2.02
1094.74 4.18
1096.66 1.36
1098.89 2.06
1100.41 1.82
1102.59 1.91
1105.28 1.73
1108.0 1.01
1109.8 2.02
1112.73 2.08
1114.94 2.03
1116.86 1.76
1118.45 2.02
1119.84 1.42
1122.07 1.48
1124.01 2.0
1125.36 1.75
1126.46 1.42
1128.69 1.9
1130.22 1.87
1132.29 1.99
1136.08 1.49
1138.84 1.87
1139.86 2.46
1141.09 2.04
1142.87 1.89
1145.83 1.51
1148.03 1.48
1150.33 1.17
1152.36 1.85
1153.96 0.52
1155.75 1.55
1157.26 1.96
1159.55 1.78
1161.24 4.05
1163.61 2.0
1165.2 2.0
1166.78 2.01
1169.35 1.87
1173.43 1.85
1174.61 3.91
1175.99 2.02
1178.12 1.86
1180.42 1.07
1181.57 2.96
1182.67 1.62
1183.79 1.94
1186.73 1.82
1191.28 1.98
1193.01 1.62
1194.48 0.72
1195.5 2.02
1198.2 0.83
1200.15 1.94
1202.07 1.73
1205.17 1.86
1205.89 2.48
1206.81 2.17
1208.83 1.86
1210.85 1.97
1212.5 1.98
1214.23 0.41
1215.52 1.67
1217.42 1.87
1220.03 2.27
1224.03 1.87
1225.74 1.73
1228.36 1.54
1231.1 1.89
1233.39 0.84
1234.94 1.82
1236.98 1.73
1238.72 1.88
1239.67 2.73
1240.81 1.48
1241.94 1.98
1246.29 1.47
1249.36 2.0
1250.41 1.35
1251.36 1.53
1252.48 1.89
1253.52 2.36
1254.33 1.64
1257.47 1.76
1260.04 2.02
1261.94 0.63
1264.06 1.62
1266.42 2.01
1268.55 0.97
1270.77 2.0
1274.03 1.94
1276.55 1.52
1279.25 2.0
1281.98 1.94
1283.85 2.04
1285.45 1.83
1287.17 2.02
1289.43 1.45
1291.37 0.64
1293.88 2.01
1295.83 1.38
1297.41 2.09
1298.68 1.37
1299.96 2.13
1302.12 1.35
1303.78 1.89
1305.47 3.14
1306.68 1.77
1308.75 1.98
1311.39 1.73
1313.58 1.18
1315.66 1.87
1317.84 1.93
1319.93 3.1
1321.59 2.03
1323.74 1.91
1325.15 1.47
1327.26 1.08
1330.5 1.94
1332.71 1.94
1333.57 2.58
1334.53 1.25
1336.77 1.9
1338.55 2.04
1343.47 1.35
1346.36 2.0
1347.0 2.81
1348.02 1.9
1349.12 0.82
1350.28 1.94
1351.26 2.03
1354.37 1.93
1356.42 1.83
1359.4 1.76
1361.27 2.65
1363.12 1.99
1365.88 1.36
1368.64 0.84
1369.97 1.61
1372.36 2.01
1374.51 1.36
1376.4 1.9
1378.51 1.77
1380.41 1.32
1381.9 1.76
1383.88 2.05
1385.97 1.82
1387.53 2.05
1389.21 1.83
1391.75 2.04
1394.38 0.85
1396.13 0.3
1397.35 1.91
1398.87 1.9
1400.15 1.93
1403.46 1.61
1405.76 1.9
1408.11 1.77
1410.38 2.06
1412.51 2.03
1414.51 1.94
1416.45 1.93
1417.77 0.26
1418.43 1.87
1419.63 1.49
1422.48 1.99
1427.23 1.89
1430.02 1.82
1430.94 1.89
1431.76 2.2
1432.67 0.55
1433.95 1.17
1434.8 1.65
1435.82 1.87
1439.54 1.63
1442.08 2.13
1444.9 0.2
1447.33 1.47
1450.12 2.02
1452.78 0.8
1455.44 2.01
1458.01 1.86
1459.96 0.13
1461.73 2.0
1464.16 1.61
1466.11 1.87
1468.18 1.62
1469.52 2.01
1470.86 1.62
1472.57 1.72
1474.31 1.83
1477.8 1.95
1479.6 2.84
1481.25 1.9
1482.76 1.83
1483.32 1.89
1487.5 1.99
1489.61 1.83
1490.68 1.83
1491.82 1.99
1492.96 2.11
1493.59 3.72
1494.78 1.34
1496.38 1.71
1499.37 2.02
1502.4 2.05
1505.18 1.28
1507.84 1.78
1510.62 1.3
1512.6 2.07
1514.2 1.65
1516.86 2.02
1518.15 1.89
1520.61 2.02
1522.38 1.45
1524.44 2.02
1526.1 1.91
1527.52 2.02
1528.85 0.83
1530.11 2.02
1533.49 1.47
1536.73 1.89
1539.69 1.86
1540.86 2.02
1543.82 0.89
1545.73 1.83
1547.15 2.13
1548.42 1.18
1549.67 1.32
1550.79 1.17
1552.79 1.83
1556.93 1.95
1560.22 1.53
1560.95 2.63
1561.7 0.64
1562.87 0.15
1564.7 2.0
1567.27 2.0
1570.18 1.68
1572.49 1.6
1574.84 2.03
1576.31 2.67
1576.85 0.27
1578.17 1.33
1580.15 1.13
1585.73 2.01
1587.97 1.93
1589.98 2.02
1591.56 0.62
1593.25 1.82
1595.38 1.89
1597.6 1.44
1598.51 4.35
1599.9 0.67
1601.23 2.04
1605.09 2.36
1606.56 1.42
1609.68 2.04
1611.33 1.34
1613.24 2.04
1614.17 1.93
1615.32 1.71
1618.4 3.29
1620.68 2.06
1623.2 2.07
1623.86 1.93
1624.49 1.58
1625.71 2.23
1629.14 1.37
1632.34 1.33
1634.07 1.66
1635.97 1.77
1637.88 1.82
1639.21 2.59
1641.91 2.01
1645.14 1.77
1647.63 1.94
1649.65 1.77
1650.37 1.97
1652.38 3.61
1654.51 1.94
1655.1 1.85
1655.95 1.82
1657.73 1.8
1660.99 1.26
1663.66 1.54
1664.91 4.09
1667.47 1.59
1669.86 2.04
1672.49 1.55
1674.44 1.93
1675.48 2.02
1676.77 2.51
1678.27 1.71
1686.15 1.87
1688.23 1.93
1689.44 2.06
1690.52 3.07
1691.83 0.75
1693.25 1.7
1694.8 2.02
1695.57 2.02
1699.58 2.03
1702.31 1.72
1703.89 2.41
1704.53 1.88
1705.32 1.06
1707.16 1.53
1709.51 1.27
1711.33 2.16
1714.87 1.86
1718.41 4.21
1719.82 1.53
1720.81 2.01
1722.61 1.67
1724.4 1.47
1730.3 1.99
1731.54 0.83
1732.06 1.96
1733.27 1.39
1736.19 1.99
1738.09 2.1
1740.02 1.9
1742.41 2.01
1744.58 3.01
1746.05 1.56
1747.69 1.97
1750.75 1.56
1753.43 1.96
1754.77 2.01
1756.38 1.99
1758.81 1.47
1760.75 1.58
1762.25 1.93
1764.32 0.73
1764.98 1.87
1766.03 1.26
1767.64 1.94
1775.13 1.78
1777.44 3.39
1778.45 2.05
1779.71 1.91
1780.9 2.07
1782.75 1.78
1784.29 2.02
1786.14 1.42
1788.26 1.71
1789.25 1.96
1791.08 1.9
1792.22 2.13
1793.84 2.02
1794.76 1.89
1796.19 2.04
1802.5 1.32
1804.44 1.93
1805.91 1.13
1806.82 1.46
1807.75 2.02
1809.17 0.79
1810.86 1.76
1812.64 2.02
1814.41 1.97
1816.59 1.97
1817.61 2.02
1818.51 1.83
1820.08 2.02
1826.51 1.87
1830.17 1.99
1833.08 1.82
1834.39 2.0
1836.16 1.59
1837.74 1.44
1840.17 1.5
1842.74 3.2
1844.82 1.63
1846.5 1.92
1848.22 1.99
1850.03 1.84
1852.52 2.04
1854.2 1.49
1855.86 1.82
1856.66 3.83
1858.64 1.58
1861.04 2.02
1862.04 1.69
1863.9 1.9
1867.69 2.02
1871.19 1.53
1873.21 2.0
1875.24 1.48
1876.4 1.3
1878.6 1.61
1880.28 2.01
1882.02 1.72
1884.07 1.84
1886.82 2.01
1888.53 2.16
1890.84 2.07
1892.63 1.35
1895.16 2.07
1897.62 2.04
1899.96 2.04
1901.36 2.66
1903.26 1.89
1905.13 2.03
1907.33 2.0
1909.05 0.18
1910.38 0.95
1912.87 1.55
1914.06 2.03
1915.72 0.73
1917.67 1.86
1919.74 2.03
1922.34 2.37
1923.99 1.03
1925.84 1.78
1928.13 1.85
1930.9 1.99
1933.21 1.36
1934.94 2.09
1936.78 2.4
1938.73 1.96
1940.54 1.96
1942.73 2.39
1944.06 1.65
1946.39 1.83
1948.04 1.97
1949.79 1.99
1951.66 1.76
1953.03 2.02
1954.9 2.02
1956.3 2.16
1957.79 0.39
1959.71 1.88
1962.27 1.67
1964.97 4.16
1966.46 1.91
1968.39 1.48
1970.84 2.17
1972.87 1.32
1975.08 1.93
1978.41 1.86
1980.22 2.02
1981.3 2.02
1983.3 1.88
1984.79 2.02
1986.56 1.72
1990.16 2.96
1992.67 1.89
1995.09 1.55
1997.24 1.52
1999.05 1.57
2001.07 1.59
2003.3 3.31
2005.86 1.7
2007.5 2.04
2008.84 1.62
2009.43 2.02
2010.85 0.95
2012.67 1.96
2019.23 1.6
2020.82 2.05
2022.43 2.01
2024.71 0.99
2025.91 4.12
2027.28 2.1
2029.01 1.52
2030.17 1.89
2031.31 1.6
2033.14 1.37
2034.28 1.76
2036.08 1.57
2037.69 1.78
2040.58 1.75
2045.97 3.5
2048.43 2.04
2050.05 1.74
2052.77 2.66
2053.62 2.46
2054.21 3.93
2054.74 3.54
2057.86 1.89
2059.64 2.01
2060.85 1.49
2061.86 3.47
2078.87 2.03
2079.46 2.03
2080.21 1.99
2081.54 2.25
2083.38 1.89
2084.13 2.0
2085.08 2.0
2087.89 1.96
2088.89 0.47
2090.41 1.78
2102.91 1.45
2103.7 1.85
2104.59 1.9
2105.5 1.89
2106.8 1.67
2107.81 2.84
2110.05 1.47
2112.66 2.05
2114.07 2.56
2115.48 1.45
2116.71 2.03
2117.88 2.03
2120.27 2.72
2121.81 1.42
2123.39 1.86
2126.78 2.67
2129.89 1.35
2132.48 1.91
2133.27 0.39
2134.12 1.97
2135.53 0.11
2137.6 1.87
2138.61 1.89
2139.3 2.02
2141.3 1.78
2145.82 1.34
2147.03 2.13
2154.08 0.67
2156.07 2.02
2158.3 1.9
2160.57 2.08
2162.39 2.06
2164.43 1.78
2166.62 1.94
2168.59 0.74
2170.34 2.01
2172.4 1.52
2174.42 1.67
2176.56 1.96
2180.01 1.71
2181.54 1.89
2182.8 4.17
2184.33 2.01
2188.89 3.22
2191.0 1.94
2191.69 2.15
2192.35 1.86
2196.81 1.42
2199.54 1.76
2201.76 2.01
2203.42 2.73
2204.84 1.97
2206.49 2.03
2209.32 1.76
2210.88 1.39
2212.21 2.04
2213.63 1.55
2215.72 2.02
2217.57 0.11
2218.96 2.14
2223.28 1.62
2225.77 0.66
2228.35 2.02
2230.47 1.48
2231.39 2.02
2232.26 0.21
2233.07 1.18
2234.14 0.77
2234.97 1.43
2236.12 0.35
2237.13 1.98
2238.15 1.98
2240.19 1.39
2242.16 1.5
2244.19 3.12
2246.18 2.84
2248.2 4.24
2250.16 4.7
2252.21 6.83
2254.18 7.01
2256.2 4.23
2258.18 6.75
2260.19 8.81
2262.07 5.06
2264.99 1.32
2266.54 1.59
2267.99 2.02
2270.18 2.73
2272.19 2.36
2275.37 1.39
2276.45 5.67
2278.21 2.01
2280.47 1.61
2284.51 1.95
2288.39 1.93
2289.59 2.16
2290.53 2.26
2291.54 1.18
2295.74 2.06
2298.69 1.54
2299.91 1.39
2301.94 1.8
2305.94 0.65
2308.62 1.9
2310.72 1.61
2311.82 2.33
2313.04 0.19
2314.42 0.5
2315.66 1.4
2318.39 1.87
2321.15 1.91
2322.14 3.25
2323.33 1.17
2328.27 1.82
2330.98 1.9
2332.09 1.82
2335.07 4.22
2336.51 2.03
2337.7 2.04
2341.22 2.93
2342.53 1.13
2343.65 1.82
2345.43 2.0
2348.1 0.54
2350.57 1.98
2352.84 1.61
2354.59 1.99
2356.43 1.82
2357.63 1.57
2358.72 2.0
2359.92 1.92
2361.27 3.75
2364.2 1.5
2367.34 2.28
2368.35 1.9
2369.43 1.08
2373.73 2.04
2375.93 1.27
2377.63 1.8
2380.72 2.01
2383.33 2.0
2384.71 1.99
2386.36 1.47
2387.61 2.11
2388.45 2.85
2391.11 1.18
2394.25 2.0
2395.55 1.37
2396.63 1.27
2397.76 1.82
2401.01 1.76
2404.08 2.0
2407.1 1.51
2408.94 0.66
2410.85 1.9
2412.96 2.04
2415.17 2.05
2416.81 1.52
2419.17 2.01
2420.8 1.99
2422.43 1.26
2423.56 0.87
2424.67 1.4
2425.76 1.92
2426.9 2.05
2429.47 1.09
2432.6 1.82
2433.74 1.97
2435.1 2.04
2436.12 2.78
2436.87 3.44
2438.2 1.35
2440.19 1.27
2443.19 1.45
2446.36 0.61
2450.1 1.99
2453.52 1.61
2455.61 2.02
2457.35 2.15
2459.38 3.3
2463.7 1.78
2466.22 1.58
2467.39 1.39
2468.47 2.01
2469.68 1.95
2470.95 0.6
2472.07 1.82
2475.0 2.03
2478.02 1.57
2480.76 2.15
2484.04 1.94
2484.87 2.03
2485.49 2.63
2487.65 2.02
2490.55 1.56
2493.18 1.99
2495.47 1.6
2497.18 1.99
2499.22 1.85
2502.92 1.94
2504.54 3.44
2505.5 0.18
2507.05 1.86
2508.39 1.93
2509.93 1.87
2513.59 1.91
2516.77 2.04
2517.38 2.95
2518.18 1.11
2520.36 1.98
2524.23 1.66
2527.22 2.01
2527.87 2.1
2530.65 2.08
2535.11 2.03
2536.21 1.94
2538.27 0.41
2540.97 1.78
2543.92 1.81
2545.59 3.81
2546.95 1.9
2550.53 1.32
2552.2 2.12
2553.76 1.61
2556.95 1.27
2559.62 2.62
2560.47 1.0
2566.02 1.57
2567.99 1.2
2570.27 1.8
2571.96 1.09
2573.08 3.24
2574.44 2.04
2577.56 2.02
2579.25 2.08
2581.47 1.22
2582.89 2.0
2584.92 1.69
2586.97 2.09
2588.39 1.41
2590.8 1.7
2593.01 2.01
2594.68 1.56
2596.56 1.83
2597.66 1.83
2598.36 1.84
2599.96 0.19
2603.46 1.9
2606.82 4.58
2609.82 1.55
2612.38 1.95
2613.9 0.76
2615.01 1.51
2616.54 2.04
2619.61 2.04
2621.85 3.4
2625.49 1.54
2626.89 2.05
2628.71 0.75
2630.44 1.64
2632.46 2.0
2634.22 1.57
2636.14 1.94
2637.86 1.56
2639.55 2.11
2641.43 0.33
2644.07 1.82
2646.24 2.01
2649.81 1.81
2652.03 2.01
2653.53 2.01
2654.36 1.83
2655.23 2.89
2655.87 2.85
2657.58 2.0
2661.79 2.07
2665.4 2.02
2666.71 1.78
2668.98 1.94
2670.94 1.99
2673.96 2.05
2675.64 2.0
2677.41 2.02
2678.93 1.76
2680.12 2.02
2681.17 0.47
2690.26 2.02
2691.33 1.91
2692.21 1.84
2693.1 0.08
2693.91 0.84
2695.22 2.14
2697.33 1.61
2698.76 1.87
2699.93 1.92
2703.96 2.0
2705.75 2.0
2707.4 1.97
2709.69 2.02
2711.91 1.47
2713.06 1.89
2714.36 3.46
2715.03 1.93
2716.54 2.01
2724.04 1.76
2725.45 1.94
2727.07 2.85
2728.74 1.52
2730.48 1.73
2732.69 1.49
2734.56 0.98
2735.69 1.18
2736.96 1.36
2739.02 1.79
2740.42 1.72
2741.22 2.0
2742.76 2.51
2744.78 1.81
2749.97 0.99
2751.77 1.96
2753.0 2.01
2754.91 1.9
2756.82 3.88
2760.02 1.38
2761.74 1.83
2763.8 0.74
2765.37 1.85
2767.16 2.02
2768.94 2.02
2771.35 2.16
2774.9 2.0
2776.92 3.54
2778.7 1.77
2780.48 1.2
2782.63 1.94
2784.4 0.72
2786.09 1.9
2788.6 1.34
2789.96 1.61
2792.02 2.02
2794.93 1.77
2797.03 1.14
2798.69 3.88
2800.76 2.0
2803.51 2.0
2805.31 1.34
2806.83 2.27
2808.5 2.03
2810.36 2.02
2811.95 2.88
2813.32 0.81
2814.53 2.01
2818.45 3.01
2820.13 1.78
2821.54 1.77
2822.45 1.87
2824.1 1.88
2826.11 1.51
2826.97 1.64
2830.09 2.05
2833.51 1.85
2835.34 2.02
2837.74 1.75
2838.43 1.85
2840.2 1.09
2842.72 1.82
2844.85 1.83
2845.64 1.67
2849.6 1.91
2850.9 1.71
2852.81 1.91
2855.73 1.46
2857.27 2.01
2858.9 1.82
2861.41 1.09
2863.21 2.0
2864.97 2.0
2866.87 3.01
2868.26 1.39
2871.12 2.03
2872.13 1.93
2873.41 1.66
2875.1 2.22
2879.29 1.67
2880.0 2.05
2881.51 0.26
2883.56 1.94
2890.93 2.04
2893.09 0.74
2894.5 2.0
2895.33 0.72
2897.13 2.03
2897.8 1.95
2900.36 1.77
2901.93 3.55
2904.36 1.63
2906.19 1.97
2907.9 2.09
2909.93 2.03
2912.34 2.03
2914.54 1.72
2915.36 3.17
2916.3 0.97
2918.08 1.88
2919.38 1.39
2925.88 2.0
2928.38 1.99
2929.43 3.22
2930.03 4.27
2932.13 2.02
2934.17 1.68
2935.97 2.14
2937.65 1.4
2939.36 2.04
2941.27 1.97
2942.22 2.04
2945.23 0.76
2947.03 1.96
2948.04 1.96
2949.91 1.73
2951.43 0.86
2952.31 1.01
2953.09 1.01
2959.26 1.94
2962.0 0.54
2963.79 1.97
2965.87 2.03
2967.58 1.94
2969.8 1.82
2971.44 1.9
2972.3 1.91
2973.35 1.7
2976.01 2.18
2978.97 2.06
2980.65 2.28
2981.57 1.49
2983.62 1.78
2987.13 2.03
2989.58 1.82
2991.08 1.82
2992.29 1.57
2993.3 1.98
2994.58 4.77
2999.73 1.42
3001.26 2.05
3003.29 2.02
3004.54 2.02
3005.84 1.96
3012.87 1.55
3014.15 3.47
3014.92 1.2
3016.17 2.01
3017.93 1.82
3019.59 1.72
3020.96 2.44
3023.41 1.97
3025.34 1.85
3027.88 2.17
3030.27 1.77
3031.82 1.8
3032.77 1.94
3034.78 1.85
3036.06 0.75
3037.5 2.03
3043.99 1.61
3045.47 0.82
3047.45 2.03
3049.54 2.0
3050.18 2.02
3051.94 1.62
3052.91 2.26
3059.22 1.17
3061.43 2.17
3063.02 1.94
3064.75 2.05
3066.0 1.91
3067.03 1.77
3068.72 1.08
3069.75 1.94
3070.91 1.66
3073.74 1.94
3076.94 0.68
3078.56 1.88
3079.93 2.01
3082.12 3.81
3085.8 1.77
3087.46 2.01
3088.43 0.97
3089.83 1.49
3091.93 2.01
3094.25 1.9
3096.33 2.41
3098.89 2.02
3101.49 1.54
3103.9 2.02
3106.42 1.48
3108.13 2.02
3110.06 1.43
3112.47 1.98
3114.09 1.46
3114.89 1.62
3116.7 2.18
3118.57 1.82
3121.26 2.02
3124.19 1.78
3126.35 1.98
3128.02 2.01
3129.81 1.14
3132.02 2.01
3135.0 1.93
3137.07 1.95
3139.13 2.01
3141.54 1.49
3143.44 2.65
3145.2 1.95
3146.99 1.99
3148.99 1.54
3150.84 1.21
3152.37 1.94
3154.87 1.35
3156.79 3.06
3157.85 0.91
3159.58 2.04
3162.46 2.04
3164.26 0.54
3166.21 2.05
3167.96 2.05
3170.52 3.04
3173.28 2.06
3175.23 1.55
3177.97 0.9
3178.58 2.02
3180.77 1.49
3182.85 2.61
3184.94 1.51
3188.78 2.12
3190.43 1.82
3193.02 1.99
3194.36 2.0
3196.67 0.41
3197.83 1.9
3199.4 2.07
3200.44 2.0
3202.17 2.46
3203.07 2.13
3206.05 1.64
3214.07 2.02
3215.76 3.97
3217.87 1.99
3220.03 1.59
3221.1 1.36
3221.76 2.63
3224.76 1.75
3227.08 2.01
3229.51 0.04
3230.62 1.66
3232.36 1.82
3234.54 2.11
3235.74 2.12
3237.36 2.42
3239.33 2.02
3240.82 1.73
3241.78 1.45
3243.43 2.6
3245.33 1.9
3255.33 1.9
3256.75 0.16
3257.32 3.25
3258.62 1.59
3259.98 1.78
3261.98 2.03
3263.29 2.03
3265.49 2.01
3267.5 2.02
3269.34 2.06
3271.08 2.04
3272.36 1.48
3274.53 2.0
3275.56 1.82
3277.06 2.0
3279.74 0.56
3281.62 1.99
3282.52 1.94
3284.43 1.86
3286.1 4.0
3288.62 1.7
3289.88 1.89
3292.78 3.27
3295.69 1.54
3297.31 1.91
3299.0 2.96
3301.98 1.88
3303.66 1.99
3306.24 1.16
3307.5 2.17
3308.98 1.71
3310.57 2.04
3312.97 0.71
3315.32 1.92
3316.16 2.01
3317.4 1.63
3320.42 2.03
3323.88 1.5
3326.84 2.06
3328.55 1.9
3329.46 1.94
3330.54 2.41
3332.23 1.61
3334.63 2.02
3337.39 0.44
3339.16 2.34
3341.26 2.16
3344.58 1.39
3347.33 1.78
3350.29 1.82
3351.9 1.9
3353.1 2.02
3355.36 1.86
3356.26 2.06
3358.82 4.68
3361.05 1.92
3363.29 1.57
3365.12 2.2
3366.31 1.03
3367.65 1.64
3369.16 1.85
3371.3 3.89
3374.7 2.01
3375.69 2.01
3378.65 0.39
3380.28 1.66
3381.68 1.86
3382.96 1.86
3385.19 1.96
3387.24 1.93
3389.7 2.01
3392.03 1.62
3393.7 1.82
3395.27 1.46
3396.62 2.0
3397.93 1.44
3400.2 1.23
3410.84 1.75
3411.75 2.05
3412.48 2.49
3413.55 0.77
3414.87 2.02
3416.94 1.71
3418.72 2.95
3420.01 1.69
3421.89 2.0
3424.31 1.94
3426.16 0.82
3427.98 2.02
3429.75 2.14
3431.19 2.37
3433.42 1.93
3435.67 1.63
3437.63 3.28
3439.6 2.05
3441.18 2.03
3441.97 2.03
3443.64 1.77
3445.08 4.64
3448.08 1.67
3450.4 1.99
3452.15 3.15
3454.45 1.43
3455.83 2.02
3457.5 1.81
3459.09 2.2
3472.0 1.01
3472.63 1.11
3473.38 1.57
3474.68 2.03
3476.47 2.02
3477.32 2.03
3480.33 2.1
3482.01 1.89
3483.61 1.67
3485.02 1.91
3486.44 1.71
3488.29 1.76
3490.12 1.87
3491.38 1.69
3494.31 1.43
3497.59 2.06
3499.0 3.24
3500.35 2.0
3502.69 1.9
3505.95 4.33
3508.04 1.33
3509.91 2.0
3512.1 1.84
3514.38 0.47
3516.98 1.87
3519.66 1.6
3521.92 1.91
3522.84 1.81
3524.12 0.82
3525.07 1.99
3527.61 2.67
3530.89 1.85
3533.54 2.03
3535.77 2.0
3537.63 2.01
3538.61 2.0
3540.16 1.96
3540.88 2.64
3542.3 2.11
3543.87 1.33
3547.09 1.63
3550.2 2.12
3552.8 1.86
3554.76 1.94
3556.3 1.73
3557.83 1.9
3559.79 3.19
3560.32 1.83
3560.87 2.32
3561.5 1.65
3563.33 2.0
3564.98 1.48
3566.72 1.88
3569.11 1.91
3572.37 1.48
3579.67 1.9
3581.64 0.49
3582.99 1.83
3586.15 1.21
3587.58 2.36
3588.53 1.54
3589.44 3.79
3591.45 1.9
3595.72 3.19
3598.27 2.08
3599.56 1.37
3602.58 2.16
3603.59 0.82
3606.7 2.07
3609.73 2.05
3611.32 1.45
3611.93 3.21
3612.64 0.68
3614.28 1.86
3616.32 1.87
3618.62 1.96
3620.94 2.01
3623.97 1.17
3626.43 1.7
3629.21 1.61
3629.95 1.89
3630.71 2.01
3632.13 1.5
3632.96 3.04
3633.55 0.75
3634.18 2.14
3635.69 1.87
3638.66 1.75
3642.01 1.87
3643.7 1.47
3646.24 2.02
3648.02 1.41
3650.74 1.89
3652.9 1.94
3654.99 3.04
3664.02 2.06
3665.61 0.27
3668.11 1.56
3669.9 1.4
3671.17 2.02
3672.23 2.49
3673.71 1.87
3677.16 1.68
3678.79 3.56
3679.51 1.48
3680.96 1.84
3682.59 2.01
3685.27 2.01
3686.71 1.38
3687.46 1.07
3689.5 2.11
3693.63 0.09
3696.07 1.84
3697.78 2.14
3700.05 1.62
3701.67 1.61
3703.01 1.83
3706.73 1.42
3708.96 1.35
3710.03 1.83
3712.16 1.99
3713.75 3.41
3716.37 2.02
3719.64 1.88
3720.49 2.53
3721.8 1.94
3724.72 1.64
3725.49 2.01
3727.1 0.53
3728.24 0.37
3730.71 1.88
3732.95 1.93
3736.02 1.93
3737.64 1.67
3738.81 2.0
3741.21 0.08
3743.66 1.72
3745.15 2.13
3747.7 0.65
3750.05 1.98
3752.28 2.01
3754.59 1.34
3756.96 2.01
3759.5 1.89
3760.46 2.13
3761.39 3.16
3764.41 1.97
3766.35 0.02
3768.11 1.83
3769.88 1.8
3771.52 1.45
3773.99 1.86
3776.25 1.84
3782.62 2.13
3784.33 1.86
3785.86 1.83
3788.43 1.93
3790.16 0.71
3791.72 1.72
3793.27 1.98
3794.37 1.88
3795.83 2.01
3797.51 0.72
3799.7 1.93
3802.25 1.88
3805.33 2.04
3806.41 2.02
3808.32 1.97
3810.24 4.26
3813.64 1.86
3815.9 2.04
3817.84 1.78
3819.71 1.57
3821.57 1.91
3823.38 0.28
3825.95 2.02
3827.86 2.02
3829.45 2.91
3830.81 1.97
3833.61 1.48
3835.53 3.45
3836.37 1.49
3837.61 1.21
3839.31 2.02
3841.92 2.02
3844.92 2.01
3847.27 1.83
3849.37 0.96
3851.37 1.95
3853.49 1.26
3854.59 1.99
3855.25 1.13
3857.17 1.97
3861.52 1.47
3862.09 2.76
3864.0 2.02
3865.18 1.72
3868.5 3.34
3870.84 1.52
3872.66 1.73
3874.83 3.66
3878.33 1.83
3880.48 1.82
3881.32 1.06
3881.97 1.98
3884.5 1.38
3888.68 2.08
3890.48 1.49
3892.73 1.91
3894.9 1.98
3896.47 1.14
3898.17 1.86
3900.53 1.78
3902.21 4.89
3904.06 1.58
3906.05 1.8
3908.08 1.97
3909.64 1.04
3911.5 1.99
3912.99 1.04
3914.72 1.87
3915.89 1.93
3916.88 1.06
3920.48 2.01
3927.2 1.66
3929.1 1.99
3930.31 2.19
3931.72 1.87
3933.82 1.42
3934.48 1.93
3936.83 1.7
3937.88 1.32
3938.91 2.03
3942.63 1.91
3944.69 2.02
3946.29 1.97
3947.57 1.83
3948.44 1.97
3953.03 1.23
3956.03 2.12
3957.73 1.91
3958.4 1.79
3959.07 1.85
3965.34 1.54
3967.58 2.05
3968.53 1.72
3969.12 2.65
3969.71 3.84
3972.81 1.82
3974.79 1.83
3975.61 2.05
3976.42 2.15
3977.46 1.55
3979.84 1.47
3984.27 1.98
3986.55 1.67
3989.57 1.94
3991.19 1.47
3992.78 1.63
3995.01 2.05
3996.08 2.15
3997.5 2.98
4000.81 1.47
4003.05 2.02
4005.6 1.48
4007.45 1.35
4009.18 1.88
4010.54 4.13
4011.57 1.64
4012.76 1.43
4014.0 1.27
4015.17 1.93
4016.68 1.61
4018.01 3.46
4019.34 0.97
4021.04 1.93
4022.73 1.94
4024.38 1.3
4026.42 3.0
4028.38 3.27
4030.41 5.81
4032.39 6.07
4034.4 5.92
4042.54 1.9
4045.98 1.45
4048.18 1.98
4049.78 1.27
4051.84 2.01
4053.64 1.47
4055.24 1.82
4056.74 1.7
4057.56 0.74
4059.11 2.0
4063.21 1.42
4065.54 1.25
4067.33 2.03
4069.58 1.62
4071.44 2.02
4072.4 0.9
4074.09 1.87
4075.27 1.81
4078.3 1.91
4081.3 2.01
4084.12 1.54
4085.82 3.02
4088.02 2.05
4090.13 1.56
4091.89 2.3
4092.79 0.91
4093.6 2.09
4094.56 0.37
4101.38 2.0
4103.6 1.94
4105.66 1.42
4107.64 2.12
4108.18 2.9
4108.83 2.12
4109.57 0.52
4111.29 2.01
4114.56 1.41
4117.26 1.48
4120.61 1.98
4121.92 2.73
4124.37 1.89
4126.86 1.94
4128.5 2.9
4129.78 2.03
4131.03 1.61
4132.47 2.03
4133.71 1.62
4135.74 2.11
4138.9 0.16
4141.0 1.61
4141.87 2.15
4142.78 1.66
4145.72 3.11
4149.37 1.47
4151.7 2.0
4153.5 2.02
4155.9 1.47
4158.22 2.02
4159.46 0.99
4160.47 1.65
4163.27 1.86
4164.46 1.72
4166.91 3.27
4169.51 1.54
4170.82 2.02
4171.79 1.72
4172.33 1.78
4174.99 1.42
4178.85 1.7
4181.01 3.12
4182.61 1.79
4184.14 1.91
4186.22 1.48
4187.87 1.27
4191.58 2.02
4193.66 2.07
4195.27 2.03
4197.59 2.03
4200.0 1.97
4201.89 1.17
4204.11 1.81
4206.2 2.06
4208.36 1.62
4210.28 2.03
4211.87 2.04
4213.55 1.83
4215.7 2.01
4218.24 1.82
4220.14 1.75
4221.97 1.95
4223.9 1.88
4225.99 2.39
4227.98 2.03
4230.49 2.02
4232.58 1.71
4234.22 1.66
4236.23 1.56
4238.2 2.02
4240.27 1.66
4242.0 1.46
4243.85 1.94
4246.38 2.53
4247.56 0.71
4249.73 1.89
4252.11 1.4
4254.18 2.05
4257.74 1.2
4259.52 2.03
4261.15 2.64
4261.82 0.89
4262.62 2.03
4264.02 1.89
4267.39 1.9
4270.86 1.36
4271.77 1.52
4274.99 2.22
4275.72 1.02
4277.82 1.47
4279.54 2.05
4281.78 2.79
4283.73 1.51
4286.06 2.01
4287.01 1.35
4289.91 2.05
4290.99 1.58
4291.89 1.86
4292.56 1.62
4299.1 1.56
4301.77 1.97
4303.27 2.05
4305.36 1.95
4306.65 1.24
4308.19 1.85
4309.95 1.44
4312.38 1.2
4314.77 2.08
4316.7 0.41
4319.07 1.28
4321.34 2.02
4322.83 0.8
4325.38 2.01
4326.95 2.01
4328.94 3.32
4331.62 1.66
4334.79 2.01
4336.12 3.42
4337.43 2.02
4339.25 2.0
4340.8 1.71
4342.75 0.88
4343.29 1.65
4347.59 1.51
4349.57 1.61
4352.53 1.45
4354.14 1.9
4355.44 1.98
4357.65 2.01
4359.88 1.87
4360.88 1.67
4362.29 1.99
4364.52 1.2
4366.6 1.47
4368.56 3.65
4370.85 1.9
4372.62 2.15
4374.56 1.97
4376.57 2.03
4378.54 0.55
4380.41 1.77
4382.85 1.88
4386.0 1.94
4388.08 1.92
4389.82 1.37
4391.0 3.32
4392.0 0.91
4392.91 3.19
4393.96 1.9
4396.82 1.48
4401.61 2.02
4403.49 1.62
4405.74 1.39
4407.67 2.03
4410.08 1.72
4411.98 3.01
4413.44 1.71
4415.92 2.02
4417.5 1.9
4418.91 1.18
4420.1 1.85
4421.49 1.25
4427.03 1.88
4428.65 1.8
4430.16 1.47
4431.22 1.89
4432.32 2.58
4433.51 1.94
4438.07 1.71
4439.04 1.77
4439.59 3.11
4442.21 2.0
4445.45 2.14
4447.55 0.07
4449.54 2.13
4451.57 1.66
4452.76 2.02
4454.19 1.89
4455.83 1.75
4457.54 1.78
4463.03 1.43
4464.46 1.51
4465.78 2.03
4468.28 1.59
4469.94 2.06
4471.69 1.83
4473.21 1.83
4475.43 0.63
4477.58 1.9
4478.34 1.85
4479.76 1.94
4480.59 3.93
4481.67 4.39
4483.81 1.97
4485.95 1.92
4489.58 1.51
4494.55 1.54
4496.12 1.58
4498.06 2.12
4500.05 1.77
4501.78 1.35
4503.9 1.77
4505.73 2.02
4507.46 2.12
4509.07 1.94
4511.02 1.98
4512.79 1.75
4514.33 3.41
4515.68 2.05
4518.69 1.72
4520.69 2.02
4521.8 1.85
4525.98 1.47
4528.23 1.14
4530.32 1.77
4532.01 2.06
4533.32 2.08
4535.72 1.88
4538.08 2.0
4539.56 1.63
4540.84 1.67
4542.3 1.47
4543.89 2.01
4545.62 2.01
4549.34 1.31
4551.41 2.02
4553.45 0.95
4554.24 1.78
4555.12 0.62
4557.62 1.78
4560.24 1.84
4562.37 1.23
4565.39 1.9
4567.14 1.72
4568.13 2.08
4569.52 1.77
4572.3 2.03
4574.24 2.64
4575.49 0.49
4576.62 1.82
4579.59 2.03
4582.36 1.98
4585.49 1.78
4587.48 1.05
4588.48 2.01
4589.95 1.81
4593.23 2.01
4596.48 1.77
4598.53 2.05
4600.5 3.84
4602.2 2.02
4604.61 2.02
4607.27 0.26
4608.78 1.72
4609.99 1.93
4612.46 1.89
4614.16 2.46
4616.0 1.65
4617.59 2.03
4618.8 1.87
4619.39 1.79
4620.81 3.2
4627.52 1.47
4628.66 1.87
4629.97 1.61
4632.24 2.02
4633.74 0.26
4635.9 1.4
4637.31 1.92
4638.99 1.87
4640.1 2.95
4641.24 1.25
4643.62 2.05
4648.35 1.98
4649.51 1.7
4651.25 2.0
4654.23 1.66
4656.17 2.03
4657.79 2.53
4658.98 1.14
4660.93 2.04
4662.6 1.61
4664.69 2.06
4666.69 1.61
4669.97 2.02
4672.37 1.74
4673.81 1.45
4674.39 1.88
4677.28 1.89
4681.61 1.89
4683.74 1.94
4685.72 2.13
4688.22 1.54
4690.07 1.81
4691.64 2.36
4693.67 1.49
4695.61 2.02
4697.12 1.92
4698.18 3.6
4699.91 1.82
4701.62 1.85
4704.13 1.54
4705.96 2.02
4715.23 1.52
4716.69 1.33
4718.17 1.55
4719.34 1.61
4720.86 2.05
4721.8 1.95
4723.07 2.37
4724.24 1.34
4725.87 2.01
4728.23 1.79
4731.93 0.94
4733.64 2.03
4734.96 1.4
4737.14 1.9
4739.14 1.03
4741.7 2.0
4742.99 2.0
4745.93 2.69
4746.64 3.3
4747.93 1.9
4749.51 1.94
4751.36 1.42
4754.39 1.36
4756.93 2.03
4758.94 1.61
4760.61 1.19
4762.0 1.67
4763.79 1.87
4767.06 3.7
4767.92 1.4
4770.48 1.91
4772.62 1.87
4777.89 0.69
4778.66 2.02
4780.6 3.99
4782.6 1.91
4783.75 1.03
4785.0 1.86
4787.67 2.35
4788.9 1.08
4792.14 1.61
4793.94 2.02
4795.07 1.25
4796.72 1.85
4798.99 1.95
4800.63 1.57
4804.53 1.78
4806.47 1.57
4808.64 1.47
4811.54 1.67
4812.41 1.79
4813.7 1.56
4816.17 2.01
4819.71 1.67
4821.09 3.28
4822.3 0.52
4824.25 1.93
4826.79 2.03
4829.47 2.02
4831.06 2.02
4833.17 1.54
4835.46 1.37
4837.07 2.02
4837.57 1.73
4840.93 4.76
4842.02 0.92
4843.77 1.98
4847.19 2.89
4849.89 1.87
4852.16 1.86
4854.25 0.33
4855.56 2.04
4857.7 1.36
4858.92 1.67
4860.7 3.21
4861.93 1.61
4864.04 2.07
4872.98 2.01
4874.49 1.46
4876.09 1.72
4876.99 2.02
4878.82 2.02
4879.88 3.95
4881.6 2.01
4882.94 1.78
4884.64 1.77
4886.52 2.02
4888.28 1.43
4890.22 2.02
4891.8 1.88
4893.51 3.79
4895.97 1.44
4898.07 2.03
4899.98 1.69
4901.27 1.97
4902.86 1.96
4905.24 1.57
4907.23 2.03
4909.36 1.76
4911.94 1.66
4914.29 2.07
4917.74 1.46
4919.92 1.84
4921.66 1.82
4923.97 1.59
4926.1 2.38
4927.58 1.47
4928.37 1.91
4930.5 1.47
4932.3 3.54
4934.52 1.37
4937.43 1.88
4939.61 1.99
4941.25 0.28
4942.9 1.85
4945.37 1.7
4948.16 0.77
4949.77 2.0
4951.97 1.57
4954.34 2.07
4955.98 1.77
4958.12 2.03
4960.2 1.7
4961.33 4.2
4963.22 1.94
4964.93 2.06
4967.34 2.13
4969.33 2.02
4970.33 1.65
4972.09 1.89
4974.56 1.35
4977.39 2.02
4979.62 2.19
4981.13 2.13
4983.35 1.48
4985.38 1.85
4986.8 3.53
4989.62 2.04
4990.16 1.93
4993.05 2.18
4995.02 1.91
4996.0 2.02
4998.26 1.95
5001.88 1.45
5003.49 2.02
5006.02 2.62
5007.17 2.02
5009.88 1.95
5011.14 1.71
5012.76 2.61
5013.46 2.65
5015.3 1.95
5016.28 1.85
5021.16 1.82
5024.15 2.02
5025.27 1.69
5027.71 1.77
5029.65 1.76
5031.31 1.61
5033.78 1.18
5039.16 1.68
5040.96 1.86
5042.9 1.9
5044.62 2.03
5046.33 1.25
5048.35 1.81
5050.07 1.86
5052.19 2.12
5053.87 1.83
5056.68 1.82
5058.79 1.47
5060.11 2.61
5062.1 1.79
5063.65 1.77
5064.79 1.46
5066.11 2.09
5071.49 2.79
5073.24 2.1
5075.45 1.94
5076.89 2.05
5077.87 1.48
5079.1 1.76
5081.9 2.04
5085.07 1.67
5087.22 1.83
5088.17 1.71
5089.61 1.76
5091.37 2.06
5092.55 2.17
5093.84 2.02
5100.36 0.59
5102.43 1.94
5104.01 1.75
5105.23 1.9
5107.55 1.9
5108.62 1.2
5109.3 1.34
5111.06 1.77
5113.56 1.61
5116.24 1.67
5117.04 0.71
5118.0 1.9
5120.43 1.77
5122.68 2.03
5123.67 1.63
5125.39 1.35
5130.86 3.04
5133.12 1.88
5134.89 2.02
5136.53 1.49
5137.72 0.23
5139.57 2.05
5142.2 1.43
5143.75 1.92
5144.3 2.16
5147.5 1.86
5149.86 2.01
5151.82 0.93
5152.38 2.01
5153.27 1.62
5156.52 2.07
5158.7 1.9
5160.21 1.52
5161.92 1.92
5163.78 4.49
5166.9 1.86
5169.3 1.86
5171.37 1.97
5174.05 2.03
5176.22 1.9
5178.38 1.93
5181.19 1.61
5183.36 2.03
5183.9 1.33
5184.8 2.9
5186.79 1.85
5189.23 1.76
5192.51 1.89
5195.12 1.55
5197.52 3.39
5198.72 1.66
5200.88 1.83
5201.88 1.51
5205.35 1.61
5207.25 1.44
5210.2 1.57
5212.48 1.78
5213.57 1.14
5214.24 2.01
5216.3 1.92
5217.95 2.13
5219.49 1.48
5221.32 1.61
5222.81 2.73
5225.61 1.98
5227.4 2.01
5229.6 1.87
5232.35 1.51
5234.64 1.66
5237.38 1.27
5239.38 2.02
5241.37 1.93
5243.68 2.4
5246.07 1.42
5248.17 1.89
5249.9 2.6
5251.48 1.83
5254.42 1.97
5256.6 2.63
5257.92 0.81
5260.21 2.14
5262.85 1.53
5264.18 1.74
5265.17 1.39
5266.46 2.06
5267.58 0.75
5269.73 1.34
5270.71 2.06
5272.36 1.6
5274.03 2.0
5279.37 1.26
5284.69 2.02
5286.79 1.35
5288.49 1.93
5290.34 2.04
5293.03 2.0
5294.08 2.0
5296.91 1.83
5298.82 1.9
5299.51 1.9
5302.41 1.86
5304.61 1.35
5308.52 1.42
5310.87 2.65
5313.2 1.98
5314.89 1.57
5319.46 1.45
5321.56 2.03
5324.1 1.99
5326.03 2.05
5327.19 1.57
5327.75 2.04
5329.45 1.71
5334.03 1.42
5336.06 2.03
5337.68 3.51
5339.12 2.01
5341.19 1.76
5342.62 1.72
5344.35 3.2
5347.67 1.7
5350.12 2.39
5351.82 1.86
5353.03 1.91
5354.51 2.03
5355.89 2.03
5357.02 1.72
5359.31 0.63
5363.72 2.02
5364.62 2.79
5366.07 1.86
5368.59 1.9
5371.02 2.09
5372.96 2.02
5374.94 2.03
5377.68 3.15
5378.22 1.83
5380.18 1.84
5382.52 2.0
5384.3 1.87
5384.95 2.49
5387.95 1.88
5389.21 1.53
5391.11 1.79
5394.58 1.51
5397.34 1.9
5399.87 1.09
5400.83 2.01
5402.81 1.58
5405.38 1.97
5407.01 1.8
5407.98 1.86
5408.78 2.02
5410.8 1.63
5414.52 1.57
5417.52 1.89
5418.9 1.94
5420.84 1.78
5422.89 1.61
5425.09 2.08
5426.67 1.73
5428.36 1.47
5429.51 1.81
5431.05 1.59
5432.57 2.01
5434.41 1.18
5437.68 1.63
5440.05 2.19
5443.41 1.57
5445.63 2.03
5447.71 0.65
5448.23 1.99
5449.58 1.82
5452.31 1.77
5454.27 1.21
5456.91 1.92
5459.35 2.03
5461.86 1.96
5463.26 1.83
5464.46 2.04
5466.23 3.14
5468.31 1.89
5471.69 2.02
5473.81 1.96
5475.85 2.05
5477.39 2.05
5479.33 1.98
5480.74 0.31
5482.59 2.01
5484.41 1.66
5486.84 2.62
5488.37 2.13
5489.85 1.44
5490.76 2.01
5495.15 1.74
5497.22 1.82
5498.88 2.15
5500.01 1.56
5501.57 2.02
5504.13 1.91
5507.88 1.45
5510.58 1.61
5511.42 2.02
5513.88 2.01
5515.64 1.94
5517.87 2.05
5518.73 1.93
5519.6 1.9
5522.86 1.47
5524.85 1.86
5528.11 2.14
5531.13 1.73
5532.95 1.31
5534.66 2.51
5537.48 1.74
5540.47 2.08
5542.06 1.78
5542.87 1.82
5546.16 1.69
5547.09 3.5
5548.98 1.71
5551.8 1.99
5553.17 2.31
5553.96 3.33
5554.56 1.45
5556.84 1.82
5569.02 1.94
5570.29 0.34
5571.0 1.24
5571.73 1.76
5572.91 1.86
5573.72 1.78
5576.32 1.87
5577.64 3.02
5579.41 1.94
5582.21 1.91
5583.76 2.13
5584.45 2.35
5585.08 1.47
5586.12 1.0
5587.71 2.08
5589.47 1.93
5592.22 2.87
5595.38 1.47
5598.02 1.9
5598.9 0.2
5601.93 1.89
5605.07 1.94
5606.63 0.86
5608.2 1.99
5609.29 1.77
5611.79 1.87
5616.24 1.9
5618.52 2.12
5620.18 1.65
5623.25 1.94
5624.76 1.79
5627.92 1.6
5630.85 2.03
5632.73 1.11
5633.38 0.24
5634.4 1.14
5636.29 2.02
5637.51 1.94
5640.09 1.67
5642.27 2.06
5643.86 1.98
5646.96 1.91
5649.75 1.71
5650.41 0.46
5650.96 2.01
5652.44 1.99
5653.38 1.99
5654.07 1.99
5654.92 1.1
5657.23 2.44
5659.24 1.33
5662.4 1.92
5665.84 1.94
5668.5 1.42
5670.46 2.08
5674.35 1.36
5677.14 1.42
5679.76 1.46
5682.17 2.03
5684.8 1.82
5686.74 1.93
5688.22 1.83
5689.99 3.04
5691.2 1.83
5694.98 1.62
5697.03 1.89
5699.42 1.95
5701.23 2.02
5703.12 1.94
5704.09 4.85
5706.72 2.04
5709.15 1.71
5711.2 1.78
5713.11 1.26
5715.38 1.97
5717.08 1.38
5718.6 1.43
5720.16 1.92
5722.51 2.02
5725.24 1.62
5728.48 1.45
5730.19 2.79
5732.22 1.44
5734.19 1.86
5735.72 2.07
5736.27 1.57
5737.99 2.13
5740.31 2.02
5742.07 1.83
5742.63 1.9
5746.23 1.9
5749.36 1.84
5750.97 3.74
5751.51 1.86
5753.92 1.82
5759.38 1.84
5761.1 1.52
5762.21 1.91
5762.8 2.0
5763.34 1.65
5765.84 1.97
5768.32 1.44
5770.19 1.92
5772.83 1.65
5775.19 2.0
5777.37 3.21
5779.45 1.94
5781.21 2.0
5782.69 1.77
5783.52 2.63
5784.89 1.97
5787.84 1.57
5791.14 2.02
5792.45 2.02
5798.36 2.01
5800.34 1.63
5801.66 2.02
5803.26 1.71
5804.46 1.35
5805.26 1.78
5808.55 0.2
5810.37 1.84
5811.6 1.9
5814.09 1.85
5816.94 2.13
5819.08 1.94
5820.96 1.9
5822.59 1.4
5824.19 0.76
5825.29 0.43
5826.27 1.13
5827.4 1.41
5828.78 1.43
5830.2 1.86
5831.67 1.66
5832.85 2.16
5833.68 3.52
5835.49 1.99
5837.5 4.51
5839.51 5.71
5841.5 5.53
5843.49 6.96
5846.34 1.81
5860.41 2.0
5861.74 1.66
5862.79 2.0
5863.57 2.17
5864.33 3.47
5865.93 2.14
5867.66 1.94
5868.56 1.89
5869.49 1.82
5870.31 2.02
5871.86 0.7
5874.18 1.86
5876.64 2.04
5882.45 1.09
5884.65 2.71
5885.53 1.11
5886.29 1.76
5887.34 0.27
5889.63 1.83
5890.74 2.1
5894.15 0.79
5895.39 1.74
5897.24 0.54
5899.25 1.54
5901.57 2.88
5903.6 1.82
5906.45 1.98
5908.97 0.58
5911.05 1.92
5912.56 2.06
5914.26 2.05
5915.12 2.71
5915.76 1.79
5918.18 2.01
5921.25 1.77
5923.49 1.75
5926.22 1.82
5928.47 1.47
5930.11 1.74
5931.95 1.89
5934.05 2.05
5935.38 1.92
5936.06 1.32
5941.45 1.91
5943.03 2.0
5944.39 1.61
5947.45 2.04
5949.38 3.31
5951.0 1.5
5952.74 2.04
5957.08 1.57
5959.7 1.87
5961.25 2.48
5962.71 0.83
5964.86 0.17
5966.46 1.61
5968.47 2.01
5970.65 1.47
5972.56 0.95
5974.72 2.01
5976.97 1.41
5978.84 4.16
5980.98 1.86
5983.01 1.62
5984.97 3.05
5986.61 0.2
5988.63 2.05
5989.26 1.57
5989.85 2.05
5993.26 1.64
5995.13 1.94
5996.02 1.94
6000.34 0.2
6001.01 2.95
6002.43 1.2
6003.98 1.36
6005.92 2.02
6006.66 1.83
6008.21 4.05
6009.76 2.01
6015.64 2.12
6018.88 1.99
6019.65 1.79
6020.53 2.67
6021.78 1.81
6023.37 1.94
6025.21 1.54
6025.91 2.02
6027.45 1.43
6030.77 1.25
6035.47 2.14
6041.72 1.94
6042.47 1.09
6044.45 1.93
6046.32 3.35
6048.19 2.03
6050.88 1.5
6052.51 1.97
6054.74 1.83
6057.54 1.58
6059.71 3.49
6061.2 1.37
6062.46 1.69
6064.6 1.88
6067.79 3.99
6070.92 1.8
6071.74 1.61
6075.39 1.98
6077.57 1.99
6079.52 1.83
6081.3 1.22
6083.39 1.51
6084.63 2.05
6087.17 2.15
6100.8 0.63
6101.33 2.14
6102.44 1.69
6104.77 1.86
6106.8 1.47
6107.33 2.13
6109.4 1.47
6112.12 2.01
6113.41 2.16
6120.75 2.2
6123.07 1.77
6123.89 1.84
6125.28 1.48
6126.57 1.96
6128.54 1.09
6130.51 1.53
6131.33 1.98
6137.8 1.87
6139.41 2.04
6141.13 2.09
6141.86 0.09
6142.56 1.56
6144.4 2.01
6145.75 1.42
6147.53 1.88
6148.97 0.68
6150.76 1.56
6154.41 2.01
6156.92 0.79
6159.33 2.03
6160.52 1.51
6162.12 1.82
6163.77 1.48
6164.39 1.41
6164.98 1.92
6166.34 1.89
6168.51 1.89
6171.6 3.15
6178.2 0.48
6180.99 2.02
6183.09 2.02
6185.4 0.88
6188.02 1.54
6189.55 1.79
6190.12 2.0
6191.01 2.0
6192.05 2.85
6193.64 1.97
6197.34 1.52
6199.82 1.62
6203.32 1.8
6205.74 0.83
6208.46 2.02
6210.32 1.67
6211.45 1.77
6212.65 2.22
6215.49 2.08
6218.13 1.9
6220.36 0.92
6223.43 2.04
6225.24 1.87
6227.23 2.18
6228.73 2.06
6231.08 1.94
6232.7 1.5
6234.4 1.42
6236.73 1.74
6239.41 3.29
6240.79 1.05
6242.57 1.93
6245.44 2.02
6246.47 1.54
6248.6 2.04
6249.7 1.61
6250.57 2.03
6251.13 1.85
6253.12 2.25
6255.44 1.82
6258.79 2.13
6263.7 1.66
6265.25 1.45
6265.87 3.01
6267.21 0.93
6270.66 2.03
6273.74 0.2
6275.6 1.67
6277.27 2.0
6279.1 1.34
6281.04 1.38
6283.03 1.84
6285.24 1.79
6287.72 3.75
6290.0 0.09
6292.1 2.07
6293.68 1.87
6295.31 1.32
6296.49 1.43
6297.84 1.04
6300.18 1.9
6301.92 3.45
6304.07 0.82
6306.1 1.69
6308.21 1.52
6310.69 4.15
6312.65 1.36
6315.01 2.01
6316.52 1.88
6317.78 1.52
6320.63 1.83
6322.62 1.26
6324.37 2.34
6325.84 1.7
6327.66 2.05
6330.33 2.12
6331.84 0.85
6333.4 1.99
6334.78 1.99
6337.28 0.43
6338.99 1.24
6341.79 1.9
6344.11 2.22
6346.17 1.26
6348.59 1.86
6350.65 0.97
6353.36 1.9
6356.4 1.94
6358.23 1.89
6359.12 2.02
6360.59 1.5
6363.48 3.27
6364.91 0.11
6367.93 2.01
6369.93 0.82
6372.1 1.33
6374.34 2.03
6375.73 1.57
6376.83 3.27
6378.08 0.73
6379.3 1.83
6382.85 2.13
6384.85 1.54
6387.32 2.0
6389.71 0.52
6390.86 1.31
6392.35 1.63
6393.16 1.28
6394.78 1.97
6398.0 3.32
6398.8 2.14
6399.62 0.24
6402.11 1.94
6403.34 1.97
6408.45 1.86
6410.04 1.68
6412.4 0.64
6414.18 1.89
6417.32 1.79
6417.91 1.82
6419.48 1.72
6421.24 2.0
6423.47 2.02
6425.31 1.47
6429.74 1.26
6431.32 2.01
6432.74 0.27
6435.1 1.82
6436.19 2.01
6438.41 2.0
6439.81 1.66
6441.12 0.95
6444.42 2.9
6446.42 1.71
6447.93 2.02
6449.59 1.61
6450.67 2.15
6454.69 1.76
6456.84 1.56
6458.46 1.91
6460.22 2.01
6461.59 2.01
6462.57 1.9
6465.47 1.63
6468.55 2.03
6471.23 1.5
6472.58 1.72
6474.23 1.17
6475.69 2.03
6477.58 1.91
6480.23 1.9
6482.97 2.03
6485.01 1.73
6486.42 1.9
6488.4 1.73
6489.76 2.35
6491.27 2.02
6493.68 1.83
6497.16 1.4
6498.91 1.82
6500.58 1.94
6502.01 1.4
6504.34 1.1
6506.76 1.78
6509.4 2.01
6511.22 1.79
6512.62 1.7
6515.73 1.77
6517.09 2.04
6518.34 3.81
6520.76 1.94
6523.73 1.58
6525.02 1.77
6526.55 1.47
6528.14 0.87
6530.0 1.89
6531.77 3.96
6534.91 2.06
6537.17 1.82
6539.16 1.57
6541.11 2.02
6542.76 1.57
6544.48 2.76
6546.64 1.65
6549.41 1.92
6551.31 3.12
6552.83 1.48
6554.97 2.02
6557.35 1.62
6558.62 1.66
6559.39 0.79
6561.8 1.47
6565.21 2.04
6566.73 0.55
6568.25 1.79
6569.83 1.83
6571.09 1.96
6573.68 1.72
6576.94 1.45
6579.1 1.72
6579.73 2.4
6581.23 2.03
6586.37 2.28
6587.77 1.75
6589.29 2.01
6591.83 0.55
6594.09 4.25
6595.87 1.87
6597.83 2.02
6599.2 1.41
6600.66 2.51
6601.83 1.22
6604.22 1.61
6606.67 1.93
6608.96 0.62
6611.26 0.64
6612.55 2.02
6615.29 1.4
6616.88 0.68
6618.13 1.99
6619.62 1.82
6622.1 1.9
6624.04 1.48
6626.31 2.02
6628.74 2.02
6630.37 2.17
6631.75 1.19
6635.01 1.42
6636.41 2.13
6638.42 1.81
6640.26 1.89
6641.78 1.76
6644.61 1.78
6645.62 0.23
6646.59 0.49
6647.73 1.79
6649.36 1.86
6652.08 2.0
6655.44 1.89
6659.52 2.63
6661.61 1.9
6663.59 1.04
6665.52 1.75
6667.01 0.3
6669.3 2.18
6671.09 1.61
6672.17 1.62
6673.57 3.19
6676.3 1.76
6678.79 1.83
6680.45 1.09
6682.17 1.33
6685.18 2.04
6686.4 0.62
6688.74 1.79
6690.59 1.67
6693.07 1.96
6696.02 1.57
6698.36 1.72
6700.92 2.14
6702.99 1.88
6705.35 1.93
6706.6 2.9
6708.45 2.14
6709.33 1.94
6711.48 1.33
6712.51 2.07
6713.67 0.51
6715.63 2.1
6718.79 1.82
6720.46 1.87
6721.89 1.71
6723.45 1.94
6725.84 1.99
6727.71 2.04
6729.21 1.43
6730.88 2.03
6733.6 2.15
6736.56 1.77
6739.26 1.87
6740.64 3.24
6742.6 1.86
6744.14 1.83
6745.42 2.03
6747.91 1.64
6750.13 1.88
6752.42 1.36
6754.9 0.93
6756.61 1.88
6758.12 2.0
6760.77 1.48
6763.8 1.82
6765.4 1.99
6766.94 1.54
6768.86 3.56
6770.54 1.9
6772.59 1.66
6774.11 1.86
6776.93 2.02
6779.74 1.47
6781.71 4.23
6784.25 1.82
6786.4 1.9
6788.96 2.02
6791.53 2.02
6793.05 1.82
6794.07 2.66
6795.45 2.04
6797.28 1.36
6799.63 2.03
6800.54 2.2
6803.52 2.02
6804.4 2.03
6805.93 1.3
6807.48 2.64
6808.75 0.53
6811.31 1.97
6813.58 1.9
6816.28 1.57
6818.52 2.02
6819.91 2.05
6821.21 4.34
6822.36 2.13
6825.25 1.23
6827.53 2.78
6829.73 2.19
6832.23 2.06
6834.18 0.66
6836.17 2.04
6837.84 2.04
6839.82 1.73
6841.63 0.28
6843.26 1.93
6846.96 1.86
6848.63 1.04
6850.16 0.85
6851.57 1.91
6853.53 1.86
6855.52 2.03
6857.82 1.93
6859.34 2.04
6861.18 2.05
6862.68 1.36
6864.5 1.92
6867.57 1.99
6870.21 1.98
6872.87 1.9
6874.71 1.7
6877.02 2.55
6878.87 2.03
6880.54 2.03
6883.34 2.82
6885.11 2.03
6885.83 1.17
6887.34 1.25
6890.46 2.08
6891.98 1.97
6893.4 2.01
6895.36 2.04
6896.86 3.76
6899.29 1.94
6900.77 1.61
6901.92 2.06
6903.97 0.62
6908.33 2.03
6911.44 1.61
6913.72 1.94
6916.33 2.57
6918.86 2.02
6921.07 1.47
6923.58 2.42
6925.62 1.67
6926.42 1.61
6927.28 2.03
6930.06 0.54
6932.31 1.87
6934.16 1.47
6936.04 2.05
6937.64 1.26
6940.56 1.83
6941.51 2.04
6942.46 1.72
6945.58 2.02
6948.1 2.02
6949.92 1.87
6953.25 2.04
6955.62 1.82
6957.44 1.3
6961.08 2.03
6963.17 1.78
6964.86 1.89
6967.1 2.04
6969.66 1.82
6972.44 1.65
6975.5 1.88
6976.96 2.01
6978.98 1.32
6981.17 2.02
6982.83 1.45
6984.69 1.96
6986.69 2.01
6989.16 1.94
6991.3 3.85
6993.57 1.61
6995.17 2.02
6997.25 1.93
6998.22 0.98
7000.06 2.0
7001.42 1.86
7002.59 2.13
7005.98 1.36
7007.25 1.46
7010.72 1.92
7012.55 1.08
7013.81 1.11
7016.04 1.68
7018.88 3.18
7020.18 0.67
7022.79 1.51
7024.33 1.92
7025.06 2.59
7027.22 2.01
7029.09 1.71
7034.68 1.24
7037.7 1.78
7038.64 1.37
7039.58 1.96
7040.88 1.54
7042.17 2.02
7044.04 2.02
7045.03 2.02
7046.96 1.71
7048.86 1.68
7053.99 4.14
7059.9 2.06
7061.28 1.46
7062.76 1.9
7065.18 1.42
7067.49 3.14
7071.89 1.99
7073.34 2.01
7074.9 1.89
7075.93 1.68
7078.52 1.34
7081.27 1.96
7082.77 1.86
7085.75 1.8
7087.75 2.05
7089.43 1.81
7091.58 2.0
7093.39 1.82
7094.72 3.13
7096.7 2.16
7098.96 2.16
7100.99 0.07
7103.16 1.83
7105.23 1.82
7107.39 1.71
7109.05 1.08
7111.0 1.81
7113.06 1.87
7115.41 3.17
7118.28 1.5
7120.71 2.01
7122.64 3.9
7124.03 2.0
7125.55 1.6
7128.74 1.59
7130.79 2.0
7131.61 1.58
7133.57 1.89
7135.09 2.01
7137.12 1.89
7139.64 1.93
7140.66 1.87
7148.11 1.58
7149.87 2.03
7151.67 1.28
7152.65 1.5
7153.96 1.87
7155.7 3.11
7157.7 1.92
7159.8 1.94
7161.9 2.1
7164.23 1.54
7166.11 1.5
7167.81 2.01
7169.42 0.76
7171.21 2.05
7172.93 1.94
7175.11 1.82
7176.7 2.02
7178.47 1.92
7180.35 2.01
7182.51 0.75
7184.53 1.94
7186.59 1.53
7188.9 1.78
7190.77 2.12
7193.64 1.81
7195.55 2.42
7197.3 2.13
7199.51 1.9
7201.72 2.05
7203.76 1.97
7205.45 1.94
7207.24 1.84
7208.86 3.32
7210.79 1.36
7212.5 1.78
7214.48 1.93
7216.69 1.92
7218.89 2.05
7219.57 1.45
7221.17 1.98
7222.86 1.94
7224.82 0.63
7226.92 1.86
7229.58 1.79
7231.6 1.39
7233.56 2.05
7235.01 1.25
7236.56 2.05
7238.69 0.35
7240.66 1.88
7244.03 2.38
7246.77 1.54
7248.39 2.02
7249.6 1.82
7251.08 3.3
7253.73 1.5
7256.28 2.05
7258.95 2.0
7261.14 0.87
7263.14 3.61
7265.02 0.17
7266.78 1.9
7269.14 2.1
7271.37 2.69
7272.82 1.92
7274.24 1.57
7276.44 1.97
7278.85 2.07
7281.01 2.0
7283.56 1.96
7285.41 2.71
7286.9 2.18
7288.17 1.83
7290.71 2.05
7293.3 1.94
7294.68 2.04
7296.02 1.35
7297.41 1.73
7298.71 3.39
7300.52 1.31
7302.87 1.93
7305.42 3.8
7307.94 1.83
7310.04 2.01
7311.98 0.76
7313.36 2.02
7315.81 1.65
7317.35 2.0
7319.09 1.45
7321.0 1.32
7323.14 1.76
7324.92 1.88
7326.44 1.57
7328.86 2.01
7331.75 1.75
7334.44 2.01
7337.66 2.04
7339.52 3.39
7340.58 1.14
7341.83 2.05
7344.81 0.89
7347.13 2.43
7348.76 2.03
7350.36 1.55
7352.36 2.03
7354.22 0.63
7356.28 2.02
7358.81 2.02
7361.27 0.32
7363.56 2.2
7366.39 1.82
7367.53 2.01
7368.78 2.28
7370.11 0.22
7372.93 2.01
7374.79 2.01
7376.53 2.76
7377.37 1.41
7380.01 1.93
7382.64 2.04
7385.39 1.62
7386.65 2.02
7388.01 1.79
7389.58 2.15
7392.45 2.0
7393.85 1.88
7396.28 1.89
7397.76 2.08
7399.89 2.01
7402.09 1.89
7403.92 1.9
7406.18 2.14
7408.47 2.02
7411.15 3.44
7413.77 2.0
7416.11 1.86
7418.22 1.79
7420.47 2.03
7422.61 1.85
7424.61 0.43
7426.09 1.91
7428.61 1.75
7430.01 1.88
7431.04 2.93
7432.62 0.84
7433.9 1.91
7435.27 1.91
7437.39 2.64
7438.45 3.21
7440.18 1.67
7442.65 1.94
7445.33 2.56
7447.84 2.01
7450.91 1.86
7452.73 1.31
7455.77 1.89
7457.7 1.35
7458.95 4.34
7461.09 1.94
7463.16 1.91
7466.0 0.74
7468.11 1.99
7470.67 1.99
7472.79 0.69
7474.97 1.84
7477.22 1.73
7479.03 1.9
7480.45 1.77
7482.0 1.97
7484.53 1.92
7486.88 0.21
7488.9 1.98
7490.76 1.74
7492.88 1.29
7494.32 2.15
7495.59 2.03
7497.11 1.83
7499.57 2.03
7501.11 0.52
7503.2 1.88
7505.28 1.9
7507.21 2.51
7508.6 0.91
7510.22 1.99
7511.97 1.62
7514.67 2.1
7516.33 1.61
7518.02 1.54
7520.39 2.04
7522.72 1.58
7525.29 1.42
7526.95 2.03
7528.69 1.93
7530.27 2.42
7532.09 1.27
7536.01 1.9
7537.15 1.43
7538.7 1.61
7540.85 2.02
7543.41 2.37
7544.83 2.1
7546.28 1.34
7548.54 1.88
7550.71 2.65
7553.62 2.0
7555.45 1.89
7556.81 1.82
7557.92 1.92
7559.0 0.75
7561.95 1.63
7564.34 3.66
7565.39 1.09
7567.53 2.01
7570.78 1.82
7572.95 1.3
7575.66 1.83
7576.96 1.68
7578.25 2.59
7579.84 1.82
7582.12 2.01
7584.03 1.45
7585.66 1.55
7587.24 2.0
7590.49 1.57
7591.96 2.02
7593.35 1.07
7595.26 1.72
7597.41 1.89
7600.69 2.02
7603.25 2.04
7605.34 2.06
7607.26 1.97
7609.23 1.64
7611.17 1.42
7612.71 2.97
7615.17 2.03
7616.67 1.93
7618.86 2.61
7621.46 2.03
7624.5 2.03
7626.25 1.42
7628.11 1.66
7630.68 1.87
7632.09 2.39
7634.41 1.82
7636.47 1.53
7638.04 2.05
7640.42 0.54
7641.96 1.78
7643.41 1.39
7644.3 1.72
7645.82 3.87
7648.31 1.53
7649.97 1.94
7652.65 0.89
7654.44 1.98
7655.65 1.99
7656.58 1.69
7657.39 1.97
7660.06 0.59
7661.93 1.96
7663.85 2.05
7666.28 2.63
7669.06 2.02
7678.21 2.01
7679.47 2.01
7681.12 0.87
7682.01 2.09
7683.48 1.66
7684.82 1.83
7686.52 2.01
7688.17 1.46
7689.42 1.12
7691.09 1.17
7692.82 1.94
7694.18 1.47
7695.63 3.32
7697.38 1.77
7699.11 2.01
7700.31 2.04
7702.15 2.39
7704.16 2.01
7706.83 2.07
7708.44 1.33
7709.91 0.91
7713.4 1.01
7715.8 1.89
7719.65 1.93
7721.91 1.29
7723.74 1.89
7726.0 1.25
7728.08 1.94
7730.15 1.72
7731.47 0.34
7734.46 2.02
7735.93 2.01
7737.07 2.04
7738.45 1.78
7740.31 2.02
7741.29 1.34
7743.36 1.67
7744.44 1.82
7745.66 1.1
7747.21 1.96
7750.2 1.27
7751.41 1.64
7752.31 1.86
7754.15 1.61
7755.14 2.01
7757.32 2.01
7758.55 2.85
7760.73 1.78
7762.75 3.81
7764.74 4.8
7766.75 4.32
7768.73 2.6
7770.75 4.94
7772.72 5.68
7774.75 7.17
7776.73 9.78
7778.75 12.25
7780.94 1.94
7785.09 1.9
7787.97 1.81
7789.69 1.37
7797.66 2.65
7801.05 1.82
7801.83 1.2
7802.61 0.53
7803.74 2.05
7805.4 0.26
7811.45 2.19
7813.4 0.46
7815.12 1.82
7816.5 0.93
7818.33 1.87
7820.32 3.32
7821.71 0.57
7823.78 1.89
7825.72 1.38
7827.47 0.48
7829.11 2.0
7831.97 1.53
7833.63 1.8
7835.19 0.92
7837.18 1.99
7839.83 1.28
7841.47 2.33
7843.85 1.87
7845.96 1.74
7847.27 2.03
7849.2 2.03
7850.94 1.82
7852.75 1.91
7854.26 2.42
7856.0 2.15
7858.24 1.53
7860.67 1.7
7862.69 1.31
7864.15 1.85
7866.07 1.9
7868.39 1.99
7870.84 1.97
7873.45 1.64
7875.51 1.3
7877.12 1.88
7879.5 1.61
7881.54 2.11
7882.72 1.4
7883.98 2.08
7885.96 1.87
7889.25 2.39
7892.21 1.9
7892.95 1.77
7893.67 1.35
7895.67 1.61
7897.68 1.51
7899.66 1.51
7901.67 2.01
7903.68 1.77
7905.68 2.18
7907.66 4.0
7909.68 5.91
7911.68 8.02
7913.68 0.84
7915.66 0.02
7917.66 2.01
7921.63 2.04
7925.2 2.01
7926.75 1.67
7929.32 2.05
7933.32 2.0
7937.75 1.29
7939.58 1.99
7941.41 2.06
7942.76 1.76
7944.13 1.61
7946.54 2.03
7948.81 3.64
7950.25 1.35
7953.13 2.01
7954.65 2.05
7956.28 1.75
7958.44 2.02
7960.89 1.66
7962.66 2.15
7965.4 1.72
7967.27 1.95
7968.88 1.4
7969.6 0.41
7972.09 1.91
7974.45 1.84
7975.7 2.68
7976.37 0.95
7978.05 2.03
7979.14 2.06
7981.21 1.85
7986.98 2.04
7988.99 2.03
7990.82 1.9
7993.1 2.01
7993.91 1.9
7995.59 2.5
7997.16 1.91
7999.2 2.03
8002.15 2.53
8004.48 1.98
8005.69 1.57
8008.64 2.4
8010.11 2.03
8012.45 2.03
8014.16 2.02
8016.83 1.57
8017.62 1.83
8021.32 2.33
8023.54 2.02
8025.13 1.86
8026.78 1.83
8029.14 1.61
8031.28 1.82
8033.86 2.52
8036.33 1.82
8037.6 2.02
8039.13 1.82
8040.48 1.54
8044.19 2.04
8046.33 1.94
8048.31 1.83
8050.16 1.75
8052.0 2.03
8054.27 0.87
8056.22 1.77
8057.99 1.98
8059.54 3.3
8061.09 2.12
8062.97 2.02
8064.82 1.87
8067.3 1.85
8070.04 1.9
8071.51 1.89
8072.99 1.45
8073.87 2.56
8077.85 1.17
8079.81 1.94
8080.96 1.24
8083.57 1.91
8086.19 1.89
8088.05 0.95
8090.04 1.86
8091.51 2.01
8093.16 2.18
8095.87 1.86
8098.27 1.33
8100.63 1.44
8101.83 1.7
8103.42 1.58
8104.71 2.02
8107.64 0.08
8108.97 2.05
8112.79 2.05
8114.42 1.81
8116.69 1.67
8118.76 1.74
8120.53 2.38
8121.49 0.74
8123.15 1.47
8125.24 1.79
8127.44 2.6
8131.25 1.26
8132.87 2.0
8134.37 3.68
8136.03 1.98
8139.54 2.03
8142.33 1.4
8144.17 2.03
8145.93 1.83
8148.09 1.97
8150.87 2.02
8153.49 1.74
8155.89 2.0
8157.74 1.42
8159.25 0.16
8161.19 1.71
8162.42 2.01
8164.51 1.38
8166.36 3.57
8167.83 2.32
8169.63 0.95
8171.44 2.06
8172.85 2.36
8174.82 1.34
8177.84 1.9
8179.61 3.32
8182.37 2.06
8184.01 1.9
8184.89 2.05
8186.17 2.52
8188.54 1.43
8191.23 1.98
8192.0 1.86
8193.92 1.74
8196.52 0.67
8197.91 1.09
8199.34 4.9
8202.0 2.06
8204.38 1.93
8205.86 0.23
8207.87 1.88
8209.65 1.61
8212.2 2.05
8215.93 2.0
8217.54 1.94
8218.56 1.87
8221.77 1.98
8223.53 1.71
8226.06 3.27
8227.19 0.46
8229.0 2.03
8230.96 1.72
8232.94 2.2
8234.82 1.56
8237.65 1.64
8239.13 2.09
8241.47 1.87
8243.9 1.99
8246.71 1.39
8249.2 1.32
8251.17 2.03
8253.22 0.37
8254.85 1.91
8256.59 1.46
8258.21 1.89
8259.88 2.82
8262.7 1.48
8264.01 1.71
8265.79 1.72
8266.92 1.61
8268.9 1.97
8272.2 1.58
8274.55 1.31
8277.3 1.42
8278.1 2.01
8279.08 1.84
8280.97 3.17
8283.75 1.64
8285.48 1.87
8286.97 1.97
8289.28 0.5
8291.35 2.03
8292.79 1.93
8295.62 3.01
8298.28 1.9
8301.91 0.51
8303.1 2.45
8303.78 4.04
8304.93 2.05
8307.2 2.02
8308.47 1.17
8309.72 1.83
8313.14 1.57
8315.37 2.04
8317.37 2.35
8318.62 0.78
8320.13 2.04
8322.96 1.91
8325.88 2.02
8327.89 1.82
8331.12 2.67
8332.39 0.51
8333.61 2.03
8335.63 2.02
8337.66 1.72
8339.14 1.97
8340.54 2.12
8341.72 1.94
8344.72 2.11
8347.05 1.42
8349.26 1.94
8351.77 2.63
8352.92 1.83
8354.2 1.67
8355.77 1.9
8360.02 1.31
8362.84 2.05
8365.57 1.92
8367.27 2.02
8369.07 2.02
8371.04 2.02
8372.76 1.27
8374.87 2.04
8377.1 2.01
8380.3 1.47
8381.73 1.34
8383.43 1.94
8385.14 2.28
8386.03 1.72
8387.14 0.94
8388.53 1.72
8390.76 2.0
8396.47 1.84
8398.47 3.1
8401.5 1.54
8404.22 1.88
8405.57 2.55
8407.56 1.71
8409.46 2.01
8410.48 2.01
8412.72 4.9
8415.14 1.54
8417.85 1.57
8418.9 3.79
8420.42 1.9
8421.55 2.01
8422.08 1.67
8424.5 1.95
8428.16 1.93
8429.61 2.01
8437.58 2.0
8438.15 2.62
8441.18 1.14
8442.28 1.81
8444.78 2.28
8445.39 2.36
8447.83 2.06
8450.17 1.77
8452.7 2.15
8454.24 2.15
8455.42 1.6
8457.46 1.87
8460.54 0.63
8462.55 1.51
8464.42 1.87
8465.96 3.54
8467.82 2.03
8469.27 1.17
8470.91 2.03
8473.27 2.13
8476.28 1.85
8479.33 2.04
8481.77 1.9
8483.33 1.84
8485.51 0.38
8486.58 1.95
8489.86 1.5
8491.33 2.58
8492.47 1.82
8495.62 1.72
8498.11 1.39
8499.82 1.89
8502.78 1.78
8504.28 1.98
8506.13 1.35
8508.57 2.01
8509.64 1.65
8510.55 1.89
8512.05 1.0
8514.52 1.61
8517.81 2.07
8520.19 1.89
8522.12 1.73
8524.61 4.26
8525.49 1.52
8526.51 1.14
8528.63 2.0
8532.91 2.11
8534.8 1.84
8536.44 1.87
8538.15 0.25
8539.35 1.0
8540.58 1.88
8543.33 2.01
8544.4 2.41
8546.01 1.69
8549.47 1.93
8552.06 0.37
8554.42 1.86
8556.4 1.83
8557.19 2.0
8559.95 1.72
8563.1 2.03
8564.83 2.93
8566.01 1.52
8566.98 2.01
8568.8 1.61
8571.16 1.96
8574.37 2.03
8577.49 1.9
8580.14 2.16
8582.34 1.72
8583.56 2.03
8585.55 1.99
8587.24 1.54
8589.83 2.25
8591.4 1.9
8593.52 2.06
8596.61 0.52
8598.86 1.57
8599.43 1.9
8601.72 1.59
8603.39 3.22
8604.6 1.52
8606.89 2.03
8608.6 1.88
8610.73 0.25
8612.89 1.76
8616.58 1.5
8617.91 4.18
8619.56 2.02
8622.14 1.98
8624.0 3.29
8626.47 1.8
8627.78 2.02
8630.03 1.41
8630.57 2.83
8632.85 1.77
8634.87 2.02
8636.01 1.9
8637.95 2.2
8639.07 1.21
8641.45 1.68
8642.98 1.71
8645.52 1.17
8647.77 2.02
8649.83 2.03
8654.22 1.89
8655.39 1.87
8657.19 3.1
8660.03 1.38
8663.23 2.13
8665.15 1.43
8667.45 1.38
8669.57 3.42
8672.36 1.99
8675.16 2.03
8677.3 0.35
8679.2 2.03
8681.38 1.17
8683.44 2.28
8685.25 2.04
8687.43 1.6
8689.7 1.93
8691.28 1.35
8693.08 1.97
8695.04 1.89
8696.92 1.48
8698.62 2.02
8699.94 1.61
8701.93 1.8
8703.45 1.19
8705.24 1.95
8708.31 2.02
8710.22 3.04
8711.89 2.06
8714.19 2.05
8716.12 1.66
8717.69 1.65
8719.13 1.76
8721.05 1.89
8724.01 0.83
8726.5 2.02
8728.47 1.56
8730.34 2.48
8731.19 2.89
8731.86 1.28
8735.51 1.82
8737.86 2.52
8739.83 1.57
8740.62 2.04
8741.23 1.66
8742.93 1.61
8744.92 1.39
8747.31 2.03
8750.37 1.91
8752.33 0.45
8757.13 2.04
8758.72 0.34
8760.16 1.98
8762.81 1.62
8764.27 1.93
8766.18 1.99
8767.71 0.85
8768.76 1.99
8770.59 1.49
8771.81 1.99
8773.69 3.42
8776.21 1.98
8779.91 2.03
8781.66 0.09
8783.14 2.05
8784.54 1.71
8790.26 1.82
8791.4 1.9
8794.35 3.35
8795.18 2.06
8795.81 0.64
8797.36 1.94
8800.33 1.52
8805.01 0.68
8807.89 2.07
8809.9 1.47
8810.99 1.54
8812.25 2.03
8813.38 1.86
8815.47 0.89
8816.27 1.55
8817.37 1.71
8819.96 1.37
8825.02 1.35
8827.36 1.73
8832.9 2.03
8833.69 1.53
8836.25 1.94
8838.93 1.9
8840.67 2.1
8841.9 0.52
8843.41 2.17
8846.53 1.34
8849.04 3.43
8850.05 1.54
8852.58 1.36
8854.56 1.87
8856.51 1.08
8859.25 1.17
8861.93 1.94
8862.74 1.72
8863.31 3.12
8864.67 2.05
8867.0 2.0
8869.16 1.93
8871.19 1.72
8873.46 2.01
8875.93 1.93
8880.02 2.04
8880.8 1.23
8881.63 1.92
8882.59 2.04
8883.67 3.99
8884.35 1.37
8885.85 3.61
8887.86 1.98
8893.87 1.82
8901.58 1.93
8902.54 1.77
8904.99 3.34
8905.76 0.48
8908.18 2.01
8910.34 1.52
8912.05 2.69
8913.57 2.01
8916.14 1.54
8918.21 2.62
8919.01 0.67
8919.86 4.18
8921.67 1.66
8922.9 2.01
8924.63 1.95
8926.0 3.63
8927.95 1.76
8930.84 1.36
8933.83 1.82
8936.34 1.49
8938.24 2.03
8939.71 1.75
8941.27 1.54
8943.01 1.93
8943.74 2.04
8944.35 1.94
8945.73 2.57
8948.57 2.53
8953.3 1.94
8954.68 3.43
8955.9 2.1
8958.48 2.0
8964.58 2.0
8966.5 1.69
8967.42 1.87
8969.52 2.03
8972.65 1.82
8974.64 1.8
8975.46 2.61
8976.05 3.77
8976.61 3.62
8978.51 1.9
8979.67 1.94
8984.1 1.43
8992.4 2.06
8994.11 0.61
8995.64 0.76
8996.82 1.73
8998.07 1.98
8998.89 1.95
9001.57 4.18
9002.78 2.5
9005.15 1.91
9006.78 1.94
9008.33 1.48
9009.72 1.98
9013.12 1.91
9015.61 2.03
9016.4 1.61
9019.73 2.03
9021.31 1.76
9023.16 1.93
9024.96 1.8
9029.34 1.57
9030.53 1.58
9031.52 2.01
9032.7 1.72
9033.74 2.44
9034.5 2.86
9038.09 1.58
9041.73 2.04
9043.0 1.72
9044.68 2.07
9050.03 1.89
9052.05 1.87
9055.46 1.9
9058.19 1.89
9058.7 1.61
9059.62 2.71
9061.61 3.03
9063.62 3.03
9065.58 5.06
9067.63 6.86
9069.64 5.38
9071.61 1.48
9073.62 1.84
9075.73 1.88
9077.87 3.65
9079.63 4.99
9081.6 0.56
9083.62 1.2
9085.59 1.44
9087.61 0.72
9089.64 1.76
9091.6 1.57
9093.65 1.4
9096.21 5.19
9098.55 1.49
9100.69 2.03
9103.19 1.42
9106.09 1.94
9108.77 2.05
9110.76 2.0
9112.36 1.97
9115.64 1.67
9120.63 2.02
9124.72 1.1
9126.89 1.86
9129.07 0.69
9130.16 2.02
9131.1 0.79
9134.15 1.35
9136.59 1.91
9137.94 1.72
9139.86 1.87
9142.38 1.71
9143.23 1.98
9145.77 1.66
9147.46 2.03
9148.02 2.02
9150.51 1.58
9151.71 2.05
9154.54 1.38
9156.85 1.54
9158.81 3.65
9160.92 1.89
9162.88 1.85
9165.09 0.41
9166.66 2.01
9168.24 1.56
9170.33 1.86
9175.45 1.88
9177.64 2.0
9178.62 2.7
9180.68 1.86
9182.6 1.83
9183.69 2.01
9185.32 0.18
9186.61 2.01
9189.76 1.6
9192.65 4.04
9194.38 1.85
9196.28 1.93
9197.14 1.99
9198.77 2.13
9200.97 1.96
9202.86 1.39
9206.2 0.98
9207.81 2.03
9210.83 1.62
9212.82 2.0
9213.58 0.6
9215.71 2.03
9218.57 1.76
9220.36 3.32
9221.75 1.98
9224.43 1.5
9226.82 2.99
9228.76 1.57
9230.99 1.93
9233.54 2.7
9234.85 1.37
9236.99 2.04
9237.55 1.59
9239.02 2.03
9240.7 3.17
9242.48 2.01
9244.35 2.01
9246.86 1.54
9247.89 1.27
9248.91 0.8
9250.92 1.87
9253.04 1.95
9254.14 1.34
9256.18 2.06
9258.69 1.51
9260.33 2.6
9261.98 1.73
9264.04 1.23
9266.06 2.02
9268.31 0.5
9270.04 1.9
9271.65 1.86
9273.55 2.02
9275.79 1.35
9277.67 1.81
9279.66 1.98
9281.07 1.73
9283.24 1.83
9285.67 1.84
9287.86 1.3
9289.83 1.94
9291.48 1.98
9293.1 1.94
9295.46 1.38
9297.53 1.91
9299.95 1.1
9302.3 0.6
9304.89 1.78
9307.26 2.04
9308.29 2.86
9312.31 1.61
9314.94 0.7
9317.16 2.0
9320.69 1.84
9322.95 1.92
9323.98 1.79
9325.48 1.93
9327.3 1.89
9328.84 0.39
9329.71 2.17
9331.6 1.38
9334.34 1.99
9335.37 1.25
9336.94 1.27
9339.69 1.83
9342.03 2.05
9343.79 1.89
9346.77 0.84
9350.26 2.49
9351.47 0.92
9353.41 2.04
9355.13 1.73
9358.06 0.58
9360.55 1.91
9363.18 1.82
9364.69 3.76
9365.8 1.89
9368.11 1.89
9370.66 2.35
9372.3 1.1
9374.53 2.01
9375.9 1.24
9377.09 2.4
9379.07 2.02
9381.57 1.87
9384.17 3.07
9386.42 1.96
9388.76 1.99
9390.93 1.4
9393.14 1.82
9395.5 2.01
9397.76 1.54
9399.96 2.05
9402.22 1.33
9403.25 1.71
9404.37 1.91
9405.17 3.68
9406.09 1.51
9408.49 1.51
9410.18 1.82
9412.0 2.51
9414.32 1.4
9417.14 1.86
9419.39 2.11
9421.5 1.93
9423.8 1.25
9425.93 3.08
9428.32 1.9
9430.64 1.39
9432.91 1.49
9435.35 1.93
9437.76 1.2
9439.68 3.54
9441.61 0.97
9444.12 2.03
9446.32 2.11
9448.37 1.99
9450.69 1.49
9452.85 1.92
9454.78 2.0
9456.53 1.25
9458.88 2.04
9460.82 1.56
9462.94 1.42
9464.69 2.03
9465.65 0.59
9466.5 2.14
9467.46 1.91
9469.91 1.86
9471.07 2.0
9472.93 1.78
9474.02 3.63
9475.97 1.51
9478.28 1.98
9480.7 0.86
9482.68 1.53
9484.8 2.01
9488.32 1.76
9489.04 1.78
9489.82 1.79
9492.68 2.97
9493.94 1.06
9495.68 1.91
9497.59 1.94
9499.65 2.52
9505.83 2.11
9507.98 2.02
9509.16 2.02
9510.64 1.72
9513.07 0.86
9514.32 1.62
9515.9 2.04
9517.12 1.91
9518.19 1.62
9520.65 1.03
9523.79 1.86
9527.33 0.43
9528.92 2.03
9531.24 1.88
9533.28 1.92
9534.69 1.97
9535.41 0.31
9536.45 3.47
9538.1 1.9
9540.83 2.01
9545.07 2.03
9547.71 2.03
9548.38 2.05
9549.01 4.26
9551.42 1.86
9552.97 1.61
9554.47 1.85
9556.62 1.72
9558.86 2.03
9561.17 1.47
9564.23 2.02
9565.95 1.83
9568.59 0.59
9570.1 1.86
9571.7 2.03
9574.29 2.03
9576.46 2.01
9581.03 1.87
9582.87 2.01
9584.59 1.93
9586.81 2.14
9589.01 1.5
9591.18 2.0
9592.82 1.83
9594.07 2.72
9597.1 1.82
9599.59 1.9
9601.87 1.83
9604.1 1.72
9606.04 2.9
9607.38 1.93
9610.37 1.86
9612.36 2.16
9613.93 2.04
9616.77 1.09
9617.71 0.68
9619.31 2.03
9621.2 2.04
9623.46 2.06
9626.61 1.54
9627.65 1.53
9628.88 1.93
9631.4 2.04
9633.17 2.04
9636.51 1.14
9639.18 2.03
9641.15 2.02
9642.71 1.77
9645.17 1.89
9647.74 2.0
9650.1 1.41
9651.68 1.7
9653.2 2.0
9655.09 1.88
9656.14 1.86
9657.12 4.29
9659.15 1.25
9661.14 2.03
9663.94 1.4
9666.06 1.48
9668.95 1.84
9670.63 1.01
9672.74 1.83
9674.85 1.85
9676.34 1.47
9678.08 1.5
9679.35 2.01
9681.81 2.01
9683.92 1.82
9685.95 3.29
9688.03 2.03
9690.06 1.36
9692.56 1.18
9694.36 1.7
9696.25 2.01
9697.89 1.65
9699.6 0.63
9700.67 1.29
9701.22 2.38
9703.41 1.6
9707.79 1.93
9709.19 1.63
9712.92 1.51
9714.57 3.7
9716.46 1.9
9718.99 1.93
9720.14 1.86
9721.26 3.64
9723.91 1.09
9726.54 1.52
9728.12 1.72
9729.98 0.65
9732.33 2.04
9734.66 1.47
9736.77 0.52
9738.78 2.01
9741.31 1.53
9742.21 1.89
9743.15 3.06
9745.33 2.0
9749.25 1.82
9751.84 1.48
9753.79 2.04
9754.66 1.61
9756.3 1.98
9758.33 1.98
9760.3 2.0
9762.28 2.0
9764.3 2.82
9766.28 2.25
9768.31 2.25
9770.27 3.4
9772.3 4.18
9774.28 4.87
9776.3 4.87
9778.29 6.15
9780.31 7.61
9782.29 10.83
9786.82 1.82
9791.96 2.03
9794.3 1.91
9796.35 0.48
9799.51 1.77
9800.5 2.05
9803.03 2.13
9805.53 1.91
9807.75 2.0
9809.8 1.84
9811.94 2.04
9814.76 1.36
9817.29 1.71
9818.71 2.05
9820.74 2.03
9822.78 0.56
9824.55 1.58
9826.55 2.03
9828.67 1.36
9830.44 2.0
9832.45 1.9
9834.96 1.71
9836.18 2.28
9837.95 1.75
9840.77 1.99
9842.62 2.8
9844.08 1.89
9845.97 1.57
9848.26 2.03
9850.14 2.84
9852.11 1.9
9855.29 2.06
9856.57 2.53
9857.42 0.2
9859.41 1.82
9861.5 2.01
9863.24 1.61
9866.74 1.85
9867.53 1.78
9869.05 1.56
9870.85 1.3
9872.55 1.42
9875.26 1.84
9877.92 4.43
