0.0 0.59
5.04 0.63
5.55 0.84
7.62 0.61
8.96 0.75
10.3 0.8
12.08 0.49
15.03 0.03
16.35 0.59
17.31 0.81
17.87 0.83
18.57 0.62
19.97 0.87
22.42 0.28
23.97 0.83
26.13 0.71
27.19 0.85
27.82 1.24
29.29 1.57
32.31 1.4
35.31 1.65
38.35 1.71
41.69 1.37
43.39 0.95
44.32 1.33
46.24 1.11
48.96 0.97
50.88 1.37
54.83 1.26
57.43 1.35
59.1 1.41
61.83 0.11
63.91 1.55
65.27 1.9
71.87 1.7
73.56 1.37
75.67 0.45
79.23 0.17
82.47 0.61
83.51 0.7
84.96 0.81
87.28 0.21
89.85 0.46
90.64 0.96
91.68 0.49
92.57 1.24
94.08 0.98
95.59 0.87
96.28 1.1
97.32 0.85
99.33 0.7
100.36 1.14
102.72 0.89
105.08 0.99
107.03 0.99
109.85 1.17
113.72 0.96
115.72 1.24
118.53 0.43
120.85 1.23
123.66 1.21
124.75 0.76
126.91 0.55
128.2 1.41
129.73 1.19
132.76 1.27
135.25 1.19
137.08 1.79
138.45 0.03
140.82 0.99
143.26 1.06
146.49 0.46
150.67 0.04
153.01 1.01
154.32 0.05
154.88 1.28
158.01 1.2
161.1 1.19
162.82 1.08
164.81 1.17
168.25 2.66
168.82 2.24
169.51 2.08
170.91 0.14
171.85 1.93
173.21 2.19
175.3 2.08
177.73 2.34
179.61 2.16
182.18 1.72
183.51 2.36
185.58 0.86
188.04 2.5
192.68 1.65
196.45 1.94
198.42 1.32
200.79 1.05
202.54 1.46
203.98 1.27
204.73 1.46
205.55 1.43
207.64 1.71
210.93 1.91
214.01 1.67
216.86 0.9
217.75 1.76
219.23 0.47
220.67 1.82
224.01 2.49
228.14 1.07
231.19 1.1
233.22 0.79
233.99 1.41
234.9 1.15
235.66 2.27
236.79 2.31
239.19 0.16
240.1 1.66
240.82 2.26
241.61 1.77
242.3 1.66
245.08 1.5
250.64 0.82
252.43 1.82
254.62 0.59
258.52 1.17
260.27 0.22
262.59 1.36
263.94 1.41
265.22 1.78
268.76 1.25
271.27 0.52
273.99 1.88
274.69 1.9
276.77 0.19
278.21 0.74
279.64 1.16
281.08 1.64
283.79 0.44
287.04 1.93
288.52 1.65
292.36 0.22
294.68 1.82
298.53 1.1
299.6 0.49
300.24 1.96
301.63 0.55
303.05 0.62
304.04 1.73
305.84 1.84
308.8 1.08
311.52 0.1
314.16 2.09
315.95 1.48
318.64 0.06
319.95 1.54
321.56 0.67
324.25 1.14
325.48 2.03
328.13 0.67
329.43 2.11
331.72 0.72
333.8 2.25
335.88 0.32
338.28 1.28
340.52 1.54
342.01 2.01
344.48 0.51
346.0 1.23
347.12 1.3
348.0 0.52
349.47 1.62
355.25 1.42
358.01 1.66
358.92 1.7
360.67 0.17
361.56 1.27
363.33 1.76
364.8 1.23
367.32 0.75
369.44 0.22
372.76 0.61
374.17 0.99
376.36 1.17
380.4 1.13
381.12 1.17
381.68 1.23
383.92 0.18
386.16 1.09
387.88 1.68
389.6 0.32
390.67 0.97
391.64 0.1
392.23 1.28
393.68 1.23
398.84 0.94
400.68 0.86
402.83 0.03
406.04 0.99
408.24 0.08
409.52 1.64
412.32 1.78
413.32 1.14
414.72 1.52
418.79 1.57
420.28 1.61
423.37 0.47
424.08 2.22
424.84 1.49
426.57 0.72
428.8 1.56
431.56 1.84
434.6 1.9
438.43 0.64
440.16 1.89
441.76 1.42
442.64 2.01
444.16 1.15
446.24 0.92
447.99 0.71
449.72 0.64
455.48 0.37
456.35 1.03
457.4 0.97
459.08 0.4
460.19 0.17
462.53 0.56
465.56 0.97
468.24 0.58
469.12 1.21
470.68 0.53
472.04 0.96
473.21 0.94
474.65 0.05
476.92 0.98
479.17 0.97
481.0 1.13
481.79 1.08
482.96 1.06
484.4 1.58
486.55 0.82
488.68 1.6
489.81 1.63
491.28 1.47
493.87 0.36
499.0 1.91
501.85 1.16
502.6 2.38
508.03 1.13
510.48 2.08
511.48 1.45
513.32 1.05
516.15 0.03
517.72 0.8
518.23 1.22
519.88 0.8
521.0 1.15
522.28 1.46
525.79 0.6
527.89 1.44
529.16 1.74
531.6 1.25
533.29 0.62
536.49 1.0
538.18 0.97
539.07 0.95
539.87 1.17
541.44 1.37
543.68 0.34
545.0 0.34
547.12 1.14
549.55 0.39
551.76 1.35
553.91 1.31
556.53 0.18
558.63 1.04
560.16 1.07
561.71 1.16
563.39 0.05
564.93 1.01
567.88 1.23
571.68 0.81
575.28 1.23
577.05 1.07
577.7 1.34
579.47 0.38
580.88 1.31
583.03 1.51
585.49 1.2
587.03 0.49
589.34 1.53
591.9 0.62
594.46 0.63
596.86 1.36
600.0 0.5
601.88 1.77
604.2 1.4
605.63 0.85
607.41 0.88
608.0 1.49
612.12 1.04
614.47 0.37
616.4 1.43
617.47 0.27
620.15 1.32
621.86 1.07
623.38 0.09
626.69 1.01
627.99 1.17
630.22 0.99
632.19 1.49
635.15 1.37
636.3 1.48
637.69 1.24
639.5 0.96
640.7 0.79
642.05 0.95
645.59 1.1
647.76 1.2
650.48 1.28
653.35 1.7
654.27 1.49
655.83 2.1
657.33 0.36
658.37 1.74
660.9 0.75
662.7 1.48
664.36 1.36
666.42 0.49
668.27 0.88
669.78 1.38
672.39 1.17
677.04 0.44
678.38 1.49
680.02 0.76
680.96 1.46
681.99 1.62
684.46 1.54
691.08 0.38
693.38 0.12
697.74 0.45
698.29 1.19
699.49 0.96
700.8 0.91
702.16 1.47
703.89 0.9
704.96 0.96
706.93 1.0
710.16 0.21
712.26 1.19
714.48 1.04
716.2 0.1
717.6 1.09
718.4 1.06
718.96 1.64
722.14 0.86
725.96 1.93
728.0 1.36
729.68 1.11
731.12 1.61
734.94 1.49
737.08 1.53
740.82 1.3
742.32 1.12
743.44 1.44
744.2 1.58
746.08 1.39
747.22 1.55
749.78 0.49
752.56 0.36
758.58 0.65
759.96 1.22
760.73 1.13
761.61 1.32
762.41 1.11
764.01 1.73
769.01 0.9
770.51 0.14
772.86 0.83
774.93 0.96
776.92 1.36
777.57 1.26
780.68 0.46
782.2 0.66
783.45 1.15
784.45 1.28
786.0 0.81
788.72 0.07
790.68 0.58
792.32 1.13
794.55 0.13
797.31 0.7
798.96 0.76
800.05 1.01
801.02 1.17
802.22 1.47
804.66 1.72
808.45 1.88
811.15 0.93
815.03 1.94
818.27 0.66
819.68 1.53
822.82 1.13
823.47 1.64
825.81 1.68
827.04 0.57
829.4 1.34
830.98 1.6
833.15 1.72
835.76 1.71
837.55 0.51
839.3 2.01
840.76 0.5
842.37 1.35
844.24 1.52
845.43 2.41
847.0 2.01
847.88 2.03
850.69 2.86
855.36 0.01
859.64 1.3
861.16 0.03
862.72 0.11
863.67 1.9
866.07 1.26
869.0 1.64
872.41 0.63
873.51 1.87
874.28 1.55
875.64 0.93
