0.0 102.67
2.0 83.4
4.0 83.4
6.0 108.81
8.0 101.71
10.0 101.71
12.0 101.71
14.0 101.71
16.0 101.71
18.0 102.37
20.0 106.48
22.0 84.19
24.0 84.19
26.0 84.19
28.0 84.19
30.0 106.43
32.0 106.43
34.0 106.43
36.0 106.43
38.02 106.43
40.0 106.43
42.0 106.43
44.0 106.43
46.0 104.5
48.0 104.5
50.0 104.5
52.0 104.5
54.0 104.5
56.0 104.5
58.0 103.94
60.0 103.94
62.25 103.94
64.25 103.94
66.06 103.94
68.25 103.94
70.25 103.94
72.25 72.87
74.25 77.99
76.25 99.21
78.25 100.02
80.25 104.95
82.25 104.26
84.25 106.9
86.25 104.45
88.25 88.25
90.07 105.48
92.25 98.61
94.25 88.75
96.25 105.17
98.25 101.84
100.25 7.02
102.25 107.34
104.25 99.2
106.25 103.35
108.25 103.35
110.25 103.35
112.25 103.35
114.06 103.35
116.25 103.35
118.25 103.35
120.25 103.35
122.25 103.35
124.25 103.35
126.25 103.35
128.25 103.35
130.25 103.35
132.25 103.35
134.25 103.35
136.25 103.35
138.25 104.85
140.25 91.03
142.25 102.63
144.25 102.63
146.25 105.06
148.25 79.14
150.25 107.43
152.25 101.67
154.25 101.67
156.25 101.67
158.25 101.67
160.25 101.67
162.25 101.67
165.86 8.06
166.48 14.97
168.25 20.38
170.25 24.3
172.25 27.77
174.25 25.94
176.25 30.48
178.25 38.85
180.25 48.44
182.25 47.13
184.25 47.13
186.25 42.81
188.25 42.81
190.25 55.65
192.25 67.45
194.25 74.13
196.25 76.55
198.25 78.78
200.25 78.78
202.25 78.78
204.25 78.78
206.25 78.78
208.25 78.78
210.25 78.78
212.25 78.78
214.25 78.78
216.25 78.78
218.25 85.9
220.25 82.38
222.25 84.48
224.25 79.03
226.25 79.03
228.25 79.03
230.25 79.03
232.25 79.03
234.25 79.03
236.25 79.03
238.25 79.03
240.25 79.03
242.25 79.03
244.25 79.03
246.25 79.03
248.25 79.03
250.25 79.03
252.25 79.03
254.25 79.03
256.25 79.03
258.25 79.03
260.25 79.03
262.25 79.03
264.25 75.1
266.25 75.1
268.25 75.1
270.25 75.1
272.25 75.1
274.25 75.1
276.25 75.1
278.25 75.1
280.25 75.1
282.25 75.1
284.25 75.1
286.25 75.1
288.25 75.1
290.25 75.1
292.25 75.1
294.25 75.1
296.25 92.48
298.25 92.48
300.25 92.48
302.25 92.48
304.25 92.48
306.25 92.48
308.27 92.48
310.25 92.48
312.25 89.64
314.5 89.64
316.5 89.64
318.5 89.64
320.5 89.64
322.5 89.64
324.5 89.64
326.5 89.64
328.5 89.64
330.5 89.64
332.5 89.64
334.5 87.74
336.5 87.74
338.5 87.74
340.5 87.74
342.5 96.15
344.5 98.91
346.5 99.45
348.5 99.45
350.5 99.45
352.5 99.45
354.5 99.45
356.5 100.87
358.5 100.87
360.5 100.87
362.5 100.87
364.5 86.55
366.5 101.97
368.53 101.97
370.5 101.97
372.5 101.97
374.5 101.97
376.5 101.97
378.5 101.97
380.5 101.97
382.5 101.97
384.5 101.97
386.5 101.97
388.5 101.97
390.5 101.97
392.5 101.97
394.5 101.97
396.5 101.97
398.5 101.97
400.5 101.97
402.5 101.97
404.5 101.97
406.5 101.97
408.5 101.97
410.5 101.97
412.5 101.97
414.5 101.97
416.5 101.97
418.5 101.97
420.5 101.97
422.5 101.97
424.5 101.97
426.5 101.97
428.5 99.99
430.5 98.9
432.5 98.59
434.5 102.08
436.5 104.07
438.5 104.07
440.5 104.07
442.5 104.07
444.5 104.07
446.5 104.07
448.5 104.07
450.5 104.07
452.5 104.07
454.53 104.07
456.5 104.07
458.5 103.09
460.5 6.99
462.5 106.22
464.5 82.84
466.5 105.6
468.5 104.18
470.5 6.45
472.5 58.56
474.5 8.3
476.5 22.87
478.51 22.87
480.5 22.87
482.5 22.87
484.5 22.87
486.52 22.87
488.5 29.94
490.5 63.87
492.5 63.87
494.5 60.73
496.5 60.73
498.5 60.73
500.5 60.73
502.5 62.25
504.5 62.25
506.5 63.51
508.5 63.51
510.5 63.51
512.5 63.51
514.5 63.51
516.5 63.51
518.5 63.51
520.5 63.51
522.5 63.51
524.5 63.51
526.5 63.51
528.5 63.51
530.5 63.51
532.5 63.51
534.5 63.51
536.5 63.51
538.5 63.51
540.5 63.51
542.5 77.18
544.5 76.41
546.5 77.9
548.5 77.9
550.5 77.9
552.5 77.9
554.5 77.9
556.5 77.9
558.5 77.9
560.5 77.9
562.5 75.42
564.75 71.82
566.75 67.11
568.75 74.06
570.75 84.66
572.75 83.17
574.75 83.17
576.75 73.18
578.75 95.67
580.75 77.73
582.75 99.26
584.57 99.26
586.75 99.26
588.75 99.26
590.75 99.26
592.75 99.26
594.75 99.26
596.75 99.26
598.75 99.26
600.75 99.26
602.75 99.26
604.75 99.26
606.75 99.26
608.57 99.26
610.75 99.26
612.75 99.26
614.75 99.26
616.75 99.26
618.75 99.26
620.75 99.26
622.75 99.26
624.75 99.26
626.75 99.26
628.75 99.26
630.75 99.26
632.75 99.26
634.75 99.26
636.75 99.26
638.75 99.26
640.75 99.26
642.75 99.26
644.75 99.26
646.75 99.26
648.75 99.26
650.75 104.81
652.75 100.91
654.75 35.62
656.75 98.51
658.75 98.51
660.75 98.51
662.75 98.51
664.75 98.51
666.75 98.51
668.75 98.51
670.75 98.51
672.75 98.51
674.75 98.51
676.75 98.51
678.75 98.51
680.75 98.51
682.75 98.51
684.75 98.51
686.75 98.51
688.75 98.51
690.75 98.51
692.75 98.51
694.75 98.51
696.75 98.51
698.75 98.51
700.75 98.51
702.75 98.51
704.75 98.51
706.75 98.51
708.75 98.51
710.75 98.51
712.75 98.51
714.75 98.51
716.75 98.51
718.75 98.51
720.75 98.51
722.75 98.51
724.75 98.51
726.75 98.51
728.75 98.51
730.75 98.51
732.75 98.51
734.75 98.51
736.75 98.51
738.75 98.51
740.75 98.51
742.75 98.51
744.75 98.51
746.75 98.51
748.75 98.51
750.75 98.51
752.75 98.51
754.75 98.51
756.75 98.51
758.75 98.51
760.75 98.51
762.75 98.51
764.75 98.51
766.75 98.51
768.75 98.51
770.75 98.51
772.75 98.51
774.75 98.51
776.75 98.51
778.75 98.51
780.75 98.51
782.75 98.51
784.75 98.51
786.75 98.51
788.75 105.29
790.76 101.81
792.75 0.17
794.75 15.91
796.75 15.91
798.75 106.4
800.75 104.91
802.75 104.83
804.75 104.05
806.75 102.6
808.75 102.6
810.75 102.6
812.75 102.6
815.0 102.6
817.0 102.6
819.0 102.6
821.0 102.6
823.0 102.6
825.0 101.46
827.0 89.74
829.0 89.74
831.0 108.31
833.0 104.44
835.0 104.85
837.0 104.19
839.0 104.19
841.0 104.19
843.0 104.19
845.0 104.19
847.0 28.62
849.0 21.11
851.0 21.11
853.0 26.33
855.02 37.18
857.0 36.23
859.01 54.06
861.0 55.52
863.0 55.52
865.0 55.52
867.0 55.52
869.0 55.52
871.0 55.52
873.0 55.52
875.0 55.52
877.0 55.26
879.0 53.45
881.0 20.63
883.0 67.83
885.0 76.97
887.02 66.49
889.0 80.59
891.0 79.82
893.0 79.82
895.0 79.82
897.0 79.82
899.0 79.82
901.0 79.82
903.0 79.82
905.0 79.82
907.0 79.82
909.0 79.43
911.0 90.56
913.0 78.78
915.0 78.78
917.0 78.78
919.0 102.15
921.0 102.21
923.0 100.97
925.0 108.48
927.0 91.24
929.0 91.24
931.0 91.24
933.0 91.24
935.0 91.24
937.0 91.24
939.0 91.24
941.0 91.24
943.0 91.24
945.0 91.24
947.0 91.24
949.0 91.24
951.0 91.24
953.0 102.61
955.0 95.94
957.0 101.59
959.0 104.32
961.0 104.99
963.0 97.77
965.0 103.11
967.0 105.46
969.0 103.56
971.0 102.33
973.0 92.54
975.0 15.25
977.0 100.78
979.0 102.29
981.0 102.29
983.0 65.82
985.0 104.14
987.0 103.45
989.0 105.55
991.0 102.34
993.0 103.53
995.0 105.37
997.0 105.37
999.0 105.37
1001.02 105.58
1003.0 103.29
1005.0 106.57
1007.0 100.82
1009.0 100.82
1011.0 100.82
1013.0 100.82
1015.0 100.82
1017.0 100.82
1019.0 100.82
1021.0 101.1
1023.0 101.1
1025.0 101.1
1027.0 101.1
1029.0 101.1
1031.0 101.1
1033.0 101.1
1035.0 101.1
1037.0 105.28
1039.0 105.28
1041.0 105.28
1043.0 105.28
1045.0 105.28
1047.0 105.15
1049.0 102.19
1051.0 102.19
1053.0 98.52
1055.0 98.52
1057.0 98.52
1059.0 98.52
1061.0 98.52
1063.25 98.52
1065.25 98.52
1067.25 98.52
1069.25 98.52
1071.25 98.52
1073.25 98.52
1075.25 98.52
1077.25 98.52
1079.07 104.84
1081.25 104.84
1083.25 104.84
1085.25 104.84
1087.25 104.84
1089.25 104.84
1091.25 104.84
1093.25 104.84
1095.25 107.37
1097.26 107.37
1099.25 107.37
1101.25 107.37
1103.07 107.37
1105.25 107.37
1107.25 104.71
1109.25 104.71
1111.25 104.71
1113.25 104.71
1115.25 104.71
1117.25 104.71
1119.25 104.71
1121.28 104.71
1123.25 104.71
1125.25 104.71
1127.07 83.76
1129.25 111.62
1131.25 106.02
1133.25 97.51
1135.25 103.89
1137.25 101.09
1139.25 105.32
1141.25 109.36
1143.25 105.45
1145.25 103.86
1147.26 103.43
1149.25 105.9
1151.25 104.63
1153.25 103.46
1155.25 103.46
1157.25 103.46
1159.25 103.46
1161.25 103.46
1163.25 103.46
1165.26 103.46
1167.25 103.46
1169.25 103.46
1171.25 103.46
1173.25 103.46
1175.16 103.46
1177.25 103.46
1179.25 103.46
1181.25 103.46
1183.25 103.46
1185.25 103.46
1187.25 103.46
1189.25 103.46
1191.25 103.46
1193.25 103.46
1195.25 103.46
1197.25 103.46
1199.25 103.46
1201.25 103.46
1203.25 103.46
1205.25 103.42
1207.25 86.16
1209.26 86.16
1211.25 104.11
1213.25 101.71
1215.26 101.71
1217.25 101.71
1219.25 101.71
1221.25 101.71
1223.25 101.71
1225.26 101.71
1227.25 101.71
1229.25 101.71
1231.25 101.71
1233.25 101.71
1235.25 101.71
1237.25 49.33
1239.25 48.4
1241.25 55.85
1243.25 56.4
1245.25 56.4
1247.25 56.4
1249.25 56.4
1251.25 67.7
1253.25 66.85
1255.25 66.85
1257.27 74.31
1259.25 78.14
1261.25 87.34
1263.25 86.21
1265.25 86.93
1267.25 87.47
1269.25 87.47
1271.25 87.47
1273.25 87.47
1275.25 87.47
1277.25 87.47
1279.25 87.47
1281.25 87.47
1283.25 87.47
1285.25 87.47
1287.25 87.47
1289.25 87.47
1291.25 87.47
1293.25 87.47
1295.25 87.47
1297.25 87.47
1299.25 89.26
1301.25 93.27
1303.25 91.52
1305.25 89.23
1307.25 76.99
1309.25 99.13
1311.25 103.32
1313.5 103.32
1315.5 103.32
1317.5 103.32
1319.5 103.32
1321.5 103.32
1323.5 103.32
1325.5 103.32
1327.5 103.32
1329.5 103.32
1331.5 103.32
1333.32 103.32
1335.5 103.32
1337.5 103.32
1339.5 103.32
1341.5 103.32
1343.5 103.32
1345.5 103.32
1347.5 88.84
1349.5 88.84
1351.5 88.84
1353.5 88.84
1355.5 88.84
1357.32 88.84
1359.5 88.84
1361.5 88.84
1363.5 88.84
1365.5 88.84
1367.5 88.84
1369.5 88.84
1371.5 88.84
1373.5 97.66
1375.5 102.96
1377.5 102.96
1379.5 102.96
1381.5 102.96
1383.5 102.96
1385.5 102.96
1387.5 102.96
1389.5 102.96
1391.5 102.96
1393.5 102.96
1395.5 102.96
1397.5 102.96
1399.5 102.96
1401.5 102.96
1403.5 102.96
1405.5 102.96
1407.5 102.96
1409.5 102.96
1411.5 102.96
1413.5 102.96
1415.5 102.96
1417.5 99.57
1419.5 99.57
1421.5 99.57
1423.51 99.57
1425.5 99.57
1427.5 99.57
1429.5 99.57
1431.5 100.87
1433.5 98.83
1435.5 94.52
1437.5 102.63
1439.5 102.63
1441.5 102.63
1443.5 102.63
1445.5 102.63
1447.5 102.63
1449.5 102.63
1451.5 102.63
1453.5 102.63
1455.5 102.63
1457.5 102.63
1459.5 102.63
1461.5 102.63
1463.5 102.63
1465.5 103.62
1467.5 103.62
1469.5 103.62
1471.5 103.62
1473.5 103.62
1475.5 103.62
1477.5 100.12
1479.5 99.88
1481.5 99.88
1483.5 99.88
1485.5 99.88
1487.5 99.88
1489.5 99.88
1491.5 99.88
1493.5 99.88
1495.5 103.5
1497.5 103.5
1499.5 103.5
1501.5 103.5
1503.5 103.5
1505.5 103.5
1507.51 104.98
1509.5 104.98
1511.5 104.98
1513.5 104.98
1515.5 104.98
1517.5 78.57
1519.5 78.57
1521.5 101.93
1523.5 104.67
1525.5 104.67
1527.5 103.82
1529.5 103.82
1531.5 103.82
1533.5 103.82
1535.5 103.82
1537.5 103.82
1539.5 103.82
1541.5 103.82
1543.5 103.82
1545.5 104.27
1547.5 104.27
1549.51 102.72
1551.51 102.12
1553.5 102.12
1555.5 102.12
1557.51 102.12
1559.5 102.12
1561.5 102.12
1563.75 102.12
1565.75 104.77
1567.75 104.77
1569.75 104.77
1571.75 104.77
1573.75 104.77
1575.75 104.77
1577.75 104.77
1579.75 104.77
1581.75 104.77
1583.75 104.77
1585.75 105.78
1587.75 107.26
1589.75 73.0
1591.75 73.0
1593.75 73.0
1595.75 73.0
1597.75 73.0
1599.75 73.0
1601.75 73.0
1603.75 73.0
1605.75 73.0
1607.76 73.0
1609.75 73.0
1611.75 73.0
1613.75 73.0
1615.75 73.0
1617.75 73.0
1619.75 73.0
1621.75 73.0
1623.75 73.0
1625.75 73.0
1627.75 73.0
1629.75 73.0
1631.75 73.0
1633.77 73.0
1635.75 73.0
1637.76 73.0
1639.75 73.0
1641.75 73.0
1643.75 73.0
1645.75 73.0
1647.75 73.0
1649.76 73.0
1651.75 73.0
1653.75 73.0
1655.75 73.0
1657.75 73.0
1659.75 73.0
1661.75 73.0
1663.75 73.0
1665.75 73.0
1667.75 73.0
1669.75 73.0
1671.75 105.13
1673.75 103.64
1675.75 103.64
1677.75 103.64
1679.75 101.65
1681.75 101.65
1683.75 101.65
1685.75 101.65
1687.75 101.65
1689.75 97.63
1691.75 104.82
1693.75 112.75
1695.75 112.75
1697.75 112.75
1699.75 112.75
1701.75 112.75
1703.75 112.75
1705.75 112.75
1707.75 112.75
1709.75 97.49
1711.75 102.39
1713.78 102.39
1715.75 102.39
1717.76 102.39
1719.75 102.39
1721.75 102.39
1723.75 102.39
1725.75 102.39
1727.75 102.39
1729.75 102.39
1731.75 102.39
1733.75 102.39
1735.75 102.39
1737.75 102.39
1739.76 102.39
1741.75 102.39
1743.8 86.97
1745.75 86.97
1747.75 28.93
1749.75 28.93
1751.76 28.93
1753.76 28.93
1755.75 38.47
1757.75 91.72
1759.75 91.72
1761.75 91.72
1763.75 91.72
1765.75 91.72
1767.75 74.03
1769.75 69.23
1771.75 104.67
1773.75 104.26
1775.76 98.37
1777.75 98.37
1779.75 98.37
1781.77 98.37
1783.76 0.72
1785.75 37.99
1787.75 37.99
1789.75 37.99
1791.76 37.99
1793.75 37.99
1795.76 47.18
1797.75 47.18
1799.75 47.18
1801.75 47.18
1803.78 47.18
1805.75 105.08
1807.75 0.48
1809.75 43.4
1811.75 43.4
1814.06 43.4
1816.0 45.77
1818.0 46.81
1820.0 75.31
1822.0 75.31
1824.0 75.31
1826.0 75.31
1827.82 75.31
1830.0 75.31
1832.0 75.31
1834.0 75.31
1836.0 75.31
1838.0 75.31
1840.01 75.31
1842.0 75.31
1844.0 75.31
1846.0 75.31
1848.0 75.31
1850.0 75.31
1851.82 75.31
1854.0 75.31
1856.0 75.31
1858.0 75.31
1860.0 75.31
1862.0 75.31
1864.0 75.31
1866.01 75.31
1868.0 84.57
1870.0 84.57
1872.0 84.57
1874.0 84.57
1875.82 108.26
1878.0 102.7
1880.0 105.52
1882.0 61.93
1884.01 105.5
1886.0 92.28
1888.0 82.45
1890.0 103.96
1892.0 1.21
1894.0 49.76
1896.0 21.6
1898.01 45.45
1900.0 46.41
1902.0 51.88
1904.0 103.28
1906.0 102.37
1908.03 102.37
1910.0 102.37
1912.0 102.37
1914.0 102.37
1916.0 102.37
1918.0 102.37
1920.01 102.37
1922.01 93.53
1924.0 81.47
1926.0 81.47
1928.0 81.47
1930.01 81.47
1932.0 81.47
1934.0 81.47
1936.0 81.47
1938.0 81.47
1940.0 81.47
1942.0 81.47
1944.0 81.47
1946.0 81.47
1948.0 81.47
1950.02 81.47
1952.01 81.47
1954.0 81.47
1956.0 81.47
1958.0 81.47
1960.0 81.47
1962.0 81.63
1964.0 69.8
1966.0 88.91
1968.0 82.72
1970.0 96.02
1972.0 97.06
1974.0 97.06
1976.02 97.06
1978.0 97.06
1980.0 97.06
1982.0 97.06
1984.0 97.06
1986.0 97.06
1988.0 97.06
1990.0 97.06
1992.0 97.06
1994.01 97.06
1996.0 97.06
1998.0 97.06
2000.0 97.06
2002.0 97.06
2004.0 97.06
2006.0 97.06
2008.0 97.06
2010.01 97.06
2012.0 97.06
2014.0 97.06
2016.0 97.06
2018.0 97.06
2020.0 97.06
2022.01 97.06
2024.0 97.06
2026.0 97.06
2028.0 89.53
2030.0 101.54
2032.0 101.54
2034.0 101.54
2036.0 101.54
2038.0 101.54
2040.0 101.54
2042.01 101.66
2044.0 101.66
2046.0 101.66
2048.0 101.66
2050.11 101.66
2052.0 100.59
2054.0 104.57
2056.0 104.41
2058.01 90.53
2060.0 117.87
2062.0 102.29
2064.25 6.82
2066.25 100.4
2068.25 7.05
2070.25 99.51
2072.25 102.33
2074.25 102.33
2076.25 102.33
2078.25 102.33
2080.25 102.33
2082.11 102.33
2084.25 102.33
2086.25 102.33
2088.25 102.33
2090.25 102.33
2092.25 102.33
2094.26 102.33
2096.25 102.33
2098.25 102.33
2100.25 102.33
2102.25 102.33
2104.25 102.33
2106.09 102.33
2108.25 102.33
2110.25 102.33
2112.25 102.33
2114.25 102.33
2116.25 102.33
2118.25 102.33
2120.25 102.33
2122.25 102.33
2124.25 102.33
2126.25 102.33
2128.25 102.33
2130.07 102.33
2132.25 104.39
2134.25 105.28
2136.25 105.28
2138.25 105.28
2140.25 100.13
2142.25 104.27
2144.25 104.27
2146.25 104.27
2148.25 104.27
2150.25 104.27
2152.25 83.66
2154.25 102.18
2156.25 102.18
2158.26 102.18
2160.25 102.18
2162.25 102.18
2164.26 102.18
2166.25 102.92
2168.25 103.17
2170.25 103.17
2172.25 103.17
2174.25 103.17
2176.25 103.17
2178.25 103.17
2180.28 103.17
2182.25 105.96
2184.25 105.96
2186.25 105.96
2188.25 105.96
2190.25 105.96
2192.25 105.96
2194.25 105.96
2196.25 105.96
2198.25 105.96
2200.25 105.96
2202.25 105.96
2204.26 105.96
2206.25 98.26
2208.25 98.26
2210.25 97.47
2212.25 67.37
2214.25 67.37
2216.25 90.71
2218.25 90.71
2220.26 90.71
2222.26 90.71
2224.25 96.5
2226.26 94.43
2228.25 94.43
2230.25 94.43
2232.25 94.43
2234.25 83.65
2236.26 95.18
2238.26 95.18
2240.25 95.18
2242.26 84.2
2244.26 84.2
2246.25 84.2
2248.25 84.2
2250.3 98.56
2252.25 107.04
2254.26 103.95
2256.25 103.95
2258.25 99.94
2260.25 103.96
2262.25 81.2
2264.26 103.76
2266.26 93.77
2268.26 91.79
2270.25 73.68
2272.25 115.26
2274.25 115.26
2276.25 115.26
2278.25 115.26
2280.25 115.26
2282.26 23.22
2284.26 7.1
2286.25 23.35
2288.26 24.85
2290.25 24.85
2292.25 26.42
2294.25 30.44
2296.26 33.45
2298.25 28.2
2300.25 41.38
2302.25 46.16
2304.26 45.33
2306.26 45.33
2308.26 32.37
2310.26 56.94
2312.26 62.28
2314.25 60.91
2316.5 75.88
2318.5 76.46
2320.5 76.46
2322.5 67.27
2324.5 78.28
2326.53 80.43
2328.5 80.43
2330.5 80.43
2332.5 73.04
2334.5 73.04
2336.5 73.04
2338.5 73.04
2340.5 81.56
2342.5 82.28
2344.5 82.28
2346.5 82.28
2348.51 82.28
2350.51 82.28
2352.5 81.4
2354.5 74.87
2356.5 92.56
2358.5 68.88
2360.5 98.75
2362.5 93.0
2364.5 105.02
2366.5 89.65
2368.5 89.65
2370.5 89.65
2372.5 89.65
2374.5 89.65
2376.5 89.65
2378.5 89.65
2380.5 89.65
2382.5 89.65
2384.5 89.65
2386.5 89.65
2388.5 89.65
2390.5 89.65
2392.5 89.65
2394.5 89.65
2396.5 89.65
2398.5 89.65
2400.5 89.65
2402.5 89.65
2404.5 89.65
2406.5 96.88
2408.5 89.38
2410.5 96.1
2412.5 93.6
2414.5 91.02
2416.5 91.02
2418.5 91.02
2420.5 91.02
2422.5 91.02
2424.5 91.02
2426.5 91.02
2428.5 91.02
2430.5 91.02
2432.5 91.02
2434.5 68.8
2436.52 77.3
2438.51 77.59
2440.5 91.11
2442.5 91.8
2444.5 92.44
2446.5 96.27
2448.5 96.27
2450.5 95.69
2452.5 95.69
2454.5 95.69
2456.5 95.69
2458.5 95.69
2460.5 95.69
2462.5 95.69
2464.5 95.69
2466.5 95.69
2468.5 95.69
2470.5 95.69
2472.5 95.69
2474.5 95.69
2476.5 95.69
2478.5 95.69
2480.5 94.63
2482.5 93.61
2484.5 93.61
2486.51 82.3
2488.5 105.97
2490.51 105.75
2492.5 103.57
2494.51 103.57
2496.5 105.27
2498.52 105.51
2500.5 70.61
2502.5 70.61
2504.5 70.61
2506.5 70.61
2508.51 70.61
2510.5 70.61
2512.5 70.61
2514.5 70.61
2516.5 70.61
2518.5 70.61
2520.5 102.09
2522.52 100.61
2524.5 100.61
2526.5 100.61
2528.5 100.61
2530.5 100.61
2532.5 100.61
2534.5 100.61
2536.5 100.61
2538.5 93.3
2540.51 104.62
2542.5 104.29
2544.5 104.29
2546.51 103.87
2548.51 103.87
2550.5 96.91
2552.5 102.91
2554.5 83.23
2556.5 83.23
2558.5 83.23
2560.5 83.23
2562.5 83.23
2564.76 83.23
2566.76 91.54
2568.76 106.21
2570.76 90.46
2572.76 90.46
2574.76 90.46
2576.57 90.46
2578.76 90.46
2580.76 104.59
2582.76 104.04
2584.76 103.28
2586.76 103.41
2588.76 106.12
2590.76 102.2
2592.76 102.2
2594.76 106.55
2596.75 103.32
2598.75 103.32
2600.57 103.32
2602.76 103.32
2604.76 104.58
2606.76 102.5
2608.76 105.29
2610.76 102.67
2612.76 104.95
2614.76 102.77
2616.76 96.53
2618.75 96.53
2620.75 96.53
2622.76 96.53
2624.57 96.53
2626.75 96.53
2628.76 96.53
2630.76 96.53
2632.76 96.53
2634.76 96.53
2636.75 96.53
2638.76 96.53
2640.76 96.53
2642.76 96.53
2644.76 96.53
2646.76 96.53
2648.75 96.53
2650.76 96.53
2652.76 96.53
2654.76 96.53
2656.75 96.53
2658.76 96.53
2660.76 96.53
2662.76 96.53
2664.76 96.53
2666.76 96.53
2668.76 94.02
2670.76 69.3
2672.76 69.3
2674.76 82.47
2676.75 83.97
2678.75 83.97
2680.76 83.97
2682.76 101.73
2684.76 96.93
2686.76 98.89
2688.76 99.19
2690.76 104.52
2692.76 103.46
2694.76 103.46
2696.76 65.45
2698.76 107.75
2700.76 73.24
2702.75 105.56
2704.76 105.56
2706.76 105.56
2708.76 105.56
2710.76 105.56
2712.76 105.56
2714.76 105.56
2716.76 105.56
2718.76 105.56
2720.75 103.46
2722.76 103.46
2724.76 103.46
2726.76 103.46
2728.76 103.46
2730.76 103.46
2732.76 103.46
2734.76 103.46
2736.76 103.46
2738.75 103.46
2740.76 103.46
2742.76 103.46
2744.76 102.25
2746.76 104.75
2748.76 104.86
2750.76 102.03
2752.76 88.58
2754.75 96.59
2756.76 81.66
2758.76 99.5
2760.76 93.93
2762.76 75.26
2764.76 101.57
2766.76 23.39
2768.76 85.2
2770.76 85.2
2772.76 85.2
2774.76 85.2
2776.76 85.2
2778.76 85.2
2780.76 85.2
2782.76 85.2
2784.76 85.2
2786.76 85.2
2788.76 85.2
2790.76 85.2
2792.76 85.2
2794.76 85.2
2796.75 101.42
2798.76 99.23
2800.76 84.8
2802.76 104.09
2804.76 104.09
2806.76 104.09
2808.76 104.09
2810.76 104.09
2812.76 104.09
2815.0 104.09
2817.01 104.09
2819.0 104.09
2821.0 104.09
2823.01 104.09
2825.0 104.09
2827.0 104.09
2829.01 104.09
2831.0 103.23
2833.0 8.8
2835.0 47.81
2837.0 50.36
2839.0 50.36
2841.0 50.36
2843.0 50.36
2845.01 50.36
2847.0 50.36
2849.01 50.46
2851.0 50.46
2853.0 50.46
2855.0 50.46
2857.0 50.53
2859.0 50.53
2861.01 50.53
2863.0 50.53
2865.0 50.53
2867.0 50.53
2869.0 50.53
2871.01 50.53
2873.04 50.53
2875.01 87.07
2877.0 99.62
2879.0 99.62
2881.0 99.66
2883.01 90.29
2885.01 90.29
2887.0 90.29
2889.01 90.29
2891.0 90.29
2893.0 90.29
2895.0 90.29
2897.01 90.29
2899.01 104.05
2901.01 105.56
2903.01 106.16
2905.0 81.68
2907.0 104.34
2909.0 104.34
2911.0 104.34
2913.0 104.34
2915.0 104.34
2917.0 104.34
2919.0 104.34
2921.0 104.34
2923.01 106.35
2925.01 106.35
2927.01 106.35
2929.01 103.93
2931.01 105.39
2933.01 105.0
2935.01 93.76
2937.01 100.85
2939.02 104.95
2941.01 103.43
2943.01 102.75
2945.01 104.89
2947.0 103.84
2949.01 104.78
2951.01 74.65
2953.01 72.91
2955.01 72.91
2957.01 101.95
2959.0 103.87
2961.01 90.59
2963.01 101.07
2965.01 104.67
2967.01 105.53
2969.01 99.63
2971.01 101.76
2973.01 13.44
2975.01 106.23
2977.01 103.59
2979.01 104.6
2981.01 105.04
2983.01 90.3
2985.01 104.31
2987.01 105.62
2989.01 101.99
2991.01 91.54
2993.0 110.53
2995.0 93.4
2997.0 93.4
2999.0 93.4
3001.01 93.4
3003.0 93.4
3005.01 6.45
3007.0 16.52
3009.02 16.52
3011.0 17.63
3013.01 17.63
3015.01 17.63
3017.0 17.63
3019.01 17.63
3021.01 17.63
3023.01 17.63
3025.01 17.63
3027.01 44.57
3029.0 47.6
3031.01 48.56
3033.01 48.56
3035.01 48.56
3037.01 48.56
3039.01 48.56
3041.01 48.56
3043.01 48.56
3045.01 48.56
3047.01 105.72
3049.01 91.12
3051.01 100.89
3053.0 105.22
3055.01 105.22
3057.0 102.43
3059.01 107.27
3061.01 108.17
3063.01 101.86
3065.01 89.72
3067.26 89.41
3069.26 106.68
3071.07 106.68
3073.26 106.68
3075.26 105.26
3077.26 104.87
3079.26 104.87
3081.26 104.87
3083.26 103.82
3085.26 103.82
3087.26 103.82
3089.26 103.82
3091.26 103.82
3093.26 103.82
3095.07 103.82
3097.26 103.82
3099.26 103.82
3101.26 103.82
3103.26 103.82
3105.26 103.82
3107.26 103.71
3109.26 104.12
3111.26 101.88
3113.26 105.5
3115.26 105.5
3117.26 105.5
3119.09 102.75
3121.26 104.21
3123.26 104.21
3125.26 104.21
3127.26 104.21
3129.26 104.21
3131.26 104.21
3133.26 104.22
3135.26 100.02
3137.26 100.02
3139.26 103.99
3141.26 101.0
3143.26 94.11
3145.26 105.58
3147.26 103.86
3149.26 104.51
3151.26 104.18
3153.26 113.51
3155.26 113.51
3157.26 101.87
3159.26 104.99
3161.26 104.83
3163.26 105.62
3165.26 106.83
3167.26 104.38
3169.26 104.38
3171.26 104.38
3173.26 104.38
3175.26 104.38
3177.26 101.83
3179.26 106.01
3181.26 106.01
3183.26 106.01
3185.26 106.01
3187.26 106.01
3189.26 106.01
3191.26 106.01
3193.26 106.01
3195.26 87.51
3197.26 87.51
3199.26 87.51
3201.26 103.76
3203.26 103.76
3205.26 103.76
3207.26 103.76
3209.26 103.76
3211.26 103.76
3213.26 103.76
3215.28 103.76
3217.26 103.76
3219.26 103.76
3221.26 103.76
3223.26 103.76
3225.26 103.76
3227.26 103.76
3229.26 103.76
3231.26 103.76
3233.26 103.76
3235.26 103.76
3237.26 105.22
3239.26 104.88
3241.26 91.39
3243.26 98.14
3245.26 110.81
3247.26 110.88
3249.26 103.54
3251.26 103.53
3253.26 103.53
3255.26 103.53
3257.26 103.53
3259.26 103.53
3261.26 103.53
3263.26 103.53
3265.26 103.53
3267.26 103.53
3269.26 103.53
3271.26 103.53
3273.26 103.53
3275.26 87.86
3277.26 83.96
3279.26 93.41
3281.26 93.41
3283.26 92.22
3285.26 93.42
3287.26 88.38
3289.26 87.86
3291.26 107.6
3293.26 92.45
3295.26 102.92
3297.26 94.03
3299.26 86.47
3301.26 104.72
3303.26 94.61
3305.26 90.61
3307.26 102.33
3309.26 102.34
3311.26 93.69
3313.26 92.87
3315.51 105.02
3317.51 114.77
3319.51 103.81
3321.51 89.09
3323.51 105.38
3325.38 7.04
3327.51 85.68
3329.51 99.38
3331.51 105.9
3333.51 101.95
3335.51 106.15
3337.51 89.96
3339.51 103.7
3341.51 106.74
3343.51 105.07
3345.51 88.38
3347.51 88.38
3349.32 88.38
3351.51 88.38
3353.51 88.38
3355.51 88.38
3357.51 88.38
3359.51 88.38
3361.51 88.38
3363.51 88.38
3365.51 88.38
3367.51 88.38
3369.51 88.38
3371.51 88.38
3373.33 88.38
3375.51 88.38
3377.51 88.38
3379.51 88.38
3381.51 88.38
3383.51 88.38
3385.51 88.38
3387.51 88.38
3389.51 88.38
3391.51 88.38
3393.51 88.38
3395.51 88.38
3397.51 88.38
3399.51 88.38
3401.51 88.38
3403.51 88.38
3405.51 88.38
3407.51 88.38
3409.51 88.38
3411.51 88.38
3413.51 88.38
3415.51 88.38
3417.51 88.38
3419.51 88.38
3421.51 88.38
3423.51 88.38
3425.51 88.38
3427.51 88.38
3429.51 88.38
3431.51 88.38
3433.51 88.38
3435.51 88.38
3437.51 105.86
3439.51 105.86
3441.51 89.9
3443.51 86.81
3445.51 103.08
3447.51 101.31
3449.51 87.44
3451.51 87.44
3453.51 100.22
3455.51 100.22
3457.51 100.22
3459.51 103.86
3461.51 103.86
3463.51 103.86
3465.51 103.86
3467.51 103.86
3469.51 103.86
3471.51 103.86
3473.51 91.06
3475.51 105.51
3477.51 51.05
3479.51 51.05
3481.51 51.05
3483.51 54.11
3485.51 107.19
3487.51 104.34
3489.51 105.85
3491.51 101.51
3493.51 105.51
3495.51 105.51
3497.51 87.47
3499.51 104.66
3501.51 105.86
3503.51 84.73
3505.51 84.73
3507.51 84.73
3509.52 84.73
3511.51 84.73
3513.51 84.73
3515.51 84.73
3517.51 84.73
3519.51 84.73
3521.51 84.73
3523.51 84.73
3525.51 90.72
3527.51 78.13
3529.51 103.76
3531.51 103.76
3533.51 103.76
3535.51 103.76
3537.51 103.76
3539.51 103.76
3541.51 91.12
3543.51 108.8
3545.51 108.8
3547.51 108.8
3549.51 105.45
3551.51 106.34
3553.51 91.77
3555.51 103.47
3557.51 103.1
3559.51 7.09
3561.51 7.04
3563.51 103.75
3565.51 79.18
3567.76 104.88
3569.76 104.88
3571.76 65.6
3573.76 65.6
3575.76 65.6
3577.76 65.6
3579.76 65.6
3581.76 92.49
3583.76 103.62
3585.76 79.28
3587.76 95.56
3589.76 104.73
3591.78 104.73
3593.76 110.3
3595.76 103.67
3597.76 99.06
3599.76 99.06
3601.76 104.8
3603.76 106.9
3605.76 105.76
3607.76 87.68
3609.76 108.72
3611.76 105.8
3613.76 103.45
3615.76 96.77
3617.76 106.98
3619.76 105.05
3621.76 104.65
3623.76 104.65
3625.76 104.65
3627.76 104.65
3629.76 104.65
3631.76 101.54
3633.76 101.54
3635.76 101.54
3637.76 96.18
3639.76 103.33
3641.76 105.92
3643.76 102.89
3645.76 102.89
3647.76 102.89
3649.76 102.89
3651.76 106.3
3653.76 106.3
3655.76 95.23
3657.76 105.79
3659.76 105.79
3661.76 103.0
3663.76 9.53
3665.76 89.08
3667.76 92.7
3669.76 107.57
3671.76 107.57
3673.76 86.98
3675.76 103.88
3677.76 103.84
3679.76 104.12
3681.76 104.12
3683.76 104.12
3685.76 104.12
3687.76 104.12
3689.76 104.12
3691.76 104.12
3693.76 96.24
3695.76 96.24
3697.76 96.24
3699.76 96.24
3701.78 96.24
3703.76 96.24
3705.76 96.24
3707.76 96.24
3709.76 96.24
3711.76 96.24
3713.76 99.59
3715.76 91.07
3717.76 91.07
3719.76 76.03
3721.76 76.03
3723.76 76.03
3725.76 76.03
3727.76 76.03
3729.76 76.03
3731.76 76.03
3733.76 76.03
3735.76 76.03
3737.76 76.03
3739.76 76.03
3741.76 76.03
3743.76 76.03
3745.76 76.03
3747.76 76.03
3749.76 101.16
3751.76 101.16
3753.76 101.15
3755.76 101.68
3757.76 101.68
3759.76 104.14
3761.76 105.49
3763.76 105.49
3765.76 105.49
3767.76 103.48
3769.76 103.48
3771.76 65.5
3773.76 65.5
3775.76 65.5
3777.76 104.2
3779.76 94.05
3781.76 94.05
3783.76 94.05
3785.76 94.05
3787.78 94.05
3789.76 94.05
3791.76 94.05
3793.76 94.83
3795.76 94.83
3797.76 101.48
3799.76 101.48
3801.76 101.48
3803.76 101.48
3805.76 101.48
3807.76 101.48
3809.76 101.48
3811.78 101.48
3813.76 103.09
3815.76 103.09
3818.01 103.68
3819.82 103.68
3822.01 103.68
3824.01 103.68
3826.01 111.75
3828.01 100.24
3830.01 100.24
3832.01 62.04
3834.01 36.13
3836.01 58.15
3838.01 58.15
3840.01 58.15
3842.01 54.68
3843.83 69.33
3846.01 72.48
3848.02 72.48
3850.01 79.85
3852.01 99.07
3854.01 97.95
3856.01 97.95
3858.01 99.92
3860.01 90.05
3862.01 93.54
3864.01 93.54
3866.01 93.54
3867.82 93.54
3870.01 93.54
3872.01 93.54
3874.01 104.44
3876.01 104.97
3878.01 104.97
3880.01 104.65
3882.01 101.62
3884.01 101.62
3886.01 101.62
3888.01 104.23
3890.01 105.02
3892.01 105.07
3894.01 108.44
3896.01 106.01
3898.01 106.01
3900.01 106.01
3902.01 7.13
3904.01 101.55
3906.01 101.55
3908.01 101.55
3910.01 101.55
3912.01 101.55
3914.01 101.55
3916.01 92.13
3918.01 105.98
3920.01 106.8
3922.01 106.8
3924.01 106.8
3926.01 105.26
3928.01 105.26
3930.01 91.96
3932.01 91.96
3934.01 91.96
3936.01 91.96
3938.01 91.96
3940.01 13.24
3942.01 76.16
3944.01 90.89
3946.01 90.89
3948.01 90.89
3950.01 90.89
3952.01 68.84
3954.01 80.41
3956.01 96.22
3958.01 96.22
3960.01 96.22
3962.01 84.77
3964.01 83.85
3966.01 83.85
3968.01 83.85
3970.01 83.85
3972.01 83.85
3974.01 83.85
3976.01 83.85
3978.01 83.85
3980.01 83.85
3982.01 83.85
3984.01 83.85
3986.01 98.45
3988.01 100.38
3990.01 88.75
3992.01 101.85
3994.01 101.85
3996.01 101.85
3998.01 101.85
4000.01 101.85
4002.01 101.85
4004.01 101.85
4006.01 93.24
4008.01 104.14
4010.01 101.09
4012.01 86.54
4014.01 86.54
4016.01 103.02
4018.01 102.77
4020.01 106.09
4022.01 81.01
4024.01 81.01
4026.01 102.63
4028.01 102.63
4030.01 7.06
4032.01 42.26
4034.01 105.29
4036.01 23.28
4038.01 106.02
4040.01 102.85
4042.01 97.89
4044.01 82.58
4046.01 82.58
4048.01 82.58
4050.01 82.58
4052.01 101.94
4054.01 101.94
4056.01 101.94
4058.01 101.94
4060.01 8.98
4062.01 64.28
4064.01 64.28
4066.26 64.28
4068.26 64.28
4070.26 67.73
4072.26 75.94
4074.08 74.47
4076.26 86.58
4078.26 101.49
4080.26 101.49
4082.26 101.49
4084.26 101.49
4086.26 101.49
4088.26 101.49
4090.26 101.49
4092.26 101.49
4094.26 101.49
4096.26 101.49
4098.08 101.49
4100.26 101.49
4102.26 101.49
4104.26 101.49
4106.26 101.49
4108.26 101.49
4110.26 101.49
4112.26 101.49
4114.26 101.49
4116.26 101.49
4118.26 101.49
4120.26 101.49
4122.08 101.49
4124.26 101.49
4126.26 108.35
4128.26 11.77
4130.26 0.14
4132.26 11.89
4134.26 11.89
4136.26 52.93
4138.26 103.91
4140.26 105.16
4142.26 105.16
4144.26 105.16
4146.26 105.16
4148.26 105.16
4150.26 105.16
4152.26 105.16
4154.26 105.16
4156.26 105.16
4158.26 105.16
4160.26 105.16
4162.26 105.16
4164.26 105.16
4166.26 105.16
4168.26 105.16
4170.26 105.16
4172.26 105.16
4174.26 105.16
4176.26 105.16
4178.26 105.16
4180.26 105.16
4182.26 9.78
4184.26 103.16
4186.26 104.54
4188.28 105.83
4190.26 101.36
4192.26 90.78
4194.26 90.78
4196.26 91.23
4198.26 104.67
4200.26 104.04
4202.26 102.84
4204.26 108.23
4206.26 108.23
4208.26 108.23
4210.26 105.16
4212.26 105.34
4214.26 105.34
4216.26 104.92
4218.26 104.92
4220.26 104.92
4222.26 104.92
4224.26 104.92
4226.26 104.92
4228.26 104.92
4230.26 104.92
4232.26 103.69
4234.26 88.39
4236.26 88.39
4238.26 16.91
4240.26 92.07
4242.26 103.59
4244.28 103.59
4246.26 103.59
4248.26 103.59
4250.26 104.55
4252.26 104.55
4254.26 104.55
4256.26 104.55
4258.26 0.19
4260.26 6.24
4262.26 86.25
4264.26 88.45
4266.26 92.66
4268.26 92.66
4270.26 92.66
4272.26 103.99
4274.26 105.69
4276.26 21.45
4278.26 52.85
4280.26 106.41
4282.26 101.35
4284.26 69.0
4286.26 98.02
4288.26 24.48
4290.26 88.7
4292.26 104.51
4294.26 104.68
4296.26 10.22
4298.26 99.47
4300.26 103.75
4302.26 84.12
4304.26 97.32
4306.26 2.05
4308.26 18.12
4310.26 107.32
4312.26 107.32
4314.26 107.32
4316.26 100.8
4318.51 100.8
4320.51 89.58
4322.51 79.94
4324.51 79.94
4326.51 79.94
4328.51 104.3
4330.51 103.38
4332.51 103.38
4334.53 103.38
4336.51 103.69
4338.51 111.41
4340.51 103.79
4342.51 83.6
4344.51 6.42
4346.51 105.04
4348.51 19.76
4350.51 94.26
4352.51 92.49
4354.51 92.49
4356.51 92.49
4358.52 92.49
4360.51 92.49
4362.51 92.49
4364.51 92.49
4366.51 92.49
4368.51 92.49
4370.51 92.49
4372.51 92.49
4374.51 92.49
4376.51 92.49
4378.51 106.4
4380.51 106.4
4382.51 106.4
4384.51 104.98
4386.51 104.98
4388.51 104.98
4390.51 104.98
4392.51 104.98
4394.51 104.98
4396.51 105.17
4398.51 87.82
4400.51 103.92
4402.51 104.13
4404.51 99.94
4406.51 104.63
4408.51 105.93
4410.51 105.01
4412.51 104.66
4414.51 103.46
4416.51 105.4
4418.51 104.76
4420.51 87.09
4422.51 94.28
4424.51 94.28
4426.51 104.09
4428.51 103.55
4430.51 104.2
4432.51 102.7
4434.51 104.64
4436.51 104.64
4438.51 104.64
4440.51 104.64
4442.51 104.64
4444.51 104.64
4446.51 87.53
4448.51 102.53
4450.51 102.53
4452.51 102.53
4454.51 10.05
4456.51 48.72
4458.51 102.27
4460.51 103.03
4462.51 103.03
4464.51 104.07
4466.51 60.34
4468.51 102.93
4470.51 102.93
4472.51 102.93
4474.51 90.08
4476.51 90.08
4478.51 90.08
4480.51 37.3
4482.52 46.97
4484.51 46.97
4486.51 46.97
4488.51 54.99
4490.51 54.99
4492.51 51.66
4494.51 51.66
4496.51 51.66
4498.51 54.34
4500.51 54.45
4502.51 54.45
4504.51 44.54
4506.51 63.62
4508.51 82.61
4510.51 72.22
4512.51 72.22
4514.51 101.84
4516.51 102.89
4518.51 101.03
4520.51 101.03
4522.51 101.03
4524.51 101.03
4526.51 101.03
4528.51 13.64
4530.54 35.41
4532.51 39.09
4534.51 82.06
4536.51 97.54
4538.51 97.54
4540.51 97.54
4542.51 97.54
4544.51 97.54
4546.51 97.54
4548.51 97.54
4550.51 97.54
4552.51 97.54
4554.51 97.54
4556.51 97.54
4558.51 97.54
4560.51 97.54
4562.51 97.54
4564.51 97.54
4566.51 97.54
4568.58 97.54
4570.76 97.54
4572.76 100.22
4574.76 97.91
4576.76 93.84
4578.76 93.84
4580.76 92.69
4582.76 92.69
4584.76 92.69
4586.76 92.69
4588.76 92.69
4590.76 92.69
4592.58 92.69
4594.76 92.69
4596.76 70.22
4598.76 72.4
4600.76 74.18
4602.76 74.18
4604.76 74.18
4606.76 74.18
4608.76 74.18
4610.76 68.06
4612.76 72.47
4614.76 90.01
4616.58 83.37
4618.76 90.0
4620.76 90.0
4622.76 90.0
4624.76 90.0
4626.76 90.0
4628.76 90.0
4630.76 90.0
4632.76 90.0
4634.76 90.0
4636.76 90.0
4638.76 90.0
4640.76 90.0
4642.76 90.0
4644.76 90.0
4646.76 90.0
4648.76 90.0
4650.76 90.0
4652.76 90.0
4654.76 78.53
4656.76 97.09
4658.76 97.09
4660.76 98.09
4662.76 96.2
4664.76 103.68
4666.76 95.68
4668.76 105.83
4670.76 103.65
4672.76 109.74
4674.76 99.21
4676.76 99.21
4678.76 99.21
4680.76 97.21
4682.76 106.23
4684.76 103.41
4686.76 103.31
4688.76 103.31
4690.76 87.07
4692.76 104.33
4694.76 104.33
4696.76 104.33
4698.76 104.33
4700.76 104.33
4702.76 104.33
4704.76 7.92
4706.76 25.12
4708.76 38.87
4710.76 38.87
4712.76 91.02
4714.76 91.02
4716.76 91.02
4718.76 91.02
4720.76 91.02
4722.76 91.02
4724.76 91.02
4726.76 91.02
4728.76 91.02
4730.76 91.02
4732.76 91.02
4734.76 91.02
4736.76 91.02
4738.76 91.02
4740.76 91.02
4742.76 85.48
4744.76 85.48
4746.76 93.61
4748.76 93.61
4750.76 104.19
4752.76 104.19
4754.76 104.19
4756.76 104.19
4758.76 104.84
4760.76 104.84
4762.76 101.1
4764.76 104.01
4766.76 103.03
4768.76 92.62
4770.76 92.62
4772.76 92.62
4774.76 92.62
4776.76 92.62
4778.76 92.62
4780.76 92.62
4782.76 92.62
4784.76 92.62
4786.76 92.62
4788.76 92.62
4790.76 92.62
4792.76 92.62
4794.76 92.62
4796.76 92.62
4798.76 105.65
4800.76 69.11
4802.76 81.4
4804.76 95.37
4806.76 106.53
4808.76 83.17
4810.78 101.55
4812.76 101.55
4814.76 105.04
4816.76 105.04
4819.01 105.04
4821.04 102.03
4823.02 102.03
4825.01 102.03
4827.01 102.03
4829.01 102.03
4831.01 102.03
4833.01 102.03
4835.01 98.64
4837.01 41.82
4839.01 89.5
4841.01 89.5
4843.01 104.8
4845.01 105.51
4847.02 105.51
4849.01 90.71
4851.01 100.3
4853.01 100.3
4855.01 104.32
4857.01 104.32
4859.01 104.32
4861.01 104.32
4863.01 104.32
4865.01 104.32
4867.01 104.32
4869.01 104.32
4871.02 104.32
4873.01 102.24
4875.01 99.42
4877.01 101.4
4879.01 78.15
4881.01 78.15
4883.01 78.15
4885.01 78.15
4887.01 78.15
4889.01 70.97
4891.01 102.68
4893.01 86.83
4895.01 97.53
4897.01 97.53
4899.01 97.53
4901.01 99.51
4903.01 102.2
4905.01 108.04
4907.01 91.28
4909.01 91.28
4911.01 91.28
4913.01 105.51
4915.01 105.51
4917.01 103.2
4919.01 104.65
4921.01 104.65
4923.01 104.65
4925.01 88.52
4927.01 104.7
4929.01 106.08
4931.01 104.79
4933.05 105.8
4935.01 105.8
4937.01 105.8
4939.02 105.8
4941.01 105.8
4943.01 106.85
4945.01 95.27
4947.01 95.27
4949.01 95.27
4951.01 95.27
4953.01 95.27
4955.01 95.27
4957.02 104.87
4959.01 90.34
4961.01 101.14
4963.01 93.2
4965.01 106.11
4967.01 106.11
4969.01 106.11
4971.01 106.11
4973.01 105.14
4975.01 104.54
4977.01 104.54
4979.01 104.54
4981.01 104.54
4983.01 105.3
4985.01 105.24
4987.01 105.24
4989.01 79.92
4991.01 103.45
4993.01 90.96
4995.01 90.96
4997.01 90.96
4999.01 90.96
5001.01 90.96
5003.01 104.76
5005.01 104.76
5007.01 104.76
5009.01 103.02
5011.01 103.26
5013.01 104.18
5015.01 104.18
5017.01 104.18
5019.01 104.18
5021.01 104.18
5023.01 104.18
5025.01 107.02
5027.01 102.79
5029.01 102.79
5031.01 102.79
5033.01 102.79
5035.01 50.62
5037.01 106.3
5039.01 106.3
5041.01 106.3
5043.01 106.3
5045.01 106.3
5047.01 106.3
5049.01 106.3
5051.01 106.3
5053.01 79.67
5055.01 104.88
5057.01 74.65
5059.01 74.65
5061.01 74.65
5063.01 74.65
5065.01 74.65
5067.02 74.65
5069.26 74.65
5071.26 74.65
5073.26 74.65
5075.26 74.65
5077.28 74.65
5079.26 74.65
5081.26 74.65
5083.26 74.65
5085.26 74.65
5087.08 74.65
5089.26 74.65
5091.26 74.65
5093.26 74.65
5095.26 74.65
5097.26 104.09
5099.26 104.65
5101.26 104.65
5103.26 104.65
5105.26 104.64
5107.26 60.12
5109.26 104.39
5111.08 104.39
5113.26 104.39
5115.26 104.39
5117.26 104.39
5119.26 104.39
5121.26 104.39
5123.27 104.39
5125.26 104.39
5127.26 104.39
5129.26 104.39
5131.26 104.39
5133.26 104.39
5135.26 104.39
5137.26 104.39
5139.26 104.39
5141.26 104.39
5143.26 104.39
5145.26 104.39
5147.26 104.39
5149.26 104.39
5151.26 104.39
5153.26 104.39
5155.26 104.39
5157.26 104.39
5159.26 104.39
5161.26 104.39
5163.26 104.94
5165.26 104.94
5167.27 104.94
5169.26 94.34
5171.26 94.34
5173.36 94.34
5175.26 17.49
5177.26 8.99
5179.26 21.92
5181.26 21.09
5183.26 29.91
5185.26 44.19
5187.26 44.63
5189.26 48.84
5191.26 57.37
5193.26 57.37
5195.26 57.37
5197.26 57.37
5199.26 57.37
5201.26 57.37
5203.26 59.82
5205.26 59.82
5207.26 59.82
5209.26 59.82
5211.26 59.77
5213.26 59.77
5215.26 59.77
5217.26 59.77
