0.0 8.3
0.92 146.03
2.94 187.94
4.96 26.65
6.97 130.21
8.97 145.67
10.98 156.1
12.99 147.94
14.99 28.96
17.01 165.72
19.01 20.65
21.03 173.89
23.03 149.35
25.03 20.22
27.04 171.0
29.05 24.89
31.06 143.81
33.06 22.76
35.07 158.69
37.08 156.59
39.09 22.46
41.1 155.7
43.11 19.29
45.12 141.13
47.13 147.8
49.14 180.33
51.15 162.03
53.15 27.12
55.16 165.94
56.95 23.9
59.19 176.81
61.19 124.21
63.19 16.75
64.95 131.2
66.96 19.26
68.97 150.59
70.98 119.24
72.99 16.91
75.0 123.17
77.0 16.47
79.01 144.19
81.02 33.49
83.03 145.69
85.04 158.44
87.05 32.31
89.05 160.04
91.07 25.35
93.08 132.14
95.09 124.44
97.1 22.88
99.11 137.21
101.12 32.4
103.13 109.57
105.13 22.08
107.15 126.46
109.15 131.15
111.16 19.22
113.17 127.11
115.17 25.74
117.18 164.07
119.2 114.98
121.2 148.68
123.22 141.22
125.22 19.3
126.99 164.91
129.02 38.85
131.26 128.61
133.01 128.9
135.01 24.78
137.03 148.69
139.04 0.84
141.06 141.57
143.07 175.79
145.09 37.17
147.09 163.71
149.1 23.01
151.11 164.35
153.12 27.34
155.14 193.57
157.15 174.98
159.15 22.56
161.17 165.91
163.18 21.5
165.19 129.47
167.19 142.37
169.19 35.16
171.2 111.75
173.21 24.06
175.22 128.57
177.25 26.72
179.27 127.38
181.29 142.93
183.3 17.82
185.31 133.0
187.09 31.1
189.1 54.16
191.11 143.49
193.12 137.83
195.12 152.44
197.13 23.7
199.14 172.67
201.15 26.2
203.17 184.81
205.19 104.56
207.2 20.36
209.2 168.08
211.22 19.42
213.22 167.18
215.24 123.24
217.24 156.47
219.25 124.64
221.27 19.61
223.28 121.4
225.29 20.88
227.29 140.09
229.3 153.25
231.31 19.79
233.32 144.62
235.33 10.0
237.33 145.81
239.35 26.36
241.1 79.31
243.11 104.08
245.12 96.14
247.13 111.65
249.14 20.47
251.15 85.58
253.16 141.65
255.16 27.78
257.17 116.1
259.17 28.61
261.19 138.46
263.2 158.43
265.2 160.65
267.22 151.54
269.28 14.05
271.25 75.63
273.25 27.42
275.26 142.66
277.28 147.23
279.29 17.5
281.29 103.15
283.3 20.98
285.31 143.33
287.32 141.46
289.33 131.05
291.33 133.42
293.34 30.25
295.35 143.08
297.35 22.77
299.35 158.06
301.37 130.26
303.38 21.71
305.38 135.5
307.39 24.8
309.4 84.9
311.4 104.96
313.4 123.34
315.41 145.05
317.42 30.21
319.43 152.48
321.43 23.8
323.45 108.75
325.21 107.58
327.23 33.75
329.23 95.49
331.24 115.82
333.25 116.3
335.26 133.15
337.27 130.74
339.29 109.78
341.3 133.77
343.31 106.34
345.32 22.43
347.33 127.22
349.34 134.41
351.34 24.58
353.35 145.02
355.36 31.81
357.38 149.76
359.4 123.95
361.41 101.19
363.42 142.98
365.43 29.25
367.44 108.96
369.44 31.49
371.45 96.19
373.47 141.77
375.49 19.8
377.51 129.49
379.27 22.17
381.29 121.81
383.31 126.14
385.32 116.85
387.33 118.94
389.34 24.2
391.35 144.8
393.37 27.69
395.37 113.67
397.38 153.35
399.39 32.12
401.4 161.62
403.41 14.49
405.42 131.89
407.43 27.25
409.43 134.44
411.44 166.34
413.45 22.63
415.46 143.32
417.46 20.19
419.47 166.11
421.48 137.48
423.49 30.85
425.51 162.31
427.53 21.42
429.54 140.58
431.32 26.78
433.56 147.96
435.32 139.21
437.34 23.71
439.35 149.77
441.36 30.46
443.39 156.26
445.4 153.18
447.41 20.62
449.42 123.12
451.43 8.91
453.45 149.0
455.45 28.47
457.46 134.76
459.46 156.73
461.47 24.84
463.48 132.55
465.49 31.56
467.49 145.21
469.51 188.21
471.52 19.49
473.53 147.5
475.54 29.8
477.55 144.12
479.55 11.39
481.56 124.76
483.58 166.92
485.59 23.21
487.6 116.57
489.6 20.04
491.6 143.11
493.62 160.19
495.37 136.2
497.63 128.21
499.39 22.05
501.65 152.83
503.41 26.29
505.42 156.35
507.43 100.24
509.44 30.94
511.45 139.87
513.46 29.96
515.47 143.62
517.48 123.14
519.5 27.86
521.51 165.77
523.52 29.99
525.53 162.9
527.54 22.14
529.55 151.88
531.56 140.88
533.57 27.22
535.58 138.14
537.59 25.69
539.6 150.69
541.61 150.18
543.61 15.39
545.62 160.44
547.62 22.42
549.63 171.33
551.42 22.44
553.65 153.92
555.66 163.21
557.67 38.86
559.67 163.09
561.43 21.0
563.44 132.42
565.45 131.57
567.46 21.61
569.48 122.09
571.5 24.5
573.51 104.83
575.52 26.91
577.54 120.22
579.55 136.65
581.56 31.44
583.58 120.29
585.58 32.71
587.59 161.23
589.6 114.84
591.6 23.05
593.61 168.75
595.62 24.85
597.63 130.38
599.64 23.93
601.64 140.48
603.65 174.61
605.66 15.31
607.68 144.55
609.69 31.35
611.7 136.6
613.71 173.45
615.72 149.64
617.73 144.25
619.75 36.04
621.75 172.73
623.51 32.8
625.52 126.46
627.52 162.76
629.54 25.36
631.56 159.02
633.56 25.83
635.58 185.73
637.59 177.08
639.6 21.7
641.62 171.91
643.62 8.75
645.62 181.05
647.64 18.7
649.66 183.0
651.66 179.09
653.68 23.44
655.7 173.71
657.72 10.82
659.72 139.14
661.72 174.54
663.73 151.67
665.74 188.61
667.76 36.76
669.76 155.61
671.76 19.68
673.77 165.49
675.78 151.05
677.79 30.3
679.81 123.19
681.83 27.88
683.59 86.07
685.61 126.62
687.61 95.28
689.62 95.28
691.63 86.44
693.64 107.53
695.65 107.53
697.65 107.53
699.68 111.32
701.68 111.32
703.7 85.67
705.73 105.89
707.74 105.89
709.74 105.89
711.76 99.39
713.77 100.88
715.77 98.96
717.78 93.38
719.8 81.89
721.81 84.69
723.82 82.64
725.83 83.96
727.83 90.41
729.59 88.73
731.85 89.32
733.61 77.19
735.89 109.55
737.65 91.46
739.66 105.01
741.68 82.66
743.7 109.58
745.73 143.59
747.74 128.04
749.75 26.25
751.76 138.84
753.76 28.35
755.78 128.18
757.78 118.11
759.8 139.44
761.82 132.26
763.82 20.91
765.83 130.89
767.84 18.04
769.84 121.2
771.84 123.78
773.85 17.77
775.86 154.38
777.87 23.93
779.88 124.74
781.67 25.99
783.66 157.37
785.92 114.12
787.68 18.88
789.69 111.99
791.71 14.97
793.72 133.14
795.73 147.32
797.75 23.26
799.76 105.76
802.03 25.38
803.79 125.53
805.81 124.22
807.82 142.61
809.83 113.13
811.84 26.16
813.85 160.21
815.86 30.26
817.87 148.87
819.87 93.41
821.88 26.42
823.89 148.68
825.9 27.72
827.91 140.54
829.93 19.62
831.94 156.15
833.95 144.57
835.97 25.08
837.73 146.2
839.74 18.57
841.75 138.54
843.75 141.68
845.76 0.9
847.77 140.97
849.78 22.88
851.79 166.41
853.8 147.68
855.82 154.08
857.82 155.02
859.83 26.61
861.83 139.21
863.84 20.31
865.85 140.48
867.86 185.21
869.86 4.93
871.87 187.4
873.88 30.29
875.89 180.35
877.9 21.88
879.91 179.37
881.93 158.84
883.94 22.34
885.96 169.05
887.97 22.63
889.99 160.49
892.0 180.61
893.77 162.38
895.77 176.4
897.78 23.4
899.79 156.33
901.8 148.5
903.81 157.81
905.82 150.88
907.83 21.1
909.83 166.05
911.84 28.63
913.85 183.75
915.86 182.65
917.88 20.86
919.88 121.47
921.88 13.75
923.9 157.55
925.9 12.94
927.9 131.11
929.91 133.05
931.92 24.61
933.93 149.68
935.93 22.24
937.94 178.06
939.95 173.44
941.97 16.21
943.97 156.98
945.99 18.66
948.0 162.92
950.0 25.44
952.01 157.97
954.01 146.17
956.03 21.11
958.03 130.93
960.04 17.35
962.05 177.99
964.06 119.69
966.07 151.29
968.08 167.91
970.1 1.45
972.09 169.99
974.1 24.49
975.86 132.55
977.86 162.04
979.89 27.85
981.9 162.92
983.9 28.06
985.92 155.11
987.93 106.96
989.95 35.08
991.95 153.47
993.97 19.61
995.98 146.81
998.01 29.74
1000.01 118.92
1002.03 131.98
1004.04 16.26
1006.05 117.56
1008.07 23.18
1010.08 159.5
1012.09 196.73
1014.1 155.58
1015.87 179.24
1018.14 23.44
1019.89 171.54
1021.89 29.22
1024.16 125.76
1025.91 142.32
1027.93 36.46
1029.93 148.46
1031.94 24.96
1033.95 158.55
1035.95 113.91
1037.96 27.05
1039.98 114.74
1041.99 21.62
1044.0 125.15
1046.01 26.24
1048.02 168.2
1050.03 160.47
1052.04 20.33
1054.05 152.34
1056.06 24.8
1058.08 172.25
1060.09 183.62
1062.1 143.33
1064.11 175.98
1066.12 40.27
1068.13 190.3
1070.14 22.47
1072.16 140.12
1074.16 168.5
1076.17 0.93
1078.19 179.84
1080.2 24.99
1082.21 169.28
1083.97 157.62
1085.98 159.82
1087.99 176.34
1090.0 29.66
1092.01 154.34
1094.01 38.89
1096.03 151.48
1098.05 139.54
1100.07 21.78
1102.08 148.5
1104.08 14.83
1106.09 116.21
1108.1 163.89
1110.12 171.92
1112.13 153.44
1114.14 22.47
1116.15 150.15
1118.16 168.93
1120.17 171.36
1122.18 143.44
1124.2 38.91
1126.2 181.05
1128.2 28.05
1130.21 148.71
1131.99 27.95
1134.23 176.2
1136.23 185.7
1138.24 27.19
1140.0 141.49
1142.01 22.0
1144.26 168.07
1146.03 155.48
1148.04 19.23
1150.06 177.2
1152.06 20.93
1154.07 166.94
1156.08 140.59
1158.09 153.87
1160.1 149.51
1162.11 10.49
1164.12 176.75
1166.14 17.4
1168.15 141.02
1170.16 166.3
1172.18 21.74
1174.21 162.76
1176.22 24.41
1178.24 160.77
1180.25 20.11
1182.27 138.61
1184.29 129.91
1186.04 24.56
1188.3 161.42
1190.3 29.2
1192.06 164.97
1194.07 138.36
1196.09 25.42
1198.09 132.15
1200.1 24.68
1202.11 134.43
1204.13 156.61
1206.14 148.73
1208.14 160.98
1210.15 12.93
1212.17 103.8
1214.17 32.14
1216.17 143.83
1218.18 138.35
1220.19 26.13
1222.2 129.41
1224.2 30.74
1226.21 171.8
1228.22 25.11
1230.24 154.03
1232.24 135.54
1234.26 20.22
1236.26 166.95
1238.27 21.46
1240.29 143.84
1242.3 180.1
1244.3 5.61
1246.3 185.29
1248.32 18.27
1250.33 182.53
1252.11 17.23
1254.34 154.27
1256.36 143.22
1258.12 21.38
1260.38 140.03
1262.39 23.04
1264.16 149.91
1266.17 106.33
1268.18 30.64
1270.19 124.95
1272.2 18.95
1274.22 143.93
1276.23 24.62
1278.23 153.03
1280.25 153.95
1282.27 23.18
1284.27 119.28
1286.29 25.23
1288.3 159.48
1290.31 121.69
1292.31 164.61
1294.32 187.91
1296.34 22.29
1298.35 174.3
1300.36 22.27
1302.38 138.23
1304.39 187.47
1306.4 18.43
1308.42 165.74
1310.42 29.1
1312.45 166.06
1314.21 200.06
1316.22 28.72
1318.23 157.61
1320.26 21.15
1322.27 164.56
1324.28 30.21
1326.29 172.85
1328.3 152.38
1330.31 28.08
1332.32 141.91
1334.32 35.79
1336.33 155.7
1338.34 157.73
1340.35 136.22
1342.36 132.82
1344.37 16.5
1346.39 161.13
1348.4 18.97
1350.4 132.71
1352.41 160.94
1354.42 18.55
1356.43 99.98
1358.45 22.57
1360.45 101.68
1362.46 151.31
1364.46 157.33
1366.47 138.8
1368.48 20.68
1370.49 134.72
1372.24 20.96
1374.26 136.34
1376.28 145.56
1378.3 30.98
1380.3 140.38
1382.32 25.93
1384.32 116.77
1386.33 135.01
1388.34 145.18
1390.36 166.5
1392.38 19.27
1394.38 160.75
1396.39 25.47
1398.4 149.39
1400.41 132.6
1402.42 24.61
1404.42 137.22
1406.43 23.48
1408.44 182.03
1410.45 156.79
1412.46 151.78
1414.47 164.34
1416.48 23.06
1418.49 134.46
1420.5 21.79
1422.51 139.42
1424.51 143.1
1426.52 18.13
1428.53 145.61
1430.54 28.51
1432.54 164.68
1434.3 160.36
1436.56 160.91
1438.31 173.41
1440.32 30.75
1442.33 148.48
1444.33 27.37
1446.34 162.89
1448.35 134.33
1450.36 11.91
1452.37 133.95
1454.38 23.64
1456.38 130.02
1458.39 118.95
1460.4 108.58
1462.41 133.24
1464.42 27.07
1466.43 139.07
1468.45 30.26
1470.47 124.78
1472.48 135.81
1474.5 26.43
1476.52 140.04
1478.52 21.41
1480.52 177.95
1482.52 168.9
1484.53 153.96
1486.54 129.34
1488.54 28.62
1490.55 164.1
1492.57 25.04
1494.57 196.64
1496.58 129.52
1498.59 28.13
1500.59 167.03
1502.59 10.23
1504.61 171.72
1506.39 6.1
1508.63 139.3
1510.64 171.53
1512.4 26.86
1514.43 175.01
1516.44 16.91
1518.45 163.77
1520.46 160.16
1522.47 29.29
1524.47 135.86
1526.48 26.18
1528.5 161.53
1530.5 114.14
1532.5 147.22
1534.51 174.23
1536.52 23.89
1538.53 141.96
1540.54 23.93
1542.55 162.23
1544.56 141.21
1546.57 27.46
1548.57 150.62
1550.59 11.98
1552.61 139.25
1554.62 13.22
1556.63 143.76
1558.65 134.6
1560.66 25.1
1562.67 140.71
1564.68 29.6
1566.68 157.32
1568.44 110.67
1570.46 24.06
1572.47 122.64
1574.48 28.95
1576.49 126.06
1578.5 156.04
1580.51 137.42
1582.53 134.71
1584.56 19.52
1586.58 145.23
1588.6 20.4
1590.61 166.3
1592.63 153.67
1594.65 24.88
1596.66 128.5
1598.68 27.47
1600.7 136.64
1602.47 144.99
1604.49 154.38
1606.52 98.37
1608.54 39.36
1610.56 112.59
1612.58 18.51
1614.61 113.31
1616.62 143.51
1618.64 137.48
1620.66 144.85
1622.68 21.21
1624.7 136.25
1626.72 20.49
1628.75 130.9
1630.51 111.35
1632.54 24.23
1634.55 114.71
1636.57 14.66
1638.6 123.87
1640.62 121.3
1642.63 139.78
1644.65 122.17
1646.67 115.84
1648.69 133.1
1650.71 133.1
1652.73 112.74
1654.75 122.82
1656.77 22.88
1658.54 117.89
1660.56 30.89
1662.57 139.49
1664.6 129.79
1666.61 15.73
1668.64 121.79
1670.65 25.37
1672.66 149.41
1674.68 14.67
1676.7 131.55
1678.72 122.29
1680.74 14.44
1682.77 112.61
1684.79 20.8
1686.82 125.42
1688.58 159.22
1690.6 26.67
1692.62 123.24
1694.65 23.3
1696.66 149.94
1698.67 15.98
1700.69 131.25
1702.69 126.57
1704.7 5.66
1706.7 114.23
1708.72 27.19
1710.73 119.73
1712.74 125.2
1714.75 158.01
1716.77 151.31
1718.77 33.89
1720.8 149.78
1722.81 17.1
1724.58 158.71
1726.85 157.34
1728.85 20.13
1730.87 119.13
1732.62 21.53
1734.64 172.74
1736.64 132.48
1738.66 27.56
1740.66 1.42
1742.68 26.82
1744.7 145.34
1746.71 19.93
1748.72 111.36
1750.73 141.41
1752.74 38.35
1754.76 147.71
1756.77 19.9
1758.78 147.3
1760.8 120.7
1762.81 142.58
1764.82 101.39
1766.82 21.24
1768.83 126.19
1770.84 31.65
1772.86 148.86
1774.88 139.53
1776.9 22.05
1778.9 143.77
1780.92 26.71
1782.68 151.89
1784.69 109.75
1786.7 0.84
1788.71 127.79
1790.72 21.79
1792.75 111.56
1794.76 26.04
1796.77 151.16
1798.77 177.74
1800.79 14.97
1802.8 138.64
1804.81 27.39
1806.81 171.6
1808.82 120.49
1810.83 25.04
1812.83 157.69
1814.85 21.82
1816.86 156.3
1818.87 21.67
1820.88 127.68
1822.89 121.98
1824.9 30.34
1826.91 141.56
1828.93 24.15
1830.94 103.77
1832.69 131.5
1834.96 24.32
1836.97 138.82
1838.73 25.87
1840.73 103.77
1842.74 25.59
1844.74 133.31
1846.75 142.26
1848.75 25.94
1850.75 124.09
1852.77 25.52
1854.77 146.76
1856.79 133.83
1858.8 141.73
1860.81 122.95
1862.82 18.89
1864.82 127.23
1866.83 15.7
1868.84 105.18
1870.86 152.63
1872.86 11.13
1874.87 161.27
1876.88 21.85
1878.9 135.64
1880.9 145.84
1882.91 28.69
1884.92 158.11
1886.92 29.58
1888.93 132.11
1890.94 16.58
1892.94 132.69
1894.97 126.45
1896.97 16.76
1898.98 127.31
1900.99 27.18
1903.0 133.82
1905.02 156.85
1906.78 118.21
1908.78 127.17
1910.79 37.85
1912.8 114.17
1914.81 26.45
1916.83 132.1
1918.84 156.74
1920.84 17.17
1922.86 170.53
1924.86 17.42
1926.88 154.14
1928.88 167.58
1930.9 145.92
1932.91 92.38
1934.92 21.03
1936.93 104.66
1938.94 19.94
1940.95 140.26
1942.97 148.93
1944.97 20.71
1946.98 148.08
1948.99 36.2
1951.0 163.03
1953.02 109.94
1955.03 170.67
1957.05 197.05
1959.05 18.52
1961.07 165.06
1963.08 32.15
1964.84 166.66
1966.85 131.29
1968.86 28.46
1970.87 172.49
1972.89 28.91
1974.89 184.1
1976.9 143.84
1978.92 160.18
1980.93 152.39
1982.94 20.61
1984.95 171.93
1986.96 28.12
1988.96 173.64
1990.97 170.03
1992.98 19.88
1994.98 139.85
1997.01 28.15
1999.02 135.76
2001.02 21.54
2003.03 166.65
2005.05 130.87
2007.06 0.89
2009.07 146.68
2011.08 14.93
2013.1 136.33
2015.11 137.52
2017.12 1.61
2019.12 175.95
2021.13 30.42
2023.14 171.4
2024.9 168.83
2026.91 146.02
2028.91 167.42
2030.92 15.73
2032.93 209.12
2034.95 16.14
2036.96 143.31
2038.96 172.51
2040.97 20.97
2042.99 137.72
2045.0 32.03
2047.03 119.3
2049.04 24.89
2051.06 149.28
2053.07 115.79
2055.08 17.87
2057.09 170.46
2059.1 18.59
2061.1 140.47
2063.11 148.9
2065.12 25.38
2067.13 143.93
2069.14 26.7
2071.15 139.2
2072.95 26.63
2075.18 165.58
2077.2 160.45
2079.2 30.83
2081.22 156.61
2082.97 6.03
2084.97 105.79
2086.99 153.55
2088.99 18.8
2091.0 106.5
2093.01 11.96
2095.02 134.19
2097.03 29.22
2099.04 127.3
2101.05 128.36
2103.06 24.39
2105.07 132.67
2107.08 22.17
2109.09 166.31
2111.1 156.97
2113.12 143.24
2115.13 119.55
2117.15 31.22
2119.17 162.17
2121.18 28.58
2123.19 132.06
2125.2 142.56
2127.21 21.72
2129.22 157.44
2131.23 23.25
2133.25 86.44
2135.0 113.0
2137.01 21.83
2139.02 124.2
2141.03 118.07
2143.03 131.99
2145.04 33.28
