0.0 4.77
1.0 1.02
1.76 1.13
3.11 1.18
4.54 0.54
6.68 0.71
8.4 0.45
9.6 2.82
10.64 0.47
12.92 1.07
14.97 1.01
16.47 0.65
18.82 1.13
21.1 0.73
23.56 1.53
26.2 4.17
28.23 0.4
30.96 0.28
34.61 0.12
39.45 1.73
41.46 0.48
44.03 0.57
44.87 1.36
45.59 1.8
47.1 1.97
48.28 1.47
49.17 1.83
50.01 1.95
51.32 2.32
52.74 3.77
54.03 1.62
55.0 4.75
56.51 0.56
58.08 0.95
60.7 3.33
62.14 3.42
64.28 4.52
66.24 0.07
69.2 4.22
72.76 4.63
74.83 6.39
76.81 0.63
80.15 3.31
82.68 2.39
84.69 4.11
85.45 5.89
86.36 1.09
87.46 0.42
89.11 1.24
91.42 1.16
92.13 4.81
94.13 0.4
96.14 0.75
98.14 0.22
100.14 0.29
102.14 0.83
104.41 0.64
106.17 2.07
108.24 2.45
111.31 0.46
113.23 2.47
115.6 0.71
117.82 0.67
119.44 1.54
121.56 0.75
123.16 1.93
124.91 0.53
126.81 2.7
129.04 3.67
130.83 0.12
132.79 1.2
134.47 5.23
136.48 5.04
138.05 0.38
140.49 0.46
142.48 0.35
144.48 0.13
146.48 3.63
148.49 0.18
150.49 0.13
152.16 0.82
154.49 6.39
156.49 8.94
158.49 8.15
160.51 0.45
162.43 1.01
165.25 4.33
168.25 3.98
171.22 0.7
173.98 1.36
175.19 3.01
176.95 3.71
177.46 4.31
178.53 4.21
180.54 3.73
182.54 4.08
184.54 2.13
186.54 3.95
188.54 5.03
190.88 0.81
192.46 1.5
194.35 2.75
196.19 1.01
198.55 5.2
200.36 0.62
203.02 0.13
205.6 3.48
207.8 3.76
210.19 1.95
212.9 1.65
215.5 3.82
218.08 5.28
220.53 1.93
223.16 4.54
226.1 4.02
228.35 5.27
231.03 1.01
