0.0 103.36
2.12 56.27
4.12 443.85
6.06 55.81
7.88 957.89
9.88 217.44
11.89 56.18
14.14 94.33
15.89 50.41
17.9 89.79
19.9 143.11
21.92 47.29
23.91 1185.79
25.92 51.42
27.92 1112.99
29.92 1144.67
31.93 1170.33
33.93 877.61
35.94 56.35
37.94 257.73
39.99 55.04
42.03 344.87
43.95 344.87
45.95 31.2
47.96 32.16
49.96 55.83
51.97 394.94
53.97 54.88
55.98 341.73
57.98 398.5
60.0 55.63
61.99 352.59
64.0 52.62
66.0 354.34
68.01 231.28
70.01 19.47
72.01 67.48
74.01 39.74
76.02 331.64
78.02 55.17
80.03 340.39
82.03 419.32
84.04 55.6
86.04 508.85
88.04 46.26
90.05 671.82
92.05 153.54
94.06 45.33
96.06 186.23
98.06 55.51
100.07 195.34
102.07 53.89
104.07 101.82
106.09 501.08
108.1 24.69
110.1 482.09
112.1 53.64
114.11 122.54
116.12 221.04
118.13 29.3
120.13 52.7
122.14 54.39
124.14 428.58
126.0 55.61
128.14 456.4
130.15 464.06
132.15 55.85
134.16 564.72
136.16 53.84
138.17 95.14
140.18 923.34
142.18 12.07
144.19 23.65
146.19 54.11
148.2 1083.16
150.2 55.84
152.2 1322.7
154.21 1186.14
156.21 52.39
158.22 783.52
160.22 35.69
162.23 489.66
164.23 1163.92
166.24 4.57
168.24 1466.81
170.25 53.51
172.25 309.11
174.26 51.14
176.26 1947.56
178.26 1667.23
180.27 50.43
182.28 1353.64
184.28 9.06
186.29 2060.66
188.29 2086.67
190.3 1560.24
192.3 2106.73
194.06 54.4
196.06 1126.33
198.32 46.26
200.07 1753.63
202.08 27.49
204.09 51.33
206.09 1771.35
208.09 55.95
210.1 1789.7
212.1 1848.01
214.11 1600.68
216.11 1649.52
218.11 38.58
220.11 1419.68
222.11 1909.76
224.12 416.54
226.13 352.65
228.14 55.28
230.15 1862.37
232.15 51.33
234.15 1840.6
236.16 1730.68
238.16 1597.43
240.17 944.19
242.18 52.07
244.18 1091.06
246.18 56.19
248.19 1351.45
250.19 1471.02
252.2 54.12
254.21 1173.87
256.21 55.69
258.21 1414.02
260.22 1587.42
262.22 1343.67
264.23 1312.42
266.23 54.68
268.24 1313.41
270.24 55.35
272.25 1247.38
274.25 1441.97
276.26 49.76
278.26 1751.85
280.27 9.84
282.27 1345.46
284.27 949.42
286.28 1443.58
288.29 1863.37
290.3 52.28
292.3 1863.81
294.31 51.21
296.31 1851.86
298.32 1859.53
300.32 18.39
302.33 2015.97
304.33 55.58
306.33 2102.14
308.26 54.41
310.35 373.9
312.35 2015.78
314.36 30.92
316.36 291.98
318.37 55.72
320.37 1790.57
322.38 1726.7
324.39 53.49
326.4 147.53
328.4 46.46
330.42 797.16
332.34 54.74
334.42 709.71
336.42 732.23
338.42 55.96
340.42 753.95
342.43 49.68
344.44 757.33
346.44 549.93
348.44 11.31
350.45 136.38
352.45 52.7
354.47 748.2
356.39 55.46
358.46 666.12
360.46 719.37
362.48 55.63
364.23 732.83
366.48 55.32
368.23 670.82
370.49 707.46
372.24 12.76
374.24 215.43
376.25 53.87
378.26 781.52
380.26 165.32
382.27 1009.57
384.27 1101.38
386.28 54.33
388.28 1303.06
390.29 54.52
392.29 1392.01
394.31 1457.11
396.3 52.02
398.3 1460.11
400.3 55.84
402.3 1119.69
404.31 1268.56
406.32 267.11
408.32 1194.58
410.33 11.62
412.33 1545.57
414.33 10.19
416.34 1313.68
418.35 1336.62
420.35 55.81
422.36 187.39
424.36 48.41
426.37 1292.02
428.31 52.92
430.38 1092.71
432.38 987.26
434.39 44.36
436.41 1308.94
438.4 50.34
440.41 1396.41
442.41 1410.0
444.42 20.17
446.44 307.0
448.43 56.31
450.43 1646.28
452.36 55.97
454.43 1719.91
456.44 1529.98
458.45 54.97
460.45 1710.08
462.46 43.27
464.46 276.75
466.46 294.2
468.46 49.6
470.47 55.62
472.48 54.81
474.47 290.69
476.49 55.31
478.49 390.84
480.49 405.81
482.49 55.58
484.5 546.64
486.5 56.18
488.51 915.13
490.51 964.06
492.52 8.46
494.53 1235.25
496.53 48.06
498.54 1229.16
500.47 43.32
502.54 1079.61
504.54 1050.09
506.54 55.49
508.55 1017.87
510.55 54.61
512.55 587.9
514.56 965.7
516.56 43.24
518.56 1212.08
520.57 55.64
522.57 1183.87
524.57 55.66
526.58 636.7
528.58 827.61
530.6 55.76
532.59 651.08
534.6 54.41
536.6 724.72
538.61 493.91
540.61 54.74
542.61 113.93
544.62 55.0
546.62 219.76
548.62 55.63
550.63 353.08
552.64 424.02
554.64 55.4
556.65 441.74
558.66 55.12
560.66 372.04
562.41 336.23
564.67 55.86
566.67 71.95
568.43 51.31
570.68 213.47
572.68 55.89
574.43 254.78
576.69 233.9
578.7 54.06
580.7 28.94
582.46 46.15
584.46 34.93
586.47 269.61
588.47 330.54
590.48 297.69
592.48 55.52
594.5 82.85
596.5 54.91
598.51 351.14
600.52 301.55
602.52 56.11
604.53 297.84
606.53 56.16
608.53 423.41
610.53 387.99
612.54 387.58
614.54 393.47
616.55 54.95
618.55 418.48
620.55 54.59
622.56 452.97
624.57 435.74
626.57 53.53
628.57 213.58
630.57 55.97
632.58 295.85
634.58 271.58
636.58 324.49
638.59 319.3
640.59 52.9
642.6 432.99
644.6 55.64
646.61 328.32
648.61 506.02
650.62 53.64
652.62 386.85
654.62 55.54
656.63 705.33
658.64 779.28
660.63 890.52
662.64 988.92
664.64 51.01
666.64 1366.26
668.64 55.73
670.65 1059.11
672.65 1491.97
674.65 50.98
676.66 1361.82
678.66 9.51
680.67 1716.15
682.67 1808.0
684.68 1801.26
686.69 16.79
688.69 41.41
690.69 1869.2
692.7 54.19
694.7 1958.58
696.7 2030.7
698.71 24.45
700.72 350.85
702.72 54.61
704.73 1835.13
706.66 50.42
708.74 1876.62
710.74 1692.7
712.74 54.37
714.74 3.37
716.75 55.5
718.76 1962.91
720.76 1092.59
722.77 55.64
724.77 1824.09
726.77 8.75
728.78 1990.69
730.71 55.94
732.79 740.75
734.8 1304.92
736.8 55.47
738.81 1439.58
740.81 55.77
742.81 1482.47
744.82 1288.74
746.83 55.87
748.84 344.17
750.84 55.49
752.84 1954.88
754.77 51.96
756.6 1089.32
758.85 1244.39
760.85 55.15
762.86 1196.19
764.86 56.0
766.87 1313.84
768.87 1323.92
770.63 55.75
772.63 1439.25
774.89 55.26
776.64 1523.79
778.65 1581.01
780.9 1553.94
782.65 1589.96
784.66 54.45
786.66 1571.38
788.67 55.68
790.68 1281.81
792.68 1417.59
794.68 24.3
796.69 104.41
798.69 55.89
800.7 1460.63
802.7 55.55
804.7 1249.99
806.72 1142.0
808.71 55.34
810.72 1265.49
812.72 52.01
814.72 1289.12
816.73 1213.68
818.74 54.41
820.74 1326.81
822.74 1335.37
824.74 805.64
826.67 35.44
828.75 1281.31
830.76 1373.36
832.77 8.66
834.76 1292.2
836.78 55.58
838.77 1403.26
840.78 1515.74
842.78 54.12
844.78 1479.57
846.78 54.98
848.79 1371.81
850.73 50.79
852.8 1133.75
854.8 310.77
856.81 37.07
858.81 1257.47
860.81 53.64
862.82 1189.35
864.82 1275.82
866.83 52.25
868.83 1295.61
870.84 10.15
872.84 1563.23
874.77 54.89
876.86 1615.92
878.86 1581.16
880.86 55.31
882.87 1963.37
884.87 55.6
886.88 1927.15
888.89 2011.98
890.89 53.16
892.9 1208.59
894.9 9.54
896.92 1168.89
898.84 50.33
900.92 928.08
902.92 909.13
904.93 53.69
906.93 1310.21
908.94 55.38
910.94 1396.18
912.95 856.66
914.95 685.05
916.96 106.31
918.96 53.68
920.96 613.74
922.96 54.79
924.98 392.39
926.98 688.67
928.98 55.78
931.01 824.32
933.0 50.87
935.01 569.56
937.0 710.33
939.01 31.6
941.01 145.99
943.01 42.41
945.02 771.52
947.02 51.4
949.02 788.45
951.03 823.9
953.03 53.66
955.04 926.84
957.04 55.08
959.05 378.48
961.05 168.31
963.05 12.63
964.8 81.35
967.06 54.76
968.82 463.11
971.07 54.8
972.83 349.61
974.83 62.75
976.83 16.18
978.84 522.17
980.84 54.89
982.85 536.87
984.85 503.34
986.85 607.31
988.85 605.85
990.85 54.01
992.86 599.29
994.86 56.0
996.86 663.21
998.87 717.32
1000.87 54.36
1002.88 899.4
1004.88 54.44
1006.89 133.27
1008.9 531.04
1010.9 406.32
1012.91 87.29
1014.91 54.78
1016.91 54.02
1018.92 55.4
1020.92 113.27
1022.93 162.98
1024.94 8.97
1026.94 240.58
1028.94 55.86
1030.96 262.59
1032.96 241.23
1034.96 89.46
1036.97 246.65
1038.97 55.16
1040.98 382.85
1042.98 55.81
1044.98 327.06
1046.99 445.26
1049.0 56.01
1051.0 475.23
1053.01 55.78
1055.03 514.93
1057.01 281.55
1059.02 456.26
1061.02 378.9
1063.03 47.98
1065.03 323.95
1067.03 55.57
1069.04 755.53
1071.04 970.43
1073.05 27.36
1075.05 1265.85
1077.05 52.55
1079.06 1429.49
1081.06 1425.32
1083.06 1336.28
1085.06 1406.12
1087.07 39.56
1089.07 1521.94
1091.08 55.69
1093.09 1417.09
1095.09 1559.47
1097.09 2.52
1099.1 1477.08
1101.1 49.44
1103.1 1461.9
1105.03 53.69
1107.11 1028.84
1109.11 1644.15
1111.12 40.33
1113.12 1682.12
1115.12 56.27
1117.13 1723.36
1119.13 1817.22
1121.14 51.82
1123.14 1943.22
1125.15 9.11
1127.16 1203.06
1129.09 55.26
1131.16 1788.67
1133.16 1729.31
1135.18 28.19
1137.18 1941.83
1139.19 53.81
1141.19 1945.58
1143.2 1142.58
1145.2 53.9
1147.21 225.61
1149.21 54.06
1151.21 1348.55
1153.15 27.33
1155.22 301.44
1157.22 247.81
1159.23 42.18
1161.24 1121.41
1163.25 50.48
1165.24 1388.95
1167.25 1309.42
1169.26 45.77
1171.02 258.63
1173.27 43.78
1175.27 1268.9
1177.03 1314.79
1179.03 1364.83
1181.03 1218.84
1183.04 48.25
1185.05 388.31
1187.06 54.49
1189.06 1365.37
1191.06 1292.82
1193.07 36.29
1195.08 259.96
1197.08 55.64
1199.1 1445.66
1201.09 55.66
1203.1 1442.12
1205.1 1208.88
1207.11 55.94
1209.12 1527.76
1211.12 28.42
1213.13 1443.26
1215.13 1145.94
1217.14 11.7
1219.15 120.72
1221.14 55.62
1223.15 634.6
1225.08 56.2
1227.16 608.63
1229.18 400.45
1231.18 54.16
1233.18 429.19
1235.19 55.81
1237.19 556.95
1239.19 601.99
1241.19 7.69
1243.2 120.02
1245.2 55.58
1247.21 628.77
1249.14 55.82
1251.22 601.77
1253.22 543.94
1255.22 51.21
1257.23 562.59
1259.23 55.39
1261.25 589.69
1263.24 542.76
1265.24 10.25
1267.25 438.68
1269.25 52.26
1271.25 85.66
1273.26 92.45
1275.26 61.36
1277.27 75.46
1279.28 91.53
1281.28 91.53
1283.28 55.63
1285.29 228.57
1287.31 327.45
1289.3 34.92
1291.3 747.35
1293.32 55.5
1295.32 1021.79
1297.32 55.58
1299.33 1337.96
1301.34 1463.7
1303.34 19.15
1305.35 1563.51
1307.35 49.37
1309.35 1520.89
1311.36 1666.11
1313.36 10.25
1315.37 1472.39
1317.38 9.79
1319.38 1746.3
1321.39 54.61
1323.39 1739.74
1325.4 1722.45
1327.4 6.75
1329.41 1719.69
1331.41 24.68
1333.16 685.03
1335.17 222.01
1337.43 54.28
1339.43 32.39
1341.19 45.47
1343.19 1825.04
1345.2 54.84
1347.21 1882.56
1349.21 1997.74
1351.22 53.69
1353.23 1946.05
1355.23 49.89
1357.23 91.12
1359.24 1734.68
1361.24 13.32
1363.25 1560.76
1365.26 9.23
1367.26 1783.65
1369.28 51.95
1371.27 1657.38
1373.28 1774.31
1375.28 44.04
1377.28 1793.11
1379.29 50.71
1381.29 2000.58
1383.3 2027.73
1385.3 14.52
1387.31 345.08
1389.31 46.97
1391.32 1193.09
1393.26 51.81
1395.33 1787.89
1397.33 2006.83
1399.34 53.0
1401.34 1684.39
1403.35 36.85
1405.36 1950.76
1407.36 2166.83
1409.37 2177.35
1411.37 1867.91
1413.37 47.21
1415.38 1745.58
1417.38 55.61
1419.39 1869.1
1421.39 1963.35
1423.39 32.37
1425.4 281.75
1427.4 3.04
1429.42 379.76
1431.42 1024.01
1433.44 1470.01
1435.43 1573.38
1437.45 36.99
1439.44 1309.03
1441.45 54.57
1443.45 1660.85
1445.45 1700.01
1447.46 52.85
1449.47 334.86
1451.46 55.47
1453.47 1132.43
1455.41 48.72
1457.48 732.86
1459.48 1732.9
1461.49 9.14
1463.49 1799.24
1465.5 33.26
1467.5 1784.11
1469.51 781.35
1471.52 53.4
1473.53 73.34
1475.53 54.91
1477.53 186.23
1479.46 55.46
1481.54 534.74
1483.55 196.59
1485.55 55.75
1487.55 150.06
1489.56 55.6
1491.57 385.63
1493.32 446.21
1495.32 55.39
1497.33 533.06
1499.33 47.76
1501.58 560.11
1503.34 413.27
1505.6 551.08
1507.6 359.04
1509.36 42.41
1511.36 566.45
1513.36 40.14
1515.39 518.79
1517.37 482.46
1519.38 53.77
1521.38 571.18
1523.39 40.17
1525.39 451.62
1527.4 431.81
1529.42 400.32
1531.41 100.19
1533.42 53.96
1535.42 444.76
1537.44 51.73
1539.43 499.6
1541.43 531.55
1543.44 56.07
1545.44 565.91
1547.44 50.34
1549.45 104.76
1551.46 555.68
1553.46 608.64
1555.46 615.46
1557.46 55.38
1559.48 633.9
1561.48 55.54
1563.48 633.4
1565.48 604.5
1567.49 52.78
1569.5 134.72
1571.5 55.6
1573.5 437.81
1575.45 36.08
1577.51 195.81
1579.52 449.65
1581.52 55.83
1583.53 494.33
1585.53 54.41
1587.54 465.94
1589.54 264.38
1591.55 43.0
1593.57 430.44
1595.56 53.9
1597.56 432.24
1599.49 54.91
1601.57 393.81
1603.58 250.89
1605.59 55.44
1607.59 325.34
1609.59 55.79
1611.6 198.15
1613.61 557.05
1615.61 0.22
1617.62 1125.33
1619.63 56.1
1621.63 1328.95
1623.56 53.07
1625.64 1476.85
1627.64 1516.57
1629.65 54.28
1631.65 1619.48
1633.65 39.81
1635.66 1632.56
1637.66 1550.58
1639.66 50.42
1641.67 318.82
1643.67 55.96
1645.68 1693.67
1647.62 44.71
1649.68 1771.74
1651.69 1839.76
1653.7 54.57
1655.71 1518.85
1657.72 38.55
1659.72 1633.57
1661.48 1590.46
1663.74 38.6
1665.75 1875.72
1667.5 45.21
1669.76 241.53
1671.51 53.81
1673.52 1284.16
1675.53 1478.04
1677.54 44.96
1679.55 1547.11
1681.55 55.72
1683.56 1870.86
1685.56 1830.54
1687.57 15.88
1689.58 366.33
1691.57 55.49
1693.58 60.55
1695.53 41.0
1697.6 620.97
1699.61 1905.84
1701.61 53.93
1703.62 698.05
1705.63 55.47
1707.63 893.85
1709.63 871.0
1711.64 55.48
1713.64 943.86
1715.64 9.71
1717.65 1098.85
1719.58 41.93
1721.66 870.58
1723.66 455.98
1725.66 55.55
1727.66 609.68
1729.66 38.27
1731.67 1058.46
1733.68 1121.26
1735.68 47.46
1737.69 226.38
1739.69 49.26
1741.7 1368.42
1743.63 49.11
1745.71 1417.11
1747.71 1445.03
1749.71 56.25
1751.72 1536.19
1753.72 55.71
1755.72 1832.56
1757.73 1879.78
1759.74 55.8
1761.74 1987.82
1763.74 53.1
1765.76 999.52
1767.75 55.19
1769.76 1818.18
1771.76 20.63
1773.77 55.84
1775.78 1798.1
1777.78 38.12
1779.79 1933.76
1781.79 1940.57
1783.79 0.39
1785.79 214.34
1787.8 49.12
1789.8 1518.84
1791.81 55.83
1793.81 1598.43
1795.82 1664.35
1797.82 40.68
1799.83 1831.38
1801.83 53.14
1803.83 1905.16
1805.84 1799.77
1807.84 1890.39
1809.86 1799.16
1811.87 55.67
1813.87 396.33
1815.62 54.71
1817.88 1927.19
1819.89 1883.62
1821.89 47.28
1823.65 1537.93
1825.9 51.07
1827.9 1174.04
1829.65 1842.72
1831.9 1914.69
1833.91 2060.68
1835.92 47.99
1837.67 2332.67
1839.68 56.01
1841.68 1721.77
1843.68 1623.1
1845.94 54.68
1847.69 1589.91
1849.7 50.98
1851.7 1599.97
1853.71 1408.16
1855.71 1750.22
1857.72 1855.27
1859.72 51.69
1861.72 683.98
1863.72 54.17
1865.73 470.32
1867.73 479.39
1869.74 55.77
1871.75 873.01
1873.75 51.02
1875.76 1185.54
1877.76 1355.02
1879.77 1314.54
1881.78 1309.78
1883.78 55.88
1885.78 1685.11
1887.78 39.78
1889.79 1652.74
1891.79 1706.22
1893.8 51.89
1895.8 320.57
1897.81 52.16
1899.81 1821.53
1901.81 1876.66
1903.82 448.48
1905.82 1906.34
1907.83 55.15
1909.83 1673.51
1911.84 54.22
1913.85 1918.75
1915.85 1813.4
1917.86 1.28
1919.87 1309.31
1921.87 55.61
1923.87 1450.83
1925.81 55.08
1927.89 1785.25
1929.9 1422.37
1931.91 47.59
1933.91 1290.39
1935.92 45.88
1937.92 1511.55
1939.92 1648.97
1941.92 1.26
1943.93 315.17
1945.93 53.52
1947.94 1653.68
1949.87 52.61
1951.94 1671.23
1953.95 1314.71
1955.96 55.75
1957.97 1605.69
1959.97 55.75
1961.98 1747.13
1963.99 63.03
1965.99 14.68
1968.0 312.97
1970.01 54.32
1972.01 1.27
1973.94 52.88
1976.02 1567.06
1978.02 1476.62
1980.02 47.94
1982.03 1665.33
1984.03 54.95
1986.04 1688.31
1988.05 1310.96
1990.06 55.68
1991.81 1747.66
1994.06 18.55
1995.82 1118.69
1997.82 1532.96
1999.82 1686.57
2001.83 1429.17
2003.84 56.13
2005.85 1728.11
2007.85 50.13
2009.86 1902.15
2011.86 1961.71
2013.86 1.21
2015.87 347.48
2017.87 53.41
2019.88 2104.4
2021.84 23.5
2023.89 164.83
2025.89 517.12
2027.89 9.7
2029.9 1011.57
2031.9 51.43
2033.91 1235.36
2035.91 1310.35
2037.92 1.25
2039.92 251.88
2041.92 52.4
2043.92 1144.85
2045.93 1510.41
2047.93 1636.61
2049.94 1450.09
2051.94 54.32
2053.95 1547.18
2055.95 40.97
2057.95 1765.09
2059.96 1693.04
2061.97 12.02
2063.97 1809.08
2065.97 49.33
2067.98 337.2
2069.92 55.99
2072.0 1701.77
2074.0 1652.49
2076.01 48.06
2078.03 1539.42
2080.02 53.57
2082.03 6.34
2084.03 1487.17
2086.04 137.52
2088.04 301.71
2090.04 50.17
2092.06 1795.59
2093.98 37.55
2096.06 1342.03
2098.06 1136.17
2100.07 48.52
2102.07 1153.43
2104.07 55.61
2106.08 1036.05
2108.08 899.0
2110.08 55.11
2112.09 1158.03
2114.1 6.01
2116.1 1156.93
2118.03 43.69
2120.11 1415.59
2122.12 1407.8
2124.13 54.44
2126.13 1491.92
2128.13 55.16
2130.14 1498.12
2132.14 1520.98
2134.15 53.56
2136.16 1543.78
2138.16 9.2
2140.17 1504.27
2142.17 55.43
2144.19 340.57
2146.18 281.83
2148.19 54.62
2150.19 1516.98
2152.2 55.95
2154.21 67.31
2155.96 519.54
2158.21 42.51
2160.22 1598.09
2161.97 9.39
2164.22 1580.91
2165.98 53.59
2167.99 1026.41
2170.0 1761.72
2172.0 54.38
2174.25 426.74
2176.01 53.13
2178.26 729.02
2180.02 723.55
2182.02 20.36
2184.03 124.09
2186.04 52.85
2188.04 629.03
2190.05 55.94
2192.05 741.26
2194.05 831.02
2196.06 56.05
2198.06 577.57
2200.06 54.49
2202.07 109.53
2204.07 259.19
2206.07 106.76
2208.08 1.65
2210.09 55.58
2212.08 259.31
2214.09 55.83
2216.1 215.72
2218.1 181.44
2220.1 55.95
2222.11 297.56
2224.12 55.44
2226.14 279.3
2228.13 178.45
2230.13 307.58
2232.13 182.74
2234.13 54.36
2236.13 291.21
2238.14 49.1
2240.14 251.99
2242.15 188.79
2244.15 55.96
2246.16 244.7
2248.16 55.63
2250.16 223.73
2252.17 253.55
2254.17 244.15
2256.17 174.82
2258.18 55.83
2260.18 315.41
2262.2 41.46
2264.19 74.64
2266.19 147.73
2268.2 55.06
2270.2 55.33
2272.21 56.13
2274.21 393.22
2276.21 421.24
2278.22 474.44
2280.22 507.63
2282.23 52.82
2284.23 487.68
2286.24 55.08
2288.24 670.1
2290.24 652.43
2292.25 33.08
2294.25 118.91
2296.25 8.81
2298.26 202.42
2300.2 55.86
2302.27 564.18
2304.27 687.07
2306.28 53.27
2308.28 350.59
2310.29 55.43
2312.3 976.83
2314.29 1202.48
2316.3 54.17
2318.3 1669.93
2320.3 55.89
2322.31 1897.89
2324.25 9.51
2326.31 1649.75
2328.32 1529.33
2330.33 50.8
2332.34 1796.9
2334.33 52.15
2336.34 1942.01
2338.34 2011.45
2340.36 54.64
2342.35 350.31
2344.36 53.61
2346.37 2098.85
2348.3 55.8
2350.38 1427.28
2352.38 1563.75
2354.39 54.97
2356.4 1294.18
2358.4 55.27
2360.41 1645.2
2362.43 1718.17
2364.17 55.6
2366.18 1689.05
2368.19 9.84
2370.2 1814.3
2372.38 55.88
2374.2 1791.26
2376.2 1765.23
2378.21 55.77
2380.21 1789.16
2382.22 30.75
2384.23 1543.65
2386.23 1753.13
2388.24 38.75
2390.24 1875.9
2392.25 9.11
2394.25 1791.57
2396.26 55.67
2398.26 1916.66
2400.27 1904.75
2402.27 50.79
2404.28 1839.59
2406.28 46.23
2408.29 1780.73
2410.29 1852.04
2412.31 16.03
2414.31 1523.94
2416.31 45.53
2418.32 65.57
2420.26 54.9
2422.32 1570.28
2424.33 1750.36
2426.33 53.3
2428.34 1585.09
2430.34 42.76
2432.35 1495.67
2434.36 1776.32
2436.36 51.08
2438.38 1801.41
2440.37 44.35
2442.37 362.6
2444.32 55.78
2446.39 225.49
2448.39 1989.59
2450.4 55.56
2452.4 2037.99
2454.41 55.92
2456.42 1208.16
2458.44 1507.3
2460.43 25.32
2462.44 1940.78
2464.45 9.87
2466.45 1899.45
2468.38 56.07
2470.46 1056.67
2472.46 1002.51
2474.47 43.33
2476.47 230.27
2478.48 51.95
2480.48 1101.1
2482.49 1333.26
2484.49 46.35
2486.49 1602.5
2488.5 54.97
2490.5 1758.87
2492.51 55.02
2494.51 1862.44
2496.51 1943.7
2498.52 55.72
2500.53 2076.04
2502.53 14.91
2504.54 1835.78
2506.54 550.33
2508.54 17.04
2510.55 1378.41
2512.55 9.96
2514.56 2011.77
2516.56 55.41
2518.57 2200.95
2520.32 2089.02
2522.33 54.8
2524.33 1926.9
2526.58 50.99
2528.59 1124.39
2530.34 1301.28
2532.36 16.62
2534.36 802.07
2536.36 50.95
2538.37 1392.82
2540.37 54.6
2542.62 1479.62
2544.38 1490.3
2546.39 56.02
2548.39 1520.11
2550.4 52.96
2552.4 1627.65
2554.4 1705.69
2556.41 16.31
2558.42 1678.28
2560.42 9.95
2562.43 906.4
2564.36 54.79
2566.43 935.5
2568.44 1073.59
2570.45 52.18
2572.44 1134.12
2574.44 55.71
2576.45 1191.59
2578.45 1176.39
2580.46 20.02
2582.46 258.51
2584.46 55.77
2586.46 1724.42
2588.47 55.65
2590.47 336.17
2592.48 546.45
2594.48 40.52
2596.48 144.35
2598.49 55.22
2600.49 422.68
2602.5 419.06
2604.5 617.38
2606.51 592.25
2608.51 55.72
2610.52 650.49
2612.52 55.45
2614.53 197.48
2616.54 219.11
2618.54 55.28
2620.54 267.03
2622.55 55.01
2624.57 364.31
2626.56 205.12
2628.57 388.06
2630.57 397.29
2632.57 55.88
2634.58 419.31
2636.59 55.5
2638.58 455.27
2640.58 467.98
2642.59 44.03
2644.6 430.11
2646.6 55.78
2648.6 263.04
2650.61 418.36
2652.61 286.48
2654.62 269.65
2656.62 42.57
2658.62 267.24
2660.63 56.43
2662.63 56.43
2664.64 249.79
2666.64 9.69
2668.65 275.66
2670.65 53.99
2672.66 244.99
2674.61 56.02
2676.67 288.85
2678.67 48.73
2680.68 55.77
2682.68 265.01
2684.68 55.08
2686.68 151.59
2688.69 315.9
2690.69 54.55
2692.7 2.41
2694.7 55.89
2696.71 381.09
2698.65 55.71
2700.73 556.7
2702.72 506.06
2704.73 33.89
2706.74 455.18
2708.73 55.49
2710.74 503.52
2712.74 619.45
2714.75 10.1
2716.75 251.35
2718.76 52.5
2720.76 1041.75
2722.69 37.94
2724.77 1212.24
2726.78 1184.06
2728.78 53.37
2730.53 1373.53
2732.79 54.95
2734.8 1223.34
2736.54 1317.12
2738.54 53.43
2740.81 1041.5
2742.81 44.69
2744.57 1564.65
2746.57 439.61
2748.57 29.57
2750.58 1581.4
2752.59 52.25
2754.59 1535.56
2756.61 41.56
2758.6 915.99
2760.6 1178.98
2762.6 9.11
2764.61 1641.18
2766.61 54.5
2768.61 1538.38
2770.62 1124.23
2772.62 1163.45
2774.63 1050.45
2776.63 13.27
2778.63 1338.18
2780.63 55.61
2782.64 715.39
2784.64 1526.54
2786.66 13.73
2788.66 1552.3
2790.66 8.83
2792.66 1495.32
2794.6 42.92
2796.67 1256.14
2798.68 1564.25
2800.68 55.4
2802.69 1639.13
2804.69 42.07
2806.71 5.47
2808.7 278.94
2810.71 40.83
2812.72 1389.66
2814.72 54.87
2816.72 665.72
2818.65 55.34
2820.73 733.05
2822.73 618.58
2824.74 55.22
2826.74 394.37
2828.75 55.52
2830.76 625.39
2832.76 630.67
2834.77 10.21
2836.77 128.01
2838.78 55.37
2840.78 962.38
2842.71 54.29
2844.79 1346.6
2846.8 1397.4
2848.8 46.94
2850.81 1595.38
2852.82 49.64
2854.81 1632.2
2856.82 1404.58
2858.82 44.63
2860.83 227.61
2862.83 15.18
2864.84 794.63
2866.79 45.93
2868.84 922.27
2870.86 561.25
2872.86 50.66
2874.86 642.5
2876.88 39.56
2878.88 745.07
2880.88 775.51
2882.89 11.9
2884.89 95.77
2886.89 55.65
2888.9 577.36
2890.9 55.18
2892.91 1128.27
2894.92 206.31
2896.91 52.2
2898.92 1168.64
2900.92 44.8
2902.93 1216.84
2904.94 1356.47
2906.94 36.39
2908.95 1484.33
2910.94 10.3
2912.95 1552.85
2914.96 54.93
2916.96 1575.54
2918.72 1587.1
2920.97 55.54
2922.98 1481.57
2924.73 38.69
2926.74 315.51
2929.0 1355.45
2930.75 55.41
2932.76 316.43
2934.76 50.01
2936.77 1.81
2938.77 55.23
2940.78 1404.49
2942.78 1611.46
2944.79 55.41
2946.8 462.7
2948.8 43.04
2950.8 627.45
2952.81 501.0
2954.82 16.85
2956.82 626.83
2958.82 55.54
2960.83 672.25
2962.83 53.52
2964.84 559.46
2966.85 794.64
2968.86 55.49
2970.86 678.88
2972.86 45.99
2974.87 716.62
2976.88 556.04
2978.88 9.59
2980.89 740.13
2982.89 55.68
2984.9 704.68
2986.91 55.36
2988.91 579.2
2990.91 663.33
2992.92 52.87
2994.93 669.5
2996.93 53.8
2998.94 508.76
3000.94 878.63
3002.96 1017.49
3004.95 1135.37
3006.96 55.52
3008.96 1246.5
3010.97 55.24
3012.97 1378.45
3014.98 1478.98
3016.99 7.02
3018.99 1533.72
3020.99 54.67
3023.0 1493.89
3025.0 1544.29
3027.02 1507.07
3029.02 1008.48
3031.02 54.21
3033.02 1153.65
3035.02 54.52
3037.03 2.35
3039.03 198.68
3041.03 56.04
3043.04 1329.12
3045.04 0.92
3047.05 1382.57
3048.97 9.15
3051.05 1519.13
3053.05 1375.15
3055.06 47.61
3057.06 1212.37
3059.06 43.23
3061.07 1234.28
3063.07 1553.24
3065.08 55.64
3067.09 257.04
3069.09 40.43
3071.09 1063.12
3073.04 13.69
3075.1 0.24
3077.11 963.96
3079.11 8.71
3081.11 1176.4
3082.86 49.66
3085.12 1326.54
3086.87 411.72
3088.88 52.29
3091.14 1317.26
3092.89 30.66
3094.9 578.35
3096.9 445.94
3098.92 1254.79
3100.92 1361.08
3102.92 55.07
3105.0 423.22
3106.94 106.65
3108.94 547.81
3110.94 743.33
3112.95 49.55
3114.95 985.13
3116.96 54.51
3118.96 1030.36
3120.97 1173.35
3122.97 1235.15
3124.98 1289.0
3126.98 54.55
3129.0 1361.33
3130.99 54.29
3133.0 1151.41
3135.0 73.23
3137.01 53.79
3139.01 1246.46
3141.02 52.33
3143.02 1496.29
3145.03 294.69
3147.04 1353.22
3149.05 419.85
3151.05 48.37
3153.06 1524.76
3155.06 55.89
3157.07 1647.79
3159.07 1704.4
3161.08 53.41
3163.1 298.68
3165.09 9.39
3167.09 1077.12
3169.02 51.6
3171.1 1195.33
3173.1 4.81
3175.11 9.63
3177.12 640.48
3179.12 54.75
3181.13 1095.35
3183.13 559.38
3185.14 55.38
3187.14 88.51
3189.14 53.01
3191.15 566.33
3193.16 544.22
3195.16 9.83
3197.16 55.03
3199.17 62.1
3201.17 151.5
3203.18 54.84
3205.18 252.1
3207.2 251.25
3209.19 9.42
3211.2 341.21
3213.2 55.38
3215.21 365.67
3217.14 54.7
3219.22 444.38
3221.22 466.62
3223.24 55.01
3225.24 498.21
3227.24 54.82
3229.25 490.69
3231.26 103.94
3233.26 10.28
3235.26 335.33
3237.27 49.66
3239.03 557.72
3241.22 54.02
3243.28 534.77
3245.29 548.07
3247.04 55.88
3249.04 765.31
3251.3 53.77
3253.05 746.83
3255.07 832.4
3257.3 389.35
3259.06 85.19
3261.31 53.73
3263.07 571.93
3265.07 54.91
3267.08 453.04
3269.09 533.04
3271.09 50.13
3273.1 631.85
3275.11 55.18
3277.11 408.68
3279.12 273.19
3281.13 1.24
3283.14 253.19
3285.13 10.62
3287.14 63.18
3289.14 55.83
3291.15 327.56
3293.15 428.0
3295.16 51.06
3297.16 438.35
3299.17 53.96
3301.17 505.29
3303.18 523.93
3305.18 55.61
3307.19 405.33
3309.19 9.21
3311.19 50.59
3313.13 50.2
3315.2 570.72
3317.2 175.9
3319.21 34.65
3321.21 604.81
3323.21 55.72
3325.22 575.93
3327.22 382.03
3329.22 27.62
3331.23 735.14
3333.24 55.63
3335.24 1161.01
3337.17 45.89
3339.25 1339.95
3341.26 1343.15
3343.27 40.59
3345.29 852.38
3347.28 27.86
3349.29 710.26
3351.29 657.35
3353.29 10.34
3355.31 884.59
3357.3 50.32
3359.31 713.77
3361.32 9.98
3363.32 1154.93
3365.33 1291.27
3367.33 54.31
3369.33 1421.91
3371.34 55.96
3373.34 990.91
3375.35 1496.45
3377.35 49.21
3379.35 115.77
3381.36 47.91
3383.36 1299.94
3385.37 50.07
3387.37 1312.83
3389.38 1535.77
3391.38 42.41
3393.38 306.2
3395.39 55.72
3397.39 1259.16
3399.4 1250.34
3401.4 1162.33
3403.41 75.79
3405.42 40.57
3407.42 170.32
3409.42 49.95
3411.42 461.27
3413.43 1192.33
3415.19 50.0
3417.44 301.17
3419.2 55.99
3421.21 1766.55
3423.39 55.54
3425.47 1783.67
3427.22 1839.43
3429.22 51.69
3431.23 1722.39
3433.24 52.64
3435.24 1521.03
3437.25 1521.03
3439.25 51.55
3441.25 1565.47
3443.25 54.48
3445.26 1678.75
3447.27 17.44
3449.27 1612.61
3451.28 1053.34
3453.28 9.62
3455.29 810.57
3457.29 53.41
3459.29 1677.55
3461.3 1443.77
3463.31 48.13
3465.32 1617.86
3467.32 55.67
3469.32 19.43
3471.33 304.55
3473.33 1653.69
3475.35 1199.19
3477.34 51.16
3479.35 1516.1
3481.36 51.68
3483.36 1255.32
3485.37 1423.13
3487.37 9.01
3489.38 1512.19
3491.38 49.64
3493.39 1292.66
3495.39 1606.36
3497.4 133.5
3499.4 1479.68
3501.41 53.57
3503.41 1841.05
3505.42 55.38
3507.42 1718.86
3509.42 1883.63
3511.43 54.32
3513.44 313.73
3515.44 54.03
3517.44 1189.97
3519.37 55.64
3521.45 1675.53
3523.46 1601.97
3525.6 0.25
3527.46 33.34
3529.47 0.23
3531.47 1415.63
3533.48 1703.78
3535.48 55.36
3537.5 1716.33
3539.49 8.18
3541.5 1918.61
3543.43 56.09
3545.5 1177.62
3547.51 1241.72
3549.51 53.13
3551.52 2129.7
3553.54 55.46
3555.53 11.54
3557.53 286.88
3559.53 7.16
3561.54 125.41
3563.54 49.68
3565.54 480.55
3567.49 55.38
3569.56 1259.16
3571.56 1485.89
3573.57 10.12
3575.57 1857.16
3577.58 53.27
3579.58 2193.46
3581.58 3.41
3583.59 48.98
3585.6 1980.58
3587.6 7.22
3589.61 1197.38
3591.55 54.6
3593.62 1750.66
3595.62 1482.35
3597.37 52.05
3599.63 1923.62
3601.63 51.03
3603.39 1878.32
3605.39 1730.02
3607.65 1.22
3609.4 290.92
3611.41 54.55
3613.41 1380.44
3615.43 29.9
3617.42 704.85
3619.43 1036.09
3621.44 52.83
3623.44 1361.61
3625.45 47.82
3627.45 1298.28
3629.45 1508.9
3631.46 17.1
3633.46 1705.49
3635.46 8.64
3637.47 1373.16
3639.44 55.53
3641.47 1689.47
3643.49 1566.08
3645.48 8.6
3647.49 548.79
3649.49 55.0
3651.5 1876.46
3653.5 1356.58
3655.51 52.2
3657.51 1955.74
3659.52 55.91
3661.52 1382.88
3663.45 55.72
3665.52 1151.22
3667.53 571.36
3669.53 54.85
3671.54 871.97
3673.54 23.26
3675.54 246.18
3677.55 253.46
3679.55 9.94
3681.55 166.38
3683.56 53.81
3685.57 255.96
3687.51 55.37
3689.57 342.82
3691.58 366.98
3693.59 36.79
3695.59 359.32
3697.59 55.03
3699.6 379.33
3701.6 415.32
3703.6 9.66
3705.61 138.83
3707.61 17.98
3709.62 594.2
3711.62 55.63
3713.62 596.33
3715.63 666.65
3717.63 34.3
3719.63 747.94
3721.64 53.52
3723.64 647.72
3725.65 414.47
3727.65 49.85
3729.66 612.75
3731.66 55.61
3733.66 193.35
3735.67 1.21
3737.67 588.9
3739.68 650.52
3741.68 49.36
3743.69 638.1
3745.69 53.47
3747.69 523.95
3749.7 638.41
3751.7 32.45
3753.71 117.56
3755.71 51.69
3757.72 561.17
3759.73 54.55
3761.74 580.0
3763.74 380.58
3765.74 22.1
3767.76 121.67
3769.77 52.73
3771.78 836.26
3773.78 973.9
3775.78 6.13
3777.79 1059.1
3779.79 54.0
3781.8 897.05
3783.8 54.36
3785.81 875.89
3787.56 1172.29
3789.57 36.6
3791.58 1298.68
3793.59 55.38
3795.83 246.63
3797.58 1226.14
3799.59 1256.37
3801.85 1270.37
3803.6 55.86
3805.61 1350.74
3807.61 55.66
3809.61 15.38
3811.62 1187.05
3813.62 55.74
3815.63 1229.98
3817.63 55.51
3819.64 1450.39
3821.64 1197.96
3823.65 1503.48
3825.65 0.02
3827.65 55.86
3829.66 1181.12
3831.66 53.08
3833.67 1216.84
3835.68 1412.44
3837.68 53.02
3839.69 1484.05
3841.69 53.67
3843.69 1272.27
3845.7 1355.83
3847.7 1071.73
3849.71 951.37
3851.71 55.58
3853.73 4.16
3855.71 42.63
3857.72 458.22
3859.74 1196.43
3861.73 52.76
3863.73 1171.11
3865.73 54.89
3867.73 1271.82
3869.74 1328.22
3871.75 1445.41
3873.76 1424.35
3875.75 50.99
3877.76 1561.51
3879.76 55.38
3881.77 1612.6
3883.77 1337.29
3885.78 12.18
3887.8 964.47
3889.78 9.58
3891.79 1098.27
3893.79 1381.5
3895.8 1385.89
3897.8 1709.53
3899.8 49.88
3901.81 1740.25
3903.82 46.89
3905.82 1639.08
3907.82 1243.86
3909.83 48.89
3911.84 211.06
3913.84 51.32
3915.85 4.84
3917.78 44.29
3919.87 472.22
3921.86 135.88
3923.87 55.92
3925.87 1208.3
3927.87 45.94
3929.89 1000.39
3931.89 1269.14
3933.9 1.27
3935.9 253.98
3937.9 45.21
3939.9 1304.17
3941.87 18.51
3943.91 1470.48
3945.92 215.23
3947.92 7.88
3949.92 1416.29
3951.93 38.75
3953.93 1325.75
3955.95 1487.44
3957.96 38.1
3959.95 889.61
3961.96 9.92
3963.96 1242.82
3965.89 52.47
3967.97 1403.34
3969.97 1308.47
3971.98 45.4
3974.0 297.27
3976.0 8.71
3978.0 1343.7
3980.01 1344.62
3982.01 53.52
3983.76 1492.65
3986.02 2.45
3987.77 1734.38
3989.78 1797.05
3991.79 1692.93
3993.8 3.71
3995.81 49.8
3997.81 1142.85
3999.81 55.6
4001.82 898.3
4003.88 1103.94
4005.82 0.41
4007.83 1159.63
4009.83 55.69
4011.84 1158.03
4013.84 9.04
4015.85 681.77
4017.85 372.99
4019.86 53.11
4021.87 387.07
4023.88 46.94
4025.88 563.96
4027.88 512.08
4029.88 35.56
4031.89 110.71
4033.89 54.07
4035.89 24.53
4037.82 55.65
4039.9 500.12
4041.9 562.84
4043.9 55.55
4045.91 700.13
4047.91 34.2
4049.91 514.12
4051.92 397.69
4053.92 45.75
4055.93 500.44
4057.93 54.86
4059.93 383.95
4061.86 55.8
4063.94 531.22
4065.94 39.7
4067.95 0.53
4069.95 316.54
4071.96 55.35
4073.96 321.98
4075.96 303.85
4077.96 9.46
4079.97 143.01
4081.97 53.5
4083.98 334.88
4085.91 56.16
4087.99 336.76
4090.0 415.32
4092.01 36.09
4094.0 370.14
4096.01 55.81
4098.02 36.36
4100.02 534.03
4102.02 9.97
4104.02 812.34
4106.03 30.46
4108.04 1060.05
4109.97 41.46
4112.05 1131.06
4114.06 1020.9
4116.07 52.12
4118.07 1069.72
4120.08 43.91
4122.08 1184.64
4124.09 1302.69
4126.09 3.5
4128.1 188.33
4130.12 53.79
4132.12 742.76
4134.13 29.62
4136.13 911.48
4138.13 1021.57
4140.14 52.63
4141.89 1199.2
4143.9 44.55
4146.15 1076.21
4147.92 793.81
4150.16 15.26
4152.17 1224.48
4154.18 53.69
4156.18 1060.07
4157.93 0.2
4159.94 1168.26
4161.95 1110.39
4164.2 51.85
4165.95 1205.13
4167.96 55.92
4169.96 1334.14
4171.97 1406.23
4173.97 28.11
4175.98 1119.51
4177.98 55.19
4179.99 270.24
4181.99 50.23
4184.0 1250.43
4186.0 1015.77
4188.01 48.73
4190.01 1090.7
4192.02 55.52
4194.02 1298.74
4196.04 1294.27
4198.03 1101.0
4200.04 1081.75
4202.04 52.04
4204.05 1308.61
4206.08 48.86
4208.06 535.2
4210.07 913.66
4212.08 53.2
4214.08 1125.71
4216.09 51.08
4218.09 656.42
4220.09 643.35
4222.1 563.59
4224.1 382.77
4226.11 52.91
4228.12 511.8
4230.12 50.57
4232.13 448.85
4234.14 419.2
4236.14 53.07
4238.14 194.77
4240.14 50.98
4242.15 7.36
4244.16 507.89
4246.17 10.85
4250.91 0.2
4258.97 1.26
4261.33 1.98
4264.26 2.08
4266.22 0.6
4267.9 0.53
4270.35 1.89
4272.7 1.93
4274.19 1.25
4276.13 2.37
4278.0 1.86
4279.14 2.77
4281.0 2.54
4284.05 0.56
4284.91 2.32
4286.8 2.56
4289.93 0.23
4292.4 1.24
4293.55 2.92
4295.81 1.79
4298.73 0.66
4299.71 2.66
4301.67 2.82
4302.72 0.67
4304.5 3.62
4306.72 0.58
4309.0 2.18
4311.9 2.99
4313.73 0.98
4315.88 2.19
4318.0 2.87
4319.58 3.5
4321.56 0.22
4324.16 1.79
4326.52 0.6
4329.54 1.86
4331.43 3.17
4333.15 1.03
4335.36 1.6
4337.37 0.22
4339.92 0.23
4341.05 0.77
4343.05 2.71
4345.43 1.57
4347.56 0.63
4349.69 2.41
4351.92 2.52
4353.14 0.47
4355.1 1.55
4356.84 0.28
4358.42 2.19
4361.49 2.49
4362.88 1.08
4364.28 2.26
4366.0 2.9
4367.69 2.73
4368.85 3.69
4370.75 1.93
4371.85 4.91
4373.3 8.98
4376.02 1.39
4378.74 3.52
4383.38 2.11
4385.64 0.22
4387.67 1.81
4389.76 1.4
4391.71 0.52
4394.6 1.28
4397.2 1.22
4398.2 0.85
4400.58 0.23
4402.45 2.58
4403.91 1.28
4404.8 2.45
4405.85 2.25
4407.9 8.35
4408.72 3.77
4409.96 3.87
4411.82 0.66
4414.85 0.35
4417.49 2.62
4420.04 2.25
4423.18 0.22
4425.54 1.55
4427.27 4.15
4429.77 0.64
4432.02 1.6
4434.07 2.48
4435.99 0.58
4437.79 0.52
4439.98 0.05
4441.56 0.41
4443.33 1.26
4444.98 2.53
4446.72 0.62
4448.42 1.77
4449.89 15.32
4451.16 1.17
4453.05 1.91
4456.84 3.44
4458.1 2.47
4460.1 2.78
4462.3 0.63
4464.8 9.77
4466.33 2.71
4467.25 2.52
4469.95 0.77
4473.43 0.23
4474.99 3.19
4477.0 1.7
4479.46 2.55
4481.43 2.52
4483.16 2.97
4484.01 12.09
4484.86 3.9
4486.84 2.88
4489.74 0.54
4491.76 3.78
4493.58 0.6
4496.01 0.5
4497.16 2.37
4499.38 2.41
4501.62 2.51
4503.65 0.61
4505.76 0.71
4507.17 2.16
4509.04 1.21
4511.09 2.69
4515.48 2.14
4517.53 1.32
4519.87 3.07
4521.51 0.61
4523.94 4.45
4524.88 1.27
4526.28 0.6
4528.04 1.06
4529.76 3.69
4531.72 0.39
4532.93 6.92
4534.11 3.99
4535.56 2.33
4538.36 1.26
4541.1 0.22
4542.62 3.41
4544.01 1.94
4545.92 1.28
4548.98 0.45
4551.34 1.26
4553.28 1.46
4555.53 0.22
4558.64 0.63
4559.65 11.72
4560.66 1.68
4562.64 0.22
4564.56 2.01
4566.38 2.03
4568.3 2.54
4570.29 2.53
4573.36 0.23
4574.07 0.64
4575.51 2.84
4578.11 0.21
4580.74 2.57
4582.8 0.22
4583.69 2.58
4585.26 6.58
4586.8 0.22
4590.22 3.0
4592.99 1.25
4594.92 2.06
4597.3 1.0
4602.06 1.73
4605.59 0.54
4608.12 2.57
4609.24 2.56
4610.63 1.85
4613.26 2.33
4616.23 0.23
4618.3 1.77
4619.18 2.28
4620.38 0.61
4621.61 2.57
4623.13 2.54
4624.55 1.59
4626.22 2.56
4627.31 0.05
4628.83 1.8
4632.75 1.72
4635.91 13.84
4638.18 0.64
4639.54 2.34
4641.35 2.81
4642.83 2.53
4644.67 4.73
4646.51 0.84
4649.16 2.63
4651.2 3.01
4652.08 0.98
4653.2 4.43
4654.16 1.07
4659.35 1.94
4663.94 1.44
4664.55 2.83
4667.58 4.8
4668.15 49.72
4672.07 2.52
4673.97 0.42
4676.49 1.89
4678.15 2.54
4678.88 3.69
4680.54 2.65
4682.04 0.61
4684.56 1.77
4686.77 0.35
4688.87 2.04
4691.51 1.28
4694.19 3.66
4695.57 0.57
4696.9 0.23
4698.02 2.01
4700.16 0.55
4703.32 2.57
4706.18 1.49
4707.7 2.23
4708.41 1.37
4710.09 3.18
4710.76 0.59
4712.09 2.03
4713.27 2.64
4713.99 3.82
4716.16 10.54
4717.72 2.54
4719.01 2.67
4722.03 1.27
4724.42 5.75
4725.21 2.57
4727.52 1.26
4728.95 2.18
4730.54 3.14
4731.91 2.88
4734.03 1.96
4737.7 2.64
4740.56 8.29
4742.43 2.43
4747.56 2.54
4751.46 1.91
4753.17 1.04
4755.27 1.23
4757.39 2.21
4759.23 1.06
4761.13 2.0
4764.03 2.55
4765.4 2.53
4767.29 2.55
4767.91 12.77
4768.87 2.51
4769.65 2.06
4770.21 2.99
4771.04 7.37
4771.87 3.36
4773.8 0.61
4775.8 15.67
4777.81 36.29
4779.82 107.48
4781.82 54.68
4783.82 89.84
4785.83 2.49
4787.83 2.52
4789.69 1.86
4791.67 0.82
4796.66 1.17
4799.2 1.25
4801.44 2.54
4804.62 0.56
4805.5 6.97
4807.35 2.42
4809.19 1.56
4812.46 2.6
4815.2 2.06
4817.89 1.81
4819.0 0.22
4820.59 1.86
4823.0 2.45
4824.1 1.99
4825.37 1.85
4826.31 0.23
4827.15 2.56
4828.8 2.38
4829.79 2.16
4831.71 3.07
4833.72 2.55
4835.79 0.64
4839.04 2.01
4842.28 2.52
4843.83 1.17
4845.41 3.21
4846.84 20.84
4847.86 2.22
4849.75 2.5
4851.76 2.74
4853.77 2.53
4855.77 0.55
4858.25 1.81
4860.15 2.37
4861.79 3.37
4863.8 1.16
4866.96 0.82
4870.03 1.84
4872.69 2.51
4874.82 1.63
4876.89 1.99
4878.76 5.83
4880.12 2.6
4882.14 2.56
4883.94 1.56
4885.98 2.12
4887.53 0.23
4889.0 2.54
4891.6 0.23
4893.17 2.55
4894.7 2.0
4896.18 2.52
4898.52 1.49
4901.3 2.48
4903.09 1.77
4905.65 1.9
4908.07 2.57
4910.09 2.56
4912.63 2.53
4914.21 2.39
4918.74 0.87
4922.24 2.56
4924.09 0.22
4925.76 0.61
4926.57 2.75
4929.21 0.04
4930.25 2.55
4930.93 0.23
4931.51 2.68
4932.04 3.04
4933.96 13.94
4935.97 17.39
4937.97 37.08
4939.98 44.06
4941.98 98.55
4943.99 130.35
4945.99 53.41
4948.0 158.44
4950.0 55.78
4952.01 140.71
4954.01 54.89
4956.02 184.2
4958.02 180.58
4960.03 55.91
4962.03 217.87
4964.03 44.15
4966.04 44.15
4968.04 189.94
4970.04 55.8
4972.05 41.11
4973.8 54.58
4976.05 199.48
4978.06 54.94
4979.81 209.89
4981.82 189.7
4983.82 10.35
4985.82 200.41
4987.82 50.73
4989.83 450.13
4992.09 548.05
4994.09 501.3
4995.84 506.89
4997.85 46.46
5000.1 96.15
5002.11 55.96
5003.86 321.13
5005.87 429.99
5008.12 45.21
5009.87 570.36
5011.88 53.11
5013.88 778.6
5015.89 918.89
5017.9 869.78
5019.89 857.29
5021.89 48.44
5023.9 774.65
5025.88 730.45
5027.9 5.52
5029.91 39.69
5031.91 4.61
5033.92 38.16
5035.93 1.65
5038.64 2.6
5043.9 2.56
5046.26 4.76
5046.78 0.92
5047.43 3.02
5048.16 0.63
5049.95 4.4
5051.96 12.43
5053.96 63.57
5055.97 98.22
5057.97 78.65
5059.98 123.16
5061.98 159.36
5063.99 208.39
5066.0 225.58
5068.01 0.05
5070.01 4.93
5072.01 0.62
5073.94 1.03
5076.69 0.63
5079.38 2.58
5081.38 0.85
5083.1 0.94
5084.48 1.9
5086.48 0.05
5088.66 1.95
5091.16 3.17
5092.83 0.66
5095.29 7.26
5097.87 2.75
5098.95 3.66
5100.9 1.06
5102.64 3.61
5104.65 1.7
5108.09 0.22
5110.24 2.15
5111.51 3.36
5113.18 0.78
5116.55 0.89
5118.62 0.99
5120.69 2.48
5122.99 2.53
5124.44 1.92
5126.23 0.58
5127.85 2.55
5130.21 1.27
5131.4 2.64
5132.95 2.06
5135.87 2.35
5137.03 3.1
5138.9 5.71
5140.2 26.21
5142.22 5.07
5143.97 1.09
5146.23 1.21
5148.78 0.98
5151.46 2.48
5154.82 2.51
5158.37 0.05
5160.53 1.26
5161.75 2.53
5163.21 2.71
5165.17 2.66
5167.23 0.24
5168.25 2.87
5169.53 1.02
5170.66 1.76
5174.1 0.93
5175.62 1.0
5177.63 5.05
5179.63 22.85
5181.64 36.47
5183.64 49.13
5185.64 68.01
5187.65 88.51
5189.66 89.64
5191.67 112.04
5193.68 55.19
5195.68 128.41
5197.69 130.9
5199.7 55.66
5201.71 188.58
5203.72 52.64
5205.71 122.75
5207.72 55.48
5209.72 325.37
5211.73 356.12
5213.73 51.14
5215.73 400.38
5217.74 55.69
5219.75 367.27
5221.76 388.18
5223.76 16.84
5225.76 377.15
5227.77 55.8
5229.77 404.81
5231.71 9.52
5233.78 384.3
5235.78 322.9
5237.79 1.95
5239.8 111.46
5241.8 55.25
5243.8 191.77
5245.81 229.85
5247.81 9.23
5249.81 288.71
5251.82 55.8
5253.83 326.74
5255.76 54.88
5257.84 264.71
5259.85 257.67
5261.86 52.12
5263.87 336.68
5265.88 50.49
5267.88 50.49
5269.89 47.09
5271.89 54.65
5273.89 42.16
5275.9 55.14
5277.9 365.94
5279.91 51.28
5281.66 366.18
5283.92 372.73
5285.92 55.52
5287.93 1.98
5289.93 2.53
5292.04 0.42
5294.33 0.67
5297.29 2.5
5298.41 3.07
5300.25 2.02
5302.94 0.23
5305.37 2.23
5306.87 2.9
5308.53 2.78
5310.03 2.07
5312.39 0.22
5314.91 1.19
5316.69 17.1
5318.3 0.53
5320.07 1.73
5323.49 0.08
5324.28 4.73
5325.77 0.23
5327.77 3.02
5329.78 41.71
5331.78 60.86
5333.79 81.47
5335.79 94.52
5337.79 108.0
5339.8 139.07
5341.81 153.14
5343.81 53.81
5345.82 45.98
5347.82 50.47
5349.82 329.78
5351.76 32.82
5353.83 279.4
5355.83 316.69
5357.84 40.06
5359.84 303.61
5361.84 53.25
5363.85 255.35
5365.85 322.09
5367.85 53.67
5369.86 42.16
5371.86 50.42
5373.87 385.81
5375.81 53.09
5377.87 326.92
5379.88 289.98
5381.89 54.69
5383.89 427.32
5385.89 54.86
5387.9 2.77
5389.8 0.77
5392.85 10.62
5394.39 2.74
5396.02 1.94
5398.48 1.91
5400.69 1.27
5402.98 2.55
5405.24 1.24
5407.51 2.54
5409.32 2.57
5411.29 0.81
5413.53 0.49
5414.99 7.62
5417.12 2.53
5418.69 3.42
5419.98 0.61
5421.99 14.02
5423.99 1.04
5425.99 41.17
5427.99 30.13
5430.0 10.16
5432.01 211.61
5434.01 49.04
5436.02 299.92
5438.02 299.69
5440.02 318.83
5442.03 317.95
5444.04 50.69
5446.04 3.89
5448.05 53.95
5450.05 239.35
5452.06 352.99
5454.06 55.52
5456.07 62.92
5458.07 51.51
5460.07 334.9
5462.01 53.62
5464.08 235.71
5466.09 140.35
5468.09 55.0
5470.1 282.65
5472.1 14.83
5474.1 297.65
5476.1 285.81
5478.11 3.7
5479.86 307.96
5482.12 49.99
5484.13 398.9
5485.88 441.52
5488.13 1.27
5490.14 3.41
5491.89 4.35
5494.15 0.62
5496.2 2.49
5499.79 1.24
5502.29 18.71
5504.22 2.64
5506.96 7.03
5508.88 11.32
5510.56 2.25
5512.48 1.41
5515.51 0.23
5518.37 2.51
5526.98 9.61
5528.43 3.23
5529.11 0.6
5530.01 16.68
5531.86 23.53
5532.7 2.46
5534.42 2.79
5537.1 2.55
5538.86 3.01
5540.62 2.07
5543.54 0.2
5545.57 2.49
5547.55 0.23
5548.66 0.05
5549.67 14.94
5551.02 1.27
5553.64 0.98
5556.91 3.25
5557.93 3.38
5559.67 2.8
5561.45 0.63
5565.58 0.22
5567.34 1.15
5570.24 2.98
5573.58 0.23
5575.39 0.67
5577.87 2.54
5579.64 1.74
5581.24 3.2
5583.86 0.22
5585.32 1.82
5587.39 2.84
5588.73 1.96
5590.42 1.92
5591.75 0.69
5593.92 2.47
5596.15 0.22
5599.0 0.23
5601.26 1.54
5603.45 1.01
5604.21 3.85
5605.9 0.6
5607.06 4.19
5608.61 4.81
5609.68 8.07
5611.47 5.49
5613.28 37.92
5614.84 4.82
5617.0 3.43
5619.0 5.1
5620.91 1.08
5623.02 0.94
5625.03 0.89
5627.03 3.58
5629.03 1.27
5631.04 2.92
5633.04 4.14
5635.04 3.48
5637.05 2.64
5639.04 2.82
5641.06 3.71
5643.07 4.29
5644.94 4.43
5647.09 5.43
5649.09 65.12
5651.09 168.06
5652.86 54.82
5654.86 131.57
5656.86 32.64
5658.86 55.5
5660.87 181.97
5662.87 55.5
5664.89 191.4
5666.89 198.07
5668.9 55.19
5670.9 36.07
5672.9 55.04
5674.92 182.05
5676.91 54.98
5678.92 189.09
5680.92 250.8
5682.94 55.26
5684.93 268.6
5686.94 50.33
5688.94 432.73
5690.95 113.85
5692.95 55.27
5694.96 119.9
5696.96 48.43
5698.97 117.99
5700.9 53.98
5702.98 121.42
5704.98 115.46
5706.98 55.14
5708.98 137.44
5710.99 14.11
5713.01 132.02
5715.01 14.37
5717.0 34.66
5719.01 22.93
5721.02 54.38
5723.02 186.93
5724.91 53.8
5727.03 247.71
5729.04 292.84
5731.05 54.04
5733.05 271.24
5735.06 55.87
5737.06 333.27
5739.07 354.7
5741.07 54.81
5743.08 324.59
5745.09 50.55
5747.09 19.64
5749.09 9.77
5751.09 334.66
5753.1 207.05
5755.11 55.74
5757.12 339.19
5759.12 54.38
5761.13 357.49
5763.14 390.3
5765.16 22.14
5767.15 40.01
5769.15 46.78
5771.16 200.13
5773.17 55.07
5775.16 169.87
5777.16 215.23
5779.17 56.01
5781.17 176.23
5783.17 55.79
5785.18 202.9
5787.18 231.46
5789.19 150.83
5791.2 127.74
5793.2 49.74
5795.2 125.96
5797.21 55.36
5799.22 123.54
5801.22 120.07
5803.22 51.29
5804.98 63.5
5806.99 55.48
5809.0 145.07
5811.18 55.56
5813.01 194.3
5815.01 246.44
5817.01 55.6
5819.03 398.59
5821.02 10.07
5823.02 404.58
5825.03 395.48
5827.04 54.97
5829.04 389.0
5831.05 54.46
5833.05 432.32
5835.06 225.87
5837.07 358.85
5839.08 318.48
5841.07 54.58
5843.09 232.81
5845.09 55.34
5847.09 285.38
5849.1 273.97
5851.1 54.15
5853.1 299.2
5855.11 54.43
5857.11 212.13
5859.11 286.66
5861.12 282.21
