0 35.0
1 36.75
2 38.375
3 49.25
4 40.0
5 43.125
6 53.375
7 53.0
8 49.125
9 55.125
10 47.875
11 47.5
12 58.0
13 47.125
14 48.75
15 47.5
16 66.875
17 69.625
18 46.125
19 72.125
20 44.875
21 67.75
22 63.5
23 76.875
24 79.75
25 66.625
26 74.125
27 57.25
28 38.75
29 70.0
30 59.625
31 58.625
32 35.375
33 24.25
34 15.0
35 10.625
36 12.25
37 42.875
38 51.5
39 44.625
40 40.5
41 53.375
42 47.5
43 44.625
44 55.75
45 46.125
46 39.375
47 42.875
48 44.625
49 41.875
50 39.0
51 62.875
52 18.875
53 11.75
54 33.375
55 42.125
56 54.125
57 78.375
58 70.0
59 79.875
60 70.875
61 38.25
62 56.125
63 64.25
64 62.625
65 63.625
66 78.875
67 73.125
68 71.0
69 72.0
70 69.5
71 75.25
72 73.875
73 79.0
74 79.875
75 78.125
76 60.125
77 27.875
78 50.5
79 52.5
80 12.875
81 12.625
82 12.875
83 13.5
84 13.375
85 13.0
86 15.5
87 14.375
88 12.25
89 15.625
90 15.375
91 12.75
92 15.25
93 13.875
94 14.875
95 15.5
96 14.375
97 14.0
98 15.625
99 15.0
100 15.625
101 14.75
102 12.75
103 13.75
104 13.375
105 13.5
106 15.625
107 14.0
108 11.75
109 14.75
110 14.875
111 15.5
112 21.375
113 8.75
114 8.625
115 24.625
116 43.25
117 47.875
118 39.0
119 34.75
120 45.125
121 49.875
122 49.625
123 42.25
124 23.75
125 29.875
126 44.375
127 53.625
128 51.625
129 45.0
130 41.25
131 47.125
132 57.25
133 62.5
134 60.125
135 52.75
136 52.25
137 83.5
138 67.125
139 50.25
140 42.375
141 15.5
142 13.875
143 15.375
144 15.125
145 13.125
146 15.25
147 12.375
148 14.75
149 13.125
150 15.125
151 11.125
152 12.75
153 13.875
154 10.0
155 15.0
156 14.125
157 14.25
158 14.75
159 13.25
160 15.0
161 15.0
162 11.125
163 14.875
164 12.625
165 9.375
166 15.375
167 12.75
168 14.375
169 13.5
170 13.25
171 15.0
172 18.625
173 8.25
174 8.25
175 11.875
176 4.25
177 8.375
178 3.125
179 0.625
180 0.5
181 0.625
182 1.875
183 1.75
184 1.625
185 1.125
186 4.75
187 0.375
188 1.125
189 1.625
190 1.625
191 2.125
192 2.125
193 1.875
194 1.625
195 2.0
196 1.0
197 0.625
198 2.375
199 0.625
200 0.5
201 0.625
202 0.25
203 0.875
204 1.0
205 1.375
206 1.0
207 3.375
208 2.75
209 1.5
210 1.75
211 2.125
212 2.625
213 4.5
214 0.75
215 1.75
216 5.0
217 0.125
218 11.0
219 13.625
220 8.625
221 16.625
222 24.625
223 35.625
224 38.375
225 37.75
226 41.5
227 43.75
228 34.75
229 44.875
230 45.25
231 42.0
232 42.0
233 49.375
234 42.375
235 40.375
236 39.0
237 45.125
238 66.25
239 43.75
240 58.125
241 12.25
242 9.25
243 43.875
244 43.625
245 24.75
246 0.5
247 3.0
248 1.875
249 37.125
250 48.75
251 30.25
252 37.75
253 41.375
254 47.625
255 42.75
256 7.125
257 19.625
258 7.75
259 3.875
260 16.75
261 1.875
262 6.125
263 1.875
264 4.25
265 3.875
266 15.625
267 11.875
268 28.75
269 36.625
270 35.0
271 38.375
272 39.125
273 38.125
274 40.25
275 38.0
276 40.0
277 42.5
278 42.375
279 43.0
280 52.125
281 45.5
282 50.125
283 55.25
284 48.0
285 55.125
286 52.875
287 51.0
288 58.875
289 78.125
290 56.5
291 38.75
292 60.75
293 80.5
294 78.25
295 70.25
296 44.875
297 1.375
298 10.125
299 12.875
300 14.125
301 35.875
302 44.375
303 45.375
304 46.375
305 28.25
306 0.5
307 11.0
308 10.375
309 4.25
310 44.25
311 57.125
312 61.25
313 67.875
314 54.125
315 51.5
316 75.875
317 57.375
318 46.5
319 41.375
320 52.0
321 16.5
322 26.5
323 24.625
324 1.375
325 0.125
326 0.5
327 0.375
328 14.625
329 13.625
330 30.5
331 39.125
332 42.75
333 42.125
334 41.625
335 44.25
336 45.0
337 42.375
338 43.125
339 53.625
340 45.5
341 49.625
342 46.5
343 47.5
344 40.75
345 42.625
346 39.875
347 41.75
348 77.25
349 75.125
350 69.5
351 82.875
352 86.5
353 85.375
354 56.25
355 42.25
356 44.375
357 57.125
358 80.625
359 77.625
360 81.75
361 84.5
362 88.75
363 83.375
364 83.25
365 81.25
366 83.125
367 84.25
368 91.375
369 92.125
370 80.0
371 68.0
372 46.25
373 61.5
374 51.375
375 77.5
376 80.125
377 86.75
378 63.125
379 82.375
380 85.125
381 87.5
382 94.25
383 87.75
384 83.125
385 88.375
386 99.75
387 90.875
388 84.875
389 85.25
390 83.375
391 83.5
392 80.875
393 50.625
394 41.0
395 49.75
396 48.625
397 43.625
398 52.125
399 43.25
400 47.375
401 82.0
402 55.375
403 52.0
404 79.5
405 76.0
406 35.75
407 10.75
408 44.625
409 8.875
410 2.375
411 0.5
412 0.25
413 11.875
414 14.25
415 15.25
416 15.0
417 14.75
418 7.625
419 19.625
420 24.25
421 31.375
422 34.375
423 37.75
424 39.5
425 45.875
426 51.375
427 44.125
428 50.125
429 49.75
430 39.875
431 39.0
432 40.0
433 53.375
434 77.125
435 79.375
436 65.0
437 62.875
438 42.0
439 42.375
440 77.375
441 77.375
442 72.625
443 80.75
444 83.875
445 86.0
446 42.25
447 69.125
448 75.625
449 79.75
450 81.5
451 84.375
452 86.875
453 83.0
454 63.375
455 59.0
456 62.375
457 70.125
458 80.5
459 85.125
460 82.625
461 76.125
462 77.625
463 68.5
464 84.0
465 79.625
466 76.25
467 81.5
468 74.875
469 77.25
470 80.125
471 58.875
472 69.5
473 87.25
474 81.5
475 85.375
476 83.25
477 84.875
478 85.875
479 81.625
480 84.0
481 83.75
482 85.375
483 85.5
484 87.625
485 88.375
486 87.75
487 73.875
488 55.5
489 60.5
490 81.5
491 84.125
492 83.875
493 72.5
494 84.875
495 54.875
496 12.375
497 15.125
498 14.75
499 13.0
500 14.125
501 11.625
502 13.25
503 14.375
504 14.125
505 13.0
506 13.0
507 14.375
508 14.5
509 15.375
510 15.625
511 13.375
512 15.0
513 14.75
514 13.5
515 14.625
516 13.25
517 14.5
518 14.0
519 14.625
520 10.625
521 15.0
522 13.5
523 15.25
524 13.0
525 14.0
526 15.625
527 12.5
528 14.625
529 9.75
530 14.0
531 14.625
532 12.25
533 13.875
534 15.625
535 10.125
536 14.875
537 11.5
538 13.0
539 13.0
540 14.875
541 14.625
542 13.625
543 13.625
544 14.5
545 13.125
546 14.25
547 14.5
548 13.625
549 10.125
550 11.875
551 13.25
552 13.375
553 14.0
554 12.625
555 12.625
556 11.125
557 13.875
558 12.5
559 12.625
560 15.5
561 10.375
562 12.75
563 14.625
564 14.375
565 12.25
566 14.5
567 14.125
568 14.75
569 14.0
570 14.625
571 15.375
572 15.375
573 11.125
574 15.5
575 15.5
576 12.625
577 15.625
578 12.375
579 12.0
580 14.625
581 14.5
582 14.875
583 11.125
584 11.125
585 14.0
586 13.875
587 14.5
588 12.625
589 14.75
590 14.875
591 15.25
592 13.25
593 14.125
594 13.5
595 15.5
596 15.375
597 10.625
598 12.5
599 13.5
600 14.625
601 14.875
602 10.25
603 17.125
604 29.0
605 19.25
606 28.625
607 40.75
608 42.375
609 25.625
610 28.125
611 43.5
612 52.25
613 59.25
614 64.875
615 62.125
616 68.125
617 66.625
618 66.125
619 60.0
620 72.0
621 68.25
622 73.25
623 72.125
624 73.875
625 66.125
626 54.125
627 50.875
628 68.875
629 80.125
630 74.375
631 68.25
632 68.625
633 74.625
634 74.5
635 111.625
636 82.125
637 83.0
638 76.75
639 69.0
640 70.25
641 107.75
642 135.0
643 90.625
644 48.375
645 57.125
646 63.5
647 5.875
648 0.875
649 9.625
650 13.125
651 11.75
652 12.0
653 11.0
654 11.875
655 14.625
656 11.25
657 14.125
658 15.0
659 15.5
660 14.125
661 15.625
662 15.5
663 11.375
664 14.0
665 13.125
666 13.375
667 14.625
668 15.0
669 14.5
670 15.625
671 15.375
672 15.25
673 13.625
674 13.5
675 12.625
676 13.875
677 13.5
678 15.125
679 12.0
680 11.375
681 15.125
682 18.75
683 30.625
684 25.125
685 37.375
686 38.625
687 45.625
688 47.75
689 42.625
690 45.25
691 52.625
692 53.625
693 57.375
694 32.125
695 14.0
696 14.625
697 11.5
698 13.125
699 13.125
700 14.375
701 12.875
702 15.5
703 11.875
704 14.125
705 15.375
706 14.625
707 15.25
708 14.375
709 15.25
710 11.875
711 13.375
712 13.375
713 15.5
714 14.625
715 12.125
716 14.25
717 14.75
718 12.875
719 12.0
720 12.75
721 15.5
722 15.5
723 14.875
724 12.75
725 12.25
726 12.875
727 13.5
728 11.25
729 12.125
730 14.5
731 13.875
732 12.375
733 14.75
734 13.25
735 14.0
736 14.5
737 14.25
738 14.0
739 14.625
740 14.5
741 11.875
742 9.875
743 12.125
744 10.25
745 15.0
746 15.25
747 14.125
748 14.375
749 13.625
750 13.5
751 15.625
752 15.0
753 13.25
754 14.625
755 15.0
756 11.75
757 13.625
758 15.625
759 13.125
760 11.5
761 10.875
762 17.125
