0.0 610.96
1.1 336.38
3.1 49.58
5.35 426.5
7.35 46.31
9.6 683.96
11.61 528.6
13.6 33.86
15.61 702.67
17.6 40.82
19.6 725.27
21.37 35.52
23.6 327.62
25.6 505.21
27.6 47.42
29.6 464.65
31.61 77.09
33.6 443.83
35.6 433.48
37.6 33.89
39.6 420.57
41.6 8.84
43.6 395.23
45.6 31.16
47.61 411.63
49.6 458.65
51.6 0.05
53.6 473.09
55.61 37.68
57.6 526.11
59.6 498.75
61.61 35.77
63.61 703.14
65.6 28.29
67.61 220.93
69.6 29.28
71.61 232.32
73.6 238.23
75.61 49.73
77.61 226.73
79.61 52.41
81.61 309.99
83.61 113.32
85.61 36.97
87.61 75.24
89.61 52.2
91.61 74.59
93.61 70.48
95.61 63.44
97.61 159.94
99.61 73.12
101.61 179.5
103.61 1.08
105.61 305.94
107.61 221.55
109.61 6.08
111.61 415.37
113.61 27.0
115.61 594.62
117.61 35.08
119.61 265.45
121.61 591.94
123.61 47.34
125.61 599.89
127.61 19.86
129.61 467.8
131.61 283.92
133.61 37.01
135.61 220.67
137.61 53.54
139.61 175.05
141.61 44.4
143.61 310.14
145.61 465.28
147.61 24.94
149.61 433.34
151.61 9.8
153.61 453.17
155.61 433.39
157.61 29.75
159.61 530.08
161.61 35.97
163.61 549.84
165.61 22.79
167.61 354.29
169.61 585.48
171.61 50.93
173.61 601.69
175.61 32.81
177.61 696.15
179.61 715.62
181.61 38.47
183.62 793.32
185.61 48.36
187.61 543.81
189.61 0.94
191.61 375.33
193.61 514.46
195.61 35.78
197.61 484.08
199.62 77.63
201.61 330.61
203.61 393.77
205.61 77.72
207.61 560.21
209.61 32.24
211.62 516.25
213.61 18.7
215.62 595.37
217.61 553.83
219.61 31.26
221.61 656.9
223.62 1.08
225.61 393.81
227.62 723.32
229.61 67.95
231.62 607.39
233.61 29.98
235.61 388.46
237.61 24.82
239.61 753.44
241.61 274.52
243.61 45.14
245.62 674.21
247.61 31.92
249.62 498.98
251.61 573.94
253.61 14.02
255.61 617.38
257.61 1.03
259.61 647.39
261.86 14.35
263.87 602.74
265.87 539.43
267.87 27.02
269.86 682.47
271.86 13.11
273.87 532.49
275.87 527.9
277.87 82.41
279.87 892.57
281.87 29.12
283.87 907.28
285.87 39.89
287.87 784.57
289.87 802.9
291.87 35.33
293.87 907.22
295.87 38.38
297.87 846.49
299.87 844.99
301.87 68.04
303.87 402.56
305.87 1.1
307.87 864.04
309.87 43.44
311.87 797.15
313.87 818.54
315.87 36.39
317.87 768.06
319.87 0.29
321.87 844.31
323.87 478.89
325.87 825.56
327.87 841.39
329.87 46.31
331.87 503.65
333.87 30.86
335.87 842.97
337.87 801.25
339.87 669.65
341.87 929.86
343.87 35.0
345.87 713.17
347.87 925.39
349.87 745.99
351.87 922.46
353.87 65.95
355.87 717.92
357.87 42.44
359.87 693.76
361.87 872.39
363.87 21.76
365.87 495.54
367.87 0.76
369.87 448.21
371.87 318.38
373.87 371.04
375.87 416.99
377.87 32.87
379.87 341.31
381.87 22.04
383.87 708.95
385.87 566.29
387.87 7.53
389.87 773.27
391.87 1.08
393.87 763.74
395.87 357.08
397.87 886.52
399.87 741.67
401.87 3.34
403.87 722.05
405.87 1.13
407.87 579.99
409.87 657.46
411.88 46.31
413.87 900.12
415.87 30.29
417.87 883.15
419.87 737.33
421.87 648.48
423.87 875.53
425.87 47.48
427.87 542.6
429.87 37.85
431.88 749.05
433.87 606.52
435.87 26.73
437.87 614.78
439.87 1.1
441.87 909.27
443.87 732.08
445.87 828.84
447.87 916.72
449.87 15.76
451.87 867.76
453.87 1.08
455.87 469.09
457.87 946.29
459.88 31.28
461.87 930.01
463.87 44.21
465.87 727.92
467.88 735.83
469.87 830.15
471.87 541.02
473.87 1.1
475.88 508.84
477.87 36.34
479.88 449.17
481.88 584.54
483.88 15.94
485.88 699.33
487.88 31.25
489.88 775.36
491.88 789.23
493.88 590.62
495.88 842.26
497.88 40.66
499.88 777.82
501.88 35.27
503.88 711.99
505.88 660.7
507.88 1.08
509.88 939.91
512.13 44.45
514.13 899.69
515.9 39.91
518.13 761.28
520.13 721.51
522.13 47.33
524.13 818.21
526.13 37.32
528.13 1.71
530.13 214.64
532.13 0.79
534.13 517.21
536.13 35.78
538.13 675.85
540.13 49.73
542.13 663.41
544.13 419.85
546.13 0.87
548.13 648.34
550.13 18.14
552.13 844.65
554.13 799.11
556.13 0.8
558.13 774.02
560.13 0.99
562.13 791.02
564.13 39.17
566.14 868.48
568.13 579.48
570.13 10.46
572.13 778.9
574.13 0.98
576.13 848.29
578.13 1014.93
580.13 875.97
582.13 577.23
584.13 22.77
586.13 275.28
588.13 51.02
590.13 533.87
592.13 674.89
594.13 31.91
596.13 661.85
598.13 51.51
600.13 629.87
602.13 549.96
604.13 52.63
606.13 698.68
608.13 41.62
610.13 916.26
612.13 26.56
614.14 37.96
616.13 837.23
618.13 24.11
620.13 682.96
622.13 41.5
624.13 634.0
626.13 263.57
628.13 0.95
630.13 326.46
632.13 0.78
634.14 445.16
636.13 50.84
638.13 767.01
640.13 861.35
642.13 49.73
644.14 504.92
646.13 19.35
648.14 583.53
650.14 582.06
652.13 734.73
654.13 802.14
656.13 1.05
658.13 648.35
660.13 35.51
662.13 251.35
664.13 942.27
666.14 37.04
668.13 769.07
670.13 46.07
672.13 391.36
674.14 525.47
676.13 295.26
678.14 719.66
680.13 28.42
682.14 864.97
684.14 11.36
686.14 736.3
688.14 445.36
690.14 1.03
692.14 606.81
694.14 39.26
696.14 573.75
698.14 884.29
700.14 827.12
702.14 958.71
704.14 48.62
706.14 908.23
708.14 45.33
710.14 904.77
712.14 950.37
714.14 44.12
716.14 914.66
718.14 10.3
720.14 958.62
722.14 892.39
724.14 492.56
726.14 914.65
728.14 40.68
730.14 437.95
732.14 35.83
734.14 570.45
736.14 727.88
738.14 47.37
740.14 942.01
742.14 1.08
744.14 863.95
746.14 921.94
748.14 926.9
750.14 885.07
752.14 39.15
754.14 369.95
756.14 47.56
758.14 856.3
760.14 930.75
762.14 48.59
764.39 184.07
766.4 17.42
768.39 394.01
770.16 47.39
772.39 466.02
774.39 416.26
776.39 42.46
778.39 590.78
780.39 27.79
782.39 587.63
784.39 576.23
786.39 55.38
788.39 466.14
790.39 0.92
792.39 586.33
794.39 23.12
796.39 750.38
798.39 726.99
800.39 42.47
802.39 602.1
804.39 19.69
806.39 230.11
808.39 862.65
810.39 15.75
812.4 0.86
814.4 17.36
816.39 882.64
818.39 37.01
820.39 593.27
822.39 405.47
824.39 1.05
826.39 46.33
828.39 30.15
830.39 125.51
832.4 760.82
834.39 25.4
836.39 785.01
838.39 43.36
840.39 859.88
842.39 4.77
844.39 510.81
846.4 856.19
848.4 31.36
850.4 163.42
852.39 35.2
854.4 16.99
856.4 252.21
858.4 22.79
860.4 407.56
862.4 14.85
864.4 253.16
866.4 18.36
868.4 402.52
870.4 315.99
872.4 1.08
874.39 594.98
876.4 25.26
878.4 872.97
880.4 931.25
882.4 35.38
884.4 703.54
886.4 41.66
888.4 637.2
890.4 1.19
892.4 880.38
894.4 802.92
896.4 42.43
898.4 14.21
900.4 35.78
902.4 831.41
904.4 386.54
906.4 22.19
908.4 622.81
910.4 40.81
912.4 530.31
914.4 29.61
916.4 569.44
918.4 445.82
920.4 38.28
922.4 327.38
924.4 27.44
926.4 461.97
928.4 473.07
930.4 490.5
932.4 510.27
934.4 40.68
936.4 677.72
938.4 47.26
940.4 661.98
942.4 761.98
944.4 78.13
946.4 735.37
948.4 29.39
950.4 870.7
952.4 728.34
954.4 38.75
956.4 712.96
958.4 77.76
960.4 859.9
962.4 42.83
964.4 671.45
966.41 824.36
968.4 0.91
970.4 606.75
972.4 1.08
974.4 881.78
976.4 934.15
978.4 28.5
980.4 359.94
982.4 14.49
984.4 756.94
986.4 78.09
988.4 325.36
990.4 661.08
992.41 1.1
994.4 598.63
996.4 34.22
998.41 385.53
1000.41 571.52
1002.4 23.22
1004.4 288.88
1006.4 13.06
1008.4 603.7
1010.4 58.9
1012.65 809.65
1014.65 839.6
1016.65 11.58
1018.66 395.37
1020.65 48.61
1022.65 298.65
1024.65 463.94
1026.65 655.32
1028.65 638.84
1030.66 29.74
1032.66 621.41
1034.66 21.31
1036.65 96.59
1038.65 176.09
1040.65 22.59
1042.65 350.98
1044.65 31.87
1046.66 438.48
1048.65 567.21
1050.66 568.47
1052.65 652.14
1054.65 45.33
1056.65 184.02
1058.66 26.07
1060.66 326.17
1062.66 148.79
1064.66 25.84
1066.66 343.47
1068.66 24.27
1070.65 289.17
1072.66 297.26
1074.66 331.26
1076.66 386.69
1078.66 38.34
1080.66 243.19
1082.66 12.12
1084.66 228.36
1086.66 396.23
1088.66 45.3
1090.66 562.09
1092.66 28.37
1094.66 554.38
1096.66 641.44
1098.66 1.45
1100.66 425.75
1102.66 39.94
1104.66 750.9
1106.66 48.56
1108.66 177.21
1110.66 353.03
1112.66 37.9
1114.66 655.02
1116.66 44.47
1118.66 689.44
1120.66 853.44
1122.66 844.33
1124.66 561.05
1126.66 19.29
1128.66 572.29
1130.66 48.83
1132.66 506.32
1134.66 386.21
1136.66 24.72
1138.66 335.04
1140.66 78.02
1142.66 448.69
1144.66 509.04
1146.66 472.21
1148.66 313.38
1150.66 26.03
1152.66 224.22
1154.66 44.84
1156.66 330.42
1158.66 108.48
1160.66 16.26
1162.66 183.61
1164.66 37.88
1166.66 272.68
1168.66 254.83
1170.66 208.35
1172.66 250.06
1174.66 46.42
1176.66 372.12
1178.66 23.87
1180.66 344.45
1182.66 346.78
1184.66 35.77
1186.66 391.01
1188.66 16.85
1190.66 477.5
1192.66 403.28
1194.66 530.93
1196.67 6.09
1198.66 32.75
