0.0 2.61
0.69 2.54
2.78 2.64
4.16 2.56
5.96 2.17
7.9 0.15
9.38 2.62
12.18 2.6
14.7 2.28
16.9 2.54
18.49 0.97
20.14 2.63
23.22 2.46
25.06 2.53
26.44 2.34
28.35 2.58
29.49 2.64
30.39 0.18
31.38 2.5
32.57 2.62
34.61 2.56
36.27 2.5
38.04 0.45
39.75 2.58
40.76 2.74
43.1 0.37
45.3 2.56
47.42 2.35
49.1 1.02
51.18 2.55
53.15 2.62
54.15 2.65
55.2 2.6
59.78 0.3
62.76 1.25
66.31 2.66
67.78 2.55
68.74 2.41
70.65 2.19
72.0 2.66
73.21 2.45
75.58 2.53
77.85 0.64
80.45 2.62
82.21 2.53
84.56 2.31
87.65 2.61
89.75 2.68
91.8 2.57
93.82 2.56
95.96 2.52
98.05 2.43
100.19 2.64
102.6 2.5
104.55 2.59
107.73 2.65
109.76 2.71
111.57 2.62
115.41 0.91
117.66 0.85
119.43 2.61
122.47 1.65
125.85 2.61
127.81 0.65
129.42 1.5
131.19 2.44
132.76 2.61
135.02 0.19
138.52 1.77
140.5 2.62
142.14 2.63
144.31 2.57
146.79 2.19
149.52 2.65
152.43 2.69
153.73 2.49
157.01 2.82
159.08 2.56
161.47 2.63
163.69 0.31
166.46 2.61
168.37 2.46
170.88 2.64
174.14 2.57
176.21 2.31
179.15 2.61
181.32 0.48
183.66 2.49
186.56 0.14
188.58 2.6
190.72 1.32
192.62 2.68
194.52 2.64
196.65 2.56
198.96 2.67
201.03 0.17
202.78 2.36
204.86 2.45
206.76 2.45
208.97 2.17
210.82 2.62
213.62 0.11
216.05 2.68
218.41 2.25
220.79 1.97
223.76 2.58
225.41 2.27
227.77 1.56
230.14 1.19
234.55 2.62
239.76 2.59
241.0 2.59
243.19 2.63
245.1 0.12
246.96 2.6
248.96 0.54
250.77 2.42
253.0 2.71
257.24 2.65
261.38 2.59
263.18 2.11
265.55 1.68
268.23 2.52
271.47 2.53
274.77 2.53
277.24 2.62
278.06 2.67
279.69 1.55
281.34 2.36
282.97 2.59
284.24 1.87
286.14 2.33
288.03 2.54
289.45 2.5
291.27 2.59
292.85 2.49
294.44 1.74
296.32 2.53
298.51 2.61
300.6 2.32
302.8 2.68
304.29 2.68
306.4 2.22
309.07 2.64
311.48 2.5
314.14 2.32
315.45 2.5
317.94 1.16
321.48 2.61
323.54 2.46
325.22 2.49
327.94 2.49
329.78 2.61
332.51 1.66
336.06 2.63
338.1 2.57
339.64 2.65
341.57 2.47
345.13 2.49
347.36 2.6
349.2 0.42
350.76 2.58
353.43 2.62
356.34 2.54
358.85 2.65
361.71 2.22
363.83 2.28
366.31 2.57
368.44 2.55
370.11 2.61
371.42 2.53
374.0 2.61
376.88 0.97
379.49 2.66
381.96 2.63
384.03 2.56
386.4 2.65
388.33 2.38
391.26 2.44
393.1 2.59
397.76 0.87
401.65 2.64
405.21 2.46
407.34 2.62
408.94 2.47
411.32 2.65
414.31 2.45
416.56 1.29
417.82 2.58
419.54 2.51
420.7 2.3
421.97 2.41
424.0 2.49
427.16 2.65
430.33 2.27
432.09 2.11
435.48 1.52
437.56 2.3
439.74 2.63
441.51 2.19
443.01 2.53
447.23 0.11
449.38 2.55
452.99 2.54
455.59 2.58
459.64 1.04
462.59 1.07
465.74 2.61
467.18 2.63
469.48 2.62
