0.0 3.15
0.72 6.53
1.51 6.56
2.4 6.02
3.23 7.11
3.96 8.76
4.71 8.72
6.27 0.01
7.2 4.0
8.19 2.18
9.2 3.68
10.36 1.55
11.16 9.26
11.97 10.56
14.01 10.55
16.01 10.54
18.03 11.05
20.01 5.95
22.01 2.0
24.01 4.15
26.01 1.91
28.01 8.16
30.0 2.11
32.01 4.64
34.0 4.07
36.0 0.19
38.02 3.47
39.9 1.15
42.01 7.12
44.01 0.23
46.0 0.03
48.01 4.91
50.0 5.03
52.01 0.97
54.02 4.86
56.0 4.86
58.0 5.53
60.01 4.22
62.0 5.5
64.02 3.24
66.0 3.39
68.01 0.02
70.02 2.34
72.02 6.34
74.02 7.28
75.93 1.36
78.01 0.19
80.01 2.8
82.01 2.96
84.02 10.35
86.02 4.13
88.01 2.09
90.03 0.66
92.02 2.6
94.01 12.02
96.01 2.39
98.0 1.13
100.01 5.07
102.01 2.68
104.01 2.25
106.01 4.45
108.0 0.72
110.0 3.3
112.0 1.88
114.0 8.46
116.02 2.1
118.01 1.1
120.0 2.34
122.01 2.02
124.0 0.19
126.02 7.25
128.01 2.87
130.01 0.15
132.0 1.13
134.0 6.13
136.02 1.37
138.0 0.68
140.01 2.34
142.02 8.98
144.02 0.07
146.03 1.82
148.01 0.91
150.03 2.1
152.01 1.42
154.01 4.26
156.01 4.37
158.02 7.33
160.01 3.43
162.01 3.54
164.01 1.74
166.03 3.3
168.28 6.91
170.01 0.56
172.26 4.7
174.02 6.99
176.26 1.17
178.27 0.77
180.26 0.07
182.26 7.16
184.26 1.93
186.26 0.57
188.26 1.71
190.26 4.76
192.27 6.85
194.27 0.18
196.27 2.67
198.26 1.71
200.27 0.67
202.26 0.26
204.25 2.57
206.26 5.37
208.26 1.58
210.26 8.08
212.28 1.42
214.08 0.01
216.26 0.69
218.26 3.44
220.26 1.12
222.27 3.86
224.26 3.01
