0 7.875
1 13.875
2 26.375
3 47.125
4 67.25
5 72.0
6 74.5
7 41.375
8 15.625
9 14.375
10 14.5
11 12.75
12 15.25
13 14.125
14 12.25
15 13.75
16 11.375
17 14.375
18 11.25
19 12.625
20 14.25
21 14.375
22 14.375
23 18.375
24 21.5
25 29.125
26 3.625
27 0.5
28 12.625
29 12.875
30 17.25
31 38.25
32 56.875
33 57.875
34 50.375
35 66.75
36 25.125
37 1.25
38 1.25
39 0.5
40 5.625
41 15.375
42 15.25
43 15.125
44 12.625
45 14.0
46 13.5
47 14.75
48 15.625
49 14.5
50 12.0
51 15.625
52 14.375
53 11.5
54 12.125
55 37.875
56 77.5
57 82.375
58 60.75
59 25.875
60 26.25
61 28.0
62 18.5
63 13.75
64 14.375
65 10.125
66 11.0
67 49.0
68 126.25
69 106.25
70 111.25
71 119.5
72 116.625
73 101.0
74 61.125
75 100.625
76 120.75
77 116.0
78 131.25
79 128.75
80 128.75
81 128.75
82 121.5
83 120.25
84 29.625
85 7.25
86 1.75
87 23.25
88 25.875
89 71.125
90 5.0
91 5.125
92 9.25
93 14.125
94 9.0
95 86.625
96 112.125
97 114.0
98 117.25
99 115.25
100 120.25
101 122.625
102 126.25
103 125.0
104 124.125
105 126.25
106 125.0
107 124.0
108 115.25
109 111.5
110 132.5
111 128.75
112 147.5
113 127.5
114 122.625
115 176.25
116 193.75
117 187.5
118 162.5
119 171.25
120 51.0
121 10.875
122 18.375
123 15.25
124 14.875
125 71.875
126 66.0
127 37.25
128 61.25
129 35.5
130 48.0
131 31.5
132 22.75
133 15.5
134 7.25
135 13.0
136 15.375
137 49.5
138 51.375
139 49.5
140 52.75
141 52.375
142 54.125
143 52.0
144 42.375
145 52.125
146 61.0
147 64.25
148 78.75
149 102.75
150 119.5
151 136.25
152 160.0
153 181.25
154 196.25
155 203.75
156 206.25
157 200.0
158 185.0
159 190.0
160 191.25
161 195.0
162 196.25
163 190.0
164 227.5
165 218.75
166 226.25
167 206.25
168 177.5
169 182.5
170 123.125
171 10.5
172 16.375
173 117.0
174 95.25
175 79.0
176 71.25
177 59.5
178 10.625
179 13.5
180 13.0
181 12.375
182 10.0
183 76.0
184 99.25
185 89.625
186 88.0
187 20.875
188 26.625
189 13.0
190 13.625
191 34.375
192 20.625
193 18.5
194 18.125
195 14.125
196 8.75
197 3.875
198 10.125
199 14.25
200 13.625
201 34.375
202 17.0
203 12.125
204 9.875
205 15.5
206 11.375
207 42.75
208 15.5
209 11.625
210 12.875
211 15.25
212 15.25
213 13.375
214 26.5
215 58.875
216 24.125
217 15.125
218 60.625
219 66.75
220 74.25
221 77.125
222 55.125
223 15.0
224 11.75
225 13.0
226 10.0
227 12.875
228 19.375
229 36.875
230 40.375
231 44.25
232 48.375
233 51.75
