0.0 3.26
0.52 18.26
1.05 13.45
1.76 0.3
2.29 14.5
3.99 17.21
5.99 14.99
7.98 17.63
9.99 15.23
12.0 17.53
13.99 14.09
15.99 15.88
17.98 1.26
19.97 19.19
22.0 19.17
23.99 20.39
25.97 19.58
27.99 2.77
29.99 13.43
31.99 18.45
33.99 16.23
36.0 21.49
37.99 15.68
39.97 20.47
42.0 22.66
43.98 17.52
46.0 20.05
47.99 0.2
49.98 14.77
52.0 14.24
53.99 17.28
55.99 17.48
57.96 12.43
59.99 1.06
61.99 19.61
64.0 17.04
65.99 18.52
67.98 18.33
69.98 3.09
72.02 3.51
73.98 5.18
75.98 9.5
77.98 2.49
79.98 1.81
82.01 6.76
84.14 7.26
86.14 5.17
88.0 3.87
90.01 1.85
91.98 9.0
94.12 4.46
95.98 6.01
98.0 7.03
99.98 4.04
101.98 7.8
103.98 8.44
106.01 10.07
108.03 9.3
110.25 9.89
112.25 9.19
114.26 9.15
116.26 10.25
118.26 8.99
120.24 8.16
122.25 8.22
124.26 9.16
126.24 8.42
128.27 8.6
130.26 1.46
132.25 6.93
134.24 7.23
136.25 0.44
138.24 4.92
140.24 6.34
142.25 6.47
144.26 5.96
146.25 5.82
148.25 8.16
150.24 8.1
152.22 7.61
154.24 6.56
156.26 6.05
158.25 4.04
160.26 9.84
162.24 0.28
164.24 3.26
166.24 7.67
168.24 8.14
170.26 5.0
172.25 8.34
174.27 6.95
176.25 7.25
178.28 0.13
180.24 4.83
182.24 8.81
184.25 9.81
186.24 8.07
188.24 3.84
190.25 8.12
192.25 1.86
194.26 7.64
196.25 7.91
198.25 3.6
200.24 6.51
202.24 4.07
204.23 0.93
206.24 8.06
208.26 8.13
210.25 1.07
212.25 3.34
214.24 7.15
216.26 9.28
218.24 7.51
220.25 3.79
222.24 6.07
224.25 7.55
226.25 6.28
228.25 1.5
230.25 6.41
232.25 6.8
234.25 5.65
236.24 6.24
238.25 5.47
240.25 5.63
242.24 6.85
244.57 6.43
246.26 7.02
248.26 6.08
250.24 0.86
252.29 1.59
254.26 6.42
256.23 6.58
258.23 8.94
260.23 11.73
262.23 13.8
264.25 10.73
