0 14.875
1 13.625
2 14.0
3 14.875
4 15.375
5 12.625
6 12.75
7 10.75
8 14.625
9 15.25
10 15.125
11 15.5
12 13.0
13 10.625
14 10.0
15 13.75
16 13.625
17 14.0
18 10.75
19 10.875
20 13.375
21 14.125
22 14.0
23 15.0
24 11.75
25 11.375
26 12.75
27 14.75
28 11.5
29 9.75
30 11.375
31 13.875
32 14.375
33 15.0
34 15.0
35 12.5
36 15.0
37 12.25
38 14.625
39 15.625
40 14.125
41 15.375
42 13.375
43 11.125
44 10.125
45 13.875
46 11.875
47 12.875
48 15.0
49 11.0
50 12.375
51 12.5
52 14.125
53 11.375
54 14.875
55 11.875
56 15.5
57 12.5
58 13.125
59 15.5
60 15.0
61 10.75
62 14.625
63 15.625
64 14.5
65 15.5
66 14.625
67 14.375
68 12.875
69 14.125
70 10.625
71 12.75
72 13.875
73 12.25
74 9.875
75 15.625
76 13.0
77 13.125
78 10.875
79 13.875
80 10.875
81 15.25
82 15.0
83 14.625
84 14.625
85 13.75
86 12.75
87 14.375
88 12.125
89 13.25
90 15.5
91 15.25
92 12.75
93 13.375
94 6.125
95 7.5
96 11.25
97 11.25
98 29.875
99 47.875
100 72.5
101 89.25
102 86.5
103 83.0
104 88.5
105 73.25
106 83.625
107 55.625
108 78.875
109 77.375
110 56.125
111 4.25
112 0.25
113 0.5
114 1.125
115 1.375
116 0.875
117 11.0
118 12.5
119 35.25
120 61.25
121 60.5
122 76.75
123 36.125
124 13.875
125 52.625
126 50.125
127 1.0
128 28.625
129 8.5
130 12.125
131 21.625
132 13.375
133 1.0
134 12.0
135 21.125
136 26.5
137 25.5
138 35.25
139 31.125
140 38.625
141 42.125
142 43.625
143 46.125
144 52.75
145 57.0
146 70.125
147 73.75
148 73.875
149 85.625
150 92.0
151 85.125
152 85.75
153 70.5
154 81.875
155 83.625
156 19.0
157 82.375
158 82.0
159 81.0
160 75.25
161 79.375
162 81.875
163 58.25
164 88.375
165 76.25
166 86.375
167 81.0
168 81.875
169 77.625
170 79.625
171 81.5
172 82.25
173 67.5
174 84.75
175 82.375
176 87.5
177 82.0
178 79.75
179 65.625
180 81.125
181 91.875
182 94.5
183 85.625
184 90.0
185 95.5
186 83.125
187 81.0
188 79.5
189 95.875
190 86.375
191 97.0
192 87.625
193 86.125
194 81.875
195 31.875
196 9.25
197 80.625
198 85.875
199 89.625
200 58.375
201 104.5
202 74.625
203 99.0
204 49.875
205 6.75
206 7.375
207 40.375
208 42.375
209 45.125
210 62.75
211 60.5
212 62.125
213 63.875
214 64.0
215 45.625
216 39.5
217 7.125
218 10.125
219 1.25
220 13.125
221 46.75
222 63.25
223 73.25
224 80.625
225 86.25
226 96.0
227 101.875
228 101.5
229 105.0
230 109.75
231 111.5
232 116.375
233 106.5
234 131.25
235 141.25
236 131.25
237 141.25
238 156.25
239 176.25
240 105.25
241 170.0
242 76.0
243 46.625
244 2.25
245 14.625
246 11.75
247 89.875
248 125.0
249 135.0
250 145.0
251 119.0
252 156.25
253 153.75
254 143.75
255 141.25
256 121.25
257 118.375
258 110.5
259 80.25
260 24.5
261 1.0
262 15.125
263 14.25
264 74.25
265 96.0
266 96.75
267 105.25
268 95.75
269 121.0
270 155.0
271 173.75
272 133.75
273 116.75
274 146.25
275 130.0
276 112.5
277 113.375
278 109.875
279 170.0
280 177.5
281 131.25
282 128.75
283 125.0
284 136.25
285 131.25
286 118.75
287 123.875
288 133.75
289 147.5
290 128.75
291 125.0
292 109.875
293 147.5
294 136.25
295 114.625
296 160.0
297 131.25
298 109.5
299 113.875
300 185.0
301 135.0
302 146.25
303 133.75
304 140.0
305 131.25
306 109.875
307 107.625
308 28.375
309 15.375
310 14.875
311 78.25
312 99.25
313 99.0
314 99.0
315 116.0
316 150.0
317 119.375
318 150.0
319 89.375
320 77.875
321 130.0
322 142.5
323 143.75
324 138.75
325 155.0
326 130.0
327 143.75
328 142.5
329 158.75
330 132.5
331 131.25
332 86.0
333 88.5
334 112.25
335 141.25
336 137.5
337 163.75
338 136.25
339 160.0
340 101.0
341 117.75
342 141.25
343 85.125
344 0.25
345 11.625
346 10.625
347 0.25
348 14.625
349 15.25
350 14.25
351 25.25
352 38.875
353 12.0
354 37.5
355 52.375
356 59.625
357 66.5
358 78.25
359 82.5
360 91.625
361 119.625
362 133.75
363 119.5
364 172.5
365 156.25
366 148.75
367 180.0
368 128.75
369 166.25
370 146.25
371 160.0
372 142.5
373 172.5
374 171.25
375 188.75
376 172.5
377 143.75
378 132.5
379 152.5
380 120.375
381 110.875
382 104.875
383 108.625
384 119.0
385 124.75
386 105.25
387 133.75
388 109.125
389 92.375
390 95.5
391 130.0
392 127.5
393 102.125
394 80.25
395 89.375
396 84.0
397 86.0
398 109.125
399 105.75
400 142.5
401 116.375
402 135.0
403 119.0
404 85.25
405 61.0
406 21.375
407 17.625
408 54.625
409 91.75
410 1.25
411 13.25
412 12.125
413 5.0
414 0.5
415 4.125
416 15.375
417 43.625
418 36.75
419 36.0
420 57.625
421 64.75
422 0.5
423 0.625
424 3.875
425 9.75
426 1.25
427 18.25
428 11.5
429 8.875
430 14.625
431 16.875
432 15.75
433 5.5
434 0.625
435 11.5
436 13.375
437 21.0
438 33.875
439 62.125
440 74.625
441 75.375
442 88.625
443 105.5
444 115.0
445 130.0
446 148.75
447 127.5
448 151.25
449 124.625
450 152.5
451 173.75
452 200.0
453 228.75
454 197.5
455 191.25
456 207.5
457 227.5
458 211.25
459 221.25
460 178.75
461 228.75
462 230.0
463 220.0
464 231.25
465 216.25
466 225.0
467 228.75
468 225.0
469 230.0
470 192.5
471 170.0
472 104.0
473 117.0
474 141.25
475 136.25
476 114.5
477 112.125
478 130.0
479 108.625
480 142.5
481 136.25
482 117.875
483 108.25
484 113.25
485 59.5
486 0.625
487 14.625
488 13.0
489 54.25
490 76.375
491 90.875
492 100.625
493 97.375
494 98.125
495 94.375
496 128.75
497 102.25
498 114.75
499 23.875
500 9.875
501 12.375
502 10.875
503 14.875
504 27.75
505 28.75
506 55.875
507 0.875
508 25.75
509 67.75
510 126.25
511 146.25
512 91.125
513 160.0
514 114.75
515 151.25
516 145.0
517 87.625
518 0.25
519 0.375
520 0.625
521 71.375
522 121.125
523 104.875
524 100.375
525 115.875
526 120.25
527 1.0
528 34.125
529 43.375
530 22.625
531 4.5
532 22.0
533 47.625
534 75.875
535 64.25
536 54.375
537 0.25
538 0.375
539 6.75
540 4.75
541 0.125
542 14.75
543 13.125
544 13.5
545 14.0
546 14.875
547 11.125
548 14.25
549 15.25
550 15.625
551 14.875
552 10.25
553 12.375
554 15.0
555 11.25
556 14.875
557 12.875
558 13.875
559 13.5
560 13.5
561 13.5
562 11.375
563 14.25
564 15.5
565 14.125
566 10.125
567 14.125
568 15.25
569 13.125
570 14.25
571 15.625
572 14.125
573 15.625
574 15.375
575 12.875
576 14.75
577 15.5
578 15.375
579 12.0
580 10.625
581 11.25
582 13.25
583 12.625
584 13.125
585 13.75
586 14.5
587 12.25
588 13.875
589 14.5
590 10.375
591 13.75
592 15.5
593 13.75
594 14.875
595 14.375
596 13.25
597 12.625
598 13.125
599 13.0
600 14.25
601 12.875
602 14.5
603 15.625
604 14.5
605 14.75
606 12.75
607 13.75
608 13.5
609 15.0
610 12.875
611 12.125
612 13.875
613 13.125
614 13.375
615 13.75
616 15.875
617 18.125
618 20.0
619 22.625
620 26.625
621 29.25
622 35.25
623 39.75
624 47.25
625 52.625
626 62.5
627 86.625
628 109.0
629 131.25
630 127.5
631 111.0
632 160.0
633 119.125
634 137.5
635 127.5
636 119.25
637 155.0
638 113.25
639 123.375
640 155.0
641 146.25
642 121.625
643 151.25
644 160.0
645 128.75
646 104.25
647 82.875
648 21.375
649 1.5
650 0.375
651 0.25
652 2.0
653 0.25
654 0.875
655 3.625
656 1.125
657 1.5
658 0.125
659 2.25
660 1.625
661 0.5
662 15.125
663 14.875
664 15.625
665 14.5
666 14.875
667 15.625
668 13.25
669 11.125
670 13.0
671 15.625
672 11.25
673 15.5
674 13.375
675 12.875
676 13.0
677 13.875
678 13.5
679 11.125
680 15.0
681 14.5
682 11.75
683 3.125
684 10.5
685 15.375
686 14.875
687 15.5
688 14.625
689 12.375
690 15.375
691 12.875
692 10.25
693 13.5
694 15.5
695 12.375
696 13.375
697 13.125
698 14.0
699 15.625
700 15.125
701 14.5
702 14.0
703 12.875
704 15.625
705 12.25
706 11.75
707 15.25
708 15.125
709 15.125
710 12.875
711 15.25
712 14.0
713 14.375
714 14.0
715 15.5
716 11.75
717 13.875
718 15.625
719 14.5
720 14.0
721 14.25
722 11.125
723 9.75
724 13.25
725 13.375
726 15.5
727 13.75
728 14.625
729 13.875
730 15.5
731 14.375
732 15.0
733 13.375
734 13.125
735 15.0
736 13.75
737 15.5
738 10.5
739 15.625
740 14.25
741 13.125
742 15.375
743 14.25
744 10.875
745 15.375
746 13.125
747 11.25
748 10.0
749 13.625
750 12.625
751 13.75
752 13.75
753 11.0
754 13.375
755 12.5
756 14.75
757 12.25
758 11.875
759 15.0
760 12.0
761 14.75
762 11.375
763 14.875
764 12.5
765 14.875
766 15.375
767 13.125
768 13.5
769 10.0
770 15.25
771 13.0
772 14.375
773 14.625
