0.0 13.91
0.75 69.75
2.76 65.95
4.76 65.95
6.76 66.96
8.76 71.81
10.77 69.51
12.77 69.24
14.77 70.04
16.78 84.2
18.78 74.84
20.79 89.8
22.79 94.01
24.79 80.89
26.79 92.29
28.79 100.55
30.8 100.55
32.8 95.23
34.8 101.23
36.8 127.74
38.8 111.36
40.81 117.06
42.81 124.88
44.81 148.64
46.81 2.66
48.81 97.38
50.82 14.89
52.82 141.41
54.82 161.46
56.83 13.84
58.82 153.71
60.82 11.73
62.83 173.1
64.83 163.26
66.83 128.81
68.83 147.87
70.84 3.26
72.84 158.24
74.84 12.77
76.84 154.76
78.84 176.62
80.85 12.71
82.85 108.02
84.85 14.17
86.85 158.44
88.87 150.13
90.86 161.49
92.86 164.89
94.86 3.25
96.86 159.87
98.86 167.14
100.87 174.84
102.87 160.72
104.87 15.48
106.88 168.52
108.87 0.97
110.88 169.68
112.88 151.19
114.88 131.7
116.88 25.03
118.88 15.01
120.89 21.72
122.89 12.99
124.89 42.45
126.89 47.19
128.89 13.55
130.9 45.64
132.9 43.09
134.9 44.49
136.9 39.96
138.91 45.34
140.91 40.66
142.91 43.29
144.91 35.49
146.91 33.07
148.92 37.29
150.92 40.33
152.92 46.93
154.92 45.58
156.93 42.17
158.93 53.62
160.93 56.89
162.93 51.23
164.93 61.33
166.93 58.09
168.94 60.12
170.94 56.12
172.94 79.85
174.94 79.37
176.94 78.06
178.95 77.24
180.95 55.94
182.97 58.87
184.95 90.15
186.95 33.05
188.96 66.04
190.96 84.57
192.96 72.48
194.96 71.79
196.96 72.07
198.97 80.62
200.97 82.93
202.97 82.93
204.97 82.93
206.98 82.93
208.98 82.93
210.98 94.86
212.98 100.77
214.99 100.77
216.99 100.77
218.99 100.77
220.99 100.77
222.99 100.77
225.0 99.89
227.0 82.95
229.0 93.34
231.01 88.96
233.01 84.41
235.0 110.5
237.0 110.5
239.01 110.5
241.01 110.5
243.01 110.5
245.01 110.5
247.02 110.61
249.02 110.61
251.03 110.61
253.02 100.8
255.02 90.89
257.02 97.21
259.03 87.46
261.03 109.01
263.03 13.6
265.03 52.46
267.03 12.65
269.04 70.14
271.04 55.13
273.04 63.17
275.04 65.43
277.05 66.93
279.05 43.78
281.05 64.84
283.05 78.06
285.05 60.67
287.06 79.52
289.06 85.67
291.09 62.69
293.07 91.12
295.06 72.28
297.08 86.0
299.07 19.43
301.08 104.07
303.07 104.07
305.08 107.18
307.08 85.63
309.08 97.72
311.08 93.5
313.08 105.8
315.08 78.8
317.09 89.96
319.09 108.44
321.09 80.91
323.09 80.91
325.09 74.85
327.1 104.89
329.1 104.89
331.1 106.5
333.1 94.87
335.11 94.87
337.11 94.87
339.11 96.32
341.11 88.34
343.11 88.34
345.12 88.34
347.12 88.34
349.12 85.41
351.12 78.28
353.13 129.0
355.12 131.88
357.13 94.64
359.13 14.09
361.14 78.7
363.13 11.36
365.13 127.53
367.14 127.84
369.14 112.62
371.14 100.71
373.14 12.39
375.14 87.06
376.96 15.03
379.15 116.48
381.16 93.06
383.15 99.14
385.15 113.06
387.16 14.46
389.16 121.04
391.16 126.52
393.17 18.13
395.16 46.46
397.17 14.32
399.18 37.12
401.17 46.33
403.17 56.81
405.18 46.41
407.18 46.41
409.18 46.41
411.18 46.41
413.18 62.63
415.18 62.63
417.19 62.63
419.19 62.63
421.19 62.63
423.2 57.8
425.2 57.8
427.2 57.8
429.21 53.77
431.2 53.77
433.2 55.16
435.21 55.16
437.21 55.16
439.21 55.16
441.22 55.16
443.21 55.16
445.22 52.93
447.22 52.93
449.22 81.2
451.22 81.2
453.22 81.2
455.23 81.2
457.23 81.2
459.23 67.41
461.24 67.49
463.23 73.52
465.24 75.19
467.24 89.95
469.24 71.59
471.24 75.16
473.25 75.16
475.25 75.16
477.25 75.16
479.25 79.05
481.25 90.99
483.25 106.44
485.26 100.13
487.26 112.46
489.26 102.3
491.26 102.04
493.26 123.83
495.27 123.52
497.27 128.79
499.27 99.4
501.28 127.79
503.28 12.27
505.28 113.26
507.28 2.77
509.3 151.64
511.28 133.85
513.28 153.43
515.29 160.29
517.29 15.72
519.29 112.46
521.29 15.0
523.3 150.81
525.3 155.0
527.3 14.87
529.3 168.97
531.31 11.43
533.31 0.24
535.31 153.88
537.31 110.33
539.31 72.46
541.31 15.48
543.31 5.46
545.32 145.76
547.32 123.26
549.32 109.54
551.33 15.89
553.33 79.53
555.33 13.39
557.34 13.39
559.33 88.57
561.33 88.57
563.34 85.29
565.34 54.61
567.34 82.34
569.34 83.1
571.34 88.96
573.35 82.67
575.35 61.4
577.35 86.35
579.35 68.89
581.36 82.21
583.36 87.46
585.36 53.4
587.36 119.8
589.36 99.87
591.36 119.79
593.37 12.36
595.37 109.4
597.37 88.38
599.37 14.81
601.37 111.93
603.38 106.55
605.38 121.63
607.39 114.78
609.38 109.35
611.38 104.99
613.39 14.37
615.39 125.66
617.39 15.23
619.39 112.97
621.4 123.67
623.41 14.64
625.4 57.88
627.4 106.91
629.41 110.9
631.41 14.51
633.41 125.56
635.41 103.55
637.41 113.0
639.41 49.21
641.41 113.35
643.42 113.35
645.42 113.35
647.42 1.96
649.42 115.79
651.43 15.25
653.43 114.1
655.25 14.47
657.43 99.43
659.44 124.09
661.44 124.09
663.44 127.49
665.44 116.3
667.44 116.3
669.44 88.09
671.45 13.98
673.45 36.22
675.45 36.22
677.45 78.67
679.46 105.72
681.46 64.85
683.46 105.24
685.46 113.71
687.46 108.62
689.46 14.65
691.47 141.98
693.47 132.47
695.47 137.69
697.47 127.69
699.48 1.96
701.48 120.87
703.31 11.89
705.48 84.22
707.48 56.99
709.48 9.98
711.49 81.46
713.49 91.32
715.49 77.9
717.49 0.22
719.49 72.52
721.5 113.51
723.5 94.08
725.51 100.71
727.5 19.95
729.51 141.13
731.51 137.4
733.51 11.95
735.51 140.86
737.51 15.99
739.52 66.78
741.52 95.34
743.52 47.96
745.52 78.35
747.52 78.35
749.53 78.35
751.53 83.31
753.53 83.31
755.54 83.31
757.53 83.31
759.54 75.34
761.54 76.41
763.54 76.41
765.54 69.36
767.54 89.69
769.55 89.69
771.55 80.64
773.55 83.49
775.55 64.69
777.56 70.67
779.56 70.67
781.56 70.09
783.56 79.11
785.56 56.52
787.56 76.88
789.58 97.65
791.57 90.63
793.57 106.63
795.57 101.02
797.57 91.11
799.58 106.57
801.58 129.48
803.58 120.96
805.58 125.4
807.58 121.37
809.59 1.78
811.59 140.15
813.59 119.81
815.59 85.93
817.61 105.44
819.6 11.67
821.6 190.71
823.61 11.11
825.6 179.01
827.6 156.21
829.6 1.66
831.61 147.39
833.61 13.55
835.61 34.87
837.62 129.6
839.62 15.41
841.62 174.62
843.62 1.5
845.62 157.71
847.62 12.21
849.63 166.61
851.63 143.01
853.63 11.32
855.63 152.18
857.64 13.81
859.65 163.35
861.64 151.23
863.64 9.75
865.64 68.21
867.64 15.11
869.65 67.34
871.65 87.5
873.65 61.86
875.65 79.6
877.65 72.26
879.66 72.26
881.66 78.28
883.66 63.06
885.66 88.04
887.67 84.04
889.67 84.1
891.67 78.01
893.67 95.17
895.68 91.51
897.68 85.39
899.68 81.23
901.68 52.65
903.68 116.02
905.68 2.71
907.69 88.65
909.69 118.59
911.69 91.08
913.69 87.43
915.7 0.98
917.7 93.46
919.7 14.66
921.7 137.74
923.7 66.33
925.7 14.46
927.71 136.6
929.71 7.7
931.71 154.48
933.71 157.85
935.72 115.34
937.72 155.2
939.72 1.83
941.72 166.52
943.72 14.51
945.73 166.88
947.73 151.84
949.73 14.95
951.73 125.81
953.73 10.21
955.73 161.98
957.74 164.78
959.74 129.68
961.74 177.7
963.74 15.15
965.75 149.45
967.75 13.52
969.75 119.39
971.75 160.13
973.75 14.67
975.76 166.61
977.76 1.41
979.76 145.82
981.76 140.99
983.76 149.1
985.76 167.57
987.77 15.9
989.77 151.52
991.77 12.94
993.77 132.32
995.78 149.53
997.78 14.2
999.78 174.55
1001.78 14.7
1003.79 130.04
1005.78 15.9
1007.79 150.72
1009.79 144.5
1011.79 1.5
1013.8 138.61
1015.8 12.96
1017.8 136.13
1019.8 131.73
1021.8 14.56
1023.8 137.25
1025.81 11.38
1027.81 128.32
1029.81 14.24
1031.81 154.1
1033.82 149.71
1035.82 1.39
1037.83 130.8
1039.82 15.09
1041.82 153.74
1043.82 137.67
1045.84 143.51
1047.83 158.01
1049.83 10.73
1051.83 164.68
1053.83 14.22
1055.84 97.85
1057.84 140.54
1059.84 13.78
1061.84 167.11
1063.84 14.77
1065.85 135.37
1067.85 149.07
1069.85 135.74
1071.85 99.98
1073.86 1.63
1075.86 141.12
1077.68 14.14
1079.86 94.12
1081.87 126.35
1083.86 1.0
1085.87 86.21
1087.88 14.35
1089.87 152.26
1091.88 156.72
1093.88 142.79
1095.88 147.86
1097.88 10.0
1099.88 150.13
1101.71 12.64
1103.89 108.62
1105.89 156.44
1107.89 9.3
1109.89 116.65
1111.89 10.74
1113.89 150.16
1115.9 140.98
1117.9 147.4
1119.9 156.17
1121.9 10.57
1123.9 151.89
1125.74 14.32
1127.91 168.95
1129.91 168.72
1131.91 12.01
1133.92 151.74
1135.92 11.65
1137.92 170.84
1139.92 155.26
1141.93 148.87
1143.93 161.13
1145.93 1.66
1147.93 162.21
1149.76 12.23
1151.94 139.34
1153.94 144.27
1155.94 5.83
1157.94 162.97
1159.95 15.54
1161.94 155.43
1163.95 120.62
1165.95 159.88
1167.95 128.83
1169.95 1.0
1171.96 134.15
1173.78 12.71
1175.96 151.03
1177.96 129.85
1179.96 11.76
1181.97 94.59
1183.97 2.75
1185.97 151.93
1187.97 151.53
1189.97 168.07
1191.97 134.95
1193.98 11.13
1195.98 132.42
1197.98 13.55
1199.98 147.48
1201.98 141.57
1203.99 14.09
1205.99 146.53
1207.99 12.21
1209.99 142.33
1212.0 101.72
1214.0 101.72
1216.0 84.33
1218.0 13.56
1220.0 79.14
1222.01 13.92
1224.01 126.58
1226.01 148.97
1228.01 13.97
1230.01 147.68
1232.01 2.56
1234.02 141.16
1236.02 109.21
1238.02 15.52
1240.02 121.03
1242.04 0.98
1244.03 137.42
1246.03 12.84
1248.03 97.49
1250.04 130.03
1252.04 11.67
1254.04 157.41
1256.04 1.62
1258.04 142.11
1260.04 140.68
1262.05 17.4
1264.05 147.31
1266.05 2.14
1268.05 144.75
1270.05 11.19
1272.06 157.22
1274.06 161.36
1276.06 14.36
1278.06 129.81
1280.07 11.71
1282.08 153.93
1284.07 148.57
1286.07 147.11
1288.07 170.25
1290.07 9.64
1292.08 181.38
1294.08 0.98
1296.08 174.11
1298.08 132.3
1300.08 14.04
1302.09 163.42
1304.09 13.92
1306.09 163.31
1308.09 151.33
1310.09 160.23
1312.1 153.14
1314.1 13.49
1316.1 143.7
1318.1 13.77
1320.1 145.37
1322.11 127.59
1324.11 14.74
1326.11 163.6
1328.12 16.07
1330.12 145.99
1332.12 168.83
1334.12 156.55
1336.12 167.24
1338.12 11.41
1340.13 145.58
1342.13 2.08
1344.13 129.16
1346.13 149.87
1348.13 12.86
1350.14 134.95
1352.14 12.41
1354.15 149.05
1356.14 153.36
1358.15 150.69
1360.15 139.01
1362.15 12.6
1364.15 157.48
1366.15 1.64
1368.16 152.46
1370.16 138.64
1372.16 15.32
1374.16 154.53
1376.16 4.02
1378.16 166.69
1380.17 177.97
1382.17 160.46
1384.17 133.4
1386.17 14.41
1388.17 140.96
1390.18 1.41
1392.18 148.49
1394.19 143.38
1396.19 15.68
1398.18 153.82
1400.18 14.0
1402.19 142.84
1404.01 10.83
1406.19 102.77
1408.2 164.13
1410.2 13.77
1412.2 140.84
1414.2 2.6
1416.2 131.45
1418.2 138.8
1420.2 14.77
1422.21 128.76
1424.21 13.31
1426.21 133.85
1428.03 9.09
1430.22 131.32
1432.22 97.83
1434.22 12.78
1436.22 134.72
1438.22 1.24
1440.23 154.48
1442.23 140.94
1444.23 134.57
1446.23 147.77
1448.24 1.03
1450.24 161.52
1452.06 11.95
1454.24 157.24
1456.24 148.26
1458.25 14.7
1460.25 153.71
1462.25 11.35
1464.25 144.53
1466.26 167.22
1468.26 14.72
1470.26 167.16
1472.26 1.7
1474.26 171.38
1476.26 7.03
1478.27 142.63
1480.27 150.53
1482.28 13.24
1484.28 156.37
1486.28 0.99
1488.28 174.53
1490.28 155.58
1492.29 16.02
1494.3 180.71
1496.3 1.28
1498.3 157.89
1500.11 4.72
1502.3 107.73
1504.3 161.68
1506.31 14.88
1508.32 137.7
1510.32 12.86
1512.31 155.46
1514.31 172.4
1516.31 156.29
1518.32 149.39
1520.32 13.33
1522.32 129.78
1524.14 1.68
1526.33 145.53
1528.33 149.4
1530.33 15.18
1532.34 157.95
1534.34 15.21
1536.34 171.99
1538.34 177.38
1540.35 15.39
1542.35 135.31
1544.36 10.14
1546.35 131.54
1548.18 2.06
1550.36 150.15
1552.36 115.13
1554.36 14.65
1556.36 151.23
1558.36 11.54
1560.37 151.06
1562.37 159.38
1564.37 167.9
1566.37 155.87
1568.37 13.87
1570.38 143.67
1572.2 11.88
1574.38 105.59
1576.38 159.67
1578.38 11.65
1580.39 147.92
1582.39 1.68
1584.39 114.44
1586.39 121.32
1588.4 128.54
1590.4 120.44
1592.4 121.11
1594.4 97.24
1596.22 14.81
1598.4 149.35
1600.41 159.49
1602.42 12.9
1604.41 100.92
1606.41 1.77
1608.41 155.62
1610.42 128.5
1612.42 167.2
1614.42 152.13
1616.42 14.01
1618.43 150.18
1620.25 12.31
1622.43 82.89
1624.43 167.33
1626.43 13.98
1628.44 168.82
1630.44 14.78
1632.44 187.96
1634.44 177.69
1636.44 172.91
1638.44 164.26
1640.45 12.97
1642.45 157.76
1644.45 12.31
1646.46 154.92
1648.46 185.46
1650.46 1.03
1652.46 164.66
1654.46 154.0
1656.46 174.95
1658.47 158.88
1660.47 158.51
1662.47 148.57
1664.47 2.81
1666.47 174.38
1668.48 14.64
1670.48 147.27
1672.48 143.35
1674.48 1.77
1676.48 100.91
1678.48 15.72
1680.49 136.72
1682.49 121.04
1684.49 193.47
1686.49 191.91
1688.49 13.53
1690.5 187.5
1692.5 12.62
1694.5 173.42
1696.5 186.15
1698.51 13.04
1700.51 146.75
1702.51 11.01
1704.51 145.65
1706.51 123.68
1708.52 167.36
1710.52 157.27
1712.52 7.58
1714.52 150.01
1716.52 16.04
1718.52 160.32
1720.53 163.46
1722.53 15.95
1724.53 133.05
1726.53 13.82
1728.53 132.96
1730.54 164.17
1732.54 129.01
1734.54 138.84
1736.55 11.71
1738.55 115.77
1740.55 15.63
1742.55 162.96
1744.56 155.22
1746.55 1.59
1748.56 141.64
1750.56 11.21
1752.56 107.91
1754.56 162.31
1756.57 140.96
1758.56 98.94
1760.57 12.11
1762.57 124.25
1764.57 12.7
1766.58 151.14
1768.58 144.24
1770.58 1.02
1772.58 99.34
1774.59 2.51
1776.59 182.74
1778.59 14.28
1780.59 157.51
1782.59 158.54
1784.6 2.13
1786.6 177.33
1788.6 14.63
1790.6 172.9
1792.6 166.66
1794.61 2.03
1796.6 164.17
1798.61 0.94
1800.62 168.72
1802.43 14.53
1804.61 157.8
1806.62 181.2
1808.62 13.76
1810.62 154.39
1812.62 11.35
1814.62 127.34
1816.62 152.14
1818.63 1.34
1820.63 136.94
1822.63 15.23
1824.63 178.7
1826.64 14.74
1828.64 143.86
1830.64 153.48
1832.64 1.02
1834.64 178.18
1836.65 14.12
1838.65 166.15
1840.65 112.57
1842.65 13.54
1844.65 127.47
1846.65 1.01
1848.66 154.02
1850.49 12.18
1852.66 143.81
1854.67 171.43
1856.67 10.87
1858.67 160.87
1860.67 14.46
1862.67 155.67
1864.68 112.12
1866.68 160.46
1868.68 156.89
1870.68 12.8
1872.68 90.41
1874.5 15.54
1876.69 175.54
1878.69 64.38
1880.69 15.89
1882.69 131.11
1884.69 1.62
1886.7 183.16
1888.7 176.99
1890.7 168.28
1892.7 152.54
1894.7 3.61
1896.71 85.84
1898.53 16.06
1900.71 154.14
1902.71 159.34
1904.72 11.02
1906.72 97.13
1908.72 10.09
1910.72 123.65
1912.73 115.45
1914.73 154.25
1916.73 97.41
1918.73 1.39
1920.73 146.12
1922.55 13.75
1924.73 144.66
1926.74 110.87
1928.74 12.47
1930.74 83.74
1932.74 10.51
1934.75 84.2
1936.75 110.37
1938.75 17.83
1940.76 65.67
1942.75 1.01
1944.75 91.89
1946.59 12.65
1948.76 116.63
1950.76 159.01
1952.76 1.07
1954.77 109.35
1956.77 9.54
1958.78 67.68
1960.77 104.65
1962.77 14.94
1964.78 47.61
1966.78 105.34
1968.78 105.34
1970.78 105.34
1972.78 105.34
1974.79 105.34
1976.79 105.34
1978.79 105.34
1980.79 105.34
1982.79 96.11
1984.8 96.11
1986.8 96.11
1988.8 96.11
1990.81 96.11
1992.8 78.99
1994.81 78.99
1996.81 78.99
1998.81 96.83
2000.81 67.63
2002.83 67.63
2004.82 67.63
2006.82 91.67
2008.82 91.67
2010.82 102.94
2012.82 105.24
2014.83 72.26
2016.83 97.8
2018.83 97.8
2020.83 95.66
2022.84 103.1
2024.84 96.29
2026.84 96.29
2028.84 96.29
2030.85 96.29
2032.85 96.29
2034.87 96.29
2036.85 96.29
2038.85 96.29
2040.85 96.29
2042.86 96.29
2044.86 96.29
2046.86 96.29
2048.86 96.29
2050.86 96.29
2052.86 96.29
2054.87 96.29
2056.88 96.29
2058.88 96.29
2060.88 96.29
2062.88 92.78
2064.88 89.9
2066.88 82.74
2068.88 85.47
2070.88 124.34
2072.9 13.87
2074.89 132.53
2076.89 5.56
2078.89 110.16
2080.89 129.38
2082.89 67.43
2084.9 59.15
2086.9 9.62
2088.9 65.36
2090.9 65.36
2092.91 78.2
2094.91 78.2
2096.92 78.2
2098.91 72.9
2100.91 79.22
2102.92 79.22
2104.92 60.44
2106.92 81.18
2108.92 82.51
2110.92 78.19
2112.93 78.19
2114.93 78.19
2116.93 74.51
2118.93 71.71
2120.94 78.38
2122.94 78.58
2124.94 81.92
2126.95 75.49
2128.94 76.12
2130.94 85.27
2132.95 77.53
2134.95 77.53
2136.95 63.66
2138.95 70.63
2140.96 70.63
2142.96 76.28
2144.96 76.28
2146.96 76.28
2148.96 72.15
2150.97 80.63
2152.97 85.19
2154.97 75.16
2156.97 75.16
2158.97 89.48
2160.97 93.12
2162.98 94.17
2164.98 111.14
2166.98 108.01
2168.98 108.01
2170.99 56.07
2173.0 113.2
2174.99 110.86
2176.99 110.86
2178.99 110.86
2181.0 110.86
2183.0 110.86
2185.0 79.25
2187.0 79.25
2189.0 79.25
2191.0 79.25
2193.01 79.25
2195.01 79.25
2197.01 79.25
2199.01 79.25
2201.01 79.25
2203.02 79.25
2205.02 79.25
2207.02 79.25
2209.02 79.25
2211.03 79.25
2213.03 79.25
2215.03 79.25
2217.03 79.25
2219.03 79.25
2221.04 79.25
2223.04 79.25
2225.04 79.25
2227.04 79.25
2229.04 79.25
2231.04 88.72
2233.05 93.5
2235.05 94.45
2237.05 94.45
2239.06 89.59
2241.06 98.46
2243.06 98.46
2245.06 80.12
2247.06 86.57
2249.06 86.57
2251.06 86.57
2253.07 96.96
2255.07 96.96
2257.08 96.96
2259.08 96.96
2261.08 96.96
2263.08 96.96
2265.08 96.96
2267.08 97.06
2269.08 97.06
2271.09 97.06
2272.88 97.06
2275.09 97.06
2277.09 86.22
2279.1 86.22
2281.1 86.22
2283.1 86.22
2285.1 85.15
2287.11 85.98
2289.1 85.98
2291.11 77.12
2293.11 77.12
2295.11 77.12
2297.11 91.16
2299.12 80.7
2301.12 80.7
2303.12 80.7
2305.12 80.7
2307.13 99.44
2309.13 87.69
2311.13 80.02
2313.13 100.76
2315.13 98.22
2317.13 98.22
2319.14 98.22
2321.14 98.22
2323.14 98.22
2325.14 98.22
2327.14 98.22
2329.15 98.22
2331.16 98.22
2333.15 98.22
2335.15 73.04
2337.16 73.04
2339.16 93.34
2341.16 76.12
2343.16 76.12
2345.16 76.12
2347.16 76.12
2349.17 76.12
2351.17 76.12
2353.17 76.12
2355.17 76.12
2357.17 76.12
2359.18 76.12
2361.18 76.12
2363.18 74.97
2365.18 101.15
2367.19 84.48
2369.19 86.4
2371.19 86.4
2373.2 83.48
2375.19 102.14
2377.2 76.46
2379.2 85.53
2381.2 85.53
2383.2 85.53
2385.2 85.53
2387.2 85.53
2389.21 83.82
2391.21 83.82
2393.21 83.82
2395.21 83.82
2397.22 83.82
2399.22 83.82
2401.22 92.41
2403.22 92.41
2405.22 92.41
2407.22 92.41
2409.23 92.41
2411.23 92.41
2413.23 94.47
2415.24 94.47
2417.24 94.47
2419.24 94.47
2421.24 94.47
2423.24 85.62
2425.24 85.62
2427.24 85.62
2429.25 85.62
2431.25 89.62
2433.26 104.51
2435.25 78.8
2437.25 78.8
2439.26 78.8
2441.26 78.8
2443.26 78.8
2445.26 106.15
2447.27 106.15
2449.27 106.15
2451.27 106.15
2453.27 95.65
2455.27 95.65
2457.28 95.65
2459.28 127.91
2461.28 15.08
2463.28 85.21
2465.28 122.37
2467.29 122.37
2469.29 122.37
2471.29 14.86
2473.29 65.89
2475.3 14.61
2477.29 77.87
2479.3 77.87
2481.3 71.68
2483.3 87.36
2485.3 77.57
2487.31 82.3
2489.31 82.3
2491.31 89.65
2493.31 85.63
2495.31 95.38
2497.32 92.14
2499.32 92.14
2501.32 107.57
2503.33 107.57
2505.33 107.57
2507.32 107.57
2509.33 107.57
2511.33 107.57
2513.33 107.57
2515.33 91.48
2517.34 84.49
2519.34 14.16
2521.34 66.89
2523.34 66.89
2525.34 83.33
2527.35 135.48
2529.35 121.7
2531.35 75.6
2533.36 15.29
2535.36 60.14
2537.36 83.66
2539.36 83.66
2541.36 83.66
2543.36 89.32
2545.37 82.95
2547.37 90.86
2549.37 90.86
2551.38 88.04
2553.37 70.08
2555.37 70.08
2557.38 82.22
2559.39 83.34
2561.38 83.34
2563.38 83.34
2565.38 83.34
2567.39 92.4
2569.39 92.4
2571.39 92.4
2573.39 92.4
2575.4 73.63
2577.4 88.5
2579.4 64.89
2581.4 76.98
2583.4 76.98
2585.41 88.02
2587.41 88.02
2589.41 78.08
2591.41 79.82
2593.42 79.82
2595.41 79.82
2597.42 64.91
2599.42 74.94
2601.42 93.07
2603.42 46.1
2605.42 64.3
2607.44 64.3
2609.43 109.01
2611.43 109.01
2613.44 109.01
2615.44 109.01
2617.44 109.01
2619.44 109.01
2621.44 109.01
2623.44 109.01
2625.44 109.01
2627.45 109.01
2629.45 109.01
2631.45 94.15
2633.45 1.61
2635.46 101.07
2637.46 129.02
2639.46 12.02
2641.46 121.01
2643.47 125.65
2645.47 125.65
2647.47 125.65
2649.47 62.67
2651.47 66.84
2653.47 125.15
2655.48 108.15
2657.49 14.71
2659.48 78.81
2661.48 97.28
2663.48 117.85
2665.49 66.3
2667.49 66.3
2669.49 89.28
2671.31 14.63
2673.49 108.8
2675.5 108.8
2677.5 127.44
2679.5 127.44
2681.5 15.15
2683.51 102.61
2685.51 86.2
2687.51 53.71
2689.51 53.71
2691.52 53.71
2693.52 79.29
2695.31 92.52
2697.52 84.4
2699.53 84.4
2701.52 84.4
2703.52 84.4
2705.53 84.4
2707.53 85.9
2709.53 85.9
2711.54 86.5
2713.54 86.5
2715.54 86.5
2717.54 86.5
2719.54 83.84
2721.54 83.84
2723.54 83.84
2725.55 85.81
2727.56 85.81
2729.55 87.31
2731.56 97.88
2733.56 97.88
2735.56 97.88
2737.56 97.88
2739.56 97.88
2741.57 97.88
2743.57 93.03
2745.57 93.03
2747.57 93.03
2749.57 91.29
2751.57 108.45
2753.58 105.51
2755.58 101.74
2757.58 72.41
2759.58 72.41
2761.58 72.41
2763.59 72.41
2765.59 72.41
2767.59 80.05
2769.6 118.01
2771.6 99.16
2773.6 2.63
2775.6 96.49
2777.6 13.79
2779.61 44.73
2781.6 45.6
2783.61 56.51
2785.61 56.51
2787.61 56.51
2789.61 56.51
2791.62 56.51
2793.62 56.51
2795.62 56.51
2797.62 56.51
2799.62 56.51
2801.62 56.51
2803.63 56.51
2805.63 56.51
2807.63 58.73
2809.63 58.73
2811.64 58.73
2813.64 58.73
2815.65 58.73
2817.64 100.46
2819.64 101.11
2821.65 101.11
2823.65 101.11
2825.65 117.13
2827.65 114.47
2829.65 114.47
2831.66 114.47
2833.66 75.52
2835.66 15.4
2837.66 73.47
2839.67 70.97
2841.67 58.19
2843.67 70.73
2845.67 68.87
2847.67 64.2
2849.68 61.6
2851.68 69.82
2853.68 75.53
2855.68 69.79
2857.68 71.96
2859.68 71.96
2861.69 78.13
2863.69 58.11
2865.69 82.12
2867.69 79.57
2869.7 82.35
2871.7 70.67
2873.7 70.67
2875.7 70.67
2877.7 70.67
2879.71 70.67
2881.71 70.67
2883.73 70.67
2885.72 70.67
2887.71 70.67
2889.72 102.34
2891.72 99.18
2893.72 99.18
2895.72 99.18
2897.72 99.18
2899.72 99.18
2901.73 99.18
2903.73 99.18
2905.73 85.84
2907.73 83.43
2909.74 76.13
2911.74 76.13
2913.74 76.13
2915.74 76.13
2917.75 76.13
2919.74 76.13
2921.75 76.13
2923.75 85.93
2925.75 99.98
2927.76 90.03
2929.76 90.03
2931.76 90.03
2933.76 90.03
2935.76 90.03
2937.76 90.03
2939.77 94.36
2941.77 94.36
2943.78 94.36
2945.77 94.36
2947.77 94.36
2949.78 94.36
2951.78 94.36
2953.78 94.36
2955.78 94.36
2957.79 94.36
2959.79 94.36
2961.79 14.69
2963.79 29.15
2965.79 29.81
2967.79 27.2
2969.8 31.03
2971.8 29.93
2973.61 31.51
2975.8 34.54
2977.81 42.82
2979.81 41.34
2981.81 43.0
2983.81 38.56
2985.81 38.35
2987.81 51.78
2989.82 46.31
2991.82 47.13
2993.82 47.98
2995.82 45.07
2997.83 58.38
2999.83 41.26
3001.83 51.57
3003.83 66.29
3005.83 76.25
3007.83 76.25
3009.84 67.04
3011.84 60.82
3013.84 60.82
3015.84 63.46
3017.84 63.46
3019.85 68.12
3021.64 80.24
3023.85 63.69
3025.85 78.02
3027.85 64.76
3029.86 59.54
3031.86 59.54
3033.86 59.54
3035.86 78.98
3037.86 83.36
3039.87 90.65
3041.88 90.65
3043.87 57.92
3045.87 78.9
3047.88 94.9
3049.88 109.73
3051.88 94.7
3053.88 84.0
3055.88 84.0
3057.88 84.0
3059.89 84.0
3061.89 84.0
3063.89 84.0
3065.89 84.0
3067.89 99.26
3069.9 99.26
3071.91 99.26
3073.91 99.26
3075.9 99.26
3077.9 81.74
3079.92 100.12
3081.91 106.12
3083.91 92.23
3085.91 97.02
3087.92 99.45
3089.92 61.01
3091.92 90.26
3093.93 90.26
3095.92 90.26
3097.93 90.26
3099.93 90.26
3101.93 90.26
3103.93 108.95
3105.93 108.95
3107.94 108.95
3109.94 108.95
3111.94 108.95
3113.94 108.95
3115.94 82.58
3117.94 82.58
3119.95 82.58
3121.95 82.58
3123.95 82.58
3125.96 82.58
3127.96 82.58
3129.96 82.58
3131.96 82.58
3133.96 82.58
3135.96 82.58
3137.97 82.58
3139.97 82.58
3141.77 82.58
3143.97 82.58
3145.97 96.48
3147.98 96.48
3149.98 79.41
3151.98 88.79
3153.98 80.47
3155.99 89.58
3157.99 86.67
3159.99 86.67
3161.99 86.67
3163.99 79.53
3166.0 79.53
3168.0 79.53
3170.0 79.53
3172.0 79.53
3174.0 89.3
3176.01 89.3
3178.01 87.7
3180.01 87.7
3182.01 87.7
3184.01 87.7
3186.01 75.15
3188.02 94.61
3190.02 79.2
3192.02 79.2
3194.02 79.2
3196.02 79.2
3198.03 79.2
3200.03 79.2
3202.03 79.2
3204.03 83.31
3206.04 83.31
3208.04 83.31
3210.04 83.31
3212.04 83.31
3214.04 65.84
3216.04 85.4
3218.05 65.98
3220.05 85.64
3222.05 100.27
3224.05 77.26
3226.06 115.67
3228.06 118.74
3230.06 104.31
3232.06 137.2
3234.06 101.19
3236.06 88.68
3237.9 12.62
3240.07 144.51
3242.07 152.61
3244.08 13.3
3246.08 154.76
3248.08 14.26
3250.08 92.97
3252.09 139.68
3254.08 12.53
3256.09 82.14
3258.09 15.96
3260.09 64.17
3262.09 12.88
3264.1 69.52
3266.1 68.13
3268.1 48.62
3270.1 61.67
3272.11 63.43
3274.1 60.44
3276.11 60.44
3278.11 66.63
3280.11 62.76
3282.11 93.48
3284.12 93.48
3286.12 68.09
3288.12 56.61
3290.12 92.75
3292.12 113.19
3294.13 80.49
3296.13 130.37
3298.13 97.19
3300.13 111.58
3302.13 15.14
3304.14 134.05
3306.14 127.83
3308.14 114.12
3310.14 9.21
3312.14 127.08
3314.14 144.8
3316.15 15.74
3318.15 136.44
3320.15 12.31
3322.15 133.08
3324.16 136.28
3326.16 113.54
3328.16 99.05
3330.16 14.07
3332.16 153.97
3334.16 14.52
3336.17 133.77
3338.17 130.93
3340.17 11.66
3342.17 129.78
3344.18 0.95
3346.18 151.58
3348.2 157.92
3350.18 140.67
3352.18 155.44
3354.19 11.82
3356.19 133.83
3358.19 14.64
3360.2 115.87
3362.21 138.55
3364.2 15.4
3366.2 155.58
3368.2 12.25
3370.2 93.88
3372.03 15.84
3374.21 85.93
3376.21 138.32
3378.21 14.88
3380.21 81.24
3382.22 13.81
3384.22 85.42
3386.22 80.52
3388.22 84.49
3390.22 94.69
3392.23 97.59
3394.23 71.61
3396.02 88.73
3398.23 85.15
3400.23 118.75
3402.48 115.69
3404.24 121.34
3406.24 115.64
3408.24 123.01
3410.24 112.54
3412.25 14.2
3414.24 107.04
3416.25 15.43
3418.25 146.08
3420.07 14.45
3422.26 137.4
3424.26 147.63
3426.26 10.57
3428.26 147.4
3430.26 12.64
3432.27 125.66
3434.27 116.82
3436.27 154.86
3438.27 152.24
3440.28 14.74
3442.28 115.61
3444.1 15.97
3446.28 109.27
3448.28 131.73
3450.28 1.36
3452.29 139.24
3454.29 15.51
3456.29 96.08
3458.29 118.62
3460.29 14.73
3462.3 131.35
3464.3 12.89
3466.3 119.5
3468.12 14.87
3470.3 114.33
3472.31 140.31
3474.31 12.94
3476.31 156.98
3478.31 14.07
3480.32 153.2
3482.32 157.45
3484.32 159.77
3486.32 152.43
3488.32 1.62
3490.32 160.15
3492.15 12.55
3494.33 159.42
3496.33 162.05
3498.33 1.42
3500.33 130.22
3502.34 14.08
3504.34 104.56
3506.35 131.3
3508.34 131.12
3510.34 120.9
3512.35 125.98
3514.35 103.85
3516.18 11.92
3518.36 126.25
3520.36 134.59
3522.36 2.92
3524.36 132.0
3526.36 12.36
3528.36 160.92
3530.36 102.98
3532.37 156.55
3534.37 24.89
3536.37 16.02
3538.37 139.6
3540.19 15.17
3542.39 174.03
3544.38 141.8
3546.38 1.63
3548.39 156.03
3550.39 11.63
3552.39 177.91
3554.39 95.44
3556.39 134.59
3558.39 60.68
3560.4 14.56
3562.4 141.87
3564.4 16.02
3566.4 154.98
3568.4 175.45
3570.4 1.7
3572.41 121.5
3574.41 1.94
3576.41 170.1
3578.41 153.49
3580.42 164.9
3582.42 172.96
3584.42 14.01
3586.42 151.96
3588.24 14.31
3590.43 162.11
3592.43 156.28
3594.43 0.99
3596.43 175.15
3598.43 15.46
3600.44 146.12
3602.44 166.36
3604.44 178.51
3606.44 158.81
3608.44 6.5
3610.45 192.81
3612.27 14.53
3614.45 152.84
3616.46 153.72
3618.45 1.69
3620.46 149.78
3622.46 9.52
3624.47 157.16
3626.46 136.14
3628.47 137.35
3630.48 139.23
3632.47 14.04
3634.47 107.88
3636.47 15.52
3638.48 141.73
3640.48 126.66
3642.48 11.68
3644.48 147.02
3646.48 2.51
3648.49 134.02
3650.49 143.25
3652.49 138.93
3654.49 139.17
3656.49 11.52
3658.49 149.67
3660.5 13.49
3662.5 155.35
3664.5 147.33
3666.5 1.83
3668.5 130.86
3670.51 1.7
3672.51 147.49
3674.51 149.03
3676.51 163.79
3678.52 149.46
3680.52 14.89
3682.53 146.92
3684.52 15.0
3686.53 151.42
3688.53 174.6
3690.53 13.73
3692.53 174.19
3694.53 2.19
3696.53 167.95
3698.54 168.04
3700.54 16.56
3702.54 19.36
3704.55 13.43
3706.57 8.21
3708.55 13.73
3710.56 29.09
3712.55 88.29
3714.55 15.07
3716.55 22.14
3718.56 26.4
3720.56 26.4
3722.56 79.73
3724.57 83.47
3726.56 67.54
3728.57 98.36
3730.57 89.61
3732.57 103.64
3734.57 117.96
3736.58 105.07
3738.58 101.35
3740.58 115.52
3742.58 0.98
3744.58 116.58
3746.59 121.01
3748.59 120.63
3750.59 143.86
3752.59 14.6
3754.59 98.02
3756.6 13.66
3758.6 124.48
3760.6 140.86
3762.6 13.7
3764.6 108.03
3766.61 1.8
3768.61 154.4
3770.44 12.88
3772.61 142.12
3774.61 149.46
3776.61 1.0
3778.62 110.03
3780.62 14.46
3782.62 109.12
3784.62 134.7
3786.63 12.92
3788.64 156.08
3790.63 1.97
3792.63 110.15
3794.45 13.76
3796.63 147.9
3798.64 172.13
3800.65 13.01
3802.64 109.02
3804.64 15.08
3806.65 145.3
3808.65 147.18
3810.65 14.49
3812.65 71.23
3814.65 14.82
3816.66 57.02
3818.45 57.02
3820.67 60.87
3822.66 43.24
3824.66 67.8
3826.67 60.5
3828.67 73.68
3830.67 55.59
3832.67 74.13
3834.68 79.45
3836.68 86.85
3838.68 82.94
3840.68 103.74
3842.68 101.02
3844.68 106.37
3846.69 107.53
3848.69 103.81
3850.69 105.64
3852.69 109.35
3854.69 105.04
3856.7 87.27
3858.7 110.08
3860.7 107.12
3862.7 0.98
3864.71 132.18
3866.5 130.85
3868.71 90.76
3870.71 104.71
3872.71 15.98
3874.72 94.58
3876.72 1.63
3878.72 91.43
3880.72 96.48
3882.73 17.59
3884.73 98.11
3886.73 101.73
3888.73 103.62
3890.73 102.32
3892.73 98.91
3894.74 105.78
3896.74 111.67
3898.74 101.23
3900.74 104.46
3902.74 124.71
3904.74 102.22
3906.75 101.81
3908.75 84.09
3910.76 116.08
3912.75 124.71
3914.75 15.81
3916.76 113.57
3918.76 102.15
3920.76 14.69
3922.76 140.23
3924.76 130.32
3926.77 126.13
3928.77 152.08
3930.77 103.69
3932.77 153.91
3934.78 5.11
3936.78 169.23
3938.61 15.76
3940.78 164.03
3942.78 147.06
3944.79 11.99
3946.79 123.1
3948.8 0.74
3950.79 129.89
3952.8 174.43
3954.8 167.04
3956.8 149.34
3958.82 10.52
3960.8 129.19
3962.63 13.34
3964.81 117.56
3966.81 132.24
3968.81 14.91
3970.81 150.58
3972.81 1.11
3974.82 141.88
3976.82 129.96
3978.82 121.67
3980.82 143.53
3982.82 15.58
3984.83 143.8
3986.65 14.8
3988.83 146.92
3990.84 132.32
3992.83 15.49
3994.84 149.52
3996.84 15.96
3998.84 114.6
4000.84 157.32
4002.84 149.21
4004.85 141.64
4006.85 14.65
4008.85 145.78
4010.67 14.76
4012.85 140.28
4014.86 176.14
4016.86 15.5
4018.86 188.9
4020.86 10.69
4022.87 151.56
4024.87 74.53
4026.87 15.76
4028.87 72.87
4030.87 14.68
4032.87 70.14
4034.88 62.0
4036.88 71.31
4038.88 58.67
4040.89 75.5
4042.89 68.9
4044.89 63.67
4046.89 79.0
4048.89 64.68
4050.89 64.34
4052.89 73.78
4054.9 78.48
4056.9 79.63
4058.9 79.63
4060.9 68.61
4062.9 63.08
4064.91 80.6
4066.92 66.95
4068.91 73.06
4070.91 69.75
4072.92 75.7
4074.92 75.7
4076.92 75.7
4078.92 75.7
4080.93 75.7
4082.92 75.7
4084.93 72.36
4086.93 72.08
4088.93 80.54
4090.93 87.46
4092.93 88.46
4094.94 99.26
4096.94 83.92
4098.94 96.7
4100.94 109.59
4102.95 105.81
4104.95 100.01
4106.95 100.01
4108.95 100.01
4110.95 92.2
4112.96 73.59
4114.96 116.32
4116.96 106.75
4118.96 79.77
4120.97 105.34
4122.97 105.34
4124.97 125.35
4126.97 14.74
4128.97 12.8
4130.97 1.04
4132.98 97.61
4134.98 100.62
4136.98 112.69
4138.98 113.84
4140.98 113.84
4142.99 119.35
4144.99 111.66
4146.99 136.55
4149.0 155.89
4151.0 14.79
4153.0 105.23
4155.0 1.59
4157.0 29.81
4159.0 129.08
4161.0 15.57
4163.01 117.83
4165.01 12.21
4167.01 138.75
4168.83 13.73
4171.02 64.73
4173.02 110.54
4175.02 12.4
4177.02 114.53
4179.02 103.72
4181.03 113.78
4183.03 84.59
4185.03 122.0
4187.04 111.73
4189.05 1.05
4191.04 74.49
4192.85 14.45
4195.04 90.74
4197.04 70.14
4199.04 14.57
4201.05 1.39
4203.05 1.29
4205.05 111.44
4207.05 114.8
4209.05 85.23
4211.06 66.56
4213.06 1.83
4215.06 1.31
4216.88 13.7
4219.06 104.98
4221.07 104.87
4223.07 126.62
4225.07 109.14
4227.07 13.98
4229.07 151.68
4231.08 133.75
4233.08 157.23
4235.08 136.55
4237.08 10.36
4239.09 148.56
4240.9 2.34
4243.09 131.67
4245.09 134.27
4247.09 11.84
4249.09 155.47
4251.1 13.6
4253.1 189.41
4255.1 164.67
4257.1 14.62
4259.11 24.94
4261.11 7.09
4263.11 172.97
4264.93 11.18
4267.11 170.42
4269.11 151.0
4271.12 14.04
4273.12 8.73
4275.12 13.89
4277.12 151.48
4279.12 146.1
4281.13 17.87
4283.13 146.92
4285.13 12.07
4287.15 127.69
4288.95 0.98
4291.14 165.89
4293.14 172.42
4295.15 13.86
4297.15 62.92
4299.16 15.64
4301.16 137.73
4303.17 143.72
4305.17 150.88
4307.17 150.34
4309.17 15.05
4311.17 102.97
4313.0 7.08
4315.18 177.4
4317.18 0.88
4319.18 14.15
4321.18 76.62
4323.19 14.07
4325.19 95.37
4327.19 99.14
4329.19 16.77
4331.19 105.69
4333.2 110.91
4335.21 105.12
4337.2 113.18
4339.2 120.57
4341.2 110.93
4343.21 114.39
4345.22 114.39
4347.21 11.27
4349.21 99.3
4351.21 98.11
4353.21 108.81
4355.22 103.07
4357.22 104.15
4359.22 108.55
4361.05 12.98
4363.23 121.84
4365.23 127.08
4367.23 11.75
4369.23 119.38
4371.24 15.7
4373.24 111.11
4375.24 121.53
4377.24 6.14
