0.0 48.71
1.36 56.21
3.37 56.21
5.27 56.21
7.35 56.21
9.43 56.21
11.24 56.21
13.33 56.21
15.42 56.21
17.24 56.21
19.32 56.21
21.4 56.21
23.48 56.21
25.3 56.21
27.3 56.21
29.45 56.21
31.28 56.21
33.36 56.21
35.44 56.21
37.26 56.21
39.34 56.21
41.42 56.21
43.5 56.21
45.32 56.21
47.4 56.21
49.48 56.21
51.3 56.21
53.38 56.21
55.46 56.21
57.54 56.21
59.36 56.21
61.43 56.21
63.51 56.21
65.33 56.21
67.41 56.21
69.49 1.7
71.52 3.57
73.4 6.75
75.46 8.95
77.55 10.86
79.39 12.11
81.47 14.47
83.29 16.27
85.36 17.99
87.44 22.09
89.52 18.2
91.35 13.53
93.43 21.87
95.51 21.32
97.32 24.89
99.34 27.06
101.47 30.33
103.55 30.68
105.38 30.44
107.45 31.87
109.53 31.89
111.35 29.43
113.43 29.8
115.51 29.71
117.58 32.1
119.4 32.09
121.48 32.75
123.49 32.75
125.38 32.75
127.46 32.75
129.54 32.75
131.36 32.75
133.44 32.75
135.52 32.75
137.6 32.75
139.42 32.75
141.49 33.55
143.57 33.55
145.39 33.55
147.43 33.55
149.55 33.55
151.38 33.55
153.45 33.55
155.53 33.55
157.35 33.55
159.44 33.55
161.51 33.55
163.59 33.55
165.41 33.55
167.51 33.55
169.58 34.08
171.41 34.08
173.49 31.65
175.56 31.65
177.64 31.65
179.45 31.65
181.54 31.65
183.63 31.65
185.43 34.03
187.52 32.32
189.58 33.64
191.41 33.64
193.48 31.64
195.56 31.83
197.65 31.08
199.47 31.08
201.54 34.62
203.62 34.62
205.43 34.62
207.5 34.62
209.58 34.62
211.68 34.62
213.48 34.92
215.56 34.92
217.64 34.92
219.46 34.92
221.54 39.15
223.63 35.35
225.71 0.07
227.53 12.24
229.61 16.78
231.69 16.78
233.52 16.78
235.6 16.97
237.68 16.97
239.5 16.97
241.56 16.97
