0.0 132.63
0.67 176.23
2.67 154.11
4.66 201.5
6.67 195.98
8.67 191.02
10.67 1.42
12.67 186.43
14.66 23.88
16.67 178.23
18.67 160.02
20.67 8.91
22.66 137.66
24.66 0.69
26.67 116.08
28.66 115.24
30.68 0.32
32.67 78.77
34.67 22.9
36.67 152.46
38.66 16.21
40.67 139.72
42.68 105.95
44.67 8.17
46.66 85.03
48.66 0.64
50.67 170.87
52.66 172.4
54.67 127.85
56.67 149.45
58.67 1.43
60.68 166.74
62.66 12.94
64.68 159.68
66.67 183.43
68.66 26.76
70.67 184.68
72.66 11.75
74.67 161.44
76.67 169.57
78.66 162.73
80.66 159.0
82.66 25.38
84.67 159.83
86.67 25.88
88.66 191.16
90.67 1.25
92.67 11.39
94.66 188.71
96.67 14.06
98.67 174.68
100.67 193.16
102.67 179.14
104.67 215.33
106.66 0.73
108.67 209.73
110.67 7.03
112.92 79.07
114.92 94.41
116.93 168.89
118.91 79.0
120.91 0.65
122.91 141.79
124.7 4.19
126.91 146.31
128.91 25.24
130.92 12.45
132.91 115.9
134.91 18.72
136.92 133.79
138.92 179.54
140.91 177.31
142.92 148.72
144.91 6.52
146.91 124.14
148.91 13.5
150.92 157.8
152.91 138.44
154.92 0.45
156.91 192.51
158.92 8.51
160.91 175.31
162.92 137.81
164.91 128.47
166.91 156.27
168.91 7.35
170.91 172.77
172.92 22.01
174.92 100.62
176.92 137.28
178.91 0.73
180.92 152.76
182.92 8.2
184.92 98.64
186.92 171.59
188.92 149.26
190.92 191.71
192.91 7.5
194.92 185.36
196.91 13.59
198.91 182.71
200.92 191.56
202.91 0.7
204.92 174.6
206.91 4.76
208.92 174.31
210.91 173.57
212.92 168.88
214.91 196.6
216.92 8.7
218.91 121.64
220.91 0.7
222.91 1.95
224.91 179.87
226.91 1.34
228.92 178.7
230.91 0.75
232.92 182.68
234.92 124.35
236.91 119.23
238.91 115.71
240.91 1.27
242.92 154.68
244.92 1.29
246.92 123.97
248.92 190.75
250.92 2.09
252.91 101.84
254.92 6.33
256.92 150.28
258.92 188.85
260.91 182.88
262.91 175.85
264.91 4.84
266.91 194.12
268.91 0.64
270.92 191.99
272.91 102.71
274.92 1.36
276.91 140.76
278.92 5.34
280.92 156.14
282.92 173.81
284.92 14.97
286.91 176.67
288.91 16.66
290.91 169.86
292.91 0.6
294.91 195.04
296.92 166.91
298.92 6.47
300.91 163.67
302.92 0.7
304.91 187.49
306.92 138.62
308.92 19.11
310.92 161.76
312.92 7.03
314.92 149.13
316.92 0.59
318.91 154.64
320.91 161.63
322.92 22.01
324.91 134.96
326.91 26.62
328.91 173.69
330.92 110.5
332.92 159.58
334.92 95.53
336.92 6.95
338.92 136.1
340.92 13.87
342.91 169.88
344.92 182.65
346.91 14.66
348.91 191.99
350.91 22.9
352.91 8.3
354.91 171.49
356.91 172.43
358.92 140.5
361.17 0.66
362.92 191.0
365.18 12.2
366.93 72.5
369.16 182.83
370.92 0.7
373.16 181.73
375.16 16.71
377.16 174.8
378.96 0.66
381.16 212.94
383.18 199.41
385.16 27.38
387.16 184.06
389.16 0.97
391.17 167.34
393.17 163.94
395.17 2.06
397.17 184.44
399.17 16.05
401.17 184.7
403.16 11.7
405.16 173.17
407.17 150.72
409.16 0.7
411.16 145.43
413.16 17.96
415.17 148.17
417.17 176.53
419.16 7.85
421.16 146.94
423.17 0.71
425.16 156.07
427.17 14.75
429.16 126.21
431.17 114.98
433.17 0.71
435.16 136.32
437.17 12.35
439.17 159.62
441.17 42.1
443.17 0.71
445.17 128.69
447.17 22.53
449.16 157.12
451.17 24.92
453.17 176.92
455.17 144.44
457.16 15.4
459.16 146.51
461.17 4.42
463.16 79.66
465.17 150.98
467.18 0.71
469.16 130.72
471.17 1.87
473.17 46.94
475.17 13.1
477.16 77.49
479.16 124.81
481.16 7.85
483.16 110.79
485.17 10.54
487.16 126.53
489.17 90.89
491.16 127.73
493.16 127.95
495.16 0.69
497.16 109.94
499.17 0.69
501.16 64.69
503.17 183.32
505.16 0.7
507.16 140.21
509.17 2.88
511.16 154.45
513.16 154.29
515.16 7.81
517.17 159.24
519.16 24.89
521.17 121.77
523.16 10.32
525.17 127.16
527.17 76.93
529.16 9.83
531.16 164.42
533.17 7.14
535.17 131.21
537.16 180.75
539.17 9.72
541.17 85.97
543.16 27.19
545.17 154.54
547.17 13.83
549.16 120.76
551.16 122.56
553.16 19.95
555.16 154.39
557.17 7.12
559.17 145.19
561.17 194.49
563.17 6.62
565.17 140.92
567.17 3.47
569.17 167.34
571.17 19.95
573.17 148.87
575.17 188.47
577.16 23.74
579.16 143.34
581.17 13.86
583.17 126.04
585.17 153.31
587.16 200.26
589.16 122.7
591.16 3.42
593.16 209.67
595.16 7.81
597.17 193.9
599.16 173.14
601.16 2.48
603.17 157.71
605.17 0.7
607.17 159.13
609.17 147.73
611.17 2.83
613.17 171.68
615.17 12.05
617.42 145.91
619.41 25.43
621.42 192.5
623.42 191.11
625.42 0.71
627.41 134.73
629.41 30.57
631.41 148.25
633.41 117.54
635.42 121.44
637.42 149.4
639.41 5.58
641.42 150.09
643.42 0.65
645.41 115.32
647.42 120.89
649.41 9.28
651.42 151.31
653.42 19.54
655.42 146.33
657.41 123.84
659.42 160.37
661.41 166.16
663.41 7.61
665.41 72.18
667.42 1.95
669.41 190.46
671.42 162.05
673.41 4.0
675.42 188.48
677.42 0.71
679.41 172.37
681.41 166.48
683.41 175.03
685.41 196.8
687.42 0.71
689.42 172.17
691.42 27.53
693.42 176.8
695.42 198.29
697.41 6.19
699.41 92.04
701.42 27.46
703.41 209.64
705.42 0.67
707.42 171.49
709.41 165.68
711.42 5.58
713.41 186.74
715.41 7.0
717.41 181.73
719.41 181.8
721.42 0.67
723.42 161.43
725.41 0.68
727.42 145.32
729.41 58.06
731.41 194.32
733.42 153.88
735.41 207.06
737.41 180.08
739.41 12.39
741.41 215.85
743.42 191.84
745.41 0.6
747.42 232.29
749.41 3.18
751.42 178.83
753.42 196.71
755.41 199.66
757.42 163.67
759.42 11.34
761.41 174.46
763.41 0.61
765.41 159.65
767.42 199.54
769.41 0.65
771.42 170.15
773.42 22.01
775.41 128.06
777.42 179.62
779.42 28.69
781.41 174.93
783.42 11.79
785.42 148.08
787.41 0.7
789.42 186.04
791.42 150.3
793.43 8.96
795.42 158.3
797.42 0.71
799.41 169.4
801.41 139.46
803.41 191.43
805.42 182.63
807.42 15.74
809.42 171.13
811.41 18.54
813.42 194.91
815.42 160.4
817.41 19.73
819.42 123.74
821.42 6.94
823.42 106.93
825.41 154.48
827.41 184.48
829.41 138.63
831.42 4.68
833.42 157.65
835.41 26.53
837.42 0.49
839.42 161.7
841.42 8.99
843.42 154.69
845.42 5.47
847.42 124.24
849.42 160.93
851.41 171.7
853.41 118.28
855.41 18.98
857.41 94.74
859.41 18.54
861.42 103.45
863.42 117.43
865.41 103.65
867.42 103.61
869.42 103.61
871.42 103.61
873.42 84.37
875.66 125.8
877.67 117.61
879.67 24.72
881.66 163.01
883.67 14.83
885.67 57.94
887.67 110.9
889.67 138.87
891.67 155.72
893.66 26.9
895.66 168.29
897.46 20.95
899.67 141.35
901.66 138.95
903.66 18.5
905.67 183.69
907.66 0.71
909.66 171.0
911.66 145.5
913.66 155.94
915.68 126.41
917.66 13.52
919.67 135.12
921.66 22.92
923.67 187.37
925.67 179.11
927.66 11.06
929.66 144.52
931.66 23.77
933.67 197.13
935.67 185.24
937.66 195.67
939.67 142.1
941.66 10.98
943.66 164.01
945.66 2.75
947.66 159.95
949.66 124.49
951.67 8.16
953.66 130.12
955.67 25.9
957.67 192.61
959.67 165.74
961.67 4.29
963.66 135.25
965.66 5.84
967.66 149.74
969.66 21.97
971.66 116.39
973.67 161.69
975.66 18.33
977.66 161.27
979.66 13.76
981.67 143.91
983.66 176.64
985.66 177.26
987.66 144.2
989.66 0.7
991.67 182.09
993.67 16.26
995.9 155.21
997.67 79.94
999.66 3.6
1001.66 72.14
1003.66 5.58
1005.67 177.34
1007.66 152.93
1009.66 3.99
1011.67 130.31
1013.66 16.57
1015.66 175.95
1017.67 7.63
1019.67 147.63
1021.67 218.69
1023.67 6.02
1025.67 184.98
1027.66 28.96
1029.66 26.55
1031.67 172.09
1033.66 164.6
1035.67 147.7
1037.67 0.69
1039.67 146.34
1041.67 6.4
1043.66 176.7
1045.66 195.32
1047.67 176.33
1049.66 1.35
1051.66 3.52
1053.66 133.05
1055.67 126.65
1057.67 110.85
1059.67 167.0
1061.67 14.85
1063.66 141.38
1065.66 14.36
1067.67 25.16
1069.66 108.49
1071.66 14.07
1073.66 96.51
1075.67 16.73
1077.66 92.03
1079.66 80.07
1081.67 69.84
1083.66 10.83
1085.67 87.57
1087.66 110.1
1089.67 106.32
1091.67 98.41
1093.67 108.88
1095.67 28.99
1097.67 118.45
1099.67 80.43
1101.67 89.13
1103.66 125.86
1105.66 100.09
1107.66 113.63
1109.66 3.52
1111.67 137.12
1113.66 130.61
1115.67 103.01
1117.67 127.57
1119.91 0.68
