0.0 0.28
0.64 29.44
1.68 12.87
3.67 18.9
5.67 20.78
7.92 23.31
9.93 6.79
11.92 18.24
13.92 40.06
15.92 23.89
17.92 45.05
20.17 6.41
22.06 2.66
23.92 6.46
26.17 16.76
28.17 43.42
30.17 43.42
32.17 43.42
34.17 6.56
36.17 9.1
38.03 43.64
40.17 38.44
42.18 5.57
44.17 47.66
46.17 27.37
48.17 6.33
50.17 13.16
52.17 34.17
54.17 28.39
56.17 13.99
58.17 21.44
60.17 22.42
62.04 32.9
64.17 30.01
66.17 30.01
68.17 35.71
70.17 44.26
72.17 11.16
74.17 19.31
76.17 32.28
78.17 45.18
80.17 3.42
82.17 46.54
84.17 46.54
86.04 37.8
88.17 39.84
90.17 39.84
92.18 41.77
94.17 12.27
96.17 6.32
98.17 6.06
100.17 24.95
102.17 32.66
104.17 32.66
106.17 7.77
108.18 19.04
110.03 22.48
112.17 44.35
114.17 44.35
116.17 44.35
118.18 44.86
120.17 45.06
122.17 46.83
124.17 37.67
126.17 7.17
128.17 5.32
130.17 6.64
132.17 32.59
134.04 28.51
136.17 38.62
138.17 28.01
140.17 21.39
142.17 12.85
144.17 10.88
146.17 28.02
148.17 33.22
150.17 28.87
152.17 28.87
154.17 48.45
156.17 19.84
158.17 19.86
160.17 31.12
162.17 33.93
164.17 26.93
166.17 19.62
168.17 15.23
170.17 43.73
172.17 25.57
174.17 36.11
176.17 47.02
178.17 42.78
180.17 32.65
182.17 32.65
184.17 27.88
186.17 25.57
188.17 25.57
190.17 23.92
192.17 37.18
194.17 25.14
196.17 7.32
198.17 45.02
200.17 23.32
202.17 30.85
204.17 45.47
206.17 40.52
208.17 42.68
210.17 35.98
212.17 6.47
214.17 23.34
216.17 7.08
218.17 20.17
220.17 35.7
222.17 35.7
224.17 40.55
226.17 40.55
228.17 40.55
230.17 6.02
232.17 0.56
234.17 23.65
236.17 48.08
238.17 39.58
240.17 6.19
242.17 24.1
244.17 24.1
246.17 43.27
248.17 43.27
250.17 43.27
252.18 9.19
254.17 44.54
256.17 14.54
258.17 19.29
260.17 24.25
262.17 3.58
264.17 40.55
266.17 10.75
268.17 32.46
270.42 10.28
272.17 9.46
274.42 49.73
276.42 26.25
278.42 18.51
280.17 31.44
282.42 33.9
284.42 6.85
286.42 22.63
288.42 22.79
290.42 22.79
292.47 22.79
294.42 22.79
296.42 22.79
298.42 22.79
300.42 22.79
302.42 22.79
304.42 22.79
306.42 22.79
308.42 22.79
310.42 22.79
312.42 22.79
314.42 22.79
316.42 22.79
318.42 22.79
320.42 24.21
322.42 24.21
324.42 24.21
326.42 24.21
328.42 46.65
330.42 46.65
332.42 46.71
334.42 34.57
336.42 29.28
338.42 2.13
340.42 45.59
342.42 12.32
344.42 44.61
346.42 14.85
348.42 10.95
350.42 22.96
352.42 8.39
354.42 0.13
356.42 17.68
358.42 20.55
360.42 9.25
362.42 1.9
364.42 28.05
366.42 28.05
368.42 2.46
370.42 46.88
372.43 46.23
374.42 46.23
376.42 36.93
378.42 6.78
380.42 6.92
382.42 10.52
384.42 24.11
386.42 49.36
388.42 49.99
390.42 44.13
392.42 44.51
394.42 6.76
396.42 22.77
398.42 36.99
400.42 3.49
402.42 28.86
404.43 7.11
406.42 29.74
408.42 7.24
410.42 21.85
412.42 7.23
414.42 15.81
416.42 27.54
418.42 46.56
420.42 28.96
422.42 10.37
424.42 10.22
426.42 30.53
428.42 13.84
430.42 18.15
432.42 6.37
434.42 18.07
436.42 6.79
438.42 29.14
440.42 22.24
442.42 44.43
444.42 45.91
446.42 41.69
448.42 18.1
450.42 31.1
452.42 19.97
454.42 17.4
456.42 33.35
458.42 43.32
460.42 0.55
462.42 23.95
464.42 45.46
466.42 30.12
468.42 32.12
470.42 19.41
472.42 14.66
474.42 22.6
476.42 46.79
478.42 13.17
480.42 30.66
482.42 32.41
484.42 8.54
486.42 10.92
488.42 41.17
490.42 47.44
492.42 21.54
494.42 28.37
496.42 8.91
498.42 14.59
500.42 14.23
502.42 13.04
504.42 18.96
506.42 13.83
508.42 6.4
510.42 21.76
512.42 46.22
514.42 40.61
516.67 10.65
518.42 28.53
520.42 43.88
522.42 35.14
524.42 39.97
526.67 42.86
528.67 7.99
530.67 45.3
532.54 6.37
534.67 16.16
536.67 1.28
538.67 6.27
540.67 46.84
542.67 46.84
544.67 46.84
546.66 38.85
548.67 45.8
550.67 45.8
552.67 45.8
554.67 33.91
556.54 48.56
558.67 37.42
560.67 3.91
562.67 17.36
564.67 15.39
566.67 29.14
568.67 13.17
570.67 16.24
572.67 43.93
574.67 1.01
576.67 47.82
578.67 2.36
580.54 6.29
582.67 44.9
584.67 1.49
586.67 45.23
588.67 46.79
590.67 46.79
592.67 43.98
594.67 14.26
596.67 42.15
598.67 6.94
600.67 31.65
602.67 31.09
604.54 26.82
606.67 17.76
608.67 22.3
610.67 22.3
612.67 0.82
614.67 23.36
616.67 23.36
618.67 23.36
620.67 23.36
622.67 23.36
624.67 23.36
626.67 35.46
628.55 35.46
630.67 47.61
632.67 11.34
634.67 12.86
636.67 0.29
638.67 6.31
640.67 23.53
642.67 0.5
644.67 47.07
646.67 15.38
648.67 17.54
650.67 22.64
652.56 44.46
654.67 31.77
656.67 32.42
658.67 32.42
660.67 32.42
662.67 32.42
664.67 32.42
666.67 32.42
668.67 32.42
670.67 32.42
672.67 32.42
674.67 1.72
676.67 15.39
678.67 19.33
680.67 33.79
682.67 41.77
684.67 13.86
686.67 20.66
688.67 28.61
690.67 7.5
692.67 46.32
694.67 36.69
696.67 42.3
698.67 48.45
700.67 15.64
702.67 7.97
704.67 38.25
706.67 13.45
708.67 22.31
710.67 17.68
712.67 11.18
714.67 16.67
716.68 19.32
718.67 19.33
720.67 25.1
722.67 46.22
724.67 45.52
726.67 1.67
728.67 2.43
730.67 36.21
732.67 2.97
734.67 33.53
736.67 33.53
738.67 34.62
740.67 38.78
742.67 3.28
744.67 15.79
746.67 46.45
748.68 46.07
750.67 31.73
752.67 47.57
754.67 6.25
756.67 11.14
758.67 6.11
760.67 12.32
762.78 41.79
764.67 2.26
766.92 34.31
768.67 29.9
770.92 44.83
772.92 29.84
774.92 3.18
776.92 5.16
778.92 35.98
780.92 36.27
782.92 37.9
784.92 12.99
786.8 16.94
788.92 15.92
790.92 7.42
792.92 20.38
794.92 46.71
796.93 33.12
798.92 27.91
800.93 14.08
802.91 34.28
804.92 1.09
806.92 46.67
808.92 39.3
810.79 42.88
812.92 5.99
814.92 14.39
816.92 7.17
818.92 29.3
820.92 33.33
822.92 43.8
824.92 14.31
826.92 31.99
828.92 22.85
830.92 6.25
832.92 25.26
834.8 33.12
836.92 9.38
838.92 21.65
840.92 21.65
842.92 22.54
844.92 22.54
846.92 22.54
848.92 22.54
850.93 22.54
852.92 22.54
854.92 22.54
856.92 5.37
858.79 24.01
860.92 24.01
862.92 28.25
864.92 49.65
866.93 49.65
868.92 49.65
870.92 49.65
872.92 49.65
874.92 44.64
876.92 0.73
878.92 22.4
880.92 41.13
882.81 23.82
884.92 22.02
886.92 13.44
888.92 14.31
890.92 38.43
892.92 23.95
894.92 46.69
896.92 8.81
898.92 15.19
900.92 0.88
902.92 40.35
904.92 16.25
906.92 30.61
908.92 5.78
910.92 21.89
912.92 6.11
914.92 1.49
916.92 6.32
918.92 30.11
920.92 31.98
922.92 44.77
924.92 34.44
926.92 40.51
928.92 43.54
930.92 35.86
932.92 18.57
934.92 27.67
936.92 36.67
938.92 42.35
940.92 19.31
942.92 12.98
944.92 18.14
946.92 34.97
948.92 41.22
950.92 15.67
952.92 3.2
954.92 31.84
956.92 34.98
958.92 16.57
960.92 43.23
962.92 9.85
964.92 6.3
966.92 22.18
968.92 24.51
970.92 3.66
972.92 33.4
974.92 24.22
976.92 44.45
978.92 6.57
980.92 46.66
982.92 31.22
984.92 40.74
986.92 2.09
988.92 43.24
990.92 45.51
992.92 8.41
994.92 21.0
996.92 3.75
998.92 23.6
1000.92 32.95
1002.92 34.32
1004.92 3.65
1006.92 7.44
1008.92 6.19
1010.92 10.94
1012.92 12.86
1014.92 36.79
1017.17 46.05
1019.17 28.04
1020.92 16.67
1023.17 10.55
1025.17 15.41
1027.17 29.56
1029.17 19.27
1031.17 8.94
1033.18 48.14
1035.17 21.16
1037.17 32.54
1039.17 1.1
1041.17 5.26
1043.17 40.74
1045.17 46.96
1047.17 42.93
1049.17 13.29
1051.17 44.57
1053.17 33.8
1055.17 32.64
1057.17 32.64
1059.17 32.64
1061.17 24.62
1063.17 1.8
1065.17 20.02
1067.17 2.83
1069.17 34.93
1071.17 10.42
1073.17 24.44
1075.17 30.95
1077.17 46.2
1079.17 15.6
1081.17 6.39
1083.17 24.14
1085.17 28.11
1087.17 33.78
1089.17 11.61
1091.17 7.36
1093.17 6.5
1095.17 21.82
1097.17 9.7
1099.17 6.62
1101.17 3.73
1103.17 6.22
1105.17 45.04
1107.17 18.78
1109.17 12.13
1111.17 21.19
1113.17 44.72
1115.17 1.09
1117.17 42.86
1119.17 41.95
1121.17 48.91
1123.17 47.02
1125.17 45.96
1127.17 28.18
1129.17 39.89
1131.17 26.04
1133.17 30.1
1135.17 15.25
1137.17 2.25
1139.17 46.63
1141.17 1.03
1143.17 14.57
1145.17 0.14
1147.17 30.82
1149.17 46.99
1151.17 39.19
1153.17 39.19
1155.17 43.7
1157.17 31.43
1159.17 10.97
1161.17 45.4
1163.17 2.0
1165.17 36.45
1167.17 14.8
1169.17 18.04
1171.17 30.43
1173.17 44.62
1175.17 3.02
1177.17 6.14
1179.17 46.54
1181.17 39.14
1183.17 0.81
1185.17 3.43
1187.17 38.82
1189.17 28.31
1191.17 45.35
1193.17 3.51
1195.17 7.75
1197.17 40.59
1199.17 20.95
1201.17 38.15
1203.17 16.5
1205.17 10.54
1207.17 1.6
1209.17 4.37
1211.17 40.21
1213.17 23.99
1215.17 31.4
1217.17 16.34
1219.17 6.8
1221.17 30.94
1223.17 6.18
1225.17 12.56
1227.17 34.65
1229.17 18.42
1231.17 39.86
1233.17 44.47
1235.17 0.27
1237.17 31.67
1239.22 44.46
1241.17 47.37
1243.17 19.1
1245.17 43.91
1247.17 4.62
1249.17 17.86
1251.17 11.85
1253.17 19.63
1255.17 15.16
1257.17 44.91
1259.17 45.17
1261.17 1.98
1263.17 48.05
1265.17 0.28
1267.17 32.61
1269.17 9.18
1271.17 9.6
1273.42 6.67
1275.42 48.0
1277.17 48.0
1279.42 5.46
1281.29 47.32
1283.42 40.45
1285.42 46.91
1287.17 47.43
1289.42 47.43
1291.42 45.48
1293.43 45.14
1295.42 5.25
1297.42 45.62
1299.42 36.06
1301.42 40.63
1303.42 48.45
1305.29 48.45
1307.42 1.94
1309.42 44.8
1311.42 5.91
1313.42 37.05
1315.42 14.17
1317.42 21.15
1319.42 46.7
1321.42 43.38
1323.42 3.13
1325.42 6.33
1327.42 24.08
1329.3 46.74
1331.42 3.28
1333.42 32.65
1335.42 41.56
1337.42 44.42
1339.42 6.32
1341.42 22.6
1343.42 22.6
1345.42 23.65
1347.42 24.03
1349.42 49.03
1351.42 3.55
1353.31 6.36
1355.42 24.23
1357.42 0.54
1359.42 13.08
1361.42 22.68
1363.42 22.68
1365.42 23.95
1367.42 45.46
1369.42 20.27
1371.42 3.39
1373.42 19.09
1375.42 7.45
1377.3 19.15
1379.42 16.22
1381.42 3.99
1383.42 24.78
1385.42 43.95
1387.42 33.1
1389.42 30.57
1391.42 20.77
1393.42 42.57
1395.42 45.92
1397.42 45.92
1399.42 45.92
1401.42 6.04
1403.42 22.62
1405.42 0.34
1407.42 44.87
1409.42 44.87
1411.42 44.87
1413.42 2.69
1415.42 47.52
1417.42 42.86
1419.42 47.93
1421.42 47.93
1423.42 47.93
1425.42 47.06
1427.43 20.49
1429.42 22.06
1431.42 28.66
1433.42 31.31
1435.42 28.51
1437.42 36.99
1439.42 34.49
1441.42 17.46
1443.42 31.24
1445.42 15.26
1447.42 42.67
1449.42 47.1
1451.42 48.12
1453.42 7.19
1455.42 15.49
1457.42 15.49
1459.42 6.3
1461.42 18.63
1463.42 20.51
1465.42 24.35
1467.42 38.66
1469.42 43.71
1471.42 46.63
1473.42 46.63
1475.42 46.63
1477.42 46.63
1479.42 46.63
1481.42 45.42
1483.42 45.42
1485.42 45.42
1487.42 2.17
1489.42 42.25
1491.42 43.39
1493.42 33.86
1495.42 5.09
1497.42 6.17
1499.42 40.65
1501.42 23.93
1503.42 32.49
1505.42 5.94
1507.42 6.3
1509.42 11.65
1511.42 45.19
1513.42 6.74
1515.42 4.05
1517.42 32.79
1519.41 32.79
1521.42 32.79
1523.42 34.57
1525.42 48.01
1527.67 21.04
1529.67 29.4
1531.67 45.21
1533.42 37.97
1535.67 38.5
1537.67 6.54
1539.67 29.55
1541.67 21.52
1543.67 16.97
1545.67 7.27
1547.67 42.79
1549.67 44.59
1551.67 1.63
1553.67 40.53
1555.67 6.6
1557.67 45.95
1559.67 2.71
1561.67 31.71
1563.67 44.97
1565.67 6.44
1567.67 32.39
1569.67 33.75
1571.67 3.93
1573.67 45.92
1575.67 44.43
1577.67 44.43
1579.67 6.48
1581.67 5.56
1583.67 17.48
1585.67 16.91
1587.66 28.59
1589.67 23.74
1591.67 10.54
1593.67 17.69
1595.67 42.87
1597.72 0.96
1599.67 42.97
1601.67 47.07
1603.67 48.44
1605.67 43.41
1607.67 35.89
1609.67 3.49
1611.67 44.62
1613.67 12.89
1615.67 33.87
1617.67 33.87
1619.67 33.87
1621.67 33.87
1623.67 33.87
1625.67 18.57
1627.67 15.66
1629.67 19.22
1631.67 19.22
1633.67 32.9
1635.67 4.81
1637.67 6.51
1639.67 0.28
1641.67 23.68
1643.67 1.25
1645.67 2.15
1647.67 33.59
1649.67 6.49
1651.67 6.48
1653.67 23.02
1655.67 23.02
1657.67 17.71
1659.67 8.12
1661.67 9.94
1663.67 41.28
1665.67 41.28
1667.67 41.28
1669.67 5.98
1671.67 6.87
1673.67 47.94
1675.67 6.25
1677.67 24.52
1679.67 27.68
1681.67 45.58
1683.67 42.96
1685.67 44.87
1687.67 7.19
1689.67 16.06
1691.67 46.71
1693.67 28.34
1695.67 2.71
1697.67 14.77
1699.67 6.44
1701.67 0.3
1703.67 32.89
1705.67 45.44
1707.67 26.53
1709.67 34.24
1711.67 27.88
1713.67 15.66
1715.67 2.21
1717.67 32.34
1719.67 34.28
1721.67 1.08
1723.67 48.82
1725.67 29.09
1727.67 35.82
1729.67 34.79
1731.67 46.6
1733.67 18.04
1735.67 23.72
1737.67 13.03
1739.67 9.67
1741.67 24.79
1743.67 12.0
1745.67 31.88
1747.67 9.77
1749.67 7.2
1751.67 44.05
1753.67 4.3
1755.67 0.98
1757.67 45.91
1759.67 46.54
1761.67 50.05
1763.67 31.91
1765.67 1.87
1767.67 6.65
1769.67 20.8
1771.92 6.11
1773.92 6.06
1775.79 6.54
1777.92 1.95
1779.92 22.77
1781.92 22.77
1783.92 9.87
1785.92 43.05
1787.92 31.99
1789.92 7.72
1791.92 22.98
1793.92 15.2
1795.92 20.79
1797.92 10.35
1799.78 44.59
1801.92 31.66
1803.92 43.32
1805.92 32.82
1807.92 43.75
1809.92 8.07
1811.92 19.73
1813.91 22.38
1815.92 1.89
1817.92 44.09
1819.92 15.14
1821.92 8.35
1823.78 42.79
1825.92 27.14
1827.92 8.84
1829.92 23.15
1831.92 23.15
1833.92 23.15
1835.92 23.15
1837.92 23.15
1839.92 23.15
1841.92 5.36
1843.92 23.24
1845.92 23.24
1847.79 46.02
1849.92 47.16
1851.92 47.16
1853.92 11.85
1855.92 6.54
1857.92 22.15
1859.92 3.26
1861.92 49.59
1863.92 49.59
1865.92 1.13
1867.92 38.4
1869.92 38.4
1871.78 6.35
1873.92 47.75
1875.92 36.73
1877.92 36.73
1879.92 36.73
1881.92 36.32
1883.92 36.32
1885.92 37.78
1887.92 48.43
1889.93 48.43
1891.92 48.43
1893.92 1.46
1895.79 23.47
1897.92 38.63
1899.92 46.7
1901.92 46.7
1903.92 46.7
1905.92 6.29
1907.92 23.83
1909.92 47.49
1911.92 33.61
1913.92 33.61
1915.92 6.34
1917.92 1.65
1919.92 5.85
1921.92 23.67
1923.92 23.67
1925.92 46.88
1927.92 46.88
1929.92 46.88
1931.92 46.88
1933.92 46.88
1935.92 21.48
1937.92 12.08
1939.92 6.29
1941.92 15.2
1943.92 42.98
1945.92 11.72
1947.92 44.42
1949.92 24.64
1951.92 18.12
1953.92 8.12
1955.92 2.1
1957.92 23.65
1959.92 44.67
1961.92 39.57
1963.92 16.63
1965.92 10.79
1967.92 46.05
1969.92 15.06
1971.92 17.04
1973.92 6.68
1975.92 44.56
1977.92 44.56
1979.92 44.56
1981.92 12.35
1983.92 1.39
1985.92 0.14
1987.92 23.95
1989.92 23.95
1991.92 23.95
1993.92 48.7
1995.92 48.7
1997.92 6.35
1999.92 49.12
2001.92 49.12
2003.92 49.12
2005.92 46.1
2007.92 39.54
2009.92 48.08
2011.92 48.08
2013.92 16.4
2015.92 9.42
2017.92 3.89
2020.17 18.56
2021.92 27.77
2024.17 27.77
2026.17 27.77
2028.17 27.77
2030.04 27.77
2032.17 27.77
2034.18 27.77
2036.17 27.77
2038.18 27.77
2040.17 27.77
2042.17 38.85
2044.17 33.73
2046.17 42.02
2048.17 8.74
2050.17 10.53
2052.17 42.15
2054.04 47.46
2056.17 43.61
2058.17 23.78
2060.17 32.08
2062.17 17.62
2064.17 6.13
2066.17 30.63
2068.17 24.46
2070.17 25.51
2072.17 3.55
2074.17 21.53
2076.17 24.43
2078.05 24.43
2080.17 24.55
2082.17 24.55
2084.17 6.23
2086.17 11.64
2088.17 20.74
2090.17 20.74
2092.17 9.98
2094.17 37.67
2096.17 39.36
2098.17 32.9
2100.17 46.39
2102.04 6.55
2104.17 29.84
2106.17 29.5
2108.17 36.65
2110.17 19.64
2112.17 11.3
2114.17 25.57
2116.17 11.62
2118.17 22.45
2120.17 39.85
2122.17 40.73
2124.17 48.7
2126.04 6.38
2128.17 42.1
2130.17 4.42
2132.17 22.27
2134.17 23.61
2136.17 36.61
2138.17 0.51
2140.17 23.76
2142.17 45.0
2144.17 45.0
2146.17 45.0
2148.17 10.33
2150.17 12.79
2152.17 45.98
2154.17 45.98
2156.17 46.7
2158.17 35.69
2160.17 6.16
2162.17 5.38
2164.17 20.56
2166.17 44.25
2168.17 36.04
2170.17 40.3
2172.17 47.4
2174.17 47.03
2176.17 1.04
2178.17 20.97
2180.17 20.97
2182.17 23.96
2184.17 38.27
2186.17 38.27
2188.17 45.38
2190.17 41.33
2192.17 41.33
2194.17 41.33
2196.17 41.33
2198.17 41.33
2200.17 41.33
2202.17 3.08
2204.17 37.64
2206.17 39.33
2208.17 22.08
2210.17 8.14
2212.17 48.28
2214.17 35.13
2216.18 15.69
2218.17 16.12
2220.17 16.98
2222.17 46.84
2224.17 8.33
2226.17 45.35
2228.17 32.26
2230.17 13.14
2232.17 7.43
2234.17 7.86
2236.17 11.02
2238.17 41.07
2240.17 1.05
2242.17 6.67
2244.17 24.95
2246.17 29.54
2248.17 19.91
2250.17 7.5
2252.17 6.71
2254.17 45.42
2256.17 34.52
2258.17 44.82
2260.17 33.79
2262.17 34.9
2264.17 24.32
2266.17 6.32
2268.17 22.1
2270.42 38.08
2272.42 41.72
2274.17 41.72
2276.42 15.52
2278.42 5.05
2280.42 23.6
2282.42 0.75
2284.42 47.65
2286.42 43.58
2288.42 0.51
2290.42 37.29
2292.42 37.29
2294.42 45.32
2296.42 45.32
2298.42 45.32
2300.42 45.32
2302.42 45.32
2304.42 45.32
2306.42 45.32
2308.42 45.32
2310.42 45.8
2312.42 46.04
2314.42 6.97
2316.42 0.54
2318.42 38.32
2320.42 20.85
2322.42 4.84
2324.42 6.15
2326.42 0.31
2328.42 21.74
2330.42 21.74
2332.42 0.94
2334.42 7.05
2336.42 5.78
2338.42 5.97
2340.42 22.67
2342.42 22.67
2344.42 9.36
2346.42 2.82
2348.42 5.62
2350.42 2.98
2352.42 10.12
2354.42 21.06
2356.42 3.7
2358.42 46.19
2360.42 45.67
2362.42 45.67
2364.42 11.4
2366.42 35.1
2368.42 35.1
2370.42 35.1
2372.42 6.84
2374.42 33.41
2376.42 6.41
2378.42 45.32
2380.42 22.22
2382.42 2.07
2384.42 47.22
2386.42 20.49
2388.42 8.91
2390.42 22.69
2392.42 1.15
2394.42 20.16
2396.42 10.96
2398.42 1.91
2400.42 49.02
2402.42 49.02
2404.42 1.09
2406.42 8.34
2408.42 43.0
2410.42 37.68
2412.42 37.68
2414.42 11.18
2416.42 15.65
2418.42 4.11
2420.42 14.06
2422.42 38.44
2424.42 38.44
2426.42 41.27
2428.42 43.1
2430.42 1.98
2432.42 9.76
2434.42 17.21
2436.42 45.87
2438.42 32.36
2440.42 1.17
2442.42 43.37
2444.42 46.23
2446.42 38.56
2448.42 40.38
2450.42 6.91
2452.42 22.43
2454.42 2.24
2456.42 2.31
2458.42 6.52
2460.42 41.06
2462.42 6.35
2464.42 23.92
2466.42 4.19
2468.42 7.55
2470.42 42.57
2472.42 42.57
2474.42 42.57
2476.42 42.57
2478.42 3.77
2480.42 0.11
2482.42 6.02
2484.42 4.65
2486.42 9.01
2488.42 46.95
2490.42 2.67
2492.42 6.79
2494.42 38.75
2496.42 34.98
2498.42 34.98
2500.42 42.38
2502.42 1.68
2504.42 12.86
2506.42 6.31
2508.42 24.06
2510.42 24.06
2512.42 7.11
2514.42 45.01
2516.42 7.1
2518.42 3.4
2520.42 47.47
2522.42 47.47
2524.42 13.49
2526.67 36.56
2528.67 36.56
2530.67 36.56
2532.67 36.56
2534.42 36.56
2536.67 36.56
2538.67 36.56
2540.67 36.56
2542.67 36.56
2544.67 36.56
2546.67 36.56
2548.55 36.56
2550.67 36.56
2552.67 36.56
2554.67 6.45
2556.67 13.35
2558.67 13.35
2560.67 46.07
2562.67 8.32
2564.67 46.14
2566.67 21.23
2568.67 13.36
2570.67 5.21
2572.55 36.49
2574.67 45.53
2576.67 45.53
2578.67 3.14
2580.67 42.64
2582.67 35.06
2584.67 0.32
2586.67 25.33
2588.66 25.33
2590.67 25.33
2592.67 25.33
2594.67 25.33
2596.54 17.03
2598.67 46.68
2600.67 0.8
2602.67 31.56
2604.67 31.56
2606.67 21.07
2608.67 21.07
2610.67 22.06
2612.67 22.06
2614.67 22.06
2616.67 22.06
2618.67 22.06
2620.53 6.3
2622.67 23.64
2624.67 23.64
2626.67 47.96
2628.67 47.96
2630.67 47.96
2632.67 47.96
2634.67 47.96
2636.67 47.96
2638.67 47.96
2640.67 47.96
2642.67 14.82
2644.67 46.33
2646.67 17.68
2648.67 33.32
2650.67 46.24
2652.67 42.79
2654.67 40.66
2656.67 32.68
2658.67 18.59
2660.67 7.82
2662.67 26.16
2664.67 9.65
2666.67 14.82
2668.68 8.31
2670.67 31.78
2672.67 23.98
2674.67 46.1
2676.67 10.99
2678.67 46.08
2680.67 15.47
2682.67 46.38
2684.67 44.76
2686.67 3.01
2688.66 10.59
2690.67 43.65
2692.67 6.16
2694.67 44.39
2696.67 44.39
2698.67 44.39
2700.66 44.39
2702.66 44.39
2704.67 44.39
2706.67 44.39
2708.67 46.31
2710.67 41.02
2712.67 44.54
2714.67 4.2
2716.67 47.42
2718.67 29.0
2720.67 7.53
2722.67 41.18
2724.67 8.64
2726.67 28.68
2728.67 17.46
2730.67 21.02
2732.67 36.7
2734.67 33.33
2736.67 44.62
2738.67 43.38
2740.67 30.21
2742.67 23.88
2744.67 19.88
2746.67 33.47
2748.68 27.52
2750.67 13.39
2752.67 16.89
2754.67 41.4
2756.67 43.84
2758.67 12.58
2760.67 42.23
2762.67 21.37
2764.67 46.11
2766.93 35.84
2768.67 27.23
2770.67 44.4
2772.92 3.86
2774.67 5.59
2776.67 37.8
2778.79 31.19
2780.67 31.0
2782.92 31.88
2784.92 41.76
2786.66 4.74
2788.92 21.97
2790.92 45.88
2792.92 45.88
2794.92 5.03
2796.92 48.05
2798.91 49.66
2800.92 41.53
2802.78 12.53
2804.92 10.59
2806.92 21.12
2808.92 21.46
2810.92 26.27
2812.92 30.83
2814.92 0.49
2816.92 0.19
2818.92 36.32
2820.92 7.76
2822.92 46.45
2824.92 1.98
2826.79 24.27
2828.92 2.41
2830.92 14.06
2832.92 43.62
2834.91 43.62
2836.92 43.62
2838.92 34.55
2840.92 41.66
2842.92 42.94
2844.92 43.25
2846.92 30.29
2848.92 24.75
2850.79 12.6
2852.92 47.26
2854.92 11.15
2856.92 6.44
2858.92 42.87
2860.92 45.05
2862.92 34.22
2864.92 20.59
2866.92 45.23
2868.92 27.25
2870.91 15.81
2872.92 19.89
2874.78 6.18
2876.92 17.92
2878.92 3.5
2880.92 43.54
2882.92 43.54
2884.91 18.56
2886.92 15.51
2888.92 46.36
2890.92 42.79
2892.92 14.38
2894.92 36.29
2896.92 9.21
2898.91 26.52
2900.91 28.93
2902.92 21.89
2904.92 24.73
2906.92 33.31
2908.92 21.82
2910.92 47.17
2912.92 2.4
2914.91 22.27
2917.04 24.86
2918.92 24.86
2920.92 24.86
2922.92 41.94
2924.92 3.53
2926.92 0.54
2928.92 25.32
2930.92 25.32
2932.91 6.31
2934.92 35.6
2936.91 35.6
2938.92 32.52
2940.92 4.26
2942.92 22.22
2944.92 42.74
2946.92 46.1
2948.91 46.1
2950.92 44.46
2952.92 25.59
2954.92 25.59
2956.92 22.63
2958.92 20.96
2960.92 31.83
2962.92 7.67
2964.92 10.14
2966.92 30.94
2968.92 30.94
2970.92 6.3
2972.92 11.97
2974.92 12.85
2976.92 23.54
2978.92 12.19
2980.92 6.44
2982.92 26.66
2984.92 44.79
2986.92 30.94
2988.92 9.27
2990.92 45.78
2992.92 31.51
2994.92 43.27
2996.92 33.01
2998.92 46.66
3000.92 6.25
3002.92 47.14
3004.92 6.03
3006.92 22.93
3008.92 23.14
3010.92 42.23
3012.92 42.23
3014.92 35.26
3017.18 38.35
3018.91 40.25
3021.17 40.25
3023.17 40.25
3025.17 6.12
3026.92 1.93
3029.17 6.58
3031.17 23.77
3033.17 3.93
3035.17 44.3
3037.17 8.7
3039.17 22.37
3041.17 1.62
3043.17 24.25
3045.17 0.79
3047.17 44.32
3049.17 35.24
3051.16 44.06
3053.17 6.47
3055.17 7.81
3057.17 48.31
3059.17 33.87
3061.17 3.8
3063.17 6.58
3065.17 34.74
3067.17 6.39
3069.17 2.2
3071.17 0.91
3073.17 44.25
3075.17 4.53
3077.17 6.32
3079.17 34.01
3081.17 6.3
3083.17 42.58
3085.17 47.56
3087.17 6.38
3089.17 46.37
3091.17 43.0
3093.17 47.06
3095.17 47.06
3097.17 6.58
3099.16 29.94
3101.17 6.38
3103.17 21.96
3105.17 32.79
3107.17 40.38
3109.17 34.37
3111.17 41.39
3113.17 21.22
3115.17 26.29
3117.17 2.36
3119.17 44.53
3121.17 44.61
3123.17 34.02
3125.17 30.81
3127.17 43.84
3129.17 31.45
3131.17 47.29
3133.17 47.29
3135.17 47.29
3137.17 46.76
3139.17 35.76
3141.17 9.93
3143.17 27.76
3145.17 27.76
3147.17 27.76
3149.17 37.52
3151.17 6.95
3153.17 35.99
3155.17 15.31
3157.17 22.71
3159.17 37.26
3161.17 3.61
3163.17 6.39
3165.17 0.54
3167.17 42.03
3169.17 27.05
3171.17 25.68
3173.17 17.33
3175.17 16.5
3177.17 0.58
3179.17 24.1
3181.17 24.42
3183.17 47.24
3185.17 47.24
3187.17 6.09
3189.17 44.77
3191.17 5.48
3193.17 23.11
3195.17 23.58
3197.17 24.64
3199.17 24.64
3201.17 24.64
3203.17 47.53
3205.17 42.31
3207.17 42.31
3209.17 42.31
3211.17 42.31
3213.17 42.31
3215.17 16.34
3217.17 45.88
3219.17 44.95
3221.17 46.04
3223.17 11.36
3225.17 22.44
3227.17 34.23
3229.17 33.29
3231.17 14.19
3233.17 17.86
3235.17 21.85
3237.17 28.62
3239.17 28.62
3241.17 28.62
3243.17 16.47
3245.17 45.88
3247.17 35.24
3249.17 15.3
3251.17 9.11
3253.17 46.44
3255.18 12.75
3257.17 4.93
3259.17 15.04
3261.17 10.36
3263.17 23.83
3265.17 18.42
3267.17 6.04
3269.17 45.24
3271.17 41.05
3273.3 41.05
3275.42 5.52
3277.17 38.18
3279.42 33.95
3281.42 2.0
3283.42 23.18
3285.42 34.3
3287.42 26.17
3289.42 36.7
3291.42 28.92
3293.42 43.57
3295.42 2.27
3297.29 15.94
3299.42 42.3
3301.42 0.24
3303.42 36.43
3305.42 32.36
3307.42 45.03
3309.42 32.07
3311.42 46.99
3313.42 20.23
3315.42 19.98
3317.42 34.48
3319.42 39.71
3321.29 46.92
3323.43 11.08
3325.42 17.93
3327.42 12.82
3329.42 23.66
3331.42 6.3
3333.42 21.99
3335.42 35.12
3337.42 36.83
3339.42 20.87
3341.42 46.84
3343.42 7.18
3345.3 21.53
3347.42 40.95
3349.42 45.81
3351.42 6.37
3353.42 18.28
3355.42 6.31
3357.42 0.31
3359.42 0.27
3361.42 39.54
3363.42 19.78
3365.42 24.7
3367.42 40.74
3369.3 36.93
3371.42 1.31
3373.42 40.27
3375.42 10.65
3377.42 24.9
3379.42 6.58
3381.42 43.46
3383.42 22.14
3385.42 40.79
3387.42 7.26
3389.42 35.5
3391.42 25.99
3393.3 28.89
3395.42 42.91
3397.42 40.09
3399.42 37.66
3401.42 31.66
3403.42 5.99
3405.42 22.59
3407.42 22.59
3409.42 22.59
3411.42 22.59
3413.42 22.59
3415.42 23.2
3417.42 23.2
3419.42 24.25
3421.42 24.52
3423.42 31.22
3425.42 3.34
3427.42 9.11
3429.42 5.71
3431.42 44.94
3433.42 40.65
3435.42 5.9
3437.42 22.25
3439.42 41.25
3441.42 36.84
3443.42 33.52
3445.42 14.7
3447.42 23.89
3449.42 0.92
3451.42 11.25
3453.42 41.07
3455.42 0.8
3457.42 0.63
3459.42 12.57
3461.42 31.32
3463.42 30.53
3465.42 21.3
3467.42 27.78
3469.42 4.99
3471.42 29.76
3473.42 33.75
3475.42 44.86
3477.42 44.16
3479.42 20.96
3481.42 8.81
3483.42 14.04
3485.42 10.12
3487.42 10.05
3489.42 11.88
3491.42 24.13
3493.42 43.53
3495.42 21.36
3497.42 22.31
3499.42 31.15
3501.42 6.64
3503.42 2.56
3505.42 30.87
3507.42 39.18
3509.42 24.64
3511.42 35.93
3513.42 5.82
3515.42 17.07
3517.42 45.82
3519.42 45.82
3521.42 0.11
3523.67 22.25
3525.67 22.25
3527.42 2.72
3529.67 21.84
3531.67 2.81
3533.67 17.47
3535.67 11.54
3537.68 29.57
3539.67 20.49
3541.67 3.79
3543.67 6.85
3545.67 20.29
3547.67 20.89
3549.67 12.38
3551.67 40.44
3553.67 47.15
3555.67 31.22
3557.66 14.46
3559.67 25.83
3561.67 41.47
3563.67 26.54
3565.67 0.5
3567.67 10.13
3569.67 44.09
3571.67 28.41
3573.67 0.43
3575.66 18.15
3577.67 35.77
3579.66 2.33
3581.67 26.34
3583.67 19.18
3585.67 8.62
3587.67 45.74
3589.67 4.84
3591.67 41.47
3593.67 5.96
3595.66 6.6
3597.66 22.13
3599.67 8.59
3601.67 8.53
3603.67 22.65
3605.67 23.46
3607.66 24.64
3609.67 32.62
3611.67 17.21
3613.67 0.75
3615.67 7.07
3617.67 1.51
3619.67 6.13
3621.67 4.91
3623.67 38.65
3625.67 17.94
3627.67 2.63
3629.67 6.16
3631.66 16.68
3633.67 9.82
3635.67 7.37
3637.67 24.73
3639.67 1.45
3641.67 22.01
3643.66 10.32
3645.66 10.56
3647.67 5.54
3649.67 48.71
3651.67 17.49
3653.67 20.48
3655.67 27.2
3657.67 12.62
3659.67 1.08
3661.67 20.85
3663.67 7.11
3665.67 7.83
3667.67 25.87
3669.67 45.77
3671.67 45.02
3673.67 6.33
3675.67 21.34
3677.67 13.33
3679.67 10.97
3681.67 26.05
3683.67 45.36
3685.67 45.36
3687.67 11.24
3689.67 47.19
3691.66 44.59
3693.67 49.89
3695.66 42.64
3697.67 39.3
3699.67 45.33
3701.67 30.37
3703.67 48.1
3705.67 7.82
3707.66 27.7
3709.67 20.61
3711.67 22.69
3713.67 48.39
3715.67 25.9
3717.67 10.82
3719.67 36.27
3721.67 24.86
3723.67 9.52
3725.67 27.15
3727.67 23.92
3729.67 15.68
3731.67 27.08
3733.67 48.9
3735.67 6.98
3737.67 8.49
3739.67 7.44
3741.66 29.14
3743.67 48.49
3745.67 15.55
3747.67 29.76
3749.67 21.32
3751.67 6.42
3753.67 6.61
3755.67 30.16
3757.67 30.16
3759.67 7.51
3761.67 1.52
3763.67 31.7
3765.66 14.69
3767.67 24.56
3769.67 31.72
3771.91 31.72
3773.67 39.6
3775.91 39.6
3777.66 39.6
3779.92 1.56
3781.92 12.7
3783.92 35.77
3785.92 1.74
3787.92 31.7
3789.91 12.84
3791.78 6.49
3793.92 23.16
3795.91 25.69
3797.92 22.82
3799.92 6.82
3801.92 17.44
3803.92 22.09
3805.92 1.79
3807.92 34.6
3809.92 48.27
3811.92 48.27
3813.91 14.22
3815.79 22.88
3817.92 32.6
3819.92 32.6
3821.92 17.31
3823.92 46.48
3825.92 44.01
3827.92 12.97
3829.92 25.66
3831.92 44.55
3833.92 44.55
3835.92 44.55
3837.92 36.37
3839.78 31.95
3841.91 8.2
3843.91 36.0
3845.92 46.19
3847.92 46.16
3849.92 6.42
3851.92 32.9
3853.92 44.48
3855.91 3.07
3857.92 15.81
3859.91 43.57
3861.92 43.57
3863.79 43.57
3865.92 43.57
3867.92 40.51
3869.92 6.18
3871.92 43.64
3873.92 32.94
3875.91 46.16
3877.92 46.16
3879.92 8.41
3881.92 44.64
3883.92 42.52
3885.92 42.52
3887.78 13.9
3889.92 22.08
3891.92 24.37
3893.92 12.46
3895.92 1.1
3897.92 25.13
3899.92 1.23
3901.92 32.67
3903.92 47.32
3905.92 47.32
3907.91 47.32
3909.91 47.32
3911.81 5.53
3913.92 11.61
3915.91 14.78
3917.92 10.44
3919.92 18.66
3921.92 18.66
3923.91 21.96
3925.91 21.96
3927.92 21.96
3929.91 23.34
3931.91 8.13
3933.92 21.98
3935.92 10.14
3937.91 12.3
3939.91 2.67
3941.92 6.52
3943.92 17.9
3945.92 17.9
3947.92 23.44
3949.91 23.44
3951.92 24.3
3953.92 24.3
3955.92 24.3
3957.91 37.09
3959.91 37.09
3961.92 37.09
3963.92 37.09
3965.92 33.76
3967.92 18.11
3969.92 6.61
3971.91 6.61
3973.92 6.61
3975.92 14.61
3977.91 14.61
3979.92 14.61
3981.92 30.09
3983.92 14.03
3985.92 14.03
3987.91 18.07
3989.91 18.07
3991.92 45.01
3993.92 32.91
3995.91 32.91
3997.92 32.91
3999.92 27.78
4001.92 5.8
4003.92 29.2
4005.92 29.2
4007.92 9.14
4009.92 24.71
4011.91 24.8
4013.92 39.36
4015.92 28.45
4017.92 9.51
4020.16 14.93
4021.91 29.67
4023.92 23.06
4026.18 26.68
4028.17 6.1
4029.92 32.59
4032.17 20.64
4033.92 20.64
4036.17 20.64
4038.17 11.48
4040.17 43.65
4042.18 35.24
4044.17 32.95
4046.04 32.95
4048.17 32.95
4050.17 3.65
4052.17 6.91
4054.16 23.6
4056.17 23.6
4058.16 1.99
4060.16 11.14
4062.17 16.9
4064.18 42.07
4066.17 46.27
4068.17 33.11
4070.05 33.11
4072.17 31.45
4074.17 9.07
4076.17 6.5
4078.17 46.28
4080.17 42.51
4082.17 42.51
4084.17 11.53
4086.17 43.65
4088.17 44.39
4090.17 19.88
4092.17 3.43
4094.04 22.44
4096.17 22.44
4098.17 22.52
4100.17 22.52
4102.17 22.52
4104.16 22.52
4106.16 22.52
4108.17 22.52
4110.17 22.52
4112.17 22.52
4114.17 12.42
4116.17 45.66
4118.04 6.09
4120.17 32.67
4122.17 33.63
4124.17 33.63
4126.17 0.58
4128.17 44.76
4130.17 2.35
4132.17 1.99
4134.17 46.0
4136.16 27.82
4138.17 15.99
4140.17 20.24
4142.05 14.31
4144.17 43.36
4146.17 17.42
4148.17 40.45
4150.17 44.68
4152.17 23.79
4154.16 2.06
4156.17 44.96
4158.17 44.96
4160.16 2.65
4162.17 10.78
4164.17 18.99
4166.17 22.77
4168.17 17.58
4170.17 44.43
4172.16 6.26
4174.16 13.0
4176.17 6.41
4178.17 5.39
4180.16 7.89
4182.17 42.65
4184.17 38.45
4186.17 8.0
4188.17 17.67
4190.16 44.53
4192.17 30.21
4194.17 4.43
4196.17 23.87
4198.17 24.21
4200.17 6.06
4202.16 45.03
4204.17 45.03
4206.17 45.03
4208.16 30.6
4210.16 6.39
4212.17 5.1
4214.17 6.07
4216.17 11.41
4218.17 40.62
4220.16 36.45
4222.17 46.75
4224.17 31.95
4226.16 2.18
4228.17 21.57
4230.17 16.38
4232.17 9.2
4234.17 20.14
4236.17 0.1
4238.17 46.03
4240.17 30.22
4242.17 0.56
4244.17 44.16
4246.17 34.53
4248.17 28.58
4250.17 42.09
4252.17 16.86
4254.17 17.66
4256.17 12.41
4258.17 20.77
4260.17 40.35
4262.17 40.35
4264.17 2.02
4266.17 32.9
4268.17 34.12
4270.42 18.07
4272.42 8.38
4274.42 36.78
4276.42 18.09
4278.42 32.84
4280.17 5.68
4282.42 25.7
4284.42 13.76
4286.42 22.23
4288.42 3.78
4290.42 11.3
4292.42 45.09
4294.42 12.66
4296.42 43.33
4298.42 32.12
4300.42 0.71
4302.42 10.97
4304.42 0.32
4306.42 14.41
4308.42 14.41
4310.42 17.09
4312.42 22.29
4314.42 22.29
4316.42 6.63
4318.42 1.12
4320.42 39.41
4322.41 22.6
4324.42 17.66
4326.42 48.52
4328.42 48.01
4330.42 6.13
4332.42 23.54
4334.42 23.54
4336.42 37.45
4338.42 37.45
4340.42 37.45
4342.42 44.9
4344.42 6.3
4346.42 3.68
4348.42 16.37
4350.42 30.2
4352.42 3.04
4354.42 18.03
4356.42 33.52
4358.42 14.13
4360.42 44.42
4362.42 32.33
4364.42 32.33
4366.42 32.33
