0.0 2.58
0.86 2.73
3.0 1.52
3.83 9.25
4.49 9.18
5.66 9.18
7.66 9.18
9.66 8.13
14.82 5.72
15.48 6.07
17.48 7.1
19.48 7.1
21.52 0.43
23.5 0.23
25.48 1.98
27.48 0.04
29.48 2.52
31.49 5.68
33.48 6.88
35.48 1.92
37.49 0.49
39.49 1.5
41.49 4.45
43.49 5.97
45.48 0.27
47.49 0.53
49.49 6.33
51.48 5.21
53.48 6.82
55.49 6.2
57.49 5.02
59.48 6.84
61.48 1.29
63.48 0.98
66.12 6.76
68.64 8.44
70.5 10.41
71.48 9.39
73.49 9.74
76.07 3.8
77.9 6.59
79.48 7.52
81.48 7.8
83.44 9.53
85.48 0.41
87.49 9.1
89.48 1.81
91.49 3.3
93.49 5.31
95.49 7.27
97.49 1.49
99.49 5.03
101.94 1.27
103.95 0.15
105.49 3.51
107.48 4.91
109.49 7.14
111.49 2.73
113.49 7.02
115.49 3.31
117.48 0.13
119.49 3.71
121.5 1.79
123.49 6.7
126.24 1.71
127.49 2.71
129.49 3.88
131.48 7.86
133.49 1.95
135.48 7.02
137.53 0.4
139.49 0.28
141.53 1.12
143.74 3.57
145.65 9.01
147.74 1.67
149.73 0.04
151.74 1.95
153.74 1.48
155.65 0.26
157.74 3.16
159.74 4.73
161.74 3.18
163.73 8.61
165.73 9.37
167.74 9.14
169.65 9.14
171.74 9.14
173.64 0.41
175.74 0.2
177.73 0.13
179.73 3.11
181.73 1.69
183.74 4.79
185.74 4.68
187.74 5.53
189.74 6.29
191.74 4.57
193.83 1.7
195.55 0.44
197.74 2.61
199.74 2.94
201.74 4.17
203.73 5.78
205.74 2.2
207.74 5.16
209.74 0.29
