0.0 116.91
0.5 161.86
2.5 174.98
4.5 170.67
6.51 5.92
8.53 218.24
10.36 8.56
12.53 284.32
14.78 282.18
16.53 7.17
18.78 321.21
20.53 4.87
22.78 319.95
24.53 316.7
26.78 369.61
28.53 379.21
30.78 7.34
32.79 306.17
34.78 260.56
36.79 315.05
38.78 352.12
40.8 5.51
42.78 361.21
44.79 7.41
46.77 385.13
48.79 396.41
50.78 379.15
52.78 339.76
54.78 3.86
56.78 298.73
58.77 7.0
60.79 305.19
62.78 304.03
64.79 6.84
66.78 342.97
68.79 4.63
70.78 368.11
72.79 381.11
74.78 10.92
76.79 382.76
78.78 5.99
80.79 388.16
82.78 6.67
84.79 396.49
86.78 403.49
88.79 5.78
90.78 354.61
92.79 7.44
94.78 341.26
96.79 304.48
98.78 338.85
100.79 268.68
102.77 7.17
104.79 258.38
106.77 8.21
108.79 279.13
110.78 296.34
112.79 7.43
114.78 306.67
116.79 7.71
118.78 292.23
120.79 304.1
122.77 339.81
124.79 335.57
126.78 335.57
128.79 291.14
130.77 6.94
132.79 273.34
134.77 290.1
136.79 4.93
138.77 269.56
140.79 4.49
142.77 260.69
144.79 257.41
146.77 257.15
148.79 289.83
150.77 8.06
152.79 240.62
154.78 9.14
156.79 294.88
158.77 284.29
160.79 6.89
162.76 321.55
164.79 5.27
166.76 327.79
168.79 328.61
170.77 331.56
172.79 320.01
174.77 7.49
176.79 295.1
178.76 3.64
180.79 313.74
182.77 305.88
184.78 7.29
186.76 354.65
188.79 8.21
190.76 335.78
192.79 386.61
194.77 370.34
196.79 397.7
198.77 8.14
200.79 403.14
202.77 5.42
204.79 247.88
206.77 222.46
208.79 8.72
210.77 407.09
212.79 6.36
214.76 382.78
216.78 410.22
218.76 340.72
220.79 398.05
222.77 6.0
224.79 364.67
226.77 3.95
228.78 399.39
230.77 393.05
232.79 7.02
234.77 397.89
236.78 7.1
238.77 380.51
240.78 423.69
242.76 337.17
244.79 268.39
246.77 7.42
248.78 29.68
250.77 5.95
252.78 74.95
254.77 189.85
256.78 6.92
258.77 90.42
260.79 8.12
262.77 55.99
264.79 55.99
267.02 55.99
268.78 55.99
270.77 90.37
272.79 87.59
275.02 96.98
276.78 96.61
279.02 98.06
280.79 106.58
283.02 108.85
284.79 107.53
287.02 101.0
288.79 110.24
291.02 97.34
293.0 115.71
295.02 8.17
297.0 115.36
299.02 8.67
301.0 128.19
303.02 123.37
305.0 129.06
307.02 122.53
309.0 8.28
311.02 129.63
312.89 8.19
315.02 131.72
317.0 12.87
319.02 14.34
321.0 13.57
323.02 8.18
325.0 13.73
327.02 13.91
329.2 13.81
331.02 14.87
333.0 33.62
335.02 45.99
336.84 58.38
339.02 66.32
341.0 75.48
343.02 67.01
345.0 78.61
347.02 92.08
349.0 83.72
351.02 116.73
353.0 123.48
355.02 123.85
357.0 155.32
359.02 154.63
360.9 6.09
363.02 171.78
365.0 202.94
367.02 5.88
369.0 212.59
371.02 5.09
373.0 231.95
375.02 297.32
377.0 307.69
379.02 338.21
381.0 4.71
383.02 298.3
384.89 7.34
387.02 337.09
389.0 340.11
391.02 7.28
393.0 355.28
395.01 4.68
397.0 336.79
399.02 291.01
401.0 324.6
403.01 234.06
405.0 7.23
407.28 229.6
409.4 12.22
411.01 48.22
413.0 47.84
415.02 54.76
417.0 68.59
419.02 73.99
421.0 101.83
423.02 88.93
425.0 107.24
427.02 116.41
429.0 8.2
431.01 140.3
433.0 8.19
435.02 182.0
437.0 70.76
439.02 6.95
441.0 71.89
443.02 8.34
445.0 40.79
447.02 40.79
449.21 56.34
451.02 101.01
453.0 106.01
455.02 100.97
457.0 9.09
459.02 120.24
461.0 82.22
463.01 8.26
464.99 97.4
467.02 8.13
469.0 54.19
471.02 157.75
473.0 191.86
475.02 196.58
476.99 6.3
479.02 220.0
481.0 5.72
483.01 224.24
484.99 190.01
487.01 7.99
489.0 167.47
491.02 7.36
493.0 170.34
495.01 171.18
497.0 181.19
499.01 175.5
501.25 8.18
503.02 177.38
505.25 7.72
507.01 180.51
509.25 176.2
511.02 5.77
513.25 176.27
515.01 7.79
517.25 163.19
519.02 179.79
521.25 178.66
523.26 173.78
525.25 8.27
527.26 167.61
529.25 180.34
531.27 171.14
533.25 179.51
535.26 4.99
537.25 185.71
539.26 7.31
541.25 184.12
543.26 166.52
545.25 161.4
547.26 181.63
549.25 7.84
551.26 224.42
553.25 5.67
555.26 259.13
557.25 291.41
559.26 3.93
561.25 276.02
563.26 4.63
565.25 286.84
567.26 329.67
569.25 319.76
571.26 333.44
573.25 7.1
575.26 312.46
577.25 7.43
579.26 336.72
581.25 356.28
583.26 4.71
585.24 378.09
587.26 3.75
589.26 373.43
591.25 364.6
593.26 247.17
595.27 185.83
597.24 5.89
599.25 362.27
601.26 6.41
603.24 300.6
605.26 347.59
607.26 4.62
609.25 325.41
611.25 5.63
613.26 271.03
615.82 316.16
617.9 362.32
620.0 32.19
621.84 1.14
623.83 261.15
625.51 3.58
627.52 232.38
629.51 210.3
631.51 4.8
633.52 208.86
635.49 7.2
637.5 237.77
639.51 142.84
641.49 60.63
643.5 72.22
645.51 4.59
647.5 48.46
649.52 100.44
651.51 100.44
653.5 100.44
655.51 102.83
657.51 102.81
659.49 102.81
661.83 102.81
663.82 102.81
665.83 102.81
667.84 102.81
669.83 102.81
671.83 102.81
673.83 102.81
675.83 102.81
677.84 102.81
679.83 102.81
681.84 102.81
683.83 102.81
685.83 103.73
687.82 119.13
689.82 123.24
691.82 108.3
693.83 7.91
695.82 107.39
697.82 74.04
699.83 112.45
701.7 147.52
703.52 144.42
705.52 122.15
707.5 3.87
709.51 72.15
711.53 105.59
713.5 56.77
715.75 45.14
717.75 109.35
719.77 110.3
721.74 8.48
723.76 135.88
725.76 114.07
727.74 46.79
729.76 17.94
731.76 8.19
733.75 138.37
735.63 4.95
737.77 176.19
739.74 188.45
741.76 6.07
743.76 241.57
745.75 6.46
747.75 223.36
749.76 280.84
751.75 284.08
753.75 277.88
755.76 255.49
757.74 269.99
759.62 8.08
761.83 275.11
763.83 164.86
765.83 7.65
767.83 240.13
769.82 98.4
771.82 181.43
773.83 102.67
775.84 4.45
777.83 135.13
779.82 9.03
781.82 212.26
783.82 224.43
785.82 242.91
787.82 256.35
789.82 6.88
791.82 268.0
793.82 268.0
795.83 240.17
797.83 208.9
799.82 76.77
801.82 53.58
803.82 3.02
805.83 31.76
807.82 31.76
809.82 74.4
811.83 74.5
813.82 63.89
815.83 71.02
817.82 74.83
819.82 77.05
821.82 103.57
823.82 109.12
825.82 47.2
827.82 7.79
829.82 163.01
831.82 168.15
833.82 104.87
835.82 169.26
837.82 7.85
839.82 205.94
841.82 204.18
843.82 169.35
845.83 171.9
847.83 5.84
849.82 61.77
851.83 2.21
853.82 65.66
855.83 71.68
857.83 71.68
859.82 0.13
861.84 69.79
863.82 72.47
865.82 86.65
867.83 96.87
869.84 96.87
871.83 106.18
873.84 106.18
875.82 94.1
877.83 94.1
879.83 108.56
881.82 108.56
883.82 108.56
885.82 108.56
887.82 108.56
889.82 114.33
891.83 125.41
893.82 145.55
895.84 151.43
897.82 137.44
899.82 3.4
901.82 130.12
903.82 175.38
905.83 150.01
907.83 99.85
909.82 156.16
911.82 96.84
913.82 172.72
915.82 115.38
917.82 172.46
919.83 5.81
921.82 175.41
923.82 2.09
925.82 165.78
927.82 165.3
929.82 169.71
931.81 177.01
933.81 6.36
935.82 171.56
937.82 180.77
939.82 182.79
941.82 61.83
943.83 169.1
945.83 167.68
947.82 176.64
949.82 160.0
951.82 151.38
953.82 65.37
955.83 89.77
957.82 6.5
959.81 178.84
961.81 189.3
963.81 194.16
965.81 236.85
967.81 232.92
969.82 227.4
971.82 7.21
973.83 140.19
975.81 140.19
977.82 133.64
980.81 153.74
982.82 4.02
984.82 148.26
986.83 1.81
988.83 87.86
990.06 3.32
992.82 125.9
994.82 170.4
996.81 217.91
998.82 223.83
999.92 5.56
1002.82 198.55
1004.82 228.86
1006.83 194.48
1008.82 148.82
1010.83 5.61
1012.82 145.74
1014.02 3.27
1016.81 170.24
1018.84 239.33
1020.83 5.75
1022.83 98.2
1024.06 1.41
1026.82 138.54
1028.82 179.47
1030.82 179.47
1032.82 143.9
1034.82 4.62
1036.82 179.12
1038.08 2.07
1040.82 165.58
1042.82 203.51
1044.81 211.26
1046.81 283.96
1047.92 7.23
1050.81 267.95
1052.82 204.64
1054.83 243.02
1056.82 92.77
1058.82 3.91
1060.83 89.09
1062.05 3.39
1064.82 178.53
1066.82 214.15
1068.82 3.23
1070.82 197.14
1072.04 2.69
1074.81 114.62
1076.82 204.09
1078.81 215.1
1080.81 222.36
1081.94 2.97
1084.82 235.78
1085.93 3.59
1088.81 177.52
1090.81 263.88
1092.81 6.66
1094.81 263.35
1096.81 4.37
1098.81 277.66
1100.81 287.18
1102.81 250.4
1104.81 239.46
1106.82 4.39
1108.81 281.95
1110.81 5.2
1112.81 243.72
1114.82 282.83
1116.82 5.7
1118.82 145.05
1120.01 3.46
1122.81 185.3
1124.82 182.85
1126.81 152.42
1128.81 197.99
1130.81 7.86
1132.81 219.8
1134.81 6.75
1136.81 240.45
1138.82 266.39
1140.81 266.95
1142.81 272.13
1144.81 8.74
1146.81 275.93
1148.81 249.62
1150.81 279.43
1152.81 279.35
1154.81 6.36
1156.82 277.41
1158.81 7.57
1160.81 287.15
1162.81 294.52
1164.81 291.48
1166.81 61.66
1168.82 3.1
1170.81 59.47
1172.82 66.32
1174.81 62.63
1176.8 65.21
1178.8 72.02
1180.81 78.82
1182.81 78.82
1184.81 84.13
1186.81 88.05
1188.81 97.79
1190.81 94.75
1192.8 97.0
1194.81 97.0
1196.81 97.0
1198.81 97.0
1200.81 97.0
1202.82 97.0
1204.81 97.0
1206.81 97.0
1208.81 97.0
1210.81 97.0
1212.81 97.0
1214.82 97.0
1216.81 97.0
1218.82 97.0
1220.82 97.0
1222.82 97.0
1224.81 97.0
1226.81 97.0
1228.82 97.0
1230.81 97.0
1232.81 97.0
1234.81 97.0
1236.81 97.0
1238.82 97.0
1240.8 97.0
1242.8 97.0
1244.81 97.0
1246.81 97.0
1248.81 97.0
1250.81 97.0
1252.81 97.0
1254.81 97.0
1256.81 97.0
1258.8 97.0
1260.82 97.0
1262.82 97.0
1264.81 97.0
1266.81 97.0
1268.81 97.0
1270.82 97.0
1272.81 97.0
1274.8 97.0
1276.8 97.0
1278.81 97.0
1280.81 97.0
1282.82 97.0
1284.82 97.0
1286.82 97.0
1288.81 97.0
1290.81 100.6
1292.81 97.68
1294.81 97.68
1296.82 97.68
1298.81 97.68
1300.81 97.68
1302.81 97.28
1304.81 114.28
1306.8 121.48
1308.81 141.59
1310.81 136.75
1312.83 4.44
1314.8 165.83
1316.82 164.31
1318.82 159.95
1320.82 165.15
1322.81 176.19
1324.81 115.33
1326.81 1.87
1328.8 131.36
1330.82 212.51
1332.82 212.51
1334.81 207.68
1336.82 1.61
1338.8 114.66
1340.81 206.97
1342.81 198.74
1344.81 169.73
1346.81 2.47
1348.81 204.84
1350.8 4.25
1352.81 252.12
1354.8 266.29
1356.8 297.8
1358.8 290.59
1360.82 2.9
1362.81 146.75
1364.82 301.64
1366.82 202.56
1368.82 311.22
1370.81 189.16
1372.81 275.16
1374.81 1.5
1376.8 267.41
1378.81 286.98
1380.82 5.89
1382.82 153.52
1384.82 2.84
1386.81 87.82
1388.8 154.04
1390.8 155.97
1392.8 160.73
1394.81 9.02
1396.8 178.97
1398.81 6.8
1400.81 196.18
1402.81 206.79
1404.8 215.72
1406.8 221.67
1408.8 239.57
1410.8 235.34
1412.81 211.9
1414.8 252.6
1416.8 261.44
1418.8 4.42
1420.8 271.87
1422.81 2.74
1424.8 168.09
1426.82 264.01
1428.82 206.09
1430.81 123.67
1432.81 4.99
1434.81 242.23
1436.8 278.65
1438.8 278.41
1440.8 290.52
1442.81 5.31
1444.8 300.82
1446.81 6.76
1448.81 332.9
1450.81 338.48
1452.8 286.61
1454.8 323.54
1456.8 6.85
1458.8 224.69
1460.8 211.78
1462.81 253.17
1464.8 299.66
1466.8 7.15
1468.81 351.88
1470.8 7.7
1472.8 324.29
1474.8 342.96
1476.8 10.2
1478.81 321.49
1480.8 3.95
1482.8 266.8
1484.8 229.86
1486.8 281.16
1488.8 294.68
1490.8 4.99
1492.8 307.87
1494.8 6.93
1496.8 348.58
1498.81 350.5
1500.81 345.69
1502.8 342.5
1504.8 5.77
1506.8 197.55
1508.8 197.55
1510.8 222.58
1512.8 218.21
1514.81 6.85
1516.8 226.19
1518.8 4.97
1520.8 239.22
1522.81 247.35
1524.8 5.86
1526.8 244.48
1528.8 5.02
1530.8 260.84
1532.8 211.65
1534.8 262.49
1536.8 268.81
1538.8 5.27
1540.8 245.59
1542.8 4.0
1544.8 245.61
1546.8 245.61
1548.8 273.24
1550.79 241.55
1552.8 5.2
1554.8 259.15
1556.8 269.8
1558.8 260.72
1560.8 267.67
1562.8 7.22
1564.79 233.14
1566.79 5.93
1568.81 197.8
1570.8 106.98
1572.81 4.15
1574.81 109.2
1576.8 4.04
1578.81 127.69
1580.81 130.51
1582.8 144.26
1584.8 148.73
1586.8 175.54
1588.8 171.61
1590.8 3.96
1592.8 171.56
1594.8 181.23
1596.81 208.48
1598.79 222.42
1600.79 217.02
1602.8 205.02
1604.8 220.11
1606.8 184.26
1608.81 105.38
1610.8 6.0
1612.8 198.93
1614.81 2.56
1616.79 235.83
1618.8 227.4
1620.81 181.61
1622.8 182.36
1624.8 1.72
1626.8 205.23
1628.8 257.9
1630.8 257.9
1632.8 136.7
1634.8 3.45
1636.81 246.64
1638.81 2.88
1640.8 159.58
1642.81 279.09
1644.81 9.89
1646.8 205.29
1648.8 7.15
1650.79 320.28
1652.8 268.51
1654.81 189.18
1656.81 140.27
1658.8 174.44
1660.8 139.41
1662.81 2.5
1664.81 168.69
1666.8 133.27
1668.8 166.7
1670.8 141.93
1672.81 166.72
1674.8 141.22
1676.81 159.03
1678.81 150.01
1680.8 156.91
1682.79 130.11
1684.79 197.48
1686.8 3.92
1688.8 215.79
1690.8 258.58
1692.8 282.01
1694.79 321.39
1696.8 5.62
1698.79 296.33
1700.8 258.01
1702.8 163.4
1704.81 313.12
1706.81 3.11
1708.81 144.93
1710.8 2.71
1712.8 148.72
1714.8 212.48
1716.8 5.81
1718.8 191.4
1720.81 201.23
1722.8 216.4
1724.8 258.34
1726.79 270.37
1728.8 267.09
1730.79 3.65
1732.79 326.43
1734.79 7.97
1736.8 371.07
1738.97 371.07
1740.79 2.24
1742.8 353.27
1744.79 5.98
1746.79 380.62
1748.8 2.03
1750.79 125.37
1752.8 314.15
1754.8 5.56
1756.81 160.61
1758.81 1.14
1760.8 264.82
1762.79 248.77
1764.79 309.87
1766.79 336.31
1768.8 5.2
1770.8 358.0
1772.8 338.38
1774.79 344.46
1776.8 326.09
1778.79 3.05
1780.79 232.81
1782.79 3.07
1784.8 330.47
1786.79 296.18
1788.8 165.51
1790.8 114.73
1792.79 110.31
1794.79 126.82
1796.79 180.24
1798.79 195.78
1800.79 202.97
1802.79 189.71
1804.8 200.64
1806.79 4.8
1808.8 199.49
1810.79 218.11
1812.79 295.05
1814.79 286.69
1816.79 321.91
1818.8 347.35
1820.79 364.82
1822.8 311.99
1824.79 381.81
1826.8 4.95
1828.79 356.08
1830.8 5.24
1832.79 392.01
1834.79 383.67
1836.79 340.72
1838.79 368.66
1840.79 3.86
1842.79 397.45
1844.79 396.31
1846.8 370.22
1848.8 173.92
1850.79 3.93
1852.8 415.51
1854.8 3.7
1856.81 408.17
1858.79 341.68
1860.79 188.98
1862.79 230.63
1864.79 4.34
1866.79 432.55
1868.79 382.67
1870.8 328.16
1872.8 149.37
1874.78 4.66
1876.78 116.64
1878.79 6.56
1880.79 94.99
1882.79 117.89
1884.79 112.93
1886.79 96.65
1888.79 115.32
1890.79 120.77
1892.79 113.68
1894.79 134.6
1896.8 124.08
1898.79 2.55
1900.79 162.48
1902.79 3.06
1904.8 156.93
1906.8 176.98
1908.8 192.8
1910.78 172.02
1912.79 5.86
1914.79 231.6
1916.8 240.78
1918.8 240.78
1920.79 92.34
1922.81 3.84
1924.81 102.68
1926.79 3.04
1928.78 111.58
1930.79 141.44
1932.79 140.16
1934.81 140.16
1936.79 1.53
1938.79 105.7
1940.8 107.02
1942.8 39.8
1944.8 53.32
1946.8 53.32
1948.8 54.2
1950.8 54.2
1952.79 57.98
1954.81 111.14
1956.81 106.98
1959.8 106.98
1961.78 106.98
1963.79 109.12
1964.9 4.0
1967.79 150.66
1969.79 147.63
1971.78 177.24
1973.8 179.99
1975.78 3.61
1977.79 155.66
1978.9 8.21
1981.79 210.07
1983.79 198.57
1985.78 4.53
1987.8 215.57
1988.98 3.87
1991.79 223.58
1993.78 104.28
1995.79 219.19
1997.78 257.11
1999.78 248.65
2001.79 258.07
2002.9 5.77
2005.8 251.13
2007.79 219.86
2009.78 258.19
2011.78 174.21
2012.85 143.33
2015.78 243.33
2017.8 140.18
2019.79 5.81
2021.79 281.95
2023.79 5.8
2025.79 259.8
2026.97 3.98
2029.78 160.63
2031.79 265.39
2033.78 253.97
2035.78 252.25
2036.92 3.97
2039.79 277.98
2041.79 269.48
2043.79 269.48
2045.79 167.73
2047.8 5.92
2049.79 77.82
2051.03 3.64
2053.79 128.55
2055.78 115.66
2057.78 115.07
2059.78 147.16
2060.9 6.52
2063.78 183.9
2065.8 228.7
2067.78 231.82
2069.78 244.37
2071.8 245.98
2073.79 157.77
2074.99 3.04
2077.78 204.02
2079.79 286.48
2081.79 2.82
2083.8 116.96
2085.03 2.82
2087.79 149.76
2089.8 164.75
2091.78 3.45
2093.78 187.36
2095.79 185.78
2097.79 175.94
2099.06 1.48
2101.79 122.3
2103.79 211.22
2105.78 244.88
2107.78 235.61
2109.78 4.95
2111.78 266.52
2113.78 280.24
2115.78 242.59
2117.79 234.7
2119.79 232.21
2121.79 232.21
2123.02 236.13
2125.78 120.48
2127.79 237.62
2129.79 3.63
2131.8 206.81
2133.06 1.43
2135.78 221.28
2137.8 201.82
2139.78 219.3
2141.79 265.47
2143.79 246.77
2145.78 201.64
2147.78 6.87
2149.78 241.91
2151.78 181.43
2153.79 186.31
2155.78 256.75
2157.78 6.7
2159.78 175.85
2161.78 171.51
2163.78 212.04
2165.78 227.21
2167.79 210.32
2169.78 226.65
2171.78 3.93
2173.78 239.3
2175.78 224.15
2177.78 234.16
2179.78 206.43
2181.78 8.33
2183.78 212.94
2185.8 233.54
2187.78 177.04
2189.78 117.0
2191.78 4.02
2193.78 254.79
2195.78 4.34
2197.78 262.82
2199.78 298.18
2201.78 296.43
2203.78 320.37
2205.78 5.24
2207.78 314.33
2209.78 209.2
2211.78 209.2
2213.78 275.17
2215.79 10.91
2217.79 304.47
2219.78 7.39
2221.78 311.64
2223.78 269.31
2225.78 271.2
2227.78 257.42
2229.78 4.76
2231.78 176.83
2233.78 222.25
2235.78 281.54
2237.78 295.5
2239.78 5.94
2241.78 268.66
2243.78 8.11
2245.79 203.38
2247.78 108.71
2249.78 10.94
2251.78 284.72
2253.77 286.44
2255.78 264.78
2257.78 285.08
2259.78 257.17
2261.78 221.51
2263.78 203.34
2265.78 155.44
2267.78 230.94
2269.78 265.11
2271.78 265.0
2273.78 226.25
2275.78 228.7
2277.78 6.27
2279.77 284.38
2281.78 288.91
2283.78 282.53
2285.78 299.52
2287.78 299.43
2289.78 174.45
2291.78 2.57
2293.79 296.32
2295.78 296.32
2297.79 291.63
2299.79 140.89
2301.77 2.56
2303.78 273.61
2305.78 213.38
2307.79 161.04
2309.78 268.37
2311.79 263.11
2313.78 112.63
2315.78 6.41
2317.79 196.23
2319.79 128.87
2321.78 128.87
2323.78 104.45
2325.79 3.96
2327.78 73.95
2329.78 116.95
2331.79 122.55
2333.8 4.99
2335.77 133.95
2337.78 134.68
2339.77 8.06
2341.78 161.21
2343.8 93.91
2345.79 5.94
2347.78 30.83
2349.78 38.4
2351.77 31.11
2353.78 51.96
2355.77 39.45
2357.78 63.79
2359.78 63.79
2361.79 63.79
2363.78 56.34
2365.77 62.94
2367.78 63.0
2369.78 63.02
2371.78 61.93
2373.78 86.43
2375.78 104.82
2377.77 103.77
2379.78 103.99
2381.78 94.69
2383.77 94.69
2385.78 94.69
2387.77 94.69
2389.77 94.69
2391.79 94.69
2393.78 94.69
2395.78 94.69
2397.78 94.69
2399.78 94.69
2401.78 94.69
2403.78 94.69
2405.78 94.69
2407.78 94.69
2409.79 94.69
2411.79 94.69
2413.77 94.69
2415.77 94.69
2417.77 94.69
2419.77 94.69
2421.77 94.69
2423.77 94.69
2425.77 94.69
2427.78 94.69
2429.77 94.69
2431.78 94.69
2433.77 102.66
2435.77 8.97
2437.77 105.69
2439.77 105.69
2441.77 105.69
2443.78 29.99
2445.78 5.79
2447.78 27.16
2449.77 28.5
2451.78 48.51
2453.78 55.92
2455.78 55.92
2457.78 55.92
2459.79 102.37
2461.77 102.37
2463.77 102.37
2465.77 102.37
2467.77 102.37
2469.77 102.37
2471.77 102.37
2473.77 102.37
2475.77 102.37
2477.78 102.37
2479.77 118.89
2481.77 124.39
2483.77 5.2
2485.77 108.51
2487.77 145.02
2489.77 147.57
2491.78 153.42
2493.78 5.72
2495.78 203.56
2497.77 214.24
2499.77 236.24
2501.77 171.81
2503.77 248.01
2505.78 119.49
2507.77 0.39
2509.78 73.91
2511.77 237.31
2513.78 0.12
2515.77 276.8
2517.77 7.83
2519.77 311.17
2521.78 332.68
2523.78 314.36
2525.77 327.15
2527.77 7.2
2529.77 287.41
2531.77 3.96
2533.77 306.21
2535.77 344.61
2537.77 346.31
2539.77 353.2
2541.77 6.81
2543.77 354.54
2545.77 375.19
2547.77 284.36
2549.77 295.08
2551.78 4.79
2553.76 153.9
2555.77 6.82
2557.78 327.18
2559.78 136.54
2561.78 336.18
2563.76 145.5
2565.77 7.01
2567.77 362.45
2569.77 346.43
2571.77 369.38
2573.77 337.74
2575.77 7.15
2577.77 1.22
2579.76 308.15
2581.76 268.84
2583.77 270.29
2585.77 253.43
2587.77 271.59
2589.77 4.76
2591.78 169.76
2593.77 88.52
2595.78 157.4
2597.77 134.79
2599.77 161.55
2601.77 179.12
2603.77 5.89
2605.77 209.55
2607.79 232.21
2609.77 167.44
2611.78 86.54
2613.76 3.13
2615.77 238.23
2617.78 131.27
2619.78 97.21
2621.77 235.09
2623.77 216.8
2625.78 219.58
2627.76 6.37
2629.76 249.58
2631.77 263.72
2633.77 290.53
2635.78 288.05
2637.77 235.02
2639.77 193.81
2641.79 288.94
2643.77 184.06
2645.76 294.18
2647.77 255.84
2649.78 150.12
2651.78 3.23
2653.76 135.06
2655.78 191.4
2657.77 168.27
2659.78 223.4
2661.77 3.08
2663.76 154.03
2665.77 216.36
2667.78 200.92
2669.78 131.35
2671.79 5.95
2673.78 74.97
2675.78 4.34
2677.76 74.85
2679.76 58.1
2681.77 72.64
2683.76 84.09
2685.78 97.64
2687.77 100.88
2689.77 100.48
2691.78 100.48
2693.77 100.48
2695.77 100.48
2697.77 100.48
2699.77 100.48
2701.76 99.57
2703.78 89.85
2705.77 89.85
2707.78 89.85
2709.78 89.85
2711.76 89.85
2713.77 90.88
2715.78 90.88
2717.78 90.88
2719.77 90.88
2721.77 97.7
2723.76 119.78
2725.77 114.4
2727.76 104.93
2729.77 101.55
2731.76 123.32
2733.76 8.4
2735.77 173.11
2737.78 198.8
2739.77 106.96
2741.77 150.67
2743.78 4.1
2745.77 152.89
2747.77 2.6
2749.76 95.48
2751.77 151.2
2753.77 151.92
2755.77 142.45
2757.77 6.47
2759.76 155.81
2761.76 185.63
2763.77 171.65
2765.76 186.41
2767.77 181.5
2769.76 151.38
2771.76 7.93
2773.76 179.29
2775.76 198.69
2777.76 166.11
2779.76 207.71
2781.76 6.93
2783.77 238.97
2785.77 270.5
2787.77 262.61
2789.76 278.62
2791.76 252.64
2793.76 279.57
2795.77 5.3
2797.76 249.21
2799.76 274.94
2801.76 266.45
2803.76 236.72
2805.76 4.06
2807.76 254.09
2809.76 276.65
2811.76 56.97
2813.76 56.97
2815.76 44.66
2817.76 38.22
2819.77 3.25
2821.77 45.68
2823.76 47.41
2825.76 49.35
2827.76 48.06
2829.76 61.12
2831.76 70.38
2833.76 71.1
2835.76 82.11
2837.76 84.66
2839.77 98.83
2841.76 107.68
2843.76 124.45
2845.76 138.26
2847.77 154.69
2849.76 97.75
2851.76 136.4
2853.76 6.93
2855.76 148.12
2857.76 145.97
2859.76 160.79
2861.76 179.19
2863.77 180.18
2865.76 35.54
2867.76 159.61
2869.76 163.17
2871.77 150.23
2873.76 134.02
2875.77 140.93
2877.76 2.86
2879.77 118.94
2881.77 104.68
2883.76 104.68
2885.77 104.68
2887.77 104.68
2889.76 104.68
2891.76 1.72
2893.76 31.2
2895.76 31.2
2897.77 43.54
2899.77 43.54
2901.76 43.54
2903.76 52.13
2905.75 52.13
2907.76 52.13
2909.76 52.13
2911.76 52.13
2913.76 52.13
2915.76 52.13
2917.76 52.13
2919.76 52.13
2921.77 52.13
2923.77 52.13
2925.76 52.13
2927.76 52.13
2929.77 52.13
2931.77 52.13
2933.77 52.13
2936.77 52.13
2937.78 52.13
2940.75 52.13
2942.76 52.13
2943.82 52.13
2946.77 52.13
2948.76 52.13
2950.76 52.4
2952.77 52.4
2953.82 52.4
2956.77 52.4
2957.91 52.4
2960.76 52.4
2962.76 52.4
2964.77 52.81
2966.78 52.81
2967.94 52.81
2970.77 56.99
2972.75 56.99
2974.76 56.99
2976.76 56.99
2977.83 56.99
2980.77 56.99
2981.88 56.99
2984.77 56.99
2986.76 56.99
2988.75 101.1
2990.75 112.71
2991.82 112.71
2994.77 112.71
2996.76 112.71
2998.76 112.71
3000.76 112.71
3001.82 112.71
3004.75 115.91
3005.87 5.5
3008.76 134.96
3010.76 131.1
3012.76 156.22
3014.77 157.0
3015.96 2.66
3018.78 138.91
3020.76 132.96
3022.75 156.05
3024.75 135.52
3026.76 6.05
3028.77 186.0
3029.99 2.19
3032.77 180.06
3034.77 178.25
3036.75 178.25
3038.75 189.01
3039.86 7.68
3042.76 241.73
3044.76 172.72
3046.76 241.93
3048.76 224.47
3049.87 4.74
3052.75 271.76
3054.75 7.35
3056.75 284.25
3058.95 284.25
3060.76 1.87
3062.75 328.46
3064.75 5.78
3066.76 253.5
3068.76 72.11
3070.76 3.91
3072.76 160.27
3074.76 2.62
3076.76 137.36
3078.01 2.95
3080.76 63.66
3082.77 145.25
3084.77 4.06
3086.75 164.32
3087.94 4.55
3090.76 165.26
3092.76 154.51
3094.76 166.67
3096.76 177.55
3097.98 4.01
3100.77 208.54
3102.75 233.18
3104.76 71.97
3106.76 113.21
3108.77 5.97
3110.76 66.77
3112.77 116.37
3114.76 116.37
3116.77 107.04
3118.77 107.04
3120.76 95.42
3122.76 95.42
3124.76 114.36
3126.77 114.36
3128.75 98.56
3130.75 107.66
3132.75 141.05
3134.75 127.67
3136.75 8.04
3138.75 159.49
3140.76 151.17
3142.75 165.94
3144.76 158.58
3146.76 3.03
3148.77 84.97
3150.0 1.98
3152.75 75.31
3154.76 125.61
3156.76 5.81
3158.76 81.99
3160.76 7.49
3162.76 118.41
3164.75 126.49
3166.76 8.61
3168.75 94.76
3170.75 125.03
3172.75 121.66
3174.75 7.28
3176.76 134.72
3178.75 139.67
3180.76 186.12
3182.76 210.25
3184.75 6.92
3186.75 219.75
3188.75 204.79
3190.75 200.63
3192.76 215.79
3194.75 3.93
3196.75 213.9
3198.75 223.59
3200.75 206.11
3202.76 213.18
3204.76 5.86
3206.76 87.2
3208.76 2.86
3210.75 106.16
3212.76 124.04
3214.75 124.72
3216.75 146.25
3218.75 8.71
3220.75 159.52
3222.75 3.39
3224.76 197.33
3226.75 249.06
3228.75 289.57
3230.75 319.29
3232.75 6.85
3234.75 334.52
3236.75 8.76
3238.75 284.63
3240.75 172.59
3242.75 186.97
3244.76 190.53
3246.76 3.95
3248.75 134.54
3250.75 178.54
3252.75 196.25
3254.76 207.05
3256.75 2.66
3258.75 206.45
3260.76 131.46
3262.76 6.62
3264.74 99.57
3266.74 3.85
3268.75 109.26
3270.75 109.26
3272.74 109.26
3274.76 124.61
3276.76 135.45
3278.75 141.03
3280.75 7.5
3282.75 92.5
3284.75 111.88
3286.75 142.74
3288.75 147.0
3290.75 8.21
3292.75 129.19
3294.75 7.98
3296.76 126.87
3298.75 126.87
3300.75 5.83
3302.76 135.03
3304.75 83.1
3306.76 83.1
3308.75 83.1
3310.75 83.1
3312.76 31.88
3314.75 30.38
3316.76 31.28
3318.76 31.28
3320.76 31.56
3322.75 31.56
3324.75 36.05
3326.75 50.48
3328.75 51.08
3330.74 58.88
3332.75 64.94
3334.75 62.3
3336.74 85.34
3338.75 79.18
3340.74 102.72
3342.75 102.72
3344.75 110.95
3346.75 110.95
3348.76 110.95
3350.75 110.95
3352.76 110.95
3354.75 110.95
3356.76 110.95
3358.76 110.95
3360.76 110.95
3362.76 110.95
3364.74 110.95
3366.75 110.95
3368.75 110.95
3370.76 110.95
3372.75 110.95
3374.77 110.95
3376.76 110.95
3378.74 110.95
3380.74 110.95
3382.75 110.95
3384.75 110.95
3386.76 110.95
3388.74 110.95
3390.76 110.95
3392.76 110.95
3394.76 110.95
3396.75 110.95
3398.75 110.95
3400.75 110.95
3402.74 110.95
3404.75 110.95
3406.76 110.95
3408.77 110.95
3410.76 110.95
3412.74 110.95
3416.58 110.95
3418.52 130.99
3420.52 147.44
3422.53 179.05
3424.54 2.03
3426.52 178.85
3428.52 189.36
3430.53 118.46
3432.52 99.15
3434.52 2.68
3436.52 84.85
3438.53 2.15
3440.52 165.55
3442.52 196.67
3444.52 3.57
3446.54 102.77
3448.52 6.14
3450.52 228.7
3452.52 235.12
3454.52 244.92
3456.52 255.52
3458.52 3.12
3460.52 280.2
3462.51 281.31
3464.52 267.78
3466.52 274.99
3468.52 304.7
3470.52 306.63
3472.53 5.15
3474.53 316.8
3476.54 346.76
3478.53 155.21
3480.52 92.2
3482.53 2.13
3484.53 122.06
3486.53 163.93
3488.52 128.62
3490.53 114.4
3492.53 3.15
3494.51 140.24
3496.51 7.35
3498.52 178.49
3500.52 186.23
3502.53 197.87
3504.52 190.63
3506.53 4.38
3508.51 199.32
3510.51 207.98
3512.52 209.01
3514.52 215.12
3516.52 222.53
3518.52 221.3
3520.52 8.64
3522.53 206.58
3524.51 224.96
3526.51 217.29
3528.51 227.36
3530.52 5.98
3532.51 229.31
3534.52 241.78
3536.52 227.45
3538.51 109.36
3540.53 9.41
3542.51 228.49
3544.51 5.19
3546.52 245.04
3548.52 253.19
3550.52 246.65
3552.52 251.79
3554.52 6.51
3556.53 236.02
3558.52 251.78
3560.51 220.97
3562.51 241.29
3564.52 11.03
3566.52 108.4
3568.52 6.14
3570.52 91.48
3572.52 91.48
3574.52 98.97
3576.51 98.97
3578.51 98.97
3580.53 98.97
3582.52 98.97
3584.53 102.98
3586.52 102.98
3588.54 8.35
3590.52 49.93
3592.51 59.0
3594.52 102.44
3596.52 102.44
3598.52 102.44
3600.51 102.44
3602.52 102.44
3604.52 102.44
3606.51 102.44
3608.51 113.61
3610.51 105.63
3612.51 114.22
3614.52 114.22
3616.52 114.22
3618.52 114.22
3620.52 114.22
3622.51 114.22
3624.51 114.22
3626.51 114.22
3628.51 114.22
3630.52 114.22
3632.53 119.06
3634.53 107.93
3636.52 106.03
3638.51 117.62
3640.52 119.69
3642.51 148.36
3644.52 0.07
3646.51 155.28
3648.52 143.65
3650.52 2.63
3652.53 191.19
3654.52 132.55
3656.54 184.05
3658.51 177.37
3660.52 224.5
3662.52 145.47
3664.53 3.97
3666.52 160.56
3668.51 240.35
3670.52 250.41
3672.54 249.86
3674.52 172.18
3676.51 248.97
3678.52 252.41
3680.52 93.85
3682.53 159.25
3684.52 5.89
3686.53 233.5
3688.52 7.08
3690.51 253.38
3692.52 254.1
3694.52 254.07
3696.52 174.34
3698.52 2.13
3700.52 167.11
3702.52 280.37
3704.53 153.89
3706.52 277.49
3708.52 3.16
3710.53 102.51
3712.51 4.13
3714.52 272.78
3716.52 275.94
3718.51 253.35
3720.51 300.61
3722.51 3.9
3724.51 321.68
3726.51 295.89
3728.51 326.2
3730.52 337.39
3732.52 258.73
3734.53 152.02
3736.51 3.99
3738.51 145.85
3740.52 153.56
3742.52 160.75
3744.52 139.1
3746.52 190.32
3748.51 107.77
3750.53 169.26
3752.52 177.51
3754.51 172.3
3756.51 167.71
3758.51 159.55
3760.51 195.6
3762.51 212.9
3764.51 218.13
3766.52 217.85
3768.51 241.62
3770.52 4.62
3772.51 245.05
3774.51 252.24
3776.51 261.79
3778.51 284.86
3780.51 301.25
3782.52 308.57
3784.51 7.5
3786.52 243.71
3788.51 300.53
3790.52 121.85
3792.52 188.1
3794.52 2.7
3796.51 255.4
3798.52 293.98
3800.51 281.47
3802.51 280.44
3804.51 257.93
3806.51 300.21
3808.51 268.23
3810.51 281.58
3812.51 251.56
3814.52 296.26
3816.51 277.47
3818.52 4.79
3820.51 61.65
3822.51 145.51
3824.51 39.13
3826.51 57.21
3828.51 100.85
3830.51 53.2
3832.51 7.76
3834.51 45.47
3836.51 93.44
3838.51 93.44
3840.51 93.44
3842.51 103.06
3844.51 96.59
3846.51 120.28
3848.51 91.69
3850.5 66.41
3852.51 93.46
3854.5 58.39
3856.51 8.87
3858.51 96.05
3860.51 109.18
3862.52 115.64
3864.51 78.95
3866.51 7.51
3868.52 91.87
3870.5 91.87
3872.51 91.87
3874.5 91.87
3876.51 91.87
3878.52 22.9
3880.51 38.46
3882.52 42.15
3884.52 42.15
3886.51 51.12
3888.51 51.12
3890.51 86.95
3892.51 83.65
3894.51 93.43
3896.52 96.58
3898.51 96.58
3900.5 103.69
3902.5 99.41
3904.5 99.41
3906.51 95.18
3908.51 0.3
3910.51 92.33
3912.51 96.09
3914.5 4.0
3916.5 113.39
3918.7 3.99
3921.51 64.96
3922.57 64.96
3925.52 64.96
3927.51 64.96
3929.51 113.8
3931.51 121.22
3932.62 7.37
3935.51 74.62
3937.5 32.21
3939.5 9.11
3941.51 47.53
3943.52 76.56
3945.51 76.56
3946.56 76.56
3949.51 50.71
3951.51 54.12
3953.5 10.7
3955.5 28.16
3956.57 54.28
3959.51 54.28
3961.51 62.83
3963.51 76.33
3965.5 74.38
3967.5 104.36
3969.5 102.02
3970.56 104.2
3973.51 118.73
3975.51 134.52
3977.5 180.83
3979.51 183.5
3980.63 7.17
3983.5 248.52
3985.5 257.95
3987.5 267.81
3989.5 270.63
3991.51 278.74
3993.5 279.46
3994.61 7.8
3997.51 288.68
3999.5 110.83
4001.5 226.11
4003.5 257.02
4004.62 4.23
4007.51 271.97
4009.51 250.2
4011.51 299.39
4013.51 297.63
4015.5 271.4
4017.5 201.25
4018.62 6.86
4021.52 199.92
4023.5 138.35
4025.5 191.12
4027.51 238.54
4028.62 9.1
4031.51 275.98
4033.5 273.63
4035.5 293.77
4037.5 297.56
4039.51 295.16
4041.51 328.69
4043.5 4.75
4045.51 248.91
4047.51 285.67
4049.51 5.72
4051.52 36.12
4052.74 2.49
4055.51 79.78
4057.51 73.86
4059.51 73.86
4061.51 80.72
4063.5 80.72
4065.51 75.33
4066.69 75.33
4069.51 101.1
4071.5 101.1
4073.5 108.37
4075.51 113.79
4077.5 4.66
4079.51 117.11
4081.5 146.62
4083.5 152.7
4085.5 161.34
4087.5 172.07
4089.5 179.48
4091.51 7.48
4093.5 212.73
4095.51 136.81
4097.5 5.92
4099.51 210.1
4100.77 176.81
4103.5 186.91
4105.51 212.82
4107.5 237.62
4109.5 243.75
4111.51 227.67
4113.5 176.72
4115.51 3.98
4117.5 206.32
4119.51 284.18
4121.51 3.13
4123.5 130.18
4124.73 3.7
4127.51 184.85
4129.51 151.05
4131.51 177.75
4133.51 103.49
4135.51 3.11
4137.5 183.37
4138.76 2.35
4141.5 181.08
4143.5 193.51
4145.53 195.88
4147.5 192.05
4149.52 4.47
4151.5 201.32
4153.5 199.1
4155.51 132.48
4157.51 110.1
4159.51 190.92
4161.51 133.72
4163.51 205.32
4165.5 129.25
4167.5 168.91
4169.5 232.92
4171.5 223.9
4173.5 7.29
4175.5 263.33
4177.5 290.72
4179.5 286.96
4181.5 320.27
4183.5 324.28
4185.5 350.26
4187.51 3.51
4189.5 157.01
4191.5 157.78
4193.51 3.16
4195.51 103.43
4197.51 3.51
4199.5 99.17
4201.51 129.35
4203.51 125.85
4205.5 122.09
4207.51 122.23
4209.53 122.23
4211.51 48.33
4213.5 48.33
4215.5 50.98
4217.5 95.8
4219.5 137.94
4221.49 7.09
4223.49 173.69
4225.5 199.19
4227.49 0.42
4229.49 223.33
4231.5 270.34
4233.5 260.3
4235.49 3.75
4237.5 277.78
4239.5 298.91
4241.5 314.54
4243.5 310.49
4245.49 4.83
4247.49 301.81
4249.5 306.34
4251.5 269.1
4253.5 269.09
4255.5 334.49
4257.5 318.38
4259.5 326.52
4261.49 306.19
4263.49 274.66
4265.5 10.7
4267.49 244.89
4269.5 3.99
4271.5 301.77
4273.49 295.2
4275.5 296.08
4277.5 196.15
4279.51 10.26
4281.5 234.23
4283.5 303.81
4285.5 330.15
4287.5 333.56
4289.49 343.56
4291.5 289.29
4293.51 6.82
4295.49 253.46
4297.5 238.73
4299.5 291.98
4301.5 224.42
4303.5 10.6
4305.5 290.7
4307.51 5.25
4309.5 300.86
4311.52 303.36
4313.5 3.3
4315.51 113.62
4317.5 2.16
4319.5 273.61
4321.5 273.61
4323.5 274.32
4325.5 224.34
4327.49 267.37
4329.49 315.9
4331.5 7.51
4333.5 284.0
4335.5 244.75
4337.5 306.92
4339.5 291.85
4341.5 5.75
4343.49 290.36
4345.5 228.22
4347.64 228.22
4349.51 26.51
4351.5 3.03
4353.49 309.97
4355.49 312.45
4357.5 288.18
4359.49 328.72
4361.49 10.32
4363.49 322.79
4365.5 4.41
4367.49 338.48
4369.49 353.46
4371.5 370.42
4373.5 370.92
4375.5 4.53
4377.5 301.42
4379.49 1.71
4381.5 199.34
4383.51 95.26
4385.51 5.89
4387.5 107.45
4389.5 3.73
4391.51 124.39
4393.49 119.22
4395.49 123.63
4397.5 127.33
4399.5 151.01
4401.49 143.53
4403.49 5.63
4405.5 196.38
4407.5 224.6
4409.49 4.94
4411.49 228.17
4413.49 228.02
4415.49 223.06
4417.5 231.14
4419.5 214.35
4421.51 98.44
4423.5 208.46
4425.5 227.99
4427.49 6.32
4429.49 250.56
4431.5 251.52
4433.5 7.17
4435.5 232.33
4437.5 2.52
4439.5 255.96
4441.5 255.98
4443.5 74.67
4445.5 112.62
4447.5 4.06
4449.5 96.4
4451.5 96.4
4453.49 96.4
4455.5 110.58
4457.49 119.57
4459.49 112.04
4461.49 115.81
4463.49 162.57
4465.5 184.03
4467.5 195.21
4469.49 181.17
4471.5 185.5
4473.49 208.6
4475.5 1.68
4477.49 84.9
4479.5 216.34
4481.5 3.61
4483.5 146.19
4485.5 4.42
4487.5 141.73
4489.49 143.76
4491.49 117.87
4493.49 174.64
4495.49 158.93
4497.49 176.46
4499.5 4.79
4501.49 59.6
4503.49 76.08
4505.48 145.09
4507.49 198.37
4509.49 6.81
4511.49 209.1
4513.49 201.42
4515.48 223.86
4517.5 260.74
4519.49 275.64
4521.49 237.86
4523.48 7.71
4525.48 108.64
4527.5 128.9
4529.5 128.9
4531.5 55.68
4533.9 0.03
4535.54 12.3
4537.51 12.83
4539.48 54.6
4541.48 59.63
4543.49 61.93
4545.49 73.4
4547.49 73.4
4549.5 73.4
4551.49 73.4
4553.49 81.66
4555.48 81.66
4557.49 81.66
4559.48 81.66
4561.49 81.66
4563.49 81.66
4565.5 81.66
4567.49 81.66
4569.49 81.66
4571.48 81.66
4573.48 81.66
4575.49 81.66
4577.49 81.66
4579.49 81.66
4581.49 81.66
4583.49 81.66
4585.48 81.66
4587.48 81.66
4589.48 81.66
4591.48 81.66
4593.49 81.66
4595.49 81.66
4597.49 81.66
4599.49 81.66
4601.49 81.66
4603.49 81.66
4605.48 81.66
4607.49 84.25
4609.5 84.25
4611.49 84.25
4613.5 84.25
4615.5 84.25
4617.49 84.25
4619.49 84.25
4621.48 82.32
4623.49 78.12
4625.48 93.04
4627.49 95.12
4629.49 91.1
4631.49 91.1
4633.5 91.1
4635.48 115.96
4637.48 92.31
4639.48 97.95
4641.48 105.38
4643.49 7.91
4645.49 130.39
4647.49 144.84
4649.49 137.26
4651.48 143.24
4653.48 6.41
4655.49 58.1
4657.5 31.6
4659.5 113.84
4661.49 132.28
4663.48 145.57
4665.48 150.1
4667.49 7.69
4669.48 174.59
4671.48 191.92
4673.48 199.6
4675.48 182.16
4677.49 7.32
4679.49 234.59
4681.49 261.4
4683.49 287.84
4685.48 278.34
4687.48 310.62
4689.48 330.09
4691.49 3.93
4693.49 299.43
4695.49 244.89
4697.5 103.53
4699.5 87.32
4701.49 1.29
4703.48 267.92
4705.48 166.11
4707.49 235.3
4709.48 246.72
4711.49 295.57
4713.48 307.59
4715.48 5.16
4717.48 303.04
4719.49 293.25
4721.48 297.63
4723.49 262.24
4725.49 2.2
4727.49 166.87
4729.5 261.2
4731.49 141.63
4733.5 263.12
4735.49 5.62
4737.48 260.45
4739.48 245.34
4741.48 125.92
4743.48 247.33
4745.5 122.51
4747.49 199.32
4749.49 3.55
4751.48 171.65
4753.49 263.24
4755.49 231.3
4757.49 153.99
4759.49 237.2
4761.49 104.96
4763.49 86.23
4765.48 82.15
4767.48 232.34
4769.48 167.04
4771.5 203.54
4773.49 184.51
4775.48 81.33
4777.49 237.6
4779.48 239.35
4781.48 233.2
4783.48 238.35
4785.48 264.08
4787.48 7.69
4789.48 299.0
4791.48 296.58
4793.48 294.95
4795.48 296.54
4797.48 4.75
4799.48 310.41
4801.49 337.63
4803.49 337.63
4805.49 142.44
4807.49 345.13
4809.49 118.79
4811.48 2.77
4813.49 109.32
4815.49 147.91
4817.48 72.75
4819.48 89.18
4821.48 4.94
4823.48 161.87
4825.47 163.85
4827.48 180.59
4829.48 223.88
4831.48 261.97
4833.47 275.03
4835.48 6.81
4837.48 259.31
4839.48 282.42
4841.48 287.22
4843.48 300.55
4845.48 6.98
4847.47 344.26
4849.48 346.26
4851.48 346.33
4853.48 324.9
4855.48 287.77
4857.49 209.38
4859.49 1.83
4861.48 323.29
4863.48 328.72
4865.47 330.65
4867.48 318.53
4869.48 3.58
4871.48 252.52
4873.48 189.11
4875.48 178.94
4877.48 201.88
4879.48 198.78
4881.48 222.53
4883.47 5.48
4885.48 242.0
4887.48 262.95
4889.48 267.12
4891.48 234.48
4893.49 256.99
4895.48 248.24
4897.58 4.34
4900.48 250.07
4902.48 290.95
4904.48 298.04
4906.48 271.72
4908.49 170.42
4910.49 134.19
4911.68 2.56
4914.48 83.09
4916.48 177.5
4918.48 5.95
4920.49 82.59
4921.72 3.23
4924.48 101.07
4926.48 150.39
4928.48 5.83
4930.48 125.04
4932.48 150.26
4934.48 150.06
4935.75 2.87
4938.48 29.68
4940.49 90.85
4942.47 3.61
4944.48 31.95
4945.54 93.79
4948.48 93.79
4950.47 93.79
4952.47 93.57
4954.48 93.57
4956.48 93.57
4958.47 99.6
4959.54 99.6
4962.49 99.6
4964.47 99.6
4966.48 99.6
4968.49 99.6
4969.66 99.6
4972.48 99.6
4974.49 94.85
4976.48 94.85
4978.49 94.85
4980.48 94.85
4982.47 94.85
4984.48 94.85
4986.48 102.64
4988.48 102.64
4990.48 102.64
4992.48 102.64
4994.48 102.64
4996.47 102.64
4998.47 102.64
5000.47 102.64
5002.47 102.64
5004.47 102.64
5006.47 102.64
5008.48 102.64
5010.48 102.64
5012.47 102.64
5014.47 102.64
5016.47 102.64
5018.47 102.64
5020.48 102.64
5022.48 102.64
5024.48 102.64
5026.49 102.64
5028.48 102.64
5030.47 102.64
5032.47 102.64
5034.47 102.64
5036.47 102.64
5038.48 102.64
5040.47 102.64
5042.48 102.64
5044.47 102.64
5046.47 109.49
5048.47 124.05
5050.48 124.05
5052.48 124.05
5054.47 124.05
5056.47 39.97
5058.47 65.77
5060.47 141.12
5062.47 155.57
5064.47 149.7
5066.48 2.74
5068.47 175.01
5070.48 196.26
5072.48 195.44
5074.47 215.89
5076.48 219.28
5078.47 228.34
5080.47 7.91
5082.47 202.8
5084.47 202.8
5086.48 10.62
5088.48 162.73
5090.47 6.86
5092.47 228.67
5094.47 256.04
5096.47 268.36
5098.47 234.25
5100.47 279.57
5102.47 270.5
5104.48 4.8
5106.47 249.26
5108.48 241.04
5110.47 269.9
5112.47 253.66
5114.47 3.96
5116.49 236.18
5118.48 135.77
5120.48 91.24
5122.48 117.92
5124.49 5.38
5126.47 127.76
5128.47 8.96
5130.47 164.0
5132.47 211.44
5134.47 239.89
5136.47 244.71
5138.47 5.13
5140.48 247.72
5142.47 259.79
5144.47 273.82
5146.47 285.78
5148.47 9.81
5150.49 282.47
5152.47 2.88
5154.47 277.74
5156.48 277.45
5158.47 3.62
5160.48 279.73
5162.47 2.21
5164.48 59.82
5166.47 43.97
5168.48 73.99
5170.48 38.11
5172.48 73.87
5174.48 73.87
5176.47 73.87
5178.47 63.26
5180.48 72.3
5182.48 72.3
5184.48 72.3
5186.46 66.89
5188.48 88.66
5190.47 104.41
5192.46 97.75
5194.47 111.3
5196.47 102.04
5198.47 132.32
5200.47 132.32
5202.48 140.68
5204.47 151.78
5206.5 10.71
5208.47 114.04
5210.47 2.58
5212.47 92.56
5214.49 154.96
5216.48 84.89
5218.48 31.81
5220.47 5.81
5222.48 36.33
5224.47 65.41
5226.46 65.41
5228.47 64.33
5230.48 64.33
5232.47 66.17
5234.47 66.17
5236.47 65.36
5238.47 67.0
5240.47 79.81
5242.46 95.92
5244.47 83.87
5246.47 95.2
5248.47 116.24
5250.47 128.54
5252.48 133.66
5254.48 124.44
5256.47 105.09
5258.47 2.7
5260.46 112.24
5262.48 170.17
5264.48 200.11
5266.48 184.17
5268.48 3.76
5270.48 192.71
5272.47 168.68
5274.46 178.34
5276.47 168.17
5278.47 136.02
5280.48 175.49
5282.47 4.87
5284.47 179.27
5286.46 194.18
5288.46 200.61
5290.46 206.63
5292.46 136.4
5294.47 74.46
5296.47 63.94
5298.46 106.57
5300.47 71.08
5302.47 84.12
5304.47 106.49
5306.46 114.67
5308.46 122.34
5310.46 119.25
5312.47 118.86
5314.47 133.37
5316.48 11.02
5318.48 59.59
5320.47 4.27
5322.47 61.96
5324.46 96.89
5326.46 106.03
5328.46 111.47
5330.47 7.14
5332.47 106.01
5334.46 122.22
5336.46 101.49
5338.46 122.55
5340.46 117.18
5342.46 114.43
5344.46 8.74
5346.47 109.77
5348.47 120.87
5350.47 117.47
5352.47 139.67
5354.46 3.69
5356.46 161.64
5358.46 178.68
5360.46 210.91
5362.47 219.21
5364.46 192.77
5366.47 235.24
5368.46 6.45
5370.47 239.74
5372.46 222.71
5374.46 241.84
5376.46 237.96
5378.46 6.91
5380.46 188.73
5382.46 220.09
5384.47 242.83
5386.47 249.72
5388.46 258.82
5390.46 288.95
5392.46 271.77
5394.46 295.05
5396.47 304.88
5398.47 283.69
5400.47 290.45
5402.48 6.94
5404.46 288.12
5406.46 272.15
5408.46 188.09
5410.46 308.3
5412.46 8.58
5414.48 238.16
5416.47 2.8
5418.47 184.19
5420.47 108.38
5422.46 85.57
5424.47 119.69
5426.47 4.64
5428.46 151.22
5430.46 169.12
5432.47 174.64
5434.46 188.06
5436.46 180.31
5438.46 184.31
5440.46 6.4
5442.46 177.82
5444.46 185.21
5446.47 205.38
5448.47 209.39
5450.46 4.79
5452.46 202.29
5454.46 177.03
5456.46 218.6
5458.47 135.91
5460.46 5.89
5462.46 223.27
5464.46 8.95
5466.46 222.13
5468.46 103.94
5470.46 101.94
5472.47 113.07
5474.46 2.7
5476.47 192.14
5478.47 100.68
5480.46 239.33
5482.47 131.36
5484.46 209.71
5486.46 238.71
5488.46 1.54
5490.46 221.02
5492.47 238.99
5494.47 109.81
5496.47 131.75
5498.46 7.65
5500.46 258.11
5502.46 270.92
5504.46 236.44
5506.47 151.09
5508.48 5.72
5510.47 144.23
5512.47 2.17
5514.46 137.74
5516.47 146.23
5518.46 149.28
5520.46 89.73
5522.47 142.75
5524.46 91.14
5526.47 130.41
5528.47 91.75
5530.47 50.96
5532.46 3.25
5534.46 42.85
5536.46 42.07
5538.46 57.51
5540.46 53.72
5542.46 49.51
5544.46 58.62
5546.46 62.07
5548.46 0.1
5550.46 58.67
5552.46 73.27
5554.46 73.27
5556.47 73.27
5558.47 73.27
5560.46 73.27
5562.46 73.27
5564.46 81.84
5566.46 81.84
5568.46 81.84
5570.46 81.84
5572.46 81.84
5574.47 88.42
5576.47 88.42
5578.47 88.42
5580.47 88.42
5582.46 88.42
5584.46 88.42
5586.46 95.66
5588.46 95.66
5590.45 100.51
5592.46 103.89
5594.45 96.82
5596.46 105.89
5598.46 124.63
5600.46 114.1
5602.45 115.86
5604.46 125.86
5606.46 125.86
5608.46 4.75
5610.46 86.27
5612.47 99.66
5614.47 99.66
5616.47 50.89
5618.46 50.89
5620.45 58.67
5622.46 58.67
5624.46 58.67
5626.63 58.67
5628.85 1.11
5630.46 0.21
5632.46 7.34
5634.45 17.61
5636.45 24.83
5638.46 26.98
5640.46 27.29
5642.46 31.14
5644.46 37.8
5646.46 39.26
5648.45 45.13
5650.45 51.88
5652.45 53.57
5654.46 57.65
5656.45 57.65
5658.46 57.65
5660.46 66.58
5662.46 68.81
5664.47 68.81
5666.45 81.98
5668.45 82.32
5670.45 101.42
5672.45 96.91
5674.45 96.91
5676.46 96.91
5678.45 115.72
5680.46 7.15
5682.45 131.44
5684.45 170.08
5686.45 157.78
5688.46 174.06
5690.46 7.05
5692.46 155.39
5694.45 156.94
5696.46 156.94
5698.45 100.52
5700.45 110.41
5702.45 212.45
5704.45 8.83
5706.46 232.06
5708.45 204.0
5710.46 225.85
5712.47 241.02
5714.45 2.71
5716.45 218.41
5718.45 248.92
5720.45 267.57
5722.46 266.46
5724.46 286.77
5726.45 110.15
5728.46 151.07
5730.45 219.8
5732.45 241.58
5734.45 289.96
5736.46 312.64
5738.46 4.99
5740.46 294.98
5742.45 297.28
5744.46 297.28
5746.45 202.7
5748.45 243.37
5750.46 218.28
5752.45 2.83
5754.46 262.27
5756.46 239.05
5758.46 237.19
5760.46 262.26
5762.46 3.88
5764.45 14.6
5766.45 249.98
5768.46 295.0
5770.45 151.12
5772.46 300.14
5774.46 266.19
5776.46 2.63
5778.46 306.49
5780.45 0.04
5782.45 276.63
5784.45 286.53
5786.45 4.4
5788.46 285.33
5790.46 317.43
5792.45 328.05
5794.45 323.53
5796.46 139.18
5798.45 0.19
5800.45 5.83
5802.45 289.99
5804.46 156.32
5806.47 121.27
5808.46 185.39
5810.47 3.96
5812.45 275.9
5814.45 272.64
5816.46 261.33
5818.46 136.72
5820.47 210.73
5822.46 117.93
5824.46 214.5
5826.45 122.76
5828.46 262.13
5830.45 130.68
5832.45 208.83
5834.45 4.77
5836.45 264.7
5838.46 267.86
5840.46 116.25
5842.46 175.93
5844.46 131.28
5846.46 182.01
5848.45 2.89
5850.45 179.3
5852.46 196.04
5854.46 181.3
5856.47 113.09
5858.46 4.05
5860.45 110.98
5862.46 191.31
5864.45 191.31
5866.45 204.17
5868.45 221.65
5870.46 229.42
5872.44 8.2
5874.45 269.05
5876.45 291.23
5878.45 288.95
5880.45 305.44
5882.45 3.13
5884.45 311.69
5886.46 294.1
5888.46 328.2
5890.58 6.87
5893.45 86.13
5895.44 68.67
5897.45 313.14
5899.45 351.7
5900.56 3.99
5903.46 379.8
5905.45 159.62
5907.44 259.69
5909.45 305.13
5911.45 5.97
5913.46 291.08
5914.7 2.97
5917.44 267.3
5919.44 286.72
5921.46 330.57
5923.46 318.04
5924.63 2.27
5927.44 237.38
5929.46 281.61
5931.45 4.23
5933.44 334.23
5935.46 5.94
5937.47 181.51
5938.66 1.81
5941.45 194.97
5943.45 321.63
5945.44 5.21
5947.46 315.05
5948.71 1.8
5951.45 184.01
5953.46 269.8
5955.46 269.8
5957.45 165.07
5959.45 273.33
5961.45 115.96
5962.62 2.6
5965.45 69.77
5967.46 172.54
5969.45 6.75
5971.46 138.33
5972.66 3.0
5975.44 141.99
5977.45 149.56
5979.46 158.0
5981.45 134.63
5983.46 172.25
5985.46 110.94
5986.69 2.81
5989.45 157.01
5991.44 165.35
5993.44 168.35
5995.44 195.2
5997.45 4.37
5999.45 230.68
6001.44 227.46
6003.45 242.74
6005.45 212.62
6007.45 251.74
6009.45 101.78
6011.45 66.29
6013.44 86.85
6015.47 82.28
6017.45 5.63
6019.46 52.07
6020.59 52.07
6023.45 52.07
6025.45 52.07
6027.45 52.07
6029.45 52.07
6031.45 52.07
6033.45 52.07
6035.44 52.07
6037.44 52.07
6039.45 52.07
6041.44 61.43
6043.44 61.43
6045.44 61.43
6047.44 83.76
6049.45 88.04
6051.44 95.46
6053.45 95.46
6055.45 95.46
6057.44 94.6
6059.44 109.81
6061.44 100.97
6063.46 119.94
6065.45 5.86
6067.45 114.55
6069.44 114.55
6071.45 114.55
6073.44 114.55
6075.44 114.55
6077.44 102.09
6079.44 102.09
6081.44 102.09
6083.45 102.09
6085.44 116.07
6087.44 100.67
6089.45 102.6
6091.44 102.6
6093.45 102.6
6095.44 111.34
6097.44 116.19
6099.44 106.49
6101.44 107.37
6103.45 10.1
6105.44 54.21
6107.44 101.26
6109.44 101.26
6111.44 101.26
6113.44 101.26
6115.44 101.26
6117.45 109.1
6119.44 131.19
6121.44 129.87
6123.44 158.49
6125.44 161.34
6127.44 189.67
6129.44 138.27
6131.44 151.27
6133.44 137.17
6135.44 192.46
6137.45 187.81
6139.44 214.86
6141.44 7.44
6143.44 219.01
6145.45 225.77
6147.45 249.95
6149.44 238.81
6151.46 264.55
6153.45 175.44
6155.44 2.61
6157.44 241.48
6159.45 68.65
6161.44 134.77
6163.45 218.3
6165.45 2.56
6167.46 229.59
6169.45 88.46
6171.44 139.03
6173.44 237.6
6175.44 238.51
6177.44 209.88
6179.44 3.98
6181.44 265.92
6183.45 271.7
6185.44 279.36
6187.43 279.97
6189.43 277.33
6191.44 241.7
6193.44 198.92
6195.45 134.88
6197.45 106.73
6199.45 5.46
6201.45 120.64
6203.44 1.7
6205.44 146.43
6207.44 133.68
6209.44 128.78
6211.44 143.29
6213.44 7.91
6215.44 177.17
6217.46 130.65
6219.44 122.64
6221.43 173.93
6223.43 172.22
6225.44 175.48
6227.44 8.4
6229.44 194.29
6231.44 223.2
6233.45 210.5
6235.45 263.17
6237.45 247.4
6239.43 204.92
6241.45 255.41
6243.45 171.09
6245.46 121.32
6247.45 3.16
6249.45 112.1
6251.45 1.77
6253.44 102.14
6255.44 165.68
6257.44 3.63
6259.45 117.32
6261.45 1.35
6263.44 163.21
6265.45 160.06
6267.45 159.39
6269.43 150.51
6271.43 148.48
6273.44 155.56
6275.44 5.84
6277.44 192.02
6279.46 204.03
6281.45 190.62
6283.46 128.15
6285.45 3.5
6287.43 163.19
6289.44 227.17
6291.44 131.16
6293.45 212.79
6295.45 5.77
6297.44 209.19
6299.45 195.28
6301.43 199.45
6303.44 187.71
6305.43 197.06
6307.44 193.6
6309.44 2.52
6311.44 99.93
6313.45 147.37
6315.46 135.12
6317.45 135.12
6319.43 5.89
6321.44 142.76
6323.43 8.93
6325.44 147.06
6327.44 192.01
6329.44 187.27
6331.44 170.01
6333.43 8.47
6335.43 231.17
6337.43 208.06
6339.43 212.81
6341.44 0.21
6343.44 36.88
6345.44 88.66
6347.45 1.74
6349.43 56.78
6351.43 84.52
6353.44 97.68
6355.44 97.68
6357.44 97.68
6359.44 91.83
6361.43 127.54
6363.44 127.54
6365.44 61.09
6367.43 34.6
6369.43 62.5
6371.43 73.98
6373.43 79.12
6375.44 71.58
6377.44 81.59
6379.43 84.72
6381.43 89.48
6383.43 86.61
6385.43 72.81
6387.43 93.35
6389.43 97.55
6391.43 97.55
6393.43 104.16
6395.43 6.72
6397.44 78.6
6399.43 67.64
6401.43 21.84
6403.43 94.04
6405.43 94.04
6407.43 78.7
6409.43 78.7
6411.44 90.42
6413.43 101.22
6415.43 101.22
6417.43 101.22
6419.43 101.22
6421.43 101.22
6423.43 101.22
6425.43 101.22
6427.43 101.22
6429.44 101.22
6431.44 101.22
6433.43 101.22
6435.43 101.22
6437.43 101.22
6439.43 101.22
6441.43 101.22
6443.43 101.22
6445.44 101.22
6447.44 94.59
6449.43 110.82
6451.43 122.55
6453.43 5.67
6455.44 146.75
6457.44 106.81
6459.44 145.02
6461.44 149.33
6463.44 146.13
6465.43 165.33
6467.43 5.84
6469.43 187.51
6471.43 179.95
6473.43 202.76
6475.43 195.33
6477.44 3.88
6479.43 213.09
6481.44 216.13
6483.43 224.0
6485.43 232.3
6487.43 233.82
6489.43 238.2
6491.43 6.83
6493.44 217.67
6495.45 95.22
6497.44 213.67
6499.43 119.93
6501.43 4.06
6503.43 196.71
6505.44 194.53
6507.45 141.95
6509.45 111.2
6511.43 2.9
6513.43 249.02
6515.43 8.08
6517.43 251.86
6519.43 214.96
6521.43 254.93
6523.43 252.55
6525.43 258.86
6527.42 214.7
6529.44 253.22
6531.42 228.05
6533.43 263.33
6535.43 263.52
6537.44 99.37
6539.43 2.81
6541.43 234.25
6543.44 79.21
6545.44 98.91
6547.44 62.35
6549.43 3.24
6551.43 214.2
6553.43 168.83
6555.44 70.4
6557.44 78.54
6559.44 5.86
6561.44 150.85
6563.43 2.62
6565.42 75.63
6567.43 98.07
6569.43 49.05
6571.43 27.79
6573.43 28.74
6575.44 39.24
6577.44 40.76
6579.43 46.21
6581.43 46.21
6583.43 46.21
6585.44 46.21
6587.44 46.21
6589.43 46.21
6591.43 112.44
6593.44 103.7
6595.45 103.21
6597.43 113.97
6599.43 119.88
6601.43 109.44
6603.43 139.97
6605.44 151.45
6607.45 27.22
6609.43 154.16
6611.44 2.23
6613.42 165.61
6615.43 157.72
6617.44 90.66
6619.44 90.37
6621.43 8.86
6623.42 146.56
6625.44 132.37
6627.43 139.57
6629.42 153.17
6631.42 173.7
6633.43 149.44
6635.42 4.22
6637.43 186.06
6639.44 193.85
6641.44 88.75
6643.43 117.52
6645.44 4.06
6647.42 215.15
6649.43 204.35
6651.44 204.35
6653.44 87.11
6655.44 167.48
6657.43 87.58
6659.43 2.4
6661.43 97.07
6663.42 164.39
6665.43 165.54
6667.43 175.14
6669.43 5.36
6671.43 206.65
6673.43 211.99
6675.42 206.08
6677.42 209.71
6679.42 242.76
6681.42 246.35
6683.42 4.58
6685.43 258.23
6687.42 266.81
6689.42 267.66
6691.42 196.08
6693.42 6.12
6695.42 151.43
6697.43 192.18
6699.43 121.04
6701.45 67.16
6703.43 5.26
6705.44 81.93
6707.43 8.03
6709.43 126.9
6711.42 166.98
6713.42 159.13
6715.42 181.26
6717.43 6.91
6719.43 235.32
6721.43 247.41
6723.43 255.45
6725.42 245.55
6727.42 240.18
6729.42 233.52
6731.42 6.46
6733.42 300.5
6735.43 306.71
6737.42 328.5
6739.43 297.32
6741.43 4.51
6743.42 171.54
6745.42 171.54
6747.42 287.2
6749.44 127.16
6751.42 3.14
6753.42 192.21
6755.42 7.8
6757.43 234.43
6759.42 222.01
6761.42 211.36
6763.42 214.63
6765.42 8.11
6767.42 245.98
6769.42 232.78
6771.43 260.59
6773.42 260.96
6775.42 272.27
6777.42 261.09
6779.42 7.84
6781.42 259.99
6783.42 203.56
6785.43 285.04
6787.42 242.98
6789.42 5.38
6791.42 284.59
6793.43 271.88
6795.42 232.7
6797.43 177.95
6799.45 190.32
6801.43 162.49
6803.42 2.12
6805.44 231.38
6807.43 59.65
6809.42 112.74
6811.42 243.77
6813.42 7.3
6815.42 251.95
6817.43 251.41
6819.42 275.9
6821.42 274.7
6823.42 223.92
6825.42 220.94
6827.42 2.35
6829.43 280.7
6831.43 280.7
6833.42 109.26
6835.43 278.25
6837.42 4.27
6839.42 295.07
6841.43 88.02
6843.43 98.63
6845.42 66.12
6847.42 5.78
6849.42 80.87
6851.42 86.33
6853.42 117.79
6855.42 130.29
6857.42 146.54
6859.42 139.68
6861.42 5.36
6863.42 146.94
6865.42 111.95
6867.43 156.76
6870.44 107.18
6872.42 5.83
6874.42 119.37
6876.42 102.74
6878.42 0.5
6879.54 5.65
6882.43 101.22
6884.42 44.56
6886.42 10.4
6888.43 0.36
6889.52 8.07
6892.42 0.1
6894.42 105.68
6896.42 127.04
6898.42 127.24
6900.42 123.76
6902.42 104.62
6903.54 7.57
6906.54 123.95
6908.75 123.95
6910.42 12.17
6912.42 121.79
6913.62 3.46
6916.43 68.85
6918.42 33.93
6920.43 103.65
6922.41 120.14
6924.42 118.86
6926.42 118.86
6927.53 6.93
6930.43 105.45
6932.42 55.02
6934.42 116.06
6936.42 150.37
6937.54 7.34
6940.42 180.31
6942.42 140.49
6944.41 183.08
6946.42 158.4
6948.44 189.84
6950.44 95.48
6951.61 1.67
6954.43 166.99
6956.43 138.3
6958.42 5.78
6960.42 53.69
6961.65 2.74
6964.43 61.25
6966.42 68.19
6968.42 68.19
6970.43 68.19
6972.42 68.19
6974.42 84.76
6976.42 89.54
6978.42 111.65
6980.42 110.71
6982.42 111.72
6984.41 123.06
6986.42 5.56
6988.42 171.2
6990.41 142.96
6992.42 173.82
6994.43 147.2
6996.43 5.75
6998.43 36.99
6999.64 1.71
7002.41 158.31
7004.43 130.96
7006.43 5.72
7008.42 177.79
7009.58 178.46
7012.42 160.69
7014.42 212.65
7016.43 111.74
7018.43 137.13
7020.43 7.77
7022.42 108.48
7024.42 71.03
7026.42 138.45
7028.42 164.28
7030.42 126.08
7032.43 127.77
7034.41 6.37
7036.41 157.26
7038.41 178.65
7040.41 195.42
7042.41 203.57
7044.42 198.28
7048.23 178.99
7050.3 47.84
7052.31 124.48
7054.31 5.78
7056.3 23.92
7058.3 2.79
7060.3 105.7
7062.3 98.49
7064.3 98.49
7066.3 120.96
7068.31 113.79
7070.29 71.39
7071.51 2.75
7074.3 28.69
7076.31 109.07
7078.3 5.66
7080.32 106.73
7082.31 100.24
7084.3 100.24
7086.3 94.37
7088.31 98.31
7090.31 107.14
7092.31 107.14
7094.31 103.12
7096.31 108.13
7098.3 90.59
7100.31 119.59
7102.29 131.83
7104.3 126.87
7106.3 3.55
7108.3 111.63
7110.3 20.64
7112.3 97.41
7114.29 66.2
7116.29 50.22
7118.3 50.22
7120.29 50.25
7122.3 50.25
7124.29 50.25
7126.3 50.25
7128.3 50.25
7130.3 50.25
7132.3 52.13
7134.3 55.14
7136.3 55.14
7138.31 55.14
7140.3 55.14
7142.3 107.83
7144.29 101.76
7146.3 84.89
7148.29 83.43
7150.29 61.77
7152.29 116.99
7154.3 6.87
7156.3 130.72
7158.3 148.07
7160.29 138.37
7162.3 54.81
7164.3 90.14
7166.3 146.84
7168.29 4.26
7170.29 91.36
7172.3 91.36
7174.3 91.36
7176.3 91.36
7178.3 91.36
7180.3 91.36
7182.31 91.36
7184.29 91.36
7186.3 91.36
7188.29 91.36
7190.31 91.36
7192.3 91.36
7194.3 93.89
7196.3 93.89
7198.29 93.89
7200.29 93.89
7202.29 93.89
7204.29 93.89
7206.3 93.89
7208.3 93.89
7210.3 93.89
7212.29 93.89
7214.3 102.5
7216.29 102.5
7218.29 100.36
7220.29 100.36
7222.3 100.36
7224.29 98.67
7226.29 90.93
7228.3 100.05
7230.3 100.05
7232.3 100.05
7234.3 100.05
7236.3 100.05
7238.3 100.05
7240.3 100.05
7242.3 100.05
7244.31 100.05
7246.3 100.05
7248.3 100.05
7250.29 100.05
7252.3 100.05
7254.29 100.05
7256.29 108.6
7258.29 107.39
7260.3 111.15
7262.3 132.75
7264.3 7.98
7266.29 108.14
7268.29 130.67
7270.3 102.75
7272.29 151.61
7274.3 1.93
7276.3 15.96
7278.3 15.96
7280.29 9.65
7282.3 6.27
7284.29 5.86
7286.3 9.25
7288.3 9.25
7290.29 15.77
7292.3 16.99
7294.31 18.94
7296.31 18.94
7298.3 17.91
7300.29 19.36
7302.3 19.33
7304.29 17.45
7306.3 19.18
7308.3 21.19
7310.31 23.92
7312.3 23.92
7314.3 23.92
7316.3 21.61
7318.3 21.61
7320.3 21.61
7322.3 21.61
7324.29 21.61
7326.3 22.33
7328.3 22.74
7330.31 22.74
7332.29 29.5
7334.29 31.85
7336.3 33.68
7338.29 39.95
7340.29 45.03
7342.31 42.76
7344.31 44.05
7346.31 51.57
7348.3 50.03
7350.29 46.79
7352.29 55.68
7354.29 68.58
7356.29 57.26
7358.29 82.56
7360.3 92.4
7362.3 107.43
7364.29 111.84
7366.3 112.14
7368.3 112.14
7370.3 3.94
7372.29 72.67
7374.31 105.68
7376.3 105.68
7378.29 105.68
7380.29 105.68
7382.3 105.68
7384.3 105.68
7386.29 105.68
7388.3 108.63
7390.3 108.63
7392.29 108.63
7394.28 108.63
7396.29 108.63
7398.29 108.63
7400.29 108.63
7402.29 108.63
7404.29 108.63
7406.29 108.63
7408.3 108.63
7410.3 108.63
7412.3 108.63
7414.3 108.63
7416.3 108.63
7418.3 108.63
7420.29 108.63
7422.31 108.63
7424.29 108.63
7426.3 108.63
7428.29 108.63
7430.29 108.63
7432.29 108.63
7434.29 108.63
7436.29 108.63
7438.29 108.63
7440.29 108.63
7442.29 108.63
7444.29 114.25
7446.28 107.35
7448.29 113.6
7450.29 113.6
7452.29 113.6
7454.29 113.6
7456.28 113.6
7458.3 113.6
7460.29 113.6
7462.29 113.6
7464.28 113.6
7466.29 113.6
7468.29 113.6
7470.29 113.6
7472.29 115.13
7474.28 115.13
7476.3 111.92
7478.28 111.92
7480.28 111.92
7482.29 111.92
7484.29 111.92
7486.28 111.92
7488.29 111.92
7490.29 111.92
7492.29 111.92
7494.29 111.92
7496.28 111.92
7498.29 111.92
7500.29 111.92
7502.29 108.18
7504.29 8.39
7506.29 117.69
7508.29 95.63
7510.29 88.88
7512.29 88.88
7514.28 2.14
7516.3 79.97
7518.29 29.12
7520.29 49.22
7522.29 49.22
7524.29 49.22
7526.3 49.22
7528.28 49.22
7530.28 49.22
7532.28 49.22
7534.28 49.22
7536.28 49.22
7538.29 49.22
7540.29 49.22
7542.29 49.22
7544.28 49.22
7546.28 49.22
7548.29 49.22
7550.29 49.22
7552.28 49.22
7554.29 49.22
7556.29 49.22
7558.3 49.22
7560.29 49.22
7562.28 0.53
7564.28 10.38
7566.29 20.73
7568.28 30.0
7570.29 36.91
7572.29 35.34
7574.3 36.44
7576.28 30.56
7578.28 46.5
7580.29 45.25
7582.29 51.55
7584.29 59.06
7586.28 58.58
7588.29 62.37
7590.3 62.37
7592.29 62.37
7594.29 62.37
7596.29 62.37
7598.29 62.37
7600.28 62.37
7602.29 59.57
7604.31 59.57
7606.31 59.57
7608.3 59.57
7610.29 59.57
7612.28 59.57
7614.28 59.57
7616.29 53.61
7618.3 53.61
7620.29 53.61
7622.3 53.61
7624.29 53.61
7626.28 64.24
7628.28 64.04
7630.28 71.41
7632.29 74.1
7634.31 75.07
7636.28 75.07
7638.3 70.75
7640.3 70.75
7642.3 70.75
7644.29 70.75
7646.29 70.75
7648.29 70.75
7650.28 70.75
7652.3 65.19
7654.3 65.19
7656.29 65.19
7658.29 65.19
7660.28 65.19
7662.28 74.45
7664.28 74.74
7666.29 74.16
7668.28 10.29
7670.29 76.84
7672.28 76.84
7674.28 76.84
7676.28 76.84
7678.29 76.84
7680.29 76.84
7682.29 76.84
7684.29 76.84
7686.29 76.84
7688.29 76.84
7690.29 76.84
7692.28 76.84
7694.29 76.84
7696.29 76.84
7698.28 76.84
7700.29 76.84
7702.3 76.84
7704.3 76.84
7706.3 76.84
7708.28 76.84
7710.28 76.84
7712.28 76.84
7714.29 73.32
7716.28 73.32
7718.28 73.32
7720.28 76.53
7722.28 78.78
7724.28 78.78
7726.28 80.25
7728.28 80.25
7730.28 80.25
7732.28 82.83
7734.29 82.46
7736.28 70.97
7738.29 84.31
7740.29 84.31
7742.29 84.31
7744.29 84.31
7746.28 84.31
7748.28 84.31
7750.29 84.31
7752.29 84.31
7754.29 84.31
7756.28 84.31
7758.28 72.5
7760.28 75.48
7762.28 75.48
7764.28 71.19
7766.27 84.19
7768.28 67.57
7770.29 76.67
7772.27 87.22
7774.28 90.24
7776.28 80.4
7778.28 80.4
7780.28 80.4
7782.28 80.4
7784.28 80.4
7786.29 80.4
7788.27 80.4
7790.28 80.4
7792.28 80.4
7794.28 80.4
7796.28 80.4
7798.28 80.4
7800.28 67.96
7802.29 67.96
7804.27 67.96
7806.27 67.96
7808.28 67.96
7810.28 67.96
7812.27 67.96
7814.28 67.96
7816.27 67.96
7818.28 67.96
7820.28 67.96
7822.27 67.96
7824.27 67.96
7826.28 67.96
7828.28 67.96
7830.28 67.96
7832.78 79.58
