0.0 0.44
5.39 0.73
6.05 0.55
6.97 0.88
11.65 0.55
14.7 0.46
17.12 0.68
19.59 0.68
21.09 0.91
23.73 0.13
24.92 0.24
27.07 0.23
28.74 0.52
29.74 0.78
38.61 0.3
40.89 0.23
43.72 0.24
45.05 0.09
47.58 0.44
51.16 0.46
53.55 0.35
57.08 0.19
57.89 0.23
59.96 0.23
62.28 0.41
63.17 0.62
64.86 0.45
72.31 0.36
76.85 0.41
78.04 0.39
82.06 0.6
85.11 0.75
85.68 0.37
87.21 0.96
93.97 0.12
95.8 0.67
101.82 0.4
104.17 0.6
108.85 0.26
110.78 0.58
112.22 0.51
113.73 0.55
116.22 0.86
117.43 0.61
119.98 0.69
121.61 0.73
122.6 0.39
124.72 0.54
128.84 0.29
131.54 0.4
134.74 0.99
135.96 0.73
136.72 0.54
138.01 0.55
139.81 0.55
144.88 0.09
148.07 0.46
150.43 0.18
158.4 0.16
163.77 0.43
167.37 0.07
171.25 0.33
173.34 0.8
176.44 0.39
178.74 0.33
183.14 0.34
185.04 0.31
186.91 0.88
187.44 0.88
189.13 0.33
190.81 0.55
192.07 0.41
196.19 0.22
200.61 0.18
201.77 0.6
203.6 0.51
206.54 0.68
208.25 0.96
212.01 0.1
214.99 0.72
216.0 0.44
217.62 0.06
220.49 0.57
221.71 0.43
226.03 0.44
229.63 0.62
230.14 0.36
232.06 0.79
234.33 0.33
235.05 0.91
238.69 0.68
239.45 0.61
240.82 0.79
244.97 0.27
247.44 0.96
248.34 0.73
250.29 0.76
253.25 0.55
255.89 0.54
257.71 0.21
259.34 0.77
260.03 0.73
261.17 0.54
262.47 0.07
269.12 0.6
275.2 0.39
275.89 0.07
278.83 0.03
283.55 0.55
284.28 0.47
284.98 0.37
286.0 0.55
291.79 0.19
294.01 0.46
294.98 0.38
297.7 0.41
298.35 0.87
299.18 0.09
299.85 0.02
300.7 0.26
303.38 0.44
307.33 0.07
309.39 0.63
310.06 0.79
311.65 0.8
312.4 0.73
313.55 0.67
316.1 0.65
317.93 0.49
321.68 0.79
323.47 0.42
325.57 0.55
329.57 0.96
332.01 0.72
335.25 0.03
336.98 0.58
338.63 0.62
343.21 0.19
349.07 0.08
350.33 0.84
351.53 0.86
353.67 0.55
354.45 0.67
356.8 0.67
358.85 0.48
359.71 0.79
363.07 0.17
365.15 0.73
367.07 0.68
371.15 0.09
375.46 0.17
379.25 0.54
381.13 0.51
383.89 0.09
386.19 0.73
387.0 0.73
388.09 0.41
388.93 0.43
390.54 0.41
393.52 0.55
394.9 0.72
396.27 0.64
397.58 0.44
400.01 0.79
405.58 0.12
406.68 0.54
407.45 0.34
408.86 0.73
410.94 0.02
412.78 0.47
414.12 0.71
415.62 0.79
416.88 0.46
419.7 0.73
420.95 0.14
422.65 0.8
428.39 0.27
429.82 0.44
433.19 0.12
433.92 0.31
435.4 0.67
438.06 0.07
439.38 0.63
442.2 0.82
444.16 0.5
448.38 0.55
449.72 0.36
451.67 0.02
452.53 0.21
453.7 0.91
455.35 0.72
458.75 0.36
460.35 0.73
461.04 0.36
463.19 0.47
465.06 0.67
465.97 0.74
468.75 0.18
471.36 0.79
472.13 0.66
480.44 0.13
481.91 0.14
484.49 0.13
485.78 0.14
486.52 0.26
487.1 0.6
498.66 0.15
500.57 0.66
502.72 0.67
505.95 0.58
506.59 0.82
507.39 0.38
510.39 0.59
513.36 0.78
514.04 0.78
515.28 0.78
516.87 0.62
520.79 0.16
523.91 0.39
526.89 0.66
529.55 0.07
531.29 0.54
534.89 0.08
537.2 0.41
540.51 0.43
542.13 0.73
543.96 0.11
544.99 0.11
548.56 0.67
550.08 0.79
554.7 0.48
555.95 0.51
557.35 0.8
557.96 0.73
561.21 0.78
561.94 0.97
565.13 0.34
566.02 0.6
572.56 0.62
574.09 0.03
575.17 0.86
577.77 0.41
579.31 0.73
579.92 0.55
582.9 0.73
584.99 0.03
586.47 0.62
590.8 0.07
592.41 0.62
593.18 0.97
595.8 0.41
596.74 0.54
599.53 0.68
600.83 0.6
605.16 0.79
608.05 0.73
611.23 0.17
614.43 0.17
616.02 0.18
618.2 0.72
619.82 0.7
621.39 0.77
623.35 0.73
624.59 0.55
628.84 0.73
630.5 0.33
631.8 0.73
633.73 0.55
635.44 0.41
638.55 0.43
642.04 0.51
642.6 0.73
643.75 0.36
644.45 0.79
648.34 0.54
649.76 0.23
651.89 0.68
655.69 0.2
660.33 0.55
662.41 0.55
663.47 0.58
666.43 0.54
668.18 0.68
670.33 0.08
673.07 0.54
674.93 0.88
675.93 0.64
677.86 0.79
681.49 0.59
682.58 0.72
684.2 0.79
687.61 0.52
690.93 0.58
691.88 0.51
694.09 0.24
697.15 0.54
700.29 0.44
702.99 0.97
704.83 0.67
706.7 0.31
709.47 0.5
710.04 0.79
713.31 0.79
716.81 0.68
718.56 0.67
721.33 0.51
722.25 0.8
723.87 0.45
730.69 0.39
732.0 0.72
733.01 0.65
736.37 0.73
737.95 0.57
739.77 0.34
741.84 0.58
743.4 0.59
744.13 0.62
746.09 0.33
746.76 0.36
747.58 0.79
752.09 0.62
753.12 0.5
754.81 0.08
757.05 0.89
760.09 0.49
763.03 0.64
767.12 0.65
770.85 0.41
773.09 0.71
776.05 0.87
777.71 0.4
778.82 0.68
779.59 0.43
780.33 0.67
783.89 0.38
785.77 0.67
787.28 0.27
789.23 0.54
789.83 0.47
792.34 0.06
794.25 0.21
797.37 0.11
799.86 0.73
800.44 0.79
802.17 0.73
802.75 0.73
807.14 0.06
808.68 0.27
810.08 0.39
814.21 0.41
814.77 0.79
818.25 0.44
819.77 0.05
820.73 0.67
821.85 0.55
822.43 0.1
824.01 0.36
827.32 0.27
828.25 0.97
829.6 0.65
832.16 0.45
833.65 0.54
835.31 0.54
839.11 0.47
839.95 0.96
846.02 0.68
847.55 0.27
848.16 0.86
852.98 0.24
853.92 0.47
856.09 0.78
858.39 0.72
862.48 0.48
865.32 0.08
866.81 0.41
868.55 0.68
870.72 0.39
872.29 0.66
873.73 0.41
874.4 0.68
877.92 0.4
880.96 0.67
882.5 0.72
888.65 0.11
894.1 0.4
895.21 0.06
896.03 0.48
898.01 0.47
900.75 0.79
901.87 0.99
903.46 0.29
905.62 0.51
908.46 0.44
910.02 0.54
910.61 0.73
912.92 0.46
914.8 0.73
915.72 0.87
918.08 0.51
919.02 0.73
921.5 0.54
925.7 0.29
926.52 0.38
930.01 0.08
932.57 0.79
934.26 0.5
934.81 1.08
937.98 0.19
939.94 0.16
942.2 0.16
945.64 0.57
947.54 0.73
950.67 0.43
951.34 0.73
957.73 0.59
959.45 0.65
961.57 0.67
962.3 0.54
962.87 0.34
967.43 0.81
968.53 0.05
973.46 0.55
974.17 0.23
974.8 0.55
978.81 0.8
979.79 0.55
983.65 0.51
984.43 0.54
985.45 0.79
987.0 0.09
988.9 0.27
994.03 0.4
995.93 1.23
996.48 1.08
999.65 0.67
1001.25 0.74
1003.06 0.97
1006.03 0.88
1012.32 0.14
1014.42 0.14
1016.0 0.12
1016.88 0.12
1020.03 0.54
1021.92 0.79
1022.53 0.54
1025.81 0.79
1027.43 0.73
1029.26 0.58
1031.19 0.39
1031.99 0.58
1036.21 0.36
1040.25 0.58
1041.25 0.63
1050.18 0.79
1051.58 0.75
1053.07 0.26
1055.68 0.43
1056.19 0.44
1057.93 0.44
1061.47 0.58
1062.86 0.58
1066.68 0.33
1069.4 0.36
1069.97 0.73
1071.53 0.55
1072.27 0.6
1075.63 0.86
1078.22 0.38
1080.37 0.59
1082.6 0.5
1083.86 0.42
1085.58 0.62
1086.77 0.55
1091.4 0.46
1094.1 0.72
1096.15 0.52
1097.34 0.67
1101.03 0.34
1108.11 0.67
1110.39 0.67
1115.62 0.18
1118.23 0.36
1120.46 0.41
1125.81 0.39
1131.25 0.94
1136.51 0.38
1137.64 0.67
1139.13 0.52
1140.11 0.67
1141.16 0.55
1142.11 0.67
1143.65 0.47
1146.86 0.09
1147.67 0.49
1149.2 0.56
1152.37 0.5
1154.33 0.73
1156.24 0.73
1159.34 0.55
1163.33 0.04
1165.51 0.67
1168.2 0.73
1169.5 0.27
1171.15 0.05
1172.75 0.44
1173.49 0.67
1175.29 0.05
1176.05 0.47
1178.61 0.48
1179.51 0.68
1181.88 0.5
1184.39 0.64
1188.49 0.47
1189.82 0.72
1191.97 0.73
1193.13 0.29
1195.11 0.26
1195.74 0.55
1199.7 0.03
1200.29 0.73
1205.18 0.26
1206.78 0.72
1209.3 0.6
1210.39 0.06
1212.65 0.73
1215.33 0.07
1220.91 0.52
1221.66 0.41
1222.44 0.22
1229.44 0.22
1231.7 0.18
1233.4 0.18
1233.9 0.34
1234.58 0.73
1235.65 0.03
1241.94 0.12
1244.4 0.14
1245.13 0.86
1246.98 0.36
1248.17 0.99
1251.04 0.41
1253.76 0.46
1255.72 0.58
1256.79 0.79
1259.63 0.8
1262.94 0.27
1264.22 0.87
1266.72 0.06
1267.27 0.98
1270.29 0.44
1273.38 0.08
1276.82 0.6
1279.2 0.79
1280.92 0.61
1283.71 0.6
1284.6 0.8
1285.57 0.54
1288.1 0.73
1289.08 0.68
1289.71 0.73
1292.5 0.5
1293.24 0.41
1294.56 0.79
1297.57 0.37
1300.28 0.36
1302.57 0.86
1307.25 0.72
1310.11 0.14
1311.55 0.16
1313.96 0.06
1319.34 0.5
1321.49 0.88
1326.36 0.07
1330.14 0.06
1333.47 0.74
1336.96 0.52
1338.12 0.36
1341.52 0.05
1343.81 0.55
1344.64 0.68
1346.13 0.62
1349.28 0.09
1351.92 0.67
1352.48 0.88
1353.47 0.49
1357.63 0.55
1363.35 0.14
1370.14 0.18
1371.63 0.26
1372.39 0.41
1375.58 0.58
1376.53 0.39
1378.68 0.55
1379.24 0.91
1379.85 0.73
1380.75 0.47
1382.55 0.44
1384.21 0.67
1385.66 0.79
1388.74 0.45
1390.28 0.79
1392.53 0.25
1394.03 0.41
1396.56 0.41
1398.03 0.69
1399.57 0.58
1402.92 0.51
1403.7 0.73
1405.0 0.44
1405.79 0.51
1411.74 0.17
1416.49 0.19
1417.15 0.25
1417.72 0.58
1420.21 0.05
1421.5 0.41
1423.13 0.6
1424.3 0.43
1426.81 0.46
1430.52 0.79
1432.95 0.5
1433.8 0.76
1438.72 0.36
1440.77 0.21
1442.02 0.49
1442.94 0.36
1444.14 0.79
1445.49 0.79
1448.73 0.06
1451.83 0.19
1453.44 0.17
1455.99 0.41
1457.85 0.35
1460.03 0.03
1463.84 0.02
1465.56 0.4
1467.43 0.54
1468.44 0.58
1469.1 0.79
1472.24 0.62
1474.39 0.5
1477.58 0.47
1478.88 0.37
1482.28 0.38
1483.16 0.07
1486.87 0.18
1490.52 0.11
1491.88 0.15
1494.12 0.23
1494.66 0.41
1495.95 0.55
1500.72 0.72
1502.46 0.06
1503.04 0.46
1503.88 0.07
1505.1 0.31
1508.21 0.65
1509.15 0.47
1509.95 0.35
1512.95 0.72
1516.66 0.26
1517.71 0.12
1518.78 0.23
1520.99 0.34
1521.58 0.71
1524.84 0.79
1525.36 0.89
1527.89 0.67
1534.22 0.25
1536.3 0.15
1539.22 0.21
1539.95 0.51
1540.68 0.32
1541.35 0.73
1542.77 0.11
1544.56 0.79
1545.2 0.62
1553.93 0.03
1554.84 0.72
1555.53 0.54
1556.71 0.44
1560.85 0.54
1562.67 0.62
1564.52 0.66
1565.49 0.55
1567.22 0.87
1568.23 0.73
1569.89 0.2
1571.57 0.58
1574.38 0.58
1576.02 0.73
1577.36 0.06
1578.3 0.4
1583.77 0.41
1585.0 0.39
1587.19 0.25
1588.72 0.51
1590.44 0.39
1591.59 0.83
1593.15 0.78
1595.37 0.36
1597.27 0.47
1600.24 0.45
1601.25 0.54
1605.01 0.27
1607.04 0.33
1608.63 0.79
1610.13 0.12
1611.74 0.73
1613.36 0.28
1616.51 0.78
1618.68 0.73
1621.33 0.66
1622.9 0.02
1625.85 0.46
1626.8 0.38
1629.2 0.2
1630.96 0.38
1631.97 0.5
1635.71 0.58
1637.49 0.73
1639.15 0.44
1640.16 0.98
1642.53 0.44
1646.0 0.26
1647.76 0.68
1649.73 0.4
1651.37 0.67
1653.92 0.48
1655.56 0.72
1658.14 0.5
1659.78 0.25
1660.66 0.52
1662.25 0.33
1664.61 0.64
1666.58 0.58
1668.41 0.88
1675.74 0.16
1676.77 0.4
1678.55 0.34
1680.37 0.47
1681.92 0.4
1683.32 0.73
1683.87 0.79
1686.07 0.46
1689.4 0.49
1691.21 0.62
1692.05 0.59
1694.19 0.73
1697.22 0.44
1699.08 0.25
1702.33 0.6
1704.34 0.47
1706.23 0.48
1707.82 0.44
1710.37 0.67
1712.62 0.58
1713.26 0.97
1717.04 0.47
1717.71 0.63
1719.64 0.55
1720.58 0.64
1722.25 0.86
1724.78 0.46
1726.36 0.08
1729.59 0.36
1731.25 0.55
1732.91 0.86
1734.51 0.39
1736.8 0.5
1738.43 0.61
1740.09 0.67
1743.8 0.12
1746.21 0.31
1748.3 0.62
1751.91 0.38
1754.21 0.58
1755.8 0.54
1757.46 0.41
1761.38 0.59
1764.16 0.34
1766.33 0.5
1767.51 0.08
1768.93 0.73
1773.38 0.06
1774.59 0.36
1776.07 1.36
1780.01 0.44
1781.17 0.67
1782.1 0.06
1783.57 0.63
1786.58 0.49
1787.18 0.73
1790.06 0.14
1790.78 0.61
1794.03 0.68
1797.04 0.09
1799.6 0.73
1802.0 0.58
1802.55 0.5
1803.12 0.47
1804.46 0.09
1806.1 0.98
1811.94 0.08
1813.43 0.58
1815.55 0.11
1816.91 0.67
1818.04 0.51
1820.05 0.41
1820.86 0.78
1824.06 0.67
1825.27 0.58
1826.7 0.87
1829.98 0.67
1831.21 0.43
1833.72 0.11
1835.72 0.97
1842.18 0.67
1843.54 0.07
1844.69 0.67
1845.89 0.73
1850.01 0.39
1851.53 0.88
1853.94 0.59
1857.06 0.27
1857.79 0.67
1859.4 0.65
1860.0 0.88
1862.27 0.52
1862.98 0.36
1864.07 0.97
1871.74 0.5
1873.04 0.4
1875.49 0.61
1877.32 0.18
1878.5 0.87
1880.41 0.7
1882.47 0.85
1883.73 0.49
1884.68 0.48
1889.24 0.58
1890.11 0.67
1892.39 0.44
1895.33 0.72
1897.37 0.34
1902.73 0.15
1903.57 0.14
1906.04 0.23
1907.87 0.5
1908.56 0.73
1909.61 0.55
1910.9 0.8
1913.28 0.62
1916.18 0.05
1917.05 0.34
1919.28 0.68
1921.21 0.55
1921.74 0.97
1924.82 0.37
1925.41 0.53
1928.3 0.79
1931.05 0.41
1931.71 0.88
1934.12 0.47
1934.93 0.8
1936.84 0.43
1939.27 0.65
1942.13 0.86
1943.85 0.72
1946.96 0.58
1949.19 0.74
1951.54 0.87
1954.98 0.44
1955.76 0.42
1958.99 0.49
1961.16 0.31
1963.94 0.63
1965.6 0.03
1967.13 0.8
1968.64 0.64
1972.41 0.17
1977.81 0.64
1978.63 0.22
1979.91 0.73
1984.21 0.16
1987.51 0.16
1990.64 0.17
1991.57 0.27
1992.83 0.97
1996.12 0.26
1999.2 0.47
2000.48 0.81
2001.4 0.67
2003.16 0.43
2005.56 0.11
2009.69 0.72
2010.96 0.17
2011.75 0.54
2016.44 0.51
2018.72 0.44
2020.57 0.59
2023.38 0.79
2025.0 0.41
2026.85 0.3
2028.62 0.04
2030.42 0.15
2034.1 0.21
2036.26 0.18
2038.66 0.54
2039.52 0.79
2041.13 0.17
2041.74 0.59
2047.27 0.6
2054.59 0.09
2055.59 0.19
2056.63 0.23
2058.28 0.19
2059.23 0.45
2060.67 0.5
2062.33 0.36
2065.16 0.13
2067.06 0.79
2068.53 0.41
2070.61 0.65
2071.63 0.59
2073.41 1.09
2076.02 1.09
2082.8 0.13
2087.93 0.27
2089.45 0.54
2091.82 0.83
2094.13 0.6
2098.57 0.54
2102.72 0.17
2105.28 0.19
2106.56 0.14
2108.75 0.36
2111.79 0.07
2115.85 0.33
2120.16 0.26
2122.32 0.72
2126.41 0.12
2129.68 0.2
2131.73 0.5
2132.34 1.21
2135.24 1.07
2137.77 0.1
2140.92 0.19
2143.41 0.23
2144.21 0.55
2145.09 0.04
2145.85 0.54
2148.03 0.77
2149.31 0.41
2150.43 0.73
2152.26 0.22
2153.91 0.5
2157.47 0.97
2161.57 0.15
2166.85 0.29
2167.61 0.41
2168.66 1.1
2176.23 0.12
2181.04 0.12
2182.09 0.54
2182.97 0.99
2183.6 0.44
2186.18 0.7
2190.06 0.16
2190.98 0.97
2192.29 1.24
2195.85 0.87
2197.18 0.87
2199.59 0.54
2202.33 0.11
2204.78 0.97
2207.74 0.13
2209.67 0.14
2212.87 0.23
2215.79 0.29
2217.35 0.47
2218.21 0.81
2225.97 0.55
2229.24 1.46
2230.47 0.12
2230.98 0.91
2232.31 0.72
2234.27 0.08
2237.58 0.28
2243.38 0.23
2246.78 0.15
2248.54 0.43
2254.5 0.18
2261.21 0.3
2265.23 0.03
2265.78 0.9
2272.11 0.25
2275.88 0.48
2277.26 0.17
2278.18 0.98
2280.9 0.09
2281.71 0.55
2284.44 0.09
2285.48 0.66
2287.79 0.14
2290.46 0.2
2294.66 0.67
2296.61 0.94
2297.82 0.1
2301.16 0.19
2308.2 0.26
2310.46 0.08
2312.96 0.65
2315.06 0.09
2316.44 0.65
2317.33 0.87
2318.93 0.08
2320.04 0.73
2320.6 0.07
2323.58 0.97
2325.54 1.09
2327.63 0.24
2330.44 1.55
2332.47 0.09
2333.73 0.54
2335.8 0.31
2337.97 0.31
2339.75 0.34
2341.71 0.72
2342.7 1.14
2348.51 0.55
2351.48 1.11
2352.22 0.48
2353.0 0.88
2357.24 0.97
2363.5 0.03
2364.37 0.08
2368.33 0.27
2369.79 0.25
2372.19 0.25
2372.81 0.31
2376.72 0.36
2377.6 0.82
2378.71 1.09
2380.4 0.36
2381.29 0.78
2384.73 0.14
2386.36 0.32
2392.19 0.65
2394.63 0.97
2398.87 0.33
2400.16 0.19
2402.03 0.87
2405.48 0.55
2409.99 1.09
2416.15 0.19
2422.24 0.06
2423.73 1.47
2426.61 0.31
2428.79 0.2
2431.35 0.39
2432.19 0.41
2432.97 0.41
2433.64 0.34
2434.45 0.37
2436.78 1.13
2437.36 1.23
2442.55 0.72
2448.58 1.37
2451.09 0.29
2451.99 0.21
2453.7 0.27
2456.69 0.95
2458.18 0.49
2460.52 0.64
2465.21 0.14
2468.35 0.16
2471.17 0.35
2471.83 0.59
2473.3 0.1
2477.85 0.16
2479.59 0.19
2483.46 0.22
2484.19 0.3
2484.69 0.48
2487.13 1.09
2488.52 0.96
2490.84 1.23
2493.57 0.21
2494.48 0.23
2496.43 0.24
2497.28 0.49
2497.94 0.92
2501.03 0.97
2503.53 0.34
2504.76 0.26
2505.69 1.08
2514.17 0.14
2517.09 0.25
2518.09 0.54
2519.47 0.73
2520.81 0.46
2524.89 0.62
2525.79 0.98
2527.66 1.24
2529.27 0.75
2529.85 0.97
2531.77 0.25
2534.94 0.54
2537.93 0.23
2540.27 0.1
2542.04 1.09
2543.73 0.67
2544.96 0.27
2548.24 0.4
2551.57 0.55
2553.34 0.03
2554.31 0.62
2559.71 0.43
2562.9 0.59
2565.95 0.23
2571.05 0.32
2571.87 0.97
2573.68 1.09
2574.64 1.1
2576.65 0.12
2578.04 1.47
2580.06 0.83
2583.35 0.29
2584.58 0.19
2588.24 0.51
2591.29 0.34
2592.35 0.73
2593.41 1.1
2598.53 0.36
2602.72 1.45
2611.47 0.17
2617.76 0.22
2622.71 0.72
2627.16 0.55
2630.38 0.22
2631.93 0.7
2634.44 0.62
2636.33 0.38
2637.92 1.11
2642.2 0.14
2644.29 0.14
2647.2 0.28
2648.77 0.51
2650.02 0.54
2652.54 0.35
2653.56 0.33
2654.81 0.27
2656.17 0.84
2663.39 0.24
2665.61 0.27
2666.93 0.67
2668.77 0.44
2670.02 0.89
2673.32 0.11
2675.94 0.11
2680.23 0.1
2685.06 0.33
2686.31 1.08
2689.17 1.09
2690.41 0.09
2693.05 0.23
2694.46 0.25
2695.69 0.25
2697.37 0.24
2701.39 0.16
2704.28 0.48
2705.75 0.47
2706.76 1.09
2713.01 0.1
2715.49 0.13
2719.06 0.23
2720.28 0.55
2721.41 1.09
2722.94 0.55
2724.72 0.97
2727.04 0.73
2731.46 0.11
2735.09 0.84
2739.7 0.14
2743.76 0.23
2746.62 0.36
2752.08 0.13
2756.08 0.55
2757.2 0.79
2758.4 1.21
2760.47 0.18
2761.31 0.97
2765.6 0.72
2768.7 0.8
2771.36 0.55
2773.42 1.07
2773.99 0.97
2775.1 0.97
2775.85 1.57
2778.58 1.09
2779.34 1.09
2782.6 0.73
2784.27 0.11
2787.04 0.14
2789.41 0.73
2792.69 0.25
2794.67 0.19
2796.96 0.25
2799.26 0.82
2800.81 0.13
2803.71 0.27
2804.55 1.09
2808.23 0.2
2809.35 0.2
2810.95 0.2
2813.45 0.62
2814.32 0.87
2816.82 0.97
2817.93 0.96
2820.5 1.07
2825.52 0.13
2829.33 0.26
2830.23 0.88
2832.75 0.97
2834.66 0.79
2837.47 0.07
2838.21 0.85
2839.9 1.08
2841.71 0.16
2842.72 0.73
2847.66 0.14
2850.04 0.14
2854.31 0.46
2854.86 1.37
2856.72 0.97
2860.6 0.26
2863.48 0.34
2864.2 0.96
2867.06 0.96
2869.17 0.67
2871.0 0.72
2874.99 0.11
2876.58 0.36
2878.37 0.98
2880.69 0.62
2882.11 0.59
2882.95 0.73
2883.89 0.97
2885.84 0.41
2889.31 0.49
2890.1 0.65
2900.79 0.41
2903.11 0.93
2907.98 0.28
2911.47 0.13
2914.12 0.73
2916.66 0.87
2917.81 0.11
2920.19 0.17
2927.6 1.2
2929.66 0.24
2931.23 1.09
2932.42 0.31
2935.08 0.99
2936.24 0.5
2938.85 0.62
2942.34 0.24
2943.68 0.19
2945.08 0.78
2945.91 0.37
2947.07 0.65
2949.54 0.78
2950.77 0.16
2953.71 0.6
2958.78 0.97
2963.39 0.87
2966.76 0.33
2970.88 1.09
2971.93 0.68
2972.94 0.1
2975.39 0.74
2976.07 0.44
2978.81 1.04
2982.17 0.45
2987.99 0.68
2989.53 0.14
2991.71 0.38
2992.9 0.81
2994.71 0.51
2999.06 0.31
3003.44 0.88
3005.5 0.72
3009.55 1.09
3014.66 0.09
3015.8 0.37
3018.73 0.55
3021.13 0.58
3022.68 0.73
3025.13 0.87
3028.28 0.97
3031.36 0.54
3032.6 0.15
3033.14 1.24
3033.71 0.96
3036.43 0.79
3038.7 0.63
3042.22 0.41
3043.73 0.11
3046.02 0.98
3046.99 0.17
3047.56 0.62
3050.53 0.15
3051.26 0.78
3052.07 0.45
3057.62 0.43
3059.14 0.41
3061.01 0.62
3062.02 0.95
3065.36 0.11
3066.27 0.41
3072.22 0.72
3075.58 0.29
3077.13 0.67
3079.07 0.12
3080.74 0.82
3085.48 0.33
3087.95 0.37
3088.62 0.97
3089.41 0.13
3092.26 1.45
3093.74 0.6
3094.88 0.95
3096.19 1.27
3099.75 0.09
3100.89 0.16
3103.7 0.19
3108.04 0.49
3108.61 0.19
3109.98 0.74
3111.13 0.27
3113.74 0.41
3115.9 0.73
3118.83 0.43
3119.88 0.97
3121.14 1.26
3122.6 0.41
3123.89 1.28
3128.97 0.47
3131.33 0.33
3133.48 0.27
3134.75 0.3
3136.72 0.31
3137.57 0.11
3141.8 0.63
3143.23 1.45
3149.44 0.42
3152.89 0.38
3154.07 0.16
3155.3 0.52
3158.29 0.91
3160.69 1.15
3166.22 0.16
3170.46 1.08
3171.42 0.62
3172.21 1.19
3172.94 1.09
3174.12 0.98
3177.35 0.11
3179.5 0.55
3183.79 0.78
3186.83 0.12
3187.58 0.87
3189.2 0.73
3192.36 0.98
3198.87 1.18
3203.28 0.23
3204.37 0.34
3206.72 0.52
3208.42 0.97
3212.47 0.63
3213.73 0.13
3214.72 0.44
3217.12 0.5
3218.0 0.11
3219.08 0.44
3222.79 0.85
3223.5 0.88
3224.62 0.99
3227.01 0.09
3230.72 0.98
3237.75 0.17
3241.39 1.09
3243.19 0.55
3245.79 0.59
3247.78 0.08
3250.48 0.1
