0.0 218.19
0.98 261.19
2.99 216.6
4.99 66.16
6.99 214.04
8.99 51.69
10.99 1472.83
12.98 439.97
14.99 158.39
16.99 214.31
18.99 212.6
20.99 219.7
22.98 339.18
24.99 299.99
26.99 217.16
28.99 101.69
30.98 213.5
32.99 280.04
34.98 28.28
36.99 250.35
38.98 245.51
40.99 214.77
42.99 126.98
44.99 204.7
46.99 153.86
48.99 13.0
50.99 218.56
52.99 18.94
54.99 214.04
56.99 204.06
58.99 86.38
60.99 504.18
62.99 40.75
64.98 219.13
66.99 283.12
68.99 218.56
70.99 161.36
72.99 55.35
74.99 214.68
76.99 197.79
78.99 215.96
80.99 415.46
82.99 31.95
84.99 41.91
86.99 82.43
88.99 214.04
91.0 213.28
92.99 217.62
94.98 527.81
96.99 130.2
98.98 214.49
100.99 27.39
102.98 213.95
104.99 810.23
106.99 668.95
108.99 182.55
110.99 1239.0
112.99 220.56
114.99 313.73
116.99 215.31
118.99 392.69
121.24 572.46
123.24 92.21
125.24 33.08
127.24 216.05
129.24 172.3
131.02 214.58
133.24 594.98
135.23 1243.1
137.24 219.41
139.24 650.2
141.24 216.69
143.24 642.73
145.24 751.4
147.23 13.49
149.24 82.89
151.24 217.81
153.23 1328.3
155.04 206.37
157.24 483.34
159.24 443.03
161.24 215.59
163.24 184.34
165.24 214.31
167.24 116.34
169.24 153.26
171.23 2161.87
173.24 67.34
175.24 215.13
177.24 198.48
179.23 217.34
181.24 162.81
183.24 173.01
185.24 215.04
187.24 192.5
189.24 214.22
191.24 265.57
193.24 77.26
195.23 219.7
197.24 1127.79
199.24 211.98
201.24 142.01
203.23 215.04
205.24 897.47
207.24 1422.17
209.24 216.69
211.24 231.34
213.24 212.07
215.24 134.63
217.24 218.0
219.24 215.41
221.25 1594.69
223.24 210.14
225.24 120.62
227.23 214.77
229.23 2002.68
231.24 51.18
233.23 213.77
235.24 4.81
237.24 211.45
239.24 161.82
241.24 919.46
243.24 191.02
245.24 695.02
247.24 214.04
249.24 275.85
251.23 213.59
253.24 646.76
255.25 733.52
257.24 217.07
259.23 776.85
