0.0 5.56
0.89 8.23
2.61 4.48
3.85 5.03
5.41 4.13
7.5 4.66
8.4 5.94
10.12 6.77
13.57 0.53
16.64 3.37
18.96 5.1
19.83 5.03
21.43 3.16
22.39 2.71
24.1 5.82
25.3 6.44
26.38 5.47
29.75 2.35
33.79 0.07
37.35 2.12
41.55 0.86
42.74 1.29
45.7 1.97
47.79 1.64
51.13 0.14
51.95 2.48
52.91 2.29
54.7 0.69
55.66 2.22
56.67 2.38
57.54 2.23
58.7 1.57
60.6 1.64
61.62 1.91
62.62 2.3
66.36 2.16
68.5 1.71
71.46 2.59
73.56 2.87
76.7 2.64
77.67 1.95
79.82 1.24
81.71 2.61
84.75 2.05
86.91 2.45
88.26 2.61
89.31 3.17
92.86 1.08
94.32 2.45
96.66 0.59
97.95 2.04
99.27 2.36
100.14 2.2
102.52 2.15
104.66 3.55
107.66 2.7
108.38 3.46
109.04 2.95
110.19 3.16
112.78 2.32
117.03 0.2
120.03 2.62
122.6 0.31
124.59 2.95
125.87 3.35
127.3 2.08
129.38 2.39
130.86 3.63
133.27 3.15
134.72 3.86
137.54 0.32
139.7 3.86
141.23 3.85
142.14 2.87
144.43 3.03
147.26 4.53
149.5 3.59
151.58 1.95
158.24 1.0
160.94 2.0
161.95 3.12
164.59 0.1
165.15 4.21
166.37 3.7
167.51 6.14
169.79 3.11
170.98 5.17
172.47 3.38
175.03 4.15
176.23 4.68
178.0 4.4
179.99 4.3
182.38 4.76
184.79 4.36
186.67 4.97
190.64 3.07
192.92 4.09
195.19 4.94
197.4 5.59
199.27 6.05
201.52 6.62
202.74 6.64
206.04 3.56
208.02 4.12
209.03 4.17
210.08 2.06
213.71 2.43
215.12 5.02
217.05 4.55
219.16 5.58
220.79 4.96
221.98 5.32
223.72 4.19
225.58 4.09
227.41 3.44
229.47 4.57
231.06 4.94
233.64 5.91
236.02 4.18
237.54 7.67
238.75 5.88
241.51 4.38
243.57 3.82
246.35 6.59
248.52 4.42
250.33 4.79
251.44 5.95
252.94 6.19
253.89 4.96
257.28 7.76
258.71 5.3
261.14 7.32
262.59 8.93
263.19 9.06
263.86 6.6
264.8 8.9
267.2 6.55
269.87 8.6
273.27 7.37
274.15 10.35
275.15 11.74
279.59 9.58
284.67 5.89
292.07 5.96
294.08 6.42
295.95 5.98
297.31 8.52
298.44 4.76
299.83 4.71
301.38 4.47
303.22 3.31
305.64 4.81
308.38 2.75
309.91 1.91
312.15 1.07
314.75 1.45
316.47 4.22
317.33 3.31
318.39 7.24
319.63 5.95
320.87 4.91
321.91 3.98
322.59 3.26
323.75 7.4
324.63 8.13
326.2 4.03
328.28 5.48
328.95 8.03
331.55 3.58
333.83 6.9
335.8 8.47
337.98 6.2
340.74 5.99
344.56 6.59
346.89 5.7
349.91 7.56
351.52 8.98
352.8 9.94
355.79 10.72
359.72 7.08
361.96 9.79
366.44 8.26
370.23 5.76
372.73 5.32
376.88 1.46
380.56 1.75
382.24 3.31
383.56 5.33
385.48 4.22
387.28 5.12
388.05 6.97
389.09 7.11
390.59 7.05
391.32 9.19
391.96 11.12
395.43 9.2
397.51 12.39
398.86 8.09
399.88 11.19
400.62 12.43
401.92 6.52
404.75 4.82
406.4 4.35
411.51 6.35
414.15 7.09
415.79 4.84
418.79 5.72
420.15 3.81
421.83 4.4
424.23 0.23
425.6 4.88
427.39 5.04
430.35 3.59
431.79 3.63
434.98 4.1
437.03 4.05
439.87 2.89
441.07 4.09
441.94 5.92
443.42 5.36
446.79 2.62
448.51 3.82
451.7 2.36
454.62 1.31
456.74 2.43
457.9 3.0
458.92 3.84
461.11 4.19
462.27 4.82
463.31 4.7
463.93 6.34
465.88 0.73
466.47 3.98
467.72 7.53
473.27 6.13
476.11 2.28
477.55 8.03
479.24 5.02
482.11 8.67
483.95 5.1
487.23 5.79
488.04 6.05
489.94 4.27
492.26 7.94
493.24 11.63
494.28 6.05
495.31 7.06
496.62 4.15
497.91 10.25
499.44 5.16
502.54 3.55
504.87 4.28
508.08 5.72
509.35 7.4
510.68 5.93
512.35 0.95
514.14 5.76
515.79 7.38
518.45 4.15
520.0 3.73
523.16 3.98
524.19 4.89
525.48 5.46
527.99 1.46
529.39 5.12
533.25 4.17
537.42 0.73
539.58 6.27
540.74 7.61
542.5 4.21
544.82 8.54
546.47 11.87
548.79 3.73
550.56 12.35
552.57 6.78
554.47 2.71
556.57 6.33
558.56 6.55
560.56 8.09
562.57 8.91
564.57 3.46
566.56 10.09
568.55 9.43
570.56 10.11
572.55 10.37
574.55 11.07
576.57 11.4
578.55 6.35
580.55 2.28
582.56 11.02
584.55 4.33
586.56 6.02
588.56 4.27
590.57 9.0
592.57 0.2
594.56 5.23
596.56 5.23
598.56 7.11
600.56 5.49
602.88 4.51
604.57 3.34
606.55 3.88
608.68 3.97
610.56 4.17
613.51 3.88
618.13 0.93
620.15 4.78
622.88 0.16
624.45 3.86
626.28 4.2
628.65 4.62
630.74 4.59
631.72 4.07
635.67 3.41
637.86 1.31
639.78 4.28
641.66 5.57
644.18 3.99
645.67 4.94
648.06 1.18
649.67 5.48
651.68 4.09
654.23 5.26
655.68 5.1
657.67 1.59
659.67 2.32
661.67 4.8
663.68 1.84
665.67 5.03
667.67 5.21
669.67 0.09
671.67 8.62
673.67 7.22
675.9 3.94
677.67 1.45
679.67 4.8
683.42 4.19
686.34 0.33
688.0 4.74
689.99 5.79
694.68 4.23
697.46 5.07
699.51 7.16
702.31 2.14
703.9 5.35
705.38 8.27
708.02 4.05
708.66 5.61
709.98 8.76
712.94 6.2
716.07 3.17
719.82 3.87
721.72 3.84
723.58 4.22
724.59 5.41
725.79 7.93
726.99 2.52
730.03 1.89
732.62 1.99
734.28 5.35
735.34 5.77
736.54 7.24
740.12 4.05
741.86 4.4
744.04 4.15
745.15 5.93
746.49 6.87
749.22 1.6
752.72 2.37
754.6 4.04
755.88 4.2
759.81 4.09
760.76 4.82
761.91 7.0
765.59 4.41
766.59 8.13
769.56 3.54
770.91 6.46
771.97 5.41
773.96 0.03
775.27 5.56
776.48 5.49
782.19 0.21
785.56 3.21
786.84 4.33
787.75 5.44
790.31 5.54
791.35 8.35
792.57 6.51
797.52 4.24
801.01 4.47
802.82 3.87
803.37 5.84
805.04 2.02
806.28 3.96
808.38 7.44
809.97 3.72
811.01 1.79
812.33 3.89
814.34 2.03
816.21 0.44
820.83 0.15
824.09 2.32
826.85 2.94
828.85 2.3
829.73 3.03
830.53 1.97
832.85 2.94
834.09 2.91
836.64 1.04
839.54 2.56
840.37 3.01
841.01 2.86
843.42 1.72
845.74 1.75
847.46 1.22
848.9 2.98
851.45 2.15
853.89 1.82
855.33 4.17
857.3 3.92
858.81 4.68
861.04 5.35
862.58 4.21
863.58 9.36
865.77 4.7
867.25 5.01
868.58 6.02
872.32 5.91
873.44 9.45
877.33 2.8
877.84 0.17
879.13 0.92
879.93 3.26
883.29 5.71
885.7 4.87
889.34 6.92
889.97 7.88
892.41 9.62
892.93 7.03
894.93 10.3
897.13 5.09
898.93 8.73
900.91 8.35
902.91 4.76
904.93 4.96
907.47 0.34
909.38 3.2
910.91 4.14
912.93 2.43
914.93 5.19
916.93 2.32
919.98 5.17
924.33 3.86
926.22 2.79
928.78 1.99
930.89 6.7
931.94 7.06
935.81 4.1
936.79 6.04
938.1 0.17
938.61 6.83
939.67 5.18
942.09 9.68
950.09 3.43
951.98 6.83
953.13 2.71
954.97 5.9
956.34 7.61
958.37 1.38
959.33 5.94
963.26 0.6
965.79 5.42
967.74 6.14
969.98 3.51
971.68 8.99
972.59 8.71
973.8 0.52
974.83 15.46
975.87 15.41
977.18 6.08
978.7 6.39
980.7 2.42
983.94 1.3
987.36 2.33
988.14 0.88
991.76 2.48
993.34 4.81
994.23 4.21
995.26 6.39
996.95 5.63
998.94 9.67
1000.94 1.32
1002.94 12.28
1004.94 8.24
1006.94 7.65
1008.95 11.32
1010.9 2.08
1012.91 3.49
1014.94 7.54
1016.95 3.25
1018.94 6.32
1020.94 5.97
1022.95 5.86
1024.95 7.37
1026.87 5.7
1028.94 7.0
1030.95 6.47
1032.94 6.67
1034.94 7.31
1036.94 6.03
1038.94 5.25
1040.95 6.16
1042.94 7.26
1044.95 5.74
1046.94 3.85
1048.95 4.07
1050.94 5.37
1053.51 3.83
1054.94 8.65
1056.94 10.69
1058.94 3.66
1060.96 9.42
1062.95 9.12
1064.95 11.47
1066.95 5.43
1068.94 3.47
1070.95 3.15
1072.94 5.62
1074.95 2.31
1076.94 6.29
1078.96 5.26
1080.94 5.12
1082.94 5.07
1084.96 7.32
1086.94 5.28
1088.94 4.16
1090.94 4.33
1092.95 3.89
1094.95 3.78
1096.94 4.68
1098.95 4.25
1100.95 4.6
1102.94 6.29
1104.94 6.24
1106.94 3.94
1108.97 3.97
1110.94 3.94
1112.94 5.68
1114.95 3.49
1116.95 4.72
1119.35 6.56
1122.3 3.61
1125.27 4.26
1126.9 4.68
1127.7 5.24
1128.94 6.05
1130.94 6.92
1132.94 8.43
1134.94 4.72
1136.97 5.92
1138.94 5.9
1140.94 7.93
1142.97 7.38
1145.9 6.8
1150.19 3.74
1154.66 3.85
1155.78 2.71
1156.42 4.79
1157.1 4.6
1157.91 3.39
1158.95 3.89
1161.07 6.19
1165.86 4.15
1169.19 2.54
1172.79 3.76
1175.47 2.88
1181.92 0.78
1183.67 1.31
1185.55 2.58
1188.47 1.43
1189.36 3.03
1190.42 2.7
1191.87 3.0
1193.32 2.56
1194.67 3.46
1196.4 2.05
1198.54 1.72
1200.27 2.76
1202.71 2.16
1204.34 4.2
1205.3 4.21
1206.59 4.42
1207.52 6.21
1209.0 4.48
1210.93 5.38
1212.65 4.55
1214.92 5.86
1217.31 4.64
1220.98 0.53
1223.04 2.33
1224.96 3.63
1226.87 4.45
1232.74 3.24
1234.62 3.58
1235.86 4.12
1239.75 0.2
1240.75 2.51
1241.48 5.18
1242.23 5.93
1242.8 7.2
1244.35 6.4
1245.92 6.43
1247.88 4.49
1252.39 5.88
1254.78 4.69
1255.91 7.9
1257.59 6.8
1261.03 3.43
1262.56 4.49
1264.12 7.98
1265.99 3.22
1267.74 10.44
1269.39 0.04
1271.47 4.71
1273.67 4.68
1276.66 3.27
1279.47 3.54
1282.82 2.69
1285.7 2.3
1286.9 4.89
1288.23 7.36
1290.15 5.78
1291.64 6.1
1294.47 4.63
1297.54 2.33
1299.34 2.82
1302.47 1.35
1303.42 2.96
1304.02 2.64
1306.39 1.5
1311.53 1.82
1312.4 3.81
1313.38 4.67
1314.14 7.01
1315.14 9.34
1315.71 6.72
1316.34 3.08
1318.16 6.55
1320.16 9.62
1322.18 5.5
1324.17 10.02
1326.16 8.78
1328.54 5.56
1330.78 6.92
1335.16 3.29
1336.84 5.76
1338.04 8.34
1338.84 7.33
1340.17 4.59
1342.15 8.51
1344.18 10.3
1346.16 6.87
1348.16 6.08
1350.18 10.21
1352.18 8.26
1354.16 12.35
1356.11 10.59
1358.16 10.6
1360.18 10.54
1362.18 10.54
1364.18 8.33
1366.18 6.66
1368.16 12.33
1370.15 5.44
1372.19 9.88
1374.18 5.73
1376.15 9.02
1378.16 4.83
1380.08 10.21
1382.17 4.39
1384.16 5.46
1386.23 1.56
1388.16 4.84
1390.18 4.95
1392.16 5.24
1394.16 7.01
1396.18 5.7
1399.76 4.54
1401.24 5.2
1402.16 4.32
1404.14 5.05
1406.18 5.76
1408.17 2.49
1410.17 4.27
1412.18 4.39
1414.19 2.47
1416.58 0.31
1421.2 3.49
1422.55 3.0
1424.8 0.27
1428.87 1.16
1430.99 4.13
1432.14 5.38
1433.59 4.2
1434.83 7.93
1436.93 6.4
1438.49 5.93
1441.08 10.18
1442.01 8.6
1446.36 4.54
1452.78 1.56
1458.94 1.47
1460.03 2.72
1461.02 4.92
1463.1 2.78
1463.76 5.71
1465.97 3.08
1467.8 3.89
1469.37 5.4
1470.9 5.07
1471.6 4.48
1472.57 7.79
1474.09 4.74
1476.46 3.42
1477.94 6.06
1480.25 5.97
1482.05 7.27
1483.29 4.27
1485.17 9.73
1486.61 8.26
1487.84 7.52
1490.57 8.92
1494.6 6.57
1498.1 3.85
1498.93 5.48
1507.5 1.15
1511.03 2.44
1512.21 3.18
1513.28 5.78
1515.18 5.88
1516.12 7.45
1516.97 11.81
1518.29 5.38
1520.81 11.6
1525.21 4.9
1527.74 7.37
1529.61 7.28
1531.2 10.42
1531.85 7.84
1533.41 6.21
1534.56 4.91
1535.69 6.45
1536.28 7.61
1537.73 8.3
1540.24 4.39
1542.2 6.7
1543.78 2.61
1545.84 4.55
1549.5 3.65
1551.26 6.1
1553.56 11.05
1556.49 3.88
1558.61 6.64
1560.21 3.44
1561.96 6.98
1563.33 7.66
1564.53 10.34
1566.72 5.78
1569.33 7.82
1570.97 11.53
1571.97 6.41
1572.81 6.98
1574.8 6.7
1576.8 10.32
1578.81 8.03
1580.81 6.22
1582.8 10.13
1584.72 6.63
1586.8 12.21
1588.81 6.24
1590.8 6.98
1592.8 7.41
1594.8 9.06
1596.81 8.19
1598.8 8.78
1600.8 11.41
1602.8 7.26
1604.8 11.13
1606.81 5.86
1608.8 12.51
1610.8 2.15
1612.81 1.0
1614.8 8.38
1616.8 5.31
1618.8 8.73
1620.8 7.29
1622.81 6.5
1624.8 7.7
1626.81 10.25
1629.01 4.98
1630.8 11.96
1632.77 5.74
1634.8 8.79
1636.81 6.45
1638.81 12.02
1640.8 12.44
1642.81 8.2
1644.8 10.61
1646.8 6.59
1648.82 5.24
1650.8 7.17
1652.8 9.22
1654.83 7.63
1656.77 10.72
1658.8 8.22
1660.8 10.21
1662.8 5.04
1665.01 2.15
1666.81 5.27
1669.78 2.82
1671.4 2.55
1674.29 2.8
1676.13 5.24
1677.04 5.72
1678.8 7.46
1680.81 6.76
1682.8 8.88
1684.81 0.14
1686.8 4.42
1688.82 4.87
1690.8 4.92
1692.82 3.4
1694.81 5.51
1696.81 4.39
1698.8 9.21
1700.81 9.84
1702.82 6.08
1704.8 12.11
1706.81 6.79
1708.8 10.6
1710.81 14.36
1712.8 0.39
1714.81 9.97
1716.8 8.92
1718.81 7.84
1720.81 8.01
1722.81 6.06
1724.8 6.75
1726.8 7.49
1728.8 7.43
1730.8 9.09
1732.8 9.27
1734.81 7.48
1736.8 11.85
1738.81 5.18
1740.81 5.54
1742.8 7.8
1744.8 7.76
1747.05 5.1
1748.81 5.92
1751.09 6.38
1752.81 6.23
1755.64 5.01
1757.54 6.48
1761.65 8.09
1764.46 4.06
1765.92 9.04
1767.11 12.4
1768.59 6.36
1770.89 3.93
1772.57 7.44
1775.34 3.21
1777.4 5.86
1779.04 6.85
1780.59 4.75
1782.6 6.21
1784.77 6.64
1786.77 6.53
1788.77 7.25
1790.77 3.7
1792.88 5.21
1794.78 4.07
1796.78 6.02
1798.77 8.49
1802.09 0.69
1803.55 7.14
1804.77 7.14
1806.72 4.59
1809.0 6.14
1810.8 5.94
1812.77 8.58
1814.78 8.2
1816.78 5.77
1818.77 4.91
1820.77 6.75
1822.66 5.52
1824.78 3.93
1826.79 4.99
1828.77 8.64
1830.77 8.46
1832.77 7.24
1834.78 7.79
1836.77 8.84
1840.47 3.83
1842.05 2.84
1845.04 2.05
1847.03 1.46
1850.64 4.19
1852.57 3.06
1854.2 4.39
1855.02 3.61
1856.98 5.51
1858.54 8.02
1860.67 4.77
1864.15 4.55
1867.4 3.43
1871.75 3.44
1873.91 4.93
1876.23 5.55
1877.2 4.93
1878.54 5.34
1881.2 5.2
1881.76 6.53
1884.37 5.86
1888.38 5.93
1892.84 4.04
1895.39 4.81
1896.83 4.15
1898.89 5.34
1901.08 5.7
1902.99 4.72
1905.23 4.93
1908.42 5.19
1910.27 6.09
1913.77 0.46
1918.12 2.51
1919.12 3.33
1920.08 3.14
1922.53 2.3
1924.11 1.59
1926.28 3.28
1927.92 3.94
1929.55 5.81
1930.98 7.35
1931.87 9.93
1933.48 7.88
1934.43 5.62
1936.82 5.93
1938.74 8.83
1940.8 7.04
1942.63 7.47
1943.82 6.73
1946.21 3.65
1947.63 5.02
1949.14 8.75
1952.07 8.44
1953.39 5.72
1955.15 6.9
1956.54 5.83
1957.77 7.76
1958.74 5.88
1961.94 4.52
1963.58 8.11
1964.8 5.89
1967.03 3.24
1968.3 8.29
1969.83 6.72
1971.98 5.16
1973.8 6.45
1975.53 5.99
1978.79 7.76
1980.88 6.59
1982.34 4.61
1983.64 7.42
1986.16 6.71
1987.54 5.88
1989.54 7.13
1991.76 7.69
1993.53 7.83
1995.78 5.84
1997.55 6.29
2000.59 3.85
2002.02 4.12
2003.7 4.75
2005.74 5.67
2007.53 6.05
2009.55 5.06
2011.78 7.68
2013.78 6.41
2015.78 5.39
2017.78 7.57
2019.78 9.47
2021.78 5.97
2023.8 7.12
2025.78 4.08
2028.56 2.35
2030.26 4.71
2033.98 0.83
2057.36 0.89
2058.44 1.16
2059.86 1.87
2061.26 1.34
2062.33 3.02
2063.38 3.46
2064.31 4.28
2064.92 4.05
2065.47 5.18
2066.85 2.71
2067.63 6.07
2068.27 5.24
2069.67 5.68
2070.59 4.18
2071.43 6.13
2073.28 6.46
2075.29 4.68
2077.29 3.11
2079.28 6.94
2081.28 3.37
2083.29 6.81
2085.3 7.1
2087.19 7.8
2089.28 7.56
2091.3 5.64
2093.28 6.42
2095.14 5.57
2097.21 4.13
2100.88 1.93
2101.5 1.93
2103.28 1.1
2109.55 0.05
2114.07 0.6
2116.48 0.87
2118.05 1.41
2118.98 1.65
2119.9 1.84
2121.55 2.52
2122.82 2.79
2123.64 4.81
2125.35 4.69
2128.5 2.56
2130.15 4.38
2132.95 5.94
2133.95 7.38
2135.19 5.29
2137.71 6.59
2138.99 3.23
2140.89 5.16
2142.99 5.67
2144.83 3.56
2146.88 2.48
2148.89 3.98
2150.88 6.29
2152.89 3.81
2154.89 6.03
2156.9 6.4
2158.81 4.97
2160.89 6.17
2162.89 5.13
2164.89 1.67
2166.89 5.53
2168.89 3.11
2170.89 5.83
2172.88 6.36
2174.88 6.25
2176.88 6.12
2178.89 4.77
2180.89 3.21
2182.83 5.15
2184.91 5.0
2186.88 4.29
2188.97 2.21
2191.79 0.19
2193.75 2.0
2195.87 6.08
2198.75 1.82
2201.2 3.56
2202.83 3.59
2204.27 3.92
2205.64 2.75
2206.87 3.56
2208.89 4.2
2211.55 4.85
2213.87 2.72
2216.83 2.31
2218.49 3.56
2222.07 2.5
2225.81 0.32
2229.75 1.59
2232.91 1.99
2234.32 2.09
2235.71 2.01
2236.79 3.02
2237.71 5.26
2238.38 4.86
2241.79 5.31
2244.12 5.74
2246.71 3.4
2248.78 3.97
2251.64 2.0
2253.88 5.1
2255.2 4.15
2259.95 1.49
2263.55 1.22
2267.51 1.09
2269.19 1.29
2270.87 2.58
2271.79 1.58
2272.67 1.51
2274.44 1.58
2276.15 2.26
2277.23 2.94
2278.43 2.87
2279.68 3.71
2280.35 3.19
2281.15 1.22
2286.84 2.81
2288.34 5.79
2289.94 3.88
2291.3 5.33
2293.47 4.48
2295.26 5.21
2297.19 4.67
2298.99 4.55
2301.76 3.23
2306.47 4.24
2308.11 5.05
2309.51 3.61
2312.56 1.49
2313.78 5.39
2316.27 2.49
2318.3 2.87
2319.63 6.24
2320.8 4.01
2322.15 4.78
2323.62 6.01
2325.56 5.08
2328.38 4.64
2328.94 6.11
2330.35 2.54
2333.07 3.85
2335.8 5.64
2338.87 4.01
2340.91 5.5
2343.1 4.68
2345.7 3.6
2346.47 3.92
2348.03 3.67
2349.14 3.79
2352.76 4.04
2354.07 4.69
2354.59 4.89
2357.03 2.86
2364.95 3.33
2366.07 5.07
2367.07 5.34
2367.86 4.43
2368.66 5.42
2370.5 4.77
2372.79 4.67
2373.62 6.71
2374.98 6.72
2376.98 6.83
2379.27 4.75
2381.95 5.74
2384.43 3.85
2387.22 3.57
2390.5 0.7
2395.28 2.01
2397.34 1.5
2398.86 1.3
2400.99 1.54
2405.52 0.81
2407.71 1.11
2408.54 1.65
2409.46 1.86
2416.62 0.4
2417.51 0.84
2418.23 1.02
2418.95 0.6
2420.02 0.7
2420.58 0.94
2421.39 0.7
2422.09 0.91
2422.89 1.34
2424.3 2.66
2425.28 3.79
2426.07 3.63
2427.48 2.69
2430.23 4.54
2431.93 5.18
2433.78 7.07
2436.18 3.77
2438.51 4.37
2440.87 6.42
2443.52 6.3
2444.87 6.45
2449.4 4.4
2451.94 6.24
2453.82 4.92
2458.29 2.76
2460.46 3.87
2462.69 1.95
2465.37 3.56
2467.31 4.75
2468.9 3.9
2471.3 4.41
2472.9 4.83
2475.14 3.92
2477.47 4.47
2478.75 6.51
2480.45 4.27
2481.86 4.84
2482.94 8.05
2486.15 4.12
2488.58 5.43
2490.53 3.2
2492.18 5.01
2494.41 3.3
2498.32 2.76
2500.81 3.67
2502.14 3.84
2503.34 5.95
2504.69 7.63
2506.64 4.25
2508.04 3.94
2510.02 3.24
2511.77 2.25
2515.49 5.22
2516.46 2.49
2517.29 3.71
2518.0 7.15
2518.96 6.22
2520.24 6.5
2521.84 3.79
2524.68 0.2
2526.8 4.63
2528.92 5.52
2529.98 4.74
2531.04 3.97
2532.65 3.62
2534.65 3.6
2542.0 4.13
2545.24 3.97
2546.99 4.8
2548.02 5.38
2549.78 3.38
2551.14 4.84
2552.99 4.61
2555.5 3.63
2557.53 3.94
2559.64 2.63
2561.9 4.08
2564.27 3.05
2566.95 3.65
2568.14 3.39
2570.5 1.02
2572.38 5.58
2574.82 6.38
2575.75 7.76
2576.87 7.9
2579.55 0.16
2582.67 2.99
2585.35 5.06
2587.54 7.3
2589.03 6.23
2589.71 8.16
2590.54 7.34
2592.06 3.4
2595.0 0.5
2596.9 2.55
2599.63 4.14
2601.32 6.15
2602.52 7.33
2604.15 7.09
2606.16 9.57
2608.18 6.3
2610.18 7.8
2612.15 6.77
2614.59 3.81
2616.16 5.61
2618.19 4.66
2623.48 2.13
2626.23 3.35
2628.88 4.43
2630.82 5.8
2632.5 4.25
2634.44 6.78
2636.35 10.29
2637.52 11.48
2639.55 8.35
2641.54 9.51
2643.53 0.45
2645.68 7.49
2647.47 0.89
2649.53 5.64
2651.58 10.72
2656.22 7.53
2659.18 6.86
2660.2 10.09
2661.68 5.79
2662.74 5.91
2664.94 6.1
2666.68 4.46
2667.91 4.46
2669.98 6.69
2671.83 4.3
2673.52 3.53
2675.54 4.0
2679.55 6.93
2683.2 4.64
2684.43 4.41
2686.26 4.01
2688.4 4.94
2691.0 4.61
2694.16 5.17
2699.36 4.64
2702.2 4.66
2704.27 4.39
2707.12 3.44
2708.72 0.18
2711.61 1.82
2713.95 3.73
2715.08 4.69
2716.23 4.76
2718.59 5.05
2719.86 5.96
2721.88 4.93
2725.29 3.72
2727.06 3.51
2729.03 3.45
2730.45 3.55
2732.04 4.75
2733.72 3.01
2735.22 5.38
2736.54 4.91
2737.86 4.54
2739.98 2.67
2742.72 4.22
2745.08 3.55
2747.37 2.73
2749.48 2.47
2751.62 3.22
2754.1 3.03
2755.8 4.65
2756.85 4.39
2759.04 4.82
2761.6 4.21
2764.69 4.15
2767.12 3.5
2769.81 3.89
2771.92 2.86
2774.29 2.88
2776.78 2.58
2778.81 3.55
2780.24 1.36
2782.73 3.38
2784.5 4.24
2785.97 4.31
2787.97 3.67
2789.04 4.7
2791.27 2.31
2793.16 3.14
2795.99 3.14
2798.52 4.01
2800.32 4.84
2801.49 5.22
2802.32 4.36
2804.29 3.53
2804.91 5.06
2806.29 5.45
2807.61 4.9
2808.66 4.86
2810.73 3.2
2812.73 5.5
2814.74 6.58
2816.74 5.51
2818.73 5.44
2820.73 7.4
2822.74 6.78
2824.73 5.31
2826.73 6.55
2828.74 5.92
2830.74 6.89
2832.69 5.01
2834.73 3.69
2836.74 2.87
2838.73 3.15
2840.65 3.74
2842.76 2.8
2844.85 4.39
2847.11 2.37
2851.14 1.55
2854.78 2.59
2856.91 3.63
2858.59 3.8
2859.66 4.05
2860.21 5.54
2861.39 5.5
2863.05 3.82
2864.73 3.76
2866.73 4.3
2868.73 4.29
2870.73 4.33
2872.75 2.5
2874.75 2.59
2876.73 3.15
2878.74 3.0
2882.39 0.94
2884.0 1.65
2892.19 1.88
2896.42 0.85
2897.1 2.39
2898.37 0.92
2900.62 1.3
2902.55 1.01
2903.18 3.13
2904.14 2.2
2904.87 4.74
2905.91 5.13
2907.21 5.91
2908.61 5.91
2909.3 7.99
2910.77 5.08
2912.74 5.14
2914.73 5.72
2916.74 4.08
2918.73 7.33
2920.73 5.92
2922.73 5.78
2924.74 5.29
2926.73 5.46
2928.73 5.32
2930.74 4.62
2932.73 7.24
2934.74 5.94
2936.78 4.51
2939.87 7.46
2941.19 4.57
2942.73 4.57
2945.43 5.26
2948.62 3.71
2952.51 3.6
2953.21 3.94
2953.98 2.57
2957.31 2.11
2962.97 2.29
2966.63 2.21
2968.42 3.25
2970.5 3.8
2972.41 2.25
2973.95 3.89
2974.9 5.68
2975.93 6.3
2977.29 7.26
2979.05 5.53
2980.97 7.11
2984.3 3.91
2986.83 5.85
2991.47 1.0
2993.02 5.59
2994.18 5.4
2995.94 5.75
2998.38 6.75
3000.63 5.78
3002.95 4.12
3005.71 5.82
3007.94 5.86
3009.3 3.53
3010.66 3.53
3013.33 2.89
3016.64 4.88
3018.38 5.48
3019.63 7.73
3020.78 5.48
3021.85 5.1
3022.74 4.68
3024.78 5.29
3028.02 5.8
3030.98 4.41
3033.42 3.15
3034.97 5.44
3036.42 6.12
3038.54 4.8
3039.39 6.68
3040.58 4.57
3042.69 3.31
3045.89 4.83
3050.04 2.21
3051.33 4.69
3052.33 6.35
3053.54 4.79
3055.03 4.71
3056.39 6.32
3057.98 6.69
3060.54 7.58
3064.23 2.44
3066.26 2.51
3067.42 3.5
3070.18 5.71
3071.7 5.14
3074.38 4.08
3076.85 4.15
3077.98 5.37
3079.99 5.22
3081.3 6.13
3083.89 2.22
3086.13 2.93
3087.71 5.74
3089.93 3.05
3092.53 0.15
3095.1 2.38
3096.3 3.4
3097.65 5.51
3098.7 6.51
3099.97 5.4
3101.54 4.22
3102.43 4.45
3104.15 4.04
3105.49 7.53
3106.46 6.72
3109.74 7.2
3112.11 3.65
3115.5 6.42
3117.69 5.5
3119.98 8.05
3121.62 8.68
3124.38 3.41
3127.22 5.6
3132.81 0.24
3134.37 4.49
3135.82 6.01
3136.78 5.27
3137.79 7.05
3140.51 4.11
3144.82 0.3
3146.18 2.39
3146.78 4.5
3148.74 2.22
3150.42 2.23
3152.5 2.75
3154.73 3.92
3155.62 2.33
3156.5 2.95
3158.18 2.81
3160.34 3.38
3162.78 1.65
3163.33 4.48
3165.39 3.5
3167.06 4.12
3168.45 6.64
3169.07 6.64
3171.58 5.08
3174.86 4.49
3178.14 4.03
3179.86 5.49
3181.27 4.39
3183.38 4.74
3186.65 5.06
3189.9 4.48
3191.49 5.96
3193.34 4.53
3195.33 4.45
3199.03 4.09
3202.11 1.3
3203.66 4.28
3204.89 5.57
3207.7 4.25
3209.06 3.87
3211.49 4.2
3213.34 4.76
3214.95 4.76
3216.82 2.97
3221.61 0.22
3225.06 0.28
3226.43 0.5
3227.94 0.58
3229.51 0.26
3231.3 0.97
3232.73 0.77
3233.97 1.68
3235.41 1.71
3236.58 1.9
3237.74 0.51
3238.9 1.46
3241.06 1.3
3242.97 1.67
3244.46 1.22
3247.29 1.41
3249.34 0.8
3250.82 0.24
3252.14 0.51
3253.18 1.42
3254.17 1.36
3254.73 2.21
3255.98 4.25
3258.02 1.71
3259.23 4.64
3261.25 4.98
3263.25 5.64
3265.25 4.37
3267.25 7.28
3269.23 4.75
3271.25 6.04
3273.25 6.95
3275.25 5.51
3277.24 6.69
3279.25 4.54
3281.23 2.8
3284.25 1.92
3285.95 2.04
3287.83 2.54
3289.26 2.42
3291.25 1.65
3293.25 3.73
3295.25 4.56
3297.26 0.02
3299.1 4.24
3301.13 2.88
3303.11 2.59
3305.25 3.16
3307.25 6.07
3309.18 4.31
3311.11 3.64
3313.1 5.13
3315.22 4.61
3317.26 6.89
3320.53 4.05
3322.23 6.23
3323.5 8.63
3325.25 4.92
3327.19 3.85
3331.45 1.52
3333.42 2.92
3336.19 3.67
3336.7 3.54
3337.31 3.16
3339.59 2.99
3341.29 2.58
3343.46 3.74
3345.94 3.24
3347.68 1.51
3350.25 2.07
3351.26 2.36
3354.7 3.5
3355.99 4.13
3358.49 4.85
3360.18 4.62
3368.57 3.57
3371.34 2.37
3372.66 3.74
3373.41 4.45
3375.03 5.46
3376.06 5.56
3378.42 5.32
3381.17 3.31
3384.83 4.37
3386.78 3.41
3388.68 2.61
3389.86 2.54
3390.75 7.62
3391.73 4.98
3392.95 3.62
3394.34 3.04
3395.53 3.37
3397.25 4.79
3410.93 0.83
3412.75 2.94
3413.36 4.67
3413.91 3.53
3415.73 0.7
3416.24 4.59
3417.15 4.6
3417.92 5.54
3420.4 3.68
3422.45 5.79
3423.43 5.56
3426.92 4.77
3429.05 3.81
3431.93 3.89
3433.93 5.08
3435.89 3.96
3439.0 5.37
3441.0 3.7
3443.63 5.04
3445.93 4.37
3448.55 2.21
3451.32 1.75
3453.81 4.84
3455.11 3.73
3456.91 3.48
3458.35 3.68
3459.84 3.76
3462.05 1.7
3463.75 3.36
3465.84 4.35
3467.8 2.9
3469.48 5.09
3471.87 0.08
3475.19 3.21
3476.83 4.51
3478.16 5.46
3479.51 4.42
3480.92 4.79
3481.95 3.8
3484.03 3.99
3487.74 4.01
3491.76 2.71
3496.03 0.73
3497.07 1.73
