0.0 0.76
2.02 0.6
3.58 0.08
4.53 0.36
7.71 0.14
9.31 0.23
10.02 0.64
11.16 0.65
12.32 0.59
14.28 0.48
15.13 0.81
15.89 0.95
17.18 1.1
23.27 0.76
25.82 0.92
33.64 0.93
35.05 0.46
35.73 0.7
36.47 1.22
37.69 1.18
39.55 1.1
42.96 0.46
43.64 0.86
46.13 0.53
47.82 1.06
49.85 1.15
51.19 1.21
52.54 1.17
54.95 0.38
57.5 0.34
60.98 1.05
61.84 1.29
63.8 0.94
65.78 1.56
68.46 1.52
70.72 0.59
74.96 0.38
77.79 0.33
79.4 0.11
80.85 0.04
81.79 0.66
84.8 0.01
85.87 0.64
87.03 0.63
92.54 0.45
94.38 0.69
95.69 0.74
97.23 0.58
98.37 0.75
99.7 0.42
101.64 0.61
104.37 0.39
105.24 0.64
115.83 0.44
116.81 0.58
117.77 0.53
119.06 0.69
120.14 0.51
123.08 0.49
124.94 0.41
127.34 0.21
128.56 0.36
132.9 0.31
135.26 0.05
136.47 0.45
137.24 0.86
137.85 1.32
140.84 0.76
143.08 0.13
143.86 1.16
147.49 0.71
148.69 1.07
151.1 0.64
156.48 0.71
157.23 0.98
158.53 0.99
160.11 0.66
163.27 0.63
164.78 0.81
166.15 0.79
167.25 1.43
167.84 1.02
169.24 1.1
173.92 0.14
177.2 0.93
178.05 0.73
180.71 0.72
187.87 0.55
189.59 0.13
191.8 0.62
192.79 0.65
193.29 0.87
194.51 0.49
198.51 0.29
199.58 0.54
202.99 0.48
204.01 0.93
204.67 0.67
206.51 0.49
209.67 0.5
211.53 0.08
213.11 0.42
217.51 0.41
219.16 0.61
220.62 0.58
222.32 0.54
223.5 0.43
225.11 0.63
226.67 0.62
228.11 0.8
230.05 0.92
233.37 0.1
234.25 0.76
235.63 1.57
236.26 1.47
237.46 1.54
238.41 1.54
240.15 1.58
242.67 1.11
246.83 1.48
248.33 1.28
251.31 0.55
252.4 1.57
253.61 1.59
255.19 0.76
258.24 1.19
260.28 0.94
264.64 0.56
266.76 1.26
268.14 1.68
269.4 1.44
273.55 0.35
275.89 0.25
277.96 1.52
279.26 1.43
281.04 1.57
281.66 1.62
282.62 1.7
283.67 1.02
287.19 0.56
290.07 1.34
291.61 1.15
293.44 1.18
296.92 0.16
298.57 1.04
302.53 1.03
305.35 1.61
306.63 1.49
308.97 0.86
310.74 1.26
311.86 1.29
313.55 1.12
315.3 1.16
316.8 1.02
320.27 0.35
321.71 0.8
323.06 0.98
324.05 1.27
325.15 1.68
326.52 1.46
328.17 1.07
331.78 1.18
333.45 1.26
337.63 1.24
339.19 0.02
340.1 0.76
341.94 0.27
342.88 1.02
343.72 1.29
344.57 1.54
345.48 1.63
346.42 1.74
349.77 0.95
355.49 0.93
357.78 1.38
359.27 1.64
361.67 0.05
364.47 0.19
365.59 1.23
367.65 1.49
373.69 0.59
374.64 1.36
375.86 1.56
377.83 1.36
379.7 1.45
382.46 0.32
384.9 0.94
386.26 1.56
388.58 1.53
389.9 1.02
394.02 0.12
395.51 1.08
396.93 1.62
397.47 1.57
398.23 1.69
399.25 1.45
400.24 1.22
402.01 1.02
403.74 1.02
406.86 1.13
410.75 0.96
414.48 0.79
416.43 0.92
418.35 1.59
419.42 1.28
420.83 1.11
422.23 1.17
423.93 1.04
425.6 0.98
428.0 1.63
430.62 1.14
433.41 0.21
434.48 1.21
435.72 1.18
436.92 1.26
441.33 0.47
444.23 0.18
447.56 0.64
449.59 0.61
454.92 0.04
455.99 0.66
457.44 0.13
458.63 0.87
460.06 0.65
463.71 0.01
465.0 0.6
465.93 0.78
469.74 0.3
471.29 0.55
472.41 0.12
477.68 0.51
479.44 0.53
482.48 0.31
484.64 0.09
486.15 0.15
487.71 0.34
488.45 0.47
489.63 0.32
491.37 0.32
494.05 0.39
495.14 0.35
501.24 0.26
503.21 0.64
504.49 0.67
505.2 0.78
506.2 1.43
507.3 0.95
510.54 0.3
511.88 1.01
513.42 1.65
515.92 1.68
517.89 1.11
520.35 0.21
521.32 1.48
522.23 1.1
523.64 0.93
524.78 1.27
526.89 0.09
528.67 0.06
530.54 0.92
532.49 1.44
533.53 1.6
534.8 1.39
537.05 1.07
542.76 0.84
546.85 0.97
550.31 0.09
552.2 0.06
553.36 0.89
554.19 1.39
556.36 1.61
558.68 0.81
561.17 0.72
562.44 0.91
564.13 1.28
564.84 1.37
566.05 1.5
567.56 1.24
573.95 0.15
574.58 0.97
576.14 0.92
577.23 1.02
583.54 0.0
586.99 0.39
589.3 0.05
592.05 0.42
593.16 0.1
596.69 0.65
598.05 0.43
598.99 0.52
600.79 0.45
604.6 1.16
606.19 0.85
608.56 0.4
610.04 0.38
610.62 0.62
611.42 1.1
612.02 1.24
614.26 0.38
615.28 1.43
616.6 0.78
631.68 0.01
632.45 0.74
633.61 0.45
637.83 0.61
639.34 0.07
640.28 0.23
641.1 0.19
644.01 0.57
644.55 1.15
645.63 1.46
646.36 1.39
648.39 0.19
654.48 0.42
659.07 1.22
661.96 0.07
663.16 0.6
664.08 1.02
669.53 0.2
670.35 0.74
676.71 0.0
678.35 0.8
678.96 0.57
680.63 0.77
682.01 0.97
685.35 0.82
687.68 0.9
690.18 0.2
693.11 0.23
702.01 0.06
705.05 0.33
706.22 0.37
707.72 0.53
708.58 0.66
709.57 0.54
712.57 0.57
713.79 0.64
715.09 0.74
720.13 0.13
721.49 0.02
722.44 0.4
723.47 0.48
724.82 0.72
726.59 0.61
727.93 0.98
729.54 0.83
730.91 0.99
732.14 1.17
734.9 0.98
736.76 0.73
738.37 0.11
740.35 0.7
742.85 0.66
744.7 0.34
747.92 0.7
750.12 0.77
752.48 1.18
754.88 0.5
757.18 0.64
759.17 1.26
761.66 0.85
763.18 0.57
764.18 0.71
765.08 0.9
766.82 0.24
768.41 0.55
770.39 1.57
771.84 1.55
773.74 1.34
777.48 0.88
781.13 0.98
782.71 1.38
785.7 0.37
787.75 0.83
789.11 0.56
792.01 0.91
794.06 1.32
796.71 0.68
800.3 0.92
803.9 1.29
808.27 0.19
810.98 0.27
811.95 1.22
813.29 0.54
814.45 1.54
816.83 0.34
819.4 0.32
820.67 0.82
824.13 0.73
826.81 1.04
829.84 0.06
830.51 0.47
831.25 0.94
831.92 1.11
833.04 1.23
836.05 0.42
839.33 0.15
841.7 0.01
842.85 0.79
844.86 0.56
847.78 0.31
849.45 0.74
851.7 0.4
853.23 0.65
858.33 0.71
859.2 0.94
860.69 0.72
863.56 0.97
865.41 0.9
868.35 0.73
869.8 0.92
870.98 0.93
872.41 1.28
873.89 1.44
877.96 0.29
879.72 0.83
881.75 0.86
882.99 1.23
884.1 1.61
886.45 0.12
888.28 1.1
889.92 1.44
892.37 0.35
894.24 0.7
895.62 1.38
897.31 1.32
899.81 1.2
902.05 1.29
903.65 1.52
908.74 0.14
911.72 1.39
912.33 1.46
914.28 1.0
916.91 0.61
918.23 1.22
922.29 0.12
923.39 0.78
924.15 1.29
926.45 0.97
929.1 0.22
930.68 0.98
932.47 0.71
936.07 0.35
937.73 0.28
938.82 0.9
942.16 0.59
945.52 0.1
946.3 1.49
946.94 1.32
948.06 1.12
951.86 1.06
952.59 1.35
954.05 0.58
955.26 0.66
957.13 1.04
958.29 1.02
963.8 0.09
965.18 1.09
966.83 1.12
971.54 0.23
972.94 0.93
974.1 0.7
975.3 0.77
976.76 0.15
978.97 1.05
980.26 1.66
982.34 1.49
984.88 1.13
985.63 1.21
986.95 1.04
988.65 0.83
991.17 1.35
992.87 1.12
994.8 1.1
996.88 0.2
997.39 1.0
998.77 1.24
1000.34 1.09
1002.73 1.63
1004.27 1.43
1006.08 0.86
1007.81 0.04
1010.29 0.93
1013.64 0.6
1015.41 0.36
1018.95 0.96
1023.49 0.68
1025.87 1.24
1026.53 1.53
1027.05 1.52
1028.2 1.45
1030.15 1.03
1034.8 0.04
1036.82 0.52
1043.49 1.5
1044.32 0.95
1045.03 1.05
1046.27 0.77
1055.19 1.39
1055.71 1.36
1056.78 0.95
1057.93 1.56
1061.61 0.19
1063.24 1.53
1067.47 0.3
1070.36 0.33
1070.95 1.35
1071.89 1.56
1072.88 1.59
1074.33 0.72
1077.76 0.83
1080.73 0.01
1082.38 0.79
1084.05 1.23
1085.13 1.08
1088.93 0.01
1090.86 0.81
1095.39 0.64
1096.38 0.5
1097.25 0.55
1098.96 0.85
1101.84 0.4
1103.05 1.07
1104.57 0.82
1105.46 0.93
1108.66 0.54
1110.65 0.56
1112.22 0.99
1113.32 1.27
1116.58 0.68
1119.03 0.49
1122.23 0.88
1123.86 1.56
1125.4 1.53
1126.49 1.39
1128.0 1.15
1130.73 0.8
1133.0 1.48
1134.46 1.36
1136.5 0.21
1142.8 1.07
1144.8 1.55
1148.31 0.31
1148.89 0.59
1152.05 0.82
1153.48 0.15
1154.45 1.05
1156.04 1.04
1157.83 1.11
1159.8 1.03
1162.67 0.27
1164.48 1.32
1165.84 1.54
1167.64 0.99
1172.88 0.85
1174.33 0.85
1174.95 1.25
1175.75 1.13
1177.61 0.59
1179.13 1.28
1181.22 0.4
1182.68 0.71
1185.25 0.81
1188.65 0.56
1190.5 1.01
1192.56 1.32
1193.5 1.18
1196.3 1.26
1197.78 0.83
1200.44 0.98
1201.43 0.97
1202.37 1.44
1207.43 0.77
1209.64 0.85
1211.91 0.89
1212.93 1.14
1215.97 0.78
1216.88 1.18
1219.08 1.18
1221.12 1.13
1224.13 0.82
1225.22 0.84
1228.59 0.81
1231.26 0.93
1232.95 0.97
1235.29 0.7
1236.88 0.47
1237.74 1.47
1241.26 0.08
1242.35 1.09
1245.23 0.47
1247.6 0.59
1248.7 0.34
1251.65 0.13
1253.48 0.45
1257.61 0.11
1259.48 0.06
1260.54 0.17
1262.68 0.12
1264.0 0.14
1266.58 0.26
1277.35 0.03
1279.03 0.47
1282.84 0.04
1287.52 0.33
1288.63 0.25
1290.78 0.6
1291.7 0.45
1292.75 0.6
1295.74 0.58
1296.74 0.8
1298.03 1.03
1300.17 1.27
1301.67 0.86
1303.81 0.7
1304.9 1.42
1306.55 1.34
1308.3 1.02
1311.12 0.05
1312.96 0.78
1314.68 0.72
1315.85 0.88
1317.52 1.09
1319.15 0.99
1320.35 1.6
1321.84 1.12
1323.77 0.9
1327.64 1.15
1332.4 0.2
1333.58 1.38
1335.27 1.11
1337.07 1.17
1340.37 0.09
1342.12 1.19
1343.42 1.12
1344.84 1.16
1348.32 0.23
1349.17 1.1
1349.99 1.39
1351.29 1.29
1352.48 1.53
1353.77 1.5
1354.68 0.92
1363.4 0.91
1364.41 1.12
1365.78 1.16
1368.02 0.83
1370.78 0.86
1371.56 1.09
1373.76 0.17
1374.41 1.5
1377.77 0.82
1380.92 0.2
1384.4 0.41
1396.04 0.41
1397.09 0.37
1398.94 0.14
1399.66 0.88
1402.1 0.14
1404.0 0.87
1405.52 0.15
1406.77 0.71
1414.84 0.78
1417.66 0.24
1420.83 0.14
1424.14 0.15
1426.04 0.34
1428.88 0.27
1431.92 0.14
1433.04 0.68
1433.77 0.52
1436.08 0.63
1438.47 0.75
1439.87 0.74
1440.68 0.89
1441.83 0.65
1443.1 0.82
1444.37 0.74
1447.27 0.78
1448.49 1.11
1450.78 1.18
1452.15 1.16
1453.68 0.93
1457.13 1.07
1460.08 1.22
1462.94 0.55
1465.01 0.98
1466.46 1.05
1467.78 1.17
1468.99 0.78
1470.33 1.01
1472.2 0.83
1473.23 1.27
1474.12 1.45
1474.75 1.42
1475.51 1.48
1478.69 0.2
1480.89 1.15
1486.31 0.03
1488.43 1.24
1491.69 0.18
1494.34 0.11
1495.21 1.65
1496.26 1.13
1498.85 1.17
1500.75 0.23
1503.83 0.4
1510.6 0.09
1513.11 0.32
1514.61 0.13
1517.2 0.25
1519.67 0.49
1521.83 0.66
1527.17 0.12
1529.05 0.53
1531.42 0.11
1532.4 0.11
1542.05 0.27
1542.81 0.88
1543.32 0.79
1544.98 0.75
1545.77 0.75
1547.01 0.85
1548.33 0.97
1551.66 0.24
1553.78 0.57
1556.86 0.74
1557.9 1.02
1558.67 0.92
1559.72 1.03
1561.13 0.88
1562.48 0.94
1563.83 0.98
1565.21 0.92
1567.43 0.66
1570.27 0.81
1575.16 0.77
1578.74 1.0
1581.69 0.89
1583.21 0.92
1584.56 0.93
1586.06 0.87
1587.41 1.14
1589.51 0.82
1595.18 0.18
1596.5 0.93
1597.61 1.36
1601.25 0.11
1602.96 0.35
1603.81 1.59
1605.2 1.46
1607.74 0.93
1609.17 0.36
1610.45 1.13
1611.66 0.98
1613.46 1.36
1614.25 1.46
1616.65 0.51
1618.54 0.82
1624.37 0.11
1626.0 0.52
1626.95 0.63
1630.85 0.09
1633.62 0.02
1638.2 0.73
1642.09 0.27
1642.93 0.32
1644.84 0.21
1645.76 0.11
1647.76 0.75
1650.4 0.12
1652.37 0.13
1653.28 0.59
1657.3 0.06
1658.33 0.54
1660.11 0.64
1662.14 0.47
1664.87 0.58
1665.92 0.46
1668.75 0.45
1669.54 0.62
1671.14 0.83
1675.35 0.71
1676.4 0.78
1678.4 0.74
1682.55 0.53
1686.75 0.01
1689.42 0.09
1690.68 0.53
1691.67 0.55
1692.64 0.58
1695.98 0.13
1698.03 0.48
1701.18 0.55
1702.93 0.52
1703.43 0.78
1704.95 0.57
1706.79 0.52
1708.93 0.36
1710.66 0.56
1712.03 0.93
1713.33 0.63
1715.95 0.18
1718.24 0.08
1720.13 0.46
1722.58 0.1
1724.99 0.13
1728.28 0.64
1729.03 0.87
1729.91 0.98
1730.71 1.03
1731.57 0.97
1743.79 0.01
1745.15 0.81
1745.68 0.85
1746.6 0.54
1747.36 0.74
1750.56 0.45
1752.8 0.44
1756.68 0.2
1758.85 0.1
1762.79 0.07
1763.5 0.29
1766.35 0.26
1767.87 0.36
1769.03 0.5
1771.87 0.72
1773.02 0.63
1774.32 0.53
1777.78 0.83
1778.96 0.64
1780.09 0.66
1781.4 0.68
1784.49 0.7
1786.57 0.54
1788.24 0.84
1791.84 0.06
1793.01 0.71
1794.67 0.75
1796.59 0.45
1801.21 0.63
1804.35 0.22
1805.13 0.77
1806.43 0.78
1809.12 0.82
1811.16 0.09
1812.83 0.33
1813.61 0.76
1817.34 0.88
1818.81 0.91
1820.77 0.89
1822.23 0.91
1825.25 0.28
1825.94 0.4
1828.45 0.15
1838.33 0.43
1839.51 0.23
1840.14 0.62
1840.82 0.78
1842.33 0.7
1844.66 0.56
1848.59 0.2
1849.14 1.23
1850.91 0.93
1853.66 0.37
1854.38 0.95
1855.57 0.96
1857.05 1.12
1859.56 0.77
1862.33 0.28
1863.91 0.91
1867.07 0.7
1869.84 0.9
1871.06 1.07
1873.18 0.58
1875.07 0.16
1876.32 0.84
1877.76 0.54
1880.02 0.2
1881.39 0.69
1883.5 0.84
1884.83 1.06
1887.53 0.91
1890.33 0.98
1893.01 0.77
1895.56 0.43
1896.53 0.85
1897.28 0.6
1899.06 0.62
1902.07 0.81
1903.59 0.97
1905.19 0.82
1908.71 0.58
1910.07 0.84
1911.43 0.88
1913.08 0.94
1915.34 0.54
1918.09 0.68
1919.23 0.88
1922.08 0.9
1924.3 0.24
1925.5 0.58
1926.54 0.93
1927.54 0.81
1928.76 0.62
1932.3 0.73
1938.51 0.27
1940.56 0.48
1941.95 0.97
1944.89 0.28
1946.63 1.11
1947.94 1.08
1951.94 0.48
1952.7 0.94
1954.08 0.78
1957.37 0.86
1958.54 1.29
1962.3 0.54
1963.01 0.54
1966.76 0.32
1968.49 1.18
1970.04 0.96
1971.78 0.98
1972.87 0.98
1976.69 0.5
1977.59 1.08
1980.44 1.29
1981.33 1.01
1982.69 1.16
1985.93 0.11
1987.4 0.89
1989.01 1.14
1990.64 0.84
1992.59 0.87
1994.03 0.83
1995.08 0.47
1998.04 0.09
1999.21 0.83
2001.03 0.67
2002.69 0.84
2004.39 1.05
2006.38 0.37
2011.18 0.79
2013.73 0.76
2017.49 0.26
2020.22 0.17
2021.0 0.23
2023.18 0.11
2023.87 0.44
2028.14 0.23
2029.81 0.22
2030.96 0.37
2031.92 0.5
2043.34 0.46
2047.48 0.09
2053.26 0.08
2058.96 0.06
2063.12 0.08
2064.18 0.2
2077.56 0.0
2078.15 0.25
2078.85 0.44
2079.99 0.88
2082.47 0.33
2084.17 0.92
2085.66 0.93
2087.02 0.94
2088.43 0.77
2091.28 0.25
2093.19 0.9
2096.96 1.03
2098.78 0.79
2101.03 0.18
2102.06 0.83
2106.92 0.24
2107.71 0.91
2110.81 0.05
2112.5 0.03
2114.13 0.67
2115.96 0.87
2118.12 0.83
2120.25 0.24
2121.79 0.82
2124.26 0.07
2125.91 0.9
2127.0 0.91
2131.72 0.64
2134.82 0.17
2135.81 0.76
2138.46 0.47
2141.2 0.02
2144.12 0.05
2145.26 0.42
2148.11 0.36
2150.0 0.39
2150.59 0.48
2151.75 0.82
2153.11 1.33
2155.44 1.68
2157.3 1.1
2158.69 0.91
2161.86 1.6
2163.33 1.97
2166.22 0.16
2167.76 0.23
2169.37 0.86
2170.75 0.67
2172.32 0.57
2173.79 0.61
2174.83 1.42
2176.04 1.41
2178.7 0.29
2180.65 0.87
2182.97 0.78
2184.81 1.15
2185.85 1.49
2187.24 1.54
2189.77 0.67
2192.66 0.7
2194.47 0.8
2197.36 0.46
2201.33 0.1
2202.92 0.97
2204.7 0.91
2208.62 0.65
2209.52 1.1
2211.93 0.97
2213.18 1.02
2213.94 1.26
2215.66 0.55
2216.53 1.2
2217.54 1.41
2218.52 1.4
2223.24 0.24
2226.45 0.89
2227.3 0.89
2229.0 0.19
2230.64 0.77
2231.64 0.83
2232.97 1.03
2234.37 0.64
2236.15 0.98
2242.52 0.15
2245.85 0.92
2246.86 1.39
2248.79 1.1
2251.6 0.37
2254.23 0.98
2256.32 1.19
2258.27 1.18
2260.24 0.29
2261.66 1.01
2263.59 1.01
2272.62 0.37
2273.13 0.5
2273.65 0.31
2275.05 0.69
2277.09 0.82
2277.66 1.17
2278.28 1.68
2279.05 1.28
2282.71 0.86
2284.1 0.98
2290.88 0.22
2292.24 0.18
2294.66 0.09
2298.36 0.13
2299.25 0.15
2299.75 0.53
2303.07 0.35
2305.73 0.29
2308.54 0.42
2313.35 0.57
2314.72 0.3
2315.44 0.64
2316.83 0.5
2320.06 0.73
2323.61 0.42
2324.6 0.68
2327.97 0.1
2328.7 0.72
2330.04 0.26
2331.6 0.31
2335.1 0.4
2337.72 0.74
2339.6 0.56
2342.22 0.24
2343.72 0.23
2346.2 0.15
2350.6 0.0
2351.29 0.67
2352.45 0.37
2355.82 0.33
2359.79 0.47
2361.14 0.15
2361.81 0.41
2364.72 0.02
2365.49 0.56
2369.72 0.79
2371.1 0.65
2372.21 0.67
2373.55 0.78
2375.82 0.52
2380.69 1.1
2381.55 0.72
2382.34 1.0
2383.3 0.53
2384.35 1.31
2385.2 1.65
2386.97 1.28
2390.96 0.03
2393.09 1.15
2394.96 0.97
2396.37 1.15
2397.37 1.32
2398.55 1.62
2399.73 1.62
2401.7 1.0
2404.61 0.35
2406.54 0.88
2408.67 1.21
2410.69 1.32
2412.48 1.17
2414.24 1.14
2416.72 0.83
2420.01 1.53
2422.13 1.06
2424.42 1.18
2426.89 1.15
2428.94 1.37
2432.24 0.85
2434.07 1.04
2435.75 1.1
2437.14 1.13
2438.66 0.95
2441.9 1.11
2443.43 1.1
2445.84 0.79
2447.47 1.21
2449.45 1.41
2451.27 0.8
2453.32 0.92
2454.19 0.99
2455.97 1.01
2459.01 0.84
2462.92 0.25
2464.75 0.17
2466.77 0.11
2467.84 0.69
2469.05 1.01
2470.63 0.97
2474.77 0.11
2478.14 0.12
2480.49 0.39
2481.15 0.51
2483.22 0.47
2484.91 0.63
2490.88 0.76
2493.45 0.06
2494.99 0.57
2496.6 0.09
2497.58 0.66
2499.64 0.42
2502.28 0.37
2504.68 0.3
2507.01 0.08
2508.61 0.66
2509.54 0.69
2510.72 0.56
2513.79 0.09
2515.64 0.2
2516.33 0.29
2529.6 0.29
2531.09 0.8
2532.03 0.81
2534.63 0.52
2537.96 1.15
2538.83 1.1
2540.18 1.03
2542.42 0.97
2543.41 1.41
2546.01 1.68
2548.97 1.21
2550.5 1.22
2551.33 1.51
2552.26 1.56
2554.19 1.17
2557.49 0.44
2560.04 1.44
2562.77 1.37
2564.99 1.05
2566.6 1.02
2569.76 0.52
2573.86 0.73
2574.73 1.12
2576.09 0.43
2577.2 1.44
2578.6 1.57
2580.52 1.53
2582.7 0.35
2586.11 0.45
2588.52 0.06
2589.19 0.52
2595.68 0.28
2597.15 0.4
2599.13 0.46
2602.1 0.41
2610.59 0.02
2617.6 0.02
2619.57 0.52
2621.25 0.21
2621.77 0.68
2623.03 1.35
2624.5 1.46
2627.18 1.36
2631.05 0.2
2631.99 0.27
2639.31 0.76
2640.61 0.47
2641.4 0.47
2642.62 0.76
2644.24 0.9
2645.2 1.05
2646.44 0.99
2647.63 1.05
2648.83 1.53
2649.94 1.58
2655.38 1.26
2657.83 1.37
2660.45 0.08
2661.89 1.57
2663.76 1.53
2667.35 0.33
2670.78 1.32
2672.58 0.13
2673.47 0.65
2674.35 1.63
2676.16 1.12
2679.0 0.2
2682.71 0.35
2683.36 1.12
2686.53 0.25
2687.75 0.32
2689.25 0.44
2691.38 0.8
2693.42 0.87
2695.66 0.12
2697.04 0.78
2698.69 0.93
2699.51 0.95
2701.32 0.95
2702.27 0.96
2703.22 0.87
2705.49 0.98
2709.34 0.61
2711.85 1.11
2713.49 1.12
2715.13 0.98
2717.75 0.47
2720.24 1.1
2723.68 0.87
2725.19 0.93
2726.53 0.78
2728.74 0.73
2730.59 0.8
2731.56 1.49
2737.88 0.58
2739.54 0.07
2740.29 0.4
2741.09 1.39
2745.99 0.16
2747.16 0.99
2747.91 0.99
2749.19 1.16
2751.39 0.95
2752.77 1.24
2755.88 0.7
2756.93 0.83
2757.76 0.94
2759.25 1.01
2760.96 0.87
2764.3 0.73
2767.63 0.12
2769.23 1.2
2770.19 1.24
2771.31 1.24
2772.83 1.21
2774.52 1.73
2776.43 1.22
2778.39 0.64
2785.26 1.22
2785.98 1.18
2786.97 1.03
2789.12 1.05
2790.4 1.18
2791.59 1.33
2793.51 1.7
2796.39 1.53
2797.33 1.12
2798.2 1.26
2799.99 0.78
2801.88 0.32
2803.45 1.57
2805.13 1.65
2812.46 0.62
2813.79 0.87
2816.94 0.98
2817.79 1.14
2818.45 1.03
2819.28 1.46
2821.16 1.12
2825.95 1.55
2827.19 0.99
2828.83 1.14
2831.74 1.26
2833.67 0.06
2838.68 1.36
2839.46 1.39
2840.62 1.11
2841.65 1.52
2842.72 1.59
2844.5 1.49
2845.64 1.51
2848.26 0.78
2853.73 1.05
2855.73 0.99
2857.11 1.32
2858.32 1.05
2859.74 1.28
2861.27 1.08
2862.96 1.5
2869.92 0.23
2873.82 0.0
2879.43 0.03
2884.13 0.13
2888.36 0.14
2892.61 0.05
2894.26 0.86
2895.24 1.18
2896.85 0.74
2898.4 0.36
2900.14 1.42
2902.13 0.91
2905.48 0.2
2906.09 0.5
2909.93 0.44
2911.08 0.53
2913.93 0.64
2917.2 0.44
2919.88 0.11
2923.12 0.23
2925.34 0.07
2926.71 0.49
2930.61 0.45
2937.33 0.08
2943.08 0.13
2950.85 0.0
2951.77 0.29
2953.32 0.1
2959.87 0.03
2961.39 0.19
2963.36 0.25
2976.77 0.23
2979.15 0.3
2982.25 0.4
2983.8 0.45
2985.68 0.04
2988.74 0.01
2992.62 0.01
2993.91 0.42
2995.36 0.22
2998.4 0.04
2999.3 0.66
3000.32 0.85
3001.0 0.77
3002.43 0.97
3006.08 0.06
3007.84 0.88
3011.38 0.19
3012.11 0.85
3015.32 0.16
3016.48 0.63
3018.32 1.2
3020.61 1.6
3026.3 0.55
3027.71 0.41
3028.49 0.56
3031.35 0.05
3032.08 0.8
3032.95 0.79
3037.79 0.15
3038.74 0.7
3041.63 0.12
3042.55 0.73
3044.96 0.13
3046.11 0.16
3048.06 0.22
3048.89 0.62
3055.19 0.03
3057.76 0.18
3060.87 0.13
3062.74 0.29
3076.78 0.09
3086.28 0.36
3101.74 0.26
3110.72 0.02
3113.68 0.47
3117.2 0.08
3118.24 0.96
3119.31 0.44
3120.6 0.87
3121.35 1.28
3124.45 1.23
3125.19 1.59
3129.29 0.59
3129.99 1.36
3131.75 1.61
3135.9 0.06
3136.83 1.33
3137.48 1.49
3138.8 1.62
3141.07 1.11
3144.35 1.42
3145.72 1.56
3147.65 1.13
3150.1 1.43
3151.34 1.55
3153.06 1.5
3156.08 1.06
3158.54 0.02
3161.28 1.06
3162.9 0.05
3163.94 1.05
3165.44 1.07
3166.44 1.2
3167.7 1.53
3169.16 1.48
3172.11 0.96
3173.06 1.7
3174.25 1.62
3175.89 1.16
3177.98 1.1
3179.49 0.4
3180.62 1.68
3183.25 0.83
3185.84 0.33
3187.1 1.59
3189.95 1.58
3193.36 0.94
3196.0 1.24
3199.68 1.52
3201.02 1.03
3203.66 0.12
3205.31 0.97
3206.99 1.22
3208.55 1.55
3209.91 1.57
3212.53 1.3
3214.19 1.43
3216.29 1.63
3220.35 0.55
3222.03 1.13
3223.4 1.25
3226.26 1.13
3227.91 0.77
3229.69 1.11
3231.73 1.1
3232.63 1.1
3234.21 1.21
3235.98 1.26
3239.08 1.31
3242.89 1.69
3243.46 1.64
3244.29 1.68
3245.67 1.16
3247.25 1.22
3249.32 0.57
3251.34 1.02
3252.49 1.15
3254.55 1.02
3256.26 1.42
3257.63 1.62
3259.16 1.19
3260.64 1.56
3263.51 1.25
3265.24 1.6
3269.94 1.52
3272.97 0.17
3276.59 0.15
3278.12 1.58
3278.87 1.5
3279.71 1.48
3280.7 1.69
3281.61 1.51
3285.33 0.12
3290.33 1.4
3291.7 1.46
3292.86 1.44
3294.17 1.49
3296.76 1.37
3298.83 1.15
3300.79 1.37
3303.96 1.01
3306.31 1.08
3308.0 1.1
3309.67 1.43
3311.34 1.73
3315.26 1.01
3317.4 0.32
3318.0 1.21
3319.3 0.55
3320.74 0.09
3321.87 1.01
3326.11 0.21
3327.9 0.18
3330.63 0.3
3331.89 1.13
3333.93 0.71
3337.96 0.45
3340.1 0.23
3340.73 0.49
3341.74 0.74
3343.06 0.81
3348.8 0.92
3350.14 0.41
3351.8 0.91
3354.0 0.72
3356.01 0.7
3358.02 0.73
3359.67 0.91
3361.51 0.92
3363.73 0.61
3368.03 0.67
3369.79 0.78
3371.58 0.59
3372.31 0.23
3373.11 0.63
3376.65 0.27
3380.65 0.26
3382.99 0.26
3384.46 0.06
3386.16 0.35
3388.69 0.37
3390.57 0.61
3391.89 0.96
3394.68 0.05
3395.28 0.49
3397.79 0.16
3399.77 0.18
3400.74 0.28
3405.58 0.0
3407.12 0.09
3418.59 0.02
3421.46 0.24
3422.7 0.33
3424.42 0.09
3426.22 0.17
3430.41 0.21
3431.48 0.2
3436.83 0.12
3438.25 0.13
3439.12 0.23
3440.65 0.23
3442.95 0.09
3444.29 0.29
3444.86 0.3
3446.62 0.4
3448.62 0.53
3450.49 0.57
3452.74 0.41
3454.33 0.57
3456.7 0.58
3457.93 0.63
3459.38 0.84
3460.67 1.06
3464.47 0.72
3466.66 0.92
3468.27 1.07
3470.12 1.05
3471.58 0.92
3474.91 0.72
3476.74 0.46
3478.12 1.23
3481.48 0.69
3482.88 0.84
3484.29 0.68
3486.22 0.78
3487.87 0.92
3488.83 0.95
3490.15 0.81
3493.26 0.96
3494.78 1.09
3499.47 0.7
3500.64 0.71
3501.84 0.97
3504.16 0.8
3506.97 0.12
3508.24 0.88
3512.37 0.92
3513.24 0.59
3515.87 0.03
3516.84 0.92
3518.46 1.0
3520.5 0.71
3523.45 0.6
3525.11 0.11
3526.98 0.83
3528.05 0.78
3529.2 0.83
3530.07 0.8
3531.78 1.28
3537.04 0.58
3538.49 1.06
3539.96 1.68
3543.47 1.24
3546.75 1.02
3548.56 1.32
3549.67 1.12
3551.09 1.68
3553.56 0.26
3555.52 1.02
3557.6 0.35
3558.5 1.45
3559.62 1.51
3563.24 0.2
3564.38 1.51
3567.92 0.12
3570.01 0.29
3572.19 0.72
3574.13 1.02
3575.85 0.85
3576.64 1.07
3579.43 1.19
3580.57 1.48
3581.66 1.27
3584.27 0.33
3586.1 1.19
3587.49 1.64
3588.94 1.09
3594.47 0.14
3596.0 0.24
3600.11 0.05
3603.09 0.07
3604.79 0.08
3605.75 0.31
3608.1 0.04
3609.37 0.28
3613.63 0.37
3615.27 0.21
3616.49 0.48
3617.89 0.39
3621.15 0.57
3622.02 0.57
3623.89 0.62
3625.84 0.56
3633.07 0.01
3635.77 0.1
3638.11 0.3
3639.79 0.23
3641.69 0.3
3643.56 0.3
3645.08 0.34
3647.14 0.38
3648.68 0.43
3650.71 0.5
3653.35 0.42
3654.21 0.63
3656.42 0.3
3658.13 0.66
3659.84 0.71
3662.18 0.72
3665.07 0.46
3666.08 0.71
3668.88 0.25
3670.11 0.7
3671.77 0.61
3674.8 0.58
3676.18 0.63
3677.05 0.77
3678.07 0.9
3679.42 0.73
3681.25 0.81
3684.29 0.03
3686.11 0.62
3689.73 0.76
3691.77 0.64
3693.31 0.8
3696.07 0.37
3697.41 0.64
3699.18 0.63
3700.74 0.67
3703.29 0.62
3706.22 0.67
3708.04 0.75
3709.68 0.83
3711.24 0.84
3713.16 0.89
3714.86 0.72
3717.28 0.79
3720.08 0.21
3725.09 0.16
3726.86 0.4
3728.81 0.63
3731.13 0.19
3732.2 0.35
3732.86 0.44
3736.05 0.03
3736.69 0.46
3739.39 0.51
3740.71 0.43
3742.12 0.44
3744.57 0.41
3746.52 0.37
3749.73 0.05
3750.94 0.46
3753.62 0.16
3755.31 0.48
3757.27 0.39
3759.09 0.06
3761.5 0.64
3762.44 0.61
3765.82 0.58
3766.89 0.65
3768.62 0.6
3770.57 0.56
3773.4 0.62
3775.07 0.45
3776.86 0.07
3780.0 0.01
3781.06 0.49
3783.08 0.41
3785.26 0.5
3787.69 0.59
3788.21 0.55
3788.75 0.47
3789.38 0.54
3801.12 0.62
3802.84 0.63
3803.56 0.61
3804.62 0.65
3806.94 0.21
3809.44 0.25
3810.47 0.71
3813.65 0.57
3817.31 0.48
3819.04 0.55
3819.8 0.53
3825.88 0.61
3827.13 0.53
3827.7 0.53
3830.64 0.18
3831.69 0.48
3834.79 0.31
3836.74 0.09
3837.54 0.48
3838.5 0.37
3839.4 0.44
3842.32 0.49
3847.71 0.11
3849.71 0.29
3852.62 0.15
3853.61 0.15
3856.69 0.08
3858.81 0.13
3859.67 0.19
3862.23 0.16
3869.68 0.17
3878.93 0.08
3889.04 0.02
3897.27 0.15
3900.61 0.14
3903.54 0.14
3904.25 0.15
3909.01 0.22
3911.0 0.22
3912.96 0.19
3916.15 0.01
3919.11 0.13
3922.46 0.3
3926.69 0.41
3930.31 0.39
3934.69 0.4
3937.8 0.34
3940.48 0.41
3943.34 0.43
3946.59 0.34
3950.04 0.43
3951.63 0.49
