0.0 287.01
0.64 343.01
2.64 14.11
4.64 344.12
6.64 13.15
8.65 374.55
10.64 98.24
12.64 302.44
14.65 334.12
16.64 13.82
18.64 393.52
20.65 13.49
22.64 137.11
24.64 147.93
26.65 10.1
28.64 118.3
30.64 14.17
32.64 98.63
34.64 165.77
36.65 160.61
38.64 169.84
40.65 13.76
42.65 140.35
44.64 13.73
46.64 145.27
48.65 145.27
50.64 12.72
52.65 49.83
54.64 14.11
56.65 23.93
58.64 74.61
60.64 72.59
62.64 75.65
64.64 76.77
66.65 85.07
68.64 85.07
70.64 85.07
72.65 85.07
74.64 85.07
76.64 85.07
78.64 94.63
80.64 120.77
82.65 119.94
84.65 127.56
86.64 124.1
88.64 12.72
90.65 166.21
92.88 11.18
94.65 160.08
96.65 173.33
98.65 13.44
100.89 218.11
102.65 10.65
104.89 233.28
106.72 14.08
108.9 249.06
110.9 249.67
112.89 14.49
114.88 276.03
116.89 8.31
118.89 266.06
120.89 238.63
122.89 14.18
124.9 162.3
126.89 8.89
128.89 188.15
130.71 14.1
132.89 179.69
134.89 212.14
136.89 13.76
138.89 249.8
140.89 13.72
142.88 276.39
144.88 287.13
146.89 13.8
148.89 81.31
150.89 10.78
152.88 77.65
154.89 77.65
156.9 77.65
158.9 77.65
160.9 77.65
162.89 77.65
164.9 77.65
166.88 77.65
168.89 77.65
170.89 77.65
172.89 77.65
174.9 97.07
176.89 109.1
178.72 14.16
180.89 133.01
182.89 146.24
184.89 13.36
186.89 55.19
188.89 13.75
190.89 160.01
192.9 165.91
194.89 14.1
196.89 78.8
198.89 13.1
200.89 87.19
202.88 13.8
204.89 175.03
206.89 201.41
208.89 14.11
210.89 217.66
212.89 14.1
214.89 38.82
216.88 183.92
218.89 173.07
220.88 111.31
222.88 13.74
224.89 192.95
226.89 60.96
228.89 151.55
230.89 200.18
232.89 14.12
234.89 80.41
236.89 13.74
238.89 220.3
240.89 219.81
242.9 14.13
244.89 222.48
246.89 14.13
248.89 149.33
250.89 13.1
252.9 180.93
254.88 98.71
256.89 13.41
258.89 58.35
260.89 14.11
262.88 56.81
264.89 56.68
266.88 63.57
268.9 63.57
270.89 74.56
272.89 103.74
274.89 115.05
276.89 142.03
278.89 88.16
280.89 13.74
282.89 55.21
284.89 13.68
286.89 135.54
288.89 146.02
290.89 12.88
292.88 152.63
294.89 13.73
296.89 181.12
298.89 14.2
300.89 206.83
302.89 197.46
304.89 13.66
306.89 53.64
308.89 12.12
310.88 54.73
312.89 157.16
314.89 12.1
316.9 170.19
318.9 14.09
320.89 189.38
322.89 14.09
324.89 201.38
326.89 233.63
328.88 13.78
330.89 272.3
332.89 13.36
334.88 125.67
336.88 125.67
338.88 14.1
340.88 152.46
342.89 13.78
344.89 170.41
346.89 13.37
349.13 68.56
351.14 79.36
353.14 14.16
355.14 41.98
357.13 41.98
359.14 41.98
361.14 41.98
363.14 41.98
365.14 41.98
367.13 99.91
369.13 92.83
371.13 111.14
373.14 136.64
375.14 158.78
377.14 13.85
379.13 221.06
381.13 13.38
383.14 91.96
385.13 117.28
387.14 155.26
389.13 73.42
391.13 12.75
393.13 51.79
395.14 61.88
397.14 61.88
399.13 113.28
401.13 121.33
403.14 154.97
405.14 7.45
407.14 238.92
409.14 237.4
411.14 234.43
413.13 271.09
415.13 11.22
417.13 174.4
419.13 13.79
421.14 189.4
423.14 107.02
425.14 165.75
427.13 116.59
429.14 12.1
431.13 239.07
433.13 222.11
435.14 186.84
437.13 204.44
439.13 13.73
441.14 168.99
443.14 12.1
445.14 219.47
447.14 183.39
449.14 12.31
451.14 159.5
453.14 7.87
455.14 240.06
457.13 115.06
459.14 77.45
461.13 81.23
463.14 81.62
465.14 78.1
467.14 82.15
469.14 90.3
471.13 102.57
473.14 72.89
475.14 100.5
477.15 12.09
479.13 112.23
481.14 132.8
483.13 133.47
485.13 141.23
487.14 14.09
489.14 152.66
491.13 11.3
493.14 157.15
495.14 169.42
497.13 14.5
499.14 172.78
501.13 170.56
503.14 106.74
505.14 128.15
507.13 109.04
509.14 176.13
511.14 13.11
513.13 144.04
515.14 13.45
517.14 169.15
519.13 165.96
521.13 14.1
523.13 131.68
525.13 11.83
527.14 193.06
529.13 181.77
531.14 60.77
533.13 77.79
535.14 70.27
537.14 97.1
539.13 88.4
541.14 88.4
543.13 105.92
545.13 13.35
547.13 115.13
549.14 13.7
551.14 121.11
553.13 122.81
555.14 124.75
557.13 129.44
559.13 116.95
561.14 135.25
563.14 14.12
565.13 142.83
567.14 150.8
569.13 9.46
571.14 182.05
573.13 13.75
575.14 170.85
577.13 163.45
579.14 179.82
581.13 73.85
583.14 13.77
585.14 90.14
587.14 13.69
589.14 92.44
591.13 100.97
593.14 111.45
595.39 111.44
597.14 14.11
599.38 148.49
601.24 9.41
603.39 127.72
605.38 148.31
607.39 13.42
609.38 101.78
611.38 13.77
613.38 103.28
615.39 113.79
617.39 142.71
619.38 142.03
621.38 12.4
623.39 148.19
625.22 13.85
627.38 81.12
629.38 85.6
631.38 14.09
633.39 97.31
635.38 97.31
637.39 107.01
639.38 106.18
641.39 109.14
643.39 108.18
645.38 13.76
647.38 110.36
649.38 110.36
651.39 104.92
653.38 123.94
655.39 86.98
657.38 120.88
659.39 120.88
661.38 119.47
663.39 126.25
665.39 130.67
667.38 130.56
669.39 13.73
671.39 101.62
673.22 12.42
675.39 138.07
677.39 141.84
679.38 138.7
681.38 134.48
683.39 11.65
685.38 170.73
687.38 144.26
689.38 6.08
691.39 90.14
693.38 14.09
695.38 99.67
697.38 102.39
699.39 112.59
701.38 124.66
703.38 13.73
705.38 132.12
707.39 14.13
709.39 148.85
711.39 158.8
713.39 143.58
715.38 166.96
717.38 13.75
719.39 158.22
721.39 14.19
723.38 125.39
725.38 180.54
727.39 178.67
729.38 179.46
731.38 5.46
733.38 161.91
735.38 177.32
737.38 189.5
739.39 172.8
741.38 13.72
743.38 103.02
745.37 8.55
747.38 87.05
749.39 90.81
751.38 14.89
753.39 125.93
755.38 12.11
757.38 135.82
759.38 135.14
761.38 123.73
763.38 139.92
765.39 14.47
767.38 143.44
769.39 10.4
771.38 120.02
773.39 133.82
775.38 12.76
777.39 164.19
779.37 14.11
781.38 170.23
783.38 169.27
785.38 172.55
787.38 171.93
789.38 13.72
791.38 174.9
793.38 13.38
795.39 207.88
797.38 178.91
799.39 13.07
801.38 213.01
803.38 11.48
805.38 216.3
807.39 211.57
809.38 14.03
811.39 134.16
813.38 13.73
815.39 135.85
817.38 14.96
819.38 184.47
821.37 183.5
823.38 8.63
825.38 213.66
827.38 13.78
829.38 243.77
831.38 273.64
833.38 294.36
835.39 300.12
837.37 11.45
839.38 173.8
841.39 12.53
843.37 159.61
845.39 171.15
847.39 14.63
849.63 178.09
851.63 13.73
853.64 41.81
855.63 42.34
857.63 14.94
859.64 43.12
861.64 42.09
863.63 51.7
865.63 51.0
867.63 63.7
869.63 64.09
871.63 65.94
873.63 75.98
875.64 87.35
877.63 88.08
879.62 103.72
881.64 109.87
883.63 116.14
885.64 13.02
887.64 128.17
889.62 126.58
891.64 126.58
893.64 106.15
895.64 13.43
897.62 133.13
899.62 11.31
901.64 110.45
903.63 112.37
905.63 136.71
907.64 126.05
909.63 14.52
911.63 117.16
913.62 13.46
915.63 130.41
917.63 148.25
919.64 13.82
921.62 144.06
923.64 14.11
925.63 146.68
927.63 144.25
929.63 144.25
931.64 148.08
933.63 14.14
935.63 164.26
937.63 14.07
939.64 164.69
941.63 161.02
943.63 13.74
945.64 210.04
947.64 13.71
949.63 46.65
951.63 47.78
953.62 42.17
955.64 48.39
957.64 13.78
959.63 54.46
961.63 54.36
963.62 61.8
965.62 66.1
967.63 68.45
969.64 66.5
971.64 81.24
973.63 91.45
975.63 111.82
977.63 117.71
979.63 84.37
981.63 14.14
983.64 123.38
985.62 13.82
987.63 127.97
989.63 130.34
991.63 13.34
993.64 121.37
995.64 125.13
997.63 143.77
999.64 144.04
1001.63 135.87
1003.63 145.83
1005.64 12.73
1007.64 164.43
1009.63 13.82
1011.63 185.69
1013.62 197.01
1015.63 14.08
1017.63 208.57
1019.63 10.93
1021.62 206.01
1023.63 156.86
1025.64 132.52
1027.63 202.49
1029.63 13.77
1031.63 204.46
1033.64 13.83
1035.63 37.56
1037.63 48.72
1039.64 14.12
1041.64 29.07
1043.64 29.07
1045.63 58.52
1047.63 55.75
1049.63 61.21
1051.63 64.77
1053.63 65.25
1055.64 80.01
1057.63 87.6
1059.63 87.47
1061.64 90.73
1063.63 89.5
1065.63 100.71
1067.62 104.05
1069.63 110.31
1071.64 104.77
1073.63 116.19
1075.64 124.81
1077.63 14.11
1079.64 153.21
1081.62 13.74
1083.62 148.57
1085.62 157.27
1087.62 134.16
1089.64 144.47
1091.63 8.2
1093.63 39.56
1095.63 49.27
1097.87 64.93
1099.63 50.24
1101.88 63.41
1103.87 66.88
1105.87 70.76
1107.87 90.01
1109.88 95.11
1111.88 109.33
1113.88 84.68
1115.88 111.43
1117.88 115.98
1119.7 13.72
1121.87 117.78
1123.88 109.71
1125.88 14.15
1127.88 153.68
1129.87 14.1
1131.87 131.53
1133.88 85.28
1135.88 110.82
1137.89 170.15
1139.88 14.52
1141.88 191.24
1143.7 13.01
1145.87 185.3
1147.88 120.47
1149.87 12.37
1151.89 159.94
1153.87 14.17
1155.88 147.61
1157.88 159.99
1159.87 150.64
1161.88 158.92
1163.88 13.77
1165.89 102.95
1167.71 13.72
1169.87 93.58
1171.87 117.53
1173.87 11.54
1175.88 118.49
1177.87 11.98
1179.88 119.94
1181.87 119.38
1183.87 128.76
1185.88 137.48
1187.88 12.38
1189.88 152.9
1191.87 14.14
1193.88 70.53
1195.87 93.81
1197.87 13.03
1199.88 53.36
1201.88 104.27
1203.88 103.63
1205.88 102.37
1207.88 102.72
1209.87 127.02
1211.88 127.42
1213.88 120.51
1215.88 14.1
1217.87 124.74
1219.88 146.76
1221.88 12.7
1223.87 164.32
1225.88 14.13
1227.88 117.48
1229.88 85.94
1231.88 170.94
1233.87 185.12
1235.87 14.12
1237.88 202.28
1239.87 13.7
1241.89 109.08
1243.88 112.5
1245.88 14.08
1247.88 161.51
1249.89 12.38
1251.88 142.93
1253.87 135.42
1255.88 135.42
1257.88 112.89
1259.88 14.14
1261.88 88.11
1263.87 14.16
1265.87 123.63
1267.88 125.91
1269.88 11.6
1271.87 124.86
1273.88 121.32
1275.87 118.14
1277.87 124.48
1279.88 14.26
1281.88 115.85
1283.88 13.07
1285.88 143.78
1287.88 14.11
1289.88 185.25
1291.88 207.64
1293.88 210.5
1295.88 238.31
1297.88 13.79
1299.87 276.19
1301.88 328.7
1303.88 247.9
1305.88 75.24
1307.87 14.07
1309.87 40.45
1311.88 52.61
1313.88 81.56
1315.88 88.06
1317.88 11.03
1319.88 179.35
1321.88 14.16
1323.88 208.52
1325.87 222.71
1327.87 270.55
1329.87 347.66
1331.88 14.09
1333.88 351.42
1335.88 12.84
1337.88 288.72
1339.87 355.34
1341.88 10.12
1343.88 273.74
1345.88 12.35
1347.88 247.91
1349.88 244.24
1351.88 293.49
1354.13 299.01
1356.12 13.76
1358.12 311.25
1360.13 12.08
1362.13 316.39
1364.13 335.53
1366.14 8.51
1368.12 344.73
1370.13 14.11
1372.12 357.46
1373.95 11.06
1376.13 416.59
1378.13 364.77
1380.12 11.8
1382.13 328.41
1384.12 14.08
1386.12 344.34
1388.13 424.82
1390.12 12.27
1392.13 426.55
1394.13 14.13
1396.13 421.37
1397.94 14.09
1400.13 419.12
1402.13 424.12
1404.13 13.12
1406.12 460.89
1408.12 12.59
1410.13 451.1
1412.12 430.35
1414.12 14.11
1416.13 460.86
1418.12 11.46
1420.13 452.5
1421.95 10.43
1424.12 484.8
1426.12 515.0
1428.12 12.64
1430.12 528.1
1432.13 11.97
1434.13 421.38
1436.13 484.8
1438.12 216.61
1440.12 187.09
1442.13 11.44
1444.13 222.63
1446.13 14.11
1448.13 177.81
1450.12 172.76
1452.13 13.72
1454.13 97.37
1456.12 13.8
1458.12 164.7
1460.13 132.94
1462.12 14.1
1464.12 169.57
1466.13 14.08
1468.12 174.88
1470.12 13.8
1472.13 206.39
1474.12 217.55
1476.12 222.96
1478.12 190.95
1480.13 13.72
1482.13 114.82
1484.13 137.56
1486.12 13.79
1488.12 116.36
1490.13 14.11
1492.13 133.39
1494.12 10.15
1496.13 137.25
1498.13 136.82
1500.12 14.16
1502.13 118.94
1504.13 13.75
1506.12 83.56
1508.12 138.04
1510.12 11.28
1512.13 123.11
1514.12 131.49
1516.12 118.95
1518.12 129.37
1520.13 136.19
1522.12 148.04
1524.13 10.07
1526.12 151.47
1528.13 13.78
1530.13 135.65
1532.13 139.09
1534.13 12.43
1536.12 159.35
1538.12 11.05
1540.12 145.56
1542.13 11.06
1544.12 107.73
1546.12 96.4
1548.13 96.04
1550.12 123.01
1552.12 12.4
1554.12 92.21
1556.12 119.99
1558.13 13.39
1560.12 91.38
1562.12 118.12
1564.12 118.12
1566.13 14.11
1568.12 117.73
1570.12 94.73
1572.13 8.67
1574.13 138.3
1576.13 14.19
1578.12 159.52
1580.12 156.31
1582.13 186.1
1584.12 190.93
1586.13 13.82
1588.12 193.09
1590.12 14.94
1592.12 215.44
1594.12 253.63
1596.12 13.37
1598.12 207.1
1600.36 11.48
1602.38 262.01
1604.37 234.22
1606.37 263.4
1608.38 278.63
1610.36 13.58
1612.37 92.36
1614.37 33.65
1616.37 116.71
1618.36 113.3
1620.37 14.16
1622.38 178.39
1624.37 13.8
1626.37 157.18
1628.38 203.36
1630.38 156.67
1632.36 133.44
1634.38 13.38
1636.37 110.91
1638.38 12.15
1640.37 142.29
1642.37 156.16
1644.37 14.12
1646.38 186.84
1648.38 190.29
1650.37 181.01
1652.38 203.18
1654.37 196.69
1656.37 180.31
1658.38 14.1
1660.37 150.25
1662.38 10.34
1664.38 191.04
1666.38 193.96
1668.37 14.11
1670.38 334.86
1672.37 8.43
1674.38 321.17
1676.38 73.63
1678.37 339.02
1680.37 311.52
1682.37 11.16
1684.36 307.09
1686.38 11.54
1688.37 418.86
1690.37 390.59
1692.37 12.46
1694.37 26.52
1696.37 13.5
1698.37 149.38
1700.38 109.75
1702.37 129.41
1704.37 125.84
1706.37 13.02
1708.38 112.28
1710.37 12.41
1712.37 115.34
1714.37 123.58
1716.37 13.73
1718.38 94.9
1720.36 13.03
1722.36 85.14
1724.37 95.59
1726.37 152.23
1728.37 181.96
1730.37 14.17
1732.37 48.22
1734.37 8.49
1736.38 69.56
1738.37 105.69
1740.37 105.69
1742.38 105.69
1744.37 105.84
1746.37 131.56
1748.37 137.32
1750.38 53.96
1752.37 175.48
1754.37 14.56
1756.37 50.09
1758.37 108.69
1760.36 114.54
1762.37 112.44
1764.38 13.83
1766.37 108.93
1768.37 13.43
1770.37 102.5
1772.37 57.56
1774.37 111.75
1776.38 100.51
1778.37 106.91
1780.37 125.51
1782.37 14.09
1784.37 85.93
1786.37 138.03
1788.37 13.73
1790.37 155.54
1792.36 14.88
1794.37 165.22
1796.37 212.02
1798.37 259.64
1800.37 263.51
1802.38 14.18
1804.37 180.44
1806.38 9.03
1808.37 132.42
1810.37 171.59
1812.38 14.12
1814.38 180.53
1816.37 14.09
1818.38 197.67
1820.36 195.23
1822.37 209.13
1824.37 193.59
1826.37 14.2
1828.38 104.19
1830.38 14.17
1832.37 33.07
1834.37 35.43
1836.37 35.51
1838.37 35.51
1840.37 36.69
1842.37 36.69
1844.37 36.69
1846.37 44.33
1848.62 44.33
1850.62 44.33
1852.37 44.33
1854.61 44.33
1856.61 44.33
1858.62 44.33
1860.62 44.33
1862.63 44.33
1864.63 44.33
1866.61 127.31
1868.45 13.37
1870.62 141.03
1872.61 77.88
1874.62 12.54
1876.63 53.86
1878.62 13.77
1880.62 78.36
1882.62 79.81
1884.61 15.86
1886.62 71.26
1888.62 80.48
1890.61 95.27
1892.41 95.27
1894.62 95.27
1896.62 95.27
1898.62 14.19
1900.62 117.21
1902.63 13.74
1904.62 124.57
1906.62 152.46
1908.61 177.38
1910.62 87.57
1912.62 14.11
1914.61 42.32
1916.44 11.56
1918.62 59.79
1920.62 73.97
1922.62 83.32
1924.61 83.32
1926.62 83.32
1928.62 108.42
1930.62 126.87
1932.62 51.66
1934.62 128.04
1936.61 13.08
1938.62 52.77
1940.62 14.1
1942.61 87.69
1944.62 46.91
1946.62 14.17
1948.62 160.54
1950.61 14.18
1952.61 174.55
1954.61 174.55
1956.62 158.24
1958.62 46.86
1960.62 14.11
1962.62 56.44
1964.63 77.18
1966.62 85.59
1968.61 81.96
1970.61 81.96
1972.61 81.96
1974.61 107.48
1976.61 125.48
1978.62 132.31
1980.62 140.81
1982.61 137.97
1984.62 139.49
1986.61 111.44
1988.62 13.83
1990.62 53.42
1992.62 134.69
1994.62 14.15
1996.61 93.11
1998.61 13.81
2000.61 45.19
2002.61 164.85
2004.62 191.79
2006.62 202.19
2008.62 14.14
2010.62 211.77
2012.62 84.52
2014.62 90.09
2016.62 103.02
2018.62 14.2
2020.62 160.54
2022.62 14.09
2024.62 50.57
2026.62 52.18
2028.62 52.18
2030.62 50.38
2032.61 65.6
2034.61 81.75
2036.62 81.75
2038.62 81.75
2040.61 81.75
2042.62 81.75
2044.62 81.75
2046.62 81.75
2048.62 96.82
2050.62 116.92
2052.62 128.15
2054.62 128.98
2056.61 14.13
2058.61 145.99
2060.61 14.13
2062.61 163.82
2064.61 143.49
2066.61 13.8
2068.62 46.64
2070.62 14.18
2072.62 52.28
2074.62 52.21
2076.61 60.7
2078.61 89.81
2080.61 14.12
2082.62 141.33
2084.62 14.07
2086.61 40.78
2088.61 41.85
2090.62 14.2
2092.62 174.31
2094.62 14.12
2096.62 218.24
2098.68 13.81
2100.86 244.31
2102.87 267.98
2104.86 13.83
2106.86 153.9
2108.87 13.73
2110.87 116.03
2112.87 142.86
2114.87 161.35
2116.86 175.53
2118.86 14.12
2120.86 104.94
2122.7 14.11
2124.87 49.67
2126.86 166.39
2128.87 14.13
2130.86 147.67
2132.86 13.71
2134.86 212.15
2136.86 271.74
2138.87 14.09
2140.86 199.54
2142.86 13.34
2144.86 188.37
2146.69 14.11
2148.87 128.89
2150.87 187.29
2152.86 14.13
2154.87 9.75
2156.86 14.11
2158.87 190.21
2160.86 200.14
2162.86 13.84
2164.87 198.77
2166.86 14.12
2168.86 275.91
2170.68 9.99
2172.86 183.75
2174.86 109.03
2176.87 13.7
2178.87 159.45
2180.86 88.18
2182.87 114.06
2184.86 66.84
2186.87 14.1
2188.87 113.16
2190.86 14.11
2192.86 150.01
2194.87 13.7
2196.87 90.92
2198.86 78.31
2200.86 14.11
2202.87 157.9
2204.87 128.56
2206.87 155.46
2208.86 176.34
2210.86 12.16
2212.87 251.36
2214.86 14.62
2216.87 215.3
2218.86 7.92
2220.87 258.25
2222.87 285.46
2224.87 10.41
2226.87 234.48
2228.87 14.94
2230.86 138.24
2232.87 146.51
2234.87 14.15
2236.87 67.4
2238.87 14.1
2240.86 154.63
2242.87 10.14
2244.86 148.92
2246.87 192.34
2248.87 8.43
2250.86 214.06
2252.86 13.7
2254.87 110.98
2256.86 125.19
2258.87 10.45
2260.86 149.6
2262.86 14.14
2264.87 244.39
2266.87 14.12
2268.87 391.87
2270.87 462.96
2272.86 12.58
2274.86 520.18
2276.86 11.99
2278.86 400.86
2280.86 338.86
2282.86 12.36
2284.86 300.69
2286.87 12.59
2288.87 218.46
2290.86 14.11
2292.87 162.42
2294.87 166.17
2296.86 221.04
2298.86 240.25
2300.87 13.85
2302.87 210.38
2304.86 160.64
2306.86 14.14
2308.86 208.84
2310.86 14.13
2312.86 184.48
2314.86 2.59
2316.87 175.31
2318.87 155.03
2320.87 13.37
2322.86 243.97
2324.86 10.24
2326.86 279.89
2328.86 301.38
2330.86 14.2
2332.87 190.61
2334.86 13.37
2336.86 38.7
2338.86 5.03
2340.87 239.38
2342.86 288.06
2344.86 8.46
2346.86 327.06
2349.11 13.19
2350.86 425.67
2352.87 350.99
2355.11 11.1
2357.12 229.94
2359.11 11.7
2361.11 391.87
2363.12 14.09
2365.11 290.43
2367.12 164.39
2369.12 6.75
2371.11 156.99
2373.11 9.75
2375.12 168.23
2377.12 172.92
2379.12 171.28
2381.12 182.08
2383.12 13.84
2385.11 192.89
2387.11 13.82
2389.12 241.74
2391.11 300.19
2393.12 14.13
2395.11 395.2
2397.11 13.93
2399.12 128.06
2401.12 109.32
2403.11 140.64
2405.12 174.34
2407.11 14.1
2409.11 125.18
2411.11 9.09
2413.1 172.67
2415.12 200.67
2417.12 9.57
2419.12 270.03
2421.12 13.13
2423.1 209.24
2425.11 154.55
2427.11 208.44
2429.11 268.23
2431.11 14.18
2433.12 282.45
2435.12 14.95
2437.11 287.7
2439.11 316.98
2441.11 14.1
2443.11 162.35
2445.12 14.07
2447.11 318.5
2449.12 199.71
2451.11 339.98
2453.11 125.78
2455.11 5.72
2457.11 234.09
2459.11 12.7
2461.12 281.04
2463.1 218.51
2465.12 13.49
2467.11 210.17
2469.11 13.42
2471.1 211.5
2473.11 293.79
2475.12 225.06
2477.11 225.06
2479.12 14.66
2481.12 303.95
2483.11 14.12
2485.12 92.66
2487.12 309.97
2489.1 13.18
2491.11 325.67
2493.11 12.84
2495.11 331.06
2497.1 325.07
2499.12 80.08
2501.11 413.42
2503.11 12.19
2505.12 338.37
2507.1 11.74
2509.1 220.74
2511.11 295.26
2513.1 11.9
2515.12 200.61
2517.1 14.94
2519.11 244.57
2521.11 273.15
2523.1 337.29
2525.11 331.02
2527.11 11.41
2529.11 227.81
2531.12 14.14
2533.12 229.64
2535.12 0.04
2537.1 232.45
2539.12 150.51
2541.12 14.12
2543.11 154.13
2545.11 41.27
2547.11 179.81
2549.11 181.88
2551.13 14.2
2553.1 49.34
2555.1 13.72
2557.11 189.16
2559.1 204.83
2561.11 2.43
2563.11 243.74
2565.12 11.27
2567.12 281.99
2569.11 245.65
2571.12 267.8
2573.1 267.8
2575.11 8.74
2577.12 144.0
2579.11 12.82
2581.12 217.75
2583.11 235.31
2585.12 14.84
2587.11 102.33
2589.12 253.2
2591.11 242.71
2593.12 249.75
2595.12 260.38
2597.11 67.06
2599.11 13.86
2601.12 305.58
2603.12 210.52
2605.4 297.48
2607.36 53.14
2609.36 179.3
2611.36 11.79
2613.37 11.3
2615.36 39.81
2617.18 4.87
2619.37 149.7
2621.36 215.96
2623.35 3.2
2625.37 117.91
2627.36 10.89
2629.35 224.2
2631.36 247.82
2633.37 211.2
2635.36 232.36
2637.35 14.09
2639.36 87.38
2641.18 14.01
2643.35 299.84
2645.36 302.7
2647.36 13.73
2649.36 272.52
2651.36 11.56
2653.36 281.58
2655.35 192.79
2657.36 13.76
2659.36 319.66
2661.37 12.69
2663.36 389.89
2665.19 7.37
2667.36 103.73
2669.36 198.12
2671.36 13.81
2673.36 120.9
2675.36 14.1
2677.36 174.09
2679.36 244.06
2681.35 276.84
2683.36 295.49
2685.36 14.07
2687.37 363.56
2689.36 12.36
2691.36 150.55
2693.36 213.52
2695.36 14.15
2697.36 247.2
2699.36 11.82
2701.36 246.27
2703.36 251.58
2705.35 250.6
2707.36 222.99
2709.35 11.26
2711.36 241.44
2713.36 11.8
2715.35 251.29
2717.36 203.83
2719.36 14.13
2721.35 256.58
2723.35 11.64
2725.36 299.33
2727.37 307.0
2729.36 181.49
2731.36 149.06
2733.36 14.11
2735.35 223.98
2737.36 14.11
2739.35 227.9
2741.35 239.73
2743.37 11.18
2745.36 237.33
2747.36 11.5
2749.35 237.41
2751.37 242.49
2753.36 168.45
2755.36 238.94
2757.36 250.9
2759.35 240.26
2761.36 10.31
2763.36 274.17
2765.36 298.77
2767.35 14.17
2769.37 299.01
2771.36 11.62
2773.36 354.88
2775.36 197.11
2777.36 27.1
2779.36 129.82
2781.36 11.95
2783.36 249.53
2785.35 14.14
2787.37 185.16
2789.36 240.34
2791.36 14.97
2793.35 192.69
2795.36 195.9
2797.35 162.69
2799.36 181.05
2801.36 81.09
2803.36 67.41
2805.36 13.86
2807.36 194.99
2809.36 13.84
2811.36 210.95
2813.36 241.4
2815.36 13.82
2817.36 151.92
2819.36 14.08
2821.36 324.04
2823.35 335.66
2825.36 404.22
2827.36 417.82
2829.36 10.54
2831.35 184.06
2833.36 11.64
2835.36 123.88
2837.36 162.63
2839.35 13.76
2841.35 70.05
2843.36 8.6
2845.36 132.24
2847.35 60.03
2849.36 175.83
2851.6 181.17
2853.61 14.93
2855.62 309.24
2857.61 14.13
2859.61 303.98
2861.61 273.53
2863.61 13.73
2865.6 55.86
2867.61 13.41
2869.61 255.18
2871.61 231.53
2873.6 248.16
2875.61 237.92
2877.61 12.27
2879.6 44.94
2881.61 10.59
2883.6 254.74
2885.61 237.39
2887.6 13.72
2889.61 179.33
2891.6 13.42
2893.61 244.09
2895.6 61.98
2897.6 183.82
2899.61 268.92
2901.61 13.8
2903.61 203.97
2905.6 13.69
2907.61 77.53
2909.61 264.49
2911.61 14.49
2913.61 185.93
2915.61 13.73
2917.61 275.11
2919.61 273.97
2921.61 64.76
2923.6 70.03
2925.61 14.13
2927.61 310.24
2929.61 11.32
2931.6 202.23
2933.61 120.65
2935.61 14.6
2937.61 223.46
2939.6 14.17
2941.6 247.44
2943.6 247.44
2945.6 252.91
2947.61 261.51
2949.61 11.49
2951.6 179.6
2953.61 225.39
2955.61 247.44
2957.61 249.84
2959.6 14.96
2961.61 265.54
2963.61 14.11
2965.6 194.55
2967.6 165.38
2969.61 261.65
2971.61 255.02
2973.61 13.81
2975.61 261.21
2977.61 14.11
2979.6 283.54
2981.61 298.75
2983.6 14.15
2985.61 143.58
2987.6 12.53
2989.61 274.0
2991.6 221.58
2993.6 280.49
2995.6 273.01
2997.61 12.08
2999.61 201.7
3001.61 13.62
3003.6 79.64
3005.6 178.72
3007.61 14.12
3009.61 253.47
3011.61 14.09
3013.6 249.33
3015.61 235.98
3017.6 256.89
3020.0 205.13
3021.6 6.6
3023.6 265.86
3025.61 14.2
3027.61 215.48
3029.6 234.97
3031.6 13.39
3033.6 181.08
3035.6 14.1
3037.61 246.52
3039.6 272.52
3041.61 179.44
3043.61 196.58
3045.61 8.21
3047.6 154.83
3049.61 14.13
3051.6 170.47
3053.6 189.21
3055.6 9.48
3057.61 208.01
3059.6 13.39
3061.61 129.22
3063.61 211.69
3065.6 289.75
3067.61 314.05
3069.61 14.12
3071.6 249.94
3073.6 14.11
3075.61 298.69
3077.6 313.53
3079.6 14.52
3081.61 305.1
3083.61 13.51
3085.61 446.41
3087.6 126.26
3089.6 83.89
3091.61 265.94
3093.61 13.82
3095.6 244.69
3097.61 11.63
3099.61 412.85
3101.61 409.97
3103.86 391.21
3105.85 405.78
3107.86 10.73
3109.85 443.4
3111.68 9.6
3113.86 152.01
3115.86 165.23
3117.86 12.58
3119.85 133.86
3121.85 13.44
3123.85 107.51
3125.85 100.99
3127.85 37.4
3129.85 162.36
3131.85 14.93
3133.86 190.76
3135.68 14.11
3137.85 114.17
3139.86 76.19
3141.85 13.73
3143.85 50.44
3145.86 14.1
3147.85 71.52
3149.85 111.08
3151.86 130.63
3153.86 131.22
3155.85 14.7
3157.86 52.47
3159.85 76.27
3161.85 76.27
3163.85 76.27
3165.85 76.27
3167.85 76.27
3169.86 14.1
3171.86 141.69
3173.85 157.42
3175.85 195.95
3177.85 235.06
3179.85 13.79
3181.86 287.48
3183.68 14.08
3185.86 153.44
3187.84 155.87
3189.85 14.06
3191.84 87.52
3193.86 14.2
3195.86 143.46
3197.86 159.4
3199.85 171.77
3201.86 105.56
3203.85 14.14
3205.86 106.73
3207.85 10.95
3209.86 178.02
3211.85 178.02
3213.85 14.1
3215.84 34.68
3217.87 9.54
3219.85 86.51
3221.85 92.24
3223.85 100.22
3225.86 108.31
3227.86 14.13
3229.84 129.53
3231.85 14.12
3233.86 29.86
3235.86 73.26
3237.85 41.4
3239.85 41.4
3241.85 41.4
3243.86 45.81
3245.85 105.43
3247.86 138.91
3249.85 159.8
3251.85 13.75
3253.85 140.25
3255.85 14.11
3257.85 201.52
3259.85 206.49
3261.85 359.25
3263.85 365.54
3265.86 13.78
3267.85 403.76
3269.86 400.44
3271.86 378.74
3273.86 434.81
3275.86 13.51
3277.85 532.81
3279.85 12.28
3281.85 158.18
3283.85 100.74
3285.86 9.21
3287.85 167.43
3289.86 14.05
3291.85 55.61
3293.85 200.36
3295.86 231.34
3297.85 238.08
3299.85 13.76
3301.85 326.06
3303.85 13.79
3305.85 116.39
3307.84 320.41
3309.84 14.09
3311.86 262.72
3313.85 11.05
3315.85 115.99
3317.86 143.59
3319.85 263.64
3321.85 170.47
3323.86 14.11
3325.84 214.19
3327.85 14.13
3329.85 144.37
3331.85 144.37
3333.85 13.41
3335.85 230.86
3337.85 14.12
3339.84 203.41
3341.85 249.02
3343.84 249.02
3346.11 182.09
3348.11 14.94
3350.1 203.93
3351.85 14.1
3354.1 136.83
3356.09 148.37
3358.1 14.11
3360.11 229.56
3362.11 13.86
3364.11 237.59
3365.92 12.73
3368.1 133.8
3370.11 6.4
3372.1 12.23
3374.1 257.89
3376.1 11.51
3378.1 256.99
3380.1 38.66
3382.09 14.12
3384.1 231.0
3386.11 11.35
3388.11 304.58
3389.92 11.74
3392.1 458.59
3394.1 452.87
3396.1 10.76
3398.1 332.42
3400.1 13.53
3402.1 327.48
3404.1 356.76
3406.1 13.18
3408.1 348.88
3410.11 14.12
3412.11 399.09
3413.93 11.12
3416.1 441.28
3418.1 435.49
3420.11 11.63
3422.1 408.86
3424.1 10.85
3426.1 475.6
3428.11 472.3
3430.1 8.22
3432.09 190.34
3434.1 10.76
3436.11 183.21
3438.1 158.91
3440.1 124.28
3442.09 149.56
3444.1 14.08
3446.1 182.57
3448.09 14.1
3450.11 117.16
3452.1 195.68
3454.1 14.12
3456.09 174.07
3458.09 159.83
3460.1 188.53
3462.1 14.1
3464.1 234.91
3466.1 189.79
3468.1 14.14
3470.09 266.89
3472.09 14.13
3474.1 313.41
3476.1 319.04
3478.1 14.84
3480.1 351.73
3482.09 8.76
3484.1 36.91
3486.1 11.83
3488.1 7.88
3490.1 98.99
3492.1 13.36
3494.09 166.39
3496.09 13.39
3498.09 173.64
3500.1 157.97
3502.11 14.13
3504.09 164.26
3506.1 14.11
3508.11 121.32
3510.09 14.1
3512.1 144.6
3514.11 144.6
3516.09 13.44
3518.1 116.61
3520.1 11.59
3522.1 128.74
3524.11 144.32
3526.1 159.02
3528.09 183.92
3530.1 182.37
3532.1 180.76
3534.09 13.86
3536.1 176.68
3538.1 38.45
3540.1 14.18
3542.1 133.22
3544.1 13.85
3546.1 218.09
3548.09 222.63
3550.1 13.81
3552.09 49.75
3554.09 36.62
3556.11 224.47
3558.1 11.65
3560.1 160.24
3562.09 37.68
3564.1 14.12
3566.09 250.44
3568.09 11.48
3570.1 94.52
3572.09 15.71
3574.1 14.08
3576.09 249.55
3578.1 14.18
3580.1 66.3
3582.1 13.76
3584.1 190.43
3586.1 246.07
3588.11 14.15
3590.1 394.9
3592.09 12.7
3594.1 447.39
3596.1 211.68
3598.1 13.83
3600.11 282.57
3602.34 11.46
3604.11 246.5
3606.36 14.21
3608.35 212.84
3610.35 141.35
3612.34 13.19
3614.34 88.92
3616.35 14.12
3618.34 60.47
3620.34 60.47
3622.34 60.47
3624.35 60.47
3626.35 60.47
3628.35 60.47
3630.34 60.47
3632.35 60.47
3634.35 60.47
3636.35 60.47
3638.36 60.47
3640.34 60.47
3642.34 60.47
3644.35 88.35
3646.36 89.56
3648.35 117.61
3650.35 10.49
3652.34 167.15
3654.34 14.15
3656.35 168.69
3658.34 151.06
3660.35 14.09
3662.34 17.26
3664.34 13.69
3666.35 138.45
3668.34 229.99
3670.35 235.05
3672.35 215.46
3674.34 14.13
3676.35 75.25
3678.35 14.07
3680.34 74.98
3682.34 166.17
3684.35 14.96
3686.35 189.94
3688.35 12.75
3690.35 199.42
3692.35 202.55
3694.35 161.03
3696.35 38.83
3698.35 13.82
3700.34 35.88
3702.34 13.37
3704.36 171.47
3706.34 187.08
3708.35 14.09
3710.35 40.7
3712.34 14.57
3714.35 17.89
3716.34 167.12
3718.35 202.33
3720.34 243.18
3722.35 14.12
3724.35 235.34
3726.34 14.13
3728.34 285.21
3730.34 154.68
3732.35 115.7
3734.35 195.19
3736.35 14.16
3738.34 157.28
3740.34 316.0
3742.35 367.65
3744.35 329.77
3746.34 11.73
3748.35 500.04
3750.35 10.49
3752.34 533.66
3754.35 535.46
3756.35 14.08
3758.36 541.69
3760.34 12.8
3762.35 546.94
3764.35 252.91
3766.34 454.39
3768.35 290.2
3770.35 11.42
3772.35 398.5
3774.34 14.64
3776.34 197.88
3778.34 119.25
3780.35 11.98
3782.35 428.82
3784.34 10.24
3786.35 125.74
3788.36 119.39
3790.35 262.33
3792.34 239.55
3794.34 14.15
3796.34 163.66
3798.34 13.05
3800.35 113.34
3802.34 115.39
3804.34 14.1
3806.35 109.86
3808.35 14.12
3810.35 128.37
3812.35 115.55
3814.35 127.37
3816.34 111.94
3818.35 115.92
3820.34 124.07
3822.34 14.12
3824.34 130.65
3826.34 121.9
3828.34 13.02
3830.35 138.83
3832.34 13.7
3834.35 129.42
3836.35 109.03
3838.34 146.44
3840.35 129.78
3842.35 13.78
3844.35 127.87
3846.34 10.22
3848.35 98.72
3850.34 104.75
3852.35 12.98
3854.35 138.87
3856.59 14.12
3858.59 160.58
3860.41 14.13
3862.6 157.56
3864.6 116.74
3866.59 14.12
3868.6 163.35
3870.6 14.13
3872.6 187.44
3874.59 130.09
3876.59 184.04
3878.6 84.55
3880.6 14.09
3882.6 140.47
3884.41 12.65
3886.6 298.85
3888.59 284.87
3890.59 10.03
3892.6 336.93
3894.6 13.4
3896.59 73.5
3898.6 33.65
3900.6 40.48
3902.59 77.84
3904.59 128.39
3906.6 134.55
3908.42 13.02
3910.59 96.59
3912.59 112.49
3914.6 11.31
3916.59 111.27
3918.59 10.51
3920.59 103.24
3922.59 107.28
3924.6 101.2
3926.6 98.77
3928.59 106.43
3930.59 106.43
3932.59 106.43
3934.59 120.65
3936.59 149.46
3938.59 7.13
3940.6 155.04
3942.6 14.01
3944.6 179.62
3946.6 191.75
3948.6 90.58
3950.59 199.95
3952.6 14.58
3954.6 203.66
3956.59 13.73
3958.59 118.37
3960.6 123.3
3962.6 14.95
3964.59 109.12
3966.59 12.32
3968.59 104.16
3970.6 97.05
3972.59 97.05
3974.59 108.03
3976.59 103.47
3978.6 103.47
3980.6 103.47
3982.6 106.74
3984.62 106.74
3986.59 14.17
3988.59 122.86
3990.59 13.73
3992.6 122.06
3994.59 122.29
3996.59 12.37
3998.59 116.42
4000.59 13.71
4002.6 152.64
4004.59 14.17
4006.59 236.13
4008.6 0.65
4010.59 13.8
4012.6 332.33
4014.59 14.05
4016.59 347.1
4018.6 391.57
4020.59 356.95
4022.6 333.57
4024.6 12.78
4026.6 294.04
4028.58 14.61
4030.59 273.75
4032.6 171.93
4034.6 12.73
4036.59 167.27
4038.59 14.18
4040.6 191.23
4042.59 173.28
4044.59 106.98
4046.59 287.85
4048.59 13.82
4050.6 229.97
4052.58 8.28
4054.6 172.94
4056.59 149.35
4058.6 154.23
4060.59 184.69
4062.59 13.74
4064.6 205.93
4066.59 243.42
4068.59 234.24
4070.59 274.15
4072.6 13.77
4074.59 305.76
4076.59 14.26
4078.59 305.77
4080.6 254.81
4082.59 293.98
4084.6 309.67
4086.59 14.12
4088.6 303.99
4090.6 335.97
4092.59 362.1
4094.59 398.46
4096.59 12.21
4098.6 283.66
4100.84 13.51
4102.84 227.83
4104.6 337.16
4106.84 13.82
4108.84 325.52
4110.84 13.1
4112.84 328.34
4114.67 9.1
4116.84 319.67
4118.83 227.99
4120.85 8.87
4122.84 285.78
4124.84 14.1
4126.84 367.08
4128.85 323.37
4130.84 11.87
4132.85 250.76
4134.84 14.96
4136.84 104.61
4138.67 13.05
4140.85 149.89
4142.84 160.11
4144.84 14.08
4146.85 115.56
4148.84 13.76
4150.84 107.32
4152.84 132.56
4154.84 14.15
4156.84 150.94
4158.84 14.12
4160.84 45.98
4162.66 14.14
4164.84 175.87
4166.83 200.52
4168.85 11.85
4170.84 224.35
4172.84 13.61
4174.84 246.96
4176.83 247.13
4178.84 9.06
4180.84 229.73
4182.84 14.12
4184.85 234.33
4186.83 13.19
4188.84 261.58
4190.85 252.03
4192.84 14.1
4194.84 122.49
4196.84 11.78
4198.85 98.18
4200.84 271.09
4202.83 11.68
4204.84 245.72
4206.84 12.4
4208.84 250.48
4210.83 13.75
4212.83 97.29
4214.84 246.96
4216.84 14.1
4218.84 259.07
4220.84 8.43
4222.85 155.48
4224.84 161.2
4226.84 207.09
4228.84 281.95
4230.84 14.13
4232.83 49.2
4234.84 14.13
4236.84 306.03
4238.84 326.35
4240.85 12.73
4242.84 200.95
4244.85 14.12
4246.83 280.73
4248.85 279.55
4250.84 12.78
4252.84 113.1
4254.84 14.08
4256.84 317.88
4258.84 13.95
4260.84 286.59
4262.85 308.12
4264.83 13.11
4266.84 179.13
4268.84 14.11
4270.85 183.48
4272.85 348.0
4274.84 347.85
4276.83 271.13
4278.84 13.69
4280.84 221.91
4282.84 12.53
4284.85 353.31
4286.84 368.73
4288.84 12.25
4290.84 291.66
4292.84 12.97
4294.84 97.64
4296.84 124.53
4298.83 14.1
4300.84 130.93
4302.83 13.78
4304.84 149.61
4306.84 14.1
4308.85 224.78
4310.85 104.57
4312.84 196.1
4314.85 298.33
4316.84 13.73
4318.84 260.68
4320.84 81.25
4322.83 12.36
4324.85 53.54
4326.84 8.79
4328.84 245.08
4330.84 12.28
4332.84 268.13
4334.84 321.01
4336.84 11.82
4338.84 56.27
4340.84 12.21
4342.85 96.21
4344.84 187.55
4346.84 13.05
4348.84 183.07
4350.84 12.4
4353.08 183.94
4355.09 12.78
4357.09 233.72
4358.85 272.07
4361.08 293.24
4363.09 318.17
4365.08 10.74
4367.09 165.54
4369.09 209.8
4371.08 301.42
4373.1 125.58
4375.09 12.74
4377.09 188.46
4379.09 11.55
4381.09 291.21
4383.09 66.51
4385.08 13.93
4387.08 289.31
4389.08 14.06
4391.09 291.86
4393.09 330.34
4395.09 95.32
4397.09 327.98
4399.08 9.41
4401.08 221.81
4403.08 9.8
4405.09 128.54
4407.09 126.82
4409.08 13.91
4411.09 8.39
4413.09 10.61
4415.08 215.31
4417.08 292.33
4419.09 66.2
4421.08 70.16
4423.09 13.37
4425.09 295.37
4427.08 4.84
4429.09 158.81
4431.09 262.91
4433.09 12.73
4435.09 285.77
4437.08 6.73
4439.09 52.07
4441.09 286.59
4443.09 279.01
4445.09 211.81
4447.09 14.96
4449.08 67.24
4451.09 8.88
4453.09 37.74
4455.09 257.46
4457.09 302.14
4459.09 232.97
4461.09 11.18
4463.09 229.23
4465.09 0.92
4467.09 226.36
4469.09 171.0
4471.09 9.41
4473.08 241.68
4475.12 14.1
4477.08 199.61
4479.09 70.25
4481.09 10.88
4483.08 207.47
4485.09 217.41
4487.08 142.47
4489.09 122.57
4491.09 228.0
4493.08 258.31
4495.09 9.22
4497.09 316.51
4499.09 9.88
4501.09 289.97
4503.08 323.86
4505.08 13.55
4507.09 87.45
4509.08 13.27
4511.08 199.35
4513.09 171.5
4515.09 174.34
4517.08 197.82
4519.09 207.63
4521.1 201.52
4523.09 14.15
4525.09 184.95
4527.1 198.33
4529.09 10.61
4531.09 236.89
4533.08 11.19
4535.08 228.84
4537.09 243.38
4539.09 268.56
4541.08 261.43
4543.08 9.93
4545.09 180.11
4547.09 12.69
4549.09 168.61
4551.09 205.81
4553.08 9.08
4555.08 216.81
4557.08 11.52
4559.09 223.91
4561.09 226.93
4563.09 227.19
4565.09 214.2
4567.08 6.05
4569.08 161.3
4571.08 225.78
4573.08 229.96
4575.09 209.4
4577.08 10.83
4579.09 263.29
4581.08 13.93
4583.09 296.07
4585.08 318.39
4587.08 323.36
4589.08 334.36
4591.09 8.95
4593.08 28.03
4595.08 14.96
4597.08 180.29
4599.34 179.43
4601.33 184.77
4603.09 158.09
4605.33 13.72
4607.33 210.72
4609.16 14.14
4611.33 187.61
4613.34 154.95
4615.34 14.08
4617.34 70.74
4619.34 13.08
4621.33 64.32
4623.33 165.54
4625.33 165.54
4627.34 198.8
4629.34 14.14
4631.33 210.99
4633.17 10.85
4635.33 262.14
4637.33 224.42
4639.34 8.22
4641.33 269.78
4643.33 11.16
4645.33 279.83
4647.34 211.59
4649.34 229.15
4651.34 253.66
4653.34 13.39
4655.33 101.78
4657.2 8.95
4659.33 63.98
4661.33 184.14
4663.33 14.11
4665.33 71.47
4667.33 14.17
4669.34 162.71
4671.33 53.47
4673.34 154.66
4675.33 171.79
4677.34 8.65
4679.34 218.42
4681.17 10.01
4683.34 76.11
4685.34 82.79
4687.33 11.58
4689.34 196.58
4691.33 13.79
4693.33 190.49
4695.34 194.89
4697.33 210.38
4699.33 68.93
4701.33 10.77
4703.34 237.89
4705.33 13.72
4707.34 256.08
4709.34 242.64
4711.33 9.41
4713.33 222.14
4715.33 13.69
4717.34 281.82
4719.33 271.81
4721.34 299.4
4723.34 206.18
4725.34 12.69
4727.33 297.0
4729.34 10.3
4731.33 86.71
4733.33 313.14
4735.33 6.26
4737.33 337.41
4739.33 12.6
4741.33 291.5
4743.34 180.63
4745.34 341.88
4747.33 336.66
4749.33 9.81
4751.34 57.05
4753.32 8.07
4755.33 361.39
4757.34 291.46
4759.33 9.07
4761.33 72.77
4763.34 7.61
4765.34 326.74
4767.33 347.47
4769.33 335.53
4771.33 357.82
4773.33 9.36
4775.34 242.8
4777.33 11.18
4779.34 170.84
4781.33 150.93
4783.33 7.67
4785.34 146.38
4787.33 11.88
4789.34 90.6
4791.33 85.42
4793.34 167.0
4795.33 162.7
4797.33 14.59
4799.33 176.81
4801.33 13.86
4803.33 50.6
4805.33 172.85
4807.33 10.78
4809.33 139.16
4811.33 11.73
4813.34 196.53
4815.33 209.63
4817.34 205.38
4819.33 77.55
4821.33 60.72
4823.33 189.11
4825.33 9.06
4827.33 178.45
4829.33 174.59
4831.33 13.46
4833.34 159.44
4835.39 13.31
4837.34 184.17
4839.33 195.15
4841.33 196.58
4843.33 194.96
4845.33 9.76
4847.34 188.34
4849.58 11.03
4851.34 180.65
4853.57 188.14
4855.34 5.04
4857.58 54.7
4859.58 4.25
4861.58 190.74
4863.59 150.88
4865.58 252.52
4867.59 268.19
4869.58 10.75
4871.58 42.33
4873.58 13.11
4875.58 50.15
4877.59 59.63
4879.58 59.63
4881.58 73.17
4883.58 77.96
4885.58 76.03
4887.58 76.03
4889.58 78.35
4891.58 73.82
4893.58 73.82
4895.58 73.82
4897.59 90.97
4899.58 95.07
4901.58 95.07
4903.57 113.38
4905.57 113.79
4907.59 113.79
4909.59 146.09
4911.58 140.75
4913.59 149.59
4915.59 172.96
4917.58 14.91
4919.58 17.11
4921.58 13.78
4923.58 113.05
4925.58 148.73
4927.59 9.59
4929.58 164.31
4931.58 14.48
4933.58 164.66
4935.58 199.59
4937.6 227.42
4939.58 236.24
4941.59 8.71
4943.58 162.96
4945.57 13.73
4947.58 139.68
4949.58 109.72
4951.58 13.73
4953.59 141.97
4955.58 10.17
4957.57 69.37
4959.58 116.42
4961.59 113.99
4963.58 88.05
4965.59 13.42
4967.59 121.12
4969.58 13.39
4971.58 172.92
4973.58 220.82
4975.59 13.35
4977.58 278.35
4979.58 13.42
4981.59 177.7
4983.59 282.07
4985.58 89.55
4987.58 208.61
4989.59 13.47
4991.57 264.54
4993.58 202.55
4995.58 304.28
4997.58 112.14
4999.59 12.7
5001.59 332.93
5003.58 12.7
5005.57 222.46
5007.58 222.46
5009.59 225.67
5011.59 203.28
5013.58 11.87
5015.58 45.62
5017.58 12.72
5019.58 223.84
5021.58 320.89
5023.59 13.05
5025.59 203.12
5027.59 12.44
5029.58 222.88
5031.59 258.31
5033.59 265.08
5035.59 265.08
5037.58 13.04
5039.57 214.36
5041.58 13.76
5043.59 213.17
5045.57 240.54
5047.57 9.98
5049.58 301.17
5051.58 10.77
5053.58 25.68
5055.58 57.13
5057.58 160.07
5059.58 232.28
5061.58 13.15
5063.59 288.12
5065.58 11.46
5067.59 307.17
5069.58 212.09
5071.57 7.34
5073.58 285.72
5075.59 13.41
5077.59 293.78
5079.57 165.64
5081.59 156.52
5083.57 143.53
5085.58 13.77
5087.57 125.81
5089.58 11.58
5091.58 186.54
5093.59 225.28
5095.58 11.07
5097.58 232.23
5099.58 12.11
5101.58 254.59
5103.58 285.22
5105.84 289.2
5107.58 46.58
5109.82 13.78
5111.82 317.47
5113.84 10.46
5115.83 376.45
5117.84 389.17
5119.82 375.78
5121.82 341.25
5123.83 11.13
5125.84 462.58
5127.66 11.42
5129.83 407.42
5131.82 530.72
5133.83 13.8
5135.83 502.61
5137.83 9.65
5139.83 535.51
5141.84 511.83
5143.83 12.31
5145.83 522.63
5147.84 12.22
5149.83 235.6
5151.66 13.79
5153.83 23.66
5155.83 308.4
5157.83 11.95
5159.82 325.25
5161.83 13.7
5163.82 127.54
5165.82 281.95
5167.84 396.92
5169.83 208.89
5171.82 12.89
5173.83 114.13
5175.66 10.85
5177.82 152.82
5179.83 165.82
5181.83 14.11
5183.82 77.51
5185.82 114.25
5187.83 73.25
5189.82 32.12
5191.83 12.35
5193.83 48.19
5195.82 68.17
5197.82 75.06
5199.83 88.01
5201.82 104.07
5203.82 104.8
5205.83 104.8
5207.83 104.8
5209.83 102.64
5211.83 105.95
5213.83 105.95
5215.82 105.95
5217.82 105.95
5219.82 112.06
5221.83 141.92
5223.82 13.73
5225.82 133.45
5227.82 158.28
5229.82 11.57
5231.82 175.71
5233.83 181.68
5235.82 80.88
5237.83 35.32
5239.83 45.47
5241.82 63.25
5243.83 86.94
5245.83 97.12
5247.84 91.19
5249.82 95.5
5251.82 94.85
5253.83 88.55
5255.83 88.55
5257.82 88.55
5259.83 88.55
5261.83 88.55
5263.82 88.55
5265.83 88.55
5267.84 99.8
5269.82 98.75
5271.83 14.16
5273.83 144.93
5275.83 136.25
5277.82 100.45
5279.82 141.06
5281.82 11.58
5283.82 132.68
5285.83 145.19
5287.82 130.96
5289.82 132.43
5291.83 12.13
5293.82 167.99
5295.82 9.29
5297.82 173.44
5299.83 224.32
5301.82 13.81
5303.82 183.44
5305.82 14.1
5307.82 106.56
5309.83 101.38
5311.83 206.36
5313.83 188.72
5315.83 201.07
5317.82 171.74
5319.82 13.08
5321.82 203.78
5323.83 215.62
5325.82 13.77
5327.83 211.3
5329.82 9.08
5331.83 283.23
5333.83 300.96
5335.83 285.33
5337.82 178.11
5339.83 165.67
5341.82 55.17
5343.83 13.8
5345.83 285.27
5347.83 263.89
5349.83 14.12
5351.83 297.14
5353.83 13.18
5356.08 289.43
5357.9 13.09
5360.07 15.49
5362.08 179.86
5364.07 13.44
5366.08 216.87
5368.08 12.28
5370.07 29.41
5372.08 29.41
5374.08 238.53
5376.08 230.67
5378.08 10.38
5380.07 196.28
5381.91 11.82
5384.07 204.61
5386.07 210.36
5388.07 13.36
5390.07 146.58
5392.08 12.49
5394.08 190.33
5396.08 171.37
5398.08 216.77
5400.08 203.03
5402.08 11.32
5404.08 330.77
5405.92 11.1
5408.08 183.42
5410.07 175.16
5412.08 12.79
5414.07 176.77
5416.07 14.1
5418.08 211.97
5420.07 212.56
5422.07 7.25
5424.08 174.32
5426.08 12.14
5428.07 118.98
5429.9 12.44
5432.07 47.04
5434.07 53.33
5436.07 9.43
5438.07 30.26
5440.08 33.77
5442.08 33.77
5444.07 35.13
5446.08 35.13
5448.07 35.13
5450.08 37.36
5452.08 37.36
5454.07 37.36
5456.07 37.36
5458.07 72.14
5460.08 86.81
5462.08 79.31
5464.08 98.92
5466.07 101.94
5468.08 102.87
5470.07 102.23
5472.07 102.23
5474.07 102.23
5476.07 102.23
5478.08 102.23
5480.07 102.23
5482.07 89.84
5484.08 98.58
5486.08 108.43
5488.07 109.54
5490.08 109.54
5492.08 109.54
5494.07 13.76
5496.08 124.87
5498.08 113.51
5500.07 127.18
5502.07 13.36
5504.07 122.77
5506.08 111.54
5508.08 8.62
5510.08 144.23
5512.07 11.8
5514.08 200.22
5516.07 196.78
5518.07 13.34
5520.08 123.17
5522.07 7.82
5524.08 16.38
5526.07 12.69
5528.08 140.64
5530.07 172.14
5532.07 13.02
5534.07 238.56
5536.07 14.18
5538.08 235.51
5540.08 199.13
5542.08 13.44
5544.08 43.83
5546.08 12.05
5548.08 228.02
5550.07 10.45
5552.08 359.42
5554.07 364.49
5556.07 13.7
5558.07 495.05
5560.08 13.03
5562.08 506.58
5564.07 502.75
5566.08 479.92
5568.06 504.06
5570.07 13.2
5572.07 519.4
5574.07 9.83
5576.08 513.61
5578.07 522.2
5580.07 11.85
5582.07 551.0
5584.08 13.79
5586.32 501.67
5588.08 542.55
5590.32 9.31
5592.33 148.19
5594.32 12.62
5596.32 192.92
5598.32 177.73
5600.32 167.58
5602.33 136.17
5604.32 9.61
5606.33 189.94
5608.32 13.04
5610.32 142.91
5612.33 167.92
5614.33 189.44
5616.32 190.65
5618.32 13.75
5620.32 135.87
5622.33 11.03
5624.32 216.58
5626.32 45.8
5628.32 12.37
5630.32 71.89
5632.32 13.38
5634.32 49.91
5636.33 49.91
5638.32 83.73
5640.33 97.58
5642.33 84.46
5644.32 84.46
5646.32 13.09
5648.32 121.45
5650.32 124.49
5652.32 11.52
5654.32 209.77
5656.32 12.76
5658.32 198.35
5660.32 125.52
5662.32 247.89
5664.32 247.89
5666.32 9.44
5668.32 108.47
5670.32 13.48
5672.32 105.98
5674.32 105.46
5676.32 14.11
5678.32 109.9
5680.33 122.89
5682.32 122.89
5684.32 122.89
5686.33 149.84
5688.32 178.99
5690.33 13.79
5692.33 234.82
5694.32 14.14
5696.33 287.0
5698.32 371.05
5700.32 12.11
5702.32 32.52
5704.33 13.12
5706.32 104.0
5708.32 117.63
5710.32 97.24
5712.32 107.88
5714.32 14.09
5716.32 104.61
5718.32 14.11
5720.32 49.59
5722.32 25.41
5724.32 94.84
5726.32 125.36
5728.32 13.82
5730.32 128.05
5732.33 147.39
5734.32 142.2
5736.32 159.93
5738.32 13.84
5740.32 215.96
5742.33 12.42
5744.32 85.21
5746.32 33.14
5748.32 14.1
5750.32 16.3
5752.32 78.61
5754.33 78.61
5756.32 92.02
5758.33 82.43
5760.32 94.87
5762.32 12.69
5764.32 115.75
5766.32 12.38
5768.32 45.39
5770.32 81.79
5772.32 13.37
5774.32 29.26
5776.32 13.43
5778.32 25.38
5780.32 106.09
5782.32 129.49
5784.32 152.2
5786.32 13.35
5788.32 104.05
5790.32 13.77
5792.32 133.53
5794.32 64.34
5796.32 14.16
5798.32 18.8
5800.33 13.84
5802.32 69.26
5804.32 78.44
5806.31 96.26
5808.32 119.67
5810.31 13.74
5812.32 124.06
5814.31 13.75
5816.32 172.93
5818.32 156.88
5820.32 12.77
5822.32 207.44
5824.32 14.1
5826.32 254.75
5828.39 14.15
5830.32 266.76
5832.33 325.82
5834.57 14.13
5836.32 314.98
5838.33 13.75
5840.57 110.97
5842.57 173.68
5844.57 11.52
5846.57 112.33
5848.57 13.83
5850.57 177.42
5852.4 13.36
5854.58 98.67
5856.57 148.26
5858.57 10.56
5860.57 111.44
5862.56 14.12
5864.58 154.15
5866.57 187.84
5868.56 209.03
5870.57 201.44
5872.57 14.11
5874.57 132.33
5876.39 8.25
5878.56 180.44
5880.56 144.44
5882.58 8.58
5884.57 158.82
5886.56 14.12
5888.57 165.21
5890.57 141.18
5892.57 15.85
5894.57 123.09
5896.56 14.56
5898.57 136.53
5900.39 14.19
5902.57 115.36
5904.57 141.79
5906.56 12.11
5908.58 157.82
5910.57 92.92
5912.57 107.64
5914.56 87.52
5916.56 151.51
5918.56 155.08
5920.56 14.61
5922.57 124.76
5924.56 14.1
5926.57 149.64
5928.56 150.05
5930.57 14.13
5932.56 146.53
