0.0 5.81
0.7 0.26
1.76 0.09
2.93 6.28
4.04 2.81
5.48 7.85
7.5 6.01
9.5 0.28
11.48 12.0
13.72 11.3
15.74 10.08
17.5 5.64
19.48 13.37
21.72 0.21
23.73 1.66
25.72 4.96
27.74 4.96
29.62 0.69
31.72 0.27
33.72 12.92
35.74 5.27
37.72 14.91
39.72 4.89
41.72 0.97
43.74 0.52
45.74 1.94
47.74 9.67
49.74 9.67
51.72 2.94
53.6 0.34
55.74 0.27
57.72 0.29
59.72 0.27
62.62 1.0
64.28 5.72
66.52 0.02
67.6 5.05
69.74 4.3
71.72 1.74
73.74 5.71
75.72 4.65
77.72 0.2
79.72 2.66
81.74 1.52
83.72 11.13
85.72 15.36
87.74 13.28
89.72 4.39
91.74 13.18
93.74 0.52
95.74 14.07
97.71 4.82
99.74 3.58
101.74 17.85
103.74 16.92
105.74 0.75
107.72 1.88
109.74 0.92
111.72 5.09
113.74 27.26
115.74 0.66
117.74 4.38
119.74 0.93
121.74 1.06
123.74 8.56
125.74 0.27
127.72 21.09
129.74 19.58
131.74 19.63
133.74 5.18
135.74 5.19
137.75 17.04
139.74 0.75
141.74 23.05
143.74 0.09
145.74 6.68
147.74 2.36
149.63 0.26
151.74 9.88
153.74 1.96
155.74 13.95
157.74 19.88
159.74 0.35
161.74 0.02
163.74 0.9
165.74 6.28
167.74 14.08
169.74 0.02
171.74 1.22
173.74 4.49
175.74 0.56
177.74 9.13
179.74 0.02
181.74 0.36
183.74 0.58
185.74 3.08
187.74 3.3
189.72 0.13
191.74 10.25
193.74 0.68
195.74 10.62
197.69 0.29
199.74 11.52
201.74 12.49
203.74 0.84
205.74 12.31
207.74 1.62
209.74 4.97
211.74 1.83
213.74 11.92
215.74 11.68
217.72 1.86
219.74 9.61
221.74 2.85
223.74 0.54
225.74 1.89
227.74 1.69
229.74 3.09
231.74 8.91
233.74 2.33
235.74 0.02
237.74 3.67
239.74 0.2
241.72 0.45
243.74 1.43
245.74 4.46
247.74 1.55
249.74 0.02
251.74 14.85
253.74 12.17
255.74 5.18
258.0 2.42
259.74 11.19
261.74 0.42
264.0 7.79
266.0 1.25
267.98 16.58
270.0 0.79
272.0 2.8
273.98 19.23
276.0 7.65
278.01 14.15
280.01 5.87
282.0 0.24
283.96 4.01
286.0 8.97
288.0 16.33
290.0 0.37
292.0 1.02
294.0 0.22
295.98 1.12
298.0 16.67
300.0 0.18
302.0 1.55
304.0 0.27
306.0 0.41
307.98 16.89
310.0 1.43
312.0 4.87
314.0 0.78
315.98 4.84
317.98 1.07
320.0 0.94
322.0 9.26
324.0 0.63
326.0 1.03
327.98 3.41
330.0 10.39
331.98 3.13
334.0 0.54
336.0 0.54
338.0 16.53
340.0 5.52
342.0 7.56
344.0 8.27
346.0 18.35
348.0 17.32
350.0 2.71
351.98 5.1
354.0 0.41
355.98 2.82
359.18 0.43
362.02 0.29
363.7 1.59
365.76 0.14
368.16 2.42
369.26 3.58
372.15 0.17
374.42 0.09
375.87 0.52
377.11 5.88
378.1 1.03
380.24 6.3
382.0 5.15
384.0 6.98
386.0 1.68
388.0 0.57
389.98 0.65
392.01 6.19
393.98 5.53
395.93 5.8
398.0 6.03
399.94 0.46
401.98 2.11
403.98 7.92
405.94 3.36
408.0 1.66
410.0 8.3
411.93 0.02
413.98 0.34
416.0 6.03
418.0 11.48
419.98 0.02
422.0 10.36
424.0 10.06
426.0 11.27
427.98 1.55
429.98 0.63
431.98 4.3
434.0 0.58
435.98 4.86
438.0 0.07
440.0 13.94
442.0 7.9
443.98 18.42
446.0 19.55
448.0 0.08
450.0 28.77
451.98 4.7
454.0 2.34
455.98 3.58
457.98 0.09
459.98 5.91
462.0 24.02
463.98 0.01
465.98 24.71
468.0 27.12
470.0 11.7
472.0 12.06
474.0 3.22
475.98 0.75
478.0 0.02
480.0 1.26
482.0 0.75
483.98 6.18
486.0 0.37
488.0 6.27
490.0 0.07
492.0 20.61
494.0 3.53
495.98 15.95
498.0 21.11
499.98 4.48
502.0 21.3
504.0 21.23
506.01 20.04
508.0 14.63
510.0 5.29
512.0 6.43
514.13 20.43
516.0 0.09
518.0 0.14
519.98 0.27
522.24 0.22
524.1 0.54
526.24 20.51
527.98 0.21
530.25 23.52
532.24 11.5
534.24 6.05
536.22 1.0
538.24 4.25
540.24 0.45
542.24 1.97
544.24 0.43
546.24 1.46
548.24 4.72
550.24 10.75
552.24 0.11
554.25 5.42
556.24 17.71
558.24 4.46
560.24 15.17
562.12 5.1
564.24 18.56
566.24 17.65
568.24 6.37
570.24 19.03
572.03 0.3
574.24 0.35
576.22 0.02
578.24 13.55
580.24 0.07
582.24 0.08
584.24 2.87
586.14 6.53
588.24 16.93
590.24 20.28
592.25 6.55
594.24 19.99
596.06 0.38
598.24 0.08
600.24 0.22
602.25 0.06
604.24 12.93
606.24 0.48
608.24 0.3
610.22 2.34
612.24 9.62
614.25 24.2
616.24 0.09
618.24 22.46
620.22 0.5
622.24 26.08
624.24 6.77
626.24 1.43
628.24 28.01
630.24 5.84
632.25 27.57
634.22 20.72
636.24 0.85
638.25 11.9
640.24 0.19
642.24 0.42
644.24 0.31
646.24 3.92
648.24 1.86
650.25 0.67
652.24 38.97
654.25 0.64
656.24 0.11
658.12 33.46
660.22 30.06
662.24 34.43
664.24 0.13
666.25 0.09
668.24 0.29
670.24 0.28
672.24 4.82
674.25 0.19
676.24 26.57
678.25 1.0
680.24 0.54
682.22 26.65
684.24 3.03
686.24 0.1
688.22 11.47
690.25 0.18
692.24 0.4
694.25 0.65
696.64 0.36
699.71 7.17
701.54 7.86
703.21 6.55
704.84 7.78
706.22 0.84
708.24 7.49
710.24 10.66
712.24 14.36
714.25 0.35
716.42 0.01
718.24 0.2
720.24 0.37
722.25 1.29
724.24 0.16
726.25 0.21
728.24 1.68
730.22 4.63
732.24 2.42
734.24 15.39
736.24 0.1
738.25 0.47
740.24 1.97
742.24 17.69
744.24 7.73
746.24 0.02
748.24 0.09
750.24 0.09
752.24 0.69
754.22 4.45
756.24 0.08
758.24 2.05
760.24 16.15
762.76 0.01
764.5 13.69
766.5 0.52
768.5 1.65
770.48 6.38
772.48 0.76
774.5 0.81
776.5 0.98
778.5 5.86
780.5 0.36
782.5 0.7
784.5 11.39
786.5 0.37
788.5 0.41
790.5 0.27
792.28 0.01
794.5 13.55
796.48 13.55
798.5 0.3
800.5 0.72
802.48 4.46
804.48 12.47
806.48 0.98
808.5 2.77
810.5 1.29
812.51 0.54
814.48 0.98
816.5 0.27
818.5 0.7
820.5 4.53
822.5 7.56
824.5 2.69
826.48 2.75
828.5 2.98
830.48 0.49
832.5 2.89
834.48 0.27
836.48 0.06
838.48 1.86
840.5 6.09
842.5 0.36
844.49 1.31
846.65 0.22
848.57 4.87
850.5 6.55
852.48 6.36
854.5 7.32
856.5 7.67
858.5 8.4
860.5 0.47
862.5 3.27
864.5 0.53
866.5 0.14
868.5 8.79
870.54 0.95
872.5 2.99
874.48 0.14
876.48 0.31
878.48 0.56
880.5 0.8
882.48 0.42
884.5 0.94
886.48 5.21
888.44 0.02
890.63 5.36
893.02 1.51
894.59 1.09
896.5 0.16
898.4 0.37
900.5 0.25
902.48 1.58
904.5 3.18
906.5 0.19
908.5 0.25
910.5 0.16
912.5 4.56
914.5 0.03
