0.0 2.53
2.05 15.07
4.05 40.06
6.03 38.46
8.01 35.68
10.03 27.39
12.03 41.35
14.04 36.81
16.04 43.88
18.05 43.88
20.04 43.88
22.03 43.88
24.04 43.88
26.04 43.88
28.04 49.92
30.03 42.93
32.0 58.72
34.05 67.57
36.06 5.86
38.03 33.3
40.03 56.78
42.04 52.98
44.04 66.81
46.04 66.81
48.03 56.89
50.03 56.89
52.03 56.89
54.04 56.89
56.04 56.89
58.03 56.89
60.05 56.89
62.03 56.89
64.03 56.89
68.86 2.41
70.1 3.93
71.52 5.46
73.21 13.04
74.29 15.81
76.04 17.67
78.04 15.27
80.04 29.01
82.03 36.2
84.04 38.33
86.04 38.22
88.06 46.39
90.04 44.16
92.03 25.46
94.04 48.85
96.06 32.55
98.06 33.14
100.03 35.88
102.04 35.88
104.03 41.18
106.03 48.98
108.04 40.57
110.04 48.57
112.04 41.12
114.03 48.49
116.3 48.72
118.3 50.99
120.3 46.25
122.29 50.72
124.29 34.56
126.3 34.56
128.3 47.9
130.3 50.57
132.3 44.36
134.29 44.36
136.29 4.34
138.3 42.46
140.3 42.46
142.3 38.89
144.3 52.46
146.29 40.85
148.29 41.87
150.29 1.22
152.29 43.47
154.29 52.84
156.3 39.86
158.29 53.56
160.3 34.88
162.3 44.24
164.28 43.91
166.3 34.95
168.3 36.79
170.29 36.79
172.3 38.45
174.29 37.63
176.29 41.82
178.29 41.82
180.3 41.82
182.3 45.29
184.29 46.72
186.29 51.65
188.3 48.86
190.3 51.23
192.3 37.58
194.3 37.58
196.3 5.45
198.29 21.48
200.29 21.48
202.29 21.48
204.29 21.48
206.29 21.48
208.3 21.48
210.29 50.26
212.29 54.18
214.29 53.83
216.3 37.55
218.29 36.04
220.3 36.04
222.29 54.71
224.29 53.91
226.3 60.28
228.3 57.6
230.3 57.39
232.3 45.31
234.3 5.97
236.29 14.82
238.29 16.22
240.3 19.95
242.3 19.95
244.3 19.95
246.3 19.95
248.3 19.37
250.29 21.84
252.29 21.14
254.3 22.22
256.32 18.01
258.29 27.16
260.29 26.43
262.3 23.67
264.3 27.16
266.29 27.11
268.32 27.03
270.29 20.46
272.29 27.03
