0.0 18.15
1.52 13.46
3.54 19.74
5.52 16.53
7.52 15.32
9.52 15.32
11.52 16.11
13.42 19.69
15.52 22.01
17.52 20.47
19.52 17.24
21.52 8.8
23.52 21.53
25.52 15.02
27.52 23.48
29.52 16.38
31.52 21.53
33.52 20.63
35.52 24.72
37.52 18.29
39.52 23.13
41.52 1.99
43.52 21.16
45.5 18.38
47.5 20.06
49.52 15.5
51.52 21.01
53.52 3.69
55.52 18.39
57.52 23.24
59.5 20.81
61.5 5.9
63.5 23.12
65.52 19.84
67.52 21.14
69.52 22.9
71.52 8.55
73.52 22.26
75.52 16.32
77.52 18.57
79.5 23.87
81.52 5.52
83.52 22.24
85.52 22.1
87.51 14.43
89.5 20.11
91.52 0.25
93.51 24.45
95.51 20.62
97.52 23.33
99.5 17.36
101.52 18.25
103.52 22.31
105.52 15.19
107.52 14.1
109.52 11.57
111.51 19.48
113.52 18.42
115.5 16.2
117.52 15.92
119.52 17.59
121.52 16.45
123.5 20.67
125.51 14.39
128.0 9.13
130.0 8.66
132.01 19.0
133.99 16.2
136.52 8.75
138.52 22.87
140.5 2.66
142.52 14.6
144.5 21.38
146.52 8.86
148.5 20.39
150.5 24.11
152.52 23.84
154.52 14.26
156.52 11.53
158.46 18.35
160.52 19.65
162.52 22.54
164.52 17.38
166.5 8.96
168.5 19.41
170.5 24.68
172.52 16.66
174.52 18.57
176.52 13.3
178.52 16.68
180.52 21.15
182.38 17.53
184.51 17.03
186.52 20.41
188.52 17.19
190.5 22.53
192.5 15.12
194.51 19.06
196.5 12.57
198.51 19.25
200.52 14.63
202.52 18.25
204.51 14.33
206.43 3.99
208.52 20.48
210.5 18.44
212.52 21.23
214.5 22.15
216.5 6.23
218.52 20.39
220.5 15.09
222.5 23.31
224.5 24.53
226.5 22.11
228.5 23.69
230.5 14.58
232.52 16.14
234.52 17.6
236.52 9.24
238.5 21.81
240.5 19.71
242.5 19.71
244.51 19.71
246.51 9.04
248.5 23.26
250.51 20.2
252.5 18.44
254.51 12.22
256.52 0.88
258.52 20.94
260.52 15.03
262.51 20.72
264.5 5.56
266.5 2.89
268.52 15.61
270.5 19.03
272.52 12.72
274.5 19.78
276.5 14.18
278.52 20.28
280.5 23.88
282.52 18.99
284.5 8.85
286.51 22.74
288.5 14.26
290.5 17.06
292.94 18.45
294.52 11.25
296.5 0.57
298.5 18.45
300.52 20.04
302.5 20.82
304.5 10.48
306.5 1.54
308.5 17.3
310.51 21.48
312.51 21.36
314.5 15.84
316.5 18.98
318.5 11.45
320.5 15.33
322.51 18.01
324.5 11.53
326.5 22.31
328.76 11.91
330.76 15.33
332.76 20.58
334.76 26.38
336.76 17.0
338.76 8.38
340.64 25.48
342.76 21.31
344.76 17.35
346.76 0.24
348.76 19.8
350.76 17.68
352.76 19.34
354.76 25.17
356.76 0.22
358.79 16.37
360.76 23.16
362.76 12.91
364.63 21.11
366.76 24.05
368.76 3.73
370.76 18.35
372.76 19.37
374.76 21.31
376.76 10.16
378.76 23.18
380.76 24.41
382.76 19.57
384.76 17.96
386.76 11.98
388.63 14.44
390.76 20.33
392.76 22.02
394.76 18.26
396.76 8.49
398.76 22.52
400.76 22.52
402.76 16.35
404.76 24.05
406.76 9.05
408.76 16.64
410.76 12.08
412.64 24.23
414.76 22.32
416.78 3.42
418.76 17.27
420.78 17.78
422.76 20.61
424.76 15.13
426.78 19.77
428.76 22.31
430.78 17.07
432.76 20.33
434.76 19.85
436.68 7.28
438.76 0.78
440.76 12.8
442.76 17.58
444.76 4.36
446.76 9.95
448.76 4.63
450.76 17.49
452.76 12.52
454.76 19.72
456.76 11.48
458.76 20.42
460.76 12.07
462.76 21.57
464.76 23.52
466.76 23.4
468.76 21.82
470.76 13.03
472.76 15.74
474.76 19.37
476.76 15.08
478.76 21.55
480.76 8.63
482.76 20.5
484.68 17.67
486.76 12.63
488.76 17.13
490.76 16.6
492.76 20.44
494.76 10.74
496.76 7.85
498.76 22.3
500.76 15.4
502.76 19.77
504.76 19.96
506.76 17.52
508.76 22.41
510.75 17.96
512.76 20.72
514.76 21.48
516.76 6.5
518.75 18.77
520.76 11.13
522.76 19.51
524.74 23.13
526.76 14.11
528.74 20.14
530.76 24.26
532.75 17.69
534.75 14.48
536.76 14.48
538.76 17.29
540.76 18.71
542.76 18.23
544.76 23.02
546.76 7.41
548.76 14.76
550.76 11.49
552.76 19.12
554.76 19.33
556.76 5.32
558.76 17.43
560.76 16.8
562.76 25.22
564.76 20.45
566.76 3.9
568.76 16.85
570.76 21.68
572.76 24.32
574.76 9.67
576.76 5.76
578.99 20.39
581.02 17.77
583.0 9.0
585.0 19.86
587.0 9.59
589.0 19.88
591.0 23.33
593.01 20.22
595.0 2.35
597.0 8.95
599.0 15.49
601.0 6.3
603.0 19.64
605.0 20.88
607.0 5.95
609.0 20.71
611.0 20.71
613.0 14.1
615.0 16.18
617.0 12.6
619.0 11.93
621.0 13.53
623.0 18.11
625.0 8.39
627.0 10.69
629.0 11.27
631.0 0.73
633.0 8.96
635.0 4.9
637.0 7.13
639.0 7.66
641.0 7.66
643.02 11.0
645.03 11.57
647.0 6.35
649.0 6.35
651.0 9.67
653.0 4.97
655.0 14.52
657.0 12.96
659.0 10.85
661.0 15.54
663.0 19.49
665.0 11.13
667.0 4.55
669.0 19.62
671.0 12.17
673.02 20.83
675.0 16.75
677.02 15.54
679.0 0.05
681.0 11.08
683.0 10.26
685.0 14.01
687.0 2.46
689.0 14.44
691.0 14.27
693.0 18.56
695.0 21.98
697.0 19.78
699.0 23.34
701.0 19.27
703.0 0.04
705.02 22.51
707.02 0.69
709.0 20.33
711.0 21.67
713.0 9.57
715.0 15.27
717.0 24.12
719.0 17.04
721.04 24.87
722.99 6.06
725.0 21.97
726.99 12.76
729.0 19.31
731.0 12.91
733.0 12.08
735.0 14.74
737.0 7.73
739.0 14.18
741.0 11.99
743.0 16.61
745.03 19.34
747.0 11.26
749.0 3.63
751.0 19.8
753.0 6.55
755.02 10.04
757.01 10.42
759.0 5.33
