0.0 198.63
1.03 218.97
3.03 284.61
5.03 277.49
7.03 257.92
9.03 46.92
11.03 265.45
13.03 43.2
15.02 250.38
17.03 241.04
19.03 73.07
21.03 243.94
23.03 15.41
25.03 266.7
27.03 286.62
29.03 57.39
31.03 281.52
33.03 36.08
35.03 253.63
37.03 43.01
39.03 236.61
41.03 169.72
43.03 40.71
45.03 248.26
47.28 44.35
49.28 143.7
51.03 237.78
53.28 240.66
55.28 243.63
57.27 54.48
59.28 144.85
61.28 39.37
63.28 263.97
65.27 199.04
67.28 45.14
69.28 312.83
71.27 35.71
73.27 294.49
75.28 234.65
77.28 291.4
79.28 202.63
81.28 52.75
83.28 257.88
85.27 37.51
87.28 254.34
89.28 289.5
91.28 38.49
93.28 257.79
95.27 47.34
97.27 233.27
99.28 265.48
101.28 308.48
103.35 285.6
105.28 43.13
107.28 222.58
109.27 29.69
111.28 222.5
113.28 94.21
115.28 47.28
117.27 21.21
119.28 52.32
121.28 108.86
123.28 192.76
125.27 293.49
127.28 177.12
129.28 73.56
131.28 249.56
133.28 42.96
135.27 298.83
137.28 220.79
139.28 72.78
141.28 281.33
143.31 45.17
145.28 53.36
147.28 164.22
149.28 279.01
151.27 260.97
153.28 52.29
155.27 224.93
157.27 43.12
159.28 259.48
161.3 288.34
163.28 63.6
165.28 299.91
167.28 44.38
169.28 302.94
171.28 57.81
173.27 200.24
175.27 172.92
177.27 29.11
179.27 18.84
181.27 37.33
183.28 338.9
185.28 306.73
187.28 63.75
189.28 323.83
191.28 45.24
193.28 275.12
195.28 163.55
197.28 270.31
199.28 334.22
201.29 55.02
203.28 153.56
205.28 30.8
207.28 298.51
209.28 285.55
211.28 62.0
213.28 330.01
215.28 46.33
217.28 274.61
219.28 301.59
221.28 292.57
223.28 245.94
225.28 43.37
227.27 236.8
229.27 53.71
231.27 327.71
233.28 323.81
235.27 52.17
237.28 310.9
239.27 34.71
241.27 296.73
243.28 304.67
245.28 345.32
247.28 170.52
249.28 20.07
251.27 214.48
253.27 34.75
255.28 181.47
257.28 369.17
259.28 43.46
261.28 225.46
263.28 38.57
265.28 200.75
267.28 252.06
269.28 266.85
271.28 314.1
273.28 30.53
275.28 328.29
277.28 29.76
279.28 284.85
281.28 288.49
283.28 34.98
285.28 291.39
287.28 66.12
289.28 325.81
291.28 299.42
293.28 265.33
295.28 329.7
297.53 36.73
299.53 316.82
301.28 47.62
303.53 208.06
305.53 264.17
307.53 348.91
309.53 269.79
311.53 53.55
313.53 71.55
315.53 36.9
317.52 169.28
319.53 280.96
321.53 56.53
323.53 317.42
325.53 42.37
327.53 297.61
329.53 342.92
331.53 270.88
333.53 294.23
335.53 45.23
337.53 333.44
339.52 28.68
341.53 308.61
343.53 319.69
345.54 45.28
347.53 74.87
349.53 48.54
351.53 291.4
353.53 258.32
355.53 218.82
357.53 230.05
359.56 42.2
361.53 291.52
363.53 298.37
365.53 333.48
367.54 255.13
369.53 40.48
371.53 299.85
373.53 36.07
375.53 243.12
377.53 171.19
379.53 247.89
381.53 275.74
383.53 36.24
385.53 38.95
387.53 34.71
389.53 265.87
391.53 284.82
393.52 61.44
395.52 267.16
397.53 34.73
399.53 238.72
401.53 56.17
403.53 174.48
405.53 236.75
407.53 44.92
409.53 57.19
411.53 37.19
413.53 298.22
415.55 270.04
417.53 42.96
419.53 298.51
421.53 71.65
423.53 224.12
425.53 266.57
427.54 240.23
429.52 81.67
431.52 40.48
433.53 286.71
435.52 36.71
437.53 163.59
439.53 319.82
441.53 283.24
443.53 70.79
445.53 36.52
447.53 281.56
449.55 140.57
451.53 148.9
453.53 253.32
455.53 53.92
457.53 233.64
459.53 24.36
461.53 268.12
463.53 310.37
465.53 72.12
467.53 313.57
469.52 222.19
471.53 85.25
473.53 237.14
475.53 154.46
477.53 315.23
479.53 46.26
481.53 300.71
483.53 30.65
485.53 199.6
487.52 230.17
489.53 64.26
491.52 122.08
493.52 7.73
495.53 104.02
497.52 161.22
499.52 162.19
501.53 141.42
503.52 44.01
505.53 98.04
507.53 39.91
509.53 168.53
511.53 217.05
513.53 64.18
515.53 265.62
517.53 39.03
519.52 291.17
521.53 263.9
523.53 102.86
525.53 252.32
527.53 46.36
529.53 105.61
531.53 34.36
533.52 235.92
535.53 308.11
537.53 40.36
539.78 107.11
541.78 47.35
543.53 355.29
545.53 349.6
547.78 305.79
549.78 224.49
551.78 49.92
553.78 256.07
555.78 28.1
557.78 324.99
559.78 316.41
561.78 67.35
563.78 40.32
565.78 38.79
567.78 203.75
569.55 36.18
571.78 319.03
573.78 303.86
575.78 61.28
577.78 293.58
579.78 27.64
581.78 278.66
583.78 304.09
585.78 40.67
587.78 240.54
589.78 40.81
591.78 342.18
593.8 15.6
595.78 129.18
597.78 191.78
599.78 35.24
601.78 227.54
603.78 22.33
605.78 253.43
607.78 291.2
609.78 41.15
611.78 245.68
613.78 43.3
615.78 235.25
617.78 44.24
619.79 271.45
621.78 164.13
623.78 33.08
625.78 151.81
627.78 49.74
629.78 298.17
631.78 302.29
633.78 47.8
635.78 299.45
637.78 41.44
639.78 314.68
641.79 175.12
643.78 123.87
645.78 158.53
647.78 50.19
649.78 299.63
651.78 34.35
653.78 326.15
655.78 315.49
657.78 20.29
659.78 304.45
661.78 35.31
663.8 257.19
665.78 43.22
667.78 265.19
669.78 298.35
671.78 266.26
673.78 288.75
675.78 50.74
677.78 68.53
679.78 308.27
681.78 59.81
683.78 278.02
685.78 2.22
687.78 213.44
689.78 35.17
691.78 331.02
693.78 241.25
695.78 39.02
697.78 307.92
699.78 29.75
701.78 186.87
703.78 182.31
705.78 43.26
707.78 137.05
709.78 43.86
711.78 121.31
713.78 190.51
715.78 78.48
717.78 251.75
719.78 35.0
721.78 246.88
723.78 25.0
725.78 258.43
727.78 130.14
729.78 29.33
731.78 267.77
733.78 35.26
735.78 242.17
737.78 35.58
739.78 226.03
741.78 252.12
743.78 38.25
745.78 244.99
747.78 37.52
749.78 246.97
751.78 115.29
753.78 31.25
755.78 318.34
757.78 47.53
759.78 275.98
761.78 27.06
763.78 283.39
765.78 277.17
767.78 38.27
769.78 252.32
771.78 23.61
773.78 281.58
775.78 292.88
777.81 54.22
779.78 62.52
781.78 28.23
783.78 135.29
785.78 10.17
788.03 45.53
790.03 111.18
791.78 42.02
794.03 101.39
796.03 25.98
798.03 44.54
800.03 75.76
802.03 112.07
804.03 114.59
806.03 70.51
808.05 149.66
810.03 30.44
812.03 123.43
814.08 205.55
816.04 34.9
818.02 161.46
820.02 37.35
822.03 216.33
824.03 219.9
826.02 80.32
828.03 230.91
830.02 63.81
832.03 209.86
834.03 39.92
836.03 314.53
838.03 89.87
840.02 50.88
842.03 233.95
844.03 40.65
846.02 116.92
848.06 209.41
850.02 125.68
852.02 170.53
854.03 44.16
856.03 121.64
858.02 13.94
860.02 59.41
862.02 295.0
864.02 46.67
866.02 303.72
868.02 9.21
870.02 250.61
872.02 246.39
874.03 116.95
876.03 206.52
878.03 31.15
880.02 248.46
882.02 35.62
884.03 211.75
886.03 168.15
888.02 50.77
890.02 253.99
892.02 39.3
894.03 228.93
896.03 137.53
898.03 96.27
900.02 192.66
902.02 13.71
904.03 278.86
906.02 45.63
908.03 262.91
910.03 265.27
912.02 19.04
914.02 215.48
916.02 37.98
918.02 261.97
920.02 250.22
922.02 249.12
924.02 269.17
926.02 14.01
928.02 243.2
930.03 30.84
932.02 249.22
934.03 235.71
936.03 64.83
938.02 97.23
940.03 40.79
942.03 150.92
944.03 204.1
946.03 182.57
948.03 259.91
950.02 44.08
952.02 223.12
954.02 30.92
956.02 294.42
958.02 299.97
960.02 44.75
962.02 310.18
964.02 46.2
966.03 206.8
968.02 241.97
970.02 235.33
972.02 169.5
974.02 31.42
976.02 268.03
978.03 39.92
980.03 115.14
982.02 239.91
984.02 2.2
986.02 195.12
988.03 60.01
990.02 251.66
992.03 249.16
994.02 111.54
996.02 221.51
998.03 1.18
1000.02 218.18
1002.02 45.11
1004.02 294.59
1006.02 289.91
1008.02 60.07
1010.03 244.14
1012.02 42.27
1014.03 189.34
1016.03 268.77
1018.02 250.18
1020.02 262.83
1022.02 46.22
1024.03 213.0
1026.03 32.11
1028.02 284.11
1030.02 257.42
1032.03 46.25
1034.02 191.09
1036.03 58.18
1038.02 220.33
1040.03 264.53
1042.28 282.37
1044.27 225.43
1046.27 51.21
1048.28 166.9
1050.28 29.1
1052.28 289.03
1054.28 357.73
1056.28 367.75
1058.28 299.07
1060.28 49.63
1062.27 358.36
1064.04 25.04
1066.28 266.61
1068.28 278.56
1070.28 81.39
1072.28 324.08
1074.27 56.61
1076.28 303.17
1078.27 322.98
1080.28 318.96
1082.27 106.56
1084.27 41.93
1086.28 341.54
1088.28 34.15
1090.28 162.02
1092.28 292.08
1094.28 42.1
1096.28 288.14
1098.28 47.23
1100.36 332.0
1102.28 47.54
1104.28 159.54
1106.28 78.39
1108.27 49.7
1110.28 325.25
1112.27 34.16
1114.27 223.82
1116.27 321.59
1118.27 38.43
1120.28 277.54
1122.28 54.88
1124.28 277.95
1126.28 98.94
1128.27 40.39
1130.28 256.63
1132.28 34.11
1134.27 173.85
1136.28 9.89
1138.27 260.31
1140.28 204.75
1142.27 45.31
1144.28 265.31
1146.27 37.38
1148.27 215.81
1150.27 268.34
1152.27 193.65
1154.28 223.22
1156.28 48.05
1158.28 266.58
1160.28 37.12
1162.28 311.85
1164.27 284.77
1166.27 34.09
1168.27 285.39
1170.27 35.9
1172.27 315.72
1174.28 284.49
1176.28 280.04
1178.28 202.01
1180.28 39.86
1182.27 242.81
1184.28 53.11
1186.27 190.49
1188.27 174.86
1190.28 43.69
1192.27 237.94
1194.27 33.34
1196.28 198.27
1198.28 246.58
1200.28 54.71
1202.27 174.13
1204.27 65.58
1206.27 185.41
1208.28 28.22
1210.27 250.94
1212.27 297.98
1214.28 56.91
1216.27 316.69
1218.28 40.05
1220.28 227.62
1222.28 312.98
1224.28 62.25
1226.28 332.9
1228.28 249.25
1230.29 258.78
1232.27 37.2
1234.28 281.28
1236.27 352.76
1238.27 38.92
1240.27 319.68
1242.27 41.26
1244.28 285.26
1246.27 230.14
1248.27 51.23
1250.27 355.04
1252.27 33.02
1254.27 25.74
1256.27 172.79
1258.27 333.48
1260.28 298.5
1262.27 21.17
1264.28 303.69
1266.27 35.67
1268.31 211.0
1270.27 77.95
1272.28 284.92
1274.28 315.82
1276.27 33.96
1278.28 68.67
1280.27 41.46
1282.28 267.24
1284.28 295.08
1286.28 19.3
1288.27 272.08
1290.27 66.82
1292.27 275.26
1294.28 323.31
1296.53 63.77
1298.53 347.66
1300.52 46.21
1302.53 270.98
1304.52 32.79
1306.53 334.96
1308.52 285.34
1310.52 35.15
1312.52 211.81
1314.52 43.0
1316.52 285.6
1318.33 14.56
1320.52 153.23
1322.53 144.42
1324.52 50.92
1326.53 217.08
1328.52 42.49
1330.53 321.84
1332.52 299.72
1334.53 46.26
1336.52 320.66
1338.52 44.38
1340.52 304.87
1342.53 41.2
1344.53 290.16
1346.53 353.04
1348.52 49.73
1350.52 220.32
1352.53 41.85
1354.52 316.89
1356.52 269.85
1358.52 43.3
1360.52 324.05
1362.52 69.22
1364.52 211.12
1366.52 27.54
1368.52 254.0
1370.52 313.33
1372.53 34.77
1374.56 259.18
1376.52 32.61
1378.52 289.18
1380.52 170.45
1382.53 37.92
1384.53 133.2
1386.52 34.81
1388.52 363.53
1390.52 48.63
1392.52 331.4
1394.53 329.67
1396.52 46.26
1398.52 240.96
1400.52 30.17
1402.52 352.33
1404.52 310.95
1406.53 52.44
1408.52 263.9
1410.52 54.88
1412.52 210.62
1414.53 30.28
1416.52 253.04
1418.53 277.95
1420.52 41.38
1422.52 257.66
1424.53 31.82
1426.53 243.05
1428.52 301.99
1430.52 40.52
1432.53 263.58
1434.52 39.69
1436.53 304.48
1438.53 44.24
1440.52 233.65
1442.53 246.78
1444.52 69.65
1446.52 180.84
1448.52 25.01
1450.53 318.06
1452.52 197.66
1454.53 54.13
1456.52 310.32
1458.52 41.65
1460.52 233.75
1462.52 35.21
1464.52 304.87
1466.52 276.5
1468.52 36.18
1470.52 270.38
1472.52 34.49
1474.52 333.0
1476.52 252.52
1478.52 40.71
1480.53 357.78
1482.52 44.44
1484.53 302.45
1486.52 32.94
1488.52 132.15
1490.52 184.35
1492.52 38.67
1494.52 179.31
1496.53 33.11
1498.52 286.02
1500.52 197.61
1502.52 42.52
1504.52 259.96
1506.52 35.96
1508.53 205.36
1510.52 52.61
1512.53 194.62
1514.53 242.26
1516.53 39.0
1518.53 145.63
1520.52 32.37
1522.52 246.28
1524.52 218.89
1526.52 50.11
1528.53 223.13
1530.53 52.34
1532.53 268.61
1534.52 48.54
1536.52 284.57
1538.52 284.57
1540.52 48.55
1542.53 301.0
1544.53 47.16
1546.78 101.81
1548.78 306.42
1550.53 239.54
1552.53 290.66
1554.78 39.38
1556.78 276.74
1558.78 26.62
1560.78 134.5
1562.78 144.42
1564.78 32.05
1566.78 278.52
1568.78 66.34
1570.78 260.64
1572.78 270.24
1574.78 305.52
1576.78 267.37
1578.78 34.02
1580.78 306.22
1582.78 35.21
1584.78 261.84
1586.78 306.08
1588.78 47.49
1590.78 255.21
1592.79 50.96
1594.78 49.3
1596.77 220.64
1598.77 285.08
1600.78 231.26
1602.78 52.35
1604.78 161.98
1606.78 27.77
1608.78 288.3
1610.78 219.47
1612.78 50.93
1614.78 351.66
1616.78 28.15
1618.78 269.21
1620.78 330.92
1622.78 168.15
1624.78 218.09
1626.78 51.33
1628.78 139.68
1630.77 30.61
1632.78 162.66
1634.78 112.19
1636.78 60.9
1638.78 182.35
1640.78 44.45
1642.78 56.8
1644.78 148.22
1646.78 184.62
1648.78 224.74
1650.78 37.42
1652.78 141.43
1654.78 28.31
1656.78 236.01
1658.78 29.75
1660.78 37.09
1662.78 37.3
1664.78 34.04
1666.78 160.06
1668.77 197.78
1670.78 157.39
1672.78 211.47
1674.78 42.27
1676.78 272.31
1678.78 22.32
1680.77 94.66
1682.78 301.12
1684.78 38.13
1686.78 203.62
1688.78 39.64
1690.78 243.68
1692.78 245.34
1694.78 263.39
1696.78 296.31
1698.78 36.57
1700.77 269.1
1702.77 18.28
1704.78 289.67
1706.77 298.92
1708.77 71.69
1710.77 288.1
1712.78 36.54
1714.77 204.59
1716.77 309.32
1718.77 262.98
1720.78 288.67
1722.77 25.64
1724.78 280.6
1726.78 32.97
1728.77 201.01
1730.78 298.42
1732.78 29.91
1734.78 250.36
1736.78 35.75
1738.78 250.86
1740.78 205.33
1742.78 316.82
1744.77 53.87
1746.78 35.03
1748.77 228.03
1750.78 48.53
1752.77 129.95
1754.78 259.6
1756.77 7.75
1758.78 134.86
1760.78 33.97
1762.78 151.92
1764.78 245.95
1766.77 162.89
1768.78 87.37
1770.78 19.81
1772.77 174.61
1774.78 44.65
1776.78 170.6
1778.8 235.26
1780.78 25.29
1782.77 129.69
1784.78 32.1
1786.8 177.02
1788.78 73.77
1790.78 244.02
1792.78 255.85
1794.78 34.9
1797.02 102.55
1799.03 34.89
1800.78 118.79
1802.78 67.5
1804.78 14.38
1807.03 210.62
1809.03 48.05
1811.02 203.43
1813.02 42.45
1815.02 165.25
1817.02 114.25
1819.02 67.35
1821.02 45.52
1823.02 39.89
1825.03 249.12
1827.04 241.08
1829.02 7.8
1831.02 135.2
1833.05 23.46
1835.02 69.78
1837.02 17.27
1839.03 148.19
1841.03 11.54
1843.02 67.08
1845.02 101.3
1847.09 26.91
1849.02 88.28
1851.03 94.29
1853.03 94.35
1855.03 147.64
1857.03 15.86
1859.03 142.61
1861.03 44.09
1863.06 145.62
1865.02 44.02
1867.02 25.78
1869.03 152.11
1871.03 35.62
1873.03 33.48
1875.02 141.02
1877.03 137.27
1879.03 111.81
1881.02 65.66
1883.03 173.33
1885.02 69.27
1887.03 157.02
1889.02 137.11
1891.05 28.6
1893.02 49.83
1895.02 43.2
1897.02 194.06
1899.03 214.14
1901.02 177.53
1903.02 233.2
1905.02 29.13
1907.02 182.16
1909.02 47.4
1911.03 259.62
1913.02 236.49
1915.03 34.25
1917.02 44.41
1919.02 50.03
1921.02 293.36
1923.04 255.2
1925.02 58.41
1927.03 127.54
1929.02 68.96
1931.04 262.95
1933.03 48.62
1935.03 206.66
1937.03 222.59
1939.03 51.68
1941.02 39.97
1943.02 31.33
1945.03 270.72
1947.04 256.35
1949.02 10.19
1951.02 292.28
1953.02 28.72
1955.07 313.68
1957.02 35.55
1959.02 293.14
1961.03 297.27
1963.03 42.49
1965.02 277.01
1967.03 58.87
1969.02 222.31
1971.02 272.13
1973.02 283.93
1975.03 257.67
1977.02 45.33
1979.02 255.5
1981.02 73.04
1983.02 143.03
1985.02 85.41
1987.03 42.31
1989.03 81.45
1991.02 33.68
1993.02 235.68
1995.03 198.72
1997.02 202.46
1999.03 272.25
2001.02 47.47
2003.02 294.8
2005.03 36.38
2007.04 251.83
2009.03 115.41
2011.03 39.37
2013.02 175.51
2015.02 50.91
2017.02 229.06
2019.02 261.23
2021.02 184.53
2023.02 240.86
2025.02 37.33
2027.02 262.33
2029.03 27.53
2031.02 146.72
2033.02 161.73
2035.02 48.41
2037.02 253.24
2039.02 45.39
2041.02 263.82
2043.02 268.89
2045.02 242.27
2047.27 306.84
2049.27 40.56
2051.02 247.82
2053.28 29.46
2055.03 331.09
2057.27 339.87
2059.27 50.01
2061.28 295.76
2063.27 39.86
2065.28 95.58
2067.28 127.93
2069.28 182.1
2071.27 207.07
2073.27 42.46
2075.27 233.88
2077.27 38.09
2079.27 49.5
2081.27 76.17
2083.27 69.59
2085.28 216.76
2087.28 74.44
2089.28 268.34
2091.28 211.15
2093.27 262.9
2095.27 221.43
2097.27 33.93
2099.27 204.74
2101.27 46.31
2103.28 281.42
2105.27 281.42
2107.27 51.15
2109.27 70.18
2111.28 37.41
2113.27 81.3
2115.27 349.31
2117.27 298.21
2119.28 333.77
2121.27 34.59
2123.28 293.32
2125.28 22.99
2127.27 337.59
2129.27 350.39
2131.29 68.99
2133.27 207.29
2135.27 48.57
2137.27 193.95
2139.27 334.36
2141.27 272.56
2143.28 178.82
2145.27 49.66
2147.27 124.07
2149.27 50.98
2151.28 230.97
2153.27 150.69
2155.27 69.6
2157.27 190.02
2159.29 74.71
2161.27 168.87
2163.27 300.66
2165.27 369.77
2167.27 261.52
2169.27 69.91
2171.29 272.33
2173.27 49.79
2175.27 173.15
2177.27 289.91
2179.28 43.96
2181.27 50.04
2183.27 30.59
2185.27 265.5
2187.3 322.48
2189.27 111.61
2191.27 225.54
2193.27 52.22
2195.34 20.43
2197.27 33.35
2199.27 91.56
2201.27 91.56
2203.28 84.6
2205.27 30.02
2207.27 105.66
2209.27 144.07
2211.29 118.02
2213.27 45.26
2215.28 215.47
2217.27 31.31
2219.28 242.0
2221.27 30.97
2223.27 278.29
2225.27 250.88
2227.27 53.82
2229.27 282.57
2231.28 79.69
2233.27 94.58
2235.27 227.01
2237.28 311.08
2239.28 165.58
2241.27 15.81
2243.27 339.59
2245.28 36.79
2247.27 269.51
2249.27 245.19
2251.28 88.11
2253.27 78.42
2255.27 48.61
2257.27 290.41
2259.28 259.48
2261.27 66.17
2263.27 255.33
2265.27 48.61
2267.28 241.54
2269.27 44.2
2271.28 255.25
2273.27 300.13
2275.28 47.27
2277.27 110.72
2279.43 44.07
2281.27 225.83
2283.28 192.27
2285.27 87.32
2287.28 266.64
2289.27 36.3
2291.27 248.19
2293.27 37.78
2295.28 308.28
2297.52 3.44
2299.53 258.56
2301.52 292.44
2303.54 39.69
2305.52 97.91
2307.29 50.75
2309.52 203.01
2311.53 284.02
2313.52 15.01
2315.52 214.04
2317.52 54.75
2319.52 331.23
2321.52 306.42
2323.52 315.41
2325.52 344.12
2327.52 41.45
2329.52 205.55
2331.52 52.66
2333.52 315.47
2335.54 308.72
2337.52 75.31
2339.52 276.69
2341.52 50.7
2343.54 256.75
2345.52 125.1
2347.52 184.5
2349.52 249.41
2351.53 73.56
2353.52 25.15
2355.52 39.4
2357.52 248.98
2359.54 175.68
2361.52 36.32
2363.52 132.75
2365.52 47.62
2367.53 172.15
2369.52 67.92
2371.52 201.0
2373.52 239.53
2375.52 71.6
2377.52 251.72
2379.52 50.93
2381.52 153.29
2383.52 256.0
2385.53 48.93
2387.52 259.88
2389.52 24.16
2391.52 275.39
2393.52 129.12
2395.52 219.51
2397.52 188.8
2399.57 30.19
2401.53 122.45
2403.53 43.22
2405.52 296.96
2407.56 258.34
2409.53 25.92
2411.52 85.63
2413.53 43.28
2415.52 143.45
2417.52 167.37
2419.53 242.78
2421.52 49.21
2423.52 69.3
2425.52 253.06
2427.52 44.21
2429.52 178.46
2431.53 68.07
2433.52 14.17
2435.52 176.85
2437.52 0.95
2439.52 238.47
2441.52 320.1
2443.52 329.03
2445.52 320.18
2447.54 49.71
2449.52 56.79
2451.52 22.25
2453.52 288.04
2455.57 320.16
2457.52 24.61
2459.52 236.39
2461.52 40.25
2463.52 274.28
2465.52 266.63
2467.52 320.58
2469.52 327.22
2471.53 42.98
2473.52 120.34
2475.52 44.14
2477.52 259.45
2479.52 341.76
2481.52 41.47
2483.52 301.62
2485.52 29.62
2487.52 238.22
2489.52 285.82
2491.52 298.04
2493.52 298.07
2495.52 43.16
2497.52 263.83
2499.52 44.31
2501.52 294.51
2503.52 302.66
2505.53 29.48
2507.53 301.95
2509.52 47.42
2511.52 266.93
2513.52 301.49
2515.52 309.27
2517.52 209.74
2519.52 38.48
2521.52 323.77
2523.52 30.01
2525.52 245.97
2527.52 303.09
2529.52 48.46
2531.52 227.46
2533.52 35.63
2535.52 295.94
2537.52 311.16
2539.52 298.41
2541.77 269.73
2543.52 23.64
2545.52 207.76
2547.77 47.21
2549.77 316.85
2551.77 355.36
2553.78 45.12
2555.77 352.51
2557.77 39.09
2559.77 95.37
2561.55 7.97
2563.77 115.38
2565.77 116.78
2567.77 113.77
2569.77 105.54
2571.77 45.27
2573.77 176.28
2575.77 128.58
2577.77 25.93
2579.78 169.9
2581.77 36.84
2583.77 265.12
2585.77 35.07
2587.77 287.91
2589.78 315.56
2591.77 71.77
2593.77 314.65
2595.77 36.09
2597.77 204.3
2599.78 111.43
2601.78 46.45
2603.77 154.4
2605.77 29.41
2607.78 182.16
2609.77 51.11
2611.77 260.0
2613.77 270.12
2615.77 233.49
2617.77 109.17
2619.78 39.91
2621.78 293.35
2623.78 164.93
2625.77 317.74
2627.78 254.8
2629.77 37.04
2631.78 233.18
2633.78 33.24
2635.77 319.08
2637.77 307.13
2639.77 70.56
2641.77 323.77
2643.77 41.49
2645.77 268.6
2647.77 297.6
2649.77 44.02
2651.78 327.96
2653.77 61.44
2655.77 309.5
2657.77 31.1
2659.77 342.52
2661.78 317.6
2663.77 50.88
2665.77 351.64
2667.78 28.74
2669.77 275.81
2671.77 271.94
2673.77 27.98
2675.77 83.41
2677.78 38.79
2679.77 221.96
2681.77 50.73
2683.78 236.36
2685.78 278.38
2687.77 38.46
2689.77 276.27
2691.78 60.24
2693.77 161.57
2695.78 321.9
2697.78 322.53
2699.77 298.16
2701.78 45.52
2703.78 296.57
2705.77 35.98
2707.78 257.32
2709.77 336.44
2711.77 53.86
2713.78 298.19
2715.78 34.71
2717.78 262.51
2719.77 307.11
2721.77 53.02
2723.77 341.49
2725.77 14.13
2727.78 158.51
2729.77 37.1
2731.78 209.32
2733.77 312.91
2735.78 340.08
2737.78 34.52
2739.78 22.68
2741.78 75.01
2743.78 141.21
2745.78 244.29
2747.78 259.15
2749.77 43.91
2751.77 275.44
2753.78 26.91
2755.77 268.53
2757.78 279.25
2759.77 45.56
2761.78 309.42
2763.77 37.85
2765.77 345.55
2767.77 355.42
2769.77 33.83
2771.77 288.92
2773.77 32.79
2775.78 224.36
2777.77 56.34
2779.78 251.6
2781.78 283.28
2783.78 45.48
2785.78 73.84
2788.03 38.29
2790.02 269.28
2792.02 274.9
2793.78 233.7
2796.02 358.82
2798.02 32.36
2800.02 263.6
2802.02 45.32
2804.02 278.04
2806.02 341.48
2808.02 69.11
2810.03 198.03
2812.02 30.21
2814.02 254.85
2816.02 220.59
2818.02 270.36
2820.02 298.51
2822.02 41.61
2824.02 242.57
2826.02 32.41
2828.02 248.28
2830.02 188.67
2832.02 37.6
2834.02 140.48
2836.02 54.62
2838.02 268.01
2840.02 333.36
2842.02 298.76
2844.02 248.31
2846.02 66.99
2848.02 223.6
2850.02 32.43
2852.02 279.31
2854.03 292.9
2856.02 65.89
2858.02 294.38
2860.02 39.67
2862.02 346.07
2864.02 206.66
2866.02 273.8
2868.02 320.13
2870.02 53.82
2872.02 264.32
2874.02 38.57
2876.02 294.25
2878.03 302.03
2880.02 40.81
2882.02 339.63
2884.02 35.56
2886.02 315.59
2888.02 340.54
2890.02 336.57
2892.02 267.0
2894.02 31.69
2896.02 352.1
2898.02 39.97
2900.02 297.16
2902.02 237.52
2904.02 71.32
2906.02 219.46
2908.02 26.84
2910.02 269.63
2912.02 186.72
2914.02 161.56
2916.02 288.73
2918.02 43.56
2920.02 296.55
2922.02 30.5
2924.02 291.93
2926.02 308.59
2928.02 57.96
2930.02 293.08
2932.02 39.56
2934.02 346.8
2936.02 199.06
2938.02 362.97
2940.02 206.77
2942.02 47.66
2944.02 272.46
2946.02 33.65
2948.03 224.97
2950.02 315.36
2952.02 46.19
2954.03 303.73
2956.03 35.25
2958.02 151.12
2960.02 329.62
2962.02 66.92
2964.02 293.05
2966.02 51.09
2968.02 314.04
2970.02 26.57
2972.02 220.83
2974.02 0.91
2976.02 305.13
2978.02 232.01
2980.02 36.22
2982.02 304.81
2984.02 310.94
2986.02 290.44
2988.02 294.45
2990.02 28.77
2992.02 329.51
2994.02 19.41
2996.02 347.79
2998.02 211.28
3000.02 42.92
3002.02 295.1
3004.02 46.54
3006.02 328.47
3008.02 350.47
3010.02 363.39
3012.02 323.12
3014.02 51.27
3016.02 367.42
3018.02 18.48
3020.02 295.67
3022.02 314.7
3024.02 48.41
3026.02 270.95
3028.02 49.79
3030.02 356.09
3032.02 205.48
3034.03 286.71
3036.02 306.46
3038.02 48.63
3040.02 100.05
3042.02 36.53
3044.02 311.28
3046.27 264.21
3048.27 258.01
3050.27 233.08
3052.27 33.35
3054.27 281.71
3056.04 35.62
3058.27 271.78
3060.27 280.97
3062.27 38.1
3064.27 254.64
3066.27 44.1
3068.27 306.72
3070.27 323.15
3072.27 56.58
3074.27 342.38
3076.27 33.58
3078.27 332.87
3080.27 32.57
3082.27 189.54
3084.27 349.35
3086.27 347.08
3088.27 146.57
3090.27 37.55
3092.27 303.44
3094.27 141.71
3096.27 261.69
3098.27 232.53
3100.27 33.48
3102.27 298.68
3104.27 232.61
3106.27 316.73
3108.27 194.34
3110.27 44.94
3112.27 299.15
3114.27 42.55
3116.27 239.47
3118.27 243.32
3120.27 309.3
3122.27 169.43
3124.28 38.78
3126.27 274.88
3128.28 37.17
3130.27 106.94
3132.27 292.22
3134.27 51.38
3136.27 334.32
3138.27 38.69
3140.27 256.23
3142.27 315.29
3144.27 300.91
3146.27 314.21
3148.27 33.94
3150.27 257.4
3152.27 34.61
3154.27 267.05
3156.27 322.96
3158.27 47.7
3160.27 199.71
3162.27 25.63
3164.27 255.3
3166.27 274.71
3168.27 228.45
3170.27 328.34
3172.27 69.65
3174.27 286.49
3176.27 20.27
3178.27 337.11
3180.27 286.34
3182.28 35.85
3184.28 317.75
3186.27 36.39
3188.27 252.06
3190.27 194.08
3192.27 255.03
3194.27 326.07
3196.27 39.28
3198.27 312.37
3200.27 48.77
3202.27 262.54
3204.28 260.54
3206.28 50.13
3208.27 332.32
3210.27 44.31
3212.27 357.99
3214.27 299.27
3216.27 242.48
3218.28 271.16
3220.27 35.42
3222.27 248.79
3224.27 31.91
3226.27 240.53
3228.27 276.74
3230.27 43.23
3232.27 371.35
3234.27 42.63
3236.27 142.98
3238.27 342.1
3240.27 326.31
3242.27 306.56
3244.27 65.31
3246.27 313.55
3248.27 35.56
3250.27 157.98
3252.27 315.56
3254.27 16.49
3256.27 221.32
3258.27 38.38
3260.27 253.58
3262.27 329.97
3264.27 262.54
3266.27 322.44
3268.27 32.5
3270.27 325.54
3272.27 34.03
3274.27 287.79
3276.27 289.69
3278.27 39.82
3280.27 258.85
3282.27 30.8
3284.27 260.59
3286.27 298.27
3288.27 289.3
3290.27 303.03
3292.28 40.67
3294.27 250.1
3296.27 13.57
3298.52 188.08
3300.52 203.56
3302.52 40.08
3304.52 258.7
3306.52 32.6
3308.52 263.28
3310.3 37.18
3312.52 306.74
3314.52 218.99
3316.52 27.42
3318.52 130.82
3320.52 26.19
3322.52 154.38
3324.52 262.84
3326.52 222.38
3328.52 295.77
3330.52 59.27
3332.52 291.29
3334.52 44.02
3336.52 288.69
3338.52 275.62
3340.52 46.32
3342.52 131.56
3344.52 47.27
3346.52 148.01
3348.52 245.74
3350.52 40.15
3352.52 292.71
3354.52 37.93
3356.52 160.74
3358.52 49.6
3360.52 272.89
3362.52 275.2
3364.52 37.13
3366.52 230.58
3368.52 36.37
3370.52 186.17
3372.52 228.34
3374.52 64.59
3376.52 252.57
3378.52 41.86
3380.52 314.65
3382.52 31.72
3384.52 183.33
3386.52 209.07
3388.52 52.17
3390.52 240.21
3392.52 47.25
3394.52 279.21
3396.52 250.78
3398.52 44.01
3400.52 250.15
3402.52 34.2
3404.54 220.91
3406.52 26.64
3408.52 59.43
3410.52 174.34
3412.52 32.34
3414.52 167.45
3416.52 31.36
3418.52 129.25
3420.52 108.19
3422.52 47.64
3424.52 221.82
3426.52 46.1
3428.52 256.28
3430.52 16.51
3432.52 221.9
3434.52 217.02
3436.52 40.68
3438.52 235.09
3440.52 37.36
3442.52 294.52
3444.52 206.75
3446.52 56.46
3448.52 246.73
3450.52 39.91
3452.52 310.94
3454.52 44.37
3456.52 331.31
3458.52 335.57
3460.52 39.84
3462.52 305.6
3464.52 37.09
3466.52 280.33
3468.52 289.34
3470.52 39.84
3472.52 295.99
3474.52 35.82
3476.52 235.3
3478.52 42.19
3480.52 213.76
3482.52 283.91
3484.52 32.71
3486.52 301.33
3488.52 34.85
3490.52 232.44
3492.52 242.26
3494.53 50.02
3496.53 51.96
3498.53 44.84
3500.53 308.19
3502.53 50.15
3504.52 276.33
3506.53 294.6
3508.52 34.98
3510.52 108.91
3512.53 35.66
3514.52 199.83
3516.52 119.36
3518.53 170.03
3520.52 148.32
3522.52 33.84
3524.52 204.1
3526.52 34.88
3528.52 163.3
3530.52 146.73
3532.52 54.6
3534.52 261.28
3536.52 34.22
3538.52 276.26
3540.52 160.5
3542.52 42.32
3544.52 307.16
3546.52 36.52
3548.77 302.05
3550.77 63.73
3552.77 193.07
3554.52 288.42
3556.52 40.42
3558.78 181.74
3560.78 61.45
3562.77 321.86
3564.78 205.96
3566.77 266.39
3568.77 309.36
3570.77 33.73
3572.77 302.13
3574.77 19.1
3576.77 248.64
3578.77 109.97
3580.77 37.91
3582.77 346.16
3584.77 42.35
3586.77 85.85
3588.77 309.69
3590.78 344.21
3592.78 348.44
3594.77 35.85
3596.78 259.89
3598.77 33.96
3600.77 320.99
3602.77 337.02
3604.77 43.31
3606.78 156.5
3608.78 31.18
3610.77 146.46
3612.77 293.89
3614.77 57.0
3616.77 293.06
3618.77 37.69
3620.77 312.26
3622.77 28.7
3624.77 26.89
3626.77 220.52
3628.77 48.65
3630.77 229.58
3632.77 39.81
3634.78 276.72
3636.77 272.55
3638.77 264.1
3640.77 154.72
3642.77 53.49
3644.77 198.34
3646.77 34.71
3648.77 137.99
3650.77 222.71
3652.77 62.98
3654.77 224.51
3656.77 39.89
3658.77 122.62
3660.78 247.41
3662.77 45.39
3664.77 207.23
3666.77 33.43
3668.77 181.22
3670.77 47.22
3672.78 281.56
3674.77 267.13
3676.77 55.33
3678.77 270.86
3680.77 43.31
3682.77 110.01
3684.77 186.97
3686.77 214.96
3688.77 217.83
3690.77 49.77
3692.77 214.54
3694.77 47.4
3696.77 271.85
3698.77 276.8
3700.77 40.19
3702.77 214.97
3704.77 40.18
3706.77 246.92
3708.77 220.31
3710.77 259.36
3712.77 298.91
3714.77 30.26
3716.77 236.12
3718.77 39.91
3720.77 323.51
3722.78 343.1
3724.78 360.92
3726.77 208.46
3728.78 25.54
3730.77 188.93
3732.77 257.98
3734.77 326.28
3736.77 295.69
3738.78 59.74
3740.77 300.8
3742.78 0.78
3744.77 344.49
3746.77 237.3
3748.78 39.9
3750.77 275.91
3752.78 38.24
3754.77 320.77
3756.77 3.27
3758.77 261.06
3760.77 224.63
3762.77 66.77
3764.77 181.41
3766.77 36.16
3768.77 274.68
3770.77 227.26
3772.77 46.04
3774.77 257.08
3776.77 43.21
3778.77 310.22
3780.77 326.2
3782.77 367.51
3784.77 221.0
3786.77 66.84
3788.77 304.24
3790.77 35.06
3792.77 312.92
3794.77 135.63
3796.77 40.87
3799.02 109.52
3801.02 30.67
3802.77 179.31
3804.77 103.7
3806.77 220.18
3809.02 79.92
3811.02 43.29
3813.02 257.02
3815.02 51.24
3817.02 145.56
3819.02 283.38
3821.02 212.88
3823.02 288.16
3825.02 62.08
3827.02 336.43
3829.02 40.68
3831.02 242.03
3833.02 318.78
3835.02 41.98
3837.02 320.32
3839.02 64.57
3841.02 195.02
3843.02 313.71
3845.02 277.96
3847.02 242.47
3849.03 41.54
3851.02 149.45
3853.02 32.16
3855.02 247.6
3857.02 327.45
3859.02 41.46
3861.02 280.12
3863.02 42.76
3865.02 203.76
3867.02 310.47
3869.02 216.62
3871.02 297.17
3873.03 46.31
3875.02 171.13
3877.02 28.11
3879.02 321.97
3881.02 113.27
3883.02 51.27
3885.02 155.35
3887.02 38.19
3889.02 244.52
3891.02 188.54
3893.02 232.4
3895.02 256.34
3897.02 38.2
3899.02 207.1
3901.02 42.0
3903.02 258.9
3905.02 303.22
3907.02 50.87
3909.02 143.05
3911.02 41.22
3913.02 105.17
3915.02 168.39
3917.02 145.68
3919.02 180.09
3921.02 31.49
3923.02 94.42
3925.02 50.03
3927.02 206.43
3929.02 203.8
3931.02 39.07
3933.02 162.39
3935.02 30.78
3937.02 212.01
3939.02 247.8
3941.02 252.29
3943.02 287.37
3945.02 49.62
3947.02 279.68
3949.02 14.82
3951.02 153.2
3953.02 169.17
3955.02 49.81
3957.02 191.98
3959.02 36.27
3961.02 241.55
3963.02 281.57
3965.02 160.46
3967.02 269.55
3969.02 29.85
3971.02 308.23
3973.02 34.25
3975.02 304.99
3977.02 250.41
3979.02 19.63
3981.02 254.29
3983.02 25.39
3985.02 156.16
3987.02 262.98
3989.02 253.9
3991.02 211.12
3993.03 28.47
3995.02 291.18
3997.02 298.31
3999.02 235.12
4001.02 250.38
4003.02 32.36
4005.02 239.64
4007.02 20.29
4009.03 139.48
4011.02 155.08
4013.02 263.03
4015.02 275.61
4017.02 35.6
4019.02 233.92
4021.02 36.39
4023.02 206.16
4025.02 237.82
4027.02 48.72
4029.02 166.17
4031.02 51.13
4033.02 263.18
4035.02 288.64
4037.02 233.53
4039.02 278.53
4041.02 53.32
4043.02 172.9
4045.02 42.5
4047.02 238.28
4049.02 200.0
4051.27 46.14
4053.02 149.71
4055.27 57.25
4057.27 135.28
4059.27 131.73
4061.27 248.97
4063.27 203.15
4065.27 43.0
4067.27 240.79
4069.27 51.84
4071.27 191.55
4073.27 238.49
4075.27 54.24
4077.27 168.91
4079.27 43.47
4081.27 227.67
4083.27 193.84
4085.27 221.72
4087.27 21.07
4089.27 61.43
4091.28 213.46
4093.27 18.33
4095.27 239.6
4097.27 225.52
4099.27 60.14
4101.27 210.33
4103.27 38.7
4105.27 264.59
4107.27 159.33
4109.27 282.0
4111.27 147.85
4113.27 53.86
4115.27 213.99
4117.27 41.61
4119.27 192.12
4121.27 191.66
4123.27 47.34
4125.27 151.7
4127.27 49.43
4129.28 142.88
4131.27 89.47
4133.27 112.53
4135.27 221.04
4137.27 44.38
4139.27 277.66
4141.27 33.73
4143.27 116.27
4145.27 303.13
4147.27 52.48
4149.27 269.81
4151.27 39.91
4153.27 307.29
4155.27 332.66
4157.27 244.68
4159.28 202.18
4161.27 41.58
4163.27 243.09
4165.27 42.64
4167.27 280.75
4169.27 218.3
4171.27 46.31
4173.27 162.31
4175.27 42.12
4177.27 159.62
4179.27 166.67
4181.27 168.84
4183.27 185.43
4185.27 42.38
4187.27 221.82
4189.27 42.23
4191.27 282.72
4193.27 237.45
4195.27 56.09
4197.27 216.05
4199.27 46.3
4201.27 105.77
4203.27 316.65
4205.27 256.41
4207.27 298.47
4209.27 70.18
4211.27 301.31
4213.27 40.88
4215.27 297.43
4217.27 250.33
4219.27 49.17
4221.27 205.67
4223.27 31.71
4225.28 263.89
4227.27 309.32
4229.27 169.05
4231.27 250.36
4233.27 32.15
4235.27 303.14
4237.27 45.28
4239.27 280.5
4241.27 294.94
4243.27 62.26
4245.27 190.38
4247.27 49.42
4249.27 297.98
4251.27 279.98
4253.27 227.57
4255.27 245.56
4257.27 49.66
4259.27 290.14
4261.27 46.22
4263.27 174.24
4265.27 252.0
4267.27 68.0
4269.27 291.11
4271.27 35.77
4273.27 162.45
4275.27 274.73
4277.27 316.55
4279.27 179.51
4281.27 45.27
4283.27 187.76
4285.27 28.95
4287.27 239.98
4289.28 258.32
4291.27 47.61
4293.27 185.77
4295.27 43.33
4297.27 276.6
4299.27 225.63
4301.27 253.27
4303.52 290.73
4305.52 43.81
4307.52 266.21
4309.52 40.64
4311.52 303.9
4313.52 281.01
4315.52 183.61
4317.52 264.1
4319.52 51.41
4321.52 168.69
4323.52 49.77
4325.52 186.21
4327.52 298.9
4329.52 38.72
4331.52 335.26
4333.52 65.34
4335.52 320.56
4337.52 312.54
4339.52 305.31
4341.52 268.9
4343.52 65.86
4345.53 276.57
4347.52 42.23
4349.52 285.44
4351.52 198.8
4353.52 47.5
4355.52 306.3
4357.52 30.38
4359.52 179.27
4361.52 196.54
4363.52 197.45
4365.52 177.66
4367.53 45.05
4369.52 139.14
4371.52 28.37
4373.52 121.33
4375.52 133.76
4377.52 72.27
4379.52 161.16
4381.52 36.48
4383.52 188.07
4385.52 314.01
4387.52 118.09
4389.52 135.79
4391.52 38.59
4393.52 307.82
4395.52 43.31
4397.53 307.31
4399.52 201.1
4401.52 44.52
4403.52 327.33
4405.53 58.18
4407.52 169.69
4409.53 132.96
4411.52 61.71
4413.52 104.4
4415.52 40.57
4417.52 91.16
4419.52 25.52
4421.52 94.78
4423.52 112.45
4425.52 35.94
4427.52 190.95
4429.52 32.09
4431.53 255.51
4433.52 230.41
4435.52 183.48
4437.52 286.78
4439.52 45.25
4441.52 123.59
4443.52 41.62
4445.52 200.73
4447.52 200.98
4449.52 73.84
4451.52 243.01
4453.52 62.63
4455.52 108.06
4457.52 291.23
4459.52 278.85
4461.52 256.47
4463.52 51.2
4465.52 195.78
4467.52 34.46
4469.52 229.78
4471.52 266.74
4473.52 21.02
4475.52 106.02
4477.52 37.76
4479.52 141.88
4481.52 179.94
4483.52 178.83
4485.52 211.18
4487.52 69.89
4489.52 273.51
4491.52 39.36
4493.52 289.38
4495.52 334.27
4497.53 41.6
4499.52 246.86
4501.52 38.84
4503.52 129.9
4505.52 273.67
4507.52 287.75
4509.52 303.52
4511.52 55.71
4513.52 268.34
4515.52 47.32
4517.52 327.32
4519.52 278.49
4521.52 56.95
4523.52 284.04
4525.52 29.38
4527.52 283.68
4529.52 315.61
4531.52 141.87
4533.52 184.02
4535.52 43.53
4537.52 226.31
4539.77 48.42
4541.77 329.99
4543.53 248.68
4545.52 42.4
4547.52 306.28
4549.77 40.6
4551.77 314.23
4553.54 36.98
4555.77 299.36
4557.77 302.21
4559.77 43.71
4561.77 119.88
4563.77 45.25
4565.77 263.38
4567.77 269.32
4569.77 52.07
4571.77 281.94
4573.77 39.91
4575.78 252.53
4577.77 36.58
4579.77 183.7
4581.77 297.82
4583.77 47.58
4585.77 161.71
4587.81 35.15
4589.77 260.35
4591.77 288.32
4593.77 35.78
4595.77 256.43
4597.77 50.97
4599.77 253.65
4601.77 48.92
4603.77 245.4
4605.77 270.81
4607.77 39.78
4609.77 295.6
4611.77 44.36
4613.77 264.83
4615.77 284.21
4617.77 43.46
4619.77 212.21
4621.77 33.55
4623.77 271.43
4625.77 27.48
4627.77 289.69
4629.78 202.7
4631.77 56.09
4633.77 206.01
4635.77 32.84
4637.77 264.99
4639.77 265.15
4641.77 240.71
4643.77 210.14
4645.77 43.24
4647.77 205.85
4649.77 54.99
4651.77 134.05
4653.77 268.18
4655.77 36.71
4657.77 269.76
4659.77 49.78
4661.77 143.58
4663.77 271.85
4665.77 37.69
4667.77 199.22
4669.77 49.59
4671.77 146.72
4673.77 64.8
4675.77 35.24
4677.77 229.35
4679.77 33.76
4681.77 289.5
4683.77 30.29
4685.77 355.56
4687.77 361.55
4689.77 55.07
4691.77 185.77
4693.77 39.4
4695.77 202.71
4697.77 33.65
4699.77 266.98
4701.77 305.99
4703.77 30.72
4705.77 90.69
4707.77 44.2
4709.77 279.04
4711.77 297.06
4713.77 295.39
4715.77 204.72
4717.77 31.87
4719.77 186.43
4721.77 25.19
4723.77 130.67
4725.77 226.19
4727.77 34.12
4729.77 241.04
4731.77 28.12
4733.77 120.76
4735.77 274.92
4737.77 297.43
4739.77 270.73
4741.77 32.37
4743.77 272.09
4745.77 40.78
4747.77 113.19
4749.77 163.2
4751.77 48.13
4753.77 197.61
4755.77 36.92
4757.77 110.63
4759.77 220.36
4761.77 56.2
4763.77 275.59
4765.77 70.82
4767.77 98.4
4769.77 28.38
4771.77 176.43
4773.77 239.27
4775.77 51.1
4777.77 284.42
4779.78 32.5
4781.77 307.97
4783.77 233.82
4785.77 151.17
4787.77 116.62
4789.77 62.42
4792.02 314.83
4794.02 53.9
4796.02 259.36
4798.02 98.6
4800.02 61.55
4802.02 160.48
4804.02 38.35
4806.02 363.06
4808.02 315.42
4810.02 267.37
4812.02 296.43
4814.02 43.32
4816.02 307.48
4818.02 45.27
4820.02 327.28
4822.02 363.37
4824.02 63.66
4826.02 247.8
4828.02 31.38
4830.02 117.19
4832.02 234.94
4834.02 309.33
4836.02 322.57
4838.02 50.8
4840.02 285.4
4842.02 36.77
4844.02 146.78
4846.02 273.12
4848.02 34.26
4850.02 201.85
4852.02 39.02
4854.02 152.54
4856.02 241.55
4858.02 208.27
4860.02 133.02
4862.02 29.29
4864.02 258.2
4866.02 40.41
4868.02 204.27
4870.02 261.83
4872.02 33.68
4874.02 275.53
4876.02 49.91
4878.02 268.93
4880.02 273.05
4882.02 127.57
4884.02 293.61
4886.02 43.42
4888.02 181.96
4890.02 30.29
4892.02 228.48
4894.02 232.39
4896.02 37.06
4898.02 266.67
4900.02 27.67
4902.02 244.67
4904.02 254.25
4906.02 235.05
4908.02 283.26
4910.02 35.79
4912.02 302.1
4914.02 35.34
4916.02 324.74
4918.02 332.05
4920.02 41.15
4922.02 277.15
4924.02 54.62
4926.02 256.63
4928.02 345.66
4930.02 340.89
4932.02 211.8
4934.02 36.72
4936.02 225.9
4938.02 27.06
4940.02 276.47
4942.02 316.39
4944.02 25.31
4946.02 282.76
4948.02 30.99
4950.02 172.26
4952.02 143.77
4954.02 207.87
4956.02 274.17
4958.02 76.98
4960.02 250.18
4962.02 40.39
4964.02 355.16
4966.02 239.1
4968.04 57.7
4970.02 201.07
4972.02 38.58
4974.02 256.66
4976.02 232.33
4978.02 283.41
4980.02 283.13
4982.02 40.73
4984.02 281.2
4986.02 37.41
4988.02 116.87
4990.02 175.74
4992.02 44.36
4994.02 261.38
4996.02 40.35
4998.02 265.03
5000.02 284.1
5002.02 263.19
5004.02 277.07
5006.02 36.93
5008.02 275.19
5010.02 39.61
5012.02 292.47
5014.02 309.64
5016.02 69.83
5018.02 194.73
5020.02 54.33
5022.02 182.1
5024.02 191.67
5026.02 266.7
5028.02 152.93
5030.02 18.51
5032.03 296.49
5034.02 72.78
5036.02 257.14
5038.02 146.98
5040.02 52.81
5042.02 240.17
5044.02 47.5
5046.02 231.52
5048.04 49.74
5050.27 40.2
5052.27 136.25
5054.27 40.64
5056.27 240.34
5058.27 63.68
5060.27 221.16
5062.27 183.65
5064.27 271.36
5066.27 231.57
5068.27 70.0
5070.27 257.36
5072.27 21.79
5074.27 257.7
5076.27 275.56
5078.27 42.22
5080.27 261.86
5082.27 44.28
5084.27 176.52
5086.27 3.39
5088.27 65.32
5090.33 179.14
5092.27 41.34
5094.27 198.15
5096.27 33.92
5098.27 188.77
5100.27 215.68
5102.27 47.32
5104.27 144.36
5106.27 23.11
5108.27 200.96
5110.27 160.24
5112.27 108.43
5114.27 227.05
5116.27 35.8
5118.27 255.75
5120.27 52.56
5122.27 169.29
5124.27 281.01
5126.27 36.85
5128.27 69.95
5130.27 37.13
5132.27 207.12
5134.27 284.82
5136.27 273.5
5138.27 314.65
5140.27 48.23
5142.27 163.53
5144.27 45.18
5146.27 190.34
5148.27 227.47
5150.27 41.48
5152.27 279.85
5154.27 30.49
5156.27 312.42
5158.27 141.13
5160.27 321.65
5162.27 327.26
5164.27 32.41
5166.27 275.83
5168.27 43.3
5170.27 275.34
5172.27 292.3
5174.27 43.25
5176.27 294.35
5178.27 1.08
5180.27 249.24
5182.27 276.56
5184.27 319.6
5186.27 291.16
5188.27 29.01
5190.27 147.28
5192.27 36.37
5194.27 270.17
5196.27 212.83
5198.27 40.04
5200.27 288.78
5202.27 44.06
5204.27 324.67
5206.27 340.49
5208.27 60.16
5210.27 393.76
5212.27 32.23
5214.27 305.2
5216.27 28.79
5218.27 317.42
5220.27 251.74
5222.27 39.57
5224.27 251.62
5226.27 48.61
5228.27 302.73
5230.27 263.03
5232.27 33.65
5234.27 301.3
5236.27 45.39
5238.27 263.83
5240.27 36.78
5242.27 248.64
5244.27 236.7
5246.27 43.16
5248.27 254.16
5250.27 35.89
5252.27 144.85
5254.27 229.5
5256.27 196.94
5258.27 224.32
5260.27 30.86
5262.27 129.07
5264.27 35.96
5266.27 158.19
5268.27 175.13
5270.27 42.5
5272.27 156.95
5274.27 37.43
5276.27 253.16
5278.27 88.47
5280.27 264.29
5282.27 273.9
5284.27 12.19
5286.27 239.54
5288.27 34.76
5290.27 284.93
5292.27 178.09
5294.27 49.06
5296.27 278.53
5298.52 39.18
5300.28 176.18
5302.29 71.55
5304.27 314.32
5306.52 313.85
5308.52 36.19
5310.52 323.89
5312.52 43.22
5314.52 331.54
5316.52 290.65
5318.52 28.15
5320.52 282.17
5322.52 41.53
5324.52 164.84
5326.52 47.28
5328.52 195.39
5330.52 257.82
5332.52 41.48
5334.52 235.37
5336.52 58.77
5338.52 133.32
5340.52 301.35
5342.52 47.18
5344.52 256.84
5346.52 38.32
5348.52 264.35
5350.52 47.34
5352.52 281.61
5354.52 314.66
5356.52 44.2
5358.52 168.0
5360.52 48.65
5362.52 280.49
5364.52 271.53
5366.52 67.19
5368.52 198.75
5370.52 31.0
5372.52 237.64
5374.52 34.43
5376.52 234.29
5378.52 239.0
5380.52 37.14
5382.52 199.65
5384.52 43.43
5386.52 245.79
5388.52 290.25
5390.52 79.69
5392.53 60.46
5394.52 70.78
5396.52 268.04
5398.52 36.05
5400.52 245.53
5402.52 94.54
5404.52 44.01
5406.52 284.59
5408.52 32.63
5410.52 303.01
5412.52 323.17
5414.52 64.71
5416.52 312.81
5418.52 27.99
5420.52 292.39
5422.52 28.82
5424.52 224.19
5426.52 312.56
5428.52 28.61
5430.52 197.04
5432.52 43.11
5434.52 322.0
5436.52 86.15
5438.52 43.34
5440.52 178.3
5442.52 321.24
5444.52 312.29
5446.52 42.92
5448.52 234.07
5450.52 287.47
5452.52 45.03
5454.52 277.06
5456.52 21.83
5458.52 258.88
5460.52 250.07
5462.52 45.32
5464.52 241.39
5466.52 61.27
5468.52 270.16
5470.52 40.67
5472.52 215.75
5474.52 290.87
5476.52 48.95
5478.52 332.43
5480.52 29.53
5482.52 299.49
5484.52 339.53
5486.52 50.95
5488.52 217.23
5490.52 31.33
5492.52 141.74
5494.52 54.28
5496.53 226.52
5498.52 106.32
5500.52 33.36
5502.52 230.17
5504.52 52.22
5506.52 275.54
5508.52 184.9
5510.52 51.63
5512.52 306.59
5514.52 40.68
5516.52 285.29
5518.52 34.44
5520.54 293.1
5522.52 154.21
5524.52 49.75
5526.52 260.87
5528.52 38.71
5530.52 186.14
5532.52 230.07
5534.52 58.16
5536.52 324.06
5538.52 39.96
5540.53 96.98
5542.52 0.75
5544.52 157.2
5546.52 343.54
5548.77 17.72
5550.52 242.03
5552.52 24.06
5554.52 277.84
5556.52 210.97
5558.77 45.23
5560.78 252.43
5562.77 46.35
5564.77 177.21
5566.77 49.75
5568.77 189.56
5570.77 164.62
5572.77 55.41
5574.77 253.19
5576.77 63.38
5578.77 227.62
5580.77 221.15
5582.77 198.29
5584.77 233.79
5586.77 34.16
5588.78 204.53
5590.77 52.17
5592.77 293.34
5594.77 218.44
5596.77 33.68
5598.77 269.21
5600.77 50.71
5602.77 235.16
5604.77 222.67
5606.77 249.72
5608.77 164.86
5610.77 178.2
5612.77 258.35
5614.77 38.01
5616.77 224.72
5618.77 170.8
5620.77 44.9
5622.77 227.9
5624.79 38.29
5626.77 244.77
5628.77 286.47
5630.77 54.16
5632.77 295.49
5634.77 47.58
5636.77 185.05
5638.77 31.35
5640.77 269.55
5642.77 261.79
5644.77 63.57
5646.77 264.73
5648.79 38.24
5650.77 99.34
5652.77 242.71
5654.77 223.56
5656.77 281.26
5658.77 40.8
5660.77 1.23
5662.77 43.02
5664.77 133.1
5666.77 109.85
5668.77 46.67
5670.77 24.01
5672.77 44.25
5674.77 151.93
5676.77 239.06
5678.77 248.66
5680.77 265.0
5682.77 38.85
5684.77 189.62
5686.77 57.72
5688.77 233.23
5690.77 112.4
5692.77 47.72
5694.77 249.05
5696.77 36.32
5698.77 286.63
5700.77 287.14
5702.77 310.04
5704.77 306.62
5706.77 43.1
5708.77 264.15
5710.77 50.95
5712.77 229.84
5714.77 261.49
5716.77 34.23
5718.77 237.7
5720.79 33.16
5722.77 110.92
5724.77 293.41
5726.77 244.16
5728.77 280.5
5730.77 35.48
5732.77 185.13
5734.77 46.83
5736.77 310.54
5738.77 199.63
5740.77 36.89
5742.77 142.16
5744.77 34.11
5746.77 43.17
5748.77 98.89
5750.77 28.39
5752.78 124.87
5754.77 22.9
5756.77 102.35
5758.77 74.56
5760.77 186.66
5762.77 236.26
5764.77 39.02
5766.77 124.27
5768.77 30.6
5770.77 125.43
5772.77 141.07
5774.77 135.17
5776.77 233.7
5778.77 41.9
5780.77 251.88
5782.77 36.57
5784.77 229.35
5786.77 284.72
5788.77 43.0
5790.77 251.01
5792.77 50.13
5794.77 300.33
5796.77 184.0
5799.02 39.74
5801.02 195.24
5803.02 25.03
5804.77 171.33
5806.77 20.79
5809.02 72.78
5811.02 161.18
5813.02 107.57
5815.02 204.38
5817.02 40.73
5819.02 228.86
5820.84 9.4
5823.02 69.93
5825.02 218.93
5827.02 46.38
5829.06 157.36
5831.02 46.5
5833.02 236.05
5835.02 220.52
5837.02 172.07
5839.02 170.14
5841.02 33.88
5843.02 186.51
5845.02 243.43
5847.02 276.34
5849.02 190.96
5851.02 27.25
5853.02 134.0
5855.02 24.32
5857.02 89.67
5859.02 158.02
5861.02 181.69
5863.02 209.81
5865.02 40.52
5867.02 183.34
5869.02 26.92
5871.02 208.55
5873.02 252.2
5875.02 38.82
5877.02 246.86
5879.02 32.9
5881.03 197.42
5883.02 101.55
5885.02 225.25
5887.02 249.15
5889.02 39.01
5891.02 211.2
5893.02 43.92
5895.02 260.09
5897.02 243.08
5899.02 45.24
5901.02 282.51
5903.02 31.07
5905.03 247.24
5907.02 118.66
5909.02 242.67
5911.02 187.6
5913.02 43.04
5915.02 210.82
5917.02 40.69
5919.02 315.84
5921.02 290.57
5923.02 43.22
5925.02 252.91
5927.02 33.31
5929.02 289.43
5931.02 222.84
5933.02 263.99
5935.02 265.18
5937.02 44.19
5939.02 278.66
5941.02 26.65
5943.02 327.92
5945.02 311.41
5947.02 33.38
5949.02 369.96
5951.02 49.74
5953.02 315.33
5955.02 335.4
5957.02 147.84
5959.02 263.8
5961.02 40.5
5963.02 229.9
5965.02 35.62
5967.02 266.26
5969.02 161.57
5971.02 44.29
5973.02 278.26
5975.02 36.6
5977.02 248.63
5979.02 199.67
5981.03 69.44
5983.02 301.91
5985.02 36.16
5987.02 273.3
5989.02 50.53
5991.02 304.72
5993.02 230.44
5995.02 34.89
5997.02 333.53
5999.02 33.82
6001.02 290.73
6003.02 322.86
6005.02 276.73
6007.02 115.82
6009.02 23.2
6011.02 269.65
6013.02 22.81
6015.02 161.34
6017.02 161.34
6019.02 14.47
6021.02 255.31
6023.02 35.64
6025.02 252.38
6027.02 319.99
6029.02 48.16
6031.02 256.32
6033.02 24.46
6035.02 206.0
6037.02 27.16
6039.02 228.72
6041.02 204.32
6043.02 36.71
6045.02 285.91
6047.02 17.1
6049.02 114.36
6051.27 315.3
6053.02 158.76
6055.27 289.75
6057.27 38.62
6059.27 308.71
6061.27 48.45
6063.27 321.99
6065.27 278.25
6067.27 41.82
6069.27 210.63
6071.28 51.57
6073.27 137.27
6075.04 42.69
6077.27 58.61
6079.31 78.95
6081.27 31.49
6083.27 76.2
6085.27 60.13
6087.27 141.88
6089.27 155.31
6091.27 74.13
6093.27 181.37
6095.27 52.51
6097.27 203.75
6099.27 196.65
6101.27 104.43
6103.27 213.16
6105.27 35.86
6107.27 256.19
6109.27 29.8
6111.27 251.21
6113.27 278.1
6115.27 47.92
6117.27 239.26
6119.27 39.87
6121.27 219.17
6123.27 41.5
6125.27 230.4
6127.27 299.22
6129.27 40.77
6131.27 219.97
6133.27 34.15
6135.27 269.03
6137.27 295.3
6139.27 42.49
6141.27 241.84
6143.27 50.51
6145.27 159.23
6147.27 237.88
6149.27 259.06
6151.27 230.86
6153.27 38.71
6155.27 208.75
6157.27 41.43
6159.27 254.84
6161.27 227.64
6163.27 32.73
6165.27 277.91
6167.27 33.87
6169.27 196.45
6171.27 238.16
6173.27 267.42
6175.27 250.67
6177.27 56.75
6179.27 127.61
6181.27 30.33
6183.27 115.99
6185.27 88.14
6187.27 51.0
6189.27 143.54
6191.27 52.83
6193.27 178.71
6195.27 170.48
6197.27 206.06
6199.27 116.76
6201.27 61.84
6203.29 89.42
6205.27 0.84
6207.27 203.38
6209.27 209.17
6211.27 77.03
6213.27 222.07
6215.27 25.12
6217.27 176.15
6219.27 191.71
6221.27 254.34
6223.27 264.92
6225.27 46.31
6227.27 249.44
6229.27 57.73
6231.27 265.19
6233.27 225.32
6235.27 34.97
6237.27 102.04
6239.27 53.94
6241.27 210.72
6243.28 227.15
6245.27 60.63
6247.27 256.46
6249.27 42.22
6251.27 222.86
6253.27 50.89
6255.27 270.87
6257.27 252.43
6259.27 51.33
6261.27 244.98
6263.27 47.23
6265.27 226.19
6267.27 37.32
6269.27 171.19
6271.34 194.74
6273.27 40.45
6275.27 228.76
6277.27 36.13
6279.27 148.56
6281.27 218.3
6283.27 68.31
6285.27 238.37
6287.27 212.1
6289.27 280.79
6291.28 276.79
6293.52 120.76
6295.27 316.38
6297.27 37.21
6299.52 292.45
6301.52 37.61
6303.52 161.06
6305.52 64.8
6307.52 65.0
6309.52 204.44
6311.52 48.63
6313.52 240.12
6315.29 25.09
6317.52 125.11
6319.52 262.79
6321.52 55.5
6323.55 238.38
6325.52 52.94
6327.52 197.56
6329.52 140.49
6331.52 200.17
6333.52 267.27
6335.52 70.34
6337.52 301.75
6339.52 32.13
6341.52 278.79
6343.52 229.23
6345.54 46.1
6347.52 239.9
6349.54 36.97
6351.52 269.64
6353.52 292.85
6355.52 200.34
6357.52 284.28
6359.52 0.81
6361.52 194.43
6363.52 23.48
6365.52 248.55
6367.52 282.44
6369.52 39.78
6371.52 195.29
6373.52 44.31
6375.52 276.03
6377.52 293.79
6379.52 240.11
6381.52 305.85
6383.52 38.21
6385.52 299.93
6387.52 34.74
6389.52 254.13
6391.52 254.35
6393.52 47.46
6395.52 242.71
6397.52 41.16
6399.52 71.81
6401.52 182.96
6403.53 261.71
6405.52 280.75
6407.52 35.53
6409.52 123.42
6411.52 33.43
6413.52 268.66
6415.52 218.11
6417.52 279.1
6419.52 278.41
6421.52 38.58
6423.52 225.72
6425.52 194.63
6427.52 43.96
6429.52 212.22
6431.52 49.34
6433.6 82.12
6435.52 40.67
6437.52 206.74
6439.52 172.02
6441.52 56.08
6443.52 240.29
6445.52 14.07
6447.52 231.95
6449.52 262.02
6451.52 315.57
6453.52 287.23
6455.52 45.32
6457.52 193.93
6459.52 40.81
6461.52 293.79
6463.53 248.48
6465.52 30.58
6467.52 272.88
6469.52 32.02
6471.52 202.53
6473.52 272.89
6475.52 174.45
6477.52 223.5
6479.52 255.4
6481.52 266.76
6483.52 29.02
6485.52 315.62
6487.52 188.57
6489.52 37.26
6491.52 299.78
6493.52 39.88
6495.52 259.14
6497.52 261.14
6499.52 325.58
6501.52 141.05
6503.52 78.29
6505.52 211.15
6507.52 33.57
6509.52 257.94
6511.52 230.69
6513.52 35.39
6515.52 281.81
6517.52 40.81
6519.52 286.51
6521.52 169.15
6523.52 296.83
6525.53 270.88
6527.52 48.6
6529.52 291.27
6531.52 10.79
6533.52 117.55
6535.52 330.14
6537.52 45.25
6539.52 292.59
6541.77 42.11
6543.52 210.7
6545.52 277.03
6547.52 126.88
6549.77 297.42
6551.78 24.28
6553.77 17.98
6555.77 65.3
6557.77 190.73
6559.78 189.8
6561.77 11.55
6563.77 266.48
6565.77 23.06
6567.77 234.93
6569.54 19.19
6571.77 258.42
6573.78 208.32
6575.77 41.17
6577.77 287.55
6579.77 38.04
6581.77 276.07
6583.77 278.78
6585.77 47.4
6587.77 275.44
6589.77 12.06
6591.78 180.63
6593.77 30.15
6595.77 255.8
6597.77 248.53
6599.77 21.47
6601.77 260.73
6603.77 39.61
6605.77 279.36
6607.77 289.13
6609.77 72.27
6611.77 266.67
6613.77 52.23
6615.77 332.56
6617.77 33.18
6619.77 185.15
6621.77 255.19
6623.77 48.46
6625.77 274.71
6627.77 10.55
6629.77 283.71
6631.77 186.86
6633.77 23.35
6635.77 102.26
6637.77 32.35
6639.77 184.06
6641.77 36.27
6643.77 230.1
6645.77 206.37
6647.77 36.42
6649.77 252.83
6651.77 14.13
6653.77 75.99
6655.77 190.66
6657.77 32.97
6659.77 132.82
6661.77 49.93
6663.77 250.68
6665.77 27.35
6667.77 289.6
6669.77 270.84
6671.77 35.51
6673.77 190.56
6675.77 43.43
6677.77 288.8
6679.77 271.86
6681.77 75.3
6683.77 292.65
6685.77 35.45
6687.77 268.28
6689.77 34.23
6691.77 272.03
6693.77 253.87
6695.77 17.6
6697.77 213.82
6699.77 37.16
6701.77 294.56
6703.77 254.36
6705.77 58.14
6707.77 247.8
6709.77 36.18
6711.77 274.55
6713.77 31.17
6715.77 235.24
6717.77 205.16
6719.77 18.34
6721.77 283.28
6723.77 24.23
6725.77 184.78
6727.77 303.24
6729.77 50.96
6731.77 234.52
6733.77 34.51
6735.77 262.5
6737.77 31.34
6739.77 179.15
6741.77 228.35
6743.77 79.39
6745.77 212.11
6747.77 32.53
6749.78 165.6
6751.77 176.38
6753.77 36.5
6755.77 95.68
6757.77 44.25
6759.78 195.25
6761.77 29.35
6763.81 259.1
6765.77 46.75
6767.77 34.58
6769.77 258.76
6771.77 35.52
6773.77 201.08
6775.77 216.56
6777.77 45.24
6779.77 239.89
6781.77 28.25
6783.77 28.25
6785.77 33.71
6787.77 258.22
6789.77 128.37
6791.77 44.18
6793.77 177.65
6796.02 35.39
6798.02 316.54
6800.02 201.28
6802.02 55.65
6804.02 191.74
6806.02 55.78
6808.02 213.29
6810.02 43.25
6812.02 279.02
6814.02 318.81
6816.02 45.25
6818.02 285.13
6820.02 0.19
6822.02 240.1
6824.02 168.1
6826.02 223.34
6828.02 312.44
6830.02 42.47
6832.02 277.73
6834.02 26.35
6836.02 318.3
6838.02 231.35
6840.02 51.03
6842.02 223.27
6844.02 29.76
6846.02 182.7
6848.02 174.55
6850.02 60.73
6852.02 104.84
6854.03 42.55
6856.02 204.18
6858.02 43.29
6860.02 209.95
6862.02 216.69
6864.02 48.94
6866.02 255.43
6868.02 26.06
6870.02 224.81
6872.02 174.84
6874.02 269.52
6876.02 276.41
6878.02 46.35
6880.02 126.81
6882.02 41.68
6884.02 249.17
6886.02 208.68
6888.02 52.39
6890.02 244.04
6892.02 37.84
6894.02 270.8
6896.02 303.84
6898.02 218.33
6900.02 316.57
6902.02 47.64
6904.02 86.9
6906.02 32.15
6908.02 157.4
6910.02 204.83
6912.02 231.36
6914.02 117.6
6916.02 49.68
6918.02 189.22
6920.02 238.38
6922.02 277.28
6924.02 226.93
6926.02 44.09
6928.02 270.04
6930.02 34.48
6932.02 133.7
6934.02 66.36
6936.02 42.8
6938.02 283.32
6940.02 70.21
6942.02 207.77
6944.02 140.82
6946.02 295.24
6948.02 369.64
6950.02 48.55
6952.02 303.29
6954.02 25.4
6956.02 231.19
6958.02 226.98
6960.02 31.14
6962.02 298.92
6964.02 44.22
6966.02 271.4
6968.02 265.04
6970.02 168.19
6972.02 284.05
6974.02 45.09
6976.02 235.14
6978.02 0.77
6980.02 295.48
6982.02 298.95
6984.02 82.81
6986.02 221.65
6988.02 48.69
6990.02 200.89
6992.02 233.01
6994.02 296.12
6996.02 177.2
6998.02 31.22
7000.02 226.48
7002.02 28.88
7004.02 232.87
7006.03 312.09
7008.02 35.22
7010.02 268.47
7012.02 40.73
7014.02 221.2
7016.02 107.28
7018.02 285.18
7020.02 287.03
7022.02 36.89
7024.02 201.52
7026.02 28.78
7028.02 263.42
7030.02 320.08
7032.02 32.12
7034.02 259.39
7036.02 36.52
7038.02 279.1
7040.02 50.21
7042.02 233.15
7044.02 149.8
7046.02 30.57
7048.02 178.69
7050.02 26.13
7052.02 130.48
7054.27 177.07
7056.27 237.16
7058.27 220.29
7060.27 38.49
7062.27 237.41
7064.04 43.33
7066.27 242.02
7068.27 245.73
7070.27 42.29
7072.27 271.39
7074.27 12.84
7076.27 77.39
7078.27 192.36
7080.27 43.9
7082.27 219.07
7084.27 39.25
7086.27 260.79
7088.27 33.7
7090.27 212.38
7092.27 240.98
7094.27 51.08
7096.27 225.32
7098.27 41.24
7100.27 204.68
7102.27 239.38
7104.27 39.63
7106.27 234.26
7108.27 36.06
7110.27 206.02
7112.27 34.16
7114.27 127.16
7116.27 255.32
7118.27 53.62
7120.27 176.0
7122.27 32.25
7124.27 155.39
7126.27 194.48
7128.27 203.92
7130.27 206.0
7132.27 25.94
7134.27 209.3
7136.27 54.16
7138.27 222.23
7140.27 232.9
7142.27 48.63
7144.27 251.62
7146.27 35.54
7148.27 248.17
7150.27 193.51
7152.28 260.11
7154.27 278.61
7156.27 26.75
7158.27 268.97
7160.27 43.73
7162.27 282.85
7164.27 100.96
7166.27 26.57
7168.27 282.29
7170.27 39.02
7172.27 158.67
7174.27 261.93
7176.27 60.94
7178.27 157.11
7180.27 29.32
7182.27 260.63
7184.27 24.29
7186.27 222.79
7188.27 180.5
7190.27 171.6
7192.27 209.84
7194.27 36.71
7196.27 125.25
7198.27 99.92
7200.27 165.78
7202.27 247.92
7204.27 38.08
7206.27 271.19
7208.27 37.61
7210.27 291.37
7212.27 264.54
7214.27 49.97
7216.27 300.38
7218.27 27.14
7220.27 280.55
7222.27 263.66
7224.27 181.66
7226.27 211.14
7228.27 35.46
7230.27 179.36
7232.27 34.03
7234.27 289.52
7236.27 276.16
7238.27 41.59
7240.27 275.2
7242.27 31.82
7244.27 250.28
7246.27 262.46
7248.27 226.46
7250.27 271.12
7252.27 258.56
7254.27 297.69
7256.27 38.03
7258.27 271.6
7260.27 321.19
7262.27 81.51
7264.27 280.13
7266.31 19.97
7268.28 188.9
7270.27 114.54
7272.28 225.64
7274.28 79.85
7276.27 11.92
7278.27 253.39
7280.27 45.44
7282.27 281.78
7284.28 284.33
7286.27 45.22
7288.27 285.84
7290.27 40.63
7292.27 280.47
7294.27 288.53
7296.27 232.41
7298.27 273.97
7300.52 36.19
7302.27 79.58
7304.27 19.2
7306.27 235.61
7308.27 285.3
7310.52 47.14
7312.52 313.08
7314.52 25.87
7316.52 166.7
7318.52 33.3
7320.52 271.57
7322.52 139.58
7324.52 34.96
7326.52 233.11
7328.52 41.36
7330.52 233.44
7332.52 235.47
7334.52 62.49
7336.52 241.33
7338.52 45.22
7340.52 245.28
7342.52 64.99
7344.52 238.52
7346.52 271.46
7348.52 47.34
7350.52 186.18
7352.52 33.73
7354.52 257.11
7356.52 217.33
7358.52 46.29
7360.52 270.42
7362.52 33.2
7364.52 211.25
7366.52 38.03
7368.52 232.21
7370.52 114.09
7372.52 42.09
7374.52 251.56
7376.52 21.58
7378.52 261.26
7380.52 254.03
7382.52 46.47
7384.52 263.93
7386.52 12.45
7388.52 235.44
7390.52 52.19
7392.52 186.16
7394.52 266.17
7396.52 44.11
7398.52 284.11
7400.52 45.33
7402.52 261.76
7404.52 213.98
7406.52 45.35
7408.52 216.22
7410.52 35.72
7412.52 270.19
7414.52 46.16
7416.52 287.74
7418.52 285.2
7420.52 52.45
7422.52 254.4
7424.52 244.07
7426.52 226.23
7428.52 279.89
7430.52 40.28
7432.52 142.58
7434.52 43.33
7436.52 209.3
7438.52 43.31
7440.52 186.08
7442.52 210.21
7444.52 47.51
7446.52 195.62
7448.52 33.83
7450.52 213.16
7452.52 248.28
7454.52 39.96
7456.52 265.47
7458.53 36.41
7460.52 92.16
7462.52 33.5
7464.52 222.0
7466.52 175.15
7468.52 41.35
7470.52 240.81
7472.52 38.4
7474.52 245.4
7476.52 314.21
7478.52 50.18
7480.52 270.73
7482.52 36.39
7484.52 299.42
7486.52 25.21
7488.52 290.47
7490.52 185.0
7492.52 44.41
7494.52 334.53
7496.52 37.62
7498.52 283.07
7500.52 309.16
7502.52 66.04
7504.52 256.7
7506.52 49.49
7508.52 265.27
7510.52 36.2
7512.52 225.32
7514.52 251.07
7516.52 43.19
7518.52 313.74
7520.52 33.84
7522.52 83.94
7524.52 301.0
7526.52 39.19
7528.53 356.19
7530.52 48.6
7532.52 230.59
7534.52 39.15
7536.52 208.82
7538.52 239.55
7540.52 39.64
7542.52 280.53
7544.52 34.95
7546.52 188.68
7548.52 336.59
7550.52 43.21
7552.52 310.07
7554.52 26.84
7556.52 274.53
7558.52 41.08
7560.77 307.03
7562.77 286.76
7564.77 40.55
7566.77 300.85
7568.77 37.41
7570.77 291.89
7572.77 243.13
7574.77 209.95
7576.77 226.55
7578.77 44.19
7580.77 269.16
7582.77 12.01
7584.77 130.33
7586.77 285.27
7588.77 25.46
7590.77 271.29
7592.77 44.04
7594.77 288.01
7596.77 303.49
7598.77 282.26
7600.77 282.26
7602.77 34.18
7604.77 258.77
7606.77 42.59
7608.77 237.86
7610.77 294.66
7612.77 43.26
7614.78 289.2
7616.77 48.33
7618.77 301.02
7620.77 236.73
7622.78 76.02
7624.77 149.72
7626.78 44.41
7628.77 88.11
7630.77 38.93
7632.77 167.49
7634.77 163.02
7636.77 30.76
7638.77 183.43
7640.77 44.23
7642.77 165.72
7644.77 288.89
7646.77 168.57
7648.77 251.92
7650.77 32.39
7652.77 283.14
7654.77 30.95
7656.77 285.81
7658.77 270.62
7660.77 39.18
7662.77 224.51
7664.77 37.52
7666.77 292.38
7668.77 286.37
7670.78 287.23
7672.77 154.38
7674.77 46.21
7676.77 183.44
7678.77 46.47
7680.77 250.32
7682.77 340.99
7684.77 45.25
7686.77 317.07
7688.77 48.46
7690.77 318.67
7692.77 249.84
7694.77 317.42
7696.77 331.53
7698.77 50.19
7700.77 327.36
7702.79 46.83
7704.77 117.59
7706.77 289.49
7708.77 50.85
7710.77 172.99
7712.78 33.95
7714.77 233.8
7716.78 334.04
7718.77 183.2
7720.77 276.1
7722.77 41.51
7724.77 305.09
7726.77 43.32
7728.77 305.18
7730.77 251.02
7732.77 40.5
7734.77 229.23
7736.77 46.18
7738.77 295.09
7740.77 275.18
7742.77 247.23
7744.77 291.15
7746.77 34.0
7748.77 301.41
7750.77 12.12
7752.77 189.34
7754.77 213.55
7756.77 37.75
7758.77 91.05
7760.77 63.47
7762.78 206.66
7764.77 246.16
7766.77 237.54
7768.77 218.5
7770.77 50.58
7772.77 300.39
7774.77 49.54
7776.77 308.24
7778.77 294.38
7780.77 48.4
7782.78 327.19
7784.77 39.63
7786.77 259.01
7788.77 299.06
7790.78 332.9
7792.77 133.68
7794.77 36.93
7796.77 184.11
7798.77 44.13
7800.77 244.33
7803.02 320.24
7804.77 307.03
7806.78 261.56
7808.77 40.42
7811.02 294.5
7812.79 31.08
7815.02 210.22
7817.02 250.92
7819.03 41.44
7821.02 160.79
7823.02 36.55
7825.02 236.14
7827.02 244.04
7829.02 247.33
7831.02 232.99
7833.02 41.34
7835.02 232.04
7837.02 22.83
7839.02 311.29
7841.02 253.66
7843.02 40.7
7845.02 111.55
7847.02 8.21
7849.02 92.46
7851.02 237.45
7853.02 223.89
7855.02 139.54
7857.02 36.85
7859.02 241.06
7861.02 39.17
7863.02 243.9
7865.02 262.99
7867.02 51.98
7869.02 201.3
7871.02 53.87
7873.02 262.0
7875.02 269.89
7877.02 62.88
7879.02 226.15
7881.02 48.67
7883.02 235.28
7885.02 52.32
7887.02 255.05
7889.02 264.0
7891.02 30.63
7893.02 274.01
7895.02 55.17
7897.02 238.1
7899.02 305.8
7901.03 299.72
7903.02 299.72
7905.02 38.44
7907.02 148.36
7909.02 28.36
7911.02 88.63
7913.02 248.62
7915.02 45.22
7917.02 157.28
7919.02 27.0
7921.02 171.01
7923.02 247.08
7925.02 53.83
7927.02 68.99
7929.02 17.81
7931.02 293.65
7933.02 27.18
7935.02 226.46
7937.02 127.84
7939.02 28.17
7941.02 215.24
7943.02 35.7
7945.02 241.28
7947.02 221.6
7949.02 212.23
7951.02 251.14
7953.02 11.06
7955.03 181.36
7957.02 34.24
7959.02 238.62
7961.02 270.55
7963.03 41.06
7965.02 66.57
7967.02 51.25
7969.02 270.77
7971.03 258.14
7973.02 44.73
7975.02 229.1
7977.02 40.8
7979.03 278.44
7981.02 30.73
7983.02 249.62
7985.02 243.55
7987.04 40.01
7989.02 73.57
7991.02 52.22
7993.02 52.22
7995.02 227.98
7997.02 314.69
7999.02 332.67
8001.02 37.42
8003.02 222.5
8005.02 49.57
8007.02 302.16
8009.02 43.24
8011.02 35.97
8013.02 218.51
8015.02 37.09
8017.02 81.01
8019.02 183.56
8021.05 195.34
8023.02 163.2
8025.02 50.61
8027.02 302.83
8029.02 30.95
8031.02 276.21
8033.03 245.78
8035.02 19.67
8037.02 244.41
8039.02 37.13
8041.02 254.61
8043.02 291.51
8045.02 198.36
8047.02 102.49
8049.02 33.46
8051.27 299.6
8053.28 40.96
8055.27 67.92
8057.27 282.47
8059.27 47.35
8061.27 174.31
8063.27 40.38
8065.27 279.45
8067.04 28.39
8069.27 307.55
8071.27 299.04
8073.27 37.82
8075.27 301.15
8077.27 29.9
8079.27 154.0
8081.27 325.2
8083.27 51.42
8085.27 232.14
8087.27 28.23
8089.46 133.78
8091.27 120.98
8093.27 232.56
8095.27 264.81
8097.27 35.73
8099.27 171.0
8101.27 33.83
8103.27 261.66
8105.27 152.77
8107.27 49.66
8109.27 268.85
8111.27 42.89
8113.27 255.34
8115.27 37.48
8117.32 235.59
8119.27 40.84
8121.27 36.84
8123.27 222.86
8125.29 46.55
8127.27 56.38
8129.27 186.93
8131.27 57.43
8133.27 127.63
8135.27 33.29
8137.27 255.71
8139.27 255.03
8141.27 248.12
8143.27 237.65
8145.27 71.09
8147.27 229.65
8149.27 52.11
8151.27 262.21
8153.27 252.03
8155.27 68.53
8157.27 162.43
8159.27 40.39
8161.27 188.21
8163.27 192.78
8165.27 215.77
8167.27 212.97
8169.27 34.34
8171.27 118.71
8173.28 37.78
8175.27 105.32
8177.27 170.2
8179.27 47.56
8181.27 148.93
8183.27 29.62
8185.27 141.3
8187.27 176.23
8189.28 146.85
8191.33 126.38
8193.27 49.75
8195.27 216.31
8197.27 33.69
8199.28 234.17
8201.27 88.93
8203.27 51.26
8205.27 122.03
8207.27 35.46
8209.27 241.86
8211.27 247.36
8213.27 197.38
8215.28 241.85
8217.27 47.36
8219.27 175.79
8221.27 35.37
8223.27 238.14
8225.27 264.61
8227.27 42.86
8229.27 265.77
8231.27 33.99
8233.29 262.73
8235.27 262.73
8237.27 222.09
8239.27 215.48
8241.29 49.5
8243.27 47.75
8245.27 43.97
8247.27 190.61
8249.27 255.29
8251.27 48.92
8253.28 225.11
8255.27 44.12
8257.27 183.74
8259.27 273.13
8261.27 255.15
8263.33 270.63
8265.27 43.29
8267.27 262.95
8269.27 43.49
8271.27 293.94
8273.27 254.62
8275.27 48.63
8277.27 75.08
8279.27 41.74
8281.27 116.58
8283.27 263.03
8285.27 222.53
8287.27 249.96
8289.27 54.86
8291.52 278.49
8293.27 47.44
8295.27 291.91
8297.27 153.4
8299.27 37.05
8301.27 270.33
8303.52 33.89
8305.52 230.45
8307.29 26.45
8309.52 249.75
8311.52 241.74
8313.52 47.42
8315.52 261.17
8317.53 42.35
8319.52 70.97
8321.52 276.51
8323.52 58.99
8325.52 212.36
8327.52 48.43
8329.52 288.78
8331.52 14.92
8333.52 59.29
8335.52 234.99
8337.52 44.0
8339.52 285.9
8341.52 28.88
8343.52 235.04
8345.52 139.93
8347.52 41.61
8349.52 306.24
8351.52 45.16
8353.52 283.98
8355.52 30.63
8357.52 16.57
8359.52 314.1
8361.52 47.7
8363.52 294.55
8365.52 31.37
8367.52 229.39
8369.52 290.87
8371.52 57.96
8373.52 215.47
8375.52 31.85
8377.52 177.31
8379.52 42.44
8381.52 231.22
8383.52 219.11
8385.52 66.02
8387.52 247.45
8389.52 41.5
8391.52 266.42
8393.52 249.97
8395.52 63.13
8397.52 239.83
8399.52 36.82
8401.52 159.21
8403.52 33.01
8405.52 162.83
8407.52 192.53
8409.52 46.13
8411.52 277.01
8413.52 34.2
8415.53 140.26
8417.52 106.33
8419.52 71.85
8421.52 138.75
8423.52 42.93
8425.52 222.94
8427.52 47.48
8429.52 82.82
8431.52 82.82
8433.52 47.31
8435.52 274.91
8437.52 45.53
8439.52 294.9
8441.52 254.38
8443.52 291.09
8445.53 217.77
8447.52 37.3
8449.52 179.0
8451.52 42.83
8453.52 222.17
8455.52 226.97
8457.52 51.99
8459.52 239.4
8461.52 40.83
8463.52 138.1
8465.52 245.36
8467.54 286.5
8469.52 252.43
8471.52 42.7
8473.52 152.33
8475.52 34.42
8477.52 254.01
8479.52 139.27
8481.52 50.43
8483.52 304.45
8485.54 27.0
8487.52 194.33
8489.52 199.27
8491.52 240.92
8493.53 342.64
8495.52 50.36
8497.53 327.94
8499.52 0.93
8501.52 194.85
8503.52 173.36
8505.52 45.19
8507.52 119.18
8509.52 53.7
8511.52 240.44
8513.54 162.45
8515.52 70.01
8517.52 260.83
8519.52 38.31
8521.52 192.58
8523.52 36.28
8525.53 284.39
8527.52 284.39
8529.52 41.61
8531.52 229.02
8533.52 38.9
8535.52 218.19
8537.52 204.04
8539.52 245.41
8541.52 248.69
8543.52 49.55
8545.52 146.89
8547.77 6.37
8549.77 93.31
8551.77 81.1
8553.77 61.98
8555.77 199.58
8557.77 36.75
8559.77 305.86
8561.54 46.17
8563.77 275.78
8565.78 309.21
8567.77 45.07
8569.77 310.8
8571.77 46.39
8573.77 197.4
8575.77 239.64
8577.81 41.16
8579.77 80.72
8581.77 37.76
8583.77 312.81
8585.77 33.78
8587.77 218.35
8589.77 300.73
8591.77 51.95
8593.77 290.64
8595.77 37.68
8597.77 196.11
8599.77 256.9
8601.78 53.89
8603.77 131.83
8605.77 41.51
8607.77 164.02
8609.77 18.89
8611.77 155.64
8613.77 220.99
8615.77 43.47
8617.77 269.23
8619.77 34.96
8621.77 294.76
8623.77 291.81
8625.77 49.55
8627.77 272.23
8629.77 48.15
8631.77 201.64
8633.77 50.92
8635.77 278.54
8637.77 244.45
8639.77 9.25
8641.77 265.25
8643.77 14.77
8645.77 192.1
8647.77 301.57
8649.77 64.91
8651.77 251.98
8653.77 17.65
8655.77 220.44
8657.77 35.45
8659.77 233.75
8661.77 277.36
8663.77 46.36
8665.77 106.87
8667.77 40.36
8669.77 227.79
8671.77 302.88
8673.78 44.3
8675.77 15.45
8677.77 100.28
8679.77 78.87
8681.77 36.54
8683.77 131.18
8685.77 167.69
8687.77 58.26
8689.77 210.26
8691.77 30.48
8693.77 225.11
8695.78 241.83
8697.78 65.45
8699.77 45.41
8701.77 39.56
8703.77 280.17
8705.77 4.62
8707.77 52.68
8709.77 327.62
8711.77 31.88
8713.77 340.54
8715.77 34.53
8717.77 240.42
8719.77 282.46
8721.77 51.76
8723.77 220.43
8725.77 36.97
8727.77 278.1
8730.07 3.43
8731.77 107.29
8733.77 272.02
8735.77 67.47
8737.77 225.61
8739.77 48.56
8741.85 284.3
8743.77 59.69
8745.77 47.6
8747.77 321.29
8749.77 30.75
8751.77 285.59
8753.79 37.56
8755.77 73.39
8757.77 267.41
8759.77 49.92
8761.77 298.34
8763.78 12.37
8765.77 108.57
8767.77 233.14
8769.77 51.21
8771.77 243.83
8773.77 266.28
8775.77 222.9
8777.77 30.64
8779.77 209.21
8781.77 246.31
8783.77 44.0
8785.77 224.62
8787.77 35.58
8789.77 269.89
8791.77 265.34
8793.77 46.19
8795.77 207.28
8797.77 18.31
8800.02 269.17
8802.02 31.37
8804.02 273.73
8806.02 286.85
8808.02 44.33
8810.02 337.73
8812.02 33.29
8814.02 210.34
8816.02 304.1
8818.02 70.22
8820.02 213.64
8822.02 47.33
8824.02 257.02
8826.02 29.7
8828.02 261.15
8830.02 121.47
8832.02 32.68
8834.02 315.83
8836.02 42.34
8838.02 223.46
8840.02 258.12
8842.02 321.03
8844.02 242.23
8846.02 39.93
8848.02 274.91
8850.02 34.61
8852.02 349.54
8854.02 335.78
8856.02 41.2
8858.02 308.76
8860.02 49.69
8862.02 295.19
8864.02 97.34
8866.02 249.79
8868.02 312.12
8870.02 36.27
8872.02 237.19
8874.02 43.28
8876.02 186.78
8878.02 258.91
8880.02 53.3
8882.02 282.93
8884.02 30.4
8886.02 278.11
8888.02 216.87
8890.02 236.67
8892.02 193.41
8894.02 37.07
8896.02 215.66
8898.02 39.91
8900.02 263.47
8902.02 191.74
8904.02 38.75
8906.02 97.02
8908.02 39.9
8910.02 214.17
8912.02 210.99
8914.02 214.73
8916.02 245.04
8918.02 39.99
8920.02 202.16
8922.02 50.92
8924.02 132.15
8926.02 250.52
8928.02 72.61
8930.02 308.54
8932.02 8.41
8934.02 291.64
8936.02 252.52
8938.02 243.18
8940.02 306.2
8942.02 26.09
8944.02 223.75
8946.02 34.13
8948.02 266.41
8950.02 247.37
8952.02 52.6
8954.02 247.16
8956.02 31.11
8958.02 242.95
8960.02 211.03
8962.02 211.48
8964.02 246.81
8966.02 60.57
8968.02 258.39
8970.02 36.77
8972.02 223.82
8974.02 210.43
8976.02 49.03
8978.02 220.04
8980.02 35.8
8982.02 158.61
8984.02 224.15
8986.02 222.63
8988.02 230.53
8990.02 253.53
8992.02 225.24
8994.02 28.51
8996.02 294.63
8998.03 239.21
9000.02 18.68
9002.02 297.18
9004.02 26.03
9006.02 197.96
9008.02 157.67
9010.02 299.35
9012.02 254.27
9014.02 32.18
9016.02 41.18
9018.02 42.86
9020.02 198.8
9022.02 230.9
9024.02 22.5
9026.02 224.93
9028.02 73.52
9030.02 243.03
9032.02 200.02
9034.02 204.41
9036.02 237.08
9038.02 53.93
9040.02 253.43
9042.02 29.33
9044.02 253.24
9046.02 263.22
9048.02 65.37
9050.02 246.28
9052.02 45.4
9054.02 270.95
9056.02 263.58
9058.27 291.98
9060.27 281.68
9062.27 45.19
9064.27 256.15
9066.27 41.72
9068.27 202.91
9070.27 299.06
9072.27 283.6
9074.27 278.4
9076.27 36.38
9078.27 302.74
9080.27 28.06
9082.27 327.6
9084.27 301.03
9086.27 41.66
9088.27 276.55
9090.27 43.17
9092.27 279.47
9094.27 175.75
9096.27 54.85
9098.27 283.15
9100.27 43.4
9102.27 271.81
9104.27 155.03
9106.28 254.97
9108.27 252.82
9110.27 50.22
9112.27 199.46
9114.27 11.53
9116.27 261.45
9118.27 256.55
9120.27 195.14
9122.27 273.24
9124.27 36.41
9126.27 266.98
9128.27 35.3
9130.27 227.06
9132.27 240.11
9134.27 26.9
9136.27 242.93
9138.27 34.71
9140.27 316.2
9142.27 287.63
9144.27 244.63
9146.27 364.24
9148.27 44.13
9150.27 314.28
9152.27 42.66
9154.27 306.93
9156.27 233.57
9158.27 47.52
9160.27 235.44
9162.27 24.83
9164.27 173.74
9166.27 269.18
9168.27 75.03
9170.27 254.34
9172.27 41.48
9174.27 296.91
9176.27 34.17
9178.27 279.85
9180.27 287.97
9182.27 51.01
9184.27 263.95
9186.27 30.39
9188.27 303.01
9190.27 292.75
9192.27 46.39
9194.27 221.76
9196.27 35.26
9198.27 253.08
9200.27 54.84
9202.27 231.46
9204.27 306.54
9206.27 42.9
9208.27 266.62
9210.27 28.54
9212.27 249.02
9214.27 319.73
9216.27 62.69
9218.27 322.06
9220.27 41.69
9222.27 311.86
9224.27 48.77
9226.27 243.1
9228.27 65.31
9230.27 65.19
9232.27 303.83
9234.27 19.28
9236.27 160.76
9238.27 268.59
9240.27 332.86
9242.27 227.69
9244.27 46.16
9246.27 330.01
9248.49 33.15
9250.27 255.7
9252.27 234.81
9254.27 47.49
9256.27 249.96
9258.27 60.52
9260.27 1.11
9262.27 273.29
9264.27 139.44
9266.27 302.58
9268.27 37.83
9270.27 199.88
9272.27 41.62
9274.27 262.04
9276.27 331.47
9278.27 70.45
9280.27 284.07
9282.27 35.56
9284.27 293.8
9286.27 288.98
9288.27 256.62
9290.27 176.8
9292.27 46.75
9294.27 199.66
9296.27 47.3
9298.27 269.68
9300.27 220.37
9302.27 46.29
9304.27 333.77
9306.27 41.95
9308.27 307.32
9310.29 44.12
9312.52 271.85
9314.52 318.48
9316.52 38.29
9318.52 267.44
9320.52 41.85
9322.52 326.8
9324.52 307.4
9326.52 33.76
9328.52 210.39
9330.52 33.93
9332.52 291.59
9334.52 41.46
9336.52 284.47
9338.52 279.76
9340.52 42.33
9342.52 404.02
9344.52 48.33
9346.52 290.08
9348.52 182.63
9350.52 48.4
9352.52 296.39
9354.52 41.65
9356.52 332.33
9358.52 42.49
9360.52 277.35
9362.52 305.1
9364.52 38.4
9366.52 288.35
9368.52 45.15
9370.52 246.83
9372.52 240.83
9374.52 53.22
9376.52 317.21
9378.52 35.63
9380.52 306.88
9382.52 44.12
9384.52 228.51
9386.52 285.23
9388.52 48.12
9390.52 50.17
9392.52 25.68
9394.52 248.15
9396.52 299.36
9398.52 49.01
9400.52 176.63
9402.52 51.25
9404.53 231.83
9406.52 36.08
9408.52 306.22
9410.52 266.02
9412.52 36.37
9414.52 274.65
9416.52 35.38
9418.52 35.84
9420.52 0.95
9422.52 46.18
9424.52 58.96
9426.52 84.84
9428.52 144.18
9430.52 50.92
9432.52 160.2
9434.52 188.52
9436.52 43.46
9438.52 210.98
9440.52 52.82
9442.52 217.06
9444.52 210.68
9446.52 42.86
9448.52 207.04
9450.52 17.94
9452.52 239.53
9454.52 37.69
9456.52 235.96
9458.52 229.61
9460.52 40.05
9462.53 266.87
9464.52 35.46
9466.52 147.72
9468.52 257.48
9470.52 51.5
9472.52 152.84
9474.52 52.38
9476.52 266.5
9478.52 36.93
9480.52 241.37
9482.52 91.75
9484.52 139.64
9486.52 112.28
9488.52 45.44
9490.52 224.71
9492.52 162.51
9494.52 59.27
9496.52 246.71
9498.52 32.04
9500.52 270.96
9502.52 20.52
9504.52 36.81
9506.52 233.0
9508.52 34.42
9510.54 164.87
9512.52 24.83
9514.52 280.01
9516.52 147.68
9518.52 48.62
9520.52 152.17
9522.52 0.7
9524.54 191.52
9526.52 46.2
9528.52 239.35
9530.52 241.88
9532.52 24.94
9534.52 236.38
9536.52 35.61
9538.52 226.54
9540.52 255.24
9542.52 49.81
9544.52 140.11
9546.52 38.97
9548.52 151.57
9550.52 19.81
9552.52 259.77
9554.52 173.09
9556.52 40.33
9558.52 142.0
9560.77 23.17
9562.77 197.75
9564.77 197.75
9566.77 220.61
9568.52 34.73
9570.77 30.28
9572.77 264.18
9574.77 49.4
9576.77 268.7
9578.77 145.77
9580.77 38.19
9582.77 183.97
9584.77 27.41
9586.77 205.72
9588.77 234.62
9590.77 71.51
9592.77 166.41
9594.77 51.04
9596.78 208.75
9598.77 47.32
9600.77 160.21
9602.77 167.55
9604.77 46.21
9606.77 196.83
9608.77 38.4
9610.77 262.82
9612.77 205.44
9614.77 63.67
9616.77 252.22
9618.77 46.29
9620.77 173.87
9622.77 45.53
9624.77 245.42
9626.77 266.51
9628.77 53.71
9630.77 226.42
9632.77 39.8
9634.77 276.0
9636.77 216.61
9638.77 237.23
9640.77 194.22
9642.77 51.0
9644.77 229.72
9646.77 36.25
9648.77 223.64
9650.77 248.61
9652.77 41.25
9654.77 256.4
9656.77 40.77
9658.77 249.56
9660.77 261.3
9662.77 57.94
9664.77 273.42
9666.77 40.89
9668.77 217.39
9670.77 51.13
9672.77 129.53
9674.77 167.69
9676.77 27.94
9678.77 293.63
9680.77 41.61
9682.78 274.92
9684.77 57.34
9686.77 273.11
9688.77 110.87
9690.77 52.16
9692.77 270.42
9694.77 31.49
9696.77 257.28
9698.77 195.81
9700.77 43.16
9702.77 283.75
9704.77 47.32
9706.77 323.68
9708.77 303.28
9710.77 163.83
9712.77 254.02
9714.77 42.77
9716.77 121.61
9718.77 30.58
9720.77 252.98
9722.77 254.97
9724.77 69.56
9726.77 326.66
9728.77 24.72
9730.77 187.93
9732.77 338.28
9734.77 281.69
9736.77 322.67
9738.77 41.06
9740.77 248.25
9742.77 32.66
9744.77 167.1
9746.77 235.85
9748.77 32.06
9750.77 300.83
9752.77 43.96
9754.77 310.81
9756.77 178.01
9758.77 301.32
9760.78 211.14
9762.77 44.14
9764.77 247.0
9766.77 21.18
9768.77 46.62
9770.77 76.32
9772.77 57.86
9774.77 95.93
9776.77 41.48
9778.77 70.86
9780.77 98.48
9782.77 115.33
9784.77 139.44
9786.77 52.28
9788.77 177.13
9790.77 30.82
9792.77 182.43
9794.77 186.77
9796.77 47.66
9798.77 127.12
9801.02 35.55
9802.77 194.07
9804.77 19.31
9806.77 213.0
9808.77 87.83
9811.02 42.78
9813.02 97.56
9815.02 34.5
9817.02 208.65
9819.02 225.51
9821.02 159.21
9823.02 221.01
9825.02 34.3
9827.02 239.98
9829.02 45.15
9831.02 190.81
9833.02 272.53
9835.02 50.68
9837.02 299.22
9839.02 37.01
9841.02 199.57
9843.02 205.73
9845.02 66.38
9847.02 208.19
9849.02 43.31
9851.02 288.76
9853.02 38.44
9855.02 272.75
9857.02 270.83
9859.02 52.13
9861.02 140.26
9863.02 38.45
9865.02 118.14
9867.02 256.87
9869.02 63.58
9871.02 245.74
9873.02 35.9
9875.02 212.17
9877.02 34.86
9879.02 245.39
9881.02 198.36
9883.02 49.82
9885.02 204.87
9887.02 62.27
9889.02 242.81
9891.02 299.32
9893.02 296.84
9895.02 263.75
9897.02 37.49
9899.02 239.39
9901.02 38.32
9903.02 311.46
9905.02 150.85
9907.02 49.62
9909.02 304.84
9911.02 35.52
9913.02 128.27
9915.02 287.97
9917.02 281.84
9919.02 278.1
9921.02 43.01
9923.02 309.74
9925.02 260.23
9927.02 292.37
9929.02 230.73
9931.02 42.17
9933.02 220.17
9935.02 49.67
9937.02 123.43
9939.02 271.98
9941.02 254.4
9943.02 288.82
9945.02 32.01
9947.02 255.15
9949.02 42.18
9951.02 277.39
9953.02 302.48
9955.02 43.92
9957.02 312.87
9959.02 51.87
9961.02 226.95
9963.02 178.5
9965.02 325.4
9967.02 291.32
9969.02 67.92
9971.02 265.53
9973.02 38.06
9975.02 225.12
9977.02 184.51
9979.02 48.75
9981.02 248.47
9983.02 44.19
9985.02 333.84
9987.02 155.69
9989.02 244.96
9991.02 336.89
9993.02 37.28
9995.02 255.04
9997.02 41.56
9999.02 68.74
10001.02 67.15
10003.02 73.75
10005.02 76.3
10007.02 58.33
10009.02 127.99
10011.02 105.82
10013.02 113.86
10015.02 146.35
10017.02 50.14
10019.02 162.73
10021.02 38.33
10023.02 58.8
10025.02 222.9
10027.02 44.24
10029.02 219.51
10031.02 39.11
10033.02 160.52
10035.02 202.64
10037.02 254.21
10039.02 180.78
10041.02 49.51
10043.02 258.14
10045.02 19.19
10047.02 284.04
10049.02 243.18
10051.27 50.81
10053.02 248.09
10055.27 41.34
10057.02 231.58
10059.27 304.31
10061.26 48.92
10063.27 234.81
10065.27 49.88
10067.27 145.84
10069.27 30.31
10071.27 284.05
10073.27 228.18
10075.27 60.7
10077.27 275.72
10079.27 37.03
10081.27 120.48
10083.27 219.03
10085.27 254.78
10087.27 100.83
10089.27 31.52
10091.27 244.87
10093.27 36.27
10095.27 253.12
10097.27 176.05
10099.27 38.72
10101.27 186.16
10103.27 34.49
10105.27 143.44
10107.27 184.31
10109.27 174.58
10111.27 118.04
10113.27 65.64
10115.27 159.5
10117.27 36.38
10119.27 241.65
10121.27 235.38
10123.27 51.95
10125.27 188.89
10127.27 43.1
10129.27 113.23
10131.27 128.46
10133.26 139.27
10135.27 183.26
10137.27 41.44
10139.27 201.05
10141.27 36.28
10143.27 199.93
10145.27 199.45
10147.27 164.56
10149.27 103.29
10151.26 50.65
10153.27 192.22
10155.27 236.03
10157.27 172.75
10159.27 221.91
10161.27 45.53
10163.27 168.56
10165.27 14.21
10167.27 141.77
10169.27 222.4
10171.27 50.15
10173.27 274.48
10175.27 46.18
10177.27 216.22
10179.27 141.48
10181.27 273.82
10183.27 176.07
10185.27 40.73
10187.27 149.78
10189.26 32.67
10191.27 129.84
10193.27 271.54
10195.27 26.37
10197.27 247.92
10199.27 26.91
10201.27 250.12
10203.27 219.61
10205.27 272.76
10207.27 158.11
10209.27 33.51
10211.27 205.66
10213.27 24.12
10215.27 258.56
10217.27 161.21
10219.27 50.3
10221.27 294.37
10223.27 31.13
10225.27 222.37
10227.27 215.42
10229.27 176.73
10231.27 198.88
10233.27 48.43
10235.27 131.05
10237.27 34.34
10239.27 168.4
10241.26 176.2
10243.27 21.59
10245.27 257.73
10247.27 68.84
10249.27 212.93
10251.26 233.23
10253.27 247.69
10255.26 134.29
10257.27 30.9
10259.27 239.61
10261.27 59.13
10263.28 243.22
10265.26 160.61
10267.27 20.85
10269.27 210.53
10271.27 36.46
10273.27 232.92
10275.27 231.25
10277.27 173.07
10279.27 272.07
10281.27 53.58
10283.27 239.44
10285.27 36.75
10287.27 246.01
10289.27 225.41
10291.27 70.19
10293.26 239.45
10295.27 49.15
10297.26 180.9
10299.26 226.49
10301.52 241.71
10303.52 242.21
10305.52 67.07
10307.52 188.08
10309.52 33.4
10311.51 245.92
10313.52 181.19
10315.51 254.31
10317.52 201.35
10319.52 36.94
10321.52 296.35
10323.29 34.73
10325.52 237.73
10327.52 219.98
10329.51 46.48
10331.52 275.43
10333.52 16.1
10335.51 147.03
10337.52 1.76
10339.51 57.21
10341.52 169.68
10343.52 37.92
10345.51 193.37
10347.51 25.01
10349.51 55.86
10351.52 121.25
10353.52 36.81
10355.52 57.32
10357.52 9.24
10359.52 126.69
10361.52 98.1
10363.52 98.19
10365.51 165.62
10367.52 48.62
10369.52 209.72
10371.52 50.78
10373.52 122.02
10375.52 217.45
10377.52 42.33
10379.52 252.3
10381.52 47.15
10383.52 183.79
10385.52 231.44
10387.52 66.08
10389.52 217.89
10391.52 50.21
10393.52 48.03
10395.52 45.25
10397.52 216.26
10399.52 231.66
10401.52 18.34
10403.52 246.29
10405.52 58.73
10407.52 261.05
10409.52 177.42
10411.52 71.58
10413.52 163.31
10415.52 53.51
10417.52 153.02
10419.52 35.62
10421.52 186.65
10423.52 213.03
10425.52 44.08
10427.52 218.21
10429.52 39.52
10431.52 228.49
10433.52 206.58
10435.52 168.29
10437.52 169.47
10439.52 42.39
10441.52 259.18
10443.52 39.5
10445.52 303.89
10447.52 254.84
10449.52 42.45
10451.52 226.72
10453.52 12.3
10455.52 311.77
10457.52 297.22
10459.52 268.51
10461.52 97.65
10463.52 38.56
10465.52 289.4
10467.52 32.66
10469.52 246.65
10471.52 170.69
10473.52 41.65
10475.52 164.04
10477.52 35.6
10479.52 187.97
10481.52 205.41
10483.52 273.1
10485.52 284.02
10487.52 39.27
10489.52 275.9
10491.52 38.43
10493.52 279.96
10495.52 185.36
10497.52 9.97
10499.52 156.57
10501.52 36.09
10503.52 257.4
10505.52 227.33
10507.52 219.0
10509.52 102.69
10511.52 40.59
10513.51 177.84
10515.51 35.5
10517.52 225.49
10519.51 239.49
10521.52 55.05
10523.52 221.16
10525.51 36.63
10527.52 277.65
10529.52 247.31
10531.52 176.86
10533.52 147.34
10535.51 59.65
10537.52 227.9
10539.52 39.07
10541.51 136.54
10543.52 203.31
10545.51 14.29
10547.77 245.39
10549.77 57.71
10551.77 239.23
10553.53 50.67
10555.76 267.67
10557.77 226.16
10559.52 36.97
10561.77 175.26
10563.77 49.53
10565.77 251.68
10567.77 250.26
10569.76 68.51
10571.77 235.88
10573.77 44.41
10575.76 93.1
10577.54 35.44
10579.77 203.34
10581.77 232.99
10583.81 45.09
10585.77 72.08
10587.77 41.49
10589.77 267.41
10591.77 173.2
10593.77 39.18
10595.76 227.4
10597.76 48.4
10599.77 135.44
10601.77 28.2
10603.76 179.64
10605.77 223.89
10607.77 22.84
10609.76 48.15
10611.77 29.52
10613.76 144.06
10615.77 207.32
10617.77 8.7
10619.77 214.05
10621.77 32.48
10623.77 251.9
10625.77 32.26
10627.77 278.74
10629.77 255.27
10631.76 22.71
10633.77 139.38
10635.77 33.71
10637.77 196.03
10639.82 253.58
10641.76 113.22
10643.77 267.72
10645.77 152.55
10647.76 230.52
10649.76 47.31
10651.76 146.91
10653.77 256.18
10655.77 14.77
10657.77 235.31
10659.77 45.01
10661.77 127.51
10663.77 250.92
10665.77 50.09
10667.77 206.3
10669.77 40.72
10671.77 263.34
10673.76 35.75
10675.77 71.21
10677.77 228.53
10679.76 50.92
10681.91 204.68
10683.77 62.76
10685.76 228.6
10687.77 195.06
10689.77 55.38
10691.76 149.2
10693.77 27.31
10695.77 160.92
10697.77 30.36
10699.76 169.91
10701.77 135.78
10703.77 10.44
10705.77 192.56
10707.77 49.73
10709.76 193.88
10711.77 213.61
10713.76 47.49
10715.77 224.26
10717.77 35.54
10719.78 81.8
10721.76 35.36
10723.76 192.9
10725.76 128.52
10727.76 11.5
10729.76 166.58
10731.76 48.72
10733.77 142.21
10735.77 152.87
10737.77 45.25
10739.77 221.86
10741.76 37.14
10743.76 165.69
10745.77 34.35
10747.77 209.77
10749.76 132.56
10751.77 10.77
10753.76 209.22
10755.76 46.32
10757.76 161.88
10759.76 257.17
10761.76 47.4
10763.76 235.4
10765.77 46.3
10767.77 214.81
10769.76 52.65
10771.77 216.98
10773.77 194.76
10775.77 9.76
10777.76 238.67
10779.77 53.2
10781.76 142.78
10783.77 229.34
10785.76 55.27
10787.77 260.36
10789.77 36.94
10791.77 165.19
10793.76 48.83
10795.76 291.47
10797.76 245.17
10799.76 45.31
10801.77 136.83
10803.78 29.23
10806.02 101.28
10808.02 178.14
10810.02 62.43
10812.02 252.9
10814.02 46.25
10816.02 188.93
10818.03 40.48
10820.02 52.13
10822.02 52.48
10824.02 46.35
10826.02 178.6
10828.02 46.28
10830.02 119.02
10832.02 183.35
10834.02 47.61
10836.02 105.6
10838.02 58.42
10840.02 217.78
10842.02 35.57
10844.02 180.18
10846.02 180.07
10848.02 60.59
10850.02 115.65
10852.02 47.49
10854.02 157.06
10856.02 224.24
10858.02 203.17
10860.02 201.31
10862.02 27.37
10864.02 223.46
10866.02 36.59
10868.02 173.85
10870.02 179.46
10872.02 55.5
10874.02 158.16
10876.02 38.03
10878.02 60.09
10880.02 213.16
10882.02 193.0
10884.02 176.03
10886.02 19.84
10888.02 174.19
10890.02 28.52
10892.02 134.43
10894.02 130.1
10896.02 61.54
10898.02 234.34
10900.02 81.16
10902.02 228.21
10904.02 230.6
10906.02 149.21
10908.02 233.5
10910.02 45.02
10912.02 132.98
10914.02 38.05
10916.02 303.89
10918.02 133.27
10920.02 15.49
10922.02 79.29
10924.02 39.57
10926.02 174.55
10928.02 126.47
10930.02 269.08
10932.02 143.47
10934.02 47.33
10936.02 104.39
10938.04 32.1
10940.03 80.98
10942.02 183.65
10944.02 26.26
10946.02 106.77
10948.02 34.91
10950.02 107.26
10952.02 179.94
10954.02 214.09
10956.01 157.76
10958.02 61.19
10960.02 169.14
10962.02 34.86
10964.02 174.7
10966.02 240.24
10968.01 60.69
10970.02 262.15
10972.02 31.51
10974.02 258.37
10976.02 57.4
10978.02 53.43
10980.02 185.49
10982.01 41.82
10984.02 257.38
10986.02 42.22
10988.02 186.61
10990.02 245.35
10992.02 43.79
10994.02 109.81
10996.02 32.5
10998.02 147.32
11000.02 115.26
11002.02 151.73
11004.02 149.98
11006.02 49.75
11008.02 281.49
11010.02 35.67
11012.02 241.45
11014.02 167.91
11016.02 46.99
11018.02 268.28
11020.02 47.53
11022.05 267.85
11024.02 267.85
11026.02 256.84
11028.02 239.03
11030.04 43.39
11032.02 126.78
11034.02 32.63
11036.02 218.71
11038.02 188.18
11040.02 36.72
11042.02 238.77
11044.02 43.44
11046.02 70.68
11048.02 262.73
11050.02 259.74
11052.02 232.43
11054.02 55.65
11056.02 211.42
11058.02 27.76
11060.02 262.78
11062.26 237.3
11064.28 21.62
11066.26 63.36
11068.26 28.73
11070.26 238.11
11072.26 36.85
11074.26 80.5
11076.26 238.91
11078.26 65.07
11080.27 239.62
11082.26 64.66
11084.28 246.78
11086.26 264.49
11088.26 63.87
11090.26 278.29
11092.26 47.53
11094.26 251.71
11096.26 36.07
11098.27 248.88
11100.28 256.11
11102.26 7.97
11104.26 211.52
11106.26 45.1
11108.3 189.67
11110.26 72.19
11112.26 50.75
11114.26 209.88
11116.26 40.72
11118.27 226.61
11120.43 25.92
11122.26 141.84
11124.26 141.84
11126.26 44.22
11128.27 224.78
11130.26 46.74
11132.26 171.85
11134.26 237.73
11136.34 65.38
11138.26 46.1
11140.26 43.33
11142.26 246.19
11144.26 32.89
11146.26 219.4
11148.26 146.33
11150.26 10.43
11152.26 220.18
11154.27 40.82
11156.26 257.57
11158.26 292.54
11160.26 235.63
11162.27 261.39
11164.27 36.49
11166.26 217.18
11168.26 41.21
11170.26 238.32
11172.28 245.11
11174.26 38.39
11176.26 223.36
11178.27 43.31
11180.27 237.26
11182.27 11.44
11184.26 55.3
11186.27 233.66
11188.26 16.95
11190.26 275.23
11192.26 33.32
11194.26 150.49
11196.34 166.14
11198.27 12.64
11200.26 36.1
11202.26 39.4
11204.27 127.34
11206.26 128.4
11208.26 179.85
11210.26 132.23
11212.26 46.34
11214.26 219.22
11216.26 34.51
11218.26 193.23
11220.27 193.89
11222.26 37.48
11224.27 159.2
11226.26 44.28
11228.26 152.16
11230.26 10.54
11232.26 149.5
11234.27 163.7
11236.29 38.33
11238.26 64.38
11240.27 33.14
11242.26 246.72
11244.27 85.34
11246.27 50.89
11248.26 117.59
11250.26 57.58
11252.28 172.34
11254.27 74.62
11256.26 63.23
11258.26 74.74
11260.27 49.69
11262.27 165.27
11264.26 45.3
11266.27 162.1
11268.26 192.59
11270.27 33.87
11272.26 59.69
11274.27 67.13
11276.26 202.35
11278.26 119.02
11280.26 206.43
11282.26 177.65
11284.26 41.53
11286.26 235.04
11288.26 45.07
11290.26 117.39
11292.26 225.22
11294.27 45.49
11296.26 234.01
11298.26 27.24
11300.26 108.25
11302.29 19.07
11304.27 172.8
11306.26 232.75
11308.26 32.22
11310.26 192.19
11312.51 26.04
11314.51 244.36
11316.52 207.66
11318.51 38.27
11320.51 190.36
11322.51 37.46
11324.51 226.2
11326.52 41.98
11328.52 224.81
11330.51 273.34
11332.51 39.77
11334.51 35.89
11336.51 41.33
11338.51 286.54
11340.52 286.54
11342.51 88.62
11344.51 63.99
11346.51 47.46
11348.52 134.83
11350.52 40.64
11352.52 202.91
11354.52 60.92
11356.55 9.49
11358.51 125.22
11360.51 53.59
11362.51 171.88
11364.51 232.37
11366.51 49.87
11368.55 219.68
11370.51 37.89
11372.52 169.13
11374.51 73.53
11376.51 200.07
11378.51 175.6
11380.51 45.11
11382.52 161.37
11384.6 41.08
11386.51 80.83
11388.52 222.04
11390.51 238.22
11392.52 216.44
11394.51 54.71
11396.53 261.25
11398.51 13.13
11400.52 222.43
11402.51 246.27
11404.51 42.19
11406.51 106.36
11408.52 36.73
11410.51 36.49
11412.51 232.16
11414.51 6.46
11416.53 235.06
11418.51 66.24
11420.51 160.21
11422.51 39.69
11424.51 195.86
11426.53 210.33
11428.51 61.87
11430.51 190.68
11432.51 34.01
11434.51 186.95
11436.52 192.03
11438.52 47.32
11440.51 183.27
11442.51 54.53
11444.51 211.49
11446.51 33.25
11448.51 270.94
11450.51 292.5
11452.51 42.63
11454.51 272.27
11456.51 139.14
11458.51 282.52
11460.51 249.94
11462.53 50.85
11464.51 89.83
11466.51 45.08
11468.51 224.46
11470.51 47.31
11472.51 255.33
11474.52 249.35
11476.51 57.84
11478.51 247.16
11480.51 34.87
11482.51 258.84
11484.51 234.59
11486.51 42.2
11488.52 276.1
11490.51 31.8
11492.51 264.19
11494.51 37.98
11496.51 218.85
11498.51 200.06
11500.51 37.31
11502.51 195.36
11504.51 34.3
11506.51 56.91
11508.51 207.84
11510.51 47.31
11512.51 168.76
11514.51 54.72
11516.51 249.04
11518.51 51.57
11520.52 254.3
11522.51 254.3
11524.51 35.11
11526.51 201.53
11528.52 38.6
11530.51 61.05
11532.51 266.25
11534.52 45.27
11536.52 270.72
11538.51 39.87
11540.51 265.47
11542.51 39.59
11544.51 245.03
11546.51 117.98
11548.51 47.22
11550.51 160.19
11552.53 35.66
11554.51 55.63
11556.51 181.58
11558.51 85.02
11560.52 221.29
11562.76 41.81
11564.76 216.59
11566.76 52.44
11568.77 226.64
11570.76 226.64
11572.76 32.88
11574.76 135.13
11576.77 38.12
11578.76 117.98
11580.76 192.38
11582.76 183.82
11584.88 177.85
11586.76 59.88
11588.76 158.76
11590.76 54.03
11592.77 132.05
11594.76 76.21
11596.76 50.11
11598.76 188.95
11600.76 47.81
11602.77 133.88
11604.76 161.23
11606.76 54.04
11608.76 151.76
11610.76 37.13
11612.76 175.33
11614.76 33.97
11616.76 163.84
11618.76 195.92
11620.76 46.26
11622.76 145.62
11624.77 12.51
11626.86 107.83
11628.77 27.64
