0.0 0.26
3.02 0.61
4.74 0.49
5.93 1.23
6.63 2.99
7.5 2.08
8.68 0.21
10.04 0.55
11.48 1.93
12.96 1.55
14.46 1.73
16.45 0.28
17.75 0.46
19.58 0.1
21.07 0.27
22.7 1.01
24.31 0.9
25.82 1.74
27.68 1.56
28.57 1.09
31.12 1.07
32.57 0.31
34.47 1.15
37.3 1.03
41.48 1.05
42.93 0.17
43.77 1.68
45.61 0.12
51.06 0.5
55.15 0.68
58.15 0.2
62.43 1.0
65.7 0.01
68.27 0.75
70.63 0.02
71.19 0.61
71.93 1.39
72.92 2.22
73.58 0.36
74.72 0.07
75.58 2.03
76.96 1.98
78.98 0.06
81.0 1.84
83.08 2.26
85.09 3.98
87.09 5.68
89.14 6.51
91.13 0.39
94.34 3.68
97.1 3.53
100.71 0.39
104.15 2.21
106.03 1.21
107.76 0.37
110.0 0.66
111.72 1.76
113.33 4.53
114.6 4.54
116.76 1.43
119.37 0.38
122.04 3.53
124.47 4.07
125.09 5.29
125.73 6.7
127.56 0.79
129.57 1.65
132.33 4.69
135.79 3.75
136.44 4.7
138.83 0.52
140.85 0.35
142.8 7.76
144.89 0.92
146.74 4.16
148.99 4.33
150.84 3.94
151.88 5.51
154.98 3.28
156.49 4.48
159.08 5.48
160.46 0.77
163.68 0.58
165.02 4.54
166.68 3.89
168.64 5.37
171.26 0.6
173.94 3.29
175.95 2.92
176.58 3.78
178.44 0.35
180.53 3.48
182.92 2.25
185.69 4.4
186.8 5.56
189.14 1.12
191.58 4.11
193.85 4.3
195.7 4.71
196.65 0.28
198.36 0.95
200.31 7.04
201.66 4.08
203.6 2.34
205.67 2.89
207.83 3.5
209.38 3.5
210.76 4.43
211.56 5.54
213.08 6.09
215.19 0.42
217.13 0.83
219.14 3.11
221.16 1.58
223.17 1.51
225.18 2.18
227.21 1.68
229.21 1.22
231.23 0.34
233.26 0.53
235.27 0.12
237.29 1.83
239.74 3.54
242.13 0.87
245.06 0.05
246.29 2.07
247.4 4.38
249.41 4.4
251.44 6.28
253.43 0.11
255.44 0.23
257.44 0.24
259.45 0.23
261.47 0.73
263.51 4.36
265.5 0.56
267.52 0.15
269.53 0.56
271.54 0.76
273.56 0.24
275.57 0.34
277.6 1.16
279.62 1.25
281.63 0.93
283.66 0.62
285.67 0.77
289.05 3.73
291.48 0.67
294.21 0.27
295.88 0.32
296.89 1.08
297.95 1.01
299.84 0.16
301.93 0.47
303.21 5.26
305.87 0.11
307.4 0.42
309.88 0.43
311.87 5.52
314.57 0.89
316.73 2.72
318.67 1.42
320.56 0.35
322.49 1.27
324.44 0.89
326.51 1.24
328.4 1.86
329.99 0.74
331.59 1.09
333.65 0.85
336.3 4.39
337.96 4.49
339.28 4.69
341.13 5.84
343.15 5.9
345.18 7.01
347.19 0.38
349.19 3.93
351.62 0.44
354.1 2.73
355.82 4.53
357.32 4.45
359.3 4.05
361.32 0.51
363.34 0.06
365.36 0.61
367.39 0.3
369.17 7.95
371.28 0.69
