0.0 0.05
0.77 1.17
1.69 1.2
2.64 0.61
3.4 1.6
4.42 1.39
5.92 0.15
6.54 0.86
7.06 0.78
8.56 0.27
10.6 0.75
12.54 0.97
14.52 1.22
16.66 0.37
18.57 1.18
21.28 0.04
23.82 0.01
24.57 1.98
26.65 0.01
28.55 1.01
30.59 0.19
32.67 2.18
34.52 0.06
36.95 0.19
38.6 0.6
41.04 0.6
43.62 0.55
44.8 0.16
46.64 0.1
48.77 0.13
50.52 0.16
52.73 0.51
54.85 0.06
56.59 0.13
58.66 0.13
60.66 0.12
62.58 0.67
64.68 0.17
66.63 1.4
68.77 0.11
70.53 0.06
72.55 1.24
74.69 1.06
76.76 0.4
78.75 0.22
80.55 0.42
82.59 1.09
84.56 0.75
86.71 1.11
88.77 1.67
91.08 0.28
93.75 0.27
95.21 0.07
96.54 1.56
98.56 0.12
100.54 1.83
102.61 0.1
104.72 0.07
106.76 1.05
108.62 0.69
110.7 2.15
113.42 0.68
114.72 0.71
117.12 0.28
118.84 0.85
120.78 0.43
122.85 1.21
125.31 1.97
126.63 1.91
128.78 0.67
131.23 2.87
134.61 0.04
135.95 0.13
136.96 1.29
138.82 2.67
140.79 0.72
142.93 0.89
144.81 1.55
146.79 0.4
148.96 1.54
151.3 0.69
152.85 1.42
155.8 0.58
157.62 0.79
158.78 0.07
160.84 0.06
162.78 1.06
164.87 0.33
167.17 0.34
168.81 0.77
170.83 0.17
172.79 0.22
174.87 0.69
177.08 2.21
178.96 1.31
180.8 0.9
182.8 0.36
184.85 0.94
186.7 1.2
188.82 0.23
190.85 1.42
192.84 0.02
194.83 0.37
196.83 1.23
198.87 0.32
200.94 1.01
202.84 1.64
204.84 1.0
206.79 0.04
208.82 2.34
210.95 1.15
212.87 2.17
215.04 0.26
216.86 0.47
218.78 1.41
220.96 1.4
222.77 1.61
225.43 0.95
226.9 1.01
229.54 1.04
231.26 0.4
233.08 2.17
234.84 3.16
237.23 0.09
239.01 0.06
241.66 3.03
243.69 2.7
247.82 1.1
250.3 0.08
251.32 1.04
252.87 1.31
253.84 0.66
254.91 2.4
256.84 0.77
258.72 1.62
261.07 1.09
262.81 0.97
264.77 2.82
266.85 2.91
268.83 0.61
271.05 0.08
273.51 2.77
275.96 0.54
278.93 1.54
281.33 0.24
282.44 2.57
284.59 0.12
286.39 0.62
288.4 0.05
290.35 1.9
292.47 3.02
294.55 1.73
296.57 1.73
299.32 0.86
300.91 0.27
302.4 0.3
305.09 0.11
306.56 0.58
308.65 0.05
310.61 0.89
312.6 0.68
314.42 0.07
316.46 0.22
318.83 1.2
320.57 0.75
322.38 0.06
324.69 0.48
326.42 0.65
328.56 0.18
330.38 1.5
332.4 0.35
334.38 0.71
336.79 1.02
338.53 0.42
340.42 0.43
342.42 0.91
344.44 1.57
346.63 0.39
348.39 0.69
350.58 0.94
352.68 0.02
354.4 0.54
356.73 0.15
358.35 0.05
360.9 1.07
362.72 0.01
364.39 0.02
366.44 0.59
368.46 0.87
370.72 0.4
372.57 0.5
374.77 0.56
376.75 0.03
378.5 0.43
380.6 0.33
382.67 0.77
384.96 0.47
386.89 0.13
388.96 1.02
391.12 0.13
392.61 1.41
394.6 0.38
396.92 1.36
398.89 0.39
400.89 0.86
402.61 0.34
404.75 0.91
406.8 1.13
409.0 0.05
410.62 0.91
413.3 0.1
414.61 1.32
417.59 0.3
419.2 0.13
420.79 0.81
422.67 0.44
424.89 0.67
426.59 0.32
428.63 0.83
431.08 0.3
433.07 0.03
434.75 0.56
436.78 0.57
438.92 1.33
441.35 0.35
442.73 1.49
444.74 1.39
446.75 0.74
448.72 1.48
450.6 2.2
454.1 0.16
454.94 1.91
456.61 1.38
458.63 0.12
460.65 0.38
462.64 1.23
464.65 1.67
466.85 0.14
468.84 0.1
470.68 0.64
472.63 0.41
474.69 0.59
477.05 0.3
478.64 2.27
480.62 1.57
482.62 1.35
484.83 2.65
486.62 1.64
488.68 1.36
490.63 0.08
492.7 0.14
494.66 1.0
497.07 0.21
498.52 3.99
500.66 4.77
502.66 2.68
505.19 0.13
506.95 0.36
509.03 1.18
511.57 5.63
513.68 0.61
514.82 0.15
517.25 0.11
519.04 2.43
520.78 2.73
522.96 0.68
525.56 0.26
527.66 3.5
530.07 0.59
532.27 1.52
533.76 4.68
536.52 0.66
537.35 4.25
539.37 1.03
541.31 0.43
542.77 5.75
544.61 4.3
546.64 5.05
548.61 0.87
550.72 0.91
552.97 0.06
554.76 3.97
556.67 0.64
558.84 0.55
560.61 3.06
562.82 2.31
564.63 3.0
566.91 2.9
568.75 0.04
570.83 2.74
573.36 1.02
574.97 1.72
577.42 1.09
580.32 0.06
581.9 2.39
583.94 0.06
585.66 2.14
588.41 0.66
592.66 0.01
593.35 1.23
595.37 1.05
597.35 1.09
598.94 0.51
600.15 0.46
602.59 0.1
603.91 0.39
605.74 1.23
609.31 0.46
610.42 0.77
611.81 0.47
613.38 0.01
614.91 0.4
617.08 0.63
618.83 1.38
620.64 0.65
622.97 0.71
624.87 0.2
627.08 0.39
628.86 0.58
630.9 0.79
633.03 0.72
634.91 0.09
637.04 0.45
638.98 0.23
640.93 0.38
642.87 0.66
645.09 0.02
646.92 0.3
649.02 0.12
651.2 0.47
653.03 0.2
654.83 0.32
656.96 0.51
659.03 0.69
660.92 0.25
663.27 0.14
665.13 0.05
666.8 0.73
668.92 0.92
671.07 0.37
673.39 0.54
675.18 0.06
677.01 0.23
678.87 0.35
681.51 0.68
684.36 0.25
684.97 0.54
686.86 0.58
688.92 0.61
690.9 0.61
692.86 0.59
694.97 0.86
696.95 0.75
698.89 0.42
701.14 0.06
702.98 0.16
705.22 0.49
707.66 0.03
709.21 0.33
711.02 0.45
713.2 1.69
714.86 0.67
717.05 1.99
718.87 0.77
722.01 0.05
723.11 1.02
724.95 1.45
726.93 0.32
729.24 0.39
730.91 0.22
733.05 1.64
735.44 0.65
736.99 2.13
739.0 0.49
740.91 1.36
743.03 0.26
744.89 1.22
747.12 1.35
750.14 0.31
751.0 0.05
752.9 1.63
754.96 0.51
756.86 2.11
758.9 0.4
760.91 2.48
762.9 0.57
764.91 1.02
767.02 0.14
768.89 0.24
770.87 1.44
772.97 3.48
774.96 2.57
776.89 0.05
779.14 0.06
780.9 0.09
782.9 0.32
785.03 3.01
786.9 2.3
789.42 1.23
790.91 0.06
793.01 0.19
795.02 0.06
797.32 2.45
798.89 0.15
800.88 0.5
802.91 0.89
805.03 0.02
806.96 1.4
808.85 0.02
810.92 0.15
812.86 2.51
815.29 0.02
816.92 1.19
818.99 2.19
820.94 2.98
822.86 0.47
824.88 0.57
826.9 3.34
828.91 2.42
831.07 4.6
832.9 1.77
834.94 0.14
836.92 0.45
838.89 3.06
840.88 0.35
842.9 0.13
845.04 0.2
846.88 0.52
848.85 0.76
850.94 0.47
853.02 1.51
855.11 0.29
856.9 2.03
858.97 1.93
861.1 0.84
863.09 0.36
865.01 0.95
867.2 0.8
869.01 0.78
871.18 1.34
872.93 1.4
874.91 0.13
877.23 1.56
879.11 0.18
881.93 0.77
883.31 0.15
885.25 0.95
887.12 0.44
889.16 0.63
891.89 0.01
893.13 0.78
895.15 0.07
897.16 0.97
899.45 0.1
901.12 0.86
903.98 0.09
905.16 0.36
907.58 0.6
909.19 0.9
911.52 0.54
913.55 0.48
915.12 0.05
918.1 0.14
919.14 0.38
921.33 0.69
923.26 0.7
925.15 0.59
927.34 0.55
929.12 0.77
931.14 0.65
933.19 0.53
935.27 0.31
937.18 0.62
939.13 0.06
941.87 0.34
943.25 0.45
945.27 0.3
947.21 1.06
949.51 0.51
952.98 0.21
954.22 0.02
955.25 0.6
957.64 0.18
959.34 0.66
961.35 0.11
963.19 0.32
965.15 0.62
967.51 0.91
969.29 0.87
971.12 0.05
973.22 0.5
975.68 0.02
977.3 0.38
979.14 0.69
981.11 0.41
983.12 1.57
985.23 0.88
987.39 0.46
989.21 1.12
991.1 0.13
993.16 1.93
995.15 0.06
997.12 1.83
999.19 0.04
1001.11 0.98
1003.18 0.43
1005.13 0.99
1007.24 0.46
1009.13 0.06
1011.38 2.34
1013.4 0.7
1015.26 0.18
1017.11 1.48
1019.45 1.64
1021.68 1.64
1023.38 0.27
1025.14 0.02
1027.15 0.27
1029.12 1.2
1031.27 0.06
1033.15 2.05
1035.47 2.05
1037.2 2.25
1039.18 0.08
1041.18 1.89
1043.46 0.29
1045.16 2.9
1047.15 0.08
1049.2 1.03
1051.3 1.57
1053.16 2.85
1055.19 1.29
1057.19 2.31
1059.21 0.85
1061.23 2.12
1064.35 0.39
1065.3 0.74
1067.47 0.07
1069.27 0.43
1071.43 3.61
1073.2 0.34
1075.13 0.77
1077.2 1.3
1079.32 0.78
1081.39 0.98
1084.35 0.01
1085.24 1.02
1087.21 0.41
1089.1 1.24
1091.38 0.84
1093.17 1.91
1095.51 0.1
1097.37 0.44
1099.72 0.87
1101.4 0.05
1103.95 1.47
1105.16 0.74
1107.31 2.07
1109.36 1.04
1111.61 1.55
1113.14 0.69
1116.33 0.17
1117.38 1.08
1119.41 1.28
1121.14 0.9
1123.19 0.61
1125.27 0.29
1127.44 1.76
1129.58 0.19
1131.13 2.6
1133.43 2.41
1137.07 0.55
1139.7 0.01
1141.0 1.88
1143.88 0.61
1145.08 0.35
1147.24 1.7
1149.09 2.33
1151.29 1.45
1153.1 0.09
1155.42 0.53
1157.19 1.88
1159.28 2.01
1161.17 0.66
1163.37 1.98
1165.3 0.98
1167.71 0.03
1169.15 3.66
1171.42 0.37
1173.16 0.26
1175.18 0.26
1177.1 2.17
1179.16 1.49
1181.27 0.16
1183.15 1.86
1185.2 2.87
1187.27 1.54
1189.05 2.44
1191.1 0.07
1193.53 1.38
1195.41 0.28
1197.2 3.07
1199.21 1.23
1201.29 0.15
1203.12 2.4
1205.52 0.59
1207.14 0.19
1209.12 1.29
1211.59 0.3
1214.32 1.6
1215.91 1.8
1218.66 1.12
1220.61 1.8
1222.61 0.83
1224.61 0.55
1226.66 2.4
1228.66 0.21
1230.77 0.06
1232.67 1.14
1236.4 0.15
1237.5 0.33
1238.78 0.26
1240.66 0.72
1242.94 0.04
1244.68 0.22
1246.66 0.08
1248.78 1.58
1251.42 2.07
1252.76 0.24
1254.61 1.57
1256.74 1.13
1258.68 1.13
1260.88 0.29
1262.73 0.28
1264.73 1.5
1267.32 0.97
1268.73 1.27
1270.86 0.35
1272.62 0.73
1274.66 0.77
1276.74 0.44
1278.85 0.55
1280.71 0.73
1283.43 0.27
1284.73 0.95
1286.77 0.32
1288.73 0.12
1290.6 0.1
1292.68 0.53
1294.63 0.12
1296.67 0.5
1298.82 0.55
1300.7 0.65
1302.65 1.53
1304.85 0.37
1306.68 0.02
1308.77 0.77
1310.71 0.16
1312.67 0.07
1314.93 0.29
1316.72 0.75
1318.76 0.69
1320.75 1.02
1322.78 1.09
1324.64 0.37
1326.62 0.3
1328.93 0.48
1331.08 0.04
1332.61 1.53
1334.62 0.46
1337.85 0.92
1338.84 0.8
1340.86 0.53
1342.79 0.77
1344.69 0.8
1346.78 0.75
1348.73 0.57
1350.84 0.21
1352.9 0.35
1355.46 0.83
1356.8 0.81
1359.83 0.04
1361.28 0.25
1363.6 0.04
1365.41 0.35
1366.85 0.18
1368.75 0.18
1370.62 0.6
1372.96 0.46
1377.15 0.01
1379.31 0.98
1380.59 0.44
1382.28 0.93
1384.51 0.01
1386.4 0.26
1387.68 0.51
1388.97 0.77
1391.72 0.03
1393.02 0.79
1394.97 0.75
1396.99 0.34
1399.28 0.25
1400.79 0.75
1403.09 0.07
1404.94 0.72
1406.96 1.08
1408.87 0.39
1410.89 0.83
1412.98 1.56
1415.04 0.09
1416.89 0.24
1418.87 1.0
1420.98 0.47
1422.85 1.07
1424.93 0.01
1426.9 0.64
1429.94 0.78
1430.88 0.8
1432.86 0.49
1434.9 1.72
1436.85 0.12
1439.52 0.22
1440.94 0.48
1443.36 0.25
1444.92 0.15
1447.0 1.17
1448.9 0.22
1452.91 1.61
1455.05 1.02
1456.71 1.02
1459.55 0.12
1460.57 1.34
1462.58 0.92
1464.56 0.1
1466.61 1.14
1468.74 1.03
1470.86 0.73
1472.62 0.59
1474.56 0.23
1476.57 1.53
1478.61 1.21
1480.62 1.75
1482.58 1.85
1484.94 1.67
1486.89 0.19
1488.62 0.4
1491.06 0.15
1493.49 0.07
1494.61 0.66
1496.58 1.0
1498.7 0.92
1500.6 0.63
1502.81 0.33
1504.58 0.63
1507.59 0.63
1508.72 0.58
1511.04 0.14
1512.65 1.18
1514.79 0.96
1516.65 1.1
1518.82 0.63
1520.93 0.04
1523.25 0.5
1524.58 1.29
1526.59 0.33
1528.64 0.43
1530.75 0.3
1532.63 0.43
1534.8 0.33
1537.15 0.57
1538.59 0.8
1540.7 0.14
1542.69 0.03
1544.94 0.06
1546.82 0.13
1548.85 0.24
1551.81 0.11
1552.81 0.44
1554.87 0.09
1556.59 0.11
1558.55 0.83
1560.58 0.79
1562.6 0.75
1564.62 0.89
1566.6 0.45
1568.61 0.71
1570.67 0.72
1572.67 0.62
1574.69 0.08
1576.91 0.03
1579.36 0.56
1580.68 0.47
1582.65 0.4
1584.59 0.29
1586.6 0.42
1588.64 0.39
1590.56 0.49
1592.62 0.94
1594.61 0.42
1596.74 0.44
1598.78 0.18
1600.56 0.5
1602.83 0.17
1604.57 0.96
1606.61 1.61
1608.71 0.07
1610.62 1.21
1612.78 0.53
1614.74 0.05
1616.68 0.2
1618.61 1.08
1620.63 0.23
1622.63 0.12
1624.61 1.81
1626.62 0.29
1629.04 0.67
1630.6 0.91
1632.61 0.9
1634.81 0.92
1636.64 1.32
1638.86 0.83
1641.64 0.1
1643.01 0.27
1644.73 0.65
1646.85 1.2
1648.87 1.92
1650.86 0.45
1652.91 1.08
1654.84 1.28
1656.86 1.79
1659.26 0.4
1660.82 0.1
1662.83 0.08
1664.83 0.33
1667.03 0.28
1668.91 0.24
1670.81 0.05
1672.83 0.62
1675.21 0.87
1676.85 0.53
1678.98 0.73
1681.07 0.55
1682.8 0.95
1684.95 0.64
1686.82 0.24
1689.0 0.04
1691.06 0.35
1693.02 0.11
1694.95 0.28
1696.88 0.64
1698.96 0.77
1701.11 0.71
1702.95 0.8
1705.12 0.85
1706.84 0.32
1708.94 0.28
1710.89 1.05
1713.47 0.59
1714.82 0.19
1716.85 0.99
1718.82 0.91
1721.01 0.16
1722.86 0.84
1724.79 0.01
1726.81 0.2
1728.97 0.83
1730.74 1.24
1733.31 0.07
1734.82 0.26
1737.2 0.42
1739.08 0.16
1741.03 0.25
1742.91 1.46
1744.96 0.48
1746.87 0.23
1749.09 0.6
1750.83 0.97
1752.9 1.17
1754.82 0.18
1756.82 1.64
1759.03 1.72
1760.87 1.39
1762.83 1.07
1764.87 1.21
1767.13 0.28
1769.11 1.57
1771.26 2.12
1773.7 0.13
1774.98 0.36
1777.35 1.6
1779.18 0.37
1781.66 0.15
1782.9 0.36
1785.1 0.08
1786.87 0.11
1788.92 0.78
1790.81 0.27
1794.03 0.65
1795.17 0.57
1797.37 0.97
1798.99 0.9
1801.53 0.79
1802.87 0.06
1805.34 1.13
1807.15 0.66
1809.77 0.31
1810.98 0.07
1813.21 0.26
1814.99 1.15
1816.79 1.29
1818.88 0.33
1821.16 2.15
1822.81 2.21
1824.95 1.29
1826.83 1.93
1829.19 1.17
1831.15 1.74
1833.06 1.04
1835.07 2.72
1837.37 0.93
1839.44 0.33
1840.99 1.13
1842.93 0.05
1845.51 0.17
1847.0 0.11
1848.85 0.07
1850.88 1.18
1853.0 2.93
1854.94 2.93
1856.85 0.06
1858.82 2.34
1860.87 1.28
1862.84 1.6
1864.91 2.43
1866.81 1.33
1868.95 0.39
1870.81 1.36
1872.89 1.03
1875.06 0.61
1877.39 1.6
1879.03 0.3
1881.01 0.16
1882.93 1.14
1885.82 0.01
1887.05 2.22
1889.18 1.68
1891.78 0.08
1897.18 0.0
1898.23 0.08
1898.89 0.08
1899.65 0.35
1901.84 1.58
1903.15 1.58
1905.22 0.27
1907.26 0.84
1909.09 0.12
1911.11 0.33
1913.07 1.32
1915.08 0.12
1917.41 1.33
1919.03 0.16
1921.85 0.62
1923.13 0.79
1925.36 0.35
1927.35 0.25
1929.93 0.24
1931.57 1.19
1933.11 1.31
1935.59 0.49
1937.35 0.25
1939.11 1.3
1941.11 0.03
1943.1 0.69
1945.27 2.33
1947.23 1.09
1949.22 1.02
1953.16 2.69
1957.04 0.0
1958.52 0.52
1959.08 1.29
1961.14 2.47
1962.88 1.9
1965.55 1.46
1967.03 1.29
1971.08 0.17
1972.75 1.16
1974.81 1.39
1977.02 2.93
1978.81 0.1
1980.83 1.03
1982.75 0.09
1984.73 1.05
1986.76 0.78
1988.71 1.86
1990.75 0.09
1992.72 1.08
1994.69 1.06
1996.95 1.92
1998.72 1.08
2000.72 0.51
2002.7 2.25
2004.84 0.07
2006.71 0.03
2008.84 0.96
2010.71 1.82
2012.72 1.71
2014.82 1.32
2016.72 2.7
2018.97 3.36
2020.86 1.3
2022.78 0.95
2025.33 2.27
2026.86 2.27
2028.74 0.76
2030.77 0.14
2032.71 2.74
2034.87 0.12
2036.73 1.1
2038.88 1.83
2041.26 1.77
2043.0 0.34
2045.26 1.29
2046.7 0.86
2049.35 0.03
2050.69 0.26
2052.89 2.24
2054.96 1.53
2056.69 2.2
2058.69 2.75
2060.72 0.12
2062.76 2.11
2064.81 2.7
2066.74 1.63
2068.95 2.68
2070.73 0.62
2072.75 0.07
2074.7 2.09
2076.82 0.33
2078.69 2.82
2081.31 0.53
2082.95 1.58
2084.86 0.07
2086.81 0.45
2088.83 0.05
2090.72 1.54
2092.85 2.5
2094.73 1.42
2096.69 0.05
2098.7 1.32
2101.12 0.08
2103.0 0.18
2105.07 0.24
2106.76 0.91
2108.69 0.99
2110.83 0.98
2112.7 0.75
2114.75 1.72
2116.73 1.73
2118.78 0.74
2120.94 1.86
2122.7 1.88
2124.75 0.55
2126.75 0.18
2128.68 1.96
2130.73 0.18
2132.71 1.1
2135.04 2.18
2137.01 0.82
2138.76 2.38
2141.03 0.25
2143.08 0.96
2145.0 0.02
2147.01 0.15
2148.98 1.41
2151.08 1.22
2152.94 1.71
2155.14 1.26
2157.0 0.93
2159.1 1.84
2161.1 1.42
2163.04 1.16
2165.59 1.92
2166.95 2.1
2168.99 1.18
2171.06 2.09
2173.05 1.08
2174.95 1.52
2176.84 2.03
2178.96 1.44
2181.07 2.74
2183.02 2.4
2185.89 0.1
2187.55 0.9
2189.17 0.17
2191.03 1.32
2193.02 0.47
2195.14 0.65
2197.01 0.64
2199.29 0.21
2200.97 0.48
2203.72 0.8
2206.01 0.08
2207.13 0.27
2209.01 0.06
2211.19 0.21
2214.59 0.11
2216.23 0.59
2217.74 0.57
2218.97 0.57
2221.46 0.16
2222.94 1.26
2225.1 0.41
2226.96 0.95
2229.12 0.58
2231.06 0.63
2234.02 0.03
2235.13 0.58
2237.04 0.62
2238.97 1.26
2241.0 0.74
2243.08 0.5
2245.03 1.45
2247.1 2.13
2249.17 2.23
2251.03 2.09
2252.94 2.8
2254.94 3.39
2256.98 2.25
2259.08 0.32
2261.37 2.88
2263.03 0.54
2265.88 0.76
2267.32 1.4
2269.08 0.15
2272.94 0.07
2273.92 0.8
2274.96 0.94
2277.11 0.35
2279.09 1.19
2281.47 0.04
2283.07 0.7
2285.72 0.13
2286.95 0.93
2289.19 0.67
2291.03 0.76
2293.44 0.08
2294.97 0.15
2296.94 1.32
2299.04 1.21
2301.09 1.45
2303.01 0.76
2305.25 1.43
2307.01 1.02
2309.03 1.15
2311.2 0.88
2314.05 0.51
2314.99 0.18
2316.95 0.13
2322.48 0.0
2323.95 0.08
2324.82 0.04
2326.86 1.04
2328.83 0.01
2330.88 0.25
2332.82 1.05
2334.82 1.49
2336.88 1.08
2338.83 0.6
2340.8 0.78
2342.96 1.1
2344.88 1.56
2346.93 2.63
2348.85 1.92
2350.8 2.72
2352.84 2.51
2354.79 2.06
2357.02 1.7
2358.9 0.54
2360.82 1.43
2362.83 2.19
2364.84 0.7
2366.91 0.39
2368.84 0.67
2370.92 2.46
2372.81 3.63
2375.0 2.34
2376.81 0.66
2379.17 3.05
2380.93 1.68
2382.88 0.42
2389.93 0.0
2390.47 2.56
2392.17 2.13
2394.46 3.61
2396.54 1.42
2398.49 2.0
2400.41 2.86
2402.49 4.64
2404.46 0.47
2406.72 2.01
2408.52 0.52
2410.58 0.46
2412.75 0.19
2414.41 0.29
2416.69 2.05
2418.43 1.21
2420.8 1.35
2422.42 0.64
2425.04 0.72
2426.62 0.48
2428.9 0.53
2430.84 0.65
2432.48 0.02
2434.47 2.22
2436.41 2.14
2438.52 0.72
2440.41 0.16
2442.4 0.1
2444.42 2.76
2446.47 2.95
2448.41 2.41
2450.53 2.86
2452.55 0.18
2454.43 1.57
2456.49 1.1
2458.74 0.04
2460.63 0.85
2462.42 1.08
2464.55 0.63
2466.68 0.34
2468.92 0.02
2470.82 0.23
2472.76 0.53
2474.58 0.22
2476.96 0.73
2478.48 0.7
2480.63 0.92
2482.44 0.1
2484.4 0.38
2486.42 0.02
2488.4 1.02
2490.42 1.03
2492.63 1.53
2494.9 0.26
2496.47 0.93
2498.62 0.02
2500.43 2.22
2502.48 1.49
2504.48 1.3
2506.56 2.18
2508.58 0.08
2510.43 0.99
2513.1 0.02
2514.82 0.7
2516.98 0.76
2518.59 0.83
2520.7 1.37
2522.78 1.28
2524.53 0.56
2526.46 0.91
2529.76 0.16
2531.3 0.35
2532.82 0.41
2534.96 0.04
2536.98 1.59
2538.41 1.51
2540.42 1.07
2542.46 0.36
2544.41 1.65
2546.56 0.29
2548.75 1.09
2550.8 0.09
2552.75 0.09
2554.53 1.1
2556.65 1.03
2558.49 0.56
2560.54 1.1
2562.4 0.61
2564.5 1.65
2566.51 0.5
2568.61 0.83
2570.94 1.03
2572.43 2.06
2574.69 0.92
2576.77 0.15
2578.65 0.99
2581.0 2.15
2582.58 0.04
2584.91 0.31
2586.41 1.95
2588.82 1.33
2590.71 0.57
2592.45 0.14
2594.75 0.06
2596.42 0.02
2598.51 0.81
2601.03 0.05
2602.58 0.11
2604.88 0.03
2606.62 0.07
2608.51 0.43
2610.49 0.87
2612.61 0.04
2615.61 0.86
2616.71 0.71
2618.59 0.13
2620.65 0.59
2622.42 0.64
2624.4 1.13
2626.43 0.35
2628.98 0.95
2630.46 1.36
2632.7 1.02
2634.46 1.25
2636.69 1.55
2638.77 1.63
2640.74 2.6
2642.71 2.04
2645.0 1.28
2646.87 0.48
2648.86 0.08
2650.68 1.7
2652.96 0.01
2654.9 0.67
2656.73 2.09
2658.74 3.64
2660.83 1.03
2662.57 0.06
2664.74 0.15
2666.67 1.17
2668.75 0.09
2670.66 1.56
2672.72 0.23
2675.06 1.15
2676.66 0.59
2678.66 1.83
2681.17 0.31
2683.56 0.69
2684.72 1.35
2687.16 0.71
2688.67 0.38
2690.77 1.3
2693.09 0.1
2694.87 0.7
2696.86 1.05
2699.42 0.76
2700.7 0.97
2702.72 0.37
2705.19 1.52
2706.81 2.38
2708.81 1.97
2710.74 0.93
2712.78 2.03
2714.71 3.01
2716.88 3.01
2719.1 0.21
2720.82 2.35
2723.19 1.03
2724.81 0.17
2727.15 1.33
2729.11 0.59
2730.76 0.52
2732.84 0.54
2734.86 0.6
2736.85 0.93
2739.57 0.52
2741.54 0.86
2742.86 0.26
2745.95 0.23
2747.01 0.96
2750.02 0.78
2750.65 0.8
2752.7 0.05
2754.78 0.14
2756.7 0.89
2759.24 0.02
2761.09 0.43
2763.01 0.25
2764.82 0.58
2767.28 0.19
2769.84 0.12
2771.21 0.14
2772.75 0.04
2775.28 1.15
2776.81 0.4
2779.58 1.33
2780.9 0.15
2783.71 0.9
2784.99 0.08
2786.68 3.23
2788.67 0.28
2791.1 0.39
2792.82 1.02
2794.67 1.19
2796.68 1.04
2798.83 0.59
2800.76 0.08
2802.73 1.33
2804.89 0.09
2806.67 1.61
2808.84 0.76
2810.82 1.24
2812.7 1.23
2815.14 1.39
2816.65 1.49
2818.9 0.53
2821.02 0.13
2822.95 1.97
2824.93 1.46
2826.76 1.11
2828.72 1.79
2831.01 1.04
2832.81 0.38
2836.42 0.62
2838.48 0.61
2840.23 0.52
2842.44 1.55
2844.39 0.22
2846.58 0.12
2848.76 0.3
2850.41 0.55
2852.28 0.56
2855.0 0.3
2856.3 1.62
2858.42 0.44
2860.81 0.01
2862.53 0.69
2864.23 0.29
2866.37 1.49
2868.24 0.47
2870.27 0.48
2872.33 0.11
2874.48 1.5
2876.29 1.5
2878.25 1.44
2880.74 0.01
2882.68 0.13
2884.36 0.27
2886.63 0.81
2891.04 0.01
2892.28 0.68
2893.03 0.65
2894.54 1.06
2896.92 0.96
2898.24 0.46
2900.56 0.48
2902.5 0.43
2904.53 0.14
2906.83 0.6
2908.56 1.96
2910.5 1.05
2912.47 0.9
2914.53 0.67
2916.92 1.03
2918.54 2.26
2920.47 1.41
2922.59 1.48
2924.64 1.75
2926.48 1.59
2928.57 1.32
2930.53 1.81
2932.48 0.55
2935.0 0.45
2937.02 0.07
2938.53 0.92
2940.77 0.16
2942.62 3.21
2944.52 0.65
2946.51 3.54
2948.49 0.86
2950.55 0.43
2952.6 1.31
2954.71 0.9
2956.56 0.11
2959.3 0.46
2960.96 1.53
2962.61 0.04
2964.43 0.68
2966.77 0.1
2968.46 0.08
2971.06 0.64
2972.47 0.74
2975.93 0.92
2976.54 0.89
2978.35 0.02
2980.69 0.05
2982.86 1.37
2984.51 0.37
2986.55 1.2
2988.6 0.11
2990.56 0.41
2992.52 0.93
2994.74 0.09
2996.55 0.54
2998.55 0.32
3000.55 0.03
3002.54 0.95
3004.6 0.08
3006.56 0.51
3008.48 0.05
3010.5 0.78
3012.49 0.89
3014.6 1.53
3016.48 1.45
3019.32 1.29
3020.55 1.17
3022.82 0.02
3024.56 0.44
3027.14 0.02
3028.54 0.02
3030.74 1.84
3032.56 0.25
3035.74 0.28
3036.53 0.75
3038.47 2.05
3041.06 0.05
3042.51 1.22
3044.78 0.39
3046.48 0.06
3048.46 1.23
3050.66 0.93
3052.5 0.36
3054.75 0.35
3056.52 0.04
3059.17 1.24
3061.91 0.03
3062.54 0.21
3065.0 0.36
3067.04 0.8
3069.23 0.14
3070.91 0.48
3072.5 0.52
3075.04 0.21
3077.63 0.1
3079.44 0.23
3080.91 0.11
3082.89 0.02
3084.59 0.44
3087.06 0.29
3088.71 0.13
3091.31 0.65
3092.91 0.52
3094.61 0.01
3096.62 0.16
3098.96 0.34
3100.51 0.35
3102.55 0.39
3104.49 0.07
3106.56 0.85
3108.6 1.09
3111.4 0.26
3113.2 1.16
3114.56 0.18
3116.48 1.48
3118.54 0.21
3120.6 1.22
3122.58 0.09
3124.52 0.04
3127.04 0.03
3128.49 0.02
3130.58 0.96
3132.92 0.12
3134.52 0.01
3136.5 1.02
3138.81 0.02
3140.6 0.09
3142.52 0.21
3144.77 0.02
3147.07 0.01
3148.56 0.24
3151.28 0.04
3152.71 0.14
3154.79 0.81
3156.95 0.61
3158.93 0.85
3161.0 0.46
3163.09 0.13
3165.13 0.08
3169.02 0.31
3170.51 0.22
3171.64 0.22
3172.94 0.12
3174.95 0.77
3176.94 0.59
3178.88 0.4
3180.93 0.36
3182.73 0.34
3184.57 0.99
3187.05 0.32
3188.93 0.91
3190.86 0.65
3192.75 0.98
3194.76 0.64
3196.73 1.07
3198.73 0.92
3200.91 0.19
3203.88 0.3
3204.78 0.85
3207.34 0.22
3209.9 1.46
3211.25 1.46
3212.93 1.06
3215.27 1.02
3217.37 0.19
3220.46 0.23
3221.77 0.19
3223.5 0.32
3227.26 0.26
3228.99 0.63
3231.51 0.12
3233.24 0.15
3234.46 0.16
3236.05 0.26
3236.85 0.38
3238.95 0.51
3240.8 0.37
3242.76 0.97
3244.8 0.7
3247.14 0.06
3248.71 0.25
3250.75 0.75
3252.78 0.08
3254.89 0.75
3257.61 0.9
3259.9 0.05
3261.52 0.3
3263.02 0.07
3264.81 0.73
3266.72 0.64
3268.83 0.52
3270.82 1.33
3273.05 0.35
3274.85 0.26
3276.75 1.01
3278.74 1.18
3280.81 0.83
3282.98 0.81
3284.74 1.85
3286.8 0.28
3288.79 1.39
3291.87 0.12
3293.01 0.48
3294.84 0.87
3296.83 1.75
3298.72 2.78
3300.9 2.23
3302.91 0.29
3304.74 0.15
3306.85 0.04
3308.74 0.52
3311.35 0.01
3312.82 0.91
3315.55 0.78
3317.11 0.06
3319.7 0.45
3320.79 0.73
3323.29 1.04
3324.77 0.95
3326.83 0.73
3328.71 0.05
3330.84 0.03
3332.84 0.39
3334.73 0.6
3336.72 1.32
3338.94 0.89
3341.05 0.69
3342.89 1.03
3344.73 0.16
3346.89 1.84
3348.85 1.71
3350.76 0.16
3352.89 2.28
3355.21 0.51
3356.79 0.96
3358.73 0.35
3360.76 1.76
3363.17 2.32
3364.72 1.5
3366.79 0.86
3369.24 0.34
3371.37 0.04
3372.99 0.93
3375.72 1.11
3377.1 0.11
3379.13 0.31
3381.07 0.73
3383.0 0.82
3384.89 0.67
3386.94 0.34
3388.79 0.74
3391.15 0.7
3392.83 0.05
3394.82 0.35
3396.79 0.54
3399.0 0.54
3401.07 0.2
3403.81 1.35
3405.05 0.9
3406.92 1.89
3409.03 1.26
3411.4 1.61
3413.28 0.86
3415.33 1.06
3417.03 1.06
3419.32 2.62
3421.0 2.76
3422.98 1.13
3425.13 1.32
3427.1 0.96
3429.01 1.66
3430.96 1.77
3433.16 0.21
3435.05 1.11
3437.03 0.94
3439.77 1.16
3441.09 0.9
3443.47 1.11
3445.07 0.05
3447.48 0.58
3449.44 0.44
3451.38 1.33
3453.43 0.41
3457.25 0.42
3459.27 0.14
3460.85 0.47
3488.91 0.68
3489.48 0.68
3490.46 0.1
3491.66 0.24
3547.29 0.64
