0.0 76.37
0.8 84.06
2.8 86.55
4.8 84.69
6.8 84.69
8.8 88.45
10.81 87.66
12.8 87.66
14.8 88.76
16.8 84.44
18.8 73.95
20.8 88.66
22.8 88.66
24.8 90.65
26.8 91.04
28.8 86.11
30.8 86.11
32.8 90.39
34.8 89.06
36.8 95.17
38.8 87.32
40.8 93.18
42.8 90.11
44.8 90.76
46.8 89.43
48.8 88.79
50.8 80.5
52.8 80.5
54.8 80.5
56.8 94.49
58.8 94.49
60.8 94.49
62.8 90.29
64.8 80.72
66.8 80.72
68.8 80.72
70.8 80.72
72.8 80.72
74.8 80.72
76.8 80.72
78.8 80.72
80.8 80.72
82.8 80.72
84.8 80.72
86.8 89.42
88.8 88.48
90.8 88.48
92.8 88.48
94.8 81.12
96.8 81.72
98.8 79.89
100.8 79.89
102.8 79.89
104.8 79.89
106.8 79.89
108.8 79.89
110.8 79.89
112.8 83.95
114.8 80.38
116.8 79.7
118.8 84.79
120.8 83.34
122.8 92.81
124.8 92.81
126.8 91.76
128.81 91.76
130.8 91.76
132.8 91.76
134.8 91.76
136.8 92.36
138.8 92.36
140.8 92.36
142.8 92.85
144.8 9.99
146.8 44.52
148.8 83.06
150.8 83.06
152.8 0.23
154.8 91.16
156.8 79.7
158.8 82.77
160.8 85.61
162.8 85.61
164.8 90.07
166.8 90.0
168.8 91.99
170.8 80.37
172.8 90.07
174.8 91.05
176.8 90.73
178.8 91.09
180.8 85.07
182.8 89.96
184.8 76.46
186.8 90.12
188.8 90.12
190.8 76.43
192.8 76.43
194.8 93.99
196.8 93.99
198.8 93.99
200.8 92.28
202.8 84.25
204.8 83.86
206.8 83.86
208.8 88.89
211.05 91.76
213.05 95.02
215.05 91.85
217.05 89.84
219.05 89.84
221.05 89.84
223.05 91.48
225.05 81.48
227.05 91.74
229.05 74.8
230.87 86.63
233.05 84.62
235.05 82.64
237.05 87.68
239.05 74.41
241.06 73.74
243.05 1.8
245.05 80.78
247.05 87.95
249.05 87.95
251.05 86.11
253.05 78.11
254.87 89.28
257.06 84.57
259.05 78.92
261.05 85.22
263.05 85.22
265.05 88.44
267.05 88.44
269.05 75.48
271.05 88.35
273.05 86.26
275.06 90.19
277.05 90.19
278.88 90.19
281.05 90.19
283.05 90.19
285.05 90.19
287.06 83.43
289.05 87.36
291.05 87.36
293.05 87.36
295.05 87.36
297.56 1.85
299.05 12.17
301.05 15.67
302.9 16.84
305.05 21.48
307.05 23.14
309.05 25.54
311.05 25.29
313.05 31.35
315.05 30.07
317.05 30.02
319.05 39.98
321.05 0.2
323.05 38.57
325.05 45.12
327.05 45.9
329.05 55.24
331.05 60.44
333.05 67.44
335.05 65.51
337.05 74.1
339.05 71.46
341.05 73.97
343.06 72.71
345.05 66.25
347.05 60.95
349.05 60.95
351.05 60.95
353.05 68.78
355.05 78.66
357.05 78.66
359.05 78.66
361.05 74.01
363.05 74.01
365.06 74.01
367.05 74.01
369.05 79.12
371.05 79.12
373.05 79.12
375.05 83.47
377.05 78.85
379.05 78.85
381.05 79.88
383.05 79.88
385.05 83.38
387.05 84.2
389.05 80.13
391.05 90.73
393.05 85.48
395.05 84.11
397.05 84.11
399.05 84.11
401.05 84.11
403.05 84.11
405.05 84.11
407.05 84.11
409.05 84.11
411.05 84.11
413.05 80.03
415.05 77.98
417.05 80.14
419.05 80.14
421.05 78.21
423.05 78.21
425.05 78.21
427.05 78.21
429.05 78.21
431.05 81.88
433.05 81.88
435.05 84.14
437.05 0.12
439.05 82.95
441.05 90.73
443.05 77.74
445.05 88.72
447.05 75.09
449.05 75.09
451.05 78.85
453.05 78.85
455.05 78.85
457.05 78.85
459.05 77.7
461.3 76.27
463.3 92.21
465.3 92.21
467.3 92.21
469.3 88.91
471.3 93.82
473.3 87.07
475.3 87.07
477.3 92.27
479.3 0.34
481.3 33.7
483.3 33.7
485.3 33.7
487.31 96.9
489.3 88.58
491.3 88.58
493.3 89.9
495.3 95.53
497.3 85.81
499.3 89.8
501.3 90.37
503.3 88.66
505.3 92.73
507.3 92.73
509.3 92.73
511.3 92.73
513.3 92.73
515.3 92.73
517.3 92.73
519.3 92.73
521.35 93.58
523.31 93.58
525.31 93.58
527.31 92.11
529.61 92.11
531.31 92.11
533.3 92.11
535.3 92.11
537.3 92.11
539.3 91.92
541.3 86.91
543.3 83.06
545.3 83.06
547.46 83.06
549.3 83.06
551.3 83.06
553.3 83.06
555.3 83.06
557.3 83.06
559.3 83.06
561.3 83.06
563.3 83.06
565.3 83.06
567.3 83.06
569.3 83.06
571.3 83.06
573.35 83.06
575.3 83.06
577.3 83.06
579.31 83.06
581.3 83.06
583.3 53.86
585.3 61.68
587.3 92.63
589.3 83.56
591.3 83.56
593.3 83.56
595.3 83.56
597.31 83.56
599.3 74.23
601.3 93.4
603.3 93.4
605.3 93.4
607.31 93.4
609.3 93.4
611.3 93.4
613.3 93.4
615.3 93.4
617.3 86.4
619.3 85.33
621.3 0.19
623.3 92.0
625.31 30.71
627.3 40.23
629.3 94.5
631.31 56.19
633.31 56.19
635.3 56.19
637.3 56.19
639.31 56.19
641.31 56.19
643.3 81.52
645.3 81.3
647.3 86.81
649.3 86.81
651.3 86.81
