0 68.375
1 83.0
2 100.0
3 93.125
4 24.375
5 12.625
6 12.25
7 12.875
8 10.125
9 4.875
10 20.0
11 18.0
12 14.375
13 25.25
14 8.375
15 15.0
16 0.125
17 13.375
18 13.25
19 10.125
20 22.75
21 23.75
22 25.25
23 27.125
24 29.25
25 29.875
26 25.0
27 23.25
28 35.875
29 36.75
30 51.5
31 67.25
32 68.125
33 58.375
34 81.625
35 80.375
36 93.375
37 123.125
38 73.75
39 80.875
40 10.125
41 14.25
42 28.0
43 90.125
44 104.125
45 115.875
46 83.875
47 99.625
48 66.5
49 13.375
50 14.625
51 78.375
52 34.25
53 15.25
54 12.625
55 15.0
56 51.125
57 83.125
58 93.25
59 92.125
60 97.375
61 87.75
62 50.5
63 74.5
64 67.25
65 110.125
66 105.875
67 24.5
68 11.25
69 14.25
70 22.75
71 76.75
72 119.125
73 113.0
74 111.875
75 142.5
76 123.625
77 103.125
78 142.5
79 137.5
80 126.25
81 117.875
82 145.0
83 124.25
84 128.75
85 160.0
86 111.125
87 14.375
88 24.0
89 114.125
90 146.25
91 152.5
92 152.5
93 141.25
94 158.75
95 161.25
96 152.5
97 120.625
98 153.75
99 156.25
100 167.5
101 182.5
102 181.25
103 157.5
104 195.0
105 198.75
106 161.25
107 119.0
108 79.0
109 88.875
110 96.75
111 108.75
112 138.75
113 132.5
114 126.25
115 98.625
116 112.75
117 120.125
118 100.0
119 97.125
120 88.75
121 92.875
122 94.25
123 87.375
124 71.5
125 0.5
126 3.75
127 1.125
128 3.125
129 1.5
130 1.0
131 11.25
132 15.0
133 47.0
134 84.75
135 130.0
136 141.25
137 141.25
138 171.25
139 120.875
140 122.375
141 130.0
142 137.5
143 12.25
144 15.25
145 12.5
146 12.0
147 13.75
148 100.5
149 107.875
150 147.5
151 122.75
152 86.375
153 20.625
154 2.625
155 4.875
156 9.375
157 1.375
158 14.25
159 13.375
160 15.125
161 11.375
162 14.875
163 13.25
164 12.625
165 15.25
166 12.375
167 13.875
168 11.125
169 14.875
170 13.875
171 47.25
172 63.125
173 62.75
174 68.875
175 45.625
176 52.625
177 62.875
178 65.875
179 71.375
180 73.875
181 81.75
182 72.25
183 73.75
184 76.25
185 87.0
186 89.375
187 88.5
188 94.875
189 93.25
190 91.625
191 99.375
192 98.375
193 115.0
194 111.0
195 111.625
196 104.375
197 114.0
198 108.25
199 119.75
200 116.375
201 109.5
202 99.375
203 116.875
204 120.75
205 116.75
206 113.5
207 146.25
208 103.125
209 109.25
210 136.25
211 157.5
212 142.5
213 74.625
214 39.625
215 117.125
216 117.25
217 142.5
218 152.5
219 13.0
220 15.375
221 12.75
222 12.5
223 81.75
224 137.5
225 70.0
226 108.0
227 114.375
228 114.375
229 74.625
230 4.875
231 67.625
232 95.25
233 91.5
234 100.5
235 18.75
236 7.5
237 4.5
238 15.0
239 10.5
240 9.75
241 9.0
242 8.0
243 7.375
244 8.125
245 9.25
246 9.625
247 9.875
248 8.75
249 12.75
250 13.375
251 23.75
252 32.625
253 43.25
254 46.875
255 52.125
256 57.625
257 66.25
258 64.25
259 77.75
260 84.125
261 87.875
262 100.375
263 100.375
264 97.375
265 80.625
266 14.0
267 13.75
268 76.75
269 106.625
270 95.625
271 94.5
272 102.125
273 118.375
274 124.125
275 115.625
276 124.5
277 108.375
278 102.5
279 109.25
280 109.875
281 99.375
282 101.5
283 96.0
284 121.875
285 117.625
286 155.0
287 135.0
288 101.5
289 103.375
290 95.625
291 92.0
292 178.75
293 155.0
294 205.0
295 155.0
296 138.75
297 152.5
298 198.75
299 175.0
300 68.125
301 38.0
302 90.5
303 87.375
304 98.375
305 21.5
306 66.125
307 76.5
308 38.125
309 68.375
310 75.875
311 73.625
312 67.375
313 93.375
314 88.375
315 97.75
316 91.75
317 95.875
318 97.625
319 41.75
320 12.125
321 33.875
322 82.125
323 70.625
324 11.75
325 15.625
326 71.75
327 69.875
328 86.875
329 92.125
330 90.25
331 94.125
332 80.0
333 96.125
334 96.875
335 81.25
336 89.375
337 98.0
338 102.875
339 101.75
340 110.75
341 115.0
342 120.5
343 138.75
344 131.25
345 147.5
346 133.75
347 161.25
348 146.25
349 176.25
350 165.0
351 178.75
352 175.0
353 186.25
354 183.75
355 181.25
356 172.5
357 183.75
358 177.5
359 171.25
360 170.0
361 170.0
362 178.75
363 165.0
364 182.5
365 160.0
366 185.0
367 182.5
368 170.0
369 165.0
370 141.25
371 183.75
372 185.0
373 172.5
374 141.25
375 14.875
376 10.75
377 117.375
378 155.0
379 136.25
380 141.25
381 128.75
382 116.25
383 125.0
384 131.25
385 155.0
386 135.0
387 140.0
388 147.5
389 136.25
390 155.0
391 116.25
392 177.5
393 143.75
394 93.625
395 103.25
396 112.0
397 97.25
398 84.375
399 103.875
400 110.0
401 56.0
402 77.25
403 98.75
404 84.75
405 98.125
406 60.625
407 2.625
408 1.625
409 48.0
410 21.75
411 2.75
412 30.5
413 5.5
414 3.875
415 6.625
416 14.125
417 15.25
418 14.125
419 52.375
420 64.125
421 62.125
422 62.5
423 62.5
424 63.875
425 62.0
426 55.375
427 11.375
428 14.875
429 58.75
430 62.0
431 64.25
432 63.625
433 67.875
434 68.25
435 60.375
436 12.875
437 11.875
438 57.625
439 65.875
440 62.375
441 61.625
442 64.375
443 67.375
444 68.375
445 63.125
446 73.875
447 71.0
448 72.5
449 79.5
450 81.0
451 83.125
452 85.75
453 89.625
454 93.0
455 95.75
456 108.125
457 103.5
458 112.0
459 83.25
460 115.375
461 109.25
462 126.25
463 121.875
464 119.0
465 112.625
466 140.0
467 114.75
468 102.375
469 84.25
470 83.875
471 85.75
472 52.25
473 14.5
474 15.375
475 12.375
476 14.5
477 13.875
478 11.5
479 15.0
480 13.625
481 13.5
482 15.125
483 13.625
484 13.875
485 15.625
486 21.5
487 31.75
488 41.25
489 54.125
490 65.0
491 6.125
492 10.125
493 17.125
494 15.125
495 10.875
496 26.875
497 9.0
498 7.125
499 15.25
500 10.125
501 25.875
502 38.875
503 40.125
504 44.0
505 44.75
506 51.625
507 50.75
508 50.625
509 54.125
510 54.25
511 52.5
512 53.5
513 54.75
514 54.625
515 53.5
516 55.25
517 54.5
518 64.75
519 65.125
520 68.5
521 60.875
522 63.5
523 72.375
524 53.25
525 0.375
526 11.75
527 14.875
528 18.125
529 61.375
530 59.25
531 69.625
532 68.625
533 69.25
534 71.125
535 74.625
536 75.0
537 69.125
538 74.75
539 67.5
540 79.375
541 74.5
542 73.625
543 78.125
544 82.875
545 73.25
546 83.875
547 74.75
548 81.75
549 83.5
550 108.875
551 97.875
552 97.375
553 75.375
554 98.0
555 70.375
556 70.375
557 119.75
558 105.5
559 125.0
560 161.25
561 161.25
562 138.75
563 123.625
564 112.25
565 112.5
566 105.875
567 81.0
568 55.125
569 35.75
570 5.875
571 11.25
572 11.875
573 21.25
574 26.75
575 34.125
576 42.0
577 58.375
578 64.125
579 85.5
580 92.0
581 80.75
582 100.875
583 109.625
584 119.75
585 110.5
586 95.75
587 105.5
588 102.5
589 8.75
590 15.625
591 9.75
592 18.75
593 64.5
594 63.0
595 84.625
596 101.375
597 111.25
598 113.625
599 123.5
600 112.25
601 111.875
602 102.875
603 121.625
604 110.5
605 104.625
606 90.875
607 97.125
608 109.0
609 130.0
610 137.5
611 126.25
612 108.875
613 2.5
614 10.375
615 14.125
616 9.5
617 38.5
618 48.875
619 42.5
620 1.25
621 13.375
622 29.875
623 0.875
624 1.0
625 7.375
626 8.0
627 37.625
628 52.0
629 2.75
630 14.25
631 33.75
632 4.0
633 7.5
634 23.25
635 34.625
636 1.75
637 21.5
638 28.375
639 42.25
640 49.75
641 12.75
642 8.0
643 23.25
644 21.625
645 4.0
646 16.0
647 4.0
648 2.125
649 4.0
650 1.75
651 15.25
652 9.875
653 1.5
654 9.375
655 14.625
656 12.125
657 26.0
658 24.75
659 19.25
660 10.75
661 12.875
662 14.125
663 14.875
664 3.25
665 8.125
666 22.625
667 42.5
668 45.25
669 46.75
670 47.875
671 48.25
672 50.125
673 55.0
674 48.0
675 54.875
676 53.625
677 58.625
678 55.25
679 59.5
680 54.625
681 68.625
682 64.625
683 61.0
684 67.875
685 66.25
686 13.5
687 15.0
688 11.75
689 13.5
690 14.0
691 15.25
692 11.375
693 10.125
694 14.25
695 11.75
696 15.125
697 14.25
698 15.125
699 38.25
700 70.0
701 64.875
702 78.0
703 72.125
704 81.25
705 74.375
706 70.75
707 73.0
708 98.125
709 25.125
710 11.25
711 13.125
712 19.0
713 78.25
714 84.125
715 82.75
716 84.0
717 83.25
718 94.125
719 91.125
720 90.0
721 102.375
722 108.75
723 99.0
724 103.375
725 110.0
726 93.625
727 130.0
728 117.25
729 112.5
730 130.0
731 102.0
732 140.0
733 135.0
734 116.625
735 110.75
736 106.625
737 100.75
738 115.875
739 94.375
740 79.375
741 121.75
742 107.25
743 156.25
744 147.5
745 143.75
746 138.75
747 122.25
748 132.5
749 120.75
750 109.625
751 121.375
752 124.875
753 136.25
754 122.875
755 133.75
756 100.625
757 124.125
758 124.875
759 115.0
760 103.875
761 126.25
762 122.25
763 100.25
764 123.0
765 120.25
766 27.875
767 14.25
768 14.75
769 13.375
770 18.0
771 77.0
772 104.25
773 94.25
774 96.125
775 77.875
776 72.625
777 85.375
778 96.5
779 112.0
