0.0 76.82
0.81 78.93
2.81 84.6
4.81 80.9
6.81 83.44
8.81 83.44
10.81 65.79
12.81 84.27
14.81 49.96
16.81 56.72
18.81 76.79
20.81 68.05
22.81 83.13
24.81 84.45
26.81 18.32
28.81 36.17
30.81 58.58
32.81 58.58
34.81 78.1
36.81 64.9
38.81 77.57
40.81 63.36
42.81 63.36
44.81 60.81
46.81 60.81
48.81 60.81
50.81 60.81
52.81 79.18
54.81 24.14
56.81 74.92
58.81 67.88
60.81 80.39
62.81 62.16
64.81 68.23
66.81 90.26
68.81 77.77
70.81 68.54
72.81 37.73
74.81 55.34
76.81 86.01
78.81 87.67
80.81 76.01
82.81 76.01
84.81 53.37
86.81 54.52
88.81 54.52
90.81 0.15
92.81 29.85
94.81 74.93
96.81 1.67
98.81 42.7
100.81 84.52
102.81 84.14
104.81 85.72
106.81 86.91
108.81 62.53
110.81 68.82
112.81 68.82
114.81 76.33
116.81 51.26
118.81 71.15
120.81 71.15
123.06 73.03
125.06 60.74
127.06 72.86
129.06 68.53
130.85 68.96
133.06 72.51
135.06 72.2
137.06 65.26
139.06 68.21
141.06 68.21
143.06 80.99
145.07 80.99
147.06 60.38
149.06 85.49
151.06 85.49
153.06 84.84
154.85 63.06
157.06 75.91
159.06 63.42
161.08 69.77
163.06 0.3
165.06 57.46
167.06 57.76
169.06 1.56
171.06 60.91
173.06 68.42
175.06 69.2
177.06 59.66
179.06 68.76
181.06 64.98
183.06 25.33
185.06 68.6
187.06 31.14
189.08 68.81
191.06 68.01
193.06 63.66
195.06 65.93
197.08 37.19
199.06 46.26
201.06 57.26
203.06 43.29
205.07 43.29
207.06 43.29
209.06 43.29
211.08 43.29
213.07 43.29
215.06 56.84
217.06 58.1
219.07 68.3
221.06 58.31
223.08 58.31
225.06 60.15
227.06 67.19
229.07 69.72
231.06 61.4
233.07 68.05
235.07 71.34
237.07 71.34
239.07 71.86
241.06 75.1
243.06 75.1
245.06 75.1
247.07 75.1
249.07 75.1
251.07 75.1
253.07 75.1
255.08 75.1
257.06 75.1
259.07 75.1
261.06 66.21
263.07 61.35
265.06 61.35
267.06 36.01
269.07 60.21
271.08 38.23
273.07 60.62
275.06 60.62
277.07 60.29
279.07 54.37
281.06 60.03
283.06 59.98
285.06 51.32
287.06 59.17
289.06 62.92
291.06 68.75
293.06 68.75
295.06 56.79
297.06 69.17
299.06 72.84
301.06 66.87
303.06 60.85
305.06 49.58
307.06 50.97
309.06 61.45
311.06 32.19
313.06 43.19
315.06 43.19
317.06 15.32
319.06 50.27
321.06 52.92
323.06 14.52
325.06 65.52
327.06 65.52
329.06 63.82
331.07 44.94
333.06 29.44
335.07 23.27
337.06 61.86
339.06 50.91
341.06 62.4
343.06 35.34
345.06 63.59
347.06 63.59
349.06 69.03
351.06 68.16
353.06 33.96
355.06 19.13
357.06 61.21
359.06 67.97
361.06 30.62
363.06 68.87
365.06 29.09
367.06 52.54
369.06 38.06
371.06 13.82
373.06 67.32
375.06 63.38
377.06 63.38
379.06 63.38
381.06 55.66
383.06 59.09
385.06 66.81
387.06 2.48
389.06 58.43
391.06 32.45
393.06 66.63
395.06 36.61
397.31 72.6
399.31 16.01
401.07 47.17
403.31 3.53
405.31 53.36
407.31 52.51
409.1 52.77
411.31 73.54
413.31 73.54
415.31 64.94
417.31 3.27
419.31 29.33
421.31 54.04
423.31 31.58
425.31 52.73
427.31 54.39
429.31 53.62
431.31 54.29
433.1 54.96
435.31 49.31
437.31 63.06
439.31 50.8
441.31 54.67
443.31 20.58
445.31 28.02
447.32 2.47
449.31 15.57
451.31 38.62
453.31 38.25
455.31 40.37
457.31 50.69
459.31 46.09
461.58 52.19
463.37 13.2
465.31 14.9
467.31 15.02
469.31 23.81
471.31 26.52
473.31 28.79
475.31 25.22
477.31 35.55
479.32 38.24
481.31 34.53
483.31 38.96
485.31 39.06
487.31 44.75
489.31 53.42
491.31 53.1
493.31 47.54
495.31 52.92
497.31 53.31
499.31 1.23
501.31 19.84
503.31 1.74
505.31 55.38
507.31 1.0
509.31 59.77
511.31 67.1
513.31 26.53
515.31 39.08
517.31 28.11
519.31 29.77
521.31 49.49
523.31 49.49
525.31 49.49
527.31 56.82
529.31 56.82
531.31 56.82
533.31 56.82
535.31 23.19
537.31 57.99
539.31 55.63
541.31 2.8
543.31 0.74
545.31 57.83
547.31 63.37
549.31 47.94
551.31 62.74
553.31 62.74
555.31 63.65
557.31 39.26
559.31 50.09
561.31 52.65
563.31 44.74
565.31 42.47
567.31 50.42
569.31 20.61
571.31 26.15
573.31 19.56
575.31 49.54
577.31 50.09
579.31 43.53
581.31 24.44
583.31 19.76
585.31 52.86
587.31 53.46
589.31 50.9
591.32 36.06
593.32 40.82
595.31 33.31
597.31 27.17
599.31 59.08
601.31 40.69
603.31 32.27
605.31 43.07
607.31 51.7
609.31 16.96
611.31 62.41
613.31 62.59
615.31 48.81
617.31 30.68
619.31 42.91
621.31 18.72
623.31 42.66
625.31 32.21
627.31 55.77
629.32 53.64
631.31 57.77
633.32 23.62
635.31 56.85
637.31 15.84
639.31 33.54
641.31 51.11
643.31 65.04
645.31 32.95
647.31 21.04
649.56 25.83
651.56 32.67
653.56 32.67
655.56 33.35
657.56 33.35
659.56 57.07
661.56 56.2
663.56 50.27
665.56 43.99
667.56 53.24
669.56 34.88
671.56 50.89
673.56 45.34
675.56 42.01
677.56 49.72
679.56 35.9
681.57 40.52
683.56 49.23
685.56 49.77
687.56 47.11
689.56 42.57
691.56 49.33
693.56 46.15
695.56 48.24
697.57 50.31
699.56 41.44
701.56 49.87
703.56 54.51
705.56 54.19
707.56 54.19
709.56 47.53
711.56 54.19
713.56 54.34
715.56 49.53
717.56 53.59
719.56 43.08
721.56 54.67
723.56 29.11
725.56 53.42
727.56 53.76
729.56 2.63
731.56 53.8
733.56 46.71
735.56 32.46
737.56 49.5
739.56 50.52
741.56 34.15
743.56 52.75
745.56 52.75
747.56 57.1
749.56 56.86
751.57 49.36
753.56 50.68
755.56 32.91
757.56 48.39
759.56 30.56
761.56 48.21
763.58 3.17
765.59 2.33
767.57 27.13
769.56 27.2
771.56 28.23
773.56 27.32
775.56 26.27
777.56 29.58
779.56 38.88
781.56 39.71
783.56 41.3
785.56 35.63
787.56 32.51
789.56 39.39
791.56 40.77
793.56 52.0
795.56 55.93
797.56 38.37
799.56 44.08
801.56 59.53
803.57 50.24
805.56 52.72
807.56 53.65
809.56 55.76
811.56 28.43
813.56 38.54
815.56 44.44
817.56 28.15
819.56 3.81
821.56 20.51
823.56 54.28
825.56 53.05
827.56 48.29
829.56 67.62
831.57 43.43
833.56 0.5
835.56 54.41
837.56 54.41
839.56 0.62
841.56 40.72
843.56 47.85
845.56 49.74
847.56 60.51
849.56 51.4
851.56 33.24
853.56 22.82
855.56 50.72
857.56 28.02
859.56 19.2
861.56 51.91
863.56 0.79
865.56 16.79
867.56 71.45
869.56 71.45
871.57 54.32
873.56 50.62
875.56 63.77
877.56 70.2
879.56 61.05
881.56 69.05
883.56 59.11
885.56 26.5
887.56 68.8
889.56 20.78
891.56 28.51
893.56 67.29
895.56 44.89
897.81 44.89
899.81 44.89
901.81 44.89
903.61 44.89
905.81 44.89
907.81 28.24
909.81 52.89
911.81 52.7
913.81 52.13
915.81 53.77
917.81 42.47
919.81 51.39
921.81 46.26
923.81 19.73
925.81 41.29
927.61 52.7
929.81 51.96
931.81 48.98
933.81 23.66
935.81 56.06
937.81 57.15
939.81 48.55
941.81 56.58
943.81 37.33
945.81 45.37
947.81 47.45
949.81 31.72
951.81 51.56
953.81 49.4
955.81 29.21
957.81 57.08
959.81 1.62
961.81 31.67
963.81 39.58
965.81 58.74
967.81 36.66
969.81 23.71
971.81 64.95
973.81 57.51
975.81 28.58
977.81 59.33
979.81 34.17
981.82 67.42
983.81 67.42
985.81 17.83
987.81 33.38
989.81 36.23
991.81 33.13
993.81 29.33
995.81 40.6
997.81 23.07
999.81 29.22
1001.81 54.15
1003.81 23.05
1005.81 54.38
1007.81 2.83
1009.81 21.64
1011.81 56.76
1013.81 59.96
1015.81 26.98
1017.81 60.88
1019.81 33.32
1021.81 23.47
1023.81 16.85
1025.81 25.33
1027.81 51.32
1029.81 60.81
1031.81 0.99
1033.81 53.9
1035.81 60.5
1037.81 4.61
1039.81 44.64
1041.81 67.11
1043.81 66.02
1045.81 66.02
1047.81 56.61
1049.81 65.77
1051.81 65.77
1053.81 65.77
1055.81 65.77
1057.81 60.36
1059.81 60.36
1061.81 60.36
1063.81 57.03
1065.96 57.03
1067.81 27.1
1069.81 61.65
1071.81 48.86
1073.81 38.62
1075.81 40.74
1077.81 62.25
1079.81 56.5
1081.81 26.53
1083.81 61.31
1085.81 26.71
1087.81 53.9
1089.81 1.52
1091.81 61.2
1093.81 67.4
1095.81 22.86
1097.81 33.76
1099.81 34.44
1101.81 51.32
1103.81 50.42
1105.81 74.48
1107.81 57.36
1109.81 67.85
1111.81 34.46
1113.81 4.28
1115.81 41.68
1117.81 26.69
1119.81 36.04
1121.81 72.96
1123.81 72.66
1125.81 41.96
1127.81 41.96
1129.82 66.34
1131.81 56.76
1133.81 56.76
1135.81 52.83
1137.81 3.8
1139.81 72.11
1141.82 32.41
1143.81 71.19
1145.81 70.12
1147.81 58.28
1150.06 71.62
1152.06 3.39
1154.06 68.82
1156.06 28.23
1157.86 26.91
1160.06 34.9
1162.06 74.51
1164.06 74.51
1166.06 73.98
1168.06 55.21
1170.06 67.58
1172.06 74.81
1174.06 80.8
1176.06 33.4
1178.06 38.86
1180.06 6.36
1181.86 30.24
1184.06 74.49
1186.06 31.89
1188.06 31.96
1190.06 4.57
1192.07 15.36
1194.06 67.38
1196.06 37.16
1198.06 22.1
1200.06 14.48
1202.06 24.61
1204.06 3.01
1206.06 34.62
1208.06 52.96
1210.06 58.92
1212.06 52.59
1214.06 44.96
1216.06 14.95
1218.06 62.9
1220.06 67.84
1222.06 26.9
1224.06 4.6
1226.06 50.23
1228.06 53.63
1230.06 63.65
1232.06 38.96
1234.06 60.48
1236.06 45.4
1238.06 52.9
1240.07 46.97
1242.06 65.77
1244.06 1.45
1246.06 66.75
1248.06 1.32
1250.06 65.88
1252.06 1.11
1254.06 48.54
1256.06 61.28
1258.06 2.62
1260.07 63.81
1262.06 52.55
1264.06 52.55
1266.06 44.05
1268.07 63.13
1270.06 17.23
1272.06 61.05
1274.06 63.37
1276.06 31.86
1278.06 57.51
1280.06 36.28
1282.06 48.48
1284.06 33.4
1286.06 38.33
1288.06 60.93
1290.06 66.37
1292.07 0.18
1294.06 65.09
1296.06 2.53
1298.07 32.16
1300.06 0.39
1302.06 34.93
1304.06 38.0
1306.06 38.0
1308.06 38.0
1310.07 38.0
1312.06 73.79
1314.06 62.52
1316.06 13.79
1318.06 27.23
1320.06 46.92
1322.06 25.08
1324.06 72.88
1326.06 13.74
1328.06 68.24
1330.06 68.24
1332.06 67.69
1334.06 58.92
1336.06 68.25
1338.06 1.62
1340.06 70.16
1342.06 13.57
1344.06 60.9
1346.06 55.57
1348.06 63.06
1350.06 55.1
1352.06 69.21
1354.06 0.73
1356.06 15.16
1358.06 26.19
1360.07 72.36
1362.07 78.78
1364.07 4.15
1366.06 15.9
1368.12 0.34
1370.06 22.27
1372.06 61.63
1374.06 63.94
1376.06 64.2
1378.07 55.05
1380.06 64.65
1382.06 60.96
1384.06 64.22
1386.06 63.63
1388.06 23.66
1390.06 59.48
1392.06 59.48
1394.06 59.48
1396.06 58.84
1398.06 58.84
1400.31 50.83
1402.31 46.95
1404.31 46.95
1406.32 65.13
1408.33 58.67
1410.31 58.67
1412.31 58.67
1414.31 58.67
1416.31 57.48
1418.31 30.81
1420.31 65.62
1422.32 37.48
1424.31 36.48
1426.32 28.57
1428.31 37.93
1430.31 36.6
1432.31 55.71
1434.31 45.82
1436.31 47.31
1438.31 51.26
1440.31 68.06
1442.31 61.97
1444.31 75.53
1446.31 66.04
1448.31 28.95
1450.31 24.75
1452.31 19.39
1454.31 5.36
1456.32 61.95
1458.31 71.05
1460.32 58.36
1462.31 39.65
1464.32 63.3
1466.31 20.87
1468.31 1.94
1470.31 69.8
1472.31 3.44
1474.32 70.65
1476.31 24.4
1478.31 70.68
1480.32 18.69
1482.31 39.64
1484.31 0.65
1486.31 62.65
1488.31 60.75
1490.31 17.84
1492.32 55.42
1494.31 55.42
1496.31 47.17
1498.32 47.17
1500.31 50.76
1502.31 18.21
1504.31 59.39
1506.31 57.97
1508.31 47.1
1510.31 53.72
1512.31 55.43
1514.31 34.64
1516.31 34.64
1518.31 57.19
1520.33 57.19
1522.32 57.19
1524.31 51.62
1526.31 19.26
1528.31 60.44
1530.31 63.69
1532.32 63.69
1534.32 63.69
1536.31 19.97
1538.31 30.89
1540.31 30.89
1542.31 59.26
1544.31 62.73
1546.31 54.2
1548.32 52.14
1550.31 45.46
1552.31 53.71
1554.31 47.97
1556.31 46.44
1558.31 49.65
1560.31 40.23
1562.31 46.97
1564.31 58.65
1566.31 57.1
1568.31 50.82
1570.32 35.81
1572.32 35.81
1574.31 35.81
1576.31 49.54
1578.31 44.62
1580.31 54.18
1582.32 53.96
1584.31 45.81
1586.31 19.8
1588.31 48.2
1590.31 38.43
1592.31 44.1
1594.32 40.99
1596.31 37.46
1598.31 43.7
1600.32 40.82
1602.31 43.89
1604.31 46.85
1606.32 40.71
1608.31 40.4
1610.31 38.57
1612.31 4.32
1614.31 44.88
1616.31 37.48
1618.32 48.85
1620.31 38.05
1622.31 51.18
1624.32 18.63
1626.32 51.53
1628.31 51.54
1630.31 45.35
1632.31 37.05
1634.31 19.31
1636.31 55.81
1638.31 55.71
1640.32 60.23
1642.31 64.69
1644.31 63.78
1646.31 63.78
1648.56 63.78
1650.58 63.78
1652.35 55.79
1654.56 55.79
1656.56 19.74
1658.56 43.37
1660.57 35.53
1662.57 57.45
1664.57 36.26
1666.56 0.35
1668.56 48.3
1670.62 0.37
1672.56 31.0
1674.56 58.2
1676.36 51.65
1678.56 55.32
1680.56 59.89
1682.56 59.29
1684.56 0.32
1686.56 54.39
1688.57 56.36
1690.56 48.84
1692.56 51.74
1694.56 49.38
1696.58 56.55
1698.56 54.02
1700.56 45.19
1702.56 50.12
1704.56 44.08
1706.56 50.65
1708.56 49.73
1710.56 34.5
1712.56 56.86
1714.56 36.08
1716.56 53.82
1718.57 47.78
1720.57 51.21
1722.56 53.04
1724.57 40.17
1726.56 50.47
1728.56 32.16
1730.56 9.26
1732.57 43.75
1734.56 51.96
1736.56 43.87
1738.56 43.96
1740.56 46.24
1742.56 43.65
1744.57 50.99
1746.56 64.45
1748.57 44.03
1750.57 58.48
1752.56 48.78
1754.56 65.34
1756.56 64.36
1758.56 58.58
1760.56 51.74
1762.57 67.3
1764.56 15.05
1766.56 67.07
1768.56 58.17
1770.57 50.32
1772.56 60.75
1774.56 57.02
1776.56 51.17
1778.58 56.31
1780.57 49.09
1782.56 53.33
1784.57 21.35
1786.56 52.82
1788.57 61.46
1790.57 60.42
1792.57 52.01
1794.56 50.74
1796.57 59.41
1798.56 46.85
1800.56 58.1
1802.57 19.45
1804.57 58.81
1806.57 23.45
1808.56 50.79
1810.57 58.9
1812.56 56.42
1814.56 52.89
1816.57 58.59
1818.56 62.21
1820.56 62.21
1822.56 51.87
1824.58 46.05
1826.56 59.76
1828.56 51.33
1830.57 54.63
1832.56 27.98
1834.56 56.32
1836.56 67.18
1838.56 66.51
1840.56 66.6
1842.57 56.57
1844.57 15.95
1846.57 58.0
1848.56 46.17
1850.57 52.84
1852.57 27.15
1854.57 22.34
1856.57 71.49
1858.57 2.7
1860.57 62.69
1862.57 64.73
1864.57 64.53
1866.57 53.95
1868.56 60.16
1870.57 57.9
1872.56 57.9
1874.59 53.64
1876.57 46.36
1878.57 43.89
1880.57 43.59
1882.57 53.57
1884.57 55.5
1886.57 47.43
1888.57 51.82
1890.57 56.7
1892.57 47.98
1894.57 57.45
1896.57 41.08
1898.82 27.47
1900.81 22.59
1902.82 64.78
1904.82 32.01
1906.82 64.72
1908.83 56.8
1910.82 56.8
1912.82 56.8
1914.82 71.94
1916.82 71.94
1918.83 71.0
1920.82 29.86
1922.82 51.88
1924.82 61.32
1926.82 63.13
1928.82 4.2
1930.82 75.06
1932.82 77.72
1934.82 7.03
1936.82 67.69
1938.81 78.17
1940.82 44.2
1942.82 73.58
1944.82 74.71
1946.82 18.07
1948.83 39.41
1950.82 39.41
1952.82 39.41
1954.82 65.84
1956.82 16.58
1958.82 60.26
1960.82 63.69
1962.82 63.69
1964.82 54.52
1966.81 65.49
1968.82 65.18
1970.82 52.94
1972.86 52.94
1974.82 23.97
1976.82 61.23
1978.82 60.1
1980.82 47.57
1982.82 51.81
1984.82 51.81
1986.82 49.27
1988.83 25.31
1990.81 49.59
1992.82 50.1
1994.82 48.07
1996.82 36.49
1998.83 43.5
2000.82 44.1
2002.82 61.66
2004.82 4.47
2006.82 55.28
2008.82 60.34
2010.82 0.73
2012.82 55.69
2014.82 62.27
2016.82 1.92
2018.82 22.35
2020.82 61.97
2022.82 60.18
2024.82 62.42
2026.82 62.01
2028.82 53.38
2030.82 54.31
2032.82 49.67
2034.82 48.03
2036.82 51.8
2038.82 52.04
2040.82 52.04
2042.82 17.97
2044.82 55.61
2046.81 47.47
2048.82 43.59
2050.82 50.03
2052.82 37.67
2054.83 42.31
2056.82 33.17
2058.82 39.01
2060.82 45.47
2062.82 45.57
2064.82 52.55
2066.82 52.81
2068.82 52.22
2070.82 51.79
2072.82 60.0
2074.81 50.63
2076.82 44.54
2078.83 46.51
2080.82 47.68
2082.82 46.97
2084.82 51.04
2086.82 64.75
2088.81 44.56
2090.82 15.02
2092.82 52.55
2094.82 37.25
2096.82 44.12
2098.82 59.91
2100.82 31.1
2102.82 25.18
2104.82 59.35
2106.82 58.59
2108.82 38.41
2110.82 57.49
2112.82 56.34
2114.81 68.71
2116.82 61.39
2118.82 68.89
2120.82 3.97
2122.82 68.07
2124.82 49.29
2126.82 68.54
2128.81 51.65
2130.82 31.75
2132.82 36.22
2134.82 59.81
2136.82 14.93
2138.82 63.41
2140.82 32.08
2142.82 47.45
2144.82 65.09
2146.82 64.11
2149.07 66.94
2151.07 46.22
2153.07 52.51
2155.07 18.7
2157.07 37.59
2159.07 60.54
2161.07 42.7
2163.07 40.59
2165.07 14.78
2167.07 27.87
2169.07 32.71
2170.87 61.83
2173.07 61.85
2175.07 63.03
2177.07 67.92
2179.07 16.94
2181.07 16.63
2183.07 75.04
2185.07 53.16
2187.07 53.16
2189.07 58.62
2191.07 58.62
2193.07 66.82
2195.07 27.77
2197.07 74.19
2199.07 74.52
2201.07 21.54
2203.07 43.04
2205.07 15.31
2207.07 58.02
2209.07 61.64
2211.07 61.64
2213.07 61.64
2215.07 61.64
2217.07 53.31
2219.07 80.24
2221.07 59.45
2223.07 59.45
2225.06 59.45
2227.07 59.45
2229.07 53.45
2231.07 53.45
2233.07 66.06
2235.07 18.36
2237.07 58.47
2239.07 56.61
2241.07 53.96
2243.07 42.31
2245.07 42.31
2247.07 54.04
2249.07 22.5
2251.07 54.17
2253.07 33.09
2255.07 56.29
2257.07 56.21
2259.07 47.31
2261.07 52.2
2263.07 64.17
2265.06 23.67
2267.07 25.4
2269.07 66.13
2271.08 55.96
2273.07 40.54
2275.07 61.21
2277.07 21.3
2279.07 60.23
2281.07 0.93
2283.07 61.95
2285.07 2.29
2287.07 81.1
2289.07 51.72
2291.07 54.04
2293.07 71.95
2295.07 71.95
2297.07 69.3
2299.07 0.73
2301.07 62.74
2303.07 0.69
2305.07 67.17
2307.07 67.17
2309.06 24.68
2311.08 61.85
2313.07 51.46
2315.07 51.46
2317.07 56.15
2319.07 26.44
2321.07 55.62
2323.07 16.04
2325.07 46.44
2327.07 58.76
2329.07 65.9
2331.06 64.47
2333.07 67.32
2335.07 18.63
2337.07 29.32
2339.07 51.71
2341.07 51.71
2343.07 51.71
2345.07 67.23
2347.07 58.01
2349.07 58.01
2351.07 58.01
2353.07 58.01
2355.07 55.93
2357.07 55.93
2359.07 55.93
2361.07 55.93
2363.07 55.93
2365.07 55.93
2367.07 55.93
2369.07 55.93
2371.07 25.85
2373.07 39.93
2375.08 42.01
2377.07 43.33
2379.07 41.18
2381.07 42.08
2383.07 39.15
2385.07 47.86
2387.07 47.66
2389.07 46.67
2391.07 41.9
2393.07 46.69
2395.07 47.22
2397.07 45.32
2399.07 34.42
2401.12 60.63
2403.32 57.55
2405.32 4.09
2407.32 19.97
2409.32 41.4
2411.32 15.84
2413.32 30.61
2415.32 54.53
2417.32 54.56
2419.32 42.89
2421.32 63.33
