0.0 43.57
0.54 55.38
1.12 66.02
1.7 80.67
3.7 86.62
5.7 89.27
7.7 87.55
9.7 100.09
11.71 104.86
13.7 122.28
15.7 112.78
17.7 108.99
19.7 55.9
21.7 123.85
23.7 140.06
25.7 143.68
27.71 131.69
29.7 4.92
31.7 161.96
33.7 0.16
35.7 198.83
37.7 200.27
39.7 1.55
41.7 219.24
43.7 4.27
45.7 217.45
47.7 230.65
49.7 220.79
51.7 232.28
53.7 242.02
55.7 223.19
57.7 1.09
59.7 233.91
61.7 230.64
63.7 5.06
65.7 234.91
67.7 1.29
69.7 258.7
71.7 240.96
73.7 254.37
75.7 262.83
77.7 4.9
79.7 263.03
81.7 1.4
83.7 294.9
85.7 308.97
87.7 4.75
89.7 252.62
91.7 2.99
93.7 218.37
95.71 190.41
97.7 261.86
99.7 223.85
101.7 0.16
103.7 207.77
105.7 0.16
107.7 217.27
109.71 227.89
111.7 4.13
113.7 225.8
115.7 0.15
117.7 207.79
119.7 208.27
121.7 45.46
123.7 240.62
125.7 4.72
127.7 224.24
129.7 0.93
131.7 105.39
133.7 111.42
135.7 5.03
137.71 241.8
139.7 5.05
141.7 242.55
143.7 218.68
145.7 257.35
147.7 262.28
149.7 5.08
151.7 246.77
153.7 5.27
155.7 216.25
157.7 271.29
159.7 0.89
161.7 192.75
163.95 4.84
165.95 281.3
167.86 1.21
169.95 263.89
171.95 279.31
173.95 4.17
175.95 307.96
177.95 5.36
179.95 306.07
181.95 310.19
183.95 5.58
185.95 255.63
187.95 4.7
189.95 332.99
191.85 4.34
193.95 268.57
195.95 233.51
197.95 4.69
199.95 302.06
201.95 1.39
203.95 306.15
205.95 231.08
207.95 4.76
209.95 183.13
211.95 203.27
213.95 299.53
215.86 0.16
217.95 228.31
219.95 277.17
221.95 4.9
223.95 16.2
225.95 1.4
227.95 28.79
229.95 296.25
231.95 293.39
233.95 296.18
235.95 3.23
237.95 361.12
239.85 5.2
241.95 343.01
243.95 352.21
245.95 6.71
247.95 297.25
249.95 4.6
251.95 228.78
253.95 275.72
255.95 347.16
257.95 263.19
259.95 4.89
261.95 281.91
263.85 2.9
265.95 251.7
267.95 301.99
269.96 4.51
271.96 282.33
273.96 5.05
275.95 293.96
277.96 284.65
279.96 292.3
281.95 297.0
283.96 293.74
285.96 260.07
287.85 1.82
289.96 304.67
291.95 304.0
293.95 0.16
295.95 277.49
297.95 5.02
299.95 324.54
301.95 263.16
303.95 213.47
305.95 305.43
307.95 31.57
309.95 102.33
311.87 6.49
313.95 269.59
315.95 41.97
317.95 3.81
319.95 244.21
321.95 0.15
323.95 357.11
325.95 147.69
327.95 361.66
329.95 355.32
331.95 0.16
333.96 317.33
335.95 1.08
337.95 291.83
339.95 231.68
341.95 3.96
343.95 306.75
345.95 0.15
347.95 322.67
349.95 324.47
351.95 5.45
353.97 330.96
355.95 5.04
357.95 274.98
359.95 4.88
361.95 296.32
363.95 300.95
365.95 4.91
367.95 302.31
369.95 4.92
371.95 306.68
373.96 279.69
375.95 7.98
377.95 308.28
379.95 3.01
381.95 313.82
383.95 4.51
385.95 307.69
387.95 307.74
389.96 5.02
392.2 299.39
394.2 4.86
396.2 201.35
398.1 4.9
400.2 343.93
402.2 382.58
404.2 4.39
406.2 330.31
408.2 287.9
410.2 337.92
412.2 317.44
414.2 314.0
416.2 310.46
418.2 5.25
420.2 343.16
422.03 291.93
424.2 300.98
426.2 355.65
428.2 5.81
430.2 252.16
432.2 4.77
434.2 258.57
436.2 233.76
438.2 5.05
440.2 196.36
442.2 0.13
444.2 115.72
446.1 4.36
448.2 123.41
450.2 140.86
452.2 129.33
454.21 129.33
456.2 129.33
458.2 141.37
460.2 150.83
462.2 143.85
464.2 127.8
466.29 5.25
468.2 0.83
470.1 6.24
472.2 99.0
474.2 110.43
476.2 112.08
478.2 111.74
480.2 4.69
482.2 120.64
484.2 72.28
486.2 76.62
488.2 120.74
490.2 5.02
492.2 103.42
494.1 2.85
496.2 55.4
498.2 94.15
500.2 109.68
502.2 98.26
504.2 106.67
506.2 110.18
508.2 110.18
510.2 109.73
512.2 117.28
514.2 2.13
516.2 128.33
518.1 5.16
520.2 128.8
522.2 159.01
524.2 157.75
526.2 161.21
528.2 4.79
530.2 104.52
532.2 123.64
534.2 4.76
536.2 39.64
538.2 4.57
540.2 119.19
542.2 119.19
544.2 119.19
546.2 104.05
548.2 4.99
550.2 77.44
552.2 102.36
554.2 107.08
556.2 107.91
558.2 107.91
560.2 112.09
562.2 112.09
564.2 110.42
566.2 107.46
568.2 114.05
570.2 121.34
572.2 119.45
574.2 119.45
576.2 5.05
578.2 111.76
580.2 115.17
582.2 110.52
584.2 144.69
586.2 4.72
588.2 173.5
590.2 5.99
592.2 193.93
594.2 192.29
596.2 5.29
598.2 207.36
600.2 1.37
602.2 229.66
604.2 233.73
606.2 182.43
608.2 240.79
610.2 1.34
612.2 214.12
614.2 1.09
616.2 254.29
618.2 250.94
620.2 4.59
622.2 264.69
624.2 5.35
626.2 271.92
628.2 251.91
630.2 269.62
632.2 245.19
634.2 4.71
636.2 286.14
638.2 5.19
640.45 308.09
642.45 272.66
644.45 4.89
646.45 297.58
648.45 5.01
650.45 346.42
652.45 320.85
654.45 335.75
656.45 331.52
658.45 275.91
660.45 336.01
662.45 5.63
664.45 307.89
666.45 299.68
668.45 4.93
670.45 290.45
672.45 4.85
674.45 303.58
676.45 274.89
678.45 300.12
680.45 259.63
682.45 1.12
684.45 272.11
686.45 3.82
688.45 341.23
690.45 337.46
692.45 4.91
694.45 177.7
696.45 4.89
698.45 210.73
700.45 155.98
702.45 282.88
704.45 283.23
706.46 4.51
708.45 292.39
710.45 1.28
712.45 277.99
714.45 312.62
716.45 1.35
718.45 159.13
720.45 5.65
722.45 0.14
724.46 344.41
726.45 324.69
728.46 337.13
730.45 0.16
732.45 353.08
734.45 4.88
736.45 289.49
738.45 342.25
740.45 4.38
742.45 209.82
744.45 202.68
746.45 218.3
748.45 241.16
750.45 0.14
752.45 235.41
754.45 1.55
756.45 275.75
758.45 349.32
760.45 311.0
762.45 69.25
764.45 5.75
766.45 363.3
768.45 1.37
770.91 359.3
772.45 339.57
774.45 0.16
776.45 376.55
778.45 6.55
780.45 378.44
782.45 4.24
784.45 363.43
786.45 255.47
788.45 2.78
790.45 203.46
792.45 5.16
794.45 343.3
796.45 343.3
798.45 326.08
800.45 330.19
802.45 3.67
804.45 365.06
806.45 4.11
808.45 358.65
810.45 320.81
812.45 5.05
814.45 305.48
816.45 1.37
818.45 270.71
820.45 302.7
822.45 176.55
824.46 52.62
826.45 3.95
828.45 64.64
830.45 4.7
832.45 32.65
834.45 32.65
836.45 33.33
838.45 33.33
840.45 69.21
842.45 69.21
844.45 73.73
846.45 72.59
848.45 72.59
850.45 72.59
852.45 72.59
854.45 82.62
856.45 83.49
858.45 83.49
860.45 7.7
862.45 98.11
864.45 102.6
866.45 0.4
868.45 110.3
870.45 106.72
872.45 106.72
874.45 0.64
876.45 45.92
878.45 5.24
880.45 35.42
882.45 102.55
884.45 102.55
886.45 105.15
888.45 4.6
890.7 92.03
892.6 1.23
894.7 61.25
896.7 73.35
898.7 95.05
900.7 86.09
902.7 97.49
904.7 109.96
906.7 108.41
908.7 121.71
910.7 119.58
912.7 119.07
914.71 118.84
916.6 5.13
918.7 134.16
920.7 34.14
922.7 40.7
924.7 40.28
926.7 4.93
928.7 51.63
930.7 53.2
932.7 65.24
934.7 65.29
936.7 64.75
938.7 66.96
940.53 68.89
942.7 69.89
944.7 75.81
946.7 74.52
948.7 74.52
950.7 74.52
952.7 74.52
954.7 74.52
956.7 74.52
958.7 69.31
960.7 69.31
962.7 69.31
964.53 81.48
966.7 92.51
968.7 99.22
970.7 106.45
972.7 106.45
974.7 105.54
976.7 105.54
978.7 105.54
980.7 89.3
982.7 116.85
984.7 4.11
986.71 137.88
988.61 4.72
990.7 170.71
992.7 160.34
994.7 5.21
996.7 177.94
998.7 0.16
1000.7 211.5
1002.7 263.4
1004.7 260.15
1006.7 251.12
1008.7 0.16
1010.7 259.09
1012.6 5.13
1014.7 255.14
1016.7 252.34
1018.7 1.49
1020.71 247.81
1022.7 3.21
1024.7 253.45
1026.7 265.88
1028.71 264.47
1030.7 262.27
1032.71 1.7
1034.7 235.16
1036.6 3.98
1038.7 286.81
1040.7 286.24
1042.7 5.02
1044.71 0.73
1046.7 1.26
1048.7 295.5
1050.7 308.42
1052.7 313.45
1054.7 319.88
1056.71 326.23
1058.7 343.56
1060.7 4.58
1062.7 317.96
1064.7 312.42
1066.71 0.16
1068.7 221.66
1070.7 4.99
1072.7 373.01
1074.71 1.22
1076.7 383.08
1078.71 302.05
1080.7 5.26
1082.7 181.83
1084.7 4.89
1086.7 312.17
1088.7 258.1
1090.7 1.46
1092.7 1.44
1094.7 5.05
1096.7 244.6
1098.7 323.75
1100.7 5.51
1102.8 228.61
1104.75 1.86
1106.7 122.14
1108.7 207.41
1110.7 141.25
1112.7 0.08
1114.71 5.03
1116.7 0.07
1118.7 4.14
1120.7 237.56
1122.7 229.4
1124.7 5.95
1126.7 156.63
1128.7 5.03
1130.7 0.15
1132.7 1.07
1134.7 0.08
1136.7 0.1
1138.7 0.15
1140.95 201.99
1142.95 0.15
1144.95 233.28
1146.95 246.2
1148.95 255.63
1150.96 265.14
1152.96 2.38
1154.95 219.91
1156.96 245.39
1158.96 199.18
1160.96 283.23
1162.96 5.27
1164.95 201.53
1166.95 5.18
1168.96 231.49
1170.96 169.94
1172.96 222.04
1174.96 0.08
1176.95 4.71
1178.96 252.54
1180.96 3.5
1182.95 281.74
1184.95 277.54
1186.96 5.21
1188.96 276.56
1190.95 3.68
1192.95 266.11
1194.96 260.71
1196.96 260.71
1198.95 265.65
1200.96 0.14
1202.96 318.87
1204.95 3.83
1206.95 258.98
1208.95 305.65
1210.96 317.55
1212.96 217.06
1214.96 3.23
1216.96 269.12
1218.96 258.17
1220.95 322.97
1222.95 265.94
1224.96 0.15
1226.96 0.96
1228.95 0.16
1230.96 228.7
1232.96 234.63
1234.99 230.19
1236.96 138.17
1238.96 4.44
1240.96 241.81
1242.95 252.8
1244.95 264.81
1246.96 247.55
1248.96 3.67
1250.95 267.28
1252.96 274.06
1254.96 284.98
1256.95 270.97
1258.96 5.05
1260.96 276.61
1262.96 4.67
1264.95 273.64
1266.96 298.16
1268.96 0.08
1270.96 288.33
1272.96 5.32
1274.95 340.77
1276.96 4.99
1278.96 333.94
1280.96 26.26
1282.96 0.16
1284.95 327.01
1286.96 4.24
1288.96 274.57
1290.96 271.97
1292.96 290.15
1294.96 271.11
1296.96 5.01
1298.96 251.05
1300.96 0.16
1302.96 179.82
1304.96 172.4
1306.96 4.71
1308.96 157.5
1310.95 5.1
1312.96 205.33
1314.95 149.77
1316.96 113.85
1318.95 136.45
1320.95 4.91
1322.95 210.41
1324.96 4.72
1326.95 207.87
1328.96 204.72
1330.96 4.9
1332.96 205.69
1334.96 4.87
1336.95 206.53
1338.96 186.51
1340.96 218.6
1342.96 235.68
1344.96 0.89
1346.95 218.15
1348.96 3.7
1350.96 267.03
1352.96 250.41
1354.96 261.88
1356.96 253.5
1358.96 0.16
1360.96 267.19
1362.96 256.9
1364.96 266.58
1366.96 272.41
1368.96 2.71
1370.95 291.82
1372.96 4.87
1374.96 253.05
1376.96 200.02
1378.96 3.07
1380.96 273.53
1382.96 0.93
1384.96 244.69
1386.95 252.23
1388.96 274.97
1390.96 300.4
1393.21 4.45
1395.2 276.44
1397.21 0.15
1399.2 286.64
1401.21 301.69
1403.21 4.87
1405.21 314.96
1407.2 4.68
1409.2 245.48
1411.11 6.68
1413.2 311.43
1415.21 284.05
1417.21 4.47
1419.2 227.98
1421.21 4.62
1423.2 229.73
1425.2 239.56
1427.2 5.07
1429.2 265.08
1431.21 0.16
1433.2 199.91
1435.11 2.45
1437.21 273.66
1439.21 350.36
1441.2 1.17
1443.2 319.53
1445.21 5.04
1447.21 351.97
1449.21 343.02
1451.2 349.86
1453.2 344.02
1455.21 344.32
1457.21 332.89
1459.11 4.7
1461.2 357.61
1463.2 360.23
1465.21 4.44
1467.21 382.83
1469.2 4.92
1471.2 291.59
1473.21 238.34
1475.21 7.15
1477.2 304.11
1479.21 5.29
1481.21 303.19
1483.1 5.22
1485.2 292.27
1487.21 168.69
1489.2 4.71
1491.2 287.68
1493.2 4.51
1495.2 254.61
1497.21 267.15
1499.21 294.65
1501.21 226.91
1503.2 4.89
1505.2 292.69
1507.11 3.06
1509.2 275.85
1511.2 294.68
1513.2 4.1
1515.2 97.55
1517.2 5.49
1519.29 25.87
1521.2 25.87
1523.2 84.91
1525.21 84.91
1527.21 110.1
1529.2 107.76
1531.2 107.76
1533.2 107.76
1535.2 107.76
1537.2 107.76
1539.2 107.76
1541.2 107.76
1543.2 107.76
1545.21 107.76
1547.21 95.08
1549.2 118.35
1551.2 105.64
1553.21 117.5
1555.2 123.1
1557.2 105.29
1559.21 128.33
1561.21 129.65
1563.2 137.65
1565.21 4.52
1567.21 39.5
1569.21 41.67
1571.2 17.65
1573.2 113.9
1575.21 113.9
1577.21 112.2
1579.21 5.01
1581.2 119.53
1583.21 98.31
1585.21 4.79
1587.2 74.04
1589.2 74.04
1591.21 74.04
1593.2 74.04
1595.2 74.04
1597.2 53.85
1599.21 53.85
1601.2 53.85
1603.2 53.85
1605.2 53.85
1607.21 53.85
1609.2 74.88
1611.21 74.88
1613.2 74.88
1615.2 74.88
1617.2 74.88
1619.2 74.88
1621.21 74.88
1623.21 74.88
1625.21 74.88
1627.21 75.63
1629.2 75.63
1631.2 75.63
1633.21 75.63
1635.21 77.88
1637.2 81.74
1639.2 81.05
1641.21 96.39
1643.46 98.21
1645.46 95.22
1647.46 105.75
1649.46 107.83
1651.46 107.83
1653.45 116.89
1655.45 114.51
1657.46 114.51
1659.45 114.51
1661.45 114.51
1663.45 117.68
1665.29 112.79
1667.46 110.86
1669.45 116.65
1671.46 0.16
1673.46 137.27
1675.46 1.3
1677.46 160.0
1679.45 173.9
1681.46 172.19
1683.46 173.4
1685.46 2.24
1687.46 98.04
1689.36 0.15
1691.45 59.72
1693.46 59.25
1695.46 129.81
1697.46 143.06
1699.46 0.16
1701.46 177.28
1703.46 175.32
1705.46 181.84
1707.46 189.0
1709.46 0.16
1711.46 201.61
1713.37 0.15
1715.46 189.15
1717.46 212.46
1719.46 4.74
1721.46 223.53
1723.46 0.89
1725.46 136.17
1727.45 294.37
1729.46 105.46
1731.46 115.42
1733.46 0.16
1735.46 256.7
1737.36 1.04
1739.46 264.47
1741.46 306.35
1743.46 0.16
1745.46 296.65
1747.46 3.82
1749.46 330.72
1751.46 312.25
1753.46 83.49
1755.46 324.17
1757.46 221.29
1759.45 312.27
1761.36 0.15
1763.46 273.9
1765.46 260.48
1767.46 0.15
1769.46 251.03
1771.46 2.75
1773.46 320.49
1775.46 211.0
1777.46 300.12
1779.46 309.87
1781.46 1.29
1783.45 290.83
1785.36 4.85
1787.46 333.75
1789.45 296.52
1791.45 4.88
1793.46 142.02
1795.46 1.29
1797.46 228.07
1799.46 240.29
1801.46 240.18
1803.45 261.76
1805.46 3.55
1807.46 81.14
1809.46 0.16
1811.46 242.69
1813.46 276.57
1815.46 3.81
1817.46 274.04
1819.46 4.82
1821.46 274.74
1823.45 294.35
1825.46 306.82
1827.46 281.65
1829.46 5.01
1831.46 322.72
1833.46 3.56
1835.46 315.28
1837.46 310.75
1839.46 0.16
1841.46 2.01
1843.46 6.38
1845.46 260.08
1847.46 297.05
1849.46 161.34
1851.46 309.15
1853.46 0.15
1855.46 268.72
1857.46 4.37
1859.46 333.55
1861.46 230.96
1863.45 4.61
1865.46 332.43
1867.46 0.16
1869.46 230.44
1871.46 322.66
1873.46 313.44
1875.46 36.94
1877.46 0.16
1879.46 229.5
1881.46 3.31
1883.46 294.67
1885.46 280.08
1887.46 5.02
1889.46 254.83
1891.46 2.48
1893.71 201.06
1895.71 201.06
1897.71 246.28
1899.71 250.42
1901.71 3.13
1903.71 236.17
1905.71 0.16
1907.71 247.29
1909.71 268.63
1911.71 2.28
1913.71 266.52
1915.71 3.8
1917.72 274.31
1919.71 162.02
1921.71 281.07
1923.71 280.31
1925.71 1.28
1927.71 288.33
1929.71 0.15
1931.71 287.26
1933.71 181.67
1935.71 1.22
1937.71 132.99
1939.71 196.32
1941.71 182.39
1943.71 184.02
1945.71 164.78
1947.71 192.54
1949.71 4.76
1951.71 200.05
1953.71 5.23
1955.71 267.73
1957.71 250.14
1959.71 5.01
1961.71 274.39
1963.71 0.16
1965.71 304.81
1967.71 296.74
1969.71 269.47
1971.71 297.45
1973.71 4.92
1975.71 323.89
1977.71 3.08
1979.72 272.29
1981.71 345.12
1983.71 145.89
1985.71 278.97
1987.71 1.16
1989.71 274.45
1991.71 188.72
1993.71 188.82
1995.71 191.21
1997.71 3.68
1999.71 187.09
2001.71 0.16
2003.71 179.92
2005.71 222.67
2007.71 6.69
2009.71 227.22
2011.71 4.55
2013.71 241.42
2015.71 206.35
2017.71 199.95
2019.71 192.67
2021.71 1.38
2023.71 231.07
2025.71 2.78
2027.71 1.72
2029.71 270.89
2031.71 0.62
2033.71 261.06
2035.71 0.16
2037.71 222.61
2039.71 254.51
2041.71 251.36
2043.71 213.69
2045.71 4.87
2047.71 254.59
2049.71 0.16
2051.71 289.43
2053.71 292.33
2055.71 0.16
2057.71 295.21
2059.71 0.16
2061.71 234.91
2063.71 223.21
2065.71 271.16
2067.71 248.44
2069.71 266.0
2071.71 259.07
2073.71 0.16
2075.71 286.38
2077.71 291.52
2079.71 1.34
2081.71 244.73
2083.71 282.44
2085.71 235.31
2087.71 270.65
2089.71 275.22
2091.71 273.32
2093.71 5.11
2095.71 280.58
2097.71 288.41
2099.71 118.5
2101.71 44.92
2103.71 0.16
2105.71 52.84
2107.71 1.23
2109.71 85.41
2111.71 85.41
2113.71 91.71
2115.71 90.75
2117.71 88.8
2119.71 88.8
2121.71 88.8
2123.71 88.8
2125.71 88.8
2127.71 88.8
2129.71 86.86
2131.71 89.46
2133.71 79.95
2135.71 80.19
2137.71 88.81
2139.71 89.2
2141.71 96.61
2143.96 94.11
2145.96 102.11
2147.96 120.57
2149.96 118.36
2151.96 130.65
2153.96 137.5
2155.96 137.5
2157.96 137.5
2159.86 3.4
2161.96 106.57
2163.96 105.9
2165.96 111.33
2167.96 115.67
2169.96 4.37
2171.96 46.45
2173.96 85.37
2175.96 118.74
2177.96 126.44
2179.96 126.73
2181.96 134.79
2183.86 3.1
2185.96 157.01
2187.96 132.79
2189.96 0.15
2191.96 146.94
2193.96 3.73
2195.96 154.27
2197.96 67.93
2199.96 55.65
2201.96 119.73
2203.96 3.73
2205.96 94.97
2207.79 75.3
2209.96 118.1
2211.96 118.1
2213.96 118.1
2215.96 28.06
2217.96 5.14
2219.96 76.63
2221.96 76.63
2223.96 78.4
2225.96 76.24
2227.96 76.1
2229.96 83.56
2231.96 83.56
2233.96 83.56
2235.96 83.56
2237.96 83.56
2239.96 83.56
2241.96 83.56
2243.96 88.97
2245.96 89.92
2247.96 96.89
2249.96 110.4
2251.96 117.53
2253.96 117.53
2255.96 118.9
2257.96 117.22
2259.96 141.65
2261.96 4.75
2263.96 148.21
2265.96 1.36
2267.96 156.51
2269.96 190.71
2271.96 4.45
2273.96 156.67
2275.96 5.07
2277.96 206.79
2279.86 0.15
2281.96 236.76
2283.96 214.13
2285.96 5.0
2287.96 254.36
2289.96 3.32
2291.96 290.56
2293.96 274.22
2295.96 276.52
2297.96 277.62
2299.96 272.29
2301.96 286.04
2303.96 0.15
2305.96 207.75
2307.96 247.72
2309.96 1.18
2311.96 245.5
2313.96 0.16
2315.96 218.38
2317.96 0.09
2319.96 240.4
2321.96 262.34
2323.96 3.98
2325.96 321.52
2327.96 3.69
2329.96 311.84
2331.96 311.84
2333.96 2.76
2335.96 254.17
2337.96 0.16
2339.96 282.76
2341.96 61.83
2343.96 127.7
2345.96 205.25
2347.96 1.35
2349.96 55.91
2351.96 2.68
2353.96 324.93
2355.96 86.01
2357.96 337.77
2359.96 333.5
2361.96 4.28
2363.96 344.84
2365.96 57.64
2367.96 344.7
2369.96 114.36
2371.96 3.52
2373.96 228.53
2375.96 0.16
2377.96 333.09
2379.96 320.81
2381.96 6.31
2383.96 328.2
2385.96 1.3
2387.96 316.92
2389.96 292.04
2391.96 325.18
2394.21 328.28
2396.21 0.15
2398.21 40.42
2400.21 4.42
2402.21 264.22
2404.21 320.63
2406.21 325.68
2408.21 227.14
2410.21 0.16
2412.21 240.98
2414.12 3.8
2416.21 311.26
2418.21 305.09
2420.21 5.34
2422.21 254.59
2424.21 1.08
2426.21 304.45
2428.21 300.36
2430.21 314.88
2432.21 311.1
2434.21 1.24
2436.21 261.16
2438.11 5.06
2440.21 207.57
2442.21 261.82
2444.21 4.7
2446.21 269.9
2448.21 0.15
2450.21 251.08
2452.21 259.56
2454.21 3.36
2456.21 268.06
2458.21 181.49
2460.21 56.86
2462.12 0.16
2464.21 0.16
2466.21 1.19
2468.21 5.08
2470.21 156.63
2472.21 2.81
2474.21 51.15
2476.21 30.76
2478.21 0.79
2480.21 20.7
2482.21 20.7
2484.21 51.5
2486.21 53.74
2488.21 54.13
2490.21 54.43
2492.21 54.43
2494.21 54.43
2496.21 55.05
2498.21 55.93
2500.21 51.87
2502.21 62.61
2504.21 54.44
2506.21 54.44
2508.21 65.63
2510.21 73.75
2512.21 73.75
2514.21 73.75
2516.21 81.09
2518.21 74.74
2520.21 79.98
2522.21 85.9
2524.21 82.64
2526.21 80.76
2528.21 95.85
2530.21 95.85
2532.21 95.85
2534.21 102.4
2536.21 105.31
2538.21 105.31
2540.21 3.19
2542.21 110.71
2544.21 2.11
2546.21 123.71
2548.21 128.92
2550.21 6.08
2552.21 129.24
2554.21 51.01
2556.21 51.01
2558.21 0.16
2560.21 83.02
2562.21 111.96
2564.21 111.96
2566.21 111.48
2568.21 96.73
2570.21 108.49
2572.21 110.13
2574.21 6.04
2576.21 52.85
2578.21 4.91
2580.21 112.57
2582.21 2.85
2584.21 122.86
2586.21 126.84
2588.21 0.16
2590.21 82.84
2592.21 5.03
2594.21 78.59
2596.21 81.39
2598.21 81.39
2600.21 82.69
2602.21 90.81
2604.21 90.81
2606.21 88.51
2608.21 88.51
2610.21 88.51
2612.21 99.55
2614.21 88.46
2616.21 96.33
2618.21 102.57
2620.21 102.57
2622.21 103.28
2624.21 108.31
2626.21 116.46
2628.21 139.76
2630.21 4.73
2632.21 166.14
2634.21 180.17
2636.21 4.91
2638.21 186.85
2640.21 0.16
2642.21 214.89
2644.46 216.07
2646.46 224.22
2648.46 220.25
2650.46 0.16
2652.46 214.4
2654.46 1.3
2656.46 213.02
2658.46 275.27
2660.46 0.16
2662.46 221.93
2664.46 4.89
2666.46 236.67
2668.46 273.51
2670.46 293.52
2672.46 265.09
2674.46 3.3
2676.46 308.14
2678.46 4.68
2680.46 242.52
2682.46 174.58
2684.46 0.16
2686.46 250.94
2688.46 4.4
2690.46 260.57
2692.46 264.52
2694.46 261.46
2696.46 260.33
2698.46 271.02
2700.46 264.97
2702.46 0.15
2704.46 270.09
2706.46 275.03
2708.46 5.56
2710.46 284.15
2712.46 4.3
2714.46 282.21
2716.46 258.69
2718.46 245.51
2720.46 245.51
2722.46 0.83
2724.46 199.75
2726.46 4.59
2728.46 233.66
2730.46 242.97
2732.46 0.15
2734.46 275.28
2736.46 0.16
2738.46 299.45
2740.46 267.02
2742.46 298.67
2744.46 298.67
2746.46 0.16
2748.46 274.76
2750.46 3.82
2752.46 286.45
2754.46 286.51
2756.46 3.53
2758.46 286.98
2760.46 286.45
2762.46 297.31
2764.46 293.88
2766.46 5.01
2768.46 253.25
2770.46 6.4
2772.46 286.63
2774.46 2.98
2776.55 289.51
2778.52 13.9
2780.46 1.51
2782.47 85.36
2784.46 6.42
2786.46 115.95
2788.46 187.87
2790.46 0.3
2792.46 124.98
2794.46 6.1
2796.46 132.31
2798.46 0.83
2800.46 114.74
2802.46 1.43
2804.46 303.02
2806.46 103.69
2808.46 4.67
2810.46 0.09
2812.46 259.31
2814.46 212.36
2816.46 0.12
2818.46 4.92
2820.46 0.16
2822.46 6.12
2824.46 253.83
2826.46 314.27
2828.46 5.17
2830.46 320.78
2832.46 0.15
2834.46 0.07
2836.46 335.43
2838.46 0.16
2840.46 42.0
2842.46 4.88
2844.46 365.0
2846.46 4.77
2848.46 338.5
2850.46 330.16
2852.46 6.71
2854.46 368.08
2856.46 1.23
2858.46 331.97
2860.46 357.14
2862.46 315.29
2864.46 255.17
2866.46 3.51
2868.46 339.13
2870.46 4.02
2872.46 297.07
2874.46 47.79
2876.46 4.1
2878.46 172.25
2880.46 5.77
2882.46 294.69
2884.46 250.53
2886.46 250.53
2888.46 310.07
2890.46 3.61
2892.71 273.34
2894.71 3.52
2896.71 153.93
2898.71 185.1
2900.71 4.9
2902.71 298.25
2904.71 3.07
2906.71 295.33
2908.62 3.61
2910.71 273.93
2912.71 303.99
2914.72 6.45
2916.71 300.64
2918.71 2.52
2920.71 274.93
2922.71 294.02
2924.71 104.89
2926.71 354.59
2928.71 281.07
2930.71 251.27
2932.61 4.76
2934.71 277.12
2936.71 146.41
2938.71 6.43
2940.71 252.24
2942.71 0.16
2944.71 270.15
2946.71 249.33
2948.71 7.39
2950.71 276.6
2952.71 0.15
2954.71 291.58
2956.61 1.34
2958.71 291.84
2960.71 278.29
2962.72 0.16
2964.71 244.75
2966.71 0.15
2968.71 263.13
2970.71 297.53
2972.71 295.14
2974.71 301.83
2976.71 5.95
2978.71 303.26
2980.61 1.34
2982.71 321.71
2984.71 312.12
2986.71 5.17
2988.71 245.67
2990.71 0.16
2992.71 261.33
2994.71 266.28
2996.71 264.76
2998.71 259.03
3000.71 4.26
3002.71 273.93
3004.62 0.16
3006.71 286.63
3008.71 292.77
3010.71 4.43
3012.71 298.08
3014.71 0.16
3016.71 284.55
3018.71 283.94
3020.71 283.94
3022.71 286.55
3024.71 4.87
3026.72 298.03
3028.62 2.01
3030.71 289.5
3032.71 219.97
3034.72 0.16
3036.71 213.5
3038.71 0.16
3040.72 245.74
3042.71 215.78
3044.71 244.39
3046.71 245.51
3048.71 3.96
3050.71 265.58
3052.71 2.28
3054.71 243.57
3056.71 261.79
3058.71 0.16
3060.71 253.02
3062.71 0.16
3064.71 177.77
3066.71 236.97
3068.71 260.25
3070.71 225.18
3072.71 3.92
3074.71 162.86
3076.71 0.16
3078.71 246.12
