0.0 1.76
0.63 1.76
1.22 1.76
1.84 1.76
2.6 1.76
3.19 1.7
3.72 1.7
4.37 1.82
5.54 2.12
6.8 2.13
8.81 2.8
10.67 2.62
12.92 4.19
14.66 4.1
16.82 0.01
18.87 6.35
20.89 5.14
22.83 6.02
24.67 5.47
26.83 4.96
28.67 7.08
30.71 2.51
32.66 4.91
34.72 6.92
36.96 3.35
39.73 7.13
40.71 7.17
42.98 1.98
44.83 5.29
46.88 7.62
48.72 7.79
50.67 7.12
52.71 8.22
54.66 8.29
57.0 0.32
58.86 5.74
60.81 0.63
62.85 4.34
64.9 8.48
69.19 3.1
70.2 7.24
72.45 6.46
74.36 0.04
76.7 4.2
78.45 7.01
80.63 7.26
82.66 3.62
84.52 4.81
86.55 3.98
88.45 4.43
90.53 1.65
92.47 4.55
94.62 6.15
96.56 5.42
98.5 6.24
100.5 5.5
102.97 4.76
104.54 5.17
106.53 5.03
108.54 4.05
110.59 4.42
112.51 1.07
114.48 6.65
116.62 3.12
118.47 6.19
120.52 5.33
122.46 7.76
124.45 4.73
126.57 3.08
128.71 7.78
130.54 6.1
132.48 1.64
134.53 7.11
136.58 8.73
138.44 9.3
140.82 7.21
142.47 6.75
144.57 6.91
146.61 6.91
148.46 5.89
150.5 7.08
152.46 3.49
154.7 6.89
156.56 4.55
158.48 7.98
160.65 6.72
162.46 3.13
164.44 8.0
166.56 8.26
168.45 6.03
170.56 5.89
172.52 6.17
174.65 6.19
176.48 5.28
178.44 6.92
180.5 7.29
182.44 3.72
184.67 3.5
186.84 6.96
188.56 7.84
190.45 7.07
192.44 6.55
194.49 8.49
196.85 5.55
198.58 9.3
200.44 9.3
202.68 9.3
204.46 9.12
206.57 8.5
208.61 7.21
210.46 5.4
212.51 5.7
214.47 7.54
216.46 5.23
218.44 7.89
220.5 8.09
222.44 6.39
224.45 6.61
226.61 9.46
228.48 1.47
230.45 9.13
232.47 6.03
234.5 7.56
236.86 4.58
238.6 8.72
240.54 8.52
242.5 4.28
244.55 9.57
246.51 9.73
248.83 6.24
250.47 9.56
252.52 7.68
254.59 8.47
256.61 8.71
258.45 8.64
260.5 8.38
262.45 5.47
264.47 6.48
266.44 9.21
268.48 6.1
270.54 8.13
272.47 3.11
274.63 6.91
276.58 6.12
278.62 6.82
280.46 0.05
282.51 3.68
284.76 3.68
287.72 0.23
289.23 7.45
290.48 7.09
292.63 6.91
294.47 8.77
296.44 7.89
298.48 6.31
300.51 7.74
302.56 2.86
304.52 6.73
306.47 7.4
308.5 10.26
310.47 5.84
