0.0 21.87
0.62 21.87
1.39 5.78
2.15 5.37
2.98 3.68
3.64 4.99
4.6 5.03
5.16 5.34
5.87 5.2
6.52 5.24
7.57 5.05
9.57 8.46
11.57 10.12
13.57 10.88
15.57 10.77
17.57 12.42
19.57 12.72
21.57 14.42
23.58 15.6
25.57 17.37
27.58 17.49
29.57 19.15
31.57 18.36
33.57 21.25
35.58 20.25
37.57 21.38
39.57 15.4
41.57 17.08
43.57 20.49
45.68 5.3
47.62 7.28
49.57 24.35
51.57 20.26
53.58 17.24
55.58 24.29
57.57 15.22
59.57 21.18
61.57 23.06
63.57 21.92
65.56 22.36
67.57 21.44
69.57 22.3
71.57 12.89
73.57 5.72
75.57 6.5
77.57 15.77
79.56 15.95
81.57 13.49
83.57 19.82
85.57 17.35
87.57 14.1
89.57 21.17
91.57 7.44
93.57 16.2
95.57 16.32
97.57 24.68
99.57 17.26
101.56 25.71
103.56 12.52
105.6 20.75
107.62 5.71
109.57 9.84
111.56 20.21
113.57 3.87
115.57 4.94
117.56 9.47
119.56 24.75
121.56 18.65
123.57 22.24
125.56 22.37
127.57 20.36
129.56 18.32
131.56 18.22
133.57 25.0
135.57 17.94
137.57 12.81
139.56 14.81
141.56 20.91
143.57 17.55
145.57 10.84
147.56 8.54
149.56 19.2
151.56 6.82
153.57 18.15
155.56 20.44
157.57 19.54
159.57 5.7
161.56 16.52
163.56 25.57
165.6 17.37
167.58 17.37
169.56 17.37
171.56 27.48
173.56 26.11
175.56 28.57
177.56 31.38
179.56 27.34
181.56 23.53
183.56 10.16
185.57 30.62
187.81 27.76
189.81 30.31
191.82 30.31
193.81 30.31
195.81 30.31
197.67 30.31
199.81 30.31
201.81 30.31
203.81 30.31
205.81 30.31
207.81 30.31
209.81 30.31
211.81 30.31
213.81 30.31
215.82 24.75
217.81 28.09
219.81 19.06
221.7 25.73
223.81 26.43
225.9 27.04
227.88 27.04
229.81 6.61
231.81 13.65
233.81 27.67
235.81 21.21
237.82 23.24
239.81 20.66
241.81 24.28
243.81 25.74
245.67 27.22
247.81 26.44
249.81 26.71
251.81 27.08
253.81 25.23
255.81 25.62
257.81 28.01
259.81 22.83
261.81 29.65
263.81 30.12
265.81 30.12
267.81 30.68
269.67 16.29
271.81 25.52
273.81 26.43
275.81 24.18
277.81 15.73
279.81 21.14
281.81 12.55
283.81 21.28
285.89 25.98
287.85 5.91
289.81 5.8
291.82 18.69
293.68 14.29
295.81 5.43
297.81 24.54
299.81 20.65
301.81 21.45
303.81 21.78
305.81 24.63
307.81 19.21
309.81 19.01
311.81 17.02
313.8 24.77
315.81 19.51
317.81 24.59
319.81 24.46
321.81 23.33
323.81 27.28
325.82 23.91
327.81 14.1
329.81 23.09
331.81 26.43
333.81 22.21
335.81 24.02
337.81 22.34
339.81 23.31
341.81 28.36
343.81 22.61
345.95 27.14
347.87 27.14
349.81 27.14
351.81 16.64
353.81 23.49
355.81 27.91
357.81 29.06
359.81 29.06
361.81 25.3
363.8 28.65
365.81 21.97
367.81 26.11
369.81 25.63
371.81 28.27
373.81 25.86
375.8 11.28
377.8 20.37
379.81 19.47
381.8 21.4
383.8 25.6
385.81 20.12
387.8 22.34
389.8 19.25
391.8 22.25
393.81 19.34
395.81 14.4
397.81 19.76
399.8 13.04
401.81 18.66
403.82 22.31
405.8 20.15
407.8 21.98
409.8 21.98
411.8 20.72
413.8 20.72
415.8 22.09
417.8 20.36
419.8 22.8
421.8 15.47
423.8 22.8
425.8 22.8
427.81 19.76
429.8 22.93
431.8 21.8
433.8 21.72
435.8 17.24
437.8 18.69
440.05 13.49
442.05 22.24
444.06 17.95
446.05 22.02
448.05 20.01
450.05 21.91
451.92 21.8
454.05 20.79
456.06 18.95
458.05 12.47
460.07 15.5
462.06 19.36
464.06 18.03
466.05 18.18
468.05 17.57
470.17 6.04
472.05 19.71
474.06 21.09
475.93 22.41
478.05 18.54
480.06 21.94
482.05 22.7
484.05 17.45
486.05 20.93
488.05 19.77
490.05 22.26
492.05 20.3
494.05 19.72
496.05 21.16
498.05 14.53
499.94 22.38
502.05 15.42
504.05 21.39
506.05 21.55
508.05 14.35
510.05 23.28
512.05 23.87
514.05 23.47
516.05 28.24
518.05 25.24
520.05 21.92
522.06 16.94
523.91 16.25
526.05 19.12
528.11 23.35
530.14 0.08
532.05 14.15
534.05 17.03
536.06 19.65
538.05 15.71
540.06 14.9
542.05 21.65
544.05 21.21
546.05 25.56
548.05 25.6
550.05 26.06
552.05 26.66
554.05 28.25
556.05 21.48
558.05 27.85
560.04 25.67
562.05 23.26
564.05 32.81
566.05 25.08
568.05 23.27
570.05 14.44
572.05 27.09
574.05 22.28
576.05 22.11
578.06 20.88
580.05 29.29
582.05 23.62
584.05 4.94
586.04 5.0
588.08 1.85
590.05 5.49
592.06 7.69
594.05 10.8
596.05 10.9
598.05 14.09
600.05 26.61
602.05 27.69
604.06 0.54
606.04 15.77
608.05 16.1
610.05 9.81
612.05 14.33
614.05 21.09
616.05 18.72
618.04 20.78
620.05 24.8
622.04 13.46
624.04 24.04
626.05 9.66
628.05 22.83
630.05 24.74
632.04 20.09
634.05 24.78
636.04 24.61
638.05 23.09
640.05 19.69
642.05 22.41
644.04 26.11
646.05 16.57
648.05 25.77
650.14 25.77
652.04 3.92
654.04 25.76
656.04 25.05
658.05 26.62
660.04 26.36
662.05 23.94
664.04 17.7
666.04 23.66
668.04 26.19
670.04 9.64
