0.0 0.29
2.01 43.98
4.0 43.98
6.0 43.98
8.5 43.98
10.5 43.98
12.51 43.98
14.51 43.98
16.5 43.98
18.51 43.98
20.51 43.98
22.5 5.39
24.5 26.93
26.5 26.93
28.52 26.93
30.37 26.93
32.51 26.93
34.51 26.93
36.51 26.93
38.51 26.93
40.51 26.93
42.51 26.93
44.52 26.93
46.51 26.93
48.51 26.93
50.51 26.93
52.51 26.93
54.36 26.93
56.51 26.93
58.52 26.93
60.52 26.93
62.52 26.93
64.57 26.93
66.62 26.93
68.51 26.93
70.52 0.14
72.51 21.04
74.5 21.77
76.5 21.77
78.52 21.77
80.51 22.58
82.51 22.58
84.51 22.58
86.51 26.0
88.51 29.16
90.52 29.16
92.51 29.16
94.51 4.09
96.52 24.69
98.54 24.69
100.51 24.69
102.51 24.69
104.51 27.7
106.51 43.79
108.5 39.24
110.5 37.38
112.52 43.41
114.52 35.42
116.52 44.66
118.52 45.27
120.51 46.32
122.52 37.68
124.51 42.29
126.51 42.29
128.51 45.99
130.52 38.46
132.52 40.01
134.51 36.91
136.51 45.29
138.51 38.04
140.51 38.04
142.59 45.7
144.5 45.19
146.52 40.08
148.53 44.23
150.52 38.45
152.52 42.56
154.52 44.91
156.51 39.81
158.51 35.11
160.51 44.57
162.52 30.28
164.52 44.47
166.52 37.68
168.52 44.87
170.51 40.99
172.51 28.12
174.51 40.05
176.51 37.61
178.51 45.41
180.53 39.79
182.52 38.46
184.52 38.46
186.52 38.46
188.51 38.46
190.51 38.46
192.51 38.46
194.51 38.46
196.52 44.01
198.52 34.96
200.52 31.34
202.52 35.44
204.51 39.66
206.51 39.88
208.51 36.53
210.51 34.74
212.76 40.52
214.53 18.77
216.52 37.3
218.52 36.85
220.77 40.06
222.77 34.81
224.77 37.79
226.76 34.48
228.76 6.2
230.77 30.54
232.77 37.62
234.77 25.91
236.61 32.83
238.76 34.51
240.76 38.35
242.76 32.98
244.76 37.75
246.76 33.28
248.77 32.05
250.78 30.51
252.77 34.09
254.77 36.26
256.76 39.54
258.76 38.58
260.62 38.58
