0.0 203.62
2.09 247.94
4.1 192.91
6.1 246.21
8.1 7.61
10.09 256.22
11.98 0.17
14.09 251.83
16.1 199.12
18.09 6.86
20.1 235.34
22.1 6.29
24.09 247.57
26.09 188.31
28.4 246.53
30.09 246.53
32.09 0.53
34.09 104.06
35.98 2.01
38.1 88.79
40.09 99.13
42.09 106.56
44.1 106.56
46.1 106.56
48.09 103.06
50.1 103.06
52.09 103.06
54.09 108.67
56.1 107.4
58.1 107.76
60.1 107.76
62.1 102.6
64.09 102.6
66.09 109.52
68.1 105.7
70.1 105.7
72.09 105.7
74.1 107.56
76.1 106.49
78.09 106.49
80.09 114.78
82.1 115.89
84.09 116.55
86.09 138.66
88.09 127.92
90.1 139.26
92.09 160.18
94.09 5.12
96.09 176.05
98.1 172.25
100.09 200.23
102.09 206.64
104.1 53.04
106.1 141.66
108.11 4.47
110.1 228.35
112.1 248.24
114.09 2.94
116.1 257.73
118.09 5.44
120.09 162.25
122.09 104.69
124.09 7.43
126.09 135.74
128.11 6.85
130.09 163.04
132.1 3.58
134.1 88.06
136.09 176.26
138.09 2.51
140.1 203.1
142.09 4.46
144.09 208.51
146.1 214.31
148.1 217.12
150.09 221.71
152.09 5.72
154.1 81.83
156.1 1.18
158.11 226.73
160.1 226.89
162.1 211.22
164.1 205.04
166.1 0.17
168.1 34.79
170.1 37.12
172.34 4.2
174.34 38.65
176.35 39.0
178.34 39.48
180.34 47.56
182.35 47.18
184.35 47.68
186.35 53.58
188.34 60.07
190.34 64.62
192.35 64.74
194.35 79.76
196.34 97.03
198.34 97.23
200.35 98.04
202.34 90.66
204.35 7.09
206.35 133.85
208.34 134.72
210.34 133.22
212.34 134.05
214.34 7.49
216.34 136.88
218.35 153.99
220.34 154.04
222.35 177.19
224.35 0.18
226.35 156.94
228.34 6.58
