0.0 1.54
0.57 2.55
1.98 2.79
2.5 2.91
3.13 2.75
5.44 2.2
6.8 2.25
8.24 2.82
8.79 2.66
10.43 1.89
12.73 2.89
14.68 2.65
16.7 2.1
19.34 2.69
24.25 2.42
24.77 2.74
29.61 2.85
30.3 2.6
35.4 1.71
36.02 1.68
36.79 2.78
41.64 1.89
42.48 2.85
44.17 1.98
46.33 2.33
47.73 2.54
49.03 2.45
53.35 2.9
54.04 2.87
55.24 2.77
66.24 2.67
68.01 2.26
68.74 1.91
69.78 2.31
71.08 2.77
74.93 2.5
75.64 2.83
76.8 2.83
78.05 2.67
80.76 2.81
85.8 2.82
86.41 2.69
87.24 2.77
89.29 2.63
90.28 2.73
92.76 2.52
98.16 2.49
99.21 2.77
100.68 2.26
102.11 2.59
104.99 2.81
106.23 2.63
109.33 2.78
113.1 2.75
113.77 2.58
114.91 2.75
116.52 2.73
119.4 2.79
122.09 2.69
125.23 2.77
126.47 2.7
127.98 2.53
128.6 1.33
129.97 2.63
131.88 2.51
136.68 2.81
138.35 2.84
139.62 2.53
140.8 2.61
142.72 2.47
145.81 2.72
149.61 2.86
152.11 2.64
152.91 2.33
154.06 2.25
156.57 2.78
158.76 2.6
159.84 2.83
163.37 3.03
165.32 2.63
167.47 2.72
171.98 1.43
173.07 1.47
174.98 1.0
175.63 1.83
176.83 1.73
180.69 2.72
181.58 2.79
182.59 2.44
184.16 2.9
185.64 2.8
186.91 2.39
188.55 2.67
190.46 2.85
195.11 2.81
196.15 2.39
198.18 2.88
200.15 2.85
202.15 2.51
204.15 2.16
206.17 2.16
208.15 1.44
210.92 1.69
213.29 1.92
215.32 2.27
223.25 1.77
225.01 1.8
225.6 1.9
226.58 1.82
228.49 2.24
230.3 2.2
231.83 2.1
