0.0 62.69
2.0 45.76
4.0 54.0
6.0 45.05
8.0 68.65
10.0 83.98
12.0 100.31
14.0 36.5
16.0 79.14
18.0 109.08
20.0 143.02
22.0 31.63
24.0 148.75
26.0 144.59
28.01 25.42
30.0 117.69
32.0 31.52
34.0 129.51
36.0 154.07
38.0 20.78
40.0 191.3
42.0 20.35
44.0 217.81
46.0 32.08
48.0 231.27
50.01 254.49
52.0 27.79
54.01 207.76
56.0 25.16
58.0 165.01
60.0 213.15
62.0 25.78
63.99 143.37
66.01 30.69
68.0 139.04
70.01 32.02
72.0 56.87
74.0 178.94
76.0 34.18
78.0 168.93
80.0 34.27
82.0 183.86
84.0 198.27
86.25 32.23
88.25 181.38
90.25 25.41
92.26 51.75
94.25 29.83
96.25 224.22
98.25 195.18
100.25 19.68
102.26 183.3
104.25 23.08
106.26 205.26
108.25 188.78
110.26 40.38
112.25 167.94
114.25 24.25
116.25 129.29
118.26 29.24
120.25 177.42
122.26 183.26
124.25 33.8
126.26 211.41
128.26 19.75
130.27 90.28
132.25 219.7
134.25 110.8
136.25 255.53
138.25 34.78
140.26 210.83
142.26 24.71
144.24 191.18
146.26 136.59
148.25 29.51
150.26 152.95
152.26 32.1
154.25 182.55
156.26 193.42
158.26 25.51
160.25 221.33
162.26 32.1
164.26 148.8
166.25 31.48
168.26 136.55
170.25 169.94
172.26 32.36
174.26 169.87
176.26 24.6
178.25 107.79
180.26 168.76
182.26 132.76
184.26 157.95
186.26 30.7
188.26 176.97
190.25 30.95
192.25 34.42
194.25 25.8
196.26 30.28
198.26 143.02
200.26 30.45
202.26 148.88
204.26 196.51
206.25 148.6
208.26 153.09
210.26 22.68
212.26 124.0
214.26 30.93
216.26 88.46
218.26 119.17
220.26 134.57
222.26 104.92
224.25 32.4
226.26 180.1
228.26 87.81
230.26 212.12
232.26 180.6
234.26 24.91
236.26 249.68
238.26 27.06
240.26 236.22
242.26 159.33
244.26 24.7
246.26 69.02
248.25 20.59
250.25 58.97
252.25 161.87
254.25 157.09
256.26 134.06
258.25 32.3
260.26 168.24
262.26 22.49
264.25 84.04
266.26 160.7
268.25 33.38
270.25 140.12
272.26 29.27
274.26 156.15
276.26 167.4
278.26 185.46
280.26 147.86
282.26 29.9
284.25 95.33
286.25 149.6
288.26 80.54
290.25 157.87
292.26 32.19
294.26 146.52
296.25 31.26
298.26 138.44
300.25 104.51
302.26 167.9
304.26 144.67
306.25 29.02
308.26 87.66
310.25 31.65
312.25 95.01
314.26 103.16
316.26 27.04
318.25 130.28
320.25 30.41
322.26 128.03
324.26 124.42
326.26 148.47
328.25 170.73
330.25 20.08
332.25 157.32
334.26 31.36
336.5 135.12
338.26 191.61
340.5 32.1
342.26 200.99
344.5 25.54
346.51 187.86
348.27 196.84
350.5 184.11
352.51 250.53
354.5 32.79
356.5 270.85
358.51 34.43
360.5 163.29
362.5 241.08
364.51 278.56
366.51 235.56
368.51 24.31
370.51 203.8
372.29 23.43
374.5 246.46
376.5 212.42
378.5 34.14
380.51 158.04
382.51 27.18
384.52 118.99
386.51 153.94
388.51 176.01
390.5 137.94
392.5 25.64
394.51 126.94
396.52 25.25
398.52 125.76
400.5 66.98
402.5 119.44
404.5 153.96
406.51 31.22
408.51 124.41
410.52 153.07
412.51 151.41
414.5 151.81
416.52 30.49
418.52 206.57
420.51 31.63
422.51 201.59
424.51 216.02
426.51 176.46
428.5 228.98
430.51 30.66
432.51 207.1
434.52 204.39
436.52 237.18
438.51 233.56
440.5 28.59
442.5 221.26
444.5 32.53
446.5 204.39
448.51 241.31
450.5 31.72
452.52 69.62
454.5 32.49
456.51 60.52
458.51 60.52
460.51 55.43
462.51 69.86
464.5 82.44
466.51 82.44
468.51 82.44
470.51 82.72
472.51 82.72
474.52 82.72
476.5 82.72
478.52 82.72
480.52 82.72
482.5 88.51
484.51 88.51
486.51 88.51
488.5 88.51
490.52 88.51
492.51 84.06
494.51 82.04
496.51 51.4
498.51 84.77
500.51 97.05
502.52 91.92
504.51 0.31
506.51 98.95
508.51 53.47
510.51 94.47
512.52 78.51
514.51 106.35
516.51 66.85
518.51 66.85
520.51 66.85
522.51 28.03
524.51 49.72
526.52 27.46
528.51 72.55
530.51 135.12
532.51 129.24
534.51 101.79
536.51 138.68
538.52 141.83
540.51 31.37
542.52 139.69
544.51 7.4
546.52 8.93
548.51 8.54
550.51 16.7
552.51 17.34
554.5 29.17
556.51 27.48
558.51 30.04
560.51 43.17
562.51 39.25
564.51 45.84
566.51 45.81
568.5 55.76
570.52 68.68
572.51 68.97
574.51 84.91
576.51 79.22
578.51 52.31
580.51 52.32
582.51 128.2
584.5 31.84
586.76 97.95
588.51 20.03
590.51 175.34
592.76 141.7
594.76 25.62
596.77 134.99
598.76 18.59
600.77 131.73
602.77 122.22
604.76 131.42
606.75 119.23
608.76 119.23
610.76 128.5
612.76 26.6
614.76 159.7
616.76 153.78
618.76 31.54
620.77 180.58
622.76 29.99
624.76 80.03
626.76 64.7
628.77 125.8
630.76 132.55
632.76 33.13
634.76 149.14
636.76 19.72
638.76 153.84
640.76 109.71
642.77 31.04
644.76 149.36
646.77 30.77
648.76 170.04
650.76 108.1
652.77 172.93
654.76 180.63
656.76 28.81
658.76 198.75
660.76 22.21
662.77 134.22
664.76 190.44
666.76 22.17
668.77 219.73
670.76 207.02
672.77 155.98
674.77 185.32
676.76 190.99
678.76 163.27
680.76 28.8
682.77 185.03
684.76 31.81
686.76 177.59
688.78 195.15
690.76 31.53
692.76 114.38
694.76 17.86
696.76 174.58
698.76 179.52
700.76 183.84
702.76 175.47
704.76 32.71
706.76 132.54
708.76 19.58
710.76 179.22
712.76 207.53
714.77 28.43
716.77 56.1
718.76 29.46
720.76 63.2
722.76 49.14
724.77 72.52
726.76 76.23
728.76 94.37
730.76 115.47
732.77 24.82
734.77 125.86
736.76 128.58
738.76 21.36
740.77 173.08
742.76 22.7
744.77 233.01
746.77 161.55
748.77 193.28
750.77 166.68
752.77 32.24
754.77 161.98
756.76 24.88
758.76 122.4
760.76 180.37
762.77 33.62
764.77 205.72
766.76 28.25
768.77 179.46
770.76 171.52
772.77 207.22
774.76 156.03
776.76 155.72
778.77 101.97
780.77 28.38
782.76 138.91
784.76 234.05
786.77 30.38
788.76 126.88
790.76 25.63
792.76 77.2
794.76 95.24
796.76 183.24
798.77 182.57
800.76 31.43
802.76 78.48
804.77 24.47
806.77 144.43
808.76 152.07
810.77 24.68
812.76 251.12
814.77 31.16
816.76 244.7
818.76 218.49
820.76 277.93
822.76 212.99
824.76 26.01
826.76 311.75
828.77 32.22
830.76 234.54
832.77 198.12
834.77 25.09
836.78 135.96
838.77 23.26
841.02 174.62
842.77 157.83
844.77 229.41
847.02 112.49
849.02 31.52
851.01 255.38
853.01 17.54
855.01 59.79
857.01 6.83
859.02 22.24
861.02 179.59
863.02 31.19
865.02 216.71
867.02 35.45
869.02 38.67
871.03 81.67
873.01 31.2
875.01 62.88
877.01 73.84
879.01 73.81
881.02 53.26
883.01 50.55
885.01 85.49
887.02 102.54
889.01 120.69
891.01 21.12
893.01 138.14
895.02 112.02
897.01 32.86
899.02 145.28
901.02 20.8
903.01 174.84
905.02 209.58
907.01 191.93
909.01 141.65
911.01 20.41
913.02 182.13
915.02 29.71
917.02 47.99
919.01 155.08
921.01 33.41
923.02 115.31
925.02 34.77
927.01 188.67
929.02 135.69
931.02 185.06
933.02 174.75
935.02 29.27
937.01 196.88
939.02 25.99
941.01 216.63
943.02 140.5
945.02 31.75
947.02 213.02
949.01 29.84
951.02 223.73
953.01 232.64
955.02 25.72
957.02 216.39
959.01 25.6
961.01 167.38
963.01 30.06
965.01 314.5
967.03 154.03
969.02 27.35
971.02 139.32
973.01 20.62
975.02 183.65
977.02 182.83
979.03 178.05
981.01 232.83
983.01 34.36
985.03 263.56
987.02 28.91
989.01 103.91
991.01 27.09
993.01 21.85
995.02 50.35
997.01 52.37
999.02 85.28
1001.02 92.73
1003.02 72.53
1005.02 102.63
1007.01 113.33
1009.02 104.42
1011.02 116.29
1013.01 94.47
1015.01 59.31
1017.02 19.43
1019.01 75.44
1021.01 105.33
1023.02 76.52
1025.02 106.26
1027.02 82.44
1029.02 94.4
1031.01 25.79
1033.02 98.72
1035.01 102.59
1037.02 102.59
1039.02 57.59
1041.01 89.22
1043.03 88.5
1045.01 94.94
1047.02 74.75
1049.02 97.78
1051.02 84.62
1053.02 104.17
1055.03 66.71
1057.02 66.71
1059.02 71.78
1061.02 71.78
1063.02 71.78
1065.02 105.76
1067.02 120.8
1069.02 139.61
1071.03 129.04
1073.02 119.42
1075.02 124.57
1077.02 153.03
1079.02 33.94
1081.03 159.41
1083.04 27.16
1085.03 144.27
1087.02 108.13
1089.04 25.46
1091.02 157.93
1093.02 121.11
1095.27 158.52
1097.05 30.9
1099.03 181.78
1101.27 138.81
1103.27 31.2
1105.27 173.11
1107.27 26.22
1109.27 157.06
1111.27 91.75
1113.27 167.17
1115.27 96.58
1117.27 31.73
1119.27 84.61
1121.06 21.67
1123.27 131.31
1125.27 131.31
1127.27 131.31
1129.27 135.71
1131.27 23.02
1133.26 109.19
1135.27 157.5
1137.27 29.73
1139.27 176.32
1141.26 158.64
1143.27 131.63
1145.27 30.76
1147.26 164.16
1149.28 204.45
1151.26 11.47
1153.26 200.77
1155.27 25.19
1157.27 229.24
1159.27 169.9
1161.27 23.29
1163.28 138.05
1165.27 23.91
1167.27 146.04
1169.27 21.08
1171.27 140.76
1173.26 221.31
1175.26 33.72
1177.26 206.96
1179.27 27.91
1181.27 154.64
1183.29 199.62
1185.27 30.99
1187.27 200.58
1189.27 30.88
1191.27 220.32
1193.27 28.52
1195.27 188.96
1197.28 201.44
1199.27 30.54
1201.27 108.1
1203.27 31.48
1205.27 160.45
1207.27 199.97
1209.27 29.03
1211.27 229.31
1213.27 29.99
1215.27 234.95
1217.28 32.43
1219.28 265.53
1221.28 264.77
1223.26 31.38
1225.28 299.15
1227.27 27.37
1229.27 319.14
1231.27 310.13
1233.27 25.12
1235.27 106.94
1237.28 27.9
1239.26 231.68
1241.28 21.16
1243.27 214.45
1245.27 159.16
1247.27 120.66
1249.27 69.14
1251.26 30.58
1253.27 121.53
1255.27 127.78
1257.27 29.86
1259.27 107.84
1261.26 32.04
1263.28 130.78
1265.28 32.73
1267.28 114.58
1269.28 115.55
1271.28 107.87
1273.28 86.69
1275.28 31.57
1277.27 118.76
1279.27 124.78
1281.28 30.53
1283.28 156.42
1285.27 30.39
1287.28 157.8
1289.28 28.18
1291.28 145.7
1293.27 127.67
1295.27 21.3
1297.27 103.62
1299.28 35.72
1301.27 116.83
1303.27 116.83
1305.27 116.83
1307.28 63.0
1309.26 114.05
1311.27 102.31
1313.28 25.63
1315.28 101.14
1317.27 134.62
1319.28 28.99
1321.27 127.46
1323.28 139.1
1325.27 89.46
1327.27 126.48
1329.28 136.42
1331.27 138.67
1333.28 27.32
1335.28 145.59
1337.28 25.04
1339.27 107.89
1341.28 176.34
1343.27 19.84
1345.28 182.65
1347.27 28.91
1349.28 254.95
1351.28 176.47
1353.53 235.71
1355.52 274.85
1357.52 23.44
1359.52 116.02
1361.52 33.25
1363.53 211.49
1365.52 22.7
1367.53 30.0
1369.53 197.46
1371.52 32.0
1373.53 174.77
1375.53 240.9
1377.52 177.16
1379.52 167.31
1381.53 34.12
1383.53 194.4
1385.52 28.69
1387.53 223.94
1389.52 206.33
1391.52 32.61
1393.52 271.76
1395.52 32.5
1397.52 285.82
1399.54 305.49
1401.52 253.24
1403.52 197.66
1405.52 21.01
1407.52 268.54
1409.52 19.06
1411.53 273.48
1413.52 332.77
1415.52 19.1
1417.52 235.77
1419.52 29.76
1421.52 372.31
1423.52 371.8
1425.52 411.07
1427.52 409.16
1429.52 26.1
1431.52 301.48
1433.52 34.12
1435.52 337.23
1437.52 361.6
1439.52 22.46
1441.52 355.83
1443.52 29.57
1445.52 308.7
1447.52 172.5
1449.52 287.39
1451.52 280.67
1453.52 31.29
1455.53 53.7
1457.52 26.02
1459.52 249.99
1461.52 205.06
1463.53 32.66
1465.52 273.19
1467.52 31.55
1469.52 241.94
1471.54 211.44
1473.52 226.27
1475.53 47.86
1477.52 28.08
1479.52 180.29
1481.52 33.4
1483.53 127.4
1485.52 196.96
1487.52 32.09
1489.53 210.84
1491.53 28.92
1493.52 221.08
1495.53 164.62
1497.53 195.54
1499.52 227.42
1501.52 23.05
1503.53 249.29
1505.52 32.53
1507.52 192.08
1509.53 240.85
1511.52 32.08
1513.52 260.95
1515.52 30.35
1517.53 109.73
1519.52 246.76
1521.52 259.97
1523.52 232.71
1525.52 25.95
1527.52 290.35
1529.52 21.41
1531.52 272.34
1533.52 314.85
1535.53 21.8
1537.52 239.46
1539.52 31.48
1541.53 260.66
1543.53 259.85
1545.52 269.65
1547.52 328.9
1549.53 24.82
1551.52 320.0
1553.52 21.57
1555.53 210.89
1557.53 302.75
1559.52 26.63
1561.52 232.58
1563.53 34.41
1565.53 283.74
1567.52 237.42
1569.53 287.19
1571.53 296.24
1573.53 28.74
1575.52 266.71
1577.52 31.3
1579.53 234.63
1581.52 197.0
1583.53 29.75
1585.53 278.04
1587.52 32.06
1589.53 295.54
1591.53 253.0
1593.53 283.92
1595.53 271.46
1597.77 29.36
1599.53 246.8
1601.78 32.4
1603.77 297.83
1605.78 288.29
1607.78 278.11
1609.78 316.81
1611.78 29.65
1613.77 272.8
1615.56 32.44
1617.77 343.8
1619.78 295.72
1621.78 31.22
1623.78 269.25
1625.78 24.77
1627.78 255.24
1629.77 259.13
1631.78 304.0
1633.78 304.75
1635.77 21.08
1637.78 157.32
1639.77 30.96
1641.78 281.63
1643.78 288.65
1645.78 31.4
1647.78 229.93
1649.78 29.52
1651.78 247.58
1653.78 275.98
1655.79 274.34
1657.78 296.45
1659.78 27.0
1661.79 260.52
1663.78 24.51
1665.78 332.21
1667.77 248.86
1669.78 33.64
1671.78 204.02
1673.78 35.43
1675.78 128.61
1677.78 230.69
1679.78 162.24
1681.79 142.35
1683.77 24.65
1685.78 95.88
1687.78 31.9
1689.79 92.53
1691.78 188.78
1693.78 27.39
1695.78 228.55
1697.78 240.68
1699.78 183.68
1701.78 260.58
1703.78 266.82
1705.78 141.64
1707.78 29.84
1709.78 272.96
1711.77 31.32
1713.78 249.47
1715.78 268.25
1717.78 25.84
1719.78 128.98
1721.78 27.77
1723.77 243.62
1725.78 29.6
1727.78 31.05
1729.78 78.53
1731.78 20.97
1733.78 69.9
1735.78 30.33
1737.78 122.11
1739.79 172.1
1741.78 30.28
1743.77 8.2
1745.79 32.03
1747.77 31.19
1749.78 25.29
1751.8 115.76
1753.78 3.39
1755.77 23.34
1757.78 24.62
1759.78 23.86
1761.78 44.55
1763.78 41.02
1765.78 52.3
1767.78 71.46
1769.78 78.13
1771.78 82.11
1773.78 63.81
1775.78 55.25
1777.77 88.41
1779.78 25.65
1781.79 119.36
1783.77 29.51
1785.79 119.43
1787.78 130.57
1789.78 106.94
1791.78 80.35
1793.77 101.3
1795.78 94.26
1797.78 171.47
1799.79 139.96
1801.78 157.46
1803.78 31.09
1805.78 169.51
1807.78 171.12
1809.78 27.11
1811.79 84.42
1813.78 30.8
1815.79 133.61
1817.78 33.69
1819.79 154.45
1821.78 164.34
1823.77 161.55
1825.78 170.78
1827.78 28.93
1829.79 169.99
1831.79 19.68
1833.78 122.9
1835.79 138.83
1837.79 28.8
1839.78 166.78
1841.78 32.52
1843.79 177.87
1845.82 22.83
1847.79 175.07
1850.03 195.14
1851.78 31.56
1854.04 17.54
1856.03 33.01
1858.02 33.01
1860.04 68.35
1862.04 68.35
1864.03 72.77
1866.04 79.49
1868.04 89.5
1870.03 86.82
1872.04 86.82
1874.04 86.82
1876.04 107.57
1878.02 84.97
1880.04 32.28
1882.04 141.31
1884.04 141.31
1886.03 141.31
1888.04 141.31
1890.03 132.75
1892.03 116.16
1894.03 20.59
1896.02 97.38
1898.02 130.0
1900.04 31.54
1902.03 66.46
1904.02 25.5
1906.03 156.28
1908.04 133.81
1910.03 29.71
1912.03 103.33
1914.02 31.01
1916.03 127.38
1918.04 32.46
1920.04 155.7
1922.04 172.51
1924.03 31.57
1926.03 37.0
1928.04 22.02
1930.04 160.7
1932.04 180.79
1934.04 25.7
1936.04 88.4
1938.04 28.78
1940.02 177.28
1942.04 17.87
1944.03 189.51
1946.04 141.35
1948.03 30.32
1950.04 169.64
1952.03 18.74
1954.03 169.44
1956.03 135.07
1958.04 31.14
1960.04 205.11
1962.03 32.04
1964.04 230.97
1966.03 30.93
1968.03 150.55
1970.04 187.78
1972.03 25.33
1974.03 193.0
1976.03 24.86
1978.03 218.17
1980.04 290.48
1982.03 33.3
1984.03 291.65
1986.04 25.26
1988.03 248.62
1990.04 29.43
1992.04 255.21
1994.03 294.81
1996.03 29.68
1998.04 225.83
2000.03 20.61
2002.04 261.74
2004.03 272.41
2006.03 20.45
2008.04 200.2
2010.04 31.52
2012.03 103.91
2014.04 21.54
2016.04 106.77
2018.04 187.17
2020.03 26.51
2022.03 208.58
2024.03 30.56
2026.04 210.37
2028.03 149.29
2030.04 31.5
2032.03 185.85
2034.04 16.14
2036.03 77.23
2038.04 12.38
2040.03 80.44
2042.03 69.25
2044.03 65.61
2046.03 50.29
2048.03 77.19
2050.03 77.19
2052.03 90.44
2054.03 113.72
2056.03 149.18
2058.04 29.55
2060.04 164.29
2062.04 31.97
2064.04 156.65
2066.03 0.97
2068.03 17.72
2070.04 151.28
2072.03 25.93
2074.03 189.87
2076.04 111.33
2078.05 25.51
2080.03 172.28
2082.05 26.43
2084.04 166.73
2086.04 183.87
2088.04 81.83
2090.04 211.15
2092.04 31.28
2094.03 222.85
2096.04 28.81
2098.28 26.5
2100.28 45.98
2102.04 74.75
2104.04 104.59
2106.04 103.32
2108.29 103.32
2110.29 28.14
2112.29 50.23
2114.29 71.33
2116.28 71.33
2118.3 61.37
2120.3 55.07
2122.28 84.0
2124.29 78.13
2126.29 49.45
2128.29 98.62
2130.3 89.39
2132.3 101.86
2134.28 93.18
2136.28 80.17
2138.28 117.8
2140.28 121.59
2142.29 126.94
2144.28 30.65
2146.28 121.38
2148.28 127.38
2150.29 139.88
2152.29 114.78
2154.28 25.63
2156.3 118.38
2158.29 26.43
2160.29 142.14
2162.28 114.34
2164.28 34.44
2166.28 134.33
2168.3 31.9
2170.29 55.01
2172.28 7.61
2174.28 139.97
2176.29 125.81
2178.29 30.92
2180.29 172.61
2182.28 28.69
2184.29 144.5
2186.29 185.34
2188.3 36.57
2190.28 156.32
2192.29 19.29
2194.29 136.75
2196.29 177.62
2198.28 206.76
2200.29 102.55
2202.28 21.27
2204.29 172.53
2206.28 28.44
2208.3 192.54
2210.3 182.42
2212.29 23.6
2214.29 142.57
2216.29 19.94
2218.29 17.66
2220.29 130.38
2222.29 163.27
2224.29 170.72
2226.29 28.14
2228.29 161.95
2230.29 30.87
2232.29 27.79
2234.3 120.93
2236.29 32.25
2238.28 160.7
2240.29 26.49
2242.29 84.36
2244.29 152.35
2246.3 151.33
2248.29 161.62
2250.28 26.09
2252.29 93.56
2254.29 23.72
2256.29 86.46
2258.29 99.34
2260.3 25.39
2262.29 95.77
2264.28 97.88
2266.29 138.91
2268.29 75.97
2270.29 103.97
2272.29 162.23
2274.29 31.19
2276.29 160.93
2278.29 30.96
2280.29 198.94
2282.29 156.9
2284.29 32.88
2286.29 197.81
2288.29 31.44
2290.29 208.24
2292.29 189.0
2294.28 161.24
2296.29 218.52
2298.29 29.88
2300.29 208.49
2302.29 33.12
2304.28 218.57
2306.28 127.46
2308.28 31.84
2310.29 182.99
2312.28 33.3
2314.29 176.47
2316.3 145.15
2318.28 96.42
2320.29 234.52
2322.28 28.38
2324.29 239.13
2326.28 30.56
2328.28 234.83
2330.29 210.77
2332.29 31.67
2334.3 244.97
2336.29 26.85
2338.29 274.07
2340.28 224.42
2342.28 50.37
2344.28 228.12
2346.3 33.06
2348.29 210.54
2350.54 34.0
2352.54 174.36
2354.54 136.4
2356.54 215.49
2358.55 78.44
2360.54 28.21
2362.53 132.46
2364.33 23.0
2366.54 111.34
2368.54 175.9
2370.54 30.85
2372.54 186.15
2374.54 164.9
2376.54 183.21
2378.54 206.74
2380.53 135.06
2382.54 215.21
2384.54 31.74
2386.54 202.01
2388.33 24.95
2390.54 203.35
2392.54 309.4
2394.55 28.7
2396.54 326.23
2398.54 29.99
2400.53 345.14
2402.54 315.55
2404.54 343.63
2406.54 366.32
2408.54 33.63
2410.54 264.35
2412.54 18.52
2414.55 351.44
2416.54 300.94
2418.54 31.3
2420.54 384.65
2422.55 33.86
2424.54 150.44
2426.54 184.04
2428.54 5.32
2430.53 239.37
2432.54 24.76
2434.54 95.71
2436.54 24.76
2438.54 272.19
2440.54 269.96
2442.54 29.43
2444.54 298.42
2446.54 18.45
2448.54 1.04
2450.54 254.32
2452.54 241.24
2454.55 180.53
2456.55 28.7
2458.54 52.66
2460.54 21.73
2462.54 84.39
2464.54 84.39
2466.54 61.14
2468.54 61.14
2470.55 61.14
2472.54 61.14
2474.54 61.14
2476.54 62.07
2478.54 60.3
2480.54 69.81
2482.54 71.85
2484.55 36.76
2486.54 98.7
2488.55 99.08
2490.55 25.68
2492.54 175.74
2494.54 31.12
2496.55 194.24
2498.55 214.3
2500.54 263.58
2502.55 218.45
2504.54 19.81
2506.54 281.44
2508.54 28.1
2510.54 253.65
2512.54 282.24
2514.54 29.37
2516.54 141.65
2518.54 25.15
2520.54 122.69
2522.54 140.83
2524.54 35.86
2526.54 162.07
2528.55 31.06
2530.55 154.31
2532.55 32.13
2534.54 176.56
2536.54 147.12
2538.54 24.65
2540.55 182.17
2542.54 31.53
2544.54 130.06
2546.55 28.42
2548.54 18.97
2550.55 30.79
2552.54 29.61
2554.54 32.98
2556.54 33.09
2558.54 26.7
2560.54 26.52
2562.54 30.62
2564.54 32.42
2566.54 32.42
2568.54 42.37
2570.54 41.06
2572.54 43.01
2574.55 37.93
2576.54 38.48
2578.54 40.27
2580.54 39.84
2582.54 55.03
2584.54 53.51
2586.54 66.66
2588.54 92.91
2590.54 101.83
2592.54 78.59
2594.55 131.16
2596.55 114.83
2598.55 128.85
2600.8 31.22
2602.8 181.67
2604.8 14.3
2606.55 183.52
2608.8 191.08
2610.79 28.9
2612.79 134.24
2614.79 31.96
2616.79 164.76
2618.8 164.79
2620.79 170.59
2622.79 157.95
2624.79 25.58
2626.79 154.97
2628.8 31.85
2630.81 233.6
2632.8 234.24
2634.79 28.14
2636.8 240.72
2638.79 31.45
2640.79 341.89
2642.8 258.27
2644.8 241.12
2646.79 252.89
2648.79 20.57
2650.8 201.35
2652.81 31.66
2654.8 304.35
2656.79 273.15
2658.8 33.01
2660.8 297.14
2662.79 28.58
2664.79 262.77
2666.79 251.62
2668.79 289.72
2670.79 273.3
2672.79 32.35
2674.79 246.62
2676.79 29.45
2678.79 153.17
2680.8 266.88
2682.8 35.79
2684.79 287.98
2686.79 16.0
2688.79 166.73
2690.79 289.35
2692.79 230.93
2694.79 217.27
2696.8 28.68
2698.79 209.79
2700.79 33.32
2702.8 109.15
2704.8 50.25
2706.79 21.32
2708.79 179.65
2710.81 31.66
2712.79 165.38
2714.8 157.89
2716.79 93.72
2718.8 41.29
2720.79 21.01
2722.8 164.59
2724.79 24.92
2726.8 156.64
2728.8 212.7
2730.81 157.0
2732.79 122.13
2734.79 107.08
2736.8 92.58
2738.79 151.52
2740.8 155.47
2742.8 157.51
2744.8 32.32
2746.8 142.16
2748.8 29.22
2750.8 192.92
2752.8 131.33
2754.8 21.95
2756.8 150.81
2758.8 31.74
2760.81 196.71
2762.8 259.22
2764.8 202.26
2766.79 119.02
2768.8 32.25
2770.8 172.08
2772.8 31.02
2774.8 85.26
2776.81 120.22
2778.8 30.93
2780.8 89.04
2782.8 26.93
2784.8 130.69
2786.8 131.08
2788.8 138.9
2790.79 138.9
2792.8 22.04
2794.8 37.63
2796.8 31.39
2798.81 127.53
2800.8 125.97
2802.8 31.16
2804.8 189.13
2806.8 33.3
2808.8 88.4
2810.79 158.72
2812.8 188.74
2814.8 169.49
2816.83 153.01
2818.8 207.1
2820.8 33.99
2822.8 53.05
2824.8 25.91
2826.8 92.71
2828.8 98.52
2830.8 33.53
2832.79 109.8
2834.79 121.69
2836.79 126.27
2838.79 117.41
2840.79 35.77
2842.79 134.32
2844.79 33.6
2846.79 157.69
2848.79 141.24
2850.8 37.62
2852.8 185.12
2855.05 30.0
2857.05 229.68
2858.83 22.73
2861.04 3.88
2863.06 206.63
2865.04 31.43
2867.04 206.72
2869.04 32.92
2871.04 230.39
2873.04 206.13
2875.04 240.98
2877.04 247.67
2879.04 31.43
2881.05 214.34
2882.84 27.67
2885.04 106.09
2887.05 259.17
2889.05 21.42
2891.04 251.85
2893.06 32.07
2895.04 149.63
2897.04 126.0
2899.04 124.11
2901.04 209.64
2903.06 28.84
2905.04 212.36
2907.04 27.92
2909.04 206.26
2911.04 208.68
2913.04 31.37
2915.04 219.04
2917.04 32.33
2919.04 226.91
2921.04 190.8
2923.04 215.96
2925.05 218.52
2927.04 26.65
2929.04 171.28
2931.04 31.87
2933.04 214.98
2935.04 207.74
2937.04 26.72
2939.04 218.46
2941.06 31.53
2943.04 198.43
2945.04 243.89
2947.04 246.26
2949.04 207.56
2951.04 32.39
2953.04 242.89
2955.06 20.04
2957.04 163.65
2959.04 258.03
2961.06 18.4
2963.04 248.86
2965.04 31.68
2967.04 225.85
2969.04 260.89
2971.06 299.98
2973.06 299.95
2975.04 26.87
2977.05 302.16
2979.04 31.48
2981.06 284.73
2983.05 165.45
2985.06 33.49
2987.04 129.32
2989.05 32.0
2991.05 137.94
2993.05 140.4
2995.06 170.17
2997.04 169.8
2999.05 32.82
3001.05 135.35
3002.95 14.56
3005.05 0.83
3007.04 9.04
3009.06 45.02
3011.06 46.8
3013.05 60.8
3015.05 62.53
3017.06 76.34
3019.06 77.25
3021.06 104.33
3023.06 104.46
3025.06 91.46
3027.06 28.48
3029.04 139.93
3031.05 129.81
3033.05 129.33
3035.05 170.7
3037.05 30.56
3039.06 169.09
3041.06 115.59
3043.05 185.37
3045.06 157.62
3047.04 31.7
3049.05 210.35
3051.05 37.17
3053.05 225.89
3055.05 196.99
3057.05 27.22
3059.06 229.16
3061.05 33.27
3063.06 211.03
3065.05 185.61
3067.06 272.8
3069.05 279.34
3071.06 31.42
3073.05 237.37
3075.06 31.22
3077.06 262.28
3079.05 355.54
3081.05 31.4
3083.05 285.69
3085.05 35.5
3087.05 221.09
3089.05 219.48
3091.05 254.35
3093.05 286.74
3095.04 30.67
3097.05 227.58
3099.05 35.81
3101.06 246.35
3103.3 216.83
3105.06 34.19
3107.3 193.23
3109.3 34.5
3111.3 184.28
3113.08 32.7
3115.3 189.04
3117.3 34.11
3119.3 32.44
3121.3 149.19
3123.3 30.11
3125.3 143.97
3127.31 214.24
3129.3 37.33
3131.3 222.53
3133.31 26.06
3135.31 195.31
3137.3 31.22
3139.3 66.03
3141.3 169.64
3143.31 36.78
3145.3 220.72
3147.3 33.42
3149.3 212.96
3151.3 211.25
3153.3 36.31
3155.3 182.64
3157.3 25.62
3159.3 73.31
3161.31 32.32
3163.3 155.7
3165.3 179.25
3167.3 25.46
3169.3 212.2
3171.3 32.91
3173.3 193.39
3175.3 201.31
3177.31 32.03
3179.3 208.26
3181.31 24.02
3183.3 208.79
3185.3 21.13
3187.3 238.86
3189.31 238.86
3191.31 34.05
3193.3 182.52
3195.3 31.76
3197.3 147.39
3199.3 165.2
3201.3 23.95
3203.3 100.85
3205.3 31.39
3207.3 105.27
3209.3 24.84
3211.3 75.14
3213.3 89.25
3215.3 29.3
3217.31 139.52
3219.3 31.52
3221.3 231.43
3223.3 192.74
3225.3 267.54
3227.3 224.31
3229.3 28.82
3231.31 281.27
3233.3 35.95
3235.3 268.29
3237.31 161.54
3239.3 31.87
3241.3 219.32
3243.3 31.26
3245.31 66.79
3247.3 23.31
3249.31 30.22
3251.3 30.22
3253.31 58.85
3255.31 64.1
3257.3 76.03
3259.31 89.36
3261.31 86.71
3263.3 99.63
3265.3 111.62
3267.31 111.62
3269.31 132.02
3271.31 121.34
3273.31 116.7
3275.31 182.97
3277.3 33.42
3279.31 225.71
3281.31 24.94
3283.31 160.07
3285.31 156.87
3287.31 33.16
3289.3 184.0
3291.3 25.39
3293.31 198.94
3295.3 244.08
3297.31 31.83
3299.3 256.85
3301.31 32.0
3303.3 281.03
3305.31 30.82
3307.31 256.84
3309.31 274.75
3311.31 34.02
3313.3 209.98
3315.31 33.82
3317.31 206.86
3319.3 260.85
3321.3 34.0
3323.31 129.0
3325.31 33.33
3327.31 179.02
3329.3 35.09
3331.32 185.68
3333.3 230.14
3335.31 31.29
3337.31 231.9
3339.3 31.25
3341.31 225.35
3343.3 193.13
3345.31 33.02
3347.3 229.78
3349.3 32.55
3351.31 162.05
3353.31 27.94
3355.31 56.37
3357.31 45.69
3359.31 25.79
3361.55 161.91
3363.55 24.05
3365.56 163.47
3367.56 170.18
3369.56 186.52
3371.56 216.8
3373.56 30.54
3375.56 196.37
3377.56 34.98
3379.56 226.87
3381.56 248.75
3383.56 31.07
3385.56 230.99
3387.56 20.96
3389.56 177.86
3391.56 218.15
3393.56 265.52
3395.56 226.82
3397.55 32.85
3399.56 230.0
3401.56 29.1
3403.56 217.07
3405.56 204.4
3407.56 32.22
3409.56 202.8
3411.56 26.15
3413.55 151.36
3415.55 286.48
3417.56 249.39
3419.56 235.13
3421.56 31.75
3423.55 272.76
3425.55 26.48
3427.56 224.41
3429.55 198.46
3431.56 32.36
3433.56 286.94
3435.55 25.22
3437.55 185.01
3439.55 217.13
3441.55 273.36
3443.55 278.61
3445.56 34.4
3447.56 272.56
3449.55 34.66
3451.56 165.85
3453.56 214.98
3455.56 33.09
3457.56 268.01
3459.56 32.19
3461.55 188.9
3463.55 262.64
3465.58 286.86
3467.56 214.73
3469.55 20.01
3471.55 218.57
3473.56 30.9
3475.55 291.28
3477.56 292.15
3479.56 32.0
3481.56 235.42
3483.56 18.41
3485.55 261.05
3487.56 206.57
3489.55 257.05
3491.55 209.58
3493.55 29.13
3495.55 230.59
3497.55 31.98
3499.55 208.0
3501.56 231.36
3503.55 34.23
3505.55 201.97
3507.56 38.31
3509.56 200.54
3511.56 235.23
3513.56 137.22
3515.55 151.6
3517.57 31.32
3519.55 93.8
3521.56 18.36
3523.55 115.71
3525.55 148.57
3527.56 12.51
3529.55 59.83
3531.56 17.68
3533.56 138.91
3535.56 131.96
3537.55 78.05
3539.57 134.21
3541.56 62.98
3543.56 141.0
3545.57 30.92
3547.57 92.34
3549.55 182.06
3551.57 30.09
3553.56 149.97
3555.56 32.09
3557.55 169.94
3559.57 204.38
3561.57 196.05
3563.56 207.31
3565.57 27.98
3567.57 186.09
3569.57 31.9
3571.57 187.54
3573.55 232.5
3575.56 33.39
3577.56 141.42
3579.55 30.72
3581.56 157.33
3583.57 130.93
3585.56 143.38
3587.57 95.46
3589.56 24.22
3591.57 132.81
3593.56 15.63
3595.56 161.13
3597.56 82.28
3599.56 28.12
3601.55 141.49
3603.82 31.45
3605.57 188.43
3607.59 176.09
3609.84 4.21
3611.56 6.77
3613.56 17.09
3615.82 25.48
3617.82 4.36
3619.83 33.5
3621.81 3.11
3623.82 61.06
3625.81 69.3
3627.81 68.11
3629.81 95.21
3631.81 97.83
3633.81 112.0
3635.81 144.61
3637.81 35.5
3639.81 155.17
3641.81 35.04
3643.82 191.54
3645.82 201.59
3647.82 173.89
3649.81 171.97
3651.82 32.03
3653.81 252.27
3655.81 28.39
3657.81 147.06
3659.8 174.04
3661.81 30.83
3663.81 156.81
3665.81 31.17
3667.82 171.74
3669.8 180.8
3671.82 35.38
3673.81 97.9
3675.8 25.51
3677.81 167.79
3679.81 30.5
3681.81 169.06
3683.81 167.23
3685.81 29.0
3687.81 122.18
3689.81 31.87
3691.81 182.78
3693.81 143.18
3695.81 158.75
3697.81 35.37
3699.81 36.82
3701.81 183.42
3703.81 29.48
3705.81 92.02
3707.81 194.85
3709.81 36.99
3711.81 137.92
3713.82 23.24
3715.81 229.85
3717.81 187.27
3719.82 97.84
3721.81 97.63
3723.81 31.27
3725.82 167.04
3727.82 32.33
3729.81 140.94
3731.82 159.9
3733.82 34.86
3735.84 129.11
