0 29.625
1 13.5
2 11.875
3 12.5
4 27.375
5 33.5
6 33.0
7 35.25
8 41.125
9 43.625
10 44.0
11 26.875
12 36.5
13 40.125
14 45.125
15 48.125
16 46.375
17 47.375
18 43.875
19 50.875
20 54.0
21 51.125
22 34.25
23 42.25
24 56.0
25 66.25
26 68.625
27 99.0
28 104.25
29 96.0
30 44.375
31 72.75
32 86.25
33 92.375
34 93.0
35 95.625
36 74.125
37 36.0
38 13.5
39 14.5
40 11.875
41 81.125
42 59.125
43 77.125
44 76.625
45 40.125
46 13.625
47 13.625
48 5.0
49 95.5
50 96.875
51 96.375
52 82.75
53 101.125
54 89.75
55 101.75
56 104.25
57 93.0
58 103.625
59 92.75
60 67.75
61 2.75
62 3.5
63 0.75
64 3.875
65 15.125
66 11.5
67 14.75
68 44.0
69 39.5
70 3.5
71 2.75
72 8.375
73 5.0
74 5.875
75 10.5
76 11.875
77 36.375
78 44.625
79 32.375
80 40.25
81 41.25
82 39.5
83 39.25
84 47.125
85 43.5
86 54.375
87 63.125
88 59.375
89 72.5
90 59.625
91 65.5
92 62.875
93 92.75
94 92.0
95 97.75
96 83.5
97 13.0
98 11.375
99 14.5
100 26.625
101 74.75
102 103.0
103 88.75
104 74.75
105 71.0
106 65.75
107 68.75
108 73.875
109 73.375
110 102.25
111 104.875
112 99.875
113 91.0
114 90.875
115 118.375
116 138.75
117 132.5
118 125.0
119 97.625
120 94.875
121 114.25
122 143.75
123 130.0
124 102.25
125 67.75
126 43.25
127 1.625
128 1.0
129 7.25
130 1.375
131 0.5
132 2.375
133 4.875
134 2.875
135 1.875
136 2.125
137 5.0
138 4.375
139 5.375
140 4.25
141 2.75
142 0.25
143 2.375
144 4.0
145 2.5
146 2.375
147 1.875
148 3.25
149 3.125
150 2.625
151 2.0
152 3.875
153 3.375
154 3.375
155 3.625
156 4.375
157 12.0
158 15.125
159 14.75
160 15.625
161 4.5
162 21.75
163 24.0
164 25.125
165 32.375
166 27.375
167 31.125
168 4.875
169 1.0
170 15.25
171 11.875
172 14.625
173 10.875
174 14.875
175 15.0
176 12.625
177 14.875
178 11.5
179 14.625
180 12.375
181 13.0
182 14.0
183 12.125
184 12.75
185 14.5
186 14.375
187 12.25
188 15.375
189 12.625
190 14.25
191 15.375
192 15.375
193 15.0
194 15.0
195 11.25
196 10.125
197 14.25
198 13.125
199 13.375
200 12.75
201 14.75
202 15.0
203 13.75
204 12.375
205 15.625
206 10.5
207 13.125
208 14.375
209 15.5
210 15.125
211 11.875
212 14.0
213 13.75
214 12.625
215 12.25
216 14.5
217 10.625
218 10.875
219 13.75
220 15.125
221 14.875
222 14.25
223 14.5
224 12.0
225 15.0
226 11.5
227 15.625
228 15.25
229 15.625
230 15.375
231 13.875
232 14.75
233 13.875
234 13.375
235 15.0
236 12.125
237 14.125
238 15.125
239 15.0
240 13.75
241 14.75
242 10.875
243 14.25
244 13.0
245 10.5
246 10.125
247 13.625
248 14.5
249 15.5
250 10.0
251 15.5
252 15.5
253 15.5
254 11.625
255 14.125
256 14.25
257 13.125
258 14.0
259 13.75
260 14.375
261 14.75
262 10.5
263 15.25
264 14.625
265 14.875
266 15.0
267 14.5
268 14.125
269 13.625
270 14.625
271 14.0
272 11.625
273 14.625
274 14.75
275 12.25
276 12.875
277 15.5
278 12.5
279 13.625
280 10.875
281 15.0
282 12.5
283 14.75
284 12.0
285 12.125
286 14.375
287 11.0
288 13.0
289 14.0
290 10.625
291 15.25
292 14.125
293 12.75
294 13.25
295 14.375
296 15.25
297 4.75
298 5.25
299 7.625
300 10.375
301 15.25
302 16.75
303 21.875
304 29.75
305 46.375
306 54.5
307 63.125
308 67.75
309 73.625
310 85.625
311 92.125
312 100.875
313 96.125
314 86.0
315 93.625
316 90.5
317 95.25
318 109.125
319 101.0
320 100.25
321 99.625
322 90.375
323 110.5
324 93.25
325 102.375
326 124.125
327 107.25
328 111.5
329 73.25
330 66.5
331 78.625
332 76.875
333 89.625
334 83.0
335 81.125
336 85.25
337 88.0
338 82.375
339 80.75
340 81.75
341 85.875
342 93.625
343 96.625
344 100.875
345 100.0
346 99.0
347 95.0
348 126.25
349 126.25
350 138.75
351 103.375
352 137.5
353 158.75
354 160.0
355 147.5
356 143.75
357 122.25
358 150.0
359 128.75
360 115.875
361 124.625
362 133.75
363 126.25
364 127.5
365 136.25
366 137.5
367 138.75
368 146.25
369 143.75
370 136.25
371 121.25
372 119.875
373 106.75
374 115.625
375 126.25
376 128.75
377 115.875
378 138.75
379 126.25
380 122.625
381 142.5
382 106.25
383 117.125
384 137.5
385 118.75
386 140.0
387 112.375
388 96.75
389 106.875
390 127.5
391 92.5
392 112.625
393 103.0
394 114.125
395 81.25
396 89.125
397 82.5
398 102.75
399 98.25
400 98.875
401 107.375
402 75.125
403 68.0
404 102.75
405 57.625
406 2.25
407 2.375
408 38.125
409 84.125
410 65.625
411 53.625
412 66.5
413 95.125
414 59.375
415 13.5
416 10.625
417 15.75
418 89.625
419 116.875
420 95.75
421 99.125
422 92.5
423 100.75
424 109.125
425 108.875
426 123.0
427 126.25
428 124.625
429 131.25
430 170.0
431 157.5
432 172.5
433 180.0
434 157.5
435 163.75
436 191.25
437 202.5
438 210.0
439 211.25
440 153.75
441 210.0
442 207.5
443 193.75
444 187.5
445 195.0
446 201.25
447 188.75
448 177.5
449 206.25
450 203.75
451 153.75
452 162.5
453 156.25
454 162.5
455 173.75
456 170.0
457 111.375
458 146.25
459 157.5
460 155.0
461 135.0
462 141.25
463 119.0
464 91.0
465 93.625
466 97.0
467 100.375
468 120.75
469 132.5
470 107.5
471 102.375
472 117.125
473 128.75
474 103.125
475 99.375
476 101.375
477 87.25
478 100.375
479 105.125
480 107.125
481 118.125
482 123.0
483 113.0
484 122.25
485 104.5
486 122.875
487 102.125
488 127.5
489 99.375
490 123.75
491 116.625
492 87.875
493 80.0
494 108.625
495 102.375
496 121.375
497 110.0
498 60.75
499 33.125
500 76.75
501 83.625
502 86.0
503 109.875
504 72.25
505 0.375
506 14.375
507 15.625
508 3.625
509 54.5
510 49.125
511 80.125
512 58.75
513 62.875
514 78.125
515 91.375
516 99.875
517 101.875
518 0.625
519 1.25
520 2.5
521 1.875
522 15.0
523 15.0
524 20.625
525 56.125
526 65.875
527 42.25
528 1.125
529 12.625
530 73.0
531 72.0
532 69.75
533 70.875
534 90.875
535 80.625
536 98.0
537 111.5
538 109.75
539 115.375
540 110.125
541 135.0
542 143.75
543 138.75
544 155.0
545 151.25
546 152.5
547 163.75
548 198.75
549 185.0
550 170.0
551 196.25
552 180.0
553 186.25
554 195.0
555 185.0
556 183.75
557 180.0
558 203.75
559 176.25
560 192.5
561 192.5
562 191.25
563 200.0
564 200.0
565 185.0
566 156.25
567 114.125
568 119.75
569 135.0
570 58.0
571 1.25
572 3.625
573 0.75
574 3.875
575 2.625
576 4.625
577 1.75
578 5.375
579 1.375
580 1.375
581 4.125
582 2.125
583 1.125
584 2.375
585 2.5
586 3.625
587 3.375
588 1.625
589 14.875
590 13.25
591 14.0
592 21.5
593 26.5
594 28.5
595 39.5
596 51.25
597 59.75
598 47.5
599 63.375
600 58.5
601 63.125
602 66.75
603 72.125
604 81.0
605 106.0
606 107.875
607 102.75
608 63.25
609 2.75
610 11.625
611 14.125
612 19.875
613 105.75
614 102.375
615 88.5
616 103.125
617 119.625
618 127.5
619 106.875
620 108.5
621 85.25
622 96.75
623 85.75
624 115.0
625 122.25
626 120.5
627 122.5
628 128.75
629 156.25
630 143.75
631 142.5
632 136.25
633 131.25
634 131.25
635 142.5
636 133.75
637 140.0
638 157.5
639 157.5
640 156.25
641 140.0
642 143.75
643 127.5
644 127.5
645 132.5
646 153.75
647 138.75
648 102.875
649 132.5
650 133.75
651 136.25
652 120.0
653 131.25
654 87.5
655 131.25
656 100.375
657 115.25
658 43.5
659 94.5
660 87.375
661 97.75
662 37.25
663 56.0
664 68.875
665 78.5
666 63.875
667 72.375
668 76.875
669 69.25
670 59.75
671 16.0
672 0.125
673 15.625
674 11.25
675 15.5
676 19.5
677 44.25
678 53.25
679 47.125
680 64.125
681 49.5
682 32.375
683 52.875
684 57.0
685 63.625
686 72.25
687 72.875
688 95.375
689 105.5
690 98.5
691 90.625
692 99.5
693 94.25
694 102.875
695 118.625
696 106.5
697 103.25
698 106.25
699 95.25
700 105.25
701 104.5
702 110.75
703 115.625
704 114.75
705 106.5
706 105.5
707 98.125
708 116.25
709 111.375
710 113.25
711 109.375
712 93.0
713 98.125
714 96.25
715 96.625
716 110.625
717 109.75
718 109.625
719 104.75
720 112.125
721 107.5
722 111.25
723 101.25
724 105.0
725 117.125
726 106.875
727 106.125
728 103.625
729 104.125
730 106.5
731 112.125
732 107.125
733 109.5
734 118.125
735 131.25
736 107.75
737 100.375
738 96.25
739 110.25
740 77.5
741 55.75
742 52.0
743 70.375
744 52.0
745 60.875
746 48.0
747 47.125
748 49.0
749 44.375
750 56.75
751 46.875
752 18.5
753 29.75
754 41.75
755 39.875
756 41.125
757 42.625
758 26.375
759 23.0
760 45.875
761 42.5
762 41.25
763 37.25
764 30.0
765 36.125
766 15.5
767 15.25
768 0.125
769 0.125
770 15.375
771 11.75
772 14.125
773 12.625
774 14.75
775 14.75
776 15.125
777 13.0
778 14.25
779 10.875
780 15.25
781 14.125
782 11.875
783 13.25
