0.0 146.72
1.16 32.47
3.16 71.6
5.16 96.1
7.16 170.28
9.17 147.73
11.17 31.7
13.17 151.7
15.17 20.78
17.17 96.21
19.17 214.63
21.17 63.72
23.16 211.47
25.17 46.14
27.16 125.26
29.17 197.46
31.16 239.94
33.17 223.55
35.17 32.14
37.17 194.23
39.17 21.03
41.17 110.0
43.17 177.02
45.17 39.74
47.17 104.07
49.17 47.65
51.17 106.38
53.16 102.59
55.17 172.56
57.17 177.86
59.17 31.25
61.17 230.69
63.16 231.95
65.16 157.86
67.17 192.22
69.17 47.78
71.17 161.65
73.17 59.55
75.17 173.31
77.17 249.99
79.17 259.95
81.17 219.92
83.17 37.54
85.16 158.84
87.17 68.8
89.41 248.47
91.41 164.75
93.41 291.69
95.41 291.54
97.41 34.03
99.42 189.02
101.19 0.86
103.42 221.16
105.42 217.33
107.42 40.07
109.42 186.4
111.42 38.08
113.41 118.7
115.41 149.85
117.42 25.2
119.42 146.9
121.42 42.4
123.41 118.67
125.41 33.8
127.42 212.07
129.41 231.94
131.42 34.17
133.42 188.28
135.42 40.71
137.42 0.95
139.41 180.25
141.42 36.92
143.41 125.83
145.42 19.42
147.42 200.57
149.42 48.92
151.42 176.98
153.42 172.56
155.41 30.35
157.42 215.93
159.42 68.81
161.42 138.92
163.42 126.5
165.42 44.11
167.42 219.91
169.42 39.47
171.42 232.62
173.42 0.6
175.42 256.15
177.42 161.79
179.42 215.31
181.42 188.15
183.42 37.72
185.42 190.47
187.42 78.86
189.42 216.08
191.41 268.81
193.42 33.43
195.42 191.12
197.42 28.57
199.42 222.59
201.42 298.04
203.42 42.73
205.42 136.31
207.41 37.48
209.42 89.04
211.42 110.38
213.42 104.1
215.42 173.76
217.42 30.94
219.42 17.13
221.42 27.92
223.42 86.91
225.42 99.91
227.42 49.18
229.42 67.62
231.42 35.32
233.42 118.15
235.41 105.44
237.41 110.41
239.41 178.11
241.42 48.07
243.42 195.01
245.42 107.08
247.42 189.62
249.42 106.76
251.42 47.86
253.41 138.11
255.41 33.99
257.41 133.87
259.41 133.87
261.41 133.87
263.41 99.02
265.41 50.05
267.41 238.81
269.41 37.18
271.41 91.42
273.41 87.72
275.41 33.86
277.42 124.72
279.41 52.62
281.41 167.23
283.41 192.04
285.41 188.76
287.41 178.16
289.42 35.96
291.42 246.01
293.42 34.27
295.42 185.74
297.42 243.55
299.42 36.57
301.41 260.27
303.42 26.83
305.41 253.03
307.42 29.04
309.42 65.59
311.42 194.57
313.42 32.46
315.42 196.22
317.42 25.22
319.42 220.57
321.42 203.64
323.42 40.1
325.42 267.61
327.42 44.68
329.42 127.69
331.42 225.43
333.42 218.98
335.42 249.28
337.42 8.72
339.42 52.17
341.67 49.84
343.67 100.91
345.67 104.91
347.67 114.72
349.67 101.9
351.67 39.07
353.67 104.16
355.67 67.23
357.67 39.18
359.67 57.24
361.67 40.7
363.67 119.75
365.67 42.21
367.67 266.82
369.67 275.76
371.67 47.63
373.67 235.18
375.67 31.08
377.67 130.55
379.67 97.36
381.67 78.91
383.67 185.31
385.67 72.32
387.67 101.43
389.66 35.36
391.67 178.78
393.67 99.63
395.66 52.02
397.67 203.87
399.67 30.41
401.67 211.13
403.67 125.54
405.67 222.19
407.67 233.44
409.67 54.82
411.67 150.05
413.67 66.77
415.67 133.36
417.67 140.61
419.67 37.44
421.66 183.04
423.67 39.12
425.67 187.32
427.67 225.5
429.67 254.71
431.67 212.51
433.67 44.56
435.67 188.27
437.67 38.16
439.67 267.27
441.67 172.66
443.67 127.8
445.67 249.07
447.67 38.02
449.66 245.2
451.66 158.15
453.66 201.18
455.66 149.12
457.66 23.8
459.66 267.42
461.66 59.57
463.66 168.91
465.66 321.1
467.66 40.69
469.66 130.31
471.66 38.88
473.66 118.23
475.66 139.94
477.66 97.22
479.66 169.64
481.66 32.33
483.66 177.35
485.67 28.61
487.67 262.22
489.67 334.2
491.67 36.3
493.67 315.6
495.67 42.21
497.67 247.7
499.67 181.46
501.67 263.72
503.67 193.52
505.67 67.21
507.67 278.06
509.67 297.59
511.67 163.94
513.67 301.21
515.67 43.99
517.67 284.2
519.67 54.55
521.67 150.37
523.67 295.27
525.67 129.31
527.67 173.04
529.67 39.27
531.67 237.53
533.67 34.94
535.67 311.06
537.67 301.15
539.67 0.67
541.67 288.4
543.67 30.86
545.66 266.09
547.67 233.24
549.67 40.43
551.66 208.77
553.67 43.41
555.66 100.09
557.67 36.69
559.67 217.34
561.67 239.92
563.67 37.49
565.67 327.22
567.67 39.25
569.67 298.24
571.67 173.75
573.67 249.74
575.67 321.04
577.67 45.26
579.67 198.41
581.67 25.42
583.67 300.04
585.67 304.43
587.66 34.47
589.91 209.99
591.91 23.86
593.91 61.04
595.69 36.77
597.92 230.47
599.91 104.47
601.91 24.68
603.91 253.34
605.91 21.85
607.91 69.39
609.91 108.52
611.91 113.79
613.91 287.13
615.91 66.33
617.91 286.05
619.7 54.39
621.92 90.4
623.92 91.17
625.92 40.04
627.92 67.51
629.92 17.27
631.92 85.53
633.92 1.1
635.91 31.23
637.92 112.34
639.92 42.67
641.92 168.48
643.91 41.07
645.91 113.69
647.92 163.62
649.91 43.56
651.92 256.02
653.92 158.39
655.92 181.38
657.93 171.28
659.92 196.31
661.92 233.98
663.92 36.65
665.92 208.87
667.91 33.85
669.92 46.39
671.91 111.83
673.92 43.13
675.92 123.42
677.92 42.29
679.92 187.46
681.91 212.28
683.92 232.43
685.92 265.35
687.92 52.06
689.92 188.84
691.91 43.97
693.92 147.54
695.92 175.23
697.92 37.11
699.91 283.98
701.92 33.69
703.92 185.15
705.92 217.11
707.92 304.96
709.92 198.31
711.92 31.87
713.92 114.6
715.91 33.46
717.92 190.72
719.92 173.89
721.92 22.89
723.91 108.69
725.92 59.87
727.92 249.44
729.92 285.36
731.91 42.93
733.92 272.41
735.92 38.29
737.92 224.57
739.91 54.15
741.92 171.61
743.92 39.04
745.91 25.6
747.92 106.68
749.91 0.84
751.92 96.96
753.92 139.59
755.91 120.39
757.92 130.62
759.92 26.82
761.92 112.66
763.91 36.07
765.92 103.38
767.91 167.26
769.91 38.7
771.92 168.99
773.92 24.63
775.92 178.25
777.92 156.59
779.92 116.44
781.92 144.96
783.92 34.5
785.92 77.37
787.92 27.58
789.92 147.88
791.91 187.67
793.92 31.23
795.92 195.55
797.92 33.08
799.92 132.31
801.92 190.45
803.92 159.5
805.91 187.24
807.92 32.95
809.92 160.79
811.91 27.42
813.92 142.24
815.92 102.74
817.92 39.71
819.92 229.45
821.92 42.1
823.92 250.68
825.92 267.9
827.92 175.05
829.92 189.59
831.92 33.4
833.92 129.7
835.92 36.5
837.92 273.01
839.92 260.42
842.17 40.54
844.17 232.97
846.17 38.82
848.17 206.61
849.94 38.2
852.17 261.61
854.17 128.85
856.16 31.33
858.16 246.73
860.16 33.71
862.16 121.38
864.16 291.86
866.16 34.83
868.16 163.7
870.16 40.8
872.17 163.82
874.17 33.65
876.16 99.51
878.16 126.37
880.16 53.5
882.16 81.93
884.16 57.01
886.16 174.39
888.17 217.08
890.17 40.17
892.16 186.5
894.17 34.88
896.17 214.96
898.16 48.31
900.17 164.25
902.17 148.32
904.17 44.3
906.17 178.85
908.17 22.46
910.17 117.62
912.17 146.84
914.17 30.33
916.17 203.5
918.17 35.81
920.17 157.05
922.16 25.67
924.17 182.33
926.17 156.51
928.17 34.84
930.17 167.23
932.17 24.86
934.17 241.44
936.17 130.55
938.17 247.06
940.17 107.36
942.17 36.56
944.17 79.32
946.17 48.24
948.17 133.82
950.17 121.4
952.16 41.7
954.17 129.75
956.17 35.86
958.16 202.59
960.17 204.44
962.17 36.65
964.17 150.39
966.17 32.87
968.17 193.72
970.17 44.97
972.17 222.73
974.17 186.36
976.17 36.83
978.17 199.21
980.17 39.91
982.17 147.93
984.17 256.36
986.17 34.17
988.17 115.12
990.17 28.45
992.17 198.05
994.17 45.0
996.17 184.52
998.17 117.81
1000.17 32.32
1002.17 237.37
1004.17 26.28
1006.17 222.11
1008.17 211.09
1010.17 40.27
1012.16 157.65
1014.17 68.95
1016.17 120.97
1018.17 26.08
1020.17 65.39
1022.17 136.16
1024.17 35.6
1026.17 135.58
1028.17 29.71
1030.17 145.93
1032.17 148.08
1034.17 44.46
1036.17 130.08
1038.17 50.66
1040.17 108.38
1042.17 31.36
1044.17 199.23
1046.17 119.18
1048.17 32.15
1050.16 84.18
1052.17 16.59
1054.17 139.94
1056.17 65.2
1058.17 73.65
1060.17 150.51
1062.17 41.49
1064.17 155.74
1066.17 34.53
1068.17 127.14
1070.17 158.15
1072.17 36.25
1074.17 136.21
1076.17 42.54
1078.17 167.12
1080.17 175.4
1082.17 39.39
1084.17 101.71
1086.17 138.21
1088.17 168.33
1090.41 37.72
1092.42 28.0
1094.42 146.76
1096.42 27.58
1098.42 228.75
1100.42 36.49
1102.42 254.38
1104.42 214.41
1106.42 230.87
1108.41 195.22
1110.42 27.92
1112.42 121.06
1114.42 42.1
1116.42 142.34
1118.42 41.36
1120.41 40.56
1122.42 240.84
1124.42 36.56
1126.42 295.78
1128.42 347.69
1130.42 1.09
1132.42 116.49
1134.42 22.32
1136.42 296.59
1138.42 45.77
1140.42 254.91
1142.42 280.58
1144.42 32.64
1146.41 234.18
1148.42 244.27
1150.42 286.96
1152.42 319.87
1154.42 299.14
1156.42 304.98
1158.42 43.95
1160.42 197.12
1162.42 44.39
1164.42 228.56
1166.42 288.98
1168.42 25.75
1170.42 256.98
1172.42 64.09
1174.42 271.1
1176.42 217.76
1178.42 285.37
1180.42 294.93
1182.42 39.06
1184.42 252.63
1186.42 0.76
1188.42 94.91
1190.42 374.82
1192.6 41.83
1194.42 370.79
1196.41 43.46
1198.42 393.66
1200.41 194.46
1202.41 346.62
1204.42 309.54
1206.42 34.78
1208.42 94.2
1210.41 66.94
1212.42 256.74
1214.41 199.5
1216.41 38.48
1218.42 316.87
1220.42 35.35
1222.42 264.98
1224.42 211.96
1226.42 277.69
1228.42 256.4
1230.42 14.27
1232.42 226.37
1234.42 0.76
1236.42 294.47
1238.42 223.57
1240.42 57.53
1242.41 313.22
1244.41 37.58
1246.42 294.01
1248.42 293.03
1250.42 327.06
1252.41 296.57
1254.42 39.45
1256.42 353.36
1258.41 33.91
1260.42 336.62
1262.42 219.4
1264.42 33.97
1266.42 205.9
1268.42 38.46
1270.42 149.62
1272.42 346.39
1274.42 306.5
1276.42 260.72
1278.42 46.76
1280.42 273.88
1282.42 37.37
1284.42 212.09
1286.42 231.56
1288.42 26.14
1290.42 225.19
1292.42 35.73
1294.42 384.12
1296.42 326.51
1298.42 277.45
1300.42 258.7
1302.42 46.05
1304.42 275.3
1306.42 44.43
1308.42 328.32
1310.42 205.55
1312.41 58.95
1314.42 327.47
1316.41 65.63
1318.42 195.03
1320.42 272.31
1322.42 335.07
1324.41 369.76
1326.41 20.39
1328.41 187.44
1330.41 36.78
1332.41 188.32
1334.42 299.46
1336.41 42.79
1338.41 313.85
1340.66 34.79
1342.66 181.19
1344.45 26.06
1346.66 206.09
1348.66 352.42
1350.66 35.03
1352.67 193.98
1354.66 35.39
1356.67 166.54
1358.67 307.27
1360.67 309.28
1362.67 111.34
1364.67 28.94
1366.67 363.81
1368.45 30.27
1370.67 251.64
1372.67 286.12
1374.67 37.05
1376.67 254.58
1378.67 39.23
1380.67 227.58
1382.67 201.12
1384.67 261.97
1386.68 224.45
1388.67 39.97
1390.67 169.43
1392.66 39.68
1394.67 289.3
1396.67 296.92
1398.67 40.47
1400.67 297.79
1402.67 37.52
1404.66 218.45
1406.67 260.3
1408.67 81.46
1410.67 181.17
1412.67 40.25
1414.67 222.46
1416.67 29.67
1418.67 235.26
1420.68 289.6
1422.67 16.48
1424.67 214.04
1426.67 34.35
1428.67 145.53
1430.67 180.04
1432.67 50.88
1434.67 124.25
1436.67 0.57
1438.67 36.94
1440.67 30.86
1442.67 135.7
1444.67 88.08
1446.67 39.68
1448.67 171.29
1450.67 37.83
1452.67 147.23
1454.67 169.99
1456.67 209.89
1458.67 240.09
1460.67 33.81
1462.66 130.29
1464.67 30.12
1466.67 148.01
1468.67 244.21
1470.67 2.35
1472.67 220.19
1474.67 34.61
1476.67 261.32
1478.67 79.49
1480.67 56.45
1482.67 96.3
1484.67 29.97
1486.67 193.62
1488.66 49.22
1490.67 226.97
1492.66 245.43
1494.66 51.67
1496.67 165.61
1498.67 54.09
1500.67 99.75
1502.67 133.97
1504.67 46.71
1506.67 84.45
1508.67 40.14
1510.67 95.87
1512.67 30.41
1514.67 125.08
1516.67 85.87
1518.67 37.34
1520.67 186.37
1522.67 46.75
1524.67 174.25
1526.67 175.39
1528.67 206.26
1530.67 130.23
1532.67 26.57
1534.67 197.33
1536.67 31.17
1538.67 169.63
1540.67 224.01
1542.67 23.54
1544.67 144.48
1546.67 0.74
1548.67 221.29
1550.67 262.97
1552.66 159.35
1554.67 177.46
1556.67 58.06
1558.67 152.46
1560.67 26.53
1562.67 176.67
1564.67 248.2
1566.66 36.93
1568.67 178.82
1570.67 32.51
1572.67 200.59
1574.67 133.2
1576.67 94.18
1578.67 173.34
1580.67 25.59
1582.67 129.6
1584.67 23.65
1586.67 118.93
1588.67 100.0
1590.92 38.47
1592.91 173.51
1594.92 37.26
1596.92 136.16
1598.7 32.86
1600.92 198.92
1602.92 181.27
1604.92 200.04
1606.92 216.27
1608.92 38.63
1610.92 197.42
1612.92 100.74
1614.92 35.52
1616.92 166.68
1618.92 36.47
1620.92 160.92
1622.92 26.62
1624.92 195.35
1626.92 92.91
1628.92 38.57
1630.92 157.65
1632.92 27.58
1634.92 177.67
1636.92 94.38
1638.92 57.12
1640.92 24.13
1642.92 40.43
1644.92 113.92
1646.92 0.73
1648.92 166.77
1650.92 125.19
1652.92 35.33
1654.92 102.15
1656.92 44.1
1658.92 138.06
1660.92 169.69
1662.92 40.02
1664.92 144.02
1666.92 39.83
1668.92 121.68
1670.92 38.26
1672.92 126.66
1674.92 144.76
1676.92 22.56
1678.92 93.38
1680.92 32.42
1682.92 180.54
1684.92 106.54
1686.92 40.48
1688.92 218.66
1690.91 22.11
1692.92 177.23
1694.92 17.64
1696.92 164.51
1698.92 228.9
1700.92 35.67
1702.92 185.18
1704.92 50.94
1706.92 168.97
1708.91 245.02
1710.92 46.5
1712.92 298.35
1714.92 40.91
1716.92 191.37
1718.92 37.99
1720.92 204.25
1722.92 249.2
1724.92 26.32
1726.92 297.66
1728.92 46.03
1730.92 220.13
1732.92 163.73
1734.91 66.96
1736.92 170.21
1738.92 35.91
1740.92 231.02
1742.91 26.09
1744.92 118.98
1746.92 252.07
1748.91 55.12
1750.92 172.54
1752.92 37.8
1754.92 227.61
1756.92 260.45
1758.91 68.73
1760.92 165.38
1762.92 42.5
1764.92 97.41
1766.91 45.23
1768.92 108.05
1770.92 236.08
1772.91 28.39
1774.91 158.56
1776.91 36.03
1778.92 162.85
1780.91 242.3
1782.91 39.47
1784.92 263.43
1786.92 24.39
1788.92 210.6
1790.97 114.83
1792.92 114.83
1794.92 158.56
1796.92 166.4
1798.92 153.69
1800.92 40.2
1802.92 200.2
1804.92 196.41
1806.92 24.55
1808.92 204.65
1810.92 29.01
1812.92 201.1
1814.92 33.38
1816.92 156.07
1818.92 38.94
1820.92 30.19
1822.92 267.65
1824.92 32.04
1826.92 83.22
1828.92 349.49
1830.92 39.19
1832.92 213.95
1834.91 19.35
1836.92 207.32
1838.92 52.13
1841.17 300.84
1843.17 252.08
1845.17 24.54
1847.17 314.96
1849.17 71.13
1851.17 338.74
1853.17 293.02
1855.17 333.69
1857.17 319.49
1859.17 41.09
1861.17 156.66
1863.17 52.71
1865.17 152.48
1867.17 133.18
1869.17 34.79
1871.17 144.96
1873.17 38.72
1875.17 67.23
1877.17 152.91
1879.17 78.14
1881.17 113.58
1883.17 32.26
1885.17 182.51
1887.17 22.62
1889.17 195.83
1891.17 261.9
1893.17 0.82
1895.16 223.35
1897.17 32.58
1899.17 265.31
1901.17 179.78
1903.17 43.91
1905.17 224.59
1907.17 36.78
1909.17 154.03
1911.16 24.55
1913.17 96.1
1915.17 208.84
1917.17 37.58
1919.17 110.86
1921.17 6.22
1923.17 123.92
1925.17 40.54
1927.17 151.14
1929.16 141.7
1931.16 43.33
1933.16 215.41
1935.16 36.55
1937.16 143.92
1939.16 140.6
1941.16 39.33
1943.16 179.73
1945.17 4.39
1947.16 255.77
1949.16 251.95
1951.16 170.18
1953.16 252.05
1955.16 34.02
1957.16 11.07
1959.16 25.39
1961.16 217.03
1963.17 260.74
1965.17 65.8
1967.16 271.85
1969.17 28.68
1971.17 97.71
1973.17 118.67
1975.17 0.77
1977.17 77.49
1979.17 39.83
1981.17 206.71
1983.17 35.94
1985.17 112.01
1987.17 177.93
1989.17 40.22
1991.17 101.08
1993.17 34.8
1995.17 154.58
1997.16 135.91
1999.17 132.52
2001.17 23.69
2003.17 35.65
2005.17 178.87
2007.17 28.62
2009.17 210.21
2011.17 180.25
2013.17 35.57
2015.17 205.87
2017.17 26.62
2019.16 86.17
2021.17 165.77
2023.17 241.65
2025.17 207.79
2027.17 41.2
2029.17 174.2
2031.17 22.84
2033.17 158.87
2035.17 236.68
2037.17 27.45
2039.17 186.97
2041.17 36.73
2043.17 183.11
2045.17 197.73
2047.17 161.13
2049.17 165.97
2051.17 25.08
2053.17 97.13
2055.17 36.27
2057.17 124.78
2059.17 201.8
2061.17 34.34
2063.17 207.85
2065.17 41.84
2067.17 176.6
2069.17 236.26
2071.17 194.19
2073.17 144.42
2075.17 35.6
2077.17 156.28
2079.17 31.76
2081.17 178.31
2083.17 46.66
2085.17 49.21
2087.17 160.5
2089.17 27.94
2091.42 116.95
2093.2 41.16
2095.42 78.69
2097.42 209.51
2099.42 25.4
2101.42 133.52
2103.42 27.16
2105.42 234.05
2107.41 128.68
2109.42 62.26
2111.42 96.85
2113.42 36.07
2115.42 129.95
2117.19 35.96
2119.43 231.79
2121.42 81.3
2123.42 32.5
2125.42 111.43
2127.42 27.24
2129.42 149.11
2131.41 179.7
2133.41 36.89
2135.41 183.61
2137.41 35.3
2139.41 220.85
2141.41 31.79
2143.42 237.21
2145.42 144.94
2147.41 45.21
2149.42 278.38
2151.41 24.49
2153.41 221.68
2155.41 185.68
2157.41 230.48
2159.42 285.67
2161.41 45.02
2163.42 169.45
2165.41 34.9
2167.42 183.87
2169.42 278.13
2171.42 30.95
2173.42 276.25
2175.42 30.47
2177.42 205.92
2179.41 205.01
2181.42 365.96
2183.42 370.59
2185.42 42.04
2187.42 278.46
2189.42 65.35
2191.42 256.51
2193.42 182.08
2195.42 40.28
2197.42 236.93
2199.42 16.84
2201.42 1.02
2203.42 298.34
2205.42 38.27
2207.42 208.42
2209.42 23.29
2211.41 86.29
2213.41 33.34
2215.41 204.15
2217.42 100.54
2219.42 39.58
2221.42 47.96
2223.42 24.38
2225.42 107.32
2227.42 97.1
2229.42 127.3
2231.41 85.78
2233.42 36.63
2235.42 62.93
2237.41 36.83
2239.42 214.49
2241.42 190.79
2243.42 35.25
2245.42 285.84
2247.42 59.41
2249.42 191.91
2251.42 168.76
2253.42 307.56
2255.42 265.27
2257.42 35.92
2259.42 350.1
2261.42 70.89
2263.42 278.25
2265.42 250.32
2267.42 36.81
2269.42 192.21
2271.42 22.48
2273.42 134.57
2275.41 183.69
2277.42 166.02
2279.42 138.7
2281.42 40.84
2283.41 204.65
2285.41 25.74
2287.42 185.37
2289.42 144.69
2291.42 159.46
2293.42 254.65
2295.42 27.14
2297.42 227.43
2299.42 38.95
2301.42 29.96
2303.42 28.38
2305.42 34.87
2307.42 28.43
2309.42 52.5
2311.42 62.36
2313.42 33.23
2315.42 39.35
2317.42 61.28
2319.42 62.77
2321.42 35.02
2323.42 75.83
2325.42 62.63
2327.42 103.45
2329.42 105.55
2331.42 107.43
2333.42 122.47
2335.41 95.76
2337.42 46.55
2339.42 33.21
2341.67 175.26
2343.67 68.25
2345.67 225.76
2347.67 222.33
2349.67 253.97
2351.67 302.68
2353.67 35.9
2355.66 277.52
2357.67 41.17
2359.67 331.78
2361.67 216.4
2363.67 45.16
2365.67 215.75
2367.67 43.05
2369.67 144.55
2371.67 105.77
2373.67 141.36
2375.67 212.89
2377.67 43.52
2379.67 230.07
2381.66 0.92
2383.67 159.64
2385.67 186.33
2387.67 48.8
2389.66 317.78
2391.67 41.78
2393.67 168.3
2395.67 325.72
2397.67 327.72
2399.66 165.17
2401.66 39.66
2403.66 321.06
2405.66 44.48
2407.66 318.37
2409.66 314.9
2411.66 40.66
2413.66 171.03
2415.66 1.23
2417.66 341.45
2419.66 266.96
2421.66 280.63
2423.66 160.94
2425.66 68.08
2427.66 329.06
2429.66 37.96
2431.66 292.34
2433.67 153.88
2435.67 0.84
2437.67 230.28
2439.67 26.52
2441.67 280.39
2443.67 317.5
2445.67 293.91
2447.67 266.55
2449.67 32.06
2451.67 149.51
2453.67 19.98
2455.67 102.37
2457.67 113.39
2459.67 43.33
2461.67 167.1
2463.67 0.84
2465.67 164.87
2467.67 146.46
2469.67 136.65
2471.67 188.14
2473.67 24.32
2475.67 191.36
2477.67 43.66
2479.67 244.29
2481.67 250.29
2483.66 39.27
2485.67 237.01
2487.67 45.95
2489.67 209.25
2491.67 183.2
2493.67 74.06
2495.67 255.26
2497.67 38.22
2499.67 341.07
2501.67 24.25
2503.67 325.57
2505.67 383.44
2507.67 27.43
2509.67 328.42
2511.67 335.57
2513.67 299.9
2515.67 323.35
2517.67 403.07
2519.67 205.8
2521.66 38.0
2523.67 138.43
2525.67 37.52
2527.66 124.53
2529.66 167.51
2531.67 32.04
2533.67 177.7
2535.67 35.73
2537.67 92.25
2539.66 188.4
2541.67 121.68
2543.67 137.31
2545.67 30.43
2547.67 63.06
2549.67 31.76
2551.66 202.88
2553.67 203.53
2555.66 51.69
2557.67 192.29
2559.67 34.07
2561.66 87.35
2563.67 107.04
2565.67 154.64
2567.67 257.97
2569.67 45.68
2571.67 187.81
2573.67 35.96
2575.67 258.45
2577.67 218.13
2579.67 33.27
2581.66 239.15
2583.67 29.95
2585.67 161.73
2587.66 280.72
2589.67 221.63
2591.66 263.11
2593.92 46.28
2595.92 154.0
2597.92 36.77
2599.92 220.62
2601.92 142.32
2603.92 44.8
2605.92 223.16
2607.92 33.6
2609.92 224.75
2611.69 28.64
2613.92 8.74
2615.92 246.2
2617.92 42.71
2619.92 100.24
2621.92 121.57
2623.92 76.06
2625.91 123.82
2627.92 109.64
2629.92 111.28
2631.92 44.33
2633.92 159.5
2635.92 42.28
2637.92 154.48
2639.92 229.23
2641.92 41.68
2643.92 208.32
2645.92 257.52
2647.92 163.0
2649.92 311.75
2651.91 270.24
2653.92 287.0
2655.92 49.51
2657.92 158.88
2659.91 33.45
2661.92 236.2
2663.92 215.97
2665.92 26.64
2667.92 134.56
2669.92 36.68
2671.92 164.71
2673.91 258.85
2675.92 56.72
2677.92 199.76
2679.92 45.44
2681.92 183.1
2683.91 38.22
2685.92 105.82
2687.92 127.79
2689.92 31.89
2691.92 204.63
2693.92 30.12
2695.92 168.65
2697.92 181.85
2699.91 198.88
2701.92 247.53
2703.92 34.34
2705.92 121.9
2707.91 25.09
2709.92 184.87
2711.91 225.18
2713.92 25.52
2715.92 158.76
2717.92 23.6
2719.93 188.31
2721.92 149.3
2723.92 255.36
2725.92 156.71
2727.92 22.15
2729.92 310.42
2731.92 22.65
2733.92 334.36
2735.92 143.74
2737.92 44.67
2739.92 169.56
2741.92 24.84
2743.92 165.26
2745.92 147.59
2747.92 247.97
2749.92 337.03
2751.92 33.33
2753.92 112.62
2755.92 38.88
2757.92 168.68
2759.92 282.23
2761.91 44.86
2763.92 73.47
2765.92 27.26
2767.92 198.46
2769.92 305.3
2771.92 180.76
2773.92 208.77
2775.92 63.21
2777.92 98.46
2779.91 37.08
2781.92 11.69
2783.92 60.41
2785.92 29.69
2787.92 136.24
2789.92 1.14
2791.92 191.17
2793.92 148.06
2795.92 183.68
2797.92 205.12
2799.92 37.48
2801.92 107.51
2803.92 29.4
2805.92 148.81
2807.92 150.83
2809.91 64.91
2811.92 123.3
2813.91 30.48
2815.92 168.64
2817.92 41.28
2819.92 256.99
2821.91 5.75
2823.92 34.69
2825.92 251.9
2827.91 29.61
2829.92 268.84
2831.92 249.44
2833.92 28.95
2835.92 381.48
2837.92 39.51
2839.92 203.04
2841.94 25.56
2844.17 230.26
2846.17 238.93
2848.17 42.21
2850.17 218.98
2852.16 42.25
2854.17 197.67
2856.17 241.64
2858.17 53.38
2860.17 192.09
2862.17 28.76
2864.16 137.28
2865.94 74.76
2868.17 187.77
2870.17 211.62
2872.17 38.65
2874.17 184.18
2876.17 43.0
2878.17 183.77
2880.17 220.66
2882.17 42.02
2884.17 283.66
2886.16 43.52
2888.17 361.52
2890.16 24.91
2892.17 224.63
2894.17 149.74
2896.17 29.06
2898.17 264.91
2900.17 28.17
2902.17 323.81
2904.17 223.39
2906.17 46.68
2908.17 145.8
2910.17 35.78
2912.17 163.65
2914.17 50.97
2916.17 224.74
2918.17 189.3
2920.17 33.49
2922.17 129.76
2924.17 32.28
2926.17 221.99
2928.17 239.76
2930.17 47.64
2932.17 199.09
2934.17 34.88
2936.17 278.75
2938.17 24.11
2940.17 181.73
2942.17 241.43
2944.17 40.43
2946.17 263.78
2948.17 59.37
2950.17 210.69
2952.17 254.2
2954.17 160.65
2956.17 284.2
2958.17 33.13
2960.17 84.93
2962.17 30.82
2964.17 178.56
2966.17 120.48
2968.17 125.51
2970.17 133.57
2972.17 34.37
2974.17 211.34
2976.17 138.52
2978.17 35.67
2980.17 128.8
2982.16 40.0
2984.17 129.86
2986.17 0.56
2988.16 117.62
2990.23 103.31
2992.21 31.24
2994.17 37.18
2996.17 37.92
2998.17 150.09
3000.17 61.32
3002.17 37.76
3004.17 42.06
3006.17 19.3
3008.17 200.89
3010.17 37.87
3012.17 217.78
3014.17 236.94
3016.17 3.42
3018.17 234.5
3020.17 21.67
3022.17 239.52
3024.17 220.61
3026.17 22.96
3028.16 193.44
3030.17 39.86
3032.17 164.5
3034.17 40.59
3036.17 188.41
3038.17 220.28
3040.16 35.36
3042.17 4.38
3044.17 45.94
3046.16 294.5
3048.17 43.24
3050.18 47.99
3052.17 228.99
3054.17 36.09
3056.17 212.0
3058.17 37.22
3060.17 298.64
3062.17 176.54
3064.17 55.29
3066.17 282.77
3068.17 70.7
3070.17 246.6
3072.17 238.65
3074.17 44.6
3076.17 342.11
3078.16 44.18
3080.17 241.99
3082.17 45.95
3084.17 204.53
3086.17 242.29
3088.17 47.21
3090.17 178.82
3092.42 35.14
3094.42 206.3
3096.42 137.07
3098.41 127.79
3100.42 228.04
3102.42 23.08
3104.42 324.44
3106.42 16.98
3108.42 182.43
3110.42 191.18
3112.42 50.41
3114.42 171.64
3116.42 24.94
3118.42 163.97
3120.42 250.31
3122.42 157.32
3124.42 288.16
3126.42 61.88
3128.42 358.06
3130.42 36.32
3132.42 198.88
3134.42 343.49
3136.43 29.78
3138.42 348.95
3140.42 35.27
3142.42 277.88
3144.42 384.08
3146.42 348.9
3148.41 210.0
3150.42 46.27
3152.42 183.09
3154.42 44.01
3156.42 281.73
3158.42 322.15
3160.42 54.79
3162.42 308.49
3164.41 33.68
3166.43 288.08
3168.42 185.43
3170.41 231.24
3172.42 280.79
3174.42 34.58
3176.43 306.48
3178.42 30.65
3180.41 216.29
3182.42 249.38
3184.42 44.12
3186.42 158.78
3188.41 39.08
3190.42 304.49
3192.42 335.29
3194.42 163.56
3196.42 294.4
3198.42 23.34
3200.42 208.53
3202.42 36.09
3204.42 260.33
3206.42 236.58
3208.42 42.81
3210.42 187.25
3212.42 45.23
3214.42 238.46
3216.42 300.77
3218.42 230.56
3220.42 310.94
3222.42 36.44
3224.41 215.28
3226.42 26.78
3228.42 256.14
3230.42 261.86
3232.42 32.99
3234.42 292.99
3236.42 44.47
3238.42 279.04
3240.41 272.54
3242.42 296.44
3244.42 283.34
3246.42 31.54
3248.42 308.13
3250.42 21.76
3252.42 163.55
3254.42 266.87
3256.42 33.45
3258.42 286.78
3260.42 79.07
3262.42 278.5
3264.42 304.17
3266.42 282.39
3268.42 345.37
3270.42 36.62
3272.42 193.43
3274.42 0.9
3276.42 269.02
3278.42 263.8
3280.42 49.56
3282.42 204.53
3284.41 43.19
3286.42 195.23
3288.42 190.18
3290.42 59.23
3292.42 182.83
3294.42 39.01
3296.42 128.3
3298.42 38.82
3300.42 194.82
3302.42 144.53
3304.42 45.15
3306.41 131.38
3308.42 33.98
3310.42 122.71
3312.42 205.27
3314.42 206.68
3316.42 240.61
3318.42 37.34
3320.42 193.65
3322.42 33.93
3324.43 147.7
3326.42 238.64
3328.42 28.12
3330.41 210.34
3332.42 34.64
3334.41 226.04
3336.42 151.65
3338.42 268.39
3340.42 191.45
3342.67 37.98
3344.67 29.17
3346.67 90.34
3348.67 91.78
3350.67 122.37
3352.67 116.28
3354.67 110.0
3356.67 119.68
3358.67 114.19
3360.45 27.87
3362.67 95.55
3364.67 116.66
3366.67 55.72
3368.67 106.87
3370.67 152.12
3372.67 79.35
3374.67 96.63
3376.67 78.82
3378.67 223.7
3380.67 36.1
3382.67 168.05
3384.67 124.44
3386.67 166.54
3388.67 208.46
3390.67 40.23
3392.67 249.12
3394.67 0.88
3396.67 251.87
3398.67 244.23
3400.67 171.35
3402.67 155.99
3404.67 36.25
3406.67 244.82
3408.66 36.92
3410.67 250.95
3412.67 244.55
3414.67 40.86
3416.67 137.95
3418.67 34.43
3420.67 245.61
3422.67 116.14
3424.67 62.62
3426.67 152.14
3428.67 43.87
3430.67 134.93
3432.67 150.48
3434.67 117.97
3436.67 103.56
3438.67 33.92
3440.67 168.05
3442.67 35.55
3444.67 141.16
3446.67 196.19
3448.67 159.06
3450.67 124.91
3452.67 26.12
3454.67 214.07
3456.66 28.56
3458.67 201.84
3460.67 189.44
3462.67 38.95
3464.67 174.17
3466.68 32.08
3468.67 198.23
3470.67 222.16
3472.67 38.85
3474.68 56.95
3476.67 18.41
3478.67 219.4
3480.66 38.28
3482.67 127.28
3484.67 46.11
3486.67 29.33
3488.67 250.01
3490.67 0.85
3492.66 145.15
3494.67 244.3
3496.67 28.76
3498.68 255.92
3500.67 17.06
3502.67 159.53
3504.67 33.35
3506.67 175.33
3508.67 89.47
3510.67 39.59
3512.67 168.37
3514.67 24.03
3516.67 143.1
3518.67 162.89
3520.67 153.73
3522.67 213.96
3524.67 38.69
3526.67 201.92
3528.67 44.93
3530.66 178.75
3532.67 160.87
3534.67 37.85
3536.67 183.3
3538.67 32.36
3540.66 93.79
3542.67 139.6
3544.67 49.24
3546.67 136.55
3548.67 53.14
3550.66 121.16
3552.66 38.15
3554.67 175.62
3556.67 77.63
3558.67 63.82
3560.66 136.44
3562.67 35.87
3564.66 154.53
3566.67 133.23
3568.67 40.68
3570.67 185.02
3572.67 37.65
3574.67 187.03
3576.66 33.22
3578.68 142.89
3580.67 190.26
3582.67 36.97
3584.67 81.04
3586.67 49.64
3588.67 145.29
3590.73 249.41
3592.91 108.08
3594.92 203.2
3596.92 33.11
3598.92 218.12
3600.92 28.81
3602.92 232.56
3604.92 103.78
3606.92 50.12
3608.92 181.57
3610.92 32.64
3612.92 145.25
3614.7 27.64
3616.92 187.45
3618.92 198.39
3620.92 33.58
3622.91 188.73
3624.92 40.11
3626.92 131.43
3628.92 202.96
3630.92 39.27
3632.92 187.85
3634.92 25.72
3636.92 185.58
3638.92 50.71
3640.92 140.32
3642.92 123.6
3644.92 42.9
3646.92 188.18
3648.92 31.23
3650.92 169.64
3652.91 276.78
3654.92 69.59
3656.92 107.28
3658.92 28.17
3660.93 323.12
3662.91 32.42
3664.91 89.07
3666.92 161.92
3668.92 34.93
3670.92 105.7
3672.93 30.71
3674.92 169.11
3676.92 174.34
3678.92 28.77
3680.92 129.44
3682.92 28.0
3684.92 103.91
3686.92 33.27
3688.92 150.95
3690.92 147.92
3692.92 39.59
3694.92 107.92
3696.92 40.84
3698.92 121.2
3700.92 75.9
3702.92 30.13
3704.92 88.82
3706.92 30.53
3708.92 120.12
3710.92 30.05
3712.92 138.98
3714.92 148.78
3716.92 29.42
3718.92 87.97
3720.92 42.13
3722.92 79.47
3724.92 157.04
3726.92 61.06
3728.92 128.56
3730.91 34.66
3732.91 192.83
3734.92 44.1
3736.92 171.64
3738.92 176.84
3740.92 20.38
3742.92 169.36
3744.92 30.1
3746.92 187.32
3748.92 160.34
3750.92 25.14
3752.92 174.08
3754.92 23.71
3756.92 199.41
3758.92 29.76
3760.92 204.27
3762.92 177.05
3764.92 46.85
3766.92 171.5
3768.92 64.35
3770.92 236.37
3772.92 253.24
3774.92 45.32
3776.92 155.08
3778.92 28.3
3780.92 173.47
3782.91 48.31
3784.92 199.43
3786.92 91.74
3788.92 29.37
3790.92 216.8
3792.92 30.44
3794.92 169.98
3796.92 216.37
3798.92 49.86
3800.92 144.27
3802.92 35.15
3804.92 103.47
3806.92 40.4
3808.91 278.37
3810.91 243.46
3812.91 30.16
3814.91 257.36
3816.92 0.84
3818.92 123.82
3820.92 171.08
3822.91 36.83
3824.91 154.3
3826.91 6.1
3828.92 221.69
3830.91 32.55
3832.91 191.52
3834.91 143.68
3836.91 34.9
3838.91 95.52
3840.92 32.11
3843.17 132.41
3845.17 141.43
3847.17 198.82
3849.17 274.15
3851.17 0.51
3853.17 295.73
3855.16 49.08
3857.17 170.26
3859.17 156.42
3861.17 37.01
3863.17 138.34
3865.17 26.76
3867.17 170.22
3869.17 192.72
3871.17 101.58
3873.17 89.22
3875.17 41.26
3877.17 159.43
3879.17 33.11
3881.17 145.32
3883.16 149.61
3885.17 192.27
3887.17 95.89
3889.17 40.37
3891.18 147.59
3893.17 147.76
3895.17 22.6
3897.17 134.42
3899.17 37.84
3901.17 137.25
3903.17 31.92
3905.17 162.0
3907.17 170.84
3909.17 30.46
3911.16 148.8
3913.17 39.56
3915.17 131.6
3917.16 198.0
3919.17 26.81
3921.17 198.68
3923.17 27.03
3925.17 214.83
3927.17 0.85
3929.16 148.17
3931.17 215.46
3933.16 35.23
3935.17 261.63
3937.16 40.42
3939.17 185.11
3941.17 256.72
3943.17 37.27
3945.17 221.14
3947.17 45.11
3949.16 150.74
3951.17 30.02
3953.17 204.84
3955.17 204.84
3957.17 43.67
3959.17 190.06
3961.17 37.67
3963.17 138.26
3965.17 236.89
3967.17 35.97
3969.17 164.0
3971.17 34.86
3973.17 168.71
3975.17 0.83
3977.17 255.39
3979.17 171.65
3981.17 37.45
3983.17 149.21
3985.17 23.68
3987.17 246.7
3989.17 161.35
3991.17 197.34
3993.17 267.3
3995.17 16.85
3997.16 299.7
3999.17 28.61
4001.17 325.22
4003.17 160.48
4005.17 34.2
4007.17 38.98
4009.17 40.79
4011.17 184.74
4013.16 236.09
4015.16 167.7
4017.16 185.36
4019.16 45.81
4021.16 221.99
4023.17 37.63
4025.16 217.8
4027.16 120.17
4029.16 36.71
4031.16 136.25
4033.16 28.2
4035.16 91.36
4037.16 152.08
4039.17 134.81
4041.16 88.4
4043.17 35.99
4045.17 108.51
4047.17 32.54
4049.17 69.61
4051.17 100.14
4053.17 53.5
4055.17 67.38
4057.17 15.33
4059.17 106.02
4061.17 110.79
4063.17 138.56
4065.17 151.11
4067.17 43.56
4069.17 157.85
4071.17 43.57
4073.17 181.67
4075.17 113.73
4077.17 34.25
4079.17 189.21
4081.16 50.99
4083.17 201.91
4085.17 120.41
4087.17 193.38
4089.17 129.78
4091.17 26.08
4093.43 185.75
4095.42 15.66
4097.42 241.45
4099.42 73.77
4101.42 44.42
4103.42 143.34
4105.42 37.37
4107.42 159.89
4109.2 34.93
4111.42 215.34
4113.42 147.47
4115.42 33.81
4117.42 134.15
4119.42 11.51
4121.42 131.75
4123.42 102.97
4125.42 231.56
4127.43 199.6
4129.42 37.65
4131.42 245.19
4133.42 16.76
4135.42 232.83
4137.42 284.04
4139.42 27.74
4141.42 238.96
4143.41 7.4
4145.41 217.43
4147.41 274.65
4149.41 260.75
4151.41 236.76
4153.41 30.18
4155.42 201.63
4157.41 55.82
4159.41 250.63
4161.42 241.5
4163.42 66.8
4165.41 134.39
4167.41 30.83
4169.41 291.93
4171.41 291.93
4173.41 28.57
4175.41 235.38
4177.42 24.04
4179.41 99.58
4181.42 37.84
4183.42 192.78
4185.42 158.65
4187.42 34.97
4189.51 146.38
4191.55 22.07
4193.42 126.14
4195.42 140.63
4197.42 151.27
4199.42 124.63
4201.42 103.36
4203.42 135.19
4205.42 26.67
4207.42 178.48
4209.42 184.97
4211.42 34.68
4213.43 100.75
4215.42 37.79
4217.42 243.84
4219.42 197.56
4221.42 276.22
4223.42 264.34
4225.42 24.0
4227.42 152.87
4229.42 0.72
4231.42 152.97
4233.42 230.64
4235.41 32.29
4237.42 244.41
4239.42 28.8
4241.42 74.17
4243.42 148.23
4245.42 52.98
4247.42 52.98
4249.42 88.7
4251.42 88.7
4253.42 91.93
4255.42 76.43
4257.42 99.67
4259.42 68.95
4261.42 107.45
4263.42 41.7
4265.42 153.26
4267.42 258.7
4269.42 357.84
4271.42 379.2
4273.42 37.9
4275.42 234.41
4277.42 46.4
4279.41 232.97
4281.41 77.08
4283.42 27.44
4285.41 48.05
4287.42 21.29
4289.41 122.54
4291.42 83.08
4293.42 0.69
4295.42 105.62
4297.42 23.65
4299.41 167.45
4301.42 181.23
4303.42 114.35
4305.41 165.18
4307.41 44.38
4309.41 101.97
4311.42 40.21
4313.42 126.43
4315.42 167.27
4317.42 135.25
4319.42 157.9
4321.42 43.12
4323.42 132.97
4325.43 33.62
4327.42 112.12
4329.42 239.96
4331.42 46.37
4333.42 204.2
4335.42 36.2
4337.43 168.09
4339.42 283.09
4341.42 208.51
4343.42 168.76
4345.67 25.22
4347.67 48.67
4349.67 29.77
4351.67 84.29
4353.67 150.07
4355.67 39.67
4357.67 144.34
4359.67 25.49
4361.67 228.81
4363.67 201.61
4365.67 59.51
4367.67 192.65
4369.67 31.59
4371.66 319.46
4373.67 42.69
4375.67 260.56
4377.67 116.3
4379.67 36.96
4381.67 198.39
4383.67 32.84
4385.67 214.71
4387.67 191.21
4389.66 183.19
4391.66 174.09
4393.67 30.58
4395.67 249.53
4397.67 30.49
4399.67 103.18
4401.67 122.98
4403.67 1.01
4405.68 109.4
4407.67 30.41
4409.67 103.3
4411.67 108.56
4413.67 95.65
4415.66 167.11
4417.66 20.95
4419.67 242.91
4421.67 24.82
4423.67 293.13
4425.67 237.72
4427.67 42.4
4429.67 138.02
4431.66 35.26
4433.67 283.48
4435.67 298.61
4437.67 281.41
4439.67 230.09
4441.67 13.31
4443.67 176.42
4445.67 37.62
4447.67 168.87
4449.67 70.34
4451.67 33.54
4453.67 94.87
4455.67 70.37
4457.67 33.78
4459.67 171.37
4461.67 186.3
4463.67 146.42
4465.67 43.55
4467.67 98.36
4469.67 40.38
4471.67 189.61
4473.67 243.92
4475.67 44.35
4477.67 255.37
4479.67 271.47
4481.67 333.86
4483.67 170.13
4485.67 232.67
4487.66 309.15
4489.8 33.54
4491.67 58.2
4493.67 36.0
4495.67 127.93
4497.67 193.65
4499.67 31.37
4501.67 179.19
4503.67 31.96
4505.67 186.51
4507.67 170.68
4509.67 165.82
4511.67 186.56
4513.67 37.34
4515.67 127.62
4517.67 37.03
4519.67 276.01
4521.67 316.84
4523.67 38.05
4525.67 109.55
4527.67 8.99
4529.67 180.42
4531.67 134.96
4533.67 183.2
4535.67 161.39
4537.67 24.17
4539.67 257.49
4541.67 34.96
4543.67 164.18
4545.66 250.45
4547.66 198.76
4549.67 249.37
4551.66 22.15
4553.66 171.68
4555.66 226.13
4557.66 201.69
4559.66 165.91
4561.66 11.57
4563.66 301.45
4565.66 36.16
4567.66 283.99
4569.66 256.5
4571.66 0.97
4573.67 155.1
4575.67 2.87
4577.66 239.81
4579.66 240.03
4581.67 164.66
4583.67 188.57
4585.67 36.27
4587.67 351.57
4589.67 31.6
4591.67 290.41
4593.92 300.35
4595.92 357.41
4597.92 184.83
4599.92 35.17
4601.92 329.82
4603.69 25.53
4605.92 245.83
4607.92 210.81
4609.92 36.92
4611.93 189.84
4613.92 37.75
4615.92 146.75
4617.92 263.1
4619.92 270.58
4621.92 283.73
4623.92 36.23
4625.92 274.91
4627.92 30.05
4629.92 333.21
4631.92 333.21
4633.92 43.34
4635.92 165.21
4637.92 20.71
4639.92 148.94
4641.93 147.0
4643.92 0.72
4645.92 139.25
4647.92 5.06
4649.92 224.29
4651.92 41.5
4653.92 170.46
4655.92 256.35
4657.92 42.23
4659.92 274.22
4661.92 41.33
4663.92 56.75
4665.92 250.66
4667.92 170.63
4669.92 200.3
4671.92 43.55
4673.92 112.98
4675.92 45.87
4677.92 245.86
4679.93 265.06
4681.92 25.28
4683.92 284.1
4685.92 24.43
4687.93 219.0
4689.92 131.58
4691.91 48.05
4693.92 232.4
4695.92 31.42
4697.92 163.78
4699.91 26.06
4701.92 307.49
4703.92 274.65
4705.91 44.98
4707.92 247.41
4709.92 26.01
4711.92 238.47
4713.92 312.75
4715.92 33.78
4717.92 194.59
4719.92 29.32
4721.92 209.9
4723.92 33.77
4725.92 220.13
4727.92 207.1
4729.91 47.16
4731.92 164.05
4733.92 33.37
4735.92 138.93
4737.92 152.61
4739.92 37.99
4741.92 200.57
4743.92 67.1
4745.92 130.84
4747.92 36.1
4749.92 261.23
4751.92 268.29
4753.91 22.62
4755.91 42.25
4757.91 81.05
4759.91 101.54
4761.91 101.54
4763.91 105.62
4765.92 65.84
4767.91 106.89
4769.91 106.89
4771.92 36.97
4773.92 96.28
4775.91 143.44
4777.91 37.81
4779.91 162.49
4781.92 67.65
4783.92 222.74
4785.92 149.52
4787.92 208.57
4790.22 155.64
4791.92 0.03
4793.91 112.67
4795.92 58.64
4797.92 234.24
4799.92 227.45
4801.92 57.6
4803.92 279.26
4805.92 42.31
4807.92 188.58
4809.92 271.35
4811.92 216.63
4813.92 312.28
4815.92 40.5
4817.92 221.62
4819.92 39.58
4821.92 222.57
4823.92 245.54
4825.92 34.39
4827.92 205.99
4829.91 30.87
4831.92 134.33
4833.92 136.7
4835.92 221.59
4837.92 168.89
4839.91 34.88
4841.92 185.66
4843.92 8.52
4846.17 197.01
4848.17 199.34
4850.17 51.93
4852.17 179.69
4854.17 33.14
4856.17 123.0
4857.95 34.54
4860.17 114.43
4862.17 108.24
4864.16 45.87
4866.17 137.74
4868.16 33.8
4870.17 226.12
4872.17 99.89
4874.16 29.04
4876.16 221.05
4878.17 31.16
4880.16 147.5
4882.16 29.7
4884.16 107.14
4886.17 131.68
4888.17 0.82
4890.17 133.8
4892.16 27.15
4894.17 102.59
4896.17 134.54
4898.16 38.81
4900.17 120.64
4902.17 0.89
4904.16 100.43
4906.17 65.02
4908.17 106.74
4910.18 117.3
4912.17 23.24
4914.17 119.66
4916.16 46.23
4918.17 273.92
4920.17 172.9
4922.17 33.39
4924.17 268.17
4926.16 31.73
4928.16 191.5
4930.17 44.41
4932.17 220.21
4934.17 124.17
4936.17 31.43
4938.17 130.93
4940.3 25.64
4942.18 55.47
4944.17 209.63
4946.17 42.94
4948.17 65.5
4950.17 38.87
4952.17 214.94
4954.17 46.98
4956.17 163.79
4958.17 203.21
4960.17 30.07
4962.17 269.29
4964.17 24.83
4966.17 88.19
4968.17 78.81
4970.17 158.52
4972.18 183.41
4974.17 0.78
4976.17 265.95
4978.16 31.0
4980.17 241.92
4982.17 230.63
4984.16 34.98
4986.17 327.64
4988.17 70.47
4990.17 119.99
4992.17 338.39
4994.16 37.52
4996.17 80.29
4998.17 38.04
5000.17 118.32
5002.16 45.19
5004.17 108.68
5006.16 162.04
5008.17 38.36
5010.17 130.18
5012.17 0.82
5014.17 169.41
5016.17 136.03
5018.16 31.87
5020.17 217.85
5022.17 42.13
5024.17 172.29
5026.17 32.66
5028.16 215.91
5030.17 219.1
5032.17 19.68
5034.17 95.51
5036.16 55.45
5038.17 140.92
5040.17 137.47
5042.17 34.99
5044.17 174.36
5046.17 44.29
5048.17 174.96
5050.16 35.91
5052.17 234.14
5054.16 231.15
5056.17 34.54
5058.18 116.02
5060.16 36.9
5062.17 281.46
5064.17 223.31
5066.16 34.59
5068.17 265.32
5070.17 33.32
5072.16 102.67
5074.17 42.06
5076.17 265.68
5078.17 240.77
5080.17 41.49
5082.17 223.57
5084.16 45.12
5086.17 155.76
5088.17 139.56
5090.17 48.96
5092.16 228.53
5094.42 32.02
5096.42 134.21
5098.42 34.94
5100.42 293.99
5102.42 239.16
5104.42 47.12
5106.42 232.35
5108.42 33.7
5110.42 200.64
5112.42 246.82
5114.42 237.53
5116.42 264.96
5118.42 57.4
5120.42 127.84
5122.42 42.95
5124.42 164.87
5126.42 192.78
5128.42 66.55
5130.42 249.6
5132.43 42.14
5134.41 195.71
5136.42 167.0
5138.41 78.5
5140.42 218.57
5142.42 47.46
5144.43 211.06
5146.42 32.96
5148.42 109.51
5150.42 228.71
5152.42 39.09
5154.42 149.09
5156.42 30.66
5158.42 166.04
5160.42 167.5
5162.42 61.16
5164.42 142.07
5166.42 117.79
5168.42 169.43
5170.42 27.46
5172.42 148.73
5174.42 182.1
5176.42 26.36
5178.42 93.08
5180.42 31.29
5182.42 149.87
5184.42 166.14
5186.42 139.57
5188.42 130.06
5190.42 43.34
5192.42 178.31
5194.41 31.89
5196.42 186.16
5198.42 146.84
5200.42 49.16
5202.42 178.64
5204.42 40.3
5206.42 176.54
5208.42 193.07
5210.42 117.4
5212.42 110.53
5214.42 57.93
5216.42 108.33
5218.42 108.33
5220.42 126.74
5222.42 97.59
5224.42 46.56
5226.43 117.47
5228.42 55.33
5230.42 146.35
5232.42 74.37
5234.42 94.16
5236.42 149.4
5238.42 51.29
5240.42 246.37
5242.42 45.59
5244.42 232.13
5246.42 3.07
5248.42 36.4
5250.41 206.67
5252.42 28.73
5254.41 264.69
5256.42 295.67
5258.42 267.18
5260.42 229.43
5262.42 31.67
5264.42 212.29
5266.42 11.32
5268.42 253.29
5270.42 253.3
5272.42 38.48
5274.42 254.72
5276.42 32.88
5278.42 284.41
5280.41 291.57
5282.42 296.24
5284.42 266.33
5286.42 55.5
5288.42 197.72
5290.42 32.3
5292.42 258.06
5294.42 133.93
5296.42 47.38
5298.42 245.43
5300.41 40.86
5302.42 257.46
5304.42 165.61
5306.42 262.21
5308.42 294.43
5310.42 32.96
5312.42 269.56
5314.42 31.49
5316.42 251.15
5318.42 251.15
5320.42 26.2
5322.42 202.23
5324.42 38.92
5326.42 132.4
5328.42 150.15
5330.42 184.77
5332.42 157.77
5334.42 30.79
5336.42 254.98
5338.42 34.96
5340.43 216.9
5342.42 262.71
5344.67 40.09
5346.67 266.86
5348.67 23.77
5350.67 274.65
5352.44 31.51
5354.67 127.81
5356.67 145.27
5358.67 50.63
5360.67 197.69
5362.67 30.31
5364.67 203.1
5366.67 240.63
5368.67 163.19
5370.67 247.15
5372.68 43.47
5374.67 170.72
5376.45 32.54
5378.67 258.89
5380.67 319.1
5382.67 40.39
5384.67 223.86
5386.67 37.23
5388.67 235.19
5390.81 297.53
5392.67 292.99
5394.67 203.9
5396.67 25.91
5398.67 234.97
5400.67 47.36
5402.67 173.94
5404.67 150.42
5406.67 27.54
5408.67 168.42
5410.67 56.57
5412.67 205.65
5414.67 226.68
5416.67 232.14
5418.68 253.02
5420.67 38.34
5422.67 243.05
5424.68 51.01
5426.67 201.21
5428.67 249.2
5430.66 28.7
5432.67 249.04
5434.67 18.99
5436.67 233.51
5438.67 245.25
5440.67 65.23
5442.7 241.48
5444.67 1.37
5446.67 270.46
5448.67 24.52
5450.67 298.5
5452.67 105.67
5454.67 30.54
5456.68 225.41
5458.67 43.25
5460.67 221.08
5462.67 261.87
5464.67 35.72
5466.67 132.2
5468.67 27.47
5470.67 269.83
5472.67 41.0
5474.67 287.69
5476.67 205.31
5478.67 26.56
5480.66 170.54
5482.67 30.92
5484.67 273.57
5486.67 85.21
5488.66 144.34
5490.66 167.3
5492.67 47.15
5494.66 139.24
5496.66 36.68
5498.67 181.24
5500.67 225.77
5502.66 45.45
5504.67 175.44
5506.66 34.7
5508.67 102.98
5510.67 137.93
5512.66 161.47
5514.66 242.33
5516.66 34.95
5518.67 248.7
5520.66 35.59
5522.67 222.37
5524.67 246.15
5526.67 29.4
5528.67 298.81
5530.67 63.19
5532.67 209.9
5534.67 194.64
5536.67 251.66
5538.67 212.91
5540.67 31.39
5542.67 263.52
5544.67 16.74
5546.67 247.52
5548.67 227.16
5550.67 32.19
5552.67 121.27
5554.67 42.74
5556.67 195.33
5558.67 177.13
5560.67 40.65
5562.67 206.0
5564.67 32.17
5566.67 144.9
5568.67 30.77
5570.67 278.83
5572.67 155.19
5574.67 47.5
5576.67 214.36
5578.67 23.61
5580.67 197.04
5582.67 309.75
5584.67 172.7
5586.67 240.9
5588.67 41.26
5590.67 133.64
5592.66 34.86
5594.92 164.89
5596.92 183.25
5598.92 37.12
5600.92 100.7
5602.92 17.02
5604.92 201.29
5606.69 40.86
