0 14.375
1 14.875
2 15.25
3 14.75
4 10.25
5 11.875
6 12.75
7 14.5
8 15.5
9 12.875
10 14.0
11 10.625
12 15.25
13 14.75
14 13.75
15 14.75
16 13.125
17 14.875
18 13.125
19 12.875
20 11.125
21 14.0
22 2.75
23 1.375
24 0.25
25 0.5
26 0.375
27 0.75
28 0.375
29 0.375
30 0.5
31 0.375
32 1.0
33 1.625
34 0.5
35 15.0
36 11.375
37 4.75
38 12.125
39 26.875
40 52.125
41 71.625
42 87.125
43 97.625
44 86.625
45 97.5
46 87.375
47 105.75
48 87.25
49 117.375
50 93.75
51 87.875
52 72.5
53 30.25
54 90.875
55 88.875
56 51.875
57 76.25
58 83.0
59 86.875
60 78.875
61 77.125
62 74.25
63 83.25
64 71.125
65 68.75
66 19.375
67 0.125
68 3.0
69 14.75
70 12.75
71 45.0
72 66.875
73 77.5
74 95.5
75 95.0
76 96.25
77 103.25
78 79.25
79 78.0
80 104.75
81 106.625
82 91.375
83 64.125
84 26.375
85 65.0
86 92.0
87 83.75
88 85.625
89 75.875
90 100.0
91 83.625
92 111.25
93 83.375
94 80.5
95 87.25
96 90.0
97 69.875
98 99.875
99 107.125
100 98.375
101 78.75
102 86.5
103 91.5
104 109.375
105 116.125
106 68.125
107 90.25
108 110.875
109 115.5
110 14.25
111 2.625
112 14.5
113 14.0
114 36.125
115 0.375
116 0.375
117 1.375
118 2.625
119 13.125
120 26.75
121 54.5
122 17.25
123 9.25
124 11.375
125 1.0
126 2.5
127 17.25
128 3.125
129 10.0
130 19.25
131 13.75
132 3.25
133 9.875
134 0.625
135 3.25
136 1.0
137 12.875
138 8.625
139 8.5
140 9.75
141 10.5
142 11.625
143 12.375
144 15.25
145 17.125
146 15.625
147 10.625
148 5.5
149 9.625
150 0.5
151 1.25
152 3.125
153 0.875
154 0.5
155 2.125
156 0.5
157 1.0
158 1.125
159 1.0
160 0.25
161 0.5
162 0.625
163 0.875
164 1.0
165 0.75
166 1.0
167 0.375
168 0.375
169 0.25
170 0.375
171 0.125
172 0.125
173 0.25
174 0.125
175 0.25
176 0.375
177 0.25
178 0.25
179 1.0
180 0.875
181 0.5
182 0.125
183 0.25
184 0.5
185 0.5
186 0.25
187 0.625
188 0.875
189 0.875
190 1.25
191 2.125
192 2.25
193 1.375
194 1.5
195 1.625
196 5.25
197 8.375
198 8.375
199 7.625
200 6.375
201 6.75
202 7.875
203 5.5
204 7.25
205 6.125
206 2.125
207 11.875
208 14.75
209 5.5
210 8.875
211 11.125
212 12.625
213 15.75
214 19.25
215 18.5
216 21.75
217 26.75
218 32.0
219 40.25
220 50.5
221 65.625
222 77.625
223 43.75
224 75.125
225 90.25
226 102.875
227 98.375
228 37.5
229 1.5
230 0.375
231 12.5
232 53.875
233 29.125
234 0.125
235 0.25
236 42.25
237 0.375
238 0.125
239 10.25
240 13.0
241 79.625
242 89.625
243 80.5
244 25.25
245 11.0
246 14.25
247 13.375
248 19.5
249 21.375
250 26.375
251 25.5
252 27.625
253 27.875
254 58.25
255 85.75
256 95.5
257 100.125
258 105.0
259 116.625
260 127.5
261 132.5
262 102.625
263 133.75
264 124.0
265 85.375
266 96.125
267 115.125
268 113.75
269 126.25
270 112.75
271 119.75
272 109.25
273 118.5
274 120.375
275 133.75
276 136.25
277 106.75
278 115.875
279 111.5
280 118.125
281 148.75
282 152.5
283 138.75
284 128.75
285 161.25
286 157.5
287 150.0
288 137.5
289 135.0
290 147.5
291 167.5
292 104.5
293 15.75
294 13.75
295 13.625
296 1.0
297 1.0
298 0.75
299 1.25
300 3.625
301 5.625
302 6.375
303 7.75
304 22.875
305 45.75
306 43.375
307 67.875
308 90.25
309 93.5
310 90.625
311 93.0
312 163.75
313 123.75
314 76.125
315 106.375
316 100.75
317 82.375
318 78.875
319 77.25
320 64.125
321 111.875
322 116.25
323 97.875
324 106.125
325 126.25
326 126.25
327 127.5
328 115.5
329 131.25
330 136.25
331 138.75
332 88.25
333 111.0
334 100.75
335 137.5
336 152.5
337 165.0
338 88.25
339 160.0
340 161.25
341 142.5
342 121.0
343 175.0
344 180.0
345 150.0
346 124.75
347 113.75
348 146.25
349 145.0
350 132.5
351 150.0
352 118.5
353 98.125
354 118.375
355 130.0
356 126.25
357 98.5
358 93.875
359 127.5
360 115.875
361 96.125
362 117.75
363 95.125
364 122.125
365 123.25
366 115.5
367 132.5
368 132.5
369 137.5
370 123.5
371 145.0
372 128.75
373 167.5
374 171.25
375 176.25
376 178.75
377 146.25
378 181.25
379 176.25
380 177.5
381 172.5
382 156.25
383 133.75
384 157.5
385 120.75
386 172.5
387 153.75
388 142.5
389 161.25
390 131.25
391 107.75
392 136.25
393 153.75
394 128.75
395 175.0
396 152.5
397 166.25
398 152.5
399 155.0
400 85.625
401 133.75
402 145.0
403 147.5
404 117.375
405 112.0
406 94.375
407 80.875
408 31.875
409 14.125
410 48.625
411 53.5
412 29.75
413 30.0
414 34.25
415 5.625
416 20.625
417 18.75
418 10.5
419 14.5
420 12.125
421 21.875
422 28.5
423 30.875
424 32.625
425 35.75
426 29.75
427 30.375
428 29.125
429 26.25
430 26.875
431 29.125
432 32.5
433 35.875
434 42.875
435 50.125
436 58.25
437 61.875
438 69.75
439 95.125
440 108.875
441 110.75
442 130.0
443 151.25
444 160.0
445 158.75
446 161.25
447 158.75
448 141.25
449 170.0
450 165.0
451 98.875
452 124.25
453 112.875
454 117.25
455 138.75
456 171.25
457 152.5
458 180.0
459 168.75
460 165.0
461 101.0
462 148.75
463 135.0
464 121.375
465 158.75
466 150.0
467 130.0
468 142.5
469 155.0
470 125.0
471 131.25
472 114.375
473 136.25
474 122.75
475 156.25
476 118.125
477 119.625
478 114.25
479 152.5
480 128.75
481 116.75
482 108.75
483 100.0
484 92.0
485 114.25
486 119.75
487 102.625
488 90.875
489 105.0
490 136.25
491 100.0
492 46.75
493 13.375
494 15.125
495 13.375
496 11.875
497 14.5
498 15.125
499 12.375
500 14.5
501 12.25
502 12.75
503 12.0
504 13.75
505 13.75
506 15.125
507 14.5
508 14.0
509 13.25
510 11.125
511 14.5
512 13.125
513 10.625
514 14.625
515 13.75
516 10.375
517 11.0
518 10.75
519 14.875
520 10.5
521 13.75
522 15.5
523 14.5
524 15.625
525 12.5
526 13.625
527 15.25
528 11.625
529 15.0
530 13.375
531 10.5
532 15.5
533 12.5
534 11.25
535 13.125
536 14.25
537 14.375
538 10.875
539 15.25
540 11.625
541 12.375
542 12.875
543 11.375
544 13.625
545 14.25
546 12.125
547 15.625
548 15.5
549 15.25
550 12.625
551 11.0
552 15.25
553 11.5
554 14.0
555 14.125
556 13.375
557 15.375
558 13.25
559 15.5
560 15.375
561 14.375
562 11.625
563 10.125
564 14.125
565 13.125
566 10.25
567 15.375
568 12.375
569 14.375
570 11.25
571 12.75
572 13.0
573 13.5
574 10.75
575 13.25
576 11.25
577 13.625
578 13.25
579 15.5
580 11.875
581 13.5
582 13.875
583 10.875
584 13.25
585 14.75
586 9.875
587 13.0
588 10.75
589 12.0
590 14.75
591 13.5
592 13.0
593 11.375
594 14.5
595 10.5
596 15.0
597 15.5
598 15.0
599 14.25
600 14.25
601 11.875
602 10.875
603 10.5
604 13.5
605 12.75
606 13.75
607 15.25
608 15.125
609 15.25
610 15.25
611 13.25
612 13.375
613 21.625
614 19.625
615 20.25
616 21.625
617 25.25
618 28.875
619 33.0
620 37.75
621 43.75
622 49.75
623 54.0
624 50.125
625 66.75
626 82.625
627 100.125
628 113.0
629 133.75
630 137.5
631 141.25
632 153.75
633 142.5
634 115.0
635 111.625
636 128.75
637 152.5
638 140.0
639 126.25
640 106.25
641 121.625
642 140.0
643 118.625
644 133.75
645 99.375
646 78.125
647 54.75
648 96.0
649 72.0
650 38.0
651 7.625
652 1.75
653 6.125
654 4.25
655 1.25
656 2.25
657 5.375
658 4.125
659 2.5
660 11.375
661 14.75
662 14.375
663 14.875
664 13.625
665 16.375
666 18.0
667 3.25
668 0.125
669 0.125
670 13.0
671 15.375
672 10.625
673 13.375
674 3.25
675 3.5
676 11.25
677 13.625
678 10.125
679 5.0
680 10.625
681 12.5
682 9.25
683 12.25
684 10.5
685 9.625
686 14.5
687 13.875
688 11.75
689 11.5
690 14.625
691 15.625
692 15.625
693 10.0
694 14.75
695 15.5
696 12.625
697 13.25
698 15.0
699 11.875
700 11.625
701 12.375
702 14.25
703 13.0
704 12.375
705 13.0
706 14.0
707 10.75
708 15.625
709 11.75
710 13.5
711 14.625
712 11.875
713 15.375
714 14.625
715 11.25
716 14.5
717 11.75
718 15.375
719 14.625
720 10.5
721 15.0
722 15.125
723 13.375
724 13.25
725 14.875
726 15.625
727 14.125
728 15.625
729 13.25
730 12.875
731 14.25
732 13.0
733 14.875
734 14.625
735 14.5
736 15.625
737 14.25
738 13.625
739 14.875
740 14.0
741 15.25
742 14.375
743 14.125
744 12.125
745 14.125
746 13.5
747 13.375
748 13.0
