0.0 0.08
4.71 0.34
5.57 1.55
10.52 0.77
11.64 1.82
13.54 1.3
14.88 2.02
15.93 1.64
16.64 2.0
22.19 2.76
22.77 1.97
24.04 0.8
25.09 0.45
26.43 0.47
27.81 0.48
32.31 0.54
33.14 0.61
38.19 0.47
39.72 0.42
40.84 0.7
43.21 1.33
44.38 1.22
48.26 0.84
49.72 1.09
51.41 0.03
56.71 1.13
58.01 1.12
60.48 0.58
61.3 0.51
66.63 1.02
67.79 0.03
69.83 0.57
72.75 0.33
77.95 0.37
80.02 0.12
80.56 0.44
81.23 0.55
83.09 0.23
96.71 0.01
100.63 0.41
101.62 1.35
103.03 1.33
104.39 1.33
105.3 1.43
108.83 0.76
111.9 0.26
114.53 0.24
117.36 0.56
117.89 1.56
118.44 0.89
119.7 0.04
121.14 0.73
122.16 0.91
125.05 0.21
125.65 0.63
127.0 1.27
134.1 0.71
140.04 0.29
144.74 0.65
145.24 0.89
146.48 0.93
147.62 0.48
148.7 0.42
150.96 0.34
152.48 0.37
154.34 0.7
169.86 2.8
172.2 0.18
172.76 1.01
173.74 0.5
175.07 0.62
177.4 0.03
177.96 0.51
180.15 0.58
180.91 1.08
182.12 1.27
187.58 0.86
189.32 0.81
194.3 1.23
196.15 0.72
198.69 0.37
200.85 1.21
202.55 0.13
204.6 0.63
206.67 0.37
207.52 0.22
208.71 1.16
211.73 0.26
213.7 0.26
215.75 0.67
216.36 0.74
217.63 0.61
219.1 1.59
226.11 1.6
227.2 0.69
229.1 2.12
230.35 0.43
231.1 0.92
236.97 0.24
238.09 1.74
239.85 0.93
241.42 1.12
247.03 0.43
248.41 0.03
249.13 0.78
251.08 0.21
251.84 0.89
253.35 0.48
254.93 0.57
256.64 0.57
258.89 0.62
260.23 0.64
262.31 0.35
265.2 0.39
268.09 0.16
270.61 0.44
272.93 0.55
274.62 0.22
275.8 0.57
277.81 0.56
278.46 0.43
279.69 0.16
280.73 0.94
285.6 2.3
286.8 0.36
287.69 1.48
288.59 1.33
291.37 0.29
293.68 0.58
297.85 0.28
300.39 1.31
301.15 1.16
306.35 0.41
307.91 0.91
308.91 0.93
312.45 0.03
314.19 1.04
316.95 1.66
319.05 0.31
323.92 0.03
325.65 1.91
326.44 1.85
327.48 1.26
329.12 0.63
334.2 1.29
336.82 0.31
339.01 0.35
340.28 0.58
340.83 1.83
342.64 1.7
347.82 1.73
348.61 0.67
349.38 1.47
355.79 1.25
356.8 0.73
357.68 1.33
358.85 0.36
360.74 0.16
365.58 0.49
366.21 0.48
367.48 0.84
372.2 0.37
373.78 0.22
375.52 0.65
376.16 0.72
376.83 1.99
382.22 0.16
383.91 0.53
385.48 0.83
386.15 0.51
388.35 0.58
389.48 0.58
394.64 0.58
396.89 1.93
398.35 0.77
399.44 0.61
404.12 0.22
404.89 1.42
406.41 0.96
408.17 1.13
411.82 0.03
414.45 1.24
416.9 0.3
418.92 0.3
421.22 0.47
422.62 0.39
423.14 0.88
424.05 0.49
425.43 0.9
426.76 0.5
429.12 0.48
431.39 0.42
435.46 0.36
437.71 0.46
438.57 0.91
439.48 0.35
441.5 1.31
446.85 1.0
450.46 1.24
451.23 0.88
452.39 0.71
453.63 1.08
455.59 0.59
458.74 1.06
460.9 0.42
462.58 0.12
463.52 0.68
465.47 0.4
466.93 1.15
468.42 0.29
469.11 0.75
472.05 0.69
477.58 0.81
480.66 0.2
483.51 0.58
484.3 0.58
485.85 0.5
487.24 0.65
489.56 0.32
493.79 0.46
495.55 0.79
496.57 0.88
497.54 0.54
498.46 1.36
503.09 0.55
504.24 0.04
506.06 0.55
507.09 0.55
508.86 0.46
509.91 0.49
510.71 0.84
513.76 0.22
517.24 0.48
521.38 0.38
523.05 1.53
524.5 1.13
525.47 1.21
526.98 1.17
532.09 1.01
532.83 0.91
534.72 1.53
536.05 1.91
537.5 1.76
541.38 0.03
543.06 0.55
544.46 0.4
546.56 0.34
548.03 0.43
549.03 0.99
556.64 0.78
558.14 0.98
559.75 0.92
564.07 1.93
566.0 0.42
568.6 0.33
570.12 1.34
571.23 1.51
571.97 1.35
572.73 1.01
582.36 0.42
583.19 1.83
584.98 0.03
586.24 1.18
587.98 0.88
589.5 1.31
592.51 1.33
595.43 1.42
597.18 1.86
600.96 0.98
602.59 0.75
604.65 0.83
606.15 0.72
607.16 0.55
608.79 0.5
610.43 0.73
614.11 0.02
616.23 0.75
621.59 0.05
623.23 0.52
624.67 1.0
625.69 1.68
627.44 1.36
628.75 0.46
630.69 0.04
633.29 0.72
635.53 1.34
637.11 0.48
638.3 0.58
640.43 0.51
644.48 0.87
645.76 1.3
647.27 0.26
648.48 0.45
651.86 0.42
654.5 0.68
656.58 0.35
658.29 0.5
659.45 0.55
662.83 0.84
666.11 0.03
667.71 0.44
671.33 0.36
673.47 0.36
674.9 0.48
676.31 0.49
677.79 0.52
679.09 1.11
679.93 0.21
680.77 1.25
686.99 0.18
688.72 0.51
690.24 0.81
692.82 0.22
696.45 0.18
699.97 0.82
700.86 0.4
702.98 1.24
704.47 1.3
706.02 0.32
708.03 0.37
709.11 0.41
710.67 0.99
711.9 2.7
717.61 0.96
720.17 1.51
723.19 0.62
725.14 0.74
726.62 1.09
728.94 0.05
738.87 0.82
743.47 0.75
745.49 0.48
747.76 0.03
750.66 0.63
755.97 1.2
759.29 0.97
761.41 0.65
766.08 0.58
777.66 0.48
778.56 1.18
780.63 0.72
783.16 2.04
786.32 2.77
792.59 3.55
793.96 1.92
796.31 0.74
798.37 1.34
806.69 0.6
811.33 0.56
814.46 1.68
817.37 0.64
819.67 0.24
824.2 1.73
827.15 0.69
828.61 0.03
829.75 0.17
833.06 0.59
839.94 0.01
843.25 1.67
846.68 1.34
848.59 1.06
853.89 0.24
856.28 0.75
857.14 1.23
857.78 1.11
862.17 0.76
864.79 0.29
867.99 0.31
870.45 0.44
872.97 0.54
874.89 0.47
877.27 0.02
882.05 0.26
889.22 0.47
890.12 1.25
891.77 0.54
894.84 2.13
896.21 0.71
900.86 0.79
903.35 1.88
904.65 1.37
905.65 1.7
909.46 0.91
912.46 1.74
914.11 1.28
915.79 1.07
917.45 0.64
922.17 0.2
923.84 0.64
925.35 0.47
927.05 0.56
928.31 0.46
929.89 0.44
933.26 0.5
934.53 0.97
936.53 0.87
937.28 0.86
937.99 1.9
938.61 1.41
939.84 0.96
940.47 1.5
941.51 0.62
948.05 0.22
949.69 0.16
951.36 0.79
952.57 0.15
953.48 2.04
955.67 0.17
956.94 1.49
961.01 0.24
962.03 0.58
964.11 0.58
966.11 0.79
971.07 1.18
973.9 0.14
975.73 0.61
978.87 0.63
984.94 0.43
986.08 0.74
987.34 0.92
988.52 0.03
989.42 1.33
995.22 2.29
995.88 0.81
996.61 1.55
998.68 1.9
1005.79 0.48
1006.93 0.5
1007.68 0.55
1008.78 0.55
1009.64 1.07
1010.92 0.49
1011.59 0.56
1014.58 0.43
1016.48 1.19
1018.5 0.68
1020.66 0.68
1023.38 0.51
1030.06 0.19
1031.62 0.21
1032.49 0.41
1033.09 0.75
1034.17 0.24
1035.04 2.35
1037.29 1.28
1044.55 0.25
1046.11 0.35
1047.07 1.39
1053.11 1.31
1054.66 0.93
1055.93 0.73
1056.93 0.55
1058.43 0.82
1065.5 0.27
1067.67 0.22
1071.1 0.27
1073.38 0.6
1078.18 0.47
1082.92 0.23
1084.73 0.52
1093.99 0.3
1094.95 0.51
1095.63 1.84
1096.62 0.92
1097.44 0.87
1098.55 0.87
1099.96 0.85
1100.87 2.07
1103.82 1.49
1105.49 0.8
1110.45 1.58
1111.95 0.03
1112.91 0.03
1115.76 0.49
1118.68 0.6
1121.15 0.47
1123.21 0.37
1125.34 0.67
1128.11 1.15
1130.23 1.42
1132.1 0.34
1134.56 0.53
1137.97 0.6
1141.46 0.56
1144.27 1.14
1146.94 0.75
1147.54 0.48
1148.88 0.51
1150.81 0.58
1152.09 0.58
1154.54 0.73
1158.3 0.01
1160.28 0.54
1162.85 0.47
1163.73 0.31
1165.77 1.25
1168.45 1.2
1169.27 1.28
1170.34 1.66
1172.85 0.65
1193.68 0.62
1195.25 0.85
1202.46 0.01
1212.9 0.55
1215.3 0.65
1223.44 0.97
1224.0 1.51
1225.24 0.37
1225.85 0.84
1226.52 0.73
1227.28 1.6
1229.33 0.92
1231.1 0.03
1235.53 0.04
1237.05 0.24
1239.65 0.25
1240.65 0.24
1244.18 0.52
1246.77 0.61
1248.15 0.3
1250.19 0.41
1251.14 0.97
1252.01 1.55
1256.57 0.54
1259.01 0.04
1263.77 0.45
1266.73 0.09
1271.34 0.14
1272.64 0.57
1277.82 1.02
1280.94 1.48
1282.68 0.68
1287.37 0.05
1289.97 0.27
1291.32 0.61
1291.83 2.74
1293.78 3.38
1299.29 0.02
1301.28 1.63
1302.64 0.44
1305.16 0.2
1306.54 1.34
1308.82 1.79
1311.18 0.03
1313.73 1.24
1314.24 0.81
1316.61 0.97
1317.57 0.05
1319.34 1.39
1320.55 1.72
1324.46 1.49
1325.48 0.78
1327.0 0.62
1329.51 0.91
1331.39 0.66
1337.69 2.12
1338.79 1.56
1347.68 0.12
1349.08 0.24
1349.65 0.35
1350.18 1.07
1351.32 0.91
1352.96 2.15
1354.29 0.55
1356.39 1.84
1357.24 1.39
1363.54 1.91
1365.38 1.01
1367.68 1.76
1368.71 1.2
1374.06 2.0
1376.55 0.58
1378.31 0.57
1380.16 0.42
1381.4 0.79
1386.18 0.24
1388.74 0.1
1391.24 0.23
1393.04 0.49
1393.7 0.65
1395.47 1.55
1396.77 0.27
1397.54 1.9
1399.39 0.36
1403.04 0.42
1404.41 0.34
1405.88 0.43
1407.46 1.52
1409.09 1.54
1411.18 0.94
1412.04 1.35
1412.8 1.17
1415.29 0.44
1417.53 0.55
1418.81 0.49
1423.15 0.56
1425.18 0.66
1427.6 0.48
1429.05 0.57
1430.15 0.48
1432.24 0.48
1434.51 0.5
1438.22 0.43
1440.99 0.48
1442.36 1.93
1443.85 1.14
1444.58 1.66
1448.7 0.79
1450.35 1.76
1454.03 0.45
1455.15 1.49
1457.38 0.78
1458.91 0.43
1459.71 1.1
1461.93 0.71
1463.2 1.16
1466.74 1.0
1468.22 0.98
1469.88 1.02
1471.01 0.9
1473.44 1.24
1477.76 0.22
1479.04 0.95
1480.79 0.79
1482.23 0.41
1483.52 1.25
1485.86 0.47
1488.47 0.46
1492.37 0.52
1493.37 0.48
1497.39 1.12
1498.86 0.21
1500.62 0.55
1504.65 0.62
1505.7 1.02
1507.48 1.41
1509.08 0.98
1509.88 1.79
1511.28 1.42
1512.88 1.89
1515.29 0.55
1516.36 0.55
1517.77 1.18
1519.88 1.6
1521.1 1.31
1523.75 0.41
1525.6 0.56
1527.22 0.75
1530.06 0.21
1531.13 0.51
1532.73 0.99
1534.83 0.91
1537.69 0.02
1541.25 0.26
1543.59 0.55
1548.47 0.64
1551.61 0.65
1552.76 0.9
1553.9 1.07
1555.34 2.21
1558.12 0.24
1561.45 0.23
1563.03 0.76
1563.89 1.86
1564.93 1.47
1567.76 1.91
1570.06 1.44
1572.55 0.66
1573.75 0.44
1576.24 0.54
1576.98 1.46
1580.15 0.56
1581.57 0.57
1583.13 0.33
1584.95 0.51
1589.7 1.09
1591.52 0.26
1592.8 0.36
1593.97 0.46
1595.02 0.44
1596.0 1.35
1597.45 0.97
1600.25 0.4
1605.7 0.49
1607.42 0.57
1608.77 0.41
1610.03 0.43
1612.6 0.6
1614.36 0.93
1616.48 1.32
1618.17 1.55
1618.86 2.45
1625.05 0.49
1626.48 1.26
1627.36 2.01
1628.79 0.38
1629.57 1.05
1631.57 0.55
1633.56 0.78
1635.03 0.55
1636.26 0.57
1640.65 0.6
1645.16 0.55
1646.85 0.55
1648.18 0.64
1648.96 0.22
1649.87 1.41
1651.22 0.38
1652.35 1.01
1656.18 0.42
1658.91 1.91
1663.01 0.96
1663.76 0.03
1665.91 0.5
1667.08 0.5
1667.95 0.5
1674.92 0.43
1677.49 0.76
1678.85 1.26
1680.58 0.55
1682.26 0.53
1683.95 0.43
1685.03 1.04
1687.48 0.91
1688.88 0.53
1690.41 0.26
1691.95 0.48
1696.35 0.65
1699.96 0.51
1702.65 0.8
1703.57 0.47
1707.2 0.79
1708.79 0.9
1709.96 0.76
1711.0 0.84
1713.1 1.51
1714.35 1.12
1716.16 1.18
1717.37 1.41
1718.86 1.23
1721.73 1.38
1723.44 0.03
1725.04 0.67
1726.6 1.37
1728.21 2.11
1731.23 0.45
1733.0 0.55
1734.87 1.53
1736.52 0.22
1737.49 1.51
1739.34 0.55
1740.53 0.47
1742.5 0.51
1743.73 0.03
1745.29 0.74
1747.89 1.11
1748.66 1.72
1753.96 0.38
1755.65 1.61
1757.84 0.57
1759.9 0.57
1761.14 0.93
1763.23 0.47
1765.21 0.5
1767.29 0.95
1768.1 0.72
1770.86 0.45
1773.68 0.34
1774.79 1.7
1776.51 0.72
1777.66 2.58
1782.1 0.63
1783.16 0.58
1785.42 3.09
1788.11 0.42
1790.23 0.43
1791.89 0.74
1794.08 0.42
1796.11 2.28
1798.98 0.42
1800.55 0.53
1802.66 0.78
1804.99 0.12
1807.06 0.38
1808.18 0.62
1810.14 1.97
1813.12 0.4
1815.2 0.42
1816.88 0.51
1818.28 1.62
1819.64 2.57
1820.92 0.6
1822.42 0.54
1824.39 0.38
1825.26 1.62
1829.41 0.53
1830.97 0.53
1832.22 1.68
1840.38 0.17
1843.4 0.76
1845.8 0.56
1846.58 1.82
1847.64 1.33
1851.05 0.49
1853.63 0.93
1854.57 1.88
1857.04 0.1
1858.32 1.44
1861.09 0.45
1862.36 0.39
1865.25 0.74
1867.89 0.55
1870.42 0.42
1871.02 0.54
1871.69 1.34
1873.66 1.55
1874.98 1.31
1876.82 1.65
1878.06 1.65
1880.04 2.16
1883.43 0.48
1885.8 0.5
1887.08 1.75
1888.47 0.64
1890.88 0.42
1892.84 0.37
1894.22 0.94
1896.62 0.27
1898.51 0.67
1900.95 0.04
1902.32 1.92
1904.07 1.3
1906.08 1.28
1907.67 0.84
1909.7 0.54
1911.4 0.62
1914.65 0.56
1917.35 1.26
1920.93 0.36
1922.5 0.43
1923.62 1.39
1926.23 0.52
1928.75 0.49
1931.61 1.77
1935.39 1.63
1936.14 1.18
1937.36 0.48
1938.14 0.4
1941.46 0.64
1942.07 1.28
1944.85 2.24
1948.12 0.5
1949.01 0.47
1950.3 0.73
1952.49 0.94
1955.52 0.63
1958.36 0.98
1960.11 1.71
1962.3 1.15
1963.03 2.32
1965.14 2.49
1966.86 0.5
1968.57 2.0
1971.72 0.43
1972.84 0.45
1974.2 0.71
1974.98 0.22
1977.48 1.38
1980.94 0.48
1982.63 2.18
1985.37 0.5
1986.29 0.42
1989.11 1.24
1992.05 1.72
1993.09 2.32
1995.04 0.53
1995.93 1.39
1999.09 1.52
2000.38 0.14
2003.23 0.65
2004.13 0.73
2007.45 0.56
2010.35 0.47
2012.95 2.55
2015.37 0.94
2018.33 0.57
2019.52 0.42
2020.13 0.56
2021.25 0.49
2022.39 0.21
2025.87 1.77
2029.24 0.37
2030.28 1.52
2031.61 0.7
2034.99 0.56
2037.29 0.49
2038.17 0.73
2039.94 0.62
2043.23 0.77
2044.21 0.56
2046.61 0.55
2047.58 0.48
2049.4 1.11
2052.4 0.57
2053.45 0.55
2057.32 0.56
2058.65 0.5
2061.54 0.87
2063.88 1.2
2067.28 1.46
2070.39 0.83
2072.03 1.6
2073.57 0.91
2074.6 1.52
2075.65 0.65
2076.34 2.28
2078.88 0.62
2080.19 0.54
2082.46 0.34
2083.89 0.03
2086.05 0.16
2087.79 1.26
2090.71 0.47
2092.39 1.32
2094.36 1.23
2096.28 0.26
2097.1 1.48
2100.96 0.63
2102.74 0.56
2106.67 0.57
2108.91 0.88
2110.85 0.5
2112.67 0.52
2113.35 0.58
2115.86 0.03
2117.78 0.22
2119.53 1.32
2122.15 0.52
2122.99 0.38
2124.29 0.51
2125.9 0.93
2128.51 0.22
2132.34 0.45
2135.11 0.22
2136.9 1.82
2139.56 0.48
2140.63 0.55
2142.16 0.89
2145.52 0.18
2146.14 1.8
2150.79 0.57
2152.47 0.78
2154.65 0.57
2155.71 0.57
2157.04 0.79
2159.43 0.58
2160.92 0.58
2164.29 0.49
2165.64 0.55
2166.81 0.55
2168.39 1.16
2169.92 1.44
2172.54 0.75
2174.1 0.9
2177.01 0.42
2179.25 0.44
2180.6 0.8
2183.13 1.0
2184.82 1.93
2187.36 0.37
2188.95 0.62
2190.89 0.96
2193.76 0.46
2195.32 0.58
2197.58 0.33
2198.48 0.68
2200.2 0.69
2201.3 0.22
2202.98 0.55
2206.84 0.03
2208.81 0.62
2237.15 0.22
2241.07 0.14
2246.22 0.14
2248.22 0.36
2249.02 1.42
2250.66 0.48
2252.15 0.44
2254.94 0.01
2259.18 0.38
2262.82 0.26
2263.5 0.24
2264.97 0.5
2265.52 2.09
2266.63 1.58
2271.96 0.99
2272.73 2.01
2273.26 1.62
2276.55 0.03
2278.72 0.22
2279.51 0.4
2280.75 0.55
2281.72 0.59
2291.15 0.19
2292.08 0.38
2292.94 1.14
2294.66 1.28
2295.64 1.83
2297.64 1.44
2304.84 0.5
2305.62 1.17
2306.38 0.87
2308.31 1.15
2312.94 0.02
2313.76 0.68
2315.24 0.03
2321.71 0.78
2323.0 1.52
2324.51 1.41
2329.13 1.38
2331.14 1.3
2332.55 1.72
2333.68 1.1
2336.13 1.43
2341.27 1.14
2343.41 1.43
2346.17 0.38
2347.39 1.96
2348.59 1.29
2351.3 1.77
2358.53 2.44
2359.41 1.13
2360.33 2.55
2362.11 1.19
2366.71 2.04
2368.47 1.71
2369.82 0.09
2371.61 1.63
2376.3 1.39
2377.15 0.12
2378.98 0.56
2380.95 0.7
2382.75 0.03
2383.67 1.27
2385.81 1.44
2389.09 0.17
2391.8 0.74
2398.42 2.34
2401.73 1.86
2410.39 0.24
2412.56 0.61
2414.64 0.44
2415.79 1.24
2417.07 1.76
2418.42 0.47
2419.78 2.43
2426.3 0.57
2426.98 0.34
2427.94 0.73
2428.62 0.83
2430.02 2.11
2434.7 0.66
2435.61 1.36
2437.05 1.43
2437.81 1.13
2438.92 0.01
2440.88 2.76
2442.32 1.01
2443.96 1.88
2446.07 0.71
2450.06 0.58
2457.29 0.16
2458.29 0.9
2459.57 0.66
2462.78 0.13
2464.32 0.77
2466.9 1.13
2468.68 0.38
2472.8 0.08
2475.98 0.54
2480.61 0.44
2481.37 0.49
2482.17 1.3
2484.51 1.41
2490.73 0.03
2493.91 0.19
2496.09 0.22
2496.82 0.2
2497.83 0.82
2499.22 1.4
2503.45 0.15
2508.4 0.02
2509.04 2.02
2510.02 1.57
2510.82 1.9
2512.23 2.14
2513.85 0.03
2520.16 0.08
2522.24 1.11
2522.96 1.4
2523.91 1.25
2525.43 2.52
2526.84 0.36
2527.66 1.28
2533.32 1.08
2534.53 0.91
2536.66 0.56
2537.38 0.55
2538.04 0.39
2539.72 0.55
2540.71 0.55
2547.28 0.27
2549.54 0.98
2550.15 1.77
2554.59 1.38
2556.68 1.58
2557.68 1.78
2562.89 1.54
2563.72 1.46
2564.62 0.84
2566.47 2.28
2572.67 3.07
2573.49 0.61
2575.67 1.8
2576.26 2.13
2577.83 0.1
2578.89 1.1
2580.33 1.29
2584.26 1.69
2585.18 0.1
2586.81 1.1
2589.12 1.69
2592.98 0.03
2595.64 0.88
2596.81 2.0
2597.39 0.22
2598.34 2.23
2600.63 1.66
2604.99 0.23
2610.45 0.42
2611.16 0.49
2611.82 0.49
2614.86 0.06
2618.54 0.23
2620.29 1.86
2622.76 2.23
2630.15 1.16
2631.19 0.95
2632.3 0.6
2633.16 1.44
2634.57 2.24
2635.76 1.08
2642.18 0.45
2642.77 0.55
2644.23 0.55
2646.03 0.28
2647.28 0.59
2650.94 1.21
2665.26 1.0
2670.39 0.03
2673.86 0.31
2675.73 0.3
2677.46 0.22
2679.3 0.2
2681.52 0.47
2682.67 0.04
2685.01 0.5
2686.22 0.25
2690.7 0.37
2691.27 0.54
2693.31 0.05
2699.49 1.09
2700.35 1.4
2705.19 0.14
2706.97 0.2
2708.11 0.89
2709.31 0.87
2710.21 0.72
2712.85 0.61
2715.0 0.36
2716.28 0.64
2721.09 0.04
2722.92 0.12
2724.73 0.23
2726.75 0.97
2728.75 1.21
2731.07 1.87
2732.49 2.43
2733.74 1.3
2735.03 3.27
2736.38 0.03
2741.03 1.42
2743.31 0.13
2749.06 0.17
2752.14 0.14
2754.74 0.97
2758.49 1.63
2759.28 1.35
2760.11 1.97
2760.87 1.18
2762.82 2.7
2765.34 2.14
2766.29 1.42
2767.61 2.18
2770.18 0.48
2773.79 3.72
2776.21 0.77
2778.33 2.25
2780.87 1.67
2783.35 0.53
2786.56 0.49
2788.1 0.16
2790.66 0.55
2793.49 0.55
2796.57 1.41
2799.79 1.35
2802.56 0.01
2803.08 0.18
2806.16 3.76
2808.47 0.61
2809.25 0.48
2810.82 0.85
2814.24 0.34
2817.89 1.95
2820.23 0.92
2822.75 2.32
2824.55 2.12
2827.16 1.11
2829.19 3.34
2832.83 1.85
2834.43 1.71
2837.0 0.86
2839.65 1.09
2841.44 1.34
2843.16 2.01
2845.31 3.81
2847.26 0.32
2849.18 0.77
2851.52 0.48
2853.65 0.41
2855.89 1.43
2858.38 2.31
2859.94 2.37
2862.79 0.72
2866.43 0.06
2869.47 0.03
2871.63 2.29
2873.68 1.26
2875.04 0.6
2877.65 3.95
2878.72 1.75
2881.01 2.7
2883.92 2.0
2887.31 1.71
2888.54 0.23
2892.19 1.04
2893.09 0.88
2896.51 0.01
2900.24 0.08
2902.28 1.12
2903.25 1.93
2905.3 1.53
2905.91 0.27
2912.98 0.14
2918.46 0.31
2919.41 1.3
2920.53 0.52
2922.01 1.87
2925.1 0.72
2929.23 1.28
2931.16 1.06
2932.96 1.55
2934.37 1.02
2935.05 1.94
2942.25 0.34
2943.76 0.32
2947.33 0.44
2948.13 0.86
2948.76 0.92
2951.13 0.04
2952.84 1.34
2953.4 2.01
2958.47 0.21
2961.44 0.37
2962.21 1.46
2963.69 1.06
2965.39 0.82
2968.61 0.24
2975.53 0.36
2977.05 0.03
2978.16 2.27
2978.87 1.56
2980.89 0.41
2982.89 0.13
2987.11 0.93
2988.16 0.91
2988.86 1.46
2989.57 1.06
2991.98 1.14
2993.06 0.12
2994.08 0.14
2999.7 0.9
3000.91 1.35
3003.42 1.98
3004.16 0.37
3008.53 1.21
3009.39 0.92
3010.75 0.93
3013.23 0.01
3017.73 0.27
3021.32 0.27
3022.05 0.27
3024.64 0.06
3026.54 1.04
3027.97 2.51
3029.71 0.92
3031.61 3.08
3032.93 3.34
3035.52 1.06
3040.99 0.51
3042.24 0.6
3043.87 1.12
3045.71 0.63
3048.74 0.27
3053.69 0.24
3057.18 0.21
3059.17 0.14
3062.5 0.46
3063.17 0.57
3063.96 0.9
3066.04 2.07
3067.13 1.38
3070.51 4.65
3072.33 0.13
3074.4 0.69
3078.57 1.12
3079.19 0.28
3080.52 0.22
3084.64 0.01
3086.01 0.31
3087.35 0.29
3090.42 1.17
3091.3 0.87
3092.41 1.26
3096.32 0.4
3098.57 1.6
3100.95 2.1
3102.5 0.9
3105.67 1.69
3107.15 1.81
3109.28 0.54
3111.78 0.54
3115.56 2.33
3117.77 1.7
3119.36 0.77
3122.26 1.78
3125.2 2.87
3129.43 0.47
3130.79 0.52
3132.08 0.42
3134.8 2.8
3136.65 0.16
3137.92 0.41
3138.91 0.39
3140.5 0.55
3141.5 0.8
3142.61 1.75
3144.59 2.12
3146.98 2.45
3148.58 0.73
3150.14 1.32
3152.85 2.68
3157.57 1.71
3159.14 2.25
3161.15 1.63
3162.45 2.96
3163.84 1.83
3166.89 2.36
3168.5 2.68
3170.88 2.13
3172.89 0.41
3176.07 0.99
3178.93 1.94
3181.47 0.55
3183.04 0.57
3184.91 0.71
3185.91 0.47
3187.14 0.49
3188.26 0.38
3193.1 2.01
3195.3 1.18
3196.23 1.29
3198.78 0.8
3200.68 1.92
3203.43 1.83
3206.41 1.29
3207.38 3.03
3209.49 1.74
3210.22 0.06
3213.76 0.88
3215.24 4.19
3217.72 0.17
3221.22 4.27
3222.4 1.97
3223.39 1.27
3224.97 1.99
3227.71 0.55
3229.34 0.49
3231.01 0.33
3233.26 0.53
3235.35 0.55
3235.91 0.58
3239.62 1.84
3242.8 0.05
3243.39 0.08
3247.53 0.33
3250.34 0.86
3251.79 0.16
3253.29 1.65
3254.73 0.37
3257.68 0.6
3264.49 0.52
3270.9 0.01
3271.95 0.83
3273.05 2.57
3274.3 1.69
3275.27 1.34
3276.06 1.12
3278.96 0.49
3280.83 0.4
3282.15 0.5
3282.84 0.82
3285.62 0.59
3290.03 0.55
3292.04 0.42
3293.83 0.22
3295.65 0.49
3297.75 0.31
3299.37 1.42
3300.59 1.12
3305.06 0.38
3310.07 0.66
3314.39 0.42
3318.7 0.81
3320.98 0.38
3322.15 0.84
3323.35 1.6
3324.1 1.1
3325.3 0.88
3327.65 1.16
3330.79 1.52
3344.05 0.94
3345.07 0.54
3345.83 0.75
3348.58 2.1
3354.51 0.45
3355.27 0.4
3356.14 0.43
3357.04 0.46
3357.99 1.38
3358.57 1.37
3362.31 0.48
3363.78 0.38
3364.96 0.63
3365.53 2.57
3368.27 2.38
3370.2 0.55
3370.93 0.56
3372.44 0.43
3377.44 0.44
3379.76 2.19
3383.15 0.37
3384.38 1.41
3386.5 0.71
3387.28 1.31
3388.26 1.12
3390.24 0.44
3391.81 0.31
3394.1 0.92
3396.27 2.09
