0.0 2.93
0.59 3.78
1.21 1.39
2.03 5.0
3.06 0.99
3.87 3.48
5.41 0.81
6.95 2.56
8.7 0.37
10.72 1.14
13.8 2.97
15.34 1.27
16.77 3.23
18.52 3.04
20.77 0.06
22.51 2.73
24.75 1.58
26.92 2.79
28.75 1.67
30.7 4.12
32.74 0.45
34.7 1.95
36.74 1.09
38.71 0.91
40.73 1.32
42.78 0.61
44.72 1.47
46.57 0.23
48.71 2.11
50.75 0.88
52.7 5.16
54.77 3.07
56.71 4.34
58.7 3.44
60.76 6.69
62.74 5.19
64.71 1.63
66.74 3.26
68.59 3.75
70.73 2.61
72.78 2.36
74.54 5.26
76.77 1.71
78.72 3.61
80.77 2.79
82.92 0.34
85.09 4.28
86.62 3.34
88.76 1.44
90.7 1.0
92.75 0.75
94.7 2.02
96.74 0.92
98.79 0.36
100.74 2.48
102.7 4.08
104.73 3.66
106.58 1.37
108.72 1.9
110.67 3.43
112.72 0.23
114.71 0.78
116.71 6.48
118.76 4.96
120.7 1.68
122.76 0.09
124.7 5.45
126.75 1.17
128.71 4.69
130.74 4.19
132.7 3.08
134.74 2.33
136.69 4.69
138.73 0.26
140.75 0.94
142.7 3.72
144.75 2.77
146.7 1.01
148.74 3.25
150.7 0.84
152.74 0.73
154.7 1.02
156.73 1.22
158.7 2.3
160.72 0.24
162.7 5.65
164.72 4.43
166.76 5.12
168.74 0.22
170.75 1.28
172.71 1.49
174.66 0.09
176.72 2.58
178.77 4.5
180.71 0.58
182.76 1.65
184.7 1.03
186.69 5.27
188.7 3.2
190.73 2.06
192.7 4.39
194.72 2.02
196.77 5.22
198.72 5.34
200.67 4.03
202.71 2.01
204.76 1.59
207.02 1.66
209.07 2.03
211.03 0.23
212.74 2.08
214.71 2.01
216.74 0.27
218.89 5.24
220.95 3.04
222.78 3.04
224.73 1.75
226.77 0.84
228.72 1.64
230.98 0.45
233.12 1.63
234.97 1.11
236.7 0.4
238.75 4.57
240.72 4.68
242.77 2.44
244.71 3.63
246.76 1.81
248.71 1.62
250.96 4.39
252.71 0.49
254.95 0.96
257.0 1.39
258.96 2.79
260.99 0.19
262.74 3.47
264.99 0.36
266.95 1.19
268.98 1.45
270.97 1.37
272.97 4.29
274.97 2.46
276.97 6.56
278.96 6.29
280.87 3.02
282.96 5.5
284.96 1.55
286.96 4.99
288.95 4.66
290.99 0.67
292.99 8.85
295.0 9.17
297.02 0.11
298.97 1.99
301.02 1.88
302.96 1.7
305.01 0.82
306.85 0.91
309.0 2.64
310.95 2.15
313.0 5.45
319.97 2.3
321.4 1.39
322.32 1.67
323.56 4.04
324.89 3.53
325.7 5.37
326.83 3.06
329.0 2.0
330.94 0.21
333.07 2.13
335.03 0.37
337.17 0.75
338.91 1.1
340.96 1.3
343.0 2.72
344.85 1.57
346.99 4.24
348.95 5.02
350.98 0.98
353.34 1.43
354.99 2.35
357.03 1.6
360.61 1.46
363.1 0.04
365.33 3.02
365.84 1.67
366.96 1.02
369.01 0.62
371.37 0.09
372.87 3.59
375.23 3.97
376.96 5.76
378.96 1.3
381.12 0.9
382.87 5.18
385.0 3.11
386.96 1.49
388.99 0.95
390.96 4.21
392.97 3.28
395.02 4.19
396.97 5.22
399.12 0.77
400.97 4.5
402.91 2.96
407.52 0.54
410.8 5.73
413.35 1.27
415.2 5.9
418.28 0.3
420.84 4.21
423.43 1.52
425.87 5.3
428.95 5.25
430.58 3.17
432.22 1.37
432.72 2.48
433.34 2.06
434.66 4.94
436.38 2.11
438.34 0.04
440.38 3.71
442.34 3.71
444.37 0.99
447.55 0.92
449.19 2.84
450.75 1.94
452.36 2.14
454.42 2.9
456.36 0.13
458.31 5.57
460.36 1.44
462.34 1.72
464.36 1.1
467.15 0.12
468.46 4.66
470.4 1.37
472.35 1.6
474.4 1.87
476.35 0.39
478.39 1.02
480.34 2.55
482.38 0.12
484.35 0.82
487.51 1.14
489.05 4.73
490.68 1.31
492.36 0.13
494.36 2.33
496.41 0.9
498.58 0.36
500.6 2.37
502.35 0.68
504.6 1.9
506.65 1.71
508.59 2.81
513.31 3.27
514.55 2.17
517.52 2.18
520.02 3.36
520.75 7.14
522.53 5.58
524.43 6.43
526.52 1.81
528.37 1.64
530.52 0.82
532.56 0.54
535.11 3.6
536.64 1.72
538.49 3.41
540.35 0.79
542.49 2.84
544.63 4.95
546.81 2.86
548.54 4.12
550.49 2.33
552.53 5.16
554.49 1.95
556.52 2.48
558.68 2.1
560.52 0.11
562.37 1.44
564.51 1.08
566.56 5.36
568.51 0.06
570.56 3.82
572.51 3.0
574.35 1.44
576.51 0.24
579.15 5.39
580.98 0.83
582.53 4.79
584.49 3.93
586.51 2.87
588.38 2.07
590.52 2.12
592.38 4.37
594.52 1.42
596.98 1.45
598.51 5.22
600.46 1.54
602.5 1.52
604.55 2.28
606.5 2.38
608.55 2.24
610.5 1.14
612.54 0.38
614.5 1.95
616.51 1.82
618.56 0.25
620.51 0.97
622.55 1.37
624.5 1.59
626.45 3.12
628.5 1.39
630.65 2.86
632.49 5.09
634.54 0.23
636.49 4.47
638.53 0.22
640.49 1.7
642.53 1.23
644.49 1.58
646.52 1.39
648.67 0.12
650.42 1.86
652.56 3.69
656.27 3.19
657.19 1.06
658.73 0.36
660.47 2.3
662.51 1.07
664.78 3.47
666.51 3.52
668.47 0.25
670.5 3.97
672.53 0.82
674.49 3.34
676.52 4.15
678.47 0.76
680.52 1.72
682.49 0.51
684.52 4.89
686.56 3.86
688.51 1.36
690.55 4.41
692.5 3.87
694.54 4.53
696.5 0.12
698.54 1.31
700.49 0.46
702.53 1.32
704.49 1.71
706.52 0.38
710.73 2.18
711.88 2.95
713.19 5.06
715.15 2.1
716.69 3.1
718.53 0.18
720.58 1.06
722.52 4.54
724.56 2.55
726.63 3.17
728.56 0.04
730.49 1.99
732.54 4.29
734.49 1.68
736.85 5.36
739.09 0.62
740.74 1.88
742.58 2.11
744.83 1.39
746.56 0.55
748.62 0.03
750.56 1.95
752.81 1.52
754.78 1.9
756.82 3.21
758.57 2.86
760.74 2.4
762.57 1.25
764.81 1.59
766.87 2.56
768.8 0.68
770.75 1.62
772.79 1.0
774.64 0.66
776.79 0.58
778.84 1.61
780.69 3.13
782.84 2.21
784.68 3.45
786.74 0.03
788.77 0.66
790.74 3.11
792.82 4.43
794.79 2.22
796.74 0.37
798.69 1.77
800.75 1.73
802.79 2.69
804.74 1.69
806.77 1.76
808.82 1.67
810.67 5.02
813.05 0.58
815.92 5.91
818.68 0.85
820.34 2.51
822.69 0.12
823.54 6.79
824.77 4.88
827.17 3.08
830.56 2.71
832.21 5.08
833.84 5.91
836.4 0.58
837.52 4.99
839.55 2.06
841.39 0.68
842.93 5.57
844.76 2.36
847.02 3.15
849.99 2.64
852.35 1.39
853.91 4.75
857.17 1.82
858.51 4.98
861.36 2.22
863.09 0.12
864.23 4.61
865.87 0.03
867.92 5.81
870.47 1.33
871.41 4.59
873.34 0.45
876.03 0.23
878.26 4.78
879.71 0.07
881.15 3.7
882.76 1.91
884.8 5.4
886.86 5.95
888.91 3.15
890.65 2.87
892.8 0.48
894.74 3.37
896.78 0.55
900.79 3.13
903.25 2.09
905.31 5.1
907.35 4.57
909.63 1.19
910.74 2.05
912.38 1.84
913.4 1.99
914.74 3.3
916.75 1.94
918.8 1.54
920.77 0.41
922.81 2.93
925.39 1.19
927.83 0.11
929.99 2.08
932.04 1.02
933.27 5.59
935.41 0.06
937.46 1.13
938.79 0.28
940.75 2.66
942.7 2.44
944.74 2.26
946.77 3.58
948.82 1.14
950.77 4.52
952.81 2.76
954.76 1.68
956.81 2.43
959.29 4.46
960.81 0.27
964.27 3.41
965.41 2.7
966.87 2.36
968.79 2.84
970.74 1.43
972.78 1.86
974.75 3.91
976.78 5.43
978.74 1.17
981.08 3.41
982.77 1.46
984.76 2.37
986.76 0.65
988.76 6.8
990.76 2.31
992.76 2.2
994.81 0.52
996.75 0.69
999.0 5.42
1000.79 4.96
1002.99 6.6
1004.99 5.84
1006.99 4.17
1009.24 1.17
1010.83 5.91
1013.03 2.24
1014.78 1.74
1016.92 0.03
1019.02 3.87
1021.01 3.68
1023.07 0.65
1025.01 1.7
1027.0 5.33
1029.41 5.16
1031.35 2.2
1032.91 0.07
1035.02 3.34
1036.87 0.6
1038.82 0.11
1040.99 2.5
1043.02 2.59
1044.99 2.71
1047.03 1.43
1049.1 5.35
1051.13 0.23
1053.18 3.16
1055.01 1.94
1057.06 1.91
1059.0 2.71
1061.05 1.73
1063.0 1.73
1065.04 4.82
1066.99 1.99
1069.04 0.84
1070.99 1.3
1073.56 0.6
1076.84 0.55
1078.58 3.27
1080.62 0.85
1082.58 1.63
1084.61 0.53
1086.66 0.21
1089.43 0.62
1091.67 0.47
1093.13 1.53
1094.66 1.66
1096.59 1.0
1098.63 0.12
1100.58 1.69
1102.63 0.03
1104.58 6.03
1106.61 0.68
1108.66 1.57
1110.6 2.29
1112.65 2.25
1114.59 5.21
1116.64 1.62
1119.11 3.54
1123.0 2.5
1124.63 1.63
1127.0 5.56
1129.27 0.12
1130.57 2.34
1131.39 2.58
1132.63 0.57
1134.58 5.08
1136.62 2.21
1138.58 3.39
1140.62 0.46
1142.88 2.97
1144.61 0.33
1146.67 3.36
1148.61 1.24
1150.65 2.55
1152.6 1.47
1155.07 4.62
1157.12 0.83
1158.86 1.86
1160.59 1.92
1162.66 0.06
1164.59 0.12
1166.63 2.13
1168.58 4.09
1170.63 7.32
1172.58 3.57
1174.61 2.58
1176.58 0.11
1178.61 0.99
1180.58 3.26
1182.61 3.2
1184.66 2.17
1186.6 1.52
1188.64 2.1
1190.59 3.68
1192.64 2.53
1194.58 3.38
1196.53 1.64
1198.9 1.53
1200.63 0.84
1202.58 3.69
1204.62 3.15
1206.59 4.28
1208.61 1.5
1210.58 0.81
1213.84 2.82
1216.1 0.93
1217.85 5.35
1220.0 4.23
1221.83 1.84
1223.06 2.03
1224.9 1.23
1226.64 1.65
1228.58 2.55
1230.63 3.09
1232.59 4.48
1235.33 1.98
1238.1 2.68
1239.44 4.63
1240.66 1.69
1242.59 1.39
1244.64 2.75
1246.59 0.45
1248.84 1.72
1250.9 0.92
1252.63 2.77
1254.59 0.92
1256.83 1.33
1264.13 1.69
1267.61 5.26
1268.52 0.82
1269.76 5.45
1271.8 2.67
1273.86 0.87
1275.92 5.01
1278.25 1.22
1279.49 5.54
1282.76 1.69
1285.85 3.15
1286.96 0.23
1289.33 9.76
1291.13 5.95
1291.88 0.66
1292.39 0.96
1293.19 4.14
1294.13 9.04
1294.84 8.38
1296.88 1.13
1300.27 3.16
1301.84 3.71
1302.99 5.09
1304.87 1.7
1307.44 2.93
1308.77 4.31
1310.9 0.15
1312.96 5.85
1314.9 2.33
1316.84 0.18
1318.88 0.86
1320.83 1.75
1322.68 1.83
1324.84 1.24
1326.98 5.66
1328.72 0.6
1330.86 2.41
1332.92 0.75
1334.86 2.68
1336.9 4.98
1338.85 1.48
1341.14 4.55
1342.84 5.2
1344.9 1.25
1346.84 1.75
1348.88 1.55
1350.83 0.31
1352.88 1.45
1354.73 1.14
1356.87 3.73
1358.84 1.45
1360.87 1.25
1362.84 0.04
1364.86 1.24
1366.83 3.61
1368.85 3.06
1370.83 0.84
1372.86 0.07
1374.9 2.41
1376.84 0.19
1378.89 0.14
1380.83 4.74
1382.88 1.66
1384.84 2.79
1386.88 0.72
1388.83 1.51
1390.87 1.05
1392.83 2.62
1394.86 0.14
1397.04 0.21
1398.86 1.35
1400.9 2.03
1402.96 5.93
1404.9 0.46
1406.84 1.92
1408.89 2.18
1410.84 0.04
1412.91 1.61
1417.31 1.37
1420.29 2.13
1422.85 1.88
1425.91 0.36
1427.44 3.21
1429.69 1.6
1432.37 1.94
1434.0 1.53
1436.46 0.48
1438.95 2.41
1440.48 5.91
1442.2 2.54
1444.05 0.74
1445.88 0.78
1447.72 1.84
1449.06 3.71
1450.71 5.22
1452.23 5.39
1453.28 3.49
1454.69 1.52
1456.23 4.96
1458.59 6.0
1460.63 1.1
1462.38 5.91
1464.54 4.33
1466.38 3.11
1468.93 4.84
1471.39 2.26
1473.34 2.22
1475.47 4.37
1476.99 0.47
1478.42 1.64
1480.47 3.77
1482.46 1.97
1484.47 6.82
1486.42 1.63
1488.46 3.34
1490.42 3.59
1492.45 4.28
1494.5 1.6
1496.45 1.37
1498.5 4.65
1501.19 2.32
1503.14 3.3
1504.46 1.95
1506.7 0.94
1508.45 5.33
1510.7 2.17
1512.86 1.86
1515.01 2.2
1516.74 1.95
1518.68 5.18
1520.74 3.13
1522.49 3.08
1524.53 0.45
1526.48 1.65
1528.72 4.67
1530.9 0.13
1532.53 2.91
1534.67 1.71
1536.71 3.22
1538.7 5.09
1540.7 3.29
1542.68 3.92
1544.7 0.12
1546.64 5.57
1548.77 0.48
1550.64 0.14
1552.68 4.35
1554.72 1.44
1556.68 1.38
1558.7 1.54
1560.67 0.83
1563.63 3.93
1566.7 2.04
1568.86 5.59
1571.0 1.25
1573.05 2.52
1575.3 1.86
1577.15 2.29
1578.5 6.89
1580.11 2.57
1581.47 1.78
1583.29 3.25
1584.72 1.64
1586.68 1.29
1589.74 1.84
1591.69 6.04
1593.73 0.78
1595.28 5.22
1596.74 4.7
1598.74 2.34
1600.69 1.26
1602.74 0.15
1604.69 3.86
1606.73 2.97
1608.68 2.63
1611.56 2.87
1612.9 3.98
1614.72 1.42
1616.77 4.45
1618.72 2.81
1620.77 1.21
1622.71 0.54
1624.69 3.59
1631.44 2.23
1633.28 4.98
1636.66 4.71
1639.22 1.38
1643.53 4.56
1644.23 1.44
1645.36 2.53
1647.2 4.48
1652.33 3.12
1653.25 1.65
1654.68 2.11
1656.23 3.95
1657.76 1.78
1659.4 5.89
1660.52 2.09
1662.26 4.04
1664.12 3.09
1666.37 2.05
1668.09 3.01
1669.53 0.56
1671.27 5.48
1673.52 2.7
1675.38 4.27
1676.7 5.11
1677.51 5.21
1678.24 1.54
1678.85 2.71
1680.69 2.3
1682.74 1.69
1684.67 1.59
1686.73 0.21
1688.67 4.05
1690.62 2.65
1692.67 4.68
1694.72 5.23
1696.67 1.8
1699.12 0.04
1700.67 1.45
1702.7 3.06
1705.07 5.28
1707.32 1.64
1708.75 3.79
1710.69 1.45
1713.25 0.03
1715.2 4.62
1716.73 0.12
1718.68 2.32
1720.67 2.12
1722.67 4.16
1724.67 0.83
1726.71 6.8
1728.71 4.41
1730.86 3.72
1732.7 4.45
1734.75 0.43
1736.7 1.78
1738.74 1.4
1740.69 0.5
1742.74 2.44
1744.68 3.03
1746.73 0.12
1748.68 1.54
1750.93 2.95
1752.98 1.08
1754.92 2.7
1756.97 1.95
1758.73 4.58
1760.96 4.35
1763.12 2.93
1764.96 3.67
1766.92 2.37
1768.95 0.89
1770.81 5.39
1772.94 3.09
1775.0 1.71
1776.74 1.62
1778.98 3.98
1780.93 1.39
1782.98 0.59
1784.93 4.43
1786.97 1.72
1788.92 0.13
1790.97 0.6
1792.93 1.47
1794.96 1.49
1796.92 2.06
1799.16 0.11
1800.81 3.02
1802.95 0.76
1804.92 2.91
1806.94 1.77
1808.99 4.03
1810.94 0.36
1813.3 4.01
1814.93 2.14
1816.98 5.36
1819.05 3.45
1820.97 3.41
1822.92 0.72
1824.97 0.93
1826.92 2.79
1829.07 1.41
1830.91 1.54
1832.95 5.22
1835.0 0.11
1836.85 2.26
1838.98 1.9
1840.93 2.38
1842.98 3.09
1845.03 3.12
1846.79 1.12
1848.94 1.77
1850.96 0.97
1852.92 5.0
1854.97 3.0
1856.91 0.37
1858.96 1.04
1860.93 0.55
1862.96 4.36
1864.92 0.56
1866.95 1.92
1868.8 1.96
1870.95 1.17
1872.9 1.45
1874.94 4.42
1876.98 3.01
1878.93 0.12
1880.98 0.96
1882.83 2.93
1884.97 1.44
1887.03 1.93
1888.96 2.84
1890.92 3.95
1892.96 0.28
1894.92 1.91
1896.86 3.14
1898.93 1.46
1900.94 0.83
1902.99 1.69
1904.94 1.63
1906.85 0.45
1908.93 4.88
1910.93 4.58
1912.93 5.1
1914.97 4.49
1916.93 0.12
1918.97 3.31
1920.93 1.2
1922.96 3.01
1924.92 0.58
1928.5 3.25
1929.22 2.92
1930.95 1.85
1932.92 2.23
1934.94 1.46
1936.99 0.04
1938.96 3.66
1940.98 1.33
1942.93 0.68
1945.29 0.47
1947.26 0.12
1948.97 1.81
1950.94 0.79
1952.97 0.32
1954.92 2.8
1956.96 4.72
1958.92 1.42
1960.95 0.12
1962.92 0.24
1964.94 1.65
1967.4 0.23
1969.56 5.4
1970.99 4.82
1972.93 2.29
1974.99 6.51
1976.93 0.29
1978.98 2.05
1980.92 2.0
1982.95 0.61
1984.92 3.92
1986.96 1.59
1988.99 5.91
1990.94 0.33
1992.99 0.9
1994.93 3.31
1996.98 4.46
1998.93 2.98
2002.43 0.71
2003.25 2.92
2005.19 2.44
2008.06 1.13
2010.73 1.74
2012.98 1.91
2013.7 3.0
2015.22 4.84
2016.99 0.82
2019.2 3.66
2021.16 1.39
2023.2 2.92
2025.17 1.62
2027.19 3.34
2029.24 1.24
2031.18 1.31
2033.23 1.89
2035.19 1.6
2037.04 2.31
2039.18 0.14
2041.25 1.32
2043.18 4.96
2045.23 2.53
2047.18 0.06
2049.2 0.66
2051.17 0.58
2053.22 4.43
2055.26 1.62
2057.22 3.83
2059.25 0.12
2061.11 4.8
2063.25 3.77
2065.0 2.14
2067.26 3.15
2069.5 0.32
2071.24 0.07
2073.18 0.89
2075.45 5.5
2078.34 1.15
2080.78 3.16
2082.64 0.76
2084.96 0.99
2087.33 5.09
2091.83 2.57
2094.69 2.46
2095.92 1.03
2096.53 3.28
2098.37 0.64
2100.41 5.46
2102.36 2.25
2104.52 0.78
2106.35 2.72
2108.4 1.82
2110.35 0.6
2112.32 0.19
2114.34 1.65
2116.38 3.29
2118.35 4.79
2120.38 5.24
2122.34 3.31
2124.37 3.74
2126.34 0.03
2128.37 1.52
2130.44 3.28
2132.36 0.79
2134.41 0.64
2136.35 1.09
2138.4 3.58
2140.34 2.47
2142.39 2.16
2144.34 0.18
2146.38 1.35
2148.34 2.05
2150.4 3.96
2152.35 2.48
2154.59 4.78
2156.38 6.28
2158.37 3.82
2160.37 7.82
2162.37 8.47
2164.34 0.5
2166.78 3.21
2168.83 3.76
2170.68 6.07
2173.74 3.69
2177.33 6.13
2181.13 2.82
2182.95 1.77
2183.46 3.98
2184.5 6.78
2186.04 2.69
2188.07 4.6
2190.07 5.08
2192.06 8.22
2194.06 0.44
2196.06 1.54
2198.1 3.34
2200.06 0.16
2202.1 4.08
2204.04 5.22
2206.04 6.0
2208.04 2.15
2210.08 1.05
2212.04 4.73
2214.08 3.9
2216.86 2.15
2219.32 3.05
2220.74 1.36
2222.06 3.26
2224.04 4.94
2226.07 1.66
2228.11 2.06
2230.06 2.06
2232.1 0.21
2234.05 0.36
2236.08 4.62
2238.34 1.69
2240.1 0.06
2242.04 0.71
2244.48 2.84
2246.12 1.85
2248.29 0.7
2250.32 3.02
2252.29 4.33
2254.31 1.57
2256.06 5.55
2258.3 2.77
2260.35 2.58
2262.3 2.46
2264.34 1.58
2266.4 2.35
2268.33 2.73
2270.29 3.78
2272.33 0.55
2274.3 2.24
2276.34 0.99
2278.29 3.01
2281.35 3.73
2282.59 4.42
2284.31 3.87
2286.16 5.9
2288.3 4.88
2290.37 3.08
2292.3 1.46
2294.35 0.3
2296.29 0.83
2298.34 4.27
2300.2 5.1
2302.33 0.49
2304.29 1.66
2306.33 0.06
2308.29 4.17
2310.34 3.85
2312.37 1.36
2314.31 2.17
2316.29 2.84
2318.21 1.88
2320.35 1.56
2322.3 3.53
2324.35 3.81
2326.3 2.51
2328.34 1.75
2330.3 1.27
2332.34 4.83
2334.3 1.32
2336.33 4.59
2338.29 0.71
2341.27 1.64
2342.71 5.34
2344.32 4.34
2346.27 0.06
2348.31 0.34
2350.36 2.42
2352.31 5.52
2354.35 0.37
2356.3 4.34
2358.26 0.3
2360.29 1.32
2362.55 1.73
2365.01 0.8
2367.07 5.32
2369.01 1.18
2371.07 0.12
2372.79 1.98
2374.43 2.75
2376.29 0.06
2378.32 4.32
2380.3 1.0
2382.32 1.91
2384.29 3.93
2386.32 1.8
2388.29 3.35
2390.31 4.54
2392.36 0.91
2394.31 2.25
2396.36 2.74
2398.29 3.21
2400.34 1.46
2402.29 0.18
2404.45 1.21
2406.29 1.49
2408.33 0.24
2410.9 3.54
2412.85 1.77
2414.49 2.81
2416.32 0.81
2418.47 0.04
2420.64 3.8
2422.36 3.09
2424.3 1.85
2426.35 2.9
2428.3 2.8
2430.35 0.44
2432.29 1.67
2434.34 3.34
2436.29 4.45
2438.32 4.45
2440.29 3.14
2442.32 0.36
2444.27 0.42
2446.33 1.04
2448.29 0.06
2450.3 1.39
2452.36 1.95
2454.29 1.95
2456.34 0.07
2458.31 2.82
2460.34 3.32
2462.29 3.31
2464.33 1.36
2466.3 2.23
2468.27 0.24
2470.29 2.03
2472.33 1.26
2474.29 2.18
2476.33 1.18
2478.29 3.01
2480.32 0.58
2482.35 0.72
2484.3 1.99
2486.35 0.26
2488.29 1.07
2490.34 1.28
2492.29 0.65
2494.45 0.7
2496.6 5.16
2498.54 2.88
2500.58 0.75
2503.36 2.39
2505.09 1.71
2506.96 1.08
2508.49 0.24
2510.54 0.03
2512.67 1.84
2514.61 2.7
2516.46 1.02
2518.6 0.81
2520.46 5.22
2522.6 0.36
2524.54 4.57
2526.59 1.18
2528.54 1.72
2530.58 1.92
2532.54 3.75
2535.01 5.99
2538.07 4.42
2539.81 4.75
2542.17 2.11
2544.01 2.25
2544.72 2.46
2546.56 4.23
2548.61 2.05
2550.56 4.11
2559.17 1.41
2561.83 4.79
2562.44 2.12
2563.87 0.21
2565.03 1.93
2566.96 0.06
2568.71 4.79
2569.83 5.08
2571.87 4.15
2573.82 5.13
2575.7 0.97
2578.55 5.79
2581.81 3.6
2584.27 2.24
2586.42 4.74
2589.09 5.01
2590.21 5.19
2591.13 2.11
2592.25 2.06
2593.69 0.15
2595.83 2.92
2597.88 2.81
2599.82 4.32
2601.88 2.79
2603.82 1.96
2605.77 3.35
2607.84 1.4
2609.86 3.45
2611.82 1.04
2613.85 1.98
2615.82 3.48
2617.85 3.48
2619.89 1.39
2621.84 0.11
2623.89 1.66
2625.83 1.51
2627.88 1.32
2629.73 1.26
2631.87 1.51
2633.82 1.56
2635.86 0.06
2637.84 3.6
2639.86 0.64
2641.83 3.87
2643.86 4.57
2645.82 0.65
2647.85 3.16
2649.82 1.0
2651.84 3.63
2653.75 0.76
2655.83 1.23
2657.84 0.97
2659.83 2.28
2661.83 2.31
2663.82 2.66
2665.83 2.76
2667.82 2.98
2669.82 4.84
2671.86 2.6
2673.86 4.59
2675.86 4.49
2677.85 0.07
2679.82 1.73
2681.84 1.65
2683.89 4.38
2685.84 0.06
2687.79 3.05
2689.83 0.97
2692.11 2.34
2695.07 1.19
2697.62 1.38
2698.64 4.86
2700.39 1.57
2702.03 5.57
2703.87 1.53
2705.82 0.03
2709.29 3.11
2710.73 2.43
2712.16 2.64
2714.01 1.41
2715.84 1.03
2717.89 4.97
2719.83 2.87
2721.89 2.36
2723.83 2.26
2726.09 4.24
2727.83 3.74
2729.87 1.68
2731.82 3.2
2733.86 0.99
2735.82 2.06
2737.97 1.28
2739.9 1.27
2741.95 1.32
2743.89 4.54
2745.84 1.78
2747.89 0.38
2749.83 1.64
2752.08 2.66
2754.65 1.0
2755.88 2.41
2758.13 0.96
2760.48 5.53
2762.03 3.79
2764.08 4.31
2766.12 0.9
2768.08 0.72
2769.91 2.95
2772.07 1.02
2774.1 1.01
2775.86 1.58
2778.11 2.07
2780.66 2.63
2782.09 0.27
2784.13 1.6
2786.08 0.43
2788.03 2.33
2790.07 1.08
2792.12 1.45
2794.38 2.53
2796.12 1.55
2798.18 2.52
2800.74 1.72
2802.18 1.62
2804.11 2.03
2806.16 0.12
2808.11 0.12
2810.08 3.93
2812.1 4.15
2814.14 0.36
2816.09 1.31
2817.94 1.79
2820.08 0.99
2822.13 1.71
2824.08 2.88
2826.13 4.37
2828.07 2.86
2830.08 4.61
2832.03 8.41
2834.12 4.93
2836.07 3.29
2838.08 3.58
2840.11 3.7
2842.1 1.76
2844.1 5.6
2846.09 7.1
2848.1 4.07
2850.09 3.14
2852.06 1.07
2854.08 1.49
2856.13 3.62
2859.63 1.65
2862.28 3.4
2865.88 1.02
2867.01 4.56
2869.47 0.64
2871.21 5.48
2872.76 0.12
2873.97 1.99
2875.6 1.65
2877.65 1.85
2879.59 1.42
2881.6 4.67
2883.59 0.37
2885.59 0.81
2887.58 5.02
2889.63 6.26
2891.58 0.78
2893.58 6.26
2895.57 5.62
2898.84 2.88
2900.71 1.97
2902.64 0.35
2903.87 2.54
2905.6 3.85
2907.65 0.89
2909.59 2.09
2911.64 1.49
2913.59 0.68
2915.64 1.17
2917.59 0.41
2919.64 1.81
2921.57 1.47
2923.62 2.84
2925.57 3.15
2927.62 1.49
2929.58 4.72
2931.61 4.18
2933.57 0.28
2935.61 1.43
2937.57 4.95
2939.6 1.21
2941.96 2.17
2943.62 0.13
2945.64 0.66
2947.59 1.08
2950.87 3.08
2951.59 4.39
2953.64 1.75
2956.0 5.92
2957.58 8.14
2959.59 3.93
2961.57 6.24
2964.81 1.14
2965.93 5.58
2967.85 1.59
2969.7 1.86
2971.64 3.02
2974.0 2.72
2975.63 5.36
2977.59 0.34
2979.62 2.22
2981.59 5.03
2983.64 4.79
2986.3 2.37
2988.04 0.53
2989.68 2.08
2991.62 2.98
2993.88 5.46
2995.61 1.85
2997.86 2.66
3000.22 1.92
3001.86 6.08
3003.92 5.3
3005.66 3.86
3007.82 0.1
3009.75 2.78
3011.82 0.9
3013.84 7.19
3016.1 2.45
3017.85 2.09
3019.88 2.25
3021.63 2.97
3023.83 1.81
3025.82 1.81
3027.82 0.75
3029.82 6.92
3031.86 0.3
3033.83 0.95
3035.85 0.58
3037.81 3.04
3039.85 1.68
3041.86 2.83
3044.79 4.73
3047.84 1.01
3049.59 4.53
3052.97 0.4
3057.27 2.77
3061.06 1.73
3061.67 1.79
3062.49 2.11
3063.27 6.39
3065.15 4.97
3067.25 0.84
3069.24 1.38
3071.2 5.9
3073.23 1.86
3075.24 0.91
3077.23 2.57
3079.23 6.3
3081.22 0.11
3083.22 5.12
3085.22 0.23
3087.26 0.54
3089.21 1.39
3091.26 1.43
3093.12 1.87
3095.21 1.93
3097.25 7.66
3099.24 0.12
3101.21 1.69
3103.1 7.27
3105.21 1.71
3107.23 2.11
3109.09 4.64
3111.23 4.22
3113.24 3.47
3115.64 3.1
3117.17 1.2
3119.22 0.93
3121.33 3.05
3123.21 2.5
3125.21 3.61
3127.21 3.3
3129.25 2.53
3131.21 1.83
3133.25 2.02
3135.24 1.64
3137.86 4.99
3139.23 1.57
3141.23 1.17
3143.21 4.5
3145.8 2.97
3147.23 0.29
3149.22 5.22
3151.22 7.78
3153.21 4.89
3155.25 4.22
3157.2 2.71
3159.24 2.11
3161.4 2.05
3163.45 1.36
3165.28 1.78
3167.23 2.1
3169.27 0.46
3171.22 0.89
3174.4 1.33
3178.6 2.42
3181.17 4.65
3183.95 0.34
3186.28 4.42
3188.75 2.96
3190.38 5.52
3192.97 0.06
3194.79 1.4
3196.53 2.18
3198.47 2.65
3200.43 5.42
3202.89 1.71
3205.15 0.53
3206.78 5.5
3208.1 1.09
3209.85 2.17
3211.37 0.61
3213.75 2.39
3215.58 2.91
3217.12 3.1
3219.67 5.29
3221.62 0.2
3223.27 2.11
3225.31 2.07
3227.15 3.82
3229.71 5.02
3232.28 0.54
3234.32 2.77
3235.03 0.23
3235.85 3.44
3236.58 4.99
3237.8 2.69
3239.24 6.08
3241.23 4.76
3243.29 8.23
3245.26 2.93
3247.52 1.1
3249.33 2.97
3251.47 4.51
3253.46 0.34
3255.29 3.07
3257.46 1.12
3259.49 0.63
3261.46 1.98
3263.39 4.03
3265.53 1.14
3267.7 5.31
3269.55 1.71
3271.48 2.44
3273.43 1.48
3275.28 1.84
3277.35 0.82
3279.53 3.37
3281.47 2.74
3283.47 5.0
3285.47 1.91
3287.47 5.38
3289.51 1.74
3291.42 6.31
3293.5 5.25
3295.5 6.06
3297.46 2.86
3299.5 8.61
3301.48 5.37
3303.49 0.22
3305.48 0.82
3307.52 5.22
3309.47 2.17
3312.14 2.64
3315.63 0.61
3317.87 5.64
3319.93 4.28
3321.89 4.27
3323.61 2.71
3325.17 0.8
3326.78 2.4
3329.76 1.78
3331.5 4.12
3332.93 3.24
3333.44 1.73
3335.48 1.18
3337.54 2.26
3339.47 2.59
3341.74 3.86
3343.73 2.58
3345.53 4.21
3347.46 2.91
3349.38 7.18
3351.46 2.65
3353.46 4.62
3356.03 2.15
3357.46 4.21
3359.47 2.46
3361.49 3.21
3363.46 0.07
3365.39 2.15
3367.45 4.75
3369.48 0.67
3371.34 1.6
3373.48 2.85
3375.52 4.4
3377.47 1.89
3379.47 4.57
3381.46 3.83
3383.5 4.06
3385.47 0.69
3387.49 1.36
3389.54 3.29
3391.5 1.33
3393.65 1.97
3395.48 2.25
3397.5 2.91
3399.48 5.35
3401.42 0.91
3403.46 1.2
3405.51 2.05
3407.47 3.3
3409.51 1.19
3411.46 0.85
3413.5 0.12
3415.46 3.56
3417.49 0.33
3419.46 0.51
3421.49 2.73
3423.46 0.93
3425.39 4.87
3433.48 1.56
3437.69 0.94
3438.9 2.46
3439.54 5.67
3440.34 4.64
3442.39 3.38
3444.65 2.62
3446.29 1.17
3447.52 1.89
3449.46 2.76
3451.73 1.64
3452.95 2.14
3455.19 2.38
3457.55 1.88
3458.47 5.45
3460.01 4.98
3462.98 4.16
3464.72 2.04
3466.76 2.98
3468.2 2.47
3469.64 1.74
3471.06 2.04
3472.39 2.24
3474.34 3.91
3476.3 0.12
3481.63 0.28
3484.48 4.13
3486.32 0.85
3487.86 2.7
3494.0 0.26
3495.13 2.56
3496.16 1.43
3497.0 0.13
3498.11 3.15
3499.53 0.86
3501.89 3.98
3503.42 0.91
3505.06 1.32
3507.12 5.88
3509.16 4.61
3510.49 6.66
3512.05 2.05
3512.65 2.88
3513.77 1.45
3515.71 1.99
3517.71 4.03
3519.71 4.0
3521.55 1.06
3524.63 0.85
3525.75 1.75
3527.71 2.91
3529.85 3.12
3531.78 2.85
3533.73 1.74
3535.7 1.37
3537.72 1.69
3539.77 2.5
3541.83 2.88
3544.08 0.84
3545.71 1.85
3547.76 3.74
3549.71 3.33
3551.75 0.67
3553.62 4.69
3555.55 4.9
3558.11 1.32
3560.48 5.52
3562.71 0.48
3563.95 4.0
3565.7 5.66
3567.64 2.77
3569.68 4.66
3572.02 1.21
3574.19 3.76
3576.85 4.09
3579.71 0.49
3581.56 2.23
3582.89 5.01
3584.85 4.66
3587.42 0.07
3588.63 1.63
3590.57 2.61
3592.1 2.26
3593.73 1.65
3595.71 2.11
3597.73 2.0
3599.79 1.48
3601.72 2.65
3603.77 0.42
3605.63 3.7
3607.69 1.92
3609.71 3.09
3611.76 1.36
3614.02 2.94
3617.09 0.11
3617.81 3.94
3619.65 1.65
3621.71 3.18
3623.74 0.9
3625.59 2.95
3627.74 1.61
3629.8 0.12
3631.72 5.42
3633.72 0.48
3639.0 1.27
3640.23 3.02
3641.36 3.86
3642.07 4.73
3643.71 0.22
3645.71 1.56
3648.43 4.89
3649.76 1.26
3651.71 1.72
3653.74 4.4
3655.81 3.02
3657.73 4.05
3659.71 2.22
3661.63 1.22
3663.77 0.83
3665.72 1.75
3667.77 4.29
3669.72 3.88
3671.98 1.97
3673.72 0.99
3675.76 6.08
3677.91 2.44
3679.76 5.18
3681.71 1.27
3683.75 1.63
3685.71 2.11
3687.74 3.08
3690.1 2.2
3692.34 0.03
3693.79 0.93
3695.73 5.49
3698.39 1.53
3700.34 3.07
3701.76 5.67
3703.71 1.46
3705.97 1.62
3708.42 0.12
3712.69 2.51
3714.37 3.56
3715.39 3.58
3716.07 3.72
3717.74 1.66
3720.11 0.43
3722.15 2.03
3723.99 5.3
3726.15 1.55
3728.2 5.1
3730.34 4.34
3731.98 4.52
3733.72 3.27
3736.7 0.03
3738.85 1.02
3740.09 5.33
3741.71 0.93
3743.75 4.57
3745.71 2.53
3747.74 1.7
3749.99 1.6
3752.16 3.02
3754.93 1.95
3756.68 0.12
3758.72 5.63
3761.49 0.03
3762.09 2.73
3764.45 2.5
3766.09 2.47
3768.04 2.58
3770.07 0.49
3771.83 1.35
3773.97 6.69
3776.01 3.37
3777.96 0.67
3780.0 1.41
3782.26 4.99
3784.81 0.5
3786.26 4.57
3787.99 2.19
3789.96 3.53
3792.6 3.5
3795.27 2.66
3797.23 5.56
3799.99 2.59
3801.83 3.04
3803.67 2.01
3805.3 4.87
3807.05 5.33
3809.09 0.99
3810.32 2.21
3812.36 1.55
3814.1 2.41
3815.95 1.18
3817.99 2.07
3820.05 0.63
3821.99 2.03
3823.84 2.18
3825.98 4.72
3828.02 2.16
3829.97 1.0
3832.02 4.62
3833.96 2.65
3835.91 0.31
3837.89 4.92
3839.97 3.84
3841.96 6.62
3844.83 5.32
3846.98 2.7
3848.62 1.91
3850.15 1.82
3851.99 0.28
3853.84 0.72
3855.98 0.79
3857.95 1.11
3859.97 1.79
3861.92 1.51
3863.97 2.84
3866.02 0.24
3867.96 4.48
3870.12 1.79
3872.07 5.12
3874.01 1.31
3875.96 6.15
3877.97 6.18
3880.01 2.21
3881.96 3.05
3883.96 1.83
3886.4 4.54
3888.02 1.59
3889.97 1.72
3892.02 4.03
3893.96 4.4
3896.02 0.44
3898.9 2.97
3900.94 1.56
3902.99 1.62
3904.63 3.84
3906.48 4.3
3908.21 1.69
3909.95 3.53
3912.34 0.04
3914.04 2.52
3915.98 0.85
3918.03 1.99
3919.98 2.16
3921.93 2.0
3923.97 2.98
3925.93 1.6
3927.97 2.46
3933.69 2.5
3935.34 1.45
3936.36 2.31
3937.08 2.94
3938.02 3.58
3939.96 1.32
3941.99 4.92
3943.96 2.63
3945.98 1.74
3947.96 2.21
3949.98 2.7
3952.02 1.4
3953.97 3.3
3956.02 4.63
3957.98 1.78
3960.02 4.54
3961.97 3.53
3964.01 1.42
3965.96 1.94
3968.01 1.39
3970.16 2.04
3973.36 0.12
3974.58 5.3
3975.99 1.02
3977.96 4.27
3979.99 1.68
3981.96 2.59
3983.98 1.01
3986.03 1.4
3988.91 5.21
3990.65 1.88
3991.97 0.19
3994.02 1.08
3995.97 1.73
3999.26 5.63
4001.19 1.62
4002.12 3.16
4004.26 2.58
4006.01 4.81
4008.25 2.57
4010.4 2.22
4012.46 5.0
4014.22 2.96
4016.23 1.55
4018.21 5.45
4020.23 2.08
4022.6 4.45
4024.34 4.03
4028.22 3.77
4030.68 1.88
4031.81 5.12
4032.73 1.73
4034.26 3.42
4036.21 1.36
4038.26 2.25
4041.23 2.78
4042.24 2.73
4044.21 3.47
4046.24 1.15
4048.5 4.1
4050.14 5.12
4052.28 2.05
4055.16 2.34
4057.21 2.94
4058.33 1.17
4061.2 5.41
4063.45 4.05
4065.5 1.99
4066.93 1.13
4068.57 1.77
4070.22 2.01
4072.25 0.75
4074.31 5.04
4076.24 4.28
4079.93 3.66
4080.54 2.75
4082.2 2.51
4084.23 4.24
4086.28 1.25
4088.22 1.66
4090.27 4.29
4092.22 2.58
4094.27 1.6
4096.22 2.93
4098.26 0.24
4100.22 1.28
4102.25 2.52
4104.21 2.96
4106.24 0.11
4108.22 2.24
4110.24 2.98
4112.2 0.12
4114.23 0.7
4116.21 3.5
4119.05 0.68
4121.72 1.84
4122.74 5.88
4124.28 3.43
4126.22 4.68
4128.26 2.14
4130.21 3.35
4132.26 2.46
4135.54 2.0
4137.91 3.58
4139.64 0.02
4140.46 5.74
4142.2 1.55
4144.21 5.47
4146.21 0.24
4148.23 2.35
4150.28 3.21
4152.22 4.56
4154.27 3.81
4156.21 1.08
4158.26 3.27
4160.21 1.33
4162.26 1.47
4164.2 1.23
4166.26 1.01
4168.2 2.55
4170.24 4.38
4172.2 4.1
4174.24 1.15
4176.21 3.62
4178.24 0.86
4180.28 0.36
4182.23 0.15
4184.27 4.9
4186.22 1.22
4188.27 4.36
4190.21 2.99
4192.26 4.88
4194.62 3.14
4196.67 1.4
4198.43 4.52
4200.25 3.94
4202.2 1.67
4204.24 0.34
4206.21 1.59
4208.24 1.47
4210.39 1.68
4212.23 3.14
4215.01 4.83
4216.75 2.7
4218.39 2.39
4220.22 2.85
4222.27 1.92
4224.32 3.56
4226.26 1.75
4228.53 5.26
4230.25 2.42
4232.21 3.11
4234.35 0.48
4236.52 2.94
4238.36 4.93
4240.2 2.4
4242.24 1.67
4244.2 1.54
4246.23 0.45
4248.48 1.11
4250.34 4.8
4252.47 3.42
4254.21 2.12
4256.47 1.4
4258.73 1.95
4260.37 2.58
4262.51 1.64
4264.47 4.94
4266.43 0.33
4268.46 3.12
4270.5 1.91
4272.25 3.15
4274.6 3.08
4276.25 2.51
4278.5 2.83
4280.54 1.9
4283.01 4.06
4285.45 0.62
4287.61 1.67
4289.46 0.43
4291.3 5.35
4293.66 2.62
4295.71 2.53
4297.33 0.35
4298.97 0.27
4300.3 2.49
4302.36 3.83
4304.4 3.65
4306.45 4.95
4308.5 0.99
4310.34 0.68
4312.48 1.58
4314.43 1.77
4316.48 3.53
4318.52 0.34
4320.47 1.9
4322.52 2.75
4324.46 2.31
4326.62 0.02
4328.46 2.06
4330.46 1.77
4332.93 4.78
4334.4 3.9
4336.46 2.63
4338.5 3.03
4340.35 1.88
4342.48 3.05
4344.45 2.65
4346.48 0.76
4348.75 5.26
4352.21 0.34
4354.38 4.77
4356.93 0.66
4358.98 5.83
4361.02 4.18
4362.77 1.8
4364.2 5.73
4365.86 0.24
4366.65 2.17
4368.51 2.17
4370.97 4.09
4374.13 5.76
4377.0 2.54
4377.52 5.55
4378.63 1.26
4380.48 3.86
4382.48 3.1
4384.47 2.24
4386.47 1.08
4388.46 1.75
4390.52 3.85
4392.78 2.24
4394.61 0.96
4396.36 5.57
4398.62 3.46
4401.07 5.65
4403.11 0.39
4405.37 5.55
4407.93 2.46
4409.56 1.51
4411.22 5.37
4412.54 4.36
4414.47 1.11
4416.52 2.75
4418.46 0.59
4420.51 4.5
4422.46 0.76
4424.51 2.54
4426.46 3.01
4428.5 0.81
4430.46 1.91
4432.72 3.82
4434.46 0.06
4437.01 1.39
4439.27 5.13
4441.83 1.35
4444.28 2.63
4446.13 2.96
4448.7 0.13
4450.73 5.03
4453.09 2.36
4455.04 3.65
4456.36 1.93
4459.32 0.12
4461.49 1.46
4463.43 2.82
4465.09 4.48
4467.03 2.82
4468.75 2.34
4470.29 2.79
4472.33 1.8
4473.36 2.67
4475.2 2.18
4477.15 3.65
4479.09 2.45
4481.04 1.66
4483.19 5.58
4485.55 1.64
4487.18 2.03
4489.23 2.57
4490.46 5.16
4492.5 0.25
4494.46 1.97
4496.49 0.44
4499.57 2.25
4500.9 2.11
4502.54 1.86
4505.52 0.52
4508.71 0.93
4510.63 1.89
4511.87 2.09
4512.77 3.56
4514.72 1.14
4517.39 0.03
4519.85 1.66
4520.77 5.29
4523.23 3.55
4524.76 4.9
4527.12 0.27
4529.49 0.22
4531.72 3.44
4533.77 2.77
4535.92 5.06
4537.97 0.42
4540.43 5.66
4542.48 3.22
4544.43 2.87
4546.68 3.22
4549.03 1.63
4550.67 2.34
4552.11 1.74
4554.35 0.34
4556.81 2.2
4561.84 1.0
4563.59 4.47
4565.21 1.62
4566.43 3.4
4568.28 0.11
4569.82 0.55
4570.65 2.24
4572.38 0.24
4572.89 5.23
4574.73 2.16
4577.38 0.11
4580.57 5.35
4582.1 1.56
4583.3 2.88
4584.76 1.44
4586.71 0.81
4588.75 1.77
4590.7 3.89
4592.74 0.57
4594.71 1.73
4596.74 1.97
4598.71 4.41
4600.73 4.62
4602.7 2.24
4604.73 2.8
4606.78 4.27
4608.63 0.92
4610.77 1.18
4612.72 0.26
4614.98 0.44
4616.71 1.06
4618.76 3.56
4620.71 5.98
4622.75 4.37
4624.6 2.9
4626.74 3.66
4630.24 5.34
4631.48 5.67
4632.7 4.05
4634.84 1.18
4636.7 2.05
4638.72 0.59
4640.77 2.39
4642.72 0.14
4644.77 0.19
4646.71 2.66
4648.76 3.99
4650.71 3.29
4652.76 1.24
4654.72 2.41
4656.75 2.39
4658.7 1.02
4660.74 0.34
4662.7 1.06
4664.74 2.28
4666.7 4.17
4668.73 1.67
4670.7 5.28
4672.73 5.11
4674.78 2.92
4676.72 2.85
4678.77 0.18
4680.72 1.63
4682.76 4.1
4685.03 0.59
4687.69 1.09
4688.75 3.57
4690.75 2.59
4692.7 1.58
4694.74 0.71
4696.7 2.02
4698.74 2.4
4700.7 0.87
4702.73 2.09
4704.78 1.53
4706.72 3.01
4708.77 4.4
4710.71 0.42
4712.76 1.67
4714.71 4.07
4716.76 0.46
4718.71 0.11
4720.75 4.24
4722.7 1.34
4724.75 6.03
4726.8 3.25
4728.74 1.36
4730.7 0.55
4732.73 2.2
4734.71 3.5
4736.72 0.14
4738.7 0.59
4740.72 1.55
4742.77 1.26
4744.73 1.36
4746.76 2.41
4749.05 0.02
4750.96 3.07
4752.9 0.47
4755.27 3.32
4757.01 0.06
4758.95 1.72
4760.96 3.54
4762.96 5.58
4764.99 8.55
4767.0 4.75
4768.95 4.05
4771.03 2.72
4772.97 2.37
4774.93 0.25
4776.97 1.15
4778.92 1.45
4780.97 1.63
4783.01 3.05
4784.85 0.06
4786.81 2.39
4788.85 5.09
4791.0 0.96
4792.95 0.49
4794.99 0.22
4797.03 0.23
4798.79 4.47
4800.95 1.53
4802.97 1.25
4805.02 2.07
4806.97 0.21
4809.02 1.89
4810.96 3.23
4813.01 1.78
4814.95 0.06
4816.81 0.79
4818.95 2.14
4820.99 0.89
4822.96 0.75
4825.52 0.04
4827.57 5.14
4830.73 0.83
4832.37 1.92
4833.61 1.66
4836.06 0.53
4838.32 6.67
4839.34 1.92
4840.96 0.08
4843.64 5.31
4846.29 1.86
4848.25 2.19
4850.39 2.02
4852.13 5.18
4853.98 1.54
4854.92 5.06
4856.95 0.99
4858.99 3.2
4860.95 2.65
4862.98 4.32
4864.95 0.91
4866.98 1.96
4869.03 1.75
4870.88 5.27
4874.26 0.03
4876.51 1.99
4877.53 0.47
4878.97 1.1
4881.01 1.7
4882.95 1.36
4885.0 0.54
4886.95 1.11
4889.2 0.61
4890.95 2.16
4892.98 3.51
4894.95 4.43
4896.98 1.63
4898.98 4.28
4900.98 1.3
4902.99 2.24
4904.96 2.61
4906.98 4.73
4908.96 3.91
4910.98 2.86
4912.96 4.36
4914.97 1.48
4916.96 3.72
4918.96 3.49
4920.95 5.0
4922.97 4.44
4924.95 1.23
4926.95 2.56
4929.0 1.76
4930.96 4.25
4932.99 6.22
4934.97 2.08
4936.99 5.44
4938.96 0.75
4940.98 5.41
4942.96 5.03
4945.09 0.75
4946.96 2.53
4949.0 1.26
4950.95 2.12
4953.31 4.78
4954.95 1.68
4956.99 0.72
4961.92 3.79
4965.71 5.81
4968.46 5.78
4969.91 0.92
4972.16 5.74
4975.33 1.07
4977.06 5.19
4978.29 1.07
4980.55 0.12
4982.69 1.29
4984.24 3.93
4985.87 1.12
4987.51 5.08
4989.15 2.22
4991.3 1.43
4993.65 2.67
4994.78 4.63
4996.21 1.38
4997.13 2.03
4998.57 1.69
5000.11 4.59
5002.88 5.46
5004.5 4.29
5005.54 1.94
5007.27 3.76
5009.33 5.27
5012.7 1.46
5013.51 4.96
5015.25 2.89
5017.21 1.06
5019.24 0.22
5021.2 1.61
5023.09 3.92
5025.2 7.88
5027.24 7.85
5029.23 0.73
5031.23 5.15
5033.28 3.37
5035.02 1.79
5037.27 0.12
5039.21 1.57
5041.48 3.32
5043.21 2.45
5045.21 2.76
5047.2 1.6
5049.26 5.03
5051.82 3.09
5053.97 2.25
5056.12 4.67
5058.06 2.85
5059.5 0.9
5061.03 1.57
5063.2 4.74
5065.22 1.48
5067.17 0.13
5069.21 1.61
5071.26 1.72
5073.63 2.12
5075.26 1.23
5077.21 1.34
5079.76 0.12
5081.1 3.17
5083.24 1.35
5085.2 0.23
5087.25 2.39
5089.2 0.89
5091.23 1.37
5093.2 3.79
5095.22 4.08
5097.27 3.09
5099.22 1.31
5101.07 5.49
5103.21 1.94
5106.51 4.98
5108.26 0.19
5109.27 3.14
5111.2 4.38
5113.25 2.89
5115.21 0.72
5117.25 2.7
5119.09 0.74
5121.24 3.54
5123.2 4.2
5125.24 0.18
5127.28 3.17
5129.85 5.04
5131.54 3.39
5133.22 1.42
5135.28 0.24
5137.32 0.57
5139.26 2.7
5141.21 1.68
5143.22 5.44
5145.21 3.14
5147.25 0.23
5149.21 3.21
5151.24 2.99
5153.21 2.0
5155.23 4.53
5157.2 1.35
5159.24 1.81
5161.28 3.39
5163.12 3.73
5165.59 2.54
5168.36 3.57
5170.7 6.27
5171.49 5.81
5173.22 0.03
5175.21 4.54
5177.21 5.19
5179.26 3.49
5181.24 0.81
5183.81 4.43
5185.75 1.09
5187.5 3.22
5189.65 2.97
5192.32 0.12
5193.54 4.21
5195.27 2.33
5197.22 0.67
5199.26 0.67
5201.33 2.27
5204.39 1.78
5206.13 0.57
5207.79 5.01
5209.2 1.31
5211.25 0.45
5214.53 0.79
5220.27 2.35
5221.81 4.97
5223.04 0.87
5223.75 5.54
5224.88 3.38
5228.76 1.56
5232.64 1.37
5236.03 2.27
5237.55 0.14
5238.59 2.62
5239.4 1.53
5239.91 3.9
5241.15 4.14
5243.1 0.48
5244.94 4.38
5246.88 3.45
5249.13 3.25
5250.96 1.8
5253.14 3.1
5254.97 5.74
5257.14 2.05
5259.16 2.06
5262.44 3.37
5263.37 4.39
5265.21 5.22
5267.45 2.96
5269.02 5.78
5271.35 1.61
5273.1 5.9
5275.24 1.66
5277.18 1.58
5279.14 5.19
5282.52 1.45
5285.28 3.3
5287.63 1.53
5289.78 1.76
5291.22 5.32
5292.81 3.18
5294.8 6.47
5296.53 5.88
5297.46 5.74
5299.14 3.53
5301.14 3.07
5303.14 0.11
5305.14 1.02
5307.03 3.02
5309.13 5.27
5311.13 4.24
5313.13 5.35
5315.17 1.65
5317.12 3.03
5319.17 2.0
5321.13 1.09
5323.16 0.3
5325.01 3.33
5327.15 1.32
5329.21 4.75
5331.14 5.62
5333.1 4.4
5335.14 3.0
5337.71 3.65
5339.84 0.06
5342.01 4.61
5344.67 3.74
5345.6 4.92
5347.13 1.69
5349.16 1.71
5351.18 0.24
5353.13 3.47
5355.12 4.36
5357.16 1.83
5359.2 1.21
5361.15 3.18
5363.19 3.52
5365.15 5.67
5367.2 3.32
5369.46 5.86
5371.18 0.12
5373.12 1.31
5375.08 1.36
5377.13 2.12
5379.16 3.08
5381.24 0.57
5383.17 2.72
5385.03 0.18
5387.16 1.32
5389.2 4.11
5391.56 0.91
5393.2 2.05
5395.14 0.36
5397.19 1.72
5399.14 2.37
5401.19 0.65
5403.14 1.56
5405.18 2.43
5407.14 2.56
5409.18 0.95
5411.12 1.8
5413.08 3.4
5415.13 3.99
5417.16 0.98
5419.13 1.4
5421.36 0.36
5423.22 5.38
5425.15 1.54
5427.82 4.39
5429.14 2.42
5431.19 2.37
5433.13 2.32
5435.18 1.81
5437.13 1.94
5439.17 2.12
5441.13 1.56
5443.17 1.64
5445.13 2.42
5447.16 3.48
5449.13 0.48
5451.17 1.18
5453.17 3.03
5455.15 1.63
5457.52 1.35
5459.76 0.47
5461.62 2.2
5463.66 0.69
5465.29 1.8
5467.13 2.22
5469.18 3.73
5471.13 0.85
5473.28 2.25
5475.53 4.6
5477.27 1.29
5479.13 4.49
5481.16 1.33
5483.42 0.69
5485.87 4.9
5488.23 0.53
5490.7 5.78
5492.13 4.53
5493.14 0.78
5495.19 0.58
5497.24 0.93
5499.2 3.01
5501.54 0.13
5503.9 2.22
5505.95 1.76
5508.92 0.32
5510.76 2.06
5512.3 4.79
5513.42 2.99
5515.38 7.31
5517.21 2.82
5519.16 4.93
5522.03 0.18
5524.8 4.97
5526.75 0.98
5527.56 2.98
5529.39 1.02
5531.31 0.98
5533.38 8.58
5535.4 0.83
5537.38 1.04
5541.27 0.45
5542.71 2.83
5543.84 5.1
5545.57 0.4
5547.92 4.82
5549.38 1.68
5551.2 1.79
5553.46 0.12
5556.23 2.19
5558.38 2.87
5559.5 3.9
5561.44 5.45
5563.39 1.55
5565.23 2.83
5567.38 0.11
5569.35 2.78
5571.39 2.62
5573.42 0.67
5575.39 4.14
5577.38 3.31
5579.43 4.94
5581.41 2.43
5583.36 1.45
5585.4 1.88
5587.38 0.12
5589.4 0.9
5591.35 0.41
5593.29 1.39
5595.24 1.55
5597.51 2.02
5600.58 0.55
5601.89 1.93
5603.33 1.06
5605.38 2.25
5607.43 2.33
5609.38 1.29
5611.41 1.98
5613.47 3.27
5615.72 2.97
5618.38 1.65
5620.74 4.04
5621.76 1.94
5623.4 2.63
5625.44 4.9
5627.39 3.08
5629.38 5.63
5631.38 6.05
5633.38 6.72
5635.38 9.42
5637.38 6.24
5639.38 1.25
5641.39 6.37
5643.48 7.64
5645.41 7.9
5648.08 2.64
5649.93 3.33
5651.69 0.31
5653.61 2.1
5655.56 0.57
5657.39 1.6
5659.44 3.56
5661.39 1.97
5663.43 1.24
5665.7 2.01
5668.66 5.49
5671.43 0.99
5673.99 1.86
5675.52 1.54
5676.65 1.52
5678.7 2.75
5681.36 1.25
5682.7 4.05
5683.81 2.48
5687.12 0.06
5688.52 2.45
5689.76 3.11
5691.39 2.27
5693.44 2.0
5695.38 2.13
5697.43 5.29
5699.39 1.8
5701.42 1.61
5703.38 2.13
5705.42 3.45
5707.37 1.41
5709.41 3.88
5711.46 0.83
5713.72 1.66
5715.45 4.56
5717.4 0.55
5719.44 2.34
5722.21 1.73
5726.42 3.17
5728.26 2.37
5729.0 5.29
5730.61 1.18
5732.04 1.77
5733.5 4.72
5735.42 0.68
5737.39 2.97
5739.41 1.27
5741.38 1.7
5743.41 2.72
5746.9 1.57
5747.51 1.47
5749.45 1.95
5751.81 2.88
5753.65 1.54
5755.5 0.75
5757.55 3.1
5759.7 2.75
5761.63 1.99
5763.68 3.14
5766.09 3.69
5767.68 4.68
5769.62 2.57
5771.63 2.24
5773.95 4.28
5775.67 2.24
5777.63 6.44
5779.66 0.7
5781.66 1.99
5783.65 7.99
5785.65 0.9
5787.66 6.85
5789.69 1.73
5791.64 0.43
5793.68 3.7
5795.63 2.21
5797.63 2.18
5799.83 1.45
5801.62 1.99
5803.62 5.13
5805.6 0.63
5807.63 4.26
5809.8 0.24
5811.62 2.55
5813.65 3.81
5816.22 4.77
5818.32 2.45
5819.7 2.55
5821.64 0.46
5823.69 3.66
5827.56 5.06
5828.48 4.97
5829.63 2.09
5831.68 2.49
5834.65 0.79
5836.6 5.29
5839.48 3.02
5840.39 2.46
5841.72 2.4
5843.66 2.96
5845.63 0.23
5847.65 1.84
5849.61 0.91
5851.65 0.43
5854.52 3.13
5856.25 0.47
5858.53 0.84
5860.15 4.59
5861.69 1.83
5863.63 0.5
5865.57 0.02
5867.67 0.5
5869.68 4.34
5871.66 6.92
5873.66 4.9
5876.04 0.15
5882.74 0.25
5892.0 0.42
5892.51 2.14
5894.3 1.07
5895.27 3.32
5896.33 1.96
5897.52 2.13
5898.45 5.43
5899.04 3.92
5900.48 3.73
5902.12 3.29
5903.97 5.45
5906.24 0.14
5907.15 0.48
5907.87 3.08
5909.91 0.17
5912.07 5.33
5914.62 0.12
5916.67 1.36
5917.48 0.47
5919.43 1.78
5921.48 1.38
5925.28 3.88
5926.61 2.75
5927.84 2.22
5929.46 2.5
5931.42 0.5
5933.42 3.26
5935.47 1.07
5937.47 1.44
5939.42 1.04
5941.45 5.1
5943.46 5.42
5945.49 3.91
5947.46 6.02
5949.4 1.67
5951.43 6.29
5953.43 2.89
5955.86 2.58
5957.59 0.34
5959.45 3.18
5961.42 4.4
5963.44 0.98
5965.49 3.01
5967.44 2.74
5969.41 2.51
5971.87 1.35
5974.53 2.77
5977.3 1.2
5978.94 1.87
5980.58 3.76
5982.31 1.63
5983.85 2.17
5985.48 0.99
5987.43 2.28
5989.47 0.86
5991.42 2.18
5995.73 3.45
5997.57 1.65
5998.39 5.24
5999.71 1.69
6001.85 3.0
6004.32 6.3
6006.77 0.9
6009.75 0.59
6011.48 3.27
6013.45 0.87
6015.09 4.49
6015.98 0.64
6017.75 6.88
6019.68 5.7
6021.63 2.18
6023.58 4.32
6025.73 3.54
6027.68 4.69
6029.71 1.52
6032.29 0.61
6033.67 0.15
6035.74 3.95
6037.9 2.25
6039.73 1.86
6041.68 2.93
6043.75 1.27
6045.68 1.27
6048.69 0.23
6051.2 2.03
6052.14 1.23
6054.6 2.37
6056.97 2.74
6058.81 3.1
6061.12 0.29
6062.27 5.49
6064.44 0.41
6065.67 0.25
6067.69 2.05
6069.73 0.25
6071.7 7.09
6073.75 1.72
6075.69 1.61
6077.67 0.92
6079.69 3.43
6081.67 2.15
6083.7 1.42
6086.26 4.2
6088.4 0.55
6090.25 3.12
6092.8 1.86
6095.59 2.41
6097.66 0.57
6099.25 0.92
6101.12 4.64
6103.35 2.34
6105.09 3.62
6107.55 1.51
6109.28 2.05
6111.64 1.67
6114.61 0.37
6117.26 5.27
6118.92 3.5
6120.64 3.08
6122.58 1.52
6124.55 0.12
6126.17 2.26
6128.01 0.39
6129.04 5.58
6131.41 2.42
6132.44 4.46
6134.98 0.29
6137.65 0.33
6139.69 2.13
6141.87 1.04
6144.02 3.61
6146.26 2.38
6148.21 0.67
6149.74 4.81
6152.0 5.02
6153.83 5.75
6156.8 0.56
6158.92 4.46
6160.16 2.77
6161.9 4.28
6163.56 1.88
6165.8 4.72
6168.46 3.03
6171.34 0.16
6171.94 0.21
6173.86 3.05
6175.09 3.79
6177.65 2.6
6179.23 1.8
6181.16 5.3
6182.99 1.99
6185.15 4.45
6186.9 3.96
6188.88 0.74
6191.01 5.5
6193.34 0.45
6194.49 2.17
6196.75 2.09
6199.32 5.19
6200.94 2.57
6203.81 0.48
6206.35 5.19
6209.34 2.47
6212.29 1.99
6214.55 6.58
6217.5 3.54
6219.78 1.97
6220.8 1.37
6221.82 3.67
6223.25 4.54
6225.0 4.22
6226.33 2.4
6228.99 3.13
6231.56 2.25
6233.0 2.67
6235.55 1.8
6237.5 2.84
6239.35 1.39
6241.48 1.66
6244.35 1.7
6246.2 1.43
6247.95 4.4
6249.68 0.45
6251.42 5.12
6253.27 2.42
6254.1 4.89
6255.0 2.5
6256.25 2.94
6257.96 1.53
6259.92 2.11
6263.08 5.16
6265.65 0.07
6267.08 1.69
6269.25 5.26
6270.77 0.58
6272.42 1.83
6274.46 2.41
6276.62 5.34
6278.46 2.17
6281.02 2.74
6282.97 5.67
6285.22 1.01
6286.76 2.2
6289.71 2.94
6291.97 2.56
6293.82 4.27
6295.25 2.52
6296.79 4.84
6299.04 2.56
6300.35 2.29
6301.8 1.91
6303.95 4.23
6305.94 3.75
6307.84 2.58
6309.89 2.77
6312.45 2.38
6315.11 0.23
6316.98 5.68
6318.77 2.52
6320.55 6.51
6321.96 1.9
6323.92 4.13
6326.02 3.15
6327.92 4.22
6329.93 1.38
6331.96 3.83
6333.92 5.14
6335.96 1.14
6337.94 4.14
6340.41 2.47
6342.88 2.81
6344.7 2.27
6346.35 2.55
6347.9 1.49
6349.92 1.66
6352.19 0.42
6353.85 0.15
6355.87 0.02
6357.84 5.02
6359.98 0.19
6361.92 4.04
6363.95 5.14
6365.92 1.62
6367.86 2.15
6369.92 0.03
6371.95 2.77
6374.32 0.08
6376.05 0.88
6377.98 0.72
6380.05 1.53
6381.98 1.17
6383.92 1.59
6385.94 2.57
6387.82 0.86
6389.95 1.61
6391.92 1.02
6393.95 5.19
6395.92 1.68
6397.94 2.93
6399.92 2.53
6401.94 2.1
6403.99 0.54
6406.46 1.9
6409.12 2.24
6411.37 0.22
6412.4 4.54
6413.93 3.53
6415.98 2.76
6417.92 0.97
6419.89 3.41
6422.74 0.9
6425.49 1.38
6427.56 5.19
6429.69 1.75
6431.7 5.29
6432.74 2.84
6433.87 0.66
6436.15 5.51
6437.89 2.67
6439.93 1.56
6441.99 2.52
6443.93 4.29
6446.01 2.01
6447.93 3.54
6449.97 1.87
6451.94 0.67
6453.93 0.57
6455.91 4.58
6457.92 0.43
6459.96 4.08
6461.94 3.61
6463.96 4.14
6465.92 5.51
6467.94 2.89
6469.94 1.36
6471.99 1.13
6473.9 6.08
6475.97 2.24
6477.94 2.59
6479.97 0.43
6481.93 4.23
6483.94 3.92
6486.95 4.19
6489.16 4.1
6492.96 0.56
6494.5 4.53
6495.95 0.41
6497.58 3.78
6499.85 4.1
6501.79 1.62
6503.86 0.65
6505.81 0.25
6507.86 0.3
6509.8 0.97
6511.83 3.67
6513.63 3.56
6515.65 1.16
6517.78 3.37
6521.78 0.12
6522.41 3.43
6523.84 2.41
6527.63 3.2
6529.28 3.58
6531.22 5.33
6533.67 0.74
6535.29 0.47
6537.15 4.82
6540.01 0.23
6542.06 5.52
6543.39 2.1
6544.62 3.77
6546.88 6.42
6549.44 1.98
6551.06 2.83
6553.22 1.4
6554.87 5.57
6556.21 2.55
6557.82 0.54
6559.78 2.91
6561.81 4.05
6563.79 1.25
6565.81 1.34
6567.78 0.79
6569.81 2.52
6571.66 2.28
6573.8 0.23
6578.36 0.05
6579.38 5.99
6580.05 4.17
6581.79 5.57
6583.79 2.91
6587.37 1.83
6588.1 3.3
6589.64 1.73
6591.79 4.66
6594.39 7.49
6597.74 0.34
6599.82 3.11
6600.53 3.26
6601.86 0.89
6603.78 0.45
6605.83 0.27
6607.8 3.68
6609.84 2.67
6611.79 2.23
6613.83 0.54
6615.8 1.67
6617.85 1.54
6619.68 2.26
6621.83 0.39
6623.79 1.27
6625.94 4.4
6627.88 1.13
6629.81 0.33
6631.79 2.71
6633.82 2.93
6635.85 2.07
6637.8 1.6
6639.85 0.12
6641.79 2.41
6643.8 2.04
6645.89 4.36
6648.25 6.24
6651.84 3.54
6653.08 3.42
6654.29 4.03
6655.73 2.81
6657.79 3.39
6659.78 0.66
6661.87 0.71
6664.02 3.94
6665.82 1.14
6668.31 0.12
6669.96 2.12
6671.79 1.47
6673.8 4.76
6675.79 0.47
6680.92 2.89
6682.64 5.33
6683.97 1.87
6685.46 3.57
6687.3 0.14
6688.05 3.71
6690.64 7.46
6692.78 1.1
6693.89 5.54
6695.86 3.3
6697.8 4.38
6699.82 0.16
6701.8 4.24
6703.81 1.23
6705.78 0.23
6707.82 1.21
6709.78 0.68
6711.92 0.35
6713.78 1.05
6715.81 1.9
6717.78 4.29
6719.82 5.12
6721.82 0.99
6723.81 7.1
6725.8 1.77
6727.87 0.83
6732.0 1.3
6733.42 1.62
6734.95 1.12
6736.73 0.36
6737.83 1.29
6739.79 2.0
6741.95 3.08
6744.41 0.44
6745.86 1.79
6747.78 3.93
6750.34 1.76
6751.79 3.33
6754.03 1.79
6755.88 4.28
6758.04 0.36
6760.06 0.49
6762.04 0.49
6764.08 0.18
6766.07 0.71
6768.05 5.79
6770.1 1.91
6772.05 1.34
6773.92 0.29
6776.04 2.2
6778.3 2.72
6780.04 2.25
6782.6 1.88
6784.44 2.32
6786.7 5.18
6788.03 0.16
6789.97 4.82
6792.03 4.43
6794.79 1.81
6797.92 6.02
6799.13 3.82
6800.93 2.93
6802.86 1.79
6804.27 6.43
6806.04 6.43
6808.1 0.72
6810.31 5.69
6811.88 0.15
6814.09 1.07
6816.06 4.63
6818.09 0.44
6820.05 5.73
6822.02 4.33
6824.11 3.96
6826.09 2.4
6828.04 0.82
6830.09 2.19
6832.04 3.87
6834.07 0.28
6836.44 0.12
6840.35 1.63
6842.28 1.42
6843.62 5.41
6844.94 5.1
6846.78 1.73
6848.44 2.22
6852.02 0.13
6854.9 2.68
6855.71 2.1
6856.33 2.46
6857.99 0.42
6860.12 1.23
6862.05 2.02
6864.03 0.66
6865.95 4.19
6868.07 2.18
6870.05 2.44
6872.03 1.66
6874.09 5.32
6876.07 2.12
6878.03 1.22
6879.95 1.58
6882.03 0.71
6884.07 0.78
6886.06 3.96
6888.03 3.75
6890.1 1.48
6891.94 2.71
6895.24 0.82
6897.39 5.38
6899.23 3.2
6901.39 5.21
6903.63 1.29
6905.27 2.74
6907.12 1.82
6909.07 2.75
6910.5 4.51
6912.15 4.3
6914.29 3.59
6916.85 1.81
6919.87 6.45
6921.77 3.12
6923.3 4.14
6925.74 2.76
6927.9 1.77
6929.51 2.24
6930.38 1.77
6932.04 1.42
6934.04 0.07
6936.71 2.88
6939.17 4.07
6941.28 4.76
6944.49 4.13
6945.83 2.84
6947.05 0.8
6948.18 5.06
6950.84 0.43
6952.79 4.09
6954.13 4.46
6956.06 0.52
6958.03 3.93
6960.05 0.59
6962.11 1.24
6964.45 0.46
6966.52 2.28
6968.57 2.12
6970.3 4.21
6972.03 1.77
6974.08 0.34
6976.54 2.23
6978.07 1.65
6980.04 1.7
6982.06 1.48
6984.04 0.74
6986.06 2.23
6988.03 4.76
6990.06 0.34
6992.12 2.19
6994.05 3.11
6996.09 3.91
6998.04 2.79
7000.3 2.4
7002.15 3.49
7004.29 5.53
7006.55 5.47
7008.18 0.62
7010.23 0.3
7012.28 3.04
7014.32 1.58
7016.28 0.49
7018.32 4.07
7020.32 0.51
7022.29 3.23
7024.32 0.54
7026.3 3.52
7028.29 3.52
7030.3 8.35
7032.3 5.48
7034.5 5.02
7036.86 1.81
7040.02 4.15
7043.72 2.42
7046.28 4.01
7048.53 2.71
7050.18 2.18
7051.3 4.88
7052.88 5.47
7054.5 2.44
7056.41 3.54
7061.08 0.09
7064.12 0.63
7066.35 1.54
7068.9 0.11
7070.55 5.64
7071.73 2.67
7072.29 2.71
7073.42 2.79
7075.56 0.04
7076.49 0.38
7079.76 3.07
7080.88 4.33
7082.18 5.06
7084.23 1.55
7086.83 2.0
7088.05 5.13
7090.92 0.39
7092.88 2.1
7096.05 4.35
7097.39 4.79
7099.45 0.39
7101.18 6.8
7104.45 7.07
7105.68 4.85
7107.1 5.59
7108.65 2.89
7111.0 2.35
7112.78 0.87
7115.2 3.95
7117.34 2.75
7119.29 1.72
7121.23 2.09
7123.28 4.92
7124.52 5.35
7126.25 3.17
7128.5 1.55
7130.23 2.52
7132.09 0.64
7134.18 0.47
7136.37 2.34
7138.54 4.96
7140.15 2.71
7142.23 0.19
7144.15 4.32
7146.41 1.13
7148.14 0.55
7150.18 1.66
7152.23 3.5
7154.22 0.53
7158.14 3.64
7159.05 4.19
7160.2 4.74
7162.15 8.6
7164.18 5.76
7166.22 4.64
7168.13 3.72
7170.18 5.91
7172.18 0.45
7174.17 4.33
7176.17 6.97
7178.21 1.63
7180.2 4.18
7182.21 4.19
7184.18 0.12
7186.22 1.18
7188.19 2.37
7190.23 2.33
7192.18 2.34
7194.21 0.72
7196.18 4.4
7198.23 0.06
7200.29 0.3
7202.22 1.91
7204.28 2.08
7206.2 1.39
7209.08 1.47
7211.86 0.75
7213.79 2.14
7215.12 4.63
7217.68 2.19
7218.8 2.95
7220.23 1.75
7222.19 2.36
7224.17 5.02
7226.19 0.9
7228.24 1.13
7230.19 0.8
7232.22 0.79
7234.18 1.93
7236.22 5.82
7238.18 1.43
7240.64 2.96
7242.8 0.47
7244.22 1.08
7246.18 3.22
7248.22 3.74
7250.47 5.76
7252.2 0.59
7254.46 0.92
7256.36 4.84
7258.44 5.94
7260.26 7.18
7262.49 1.07
7264.8 6.23
7267.35 3.63
7268.9 5.85
7270.43 3.26
7272.44 3.74
7274.43 0.69
7276.44 4.75
7278.38 0.14
7280.73 2.1
7282.76 4.51
7284.43 5.01
7286.48 2.67
7288.43 0.03
7290.46 3.21
7292.42 0.38
7294.28 2.19
7296.43 1.08
7298.45 0.34
7300.84 0.38
7302.48 0.34
7304.42 3.41
7306.46 1.54
7308.43 4.01
7310.46 1.27
7312.43 4.77
7314.87 1.59
7317.33 1.25
7319.23 3.61
7320.77 0.85
7322.63 6.04
7324.39 4.35
7326.43 2.31
7328.46 1.91
7330.43 3.37
7332.28 1.84
7334.44 1.01
7336.47 1.79
7338.43 3.32
7340.46 2.45
7342.6 2.87
7344.44 3.39
7346.42 1.09
7348.43 5.15
7351.41 2.82
7354.29 5.37
7356.23 2.39
7357.97 2.7
7359.5 1.3
7361.44 0.34
7363.0 1.13
7365.36 0.41
7367.92 4.87
7369.35 1.87
7371.5 3.0
7373.67 0.09
7374.99 5.1
7376.42 5.37
7378.45 4.54
7381.06 5.0
7382.73 3.61
7384.46 4.83
7386.51 0.64
7388.46 3.22
7390.43 4.09
7392.45 1.92
7394.43 3.77
7396.44 4.25
7398.47 2.65
7401.53 2.44
7402.56 2.15
7404.42 0.11
7406.42 3.33
7408.5 3.76
7410.47 2.2
7412.46 4.5
7414.47 0.24
7416.48 2.46
7418.46 1.62
7420.44 1.15
7422.46 0.93
7424.43 0.14
7426.45 1.45
7428.43 4.35
7430.44 2.95
7432.43 2.68
7434.45 1.56
7436.49 0.19
7438.44 1.15
7440.47 4.76
7442.77 4.87
7445.14 0.39
7446.67 4.71
7448.4 0.78
7450.46 3.38
7452.49 2.43
7454.44 0.46
7456.48 1.97
7458.86 2.48
7461.21 5.36
7462.55 4.81
7464.47 5.3
7466.42 1.45
7468.46 1.28
7470.63 5.22
7472.46 0.26
7474.43 1.62
7476.45 0.53
7478.47 4.22
7480.43 0.04
7482.7 0.8
7484.43 4.76
7486.46 3.36
7488.42 0.92
7490.45 5.03
7492.71 2.61
7495.15 5.73
7496.94 4.61
7498.48 1.77
7500.52 0.38
7502.72 5.02
7505.1 4.54
7506.73 1.01
7508.67 3.15
7510.71 4.29
7512.68 1.13
7514.72 6.33
7516.87 0.4
7518.71 2.92
7520.69 1.9
7522.7 3.57
7524.65 4.97
7526.7 2.68
7528.67 0.11
7530.69 5.43
7532.72 3.0
7534.67 5.4
7536.7 5.37
7538.87 2.43
7540.71 2.72
7542.56 7.34
7544.69 4.75
7546.74 6.26
7549.24 3.35
7550.69 2.47
7552.54 5.51
7554.68 2.13
7556.6 1.21
7558.49 2.9
7560.73 1.36
7562.68 3.46
7564.67 1.6
7566.83 0.37
7569.44 4.44
7571.67 5.47
7573.51 2.81
7574.85 2.49
7576.68 4.59
7578.71 1.99
7580.68 1.37
7582.71 0.73
7584.68 0.57
7586.73 0.64
7591.03 1.19
7592.15 1.4
7593.3 0.12
7595.03 4.07
7597.36 2.11
7599.23 1.04
7601.06 5.07
7602.9 1.53
7604.75 1.07
7606.9 2.84
7611.51 0.91
7612.94 5.65
7613.75 2.99
7614.68 2.98
7616.71 1.64
7618.67 4.04
7620.71 2.9
7622.68 1.23
7624.73 3.5
7626.68 2.6
7628.72 3.7
7635.49 4.36
7637.64 0.26
7638.34 2.53
7639.27 3.75
7641.01 1.8
7642.77 0.32
7644.38 2.0
7647.15 1.97
7648.58 3.97
7650.73 2.03
7653.6 1.13
7657.09 2.68
7659.13 1.05
7659.87 2.98
7660.45 0.06
7662.5 2.75
7664.57 4.4
7666.51 2.99
7668.55 1.28
7670.79 1.89
7672.54 0.96
7674.45 1.08
7676.51 2.56
7678.46 1.7
7680.51 2.62
7682.54 2.48
7684.57 0.03
7688.01 2.45
7689.21 2.01
7690.62 2.53
7692.47 5.25
7694.52 0.84
7696.47 1.09
7701.01 6.36
7704.05 6.16
7707.16 7.03
7708.24 3.75
7708.94 3.61
7710.19 0.13
7711.25 6.76
7712.47 2.25
7714.46 6.32
7716.51 4.58
7720.36 2.85
7722.25 5.0
7723.8 2.77
7725.04 5.0
7726.91 3.3
7728.46 1.83
7730.45 0.11
7733.22 2.33
7736.2 3.14
7738.16 0.68
7740.41 0.82
7742.79 2.87
7744.3 3.09
7745.13 4.14
7746.89 0.51
7748.5 2.57
7750.57 0.47
7753.22 0.19
7755.06 2.34
7756.72 1.93
7758.76 2.85
7760.6 0.25
7762.77 0.55
7764.71 0.4
7766.74 1.6
7768.6 0.91
7770.76 3.09
7772.71 1.91
7774.73 0.13
7776.78 1.18
7778.63 2.65
7780.77 3.41
7783.75 4.8
7785.69 0.03
7786.71 1.02
7788.76 3.31
7791.02 0.46
7792.75 0.07
7794.71 1.07
7796.75 0.76
7798.71 1.21
7801.56 1.67
7803.93 2.17
7805.25 1.91
7806.68 1.38
7808.73 2.38
7810.78 2.54
7812.72 3.27
7814.81 0.23
7818.06 3.7
7819.27 1.06
7821.13 1.75
7822.87 2.75
7824.59 3.55
7826.71 2.94
7828.78 1.48
7830.72 0.1
7832.77 3.95
7834.72 3.62
7836.77 1.42
7838.71 4.03
7840.76 1.56
7842.92 3.27
7844.74 2.37
7846.78 4.39
7848.74 0.57
7850.68 0.48
7852.72 1.6
7854.8 1.79
7856.73 1.96
7859.1 2.04
7861.04 2.32
7863.29 2.2
7864.68 6.9
7868.43 2.83
7869.25 3.09
7871.96 0.85
7873.82 0.44
7875.82 1.36
7877.86 3.24
7879.17 5.26
7880.63 1.22
7883.22 1.73
7884.66 3.74
7886.71 6.13
7889.23 5.81
7891.37 3.57
7893.49 3.51
7894.75 2.47
7896.76 0.88
7898.79 4.99
7900.75 4.91
7902.71 1.65
7905.5 0.29
7907.46 2.44
7910.11 2.75
7911.51 3.34
7912.86 1.73
7914.72 0.11
7916.74 2.95
7918.7 4.94
7920.73 4.98
7922.77 0.23
7924.73 2.04
7927.71 2.64
7929.47 0.92
7930.98 2.03
7932.72 2.44
7934.79 2.61
7936.72 5.49
7938.88 0.62
7940.72 1.86
7942.79 1.63
7944.72 1.52
7946.76 2.49
7948.71 3.84
7950.76 1.66
7952.71 0.85
7954.75 1.09
7956.71 5.11
7958.75 1.26
7960.8 5.48
7962.71 1.45
7964.75 5.66
7966.71 0.65
7971.51 0.57
7973.16 2.43
7974.28 3.5
7975.65 3.42
7977.29 0.23
7978.71 0.82
7980.72 2.64
7982.71 4.35
7984.71 1.05
7986.71 3.17
7988.75 0.59
7992.03 1.5
7995.51 1.98
7998.18 3.25
8000.15 3.44
8001.26 6.22
8002.37 2.71
8003.5 2.55
8005.92 4.16
8007.5 0.76
8009.03 2.24
8010.97 2.34
8012.79 2.51
8014.96 1.99
8016.97 2.71
8018.96 0.34
8020.98 2.58
8023.37 5.39
8025.01 0.48
8026.97 2.5
8029.0 3.48
8030.95 2.97
8032.99 0.83
8034.85 4.76
8037.02 2.09
8039.11 2.07
8040.97 1.03
8042.99 4.78
8045.16 4.55
8046.8 0.32
8048.97 0.23
8050.97 3.06
8052.96 4.59
8057.04 1.11
8062.59 5.14
8064.43 2.92
8064.94 2.28
8065.55 1.8
8067.11 2.91
8069.04 1.39
8070.78 1.66
8072.82 2.81
8074.56 3.18
8076.54 4.63
8078.57 0.72
8082.03 3.35
8083.89 2.23
8086.22 3.12
8088.57 1.89
8090.75 5.9
8093.42 2.14
8094.03 4.13
8095.17 2.07
8096.59 4.36
8098.59 4.57
8100.57 4.7
8102.58 3.67
8104.56 4.21
8106.7 1.47
8108.55 5.54
8110.57 0.46
8112.55 2.03
8114.58 1.94
8116.54 2.11
8118.47 5.52
8120.54 0.12
8122.56 0.38
8124.61 0.12
8126.58 0.7
8128.6 1.85
8130.56 1.67
8132.59 1.02
8134.57 0.51
8136.54 0.32
8138.56 0.66
8140.61 1.89
8142.55 0.96
8144.6 2.27
8146.97 4.04
8148.6 5.26
8151.55 1.41
8152.57 1.51
8154.54 1.48
8156.45 1.63
8158.59 2.03
8160.63 0.55
8162.58 0.6
8164.61 1.97
8166.58 1.16
8168.56 0.4
8171.23 3.43
8174.3 0.07
8176.05 2.99
8179.23 2.4
8182.6 1.08
8185.48 1.65
8186.49 1.51
8187.0 3.19
8188.16 2.91
8189.24 0.95
8191.65 4.99
8194.28 1.28
8195.4 5.42
8196.65 4.29
8198.56 5.09
8202.35 0.77
8203.58 4.46
8204.8 5.47
8206.55 2.19
8209.72 0.11
8211.13 5.49
8213.32 2.25
8215.43 3.7
8217.05 1.41
8218.65 3.5
8220.58 0.74
8222.74 0.35
8224.6 3.93
8226.54 0.3
8228.57 0.15
8231.14 3.15
8232.68 1.23
8234.61 2.46
8236.56 2.29
8238.56 0.08
8240.82 3.67
8243.07 2.4
8244.76 0.75
8248.01 1.0
8250.88 3.28
8252.14 4.56
8253.3 2.05
8254.8 2.92
8256.83 0.75
8258.82 1.27
8260.58 2.43
8262.8 0.85
8264.83 5.01
8266.83 3.02
8268.68 0.11
8270.82 4.09
8272.8 0.72
8274.81 1.75
8276.8 4.05
8279.37 3.49
8280.91 4.88
8282.82 2.18
8284.98 2.9
8286.74 0.06
8288.76 1.84
8290.83 4.21
8293.41 1.51
8295.45 1.27
8297.29 5.96
8298.82 1.73
8300.87 1.73
8302.82 4.77
8304.85 0.79
8306.61 2.87
8308.85 0.87
8310.86 4.43
8312.75 2.03
8314.81 3.96
8317.25 4.51
8320.03 0.98
8322.37 2.43
8324.22 1.09
8325.21 5.7
8326.68 0.95
8328.84 6.91
8330.87 3.42
8332.95 1.12
