0.0 43.29
0.6 2.79
2.62 17.35
4.6 17.35
6.6 17.15
8.6 21.27
10.6 22.44
12.6 17.15
14.6 22.47
16.47 19.08
18.62 20.49
20.6 22.47
22.62 22.47
24.6 21.15
26.6 21.15
28.6 16.47
30.62 20.65
32.6 22.07
34.6 17.55
36.61 23.79
38.6 14.15
40.51 19.16
42.6 16.91
44.6 24.81
46.6 22.27
48.62 22.27
50.61 24.7
52.62 18.72
54.62 23.85
56.62 23.85
58.6 18.56
60.61 20.44
62.6 22.3
64.6 10.63
66.6 20.99
68.6 24.53
70.6 19.62
72.6 22.74
74.6 16.96
76.6 26.02
78.6 29.56
80.6 29.56
82.6 19.67
84.6 27.75
86.62 27.75
88.6 23.14
90.63 29.29
92.6 23.53
94.62 25.56
96.6 25.56
98.6 25.56
100.6 25.56
102.6 25.56
104.6 25.56
106.6 25.56
108.6 25.56
110.6 32.19
112.62 32.19
114.6 32.19
116.62 32.19
118.6 32.19
120.6 32.19
122.6 31.32
124.6 27.38
126.6 33.48
128.61 4.91
130.6 30.86
132.61 17.8
134.6 17.6
136.6 17.6
138.6 27.47
140.61 32.17
142.6 32.17
144.6 20.77
146.61 31.85
148.6 31.85
150.62 31.85
152.6 31.85
154.6 31.85
156.6 31.85
158.6 30.52
160.6 29.38
162.62 29.38
164.62 29.38
166.6 29.38
168.6 30.88
170.6 30.88
172.6 30.88
174.6 30.88
176.86 30.88
178.86 23.75
180.86 29.87
182.86 5.76
184.86 23.85
186.86 28.63
188.86 27.27
190.86 24.82
192.86 30.68
194.64 31.61
196.86 11.01
198.86 31.61
200.86 28.98
202.86 28.98
204.87 28.98
206.86 28.98
208.86 24.9
210.86 20.7
212.86 22.8
