0.0 149.28
0.66 157.4
2.68 157.09
4.67 144.47
6.68 3.82
8.66 138.96
10.67 17.76
12.67 172.44
14.67 162.92
16.68 19.18
18.68 116.4
20.66 2.77
22.67 105.47
24.67 190.52
26.67 152.59
28.68 169.35
30.67 18.68
32.66 182.73
34.68 1.78
36.68 155.31
38.67 135.76
40.67 17.78
42.67 155.29
44.66 4.77
46.67 143.41
48.67 169.38
50.67 182.36
52.68 147.48
54.68 18.36
56.68 170.93
58.67 4.48
60.66 147.04
62.67 149.73
64.68 19.03
66.68 151.13
68.68 22.56
70.67 151.67
72.67 209.18
74.67 150.5
76.68 171.69
78.66 2.64
80.66 178.98
82.67 2.69
84.66 179.01
86.67 160.26
88.66 18.34
90.66 168.96
92.66 1.51
94.67 167.02
96.67 142.32
98.67 160.46
100.67 161.37
102.67 5.25
104.67 108.52
106.67 17.55
108.66 160.83
110.66 168.0
112.67 17.81
114.66 136.44
116.67 3.36
118.67 156.36
120.67 152.35
122.68 150.39
124.92 162.0
126.68 0.6
128.68 158.97
130.91 1.64
132.92 137.7
134.92 175.94
136.92 174.22
138.92 155.16
140.93 4.34
142.93 146.65
144.72 18.66
146.92 181.41
148.91 138.68
150.91 13.53
152.94 149.86
154.92 19.91
156.92 148.13
158.92 166.29
160.91 157.62
162.91 186.09
164.92 3.16
166.92 154.4
168.74 13.52
170.93 162.11
172.92 191.32
174.92 2.57
176.92 150.8
178.92 4.31
180.92 184.99
182.92 178.75
184.92 160.11
186.92 167.71
188.92 1.68
190.92 155.21
192.92 18.73
194.92 143.96
196.92 169.32
198.92 1.28
200.92 163.41
202.91 1.42
204.92 164.69
206.93 173.04
208.92 180.47
210.92 158.27
212.92 2.72
214.92 157.75
216.92 18.69
218.92 180.35
220.92 191.02
222.92 3.25
224.92 136.21
226.92 2.29
228.92 197.48
230.91 172.61
232.92 178.69
234.91 155.54
236.92 3.26
238.92 177.35
240.92 18.99
242.92 158.72
244.92 147.13
246.91 1.02
248.92 147.51
250.92 2.51
252.92 143.29
254.92 166.03
256.93 23.22
258.92 161.72
260.92 1.59
262.91 188.06
264.92 20.39
266.91 142.55
268.92 181.72
270.91 3.57
272.92 175.33
274.92 20.79
276.92 158.48
278.92 167.64
280.93 175.11
282.92 143.07
284.92 0.46
286.92 203.43
288.92 18.71
290.92 166.47
292.92 180.73
294.92 0.7
296.92 169.84
298.91 1.47
300.93 160.18
302.91 158.04
304.91 165.18
306.91 144.88
308.92 15.37
310.92 173.53
312.92 14.86
314.92 150.17
316.91 158.01
318.91 4.99
320.92 163.61
322.91 3.25
324.92 168.92
326.92 113.83
328.92 161.22
330.92 183.72
332.92 1.75
334.92 181.13
336.92 21.64
338.92 159.88
340.92 181.95
342.92 21.39
344.92 185.26
346.92 2.15
348.92 144.74
350.91 129.13
352.91 106.77
354.92 112.15
356.92 19.62
358.92 106.73
360.93 18.1
362.91 111.2
364.92 101.58
366.92 90.0
368.91 93.91
370.92 101.84
372.94 92.27
374.92 103.81
376.92 105.58
379.17 94.5
381.17 19.21
383.16 114.2
385.17 18.88
387.16 67.93
389.16 106.13
391.16 111.04
393.18 87.73
395.16 115.74
397.16 131.64
399.17 103.11
401.16 109.18
403.16 136.0
405.16 19.39
407.17 105.92
409.16 11.34
411.17 128.1
413.17 136.06
415.16 100.95
417.17 99.18
419.17 14.42
421.17 121.85
423.17 121.06
425.18 127.21
427.16 141.62
429.17 17.21
431.17 150.44
433.16 145.25
435.17 122.45
437.18 150.66
439.17 17.3
441.17 155.9
443.17 22.1
445.17 144.48
447.17 158.6
449.16 145.23
451.16 165.03
453.17 101.61
455.18 130.02
457.17 17.94
459.17 177.6
461.17 149.86
463.17 8.31
465.17 121.7
467.16 19.41
469.17 90.41
471.16 117.47
473.16 126.99
475.19 123.68
477.17 19.8
479.17 96.61
481.17 18.2
483.17 107.16
485.17 76.82
487.18 131.6
489.17 108.27
491.16 114.92
493.17 105.77
495.17 127.47
497.19 129.08
499.16 153.77
501.17 1.04
503.17 67.93
505.17 19.03
507.16 85.96
509.17 93.49
511.16 89.51
513.16 86.25
515.16 100.21
517.16 100.09
519.17 89.13
521.17 108.42
523.16 78.33
525.16 106.91
527.16 92.72
529.16 87.68
531.16 99.93
533.16 108.82
535.17 100.01
537.17 101.29
539.18 118.88
541.17 107.33
543.17 100.57
545.17 115.24
547.17 124.72
549.16 104.47
551.17 92.04
553.17 19.65
555.17 119.63
557.17 113.99
559.17 118.82
561.17 108.14
563.16 112.69
565.17 112.72
567.16 115.64
569.16 140.12
571.16 109.3
573.17 17.23
575.16 88.14
577.16 4.17
579.16 20.59
581.17 28.75
583.17 40.46
585.17 41.42
587.17 45.52
589.17 55.82
591.16 59.55
593.16 56.43
595.17 62.79
597.16 77.57
599.17 94.16
601.17 88.82
603.16 69.8
605.17 109.82
607.17 107.72
609.16 103.37
611.16 119.18
613.16 112.76
615.17 112.76
617.17 112.76
619.17 128.57
621.17 18.68
623.18 123.03
625.17 21.23
627.17 98.4
629.42 100.32
631.42 99.75
633.42 80.22
635.17 83.82
637.42 73.96
639.2 99.94
641.42 106.83
643.41 100.12
645.42 109.41
647.42 114.41
649.42 108.67
651.41 118.92
