0.0 3.82
1.08 4.97
2.71 5.09
4.6 4.09
6.71 0.88
8.71 4.29
10.82 3.05
13.48 4.18
15.02 4.2
16.71 2.08
18.71 0.91
20.71 4.59
22.53 4.83
24.7 1.05
26.6 4.1
29.64 4.92
31.82 5.05
32.71 5.01
34.71 4.12
36.62 3.08
38.71 5.21
40.7 3.49
42.7 5.03
44.71 5.23
46.71 0.99
48.7 4.15
50.7 5.33
52.7 4.06
54.7 0.72
56.7 5.3
58.71 3.03
60.71 2.51
62.7 4.77
64.7 5.26
66.71 0.6
68.71 1.41
70.71 5.23
72.71 0.4
74.71 0.72
76.59 5.34
78.7 5.17
80.7 5.3
82.71 5.67
84.71 1.15
86.7 4.82
88.71 3.47
90.71 1.94
92.71 1.26
94.7 5.05
96.7 1.11
98.7 5.36
100.69 4.5
102.71 0.07
104.71 0.35
106.71 0.99
108.7 4.45
110.7 5.07
112.7 3.9
114.7 5.54
116.71 5.51
118.71 1.21
120.71 2.82
122.71 5.62
124.68 4.82
126.71 2.03
128.71 0.28
130.64 0.36
133.26 1.31
136.13 4.23
137.75 4.06
139.5 5.09
141.1 0.59
143.59 3.5
144.78 4.25
146.71 4.34
148.67 4.94
150.72 5.68
152.71 5.67
154.71 4.28
156.7 5.4
158.7 5.23
160.71 0.3
162.71 5.58
164.71 5.72
166.7 0.84
168.71 1.18
170.7 5.71
172.66 5.53
174.7 5.24
176.72 5.39
178.71 5.66
180.7 5.32
182.71 4.68
184.7 1.28
186.71 4.75
188.71 5.62
190.71 2.51
192.71 4.61
194.7 5.11
196.71 5.65
198.7 4.87
200.7 5.54
202.72 5.24
204.7 1.67
207.41 4.04
210.38 0.76
212.34 3.89
214.14 3.07
216.34 0.83
219.04 4.11
221.6 0.81
223.28 4.34
225.17 1.05
226.79 4.41
229.7 4.79
232.13 2.76
235.29 4.57
237.6 0.57
240.07 2.34
241.78 4.86
242.95 0.89
244.02 2.07
245.88 0.68
248.28 4.85
250.82 1.6
251.98 1.01
253.99 1.86
255.46 4.39
257.85 1.83
260.18 3.65
263.24 4.17
265.96 4.14
266.59 4.51
267.52 5.33
268.49 5.4
270.48 4.9
272.48 5.37
274.48 5.61
276.48 1.83
278.49 4.85
280.49 0.69
282.46 4.28
284.49 0.35
286.49 1.98
288.48 2.3
290.48 4.03
292.33 5.68
294.48 1.89
296.48 5.16
298.48 1.52
300.48 3.83
302.48 4.64
304.48 1.32
306.45 5.12
308.49 4.73
310.48 0.67
312.49 1.66
314.34 0.54
316.39 3.84
318.49 0.85
320.48 0.85
322.47 4.22
324.49 0.73
326.42 3.26
328.49 4.61
330.48 3.97
332.48 4.18
334.48 4.77
336.48 1.41
338.39 0.02
340.49 4.93
342.49 1.66
344.49 4.37
346.48 5.59
348.49 2.0
350.49 3.37
352.53 0.06
354.49 2.68
356.48 4.72
358.48 2.05
360.48 0.64
362.49 4.84
364.48 4.37
366.48 0.42
368.48 5.33
370.55 3.46
372.47 4.95
374.49 5.04
376.48 0.76
378.48 4.1
380.48 1.75
382.53 4.75
384.45 1.53
386.49 0.28
388.48 5.54
390.48 5.35
392.48 5.46
394.48 4.91
396.49 5.56
398.49 5.5
400.48 5.71
402.43 5.53
404.49 5.31
406.48 4.76
408.49 1.35
410.48 1.63
412.49 2.72
414.48 0.33
416.49 4.63
418.48 0.28
420.48 2.11
422.48 1.05
424.48 1.14
426.45 4.82
428.49 5.67
430.48 5.05
432.49 1.04
434.49 5.21
436.48 5.18
438.49 0.29
440.48 5.34
442.48 0.79
444.48 4.64
446.48 0.13
448.48 2.46
450.48 4.74
452.49 4.93
454.48 1.47
456.48 4.74
458.48 4.89
460.48 5.68
462.49 2.93
464.48 5.03
466.48 0.02
468.49 1.15
470.49 0.55
472.48 1.39
474.49 5.52
476.73 4.62
478.73 0.83
480.73 5.54
482.73 5.63
484.73 5.63
486.73 5.68
488.74 4.9
490.74 3.15
492.73 5.65
494.74 5.51
496.74 2.04
498.73 4.27
500.74 5.12
502.73 5.58
504.73 0.73
506.74 2.54
508.76 2.58
510.73 0.84
512.73 4.83
514.74 5.54
516.74 5.65
518.73 5.62
520.74 1.24
522.74 5.68
524.73 5.71
526.73 5.73
528.73 5.62
530.74 5.35
532.73 0.35
534.74 5.38
536.73 5.59
538.74 3.79
540.73 5.63
542.73 5.51
544.73 5.35
546.73 5.72
548.73 5.55
550.73 5.35
552.74 5.29
554.74 5.4
556.74 5.73
558.73 4.99
560.74 5.6
562.73 5.13
564.79 3.84
566.73 5.04
568.73 1.81
570.73 4.08
572.73 2.01
574.73 4.42
576.74 1.82
578.74 2.73
580.74 3.8
582.74 3.48
584.73 4.34
586.74 0.8
588.74 4.94
590.74 4.89
592.74 3.89
594.74 4.61
596.73 4.98
598.74 4.11
600.74 1.22
602.73 2.14
604.73 0.85
606.73 4.43
608.74 4.28
610.74 3.5
612.74 5.18
614.74 3.97
616.73 1.13
618.73 3.95
620.73 1.27
622.73 4.37
624.74 1.51
626.74 1.82
628.74 4.63
630.74 0.76
632.73 3.0
634.74 1.86
636.74 1.38
638.74 4.81
640.74 4.82
642.73 3.99
644.73 0.98
646.73 4.24
648.73 0.36
650.74 1.38
652.74 3.9
654.73 0.13
656.74 4.53
658.73 0.44
660.73 4.75
662.73 5.55
664.74 1.34
666.74 4.29
668.74 4.02
670.74 0.29
672.74 4.82
674.74 0.26
676.74 3.84
678.73 4.66
680.74 1.69
682.73 1.58
684.73 5.51
686.73 5.76
688.73 4.87
690.73 5.73
692.73 2.03
694.74 1.08
696.74 0.48
698.73 3.69
700.73 4.89
702.74 0.48
704.74 0.77
706.74 0.57
708.73 1.16
711.01 4.64
713.14 4.29
715.32 4.87
717.19 4.9
718.9 1.54
720.74 5.02
722.74 2.99
724.98 4.88
726.78 1.26
728.96 4.8
730.98 0.84
733.01 4.88
738.63 5.27
742.11 5.05
742.82 4.06
744.96 4.33
745.84 0.32
746.74 4.43
747.83 1.58
749.61 1.89
750.89 5.04
752.78 0.58
754.99 4.24
756.85 0.21
758.98 4.85
760.98 3.28
762.99 4.22
764.98 0.84
766.98 0.61
768.98 0.21
770.99 4.22
772.99 3.46
774.98 4.68
776.97 4.04
778.99 2.61
780.99 2.79
782.99 4.78
784.81 0.98
786.98 0.07
788.87 0.69
790.98 1.56
792.98 5.47
794.99 1.24
796.99 0.22
798.98 5.17
800.99 3.91
802.99 3.23
805.01 4.85
806.98 4.4
808.98 4.52
810.99 1.06
812.98 4.72
814.98 4.6
816.86 4.84
819.33 5.28
821.45 4.43
823.26 4.05
825.54 5.15
827.54 3.34
829.33 5.35
831.38 5.22
833.33 3.86
835.17 4.5
836.99 0.52
838.92 0.78
840.99 3.87
843.01 1.49
844.98 0.06
847.01 0.06
848.99 3.17
850.98 3.78
852.98 0.85
854.98 0.26
856.89 3.85
858.99 4.87
861.01 4.81
863.08 4.02
865.31 5.11
867.55 4.86
868.98 4.63
870.98 5.28
872.95 4.61
874.98 0.43
876.98 3.02
878.98 3.53
880.99 2.41
882.99 3.06
884.98 1.03
886.98 4.75
888.98 3.33
890.98 1.2
892.98 0.06
895.0 3.24
896.98 3.36
898.98 4.04
900.99 5.04
902.99 0.35
904.98 0.28
906.98 2.75
908.99 0.36
910.98 4.69
912.99 5.68
914.99 4.52
916.99 3.76
918.98 5.72
920.94 5.53
922.99 0.74
924.98 5.53
926.98 5.39
928.98 0.7
930.99 0.02
932.99 0.95
934.99 1.71
936.99 5.21
938.99 5.31
940.98 4.36
942.99 3.88
944.98 4.71
946.98 4.2
948.98 4.11
950.98 5.42
952.99 0.72
954.99 4.53
956.98 5.26
958.99 4.09
960.98 4.83
962.98 3.83
964.98 2.03
967.24 4.31
968.99 5.02
971.24 0.79
973.23 4.98
975.24 4.65
977.24 1.47
979.24 4.45
981.23 3.72
983.24 1.0
985.24 0.55
987.24 1.33
989.24 3.89
991.24 5.08
993.23 5.66
995.23 1.79
997.24 5.32
999.24 5.03
1001.24 1.04
1003.24 0.06
1005.23 3.57
1007.24 0.42
1009.24 5.71
1011.23 0.36
1013.23 3.55
1015.24 5.43
1017.23 4.65
1019.23 1.34
1021.23 5.63
1023.23 0.2
1025.23 1.26
1027.23 3.18
1029.23 5.36
1031.23 1.06
1033.24 4.92
1035.24 4.93
1037.06 2.02
1039.23 5.15
1041.24 4.88
1043.24 3.27
1045.24 0.56
1047.24 4.8
1049.24 0.79
1051.23 3.17
1053.23 2.61
1055.24 3.89
1057.23 4.96
1059.24 5.28
1061.23 5.39
1063.23 5.49
1065.23 5.58
1067.24 0.02
1069.24 5.64
1071.23 4.97
1073.24 0.53
1075.23 0.02
1077.23 1.97
1079.23 5.68
1081.24 5.36
1083.24 5.58
1085.24 5.69
1087.24 5.18
1089.23 5.47
1091.23 5.42
1093.24 5.14
1095.24 5.09
1097.24 1.55
1099.24 0.07
1101.23 3.88
1103.29 0.02
1105.23 5.22
1107.25 1.9
1109.24 0.54
1111.23 5.35
1113.23 4.65
1115.45 0.43
1117.24 2.1
1119.23 2.42
1121.24 2.44
1123.24 2.23
1125.25 2.26
1127.4 3.79
1129.24 1.36
1131.23 1.1
1133.23 2.73
1135.23 5.26
1137.24 4.9
1139.23 1.32
1141.24 4.77
1143.23 0.44
1145.23 1.54
1147.24 4.06
1149.24 0.54
1151.24 0.55
1153.24 5.32
1155.24 0.28
1157.23 5.53
1159.24 5.34
1161.23 4.61
1163.24 1.22
1165.24 5.2
1167.24 4.8
1169.24 5.38
1171.24 3.42
1173.24 0.89
1175.24 0.62
1177.23 5.68
1179.24 1.71
1181.24 5.43
1183.23 5.33
1185.23 5.42
1187.24 4.64
1189.23 0.7
1191.24 1.43
1193.24 3.47
1195.26 1.45
1197.24 4.25
1199.23 1.13
1201.24 4.05
1203.24 1.85
1205.24 2.98
1207.23 5.65
1209.24 5.06
1211.24 2.08
1213.24 4.46
1215.48 5.56
1217.25 1.78
1219.49 3.43
1221.49 3.59
1223.48 3.9
1225.49 0.9
1227.48 5.36
1229.49 1.53
1231.49 0.93
1233.49 0.47
1235.49 1.45
1237.49 1.33
1239.49 3.84
1241.48 0.56
1243.34 0.83
1245.27 3.93
1247.49 3.67
1249.51 4.0
1251.49 2.73
1253.73 3.6
1255.49 4.52
1258.1 3.93
1260.24 4.47
1262.07 0.88
1263.49 0.63
1265.48 5.09
1267.5 4.46
1269.48 0.91
1271.48 4.37
1276.85 1.1
1280.91 4.7
1281.76 4.45
1282.66 2.7
1284.74 3.89
1286.74 4.2
1288.74 0.85
1290.73 3.37
1292.74 1.13
1294.73 3.92
1296.73 0.57
1298.73 4.22
1300.74 1.85
1302.74 4.17
1304.74 1.03
1306.74 4.67
1308.74 1.88
1310.74 5.05
1312.74 0.91
1314.74 5.67
1316.74 5.55
1318.69 5.72
1320.73 1.58
1322.73 4.91
1324.74 5.66
1326.74 1.47
1328.75 4.8
1330.74 4.89
1332.74 1.35
1334.74 5.26
1336.74 5.55
1338.73 4.4
1340.73 0.86
1342.69 5.46
1344.73 4.15
1346.73 1.09
1348.73 0.49
1350.74 1.06
1352.74 4.36
1354.74 4.73
1356.74 1.31
1358.74 5.06
1360.74 0.93
1362.74 5.04
1364.74 5.29
1366.72 4.4
1368.73 4.6
1370.74 3.57
1372.74 4.29
1374.74 4.62
1376.74 0.29
1378.74 4.62
1380.74 0.21
1382.74 5.68
1384.73 5.33
1386.73 5.62
1388.73 5.49
1390.7 5.51
1392.74 1.09
1394.74 5.68
1397.19 4.87
1398.92 0.45
1400.73 0.44
1402.74 2.0
1404.74 0.94
1406.74 0.82
1408.74 1.04
1410.74 2.69
1412.89 2.15
1414.74 4.79
1416.74 0.5
1418.73 0.81
1420.74 4.34
1422.86 0.62
1424.73 4.99
1426.73 4.66
1428.74 1.05
1430.74 4.13
1432.73 4.53
1434.74 1.4
1436.74 5.35
1438.73 5.66
1440.9 0.75
1442.73 0.5
1444.74 2.87
1446.73 1.97
1448.75 0.49
1450.74 1.14
1452.74 1.2
1454.74 4.72
1456.74 1.86
1458.75 2.67
1460.74 0.78
1462.74 5.0
1464.98 4.45
1466.98 5.0
1468.98 1.2
1470.99 4.25
1472.99 0.41
1474.99 0.54
1476.99 3.75
1478.99 4.64
1480.99 1.01
1482.98 4.28
1484.99 5.26
1486.99 5.45
1488.98 1.28
1490.99 0.48
1492.99 4.95
1494.99 0.7
1496.98 4.09
1498.98 4.8
1500.94 5.61
1502.98 5.69
1504.99 5.28
1506.99 5.65
1508.99 5.59
1510.98 5.47
1512.98 5.59
1514.98 1.1
1516.99 5.7
1518.99 5.14
1520.99 2.79
1522.99 5.19
1524.98 2.01
1526.99 1.12
1528.99 4.89
1530.99 2.9
1532.99 5.68
1534.99 5.32
1536.99 0.64
1538.99 5.61
1541.0 0.08
1543.0 1.5
1544.99 0.69
1546.99 1.68
1548.94 5.39
1550.99 5.58
1552.98 4.61
1555.0 5.6
1556.99 5.55
1558.99 5.47
1560.99 0.93
1562.99 5.6
1564.99 5.28
1566.99 1.54
1569.0 4.23
1570.99 5.81
1572.93 5.52
1574.99 5.43
1576.99 5.45
1578.99 1.18
1581.0 5.7
1583.0 4.95
1584.99 1.76
1586.99 5.64
1588.99 5.72
1590.98 1.05
1592.98 4.5
1595.0 5.53
1596.95 5.61
1598.99 5.6
1601.0 4.91
1602.99 0.84
1604.99 5.34
1606.99 4.91
1608.99 1.69
1610.99 5.7
1612.99 0.72
1614.98 1.08
1616.99 4.09
1619.0 2.37
1620.95 5.73
1622.99 5.54
1624.99 0.3
1626.99 4.99
1628.98 5.16
1630.98 5.21
1632.98 0.42
1634.99 5.69
1636.99 2.81
1639.0 0.5
1641.0 4.35
1643.0 2.81
1644.96 4.94
1646.99 4.84
1648.99 5.63
1651.0 5.1
1652.99 1.52
1654.98 5.11
1656.99 4.99
1658.99 5.49
1660.99 5.63
1662.99 1.12
1665.0 4.71
1666.99 5.67
1668.99 5.52
1670.99 5.27
1672.99 5.6
1675.0 3.93
1677.0 3.0
1679.01 4.99
1680.99 4.42
1682.99 5.63
1684.99 5.74
1686.99 0.25
1688.99 0.92
1690.99 0.56
1692.98 4.59
1694.99 3.88
1696.99 1.77
1698.99 4.14
1700.99 5.15
1702.99 5.58
1704.99 1.05
1706.99 0.56
1708.99 4.8
1710.99 4.58
1713.47 1.13
