0.0 580.62
0.97 797.49
2.97 50.24
4.97 821.53
6.97 37.29
8.97 196.27
10.96 265.11
12.96 31.83
14.96 698.22
16.97 29.19
18.97 734.02
20.97 759.6
22.96 44.3
24.96 939.49
26.96 43.44
28.96 854.63
30.96 25.55
32.96 947.94
34.97 798.77
36.97 42.46
38.96 484.02
40.96 40.74
42.96 598.06
44.96 739.38
46.96 29.15
48.97 963.14
50.97 29.19
52.97 20.39
54.96 25.64
56.96 879.94
58.96 880.02
60.96 50.1
62.96 491.21
64.96 29.84
66.97 892.49
68.97 441.88
70.97 29.19
72.96 418.57
74.96 29.11
76.96 854.7
78.96 29.21
80.96 886.71
82.96 542.09
84.97 31.76
86.97 259.2
88.97 26.26
90.96 425.33
92.96 533.97
94.96 35.88
96.96 74.63
98.97 39.33
100.97 616.81
102.97 29.21
104.97 932.38
106.97 946.88
108.96 29.2
110.96 937.43
112.96 25.45
114.96 879.57
116.97 892.39
118.97 32.69
120.97 1047.7
122.96 40.98
124.97 832.31
126.96 31.46
128.96 871.25
130.96 16.32
132.97 30.91
134.97 660.02
136.97 37.15
138.97 861.07
140.97 26.77
142.98 8.43
145.21 126.23
147.21 29.17
149.22 780.22
151.22 34.86
153.22 230.1
155.22 922.15
157.22 48.19
159.22 889.69
161.21 31.99
163.21 532.21
165.21 967.47
167.22 33.9
169.22 1087.52
171.22 29.97
173.22 248.06
175.23 34.08
177.21 921.03
179.21 961.97
181.21 40.44
183.21 510.02
185.22 29.92
187.22 284.98
189.21 138.88
191.22 454.78
193.23 694.88
195.21 29.19
197.21 889.56
199.22 39.52
201.22 938.36
203.22 890.77
205.22 33.6
207.22 933.71
209.23 39.84
211.21 435.79
213.21 980.5
215.21 160.3
217.22 896.2
219.22 34.29
221.22 911.9
223.21 38.19
225.21 947.26
227.21 440.46
229.21 29.1
231.22 83.98
233.22 29.21
235.22 81.9
237.22 980.46
239.22 806.67
241.23 540.85
243.23 31.42
245.21 84.8
247.21 29.13
249.21 909.1
251.22 935.81
253.22 29.17
255.22 981.59
257.22 41.55
259.22 897.44
261.21 224.8
263.21 674.58
265.22 139.43
267.22 29.41
269.22 877.48
271.22 29.19
273.22 14.81
275.21 879.65
277.21 25.62
279.21 126.85
281.21 29.26
283.22 304.02
285.22 917.56
287.22 708.8
289.22 383.64
291.23 26.8
293.22 837.17
295.21 27.24
297.21 800.27
299.22 927.83
301.22 43.48
303.22 845.39
305.22 39.8
307.22 890.98
309.22 917.44
311.21 943.03
313.21 21.31
315.22 27.69
317.22 300.16
319.22 29.19
321.22 87.43
323.22 895.33
325.23 31.39
327.21 868.67
329.21 31.42
331.22 635.33
333.22 87.02
335.22 175.25
337.22 883.04
339.22 38.03
341.23 822.15
343.21 31.65
345.21 703.78
347.22 784.91
349.22 31.09
351.22 161.98
353.22 50.05
355.22 867.21
357.22 976.64
359.22 855.41
361.21 796.17
363.21 27.32
365.22 7.7
367.22 32.58
369.22 931.72
371.22 956.14
373.22 38.95
375.22 166.15
377.21 47.3
379.21 698.43
381.22 928.98
383.22 546.44
385.22 936.42
387.22 34.06
389.22 1020.05
391.23 18.54
393.23 18.25
395.46 638.74
397.47 1.17
399.47 903.03
401.47 31.43
403.47 915.35
405.24 35.85
407.48 675.67
409.47 315.92
411.46 35.91
413.46 850.77
415.47 26.29
417.47 286.47
419.47 198.99
421.47 360.66
423.48 408.54
425.47 47.0
427.46 25.68
429.46 31.98
431.47 136.76
433.47 264.61
435.47 35.84
437.47 415.33
439.47 46.97
441.48 567.47
443.46 568.55
445.46 367.55
447.47 193.82
449.47 35.05
451.47 257.18
453.47 41.53
455.47 587.04
457.47 615.65
459.48 32.95
461.48 694.32
463.46 30.11
465.47 600.81
467.47 679.58
469.47 868.29
471.47 56.29
473.47 43.36
475.47 258.42
477.46 31.43
479.46 840.88
481.47 881.51
483.47 27.16
485.47 930.74
487.47 29.63
489.47 964.2
491.48 52.02
493.46 107.82
495.46 48.26
497.47 31.41
499.47 212.25
501.47 1.3
503.47 798.2
505.48 950.25
507.48 42.94
509.46 763.02
511.47 27.21
513.47 692.71
515.47 832.19
517.47 0.98
519.47 76.67
521.48 40.98
523.47 210.0
525.47 45.07
527.46 34.1
529.46 898.52
531.47 29.18
533.47 667.27
535.47 31.51
537.47 640.66
539.47 962.08
541.48 936.12
543.46 911.03
545.46 31.49
547.47 910.05
549.47 39.27
551.47 830.51
553.47 910.25
555.48 42.05
557.47 781.12
559.48 31.43
561.46 112.65
563.47 842.11
565.47 1.06
567.47 895.94
569.47 31.54
571.48 38.35
573.48 43.17
575.47 218.94
577.46 32.79
579.47 34.77
581.47 934.85
583.47 36.15
585.47 875.45
587.48 874.7
589.48 22.14
591.46 1024.65
593.48 37.72
595.46 6.22
597.47 27.27
599.47 922.34
601.47 887.21
603.47 31.46
605.48 964.29
607.48 31.45
609.47 975.91
611.46 536.99
613.47 869.48
615.47 81.41
617.47 38.73
619.47 89.57
621.48 35.08
623.47 962.62
625.48 866.39
627.46 36.39
629.47 29.73
631.47 30.32
633.47 100.07
635.47 690.65
637.47 980.09
639.47 883.84
641.48 33.21
643.72 605.41
645.72 33.24
647.72 950.5
649.72 237.79
651.72 33.54
653.72 897.81
655.72 35.02
657.73 863.69
659.49 27.25
661.72 947.92
663.72 148.63
665.72 31.33
667.72 123.09
669.72 34.28
671.72 387.34
673.72 801.46
675.72 37.71
677.72 920.98
679.72 35.9
681.72 849.01
683.72 51.69
685.72 923.02
687.72 863.95
689.72 31.32
691.73 884.06
693.72 30.83
695.72 905.56
697.72 861.46
699.72 35.92
701.72 925.23
703.72 30.51
705.72 66.89
707.73 30.39
709.73 767.69
711.72 895.37
713.72 52.82
715.72 882.44
717.72 37.74
719.72 925.99
721.73 835.68
723.73 35.82
725.72 157.62
727.72 31.65
729.72 891.67
731.72 44.38
733.72 376.61
735.72 934.1
737.72 35.11
739.73 985.17
741.72 31.33
743.73 863.97
745.72 99.41
747.72 31.52
749.72 618.85
751.72 26.32
753.72 566.85
755.73 31.44
757.73 737.08
759.73 755.43
761.72 31.44
763.72 848.83
765.72 44.48
767.72 938.91
769.72 131.72
771.73 31.44
773.73 169.67
775.73 31.41
777.72 506.15
779.72 31.53
781.72 165.4
783.72 2.23
785.72 31.37
787.72 302.21
789.73 38.94
791.73 111.02
793.73 1069.17
795.72 31.43
797.72 1.99
799.72 31.46
801.72 884.14
803.72 38.95
805.72 910.5
807.72 960.47
809.73 31.45
811.72 844.47
813.72 27.24
815.72 853.08
817.72 880.53
819.72 29.95
821.73 861.15
823.72 39.15
825.72 747.33
827.72 27.24
829.72 895.26
831.72 872.13
833.72 27.23
835.72 883.85
837.73 38.96
839.72 274.73
841.73 851.48
843.72 37.7
845.72 879.32
847.72 37.98
849.72 932.29
851.72 39.27
853.72 70.5
855.72 68.15
857.73 39.49
859.73 48.87
861.72 31.4
863.72 427.77
865.72 168.8
867.72 29.14
869.72 227.57
871.73 31.33
873.73 161.81
875.73 31.42
877.72 195.93
879.72 689.17
881.72 35.07
883.72 569.6
885.72 39.6
887.73 877.62
889.72 130.69
891.73 41.18
893.73 9.18
895.97 31.41
897.97 40.77
899.97 39.94
901.97 864.15
903.97 916.99
905.97 30.41
907.98 1004.84
909.98 34.12
911.97 976.97
913.97 900.09
915.97 929.7
917.97 71.96
919.98 30.02
921.98 860.07
923.97 52.06
925.98 844.72
927.97 496.58
929.97 38.71
931.97 870.13
933.97 29.88
935.97 893.39
937.98 650.79
939.97 941.92
941.98 893.96
943.97 30.54
945.97 209.3
947.97 45.69
949.97 802.37
951.97 849.99
953.98 45.78
955.97 951.6
957.97 35.91
959.97 59.58
961.97 854.32
963.97 38.3
965.97 24.29
967.97 29.2
969.97 124.8
971.98 29.17
973.98 350.17
975.98 180.05
977.97 31.37
979.97 566.75
981.97 39.17
983.97 587.0
985.97 665.48
987.98 821.65
989.97 903.31
991.97 29.22
993.98 750.22
995.97 31.68
997.97 617.43
999.97 926.68
1001.97 39.22
1003.98 7.26
1005.98 29.19
1007.98 655.73
1009.98 983.44
1011.97 37.72
1013.97 1022.94
1015.97 31.43
1017.97 73.86
1019.98 42.95
1021.98 364.57
1023.97 1017.17
1025.97 32.36
1027.97 3.73
1029.97 39.43
1031.97 951.29
1033.97 406.06
1035.98 959.51
1037.98 831.42
1039.98 37.83
1041.97 177.0
1043.97 29.79
1045.97 456.16
1047.97 483.04
1049.97 33.33
1051.97 561.01
1053.97 22.41
1055.98 791.57
1057.97 836.84
1059.97 949.16
1061.97 875.17
1063.97 38.76
1065.97 911.48
1067.97 32.01
1069.98 907.1
1071.98 905.66
1073.98 35.01
1075.97 40.98
1077.97 37.93
1079.97 734.69
1081.97 637.23
1083.97 876.04
1085.98 793.94
1087.98 51.92
1089.98 984.83
1091.98 38.56
1093.97 178.41
1095.97 915.79
1097.97 31.44
1099.97 980.91
1101.97 31.31
1103.98 1000.52
1105.98 376.39
1107.97 971.45
1109.98 20.06
1111.97 39.16
1113.97 26.91
1115.97 31.76
1117.97 421.9
1119.98 960.08
1121.98 30.46
1123.97 889.2
1125.97 31.41
1127.97 927.28
1129.97 310.26
1131.97 734.02
1133.97 261.25
1135.98 32.28
1137.98 90.23
1139.98 31.43
1141.98 927.2
1144.22 1004.79
1146.22 335.69
1148.22 295.02
1150.22 47.53
1152.23 25.56
1154.0 36.7
1156.23 918.07
1158.23 1044.66
1160.22 28.01
1162.22 854.3
1164.22 42.97
1166.22 725.67
1168.22 901.04
1170.23 982.38
1172.23 926.24
1174.22 50.15
1176.23 15.55
1178.22 33.23
1180.22 905.98
1182.22 678.5
1184.22 37.82
1186.23 925.22
1188.23 30.52
1190.23 877.67
1192.22 920.43
1194.22 45.21
1196.22 362.71
1198.22 38.89
1200.22 823.3
1202.23 31.44
1204.23 1001.47
1206.23 744.39
1208.23 31.39
1210.23 1045.56
1212.22 35.88
1214.22 920.64
1216.22 771.14
1218.22 19.97
1220.23 797.47
1222.23 27.24
1224.23 779.48
1226.23 26.44
1228.22 132.45
1230.22 570.67
1232.22 38.6
1234.22 53.38
1236.23 28.09
1238.23 367.84
1240.23 407.7
1242.23 588.41
1244.22 672.45
1246.22 31.54
1248.22 669.66
1250.22 50.51
1252.23 766.16
1254.23 855.58
1256.23 38.87
1258.22 779.35
1260.23 39.05
1262.22 891.3
1264.22 937.93
1266.22 895.76
1268.22 813.55
1270.22 38.92
1272.23 621.4
1274.22 37.24
1276.24 913.46
1278.24 872.73
1280.22 30.4
1282.22 886.13
1284.22 39.63
1286.23 870.86
1288.23 441.32
1290.22 961.79
1292.23 549.52
1294.22 44.7
1296.22 787.1
1298.22 43.51
1300.22 850.35
1302.23 784.32
1304.23 38.57
1306.22 140.16
1308.22 32.39
1310.23 552.77
1312.22 161.63
1314.22 537.37
1316.22 39.11
1318.23 31.44
1320.23 72.16
1322.23 37.92
1324.23 849.67
1326.22 710.17
1328.22 33.98
1330.22 877.49
1332.22 42.46
1334.22 307.08
1336.23 4.26
1338.23 1.3
1340.22 49.53
1342.22 52.34
1344.22 171.4
1346.22 43.49
1348.22 886.96
1350.22 917.03
1352.23 38.62
1354.23 610.18
1356.23 39.08
1358.22 634.27
1360.22 584.69
1362.22 42.63
1364.22 699.71
1366.22 39.21
1368.22 788.2
1370.23 31.34
1372.23 628.97
1374.23 431.93
1376.24 36.81
1378.22 901.04
1380.22 41.32
1382.22 927.1
1384.22 984.18
1386.23 885.56
1388.23 270.94
1390.22 36.22
1392.22 895.35
1394.47 44.32
1396.47 936.09
1398.47 837.45
1400.48 32.42
1402.48 996.49
1404.48 36.84
1406.48 88.11
1408.48 957.69
1410.47 169.14
1412.47 982.8
1414.47 30.77
1416.47 382.38
1418.48 29.8
1420.48 967.0
1422.48 684.45
1424.48 29.18
1426.48 179.61
1428.47 31.49
1430.47 59.77
1432.48 14.01
1434.48 10.82
1436.48 880.91
1438.48 27.23
1440.48 732.57
1442.48 52.07
1444.47 879.68
1446.47 947.81
1448.47 30.84
1450.48 1.84
1452.48 31.18
1454.48 114.03
1456.48 927.03
1458.48 252.21
1460.48 595.73
1462.47 44.39
1464.47 250.82
1466.48 30.14
1468.48 671.5
1470.48 787.75
1472.48 15.26
1474.48 849.75
1476.48 31.34
1478.47 7.95
1480.47 40.81
1482.48 416.92
1484.48 272.34
1486.48 39.34
1488.48 271.99
1490.48 31.37
1492.48 250.79
1494.47 925.11
1496.47 27.22
1498.47 789.04
1500.48 30.61
1502.48 66.02
1504.48 971.67
1506.48 7.23
1508.48 19.62
1510.49 31.44
1512.47 551.83
1514.47 30.53
1516.48 932.29
1518.48 877.47
1520.48 30.85
1522.48 212.23
1524.48 38.6
1526.49 878.2
1528.47 845.56
1530.47 876.4
1532.48 916.3
1534.48 48.92
1536.48 334.88
1538.48 47.93
1540.48 357.11
1542.48 440.63
1544.47 31.53
1546.47 532.64
1548.47 35.1
1550.48 746.08
1552.48 774.8
1554.48 884.63
1556.48 919.69
1558.48 33.24
1560.49 897.86
1562.47 31.53
1564.48 716.9
1566.48 0.39
1568.48 33.26
1570.48 9.04
1572.48 38.06
1574.48 589.59
1576.49 222.64
1578.48 45.29
1580.47 194.0
1582.48 42.86
1584.48 450.72
1586.48 31.38
1588.48 933.5
1590.47 876.05
1592.48 46.7
1594.47 675.32
1596.47 47.77
1598.48 1054.31
1600.48 913.28
1602.48 2.87
1604.48 650.04
1606.48 30.98
1608.48 278.1
1610.47 35.91
1612.47 842.82
1614.47 762.24
1616.48 28.4
1618.48 918.34
1620.48 31.43
1622.48 862.59
1624.48 905.93
1626.48 774.16
1628.47 888.61
1630.48 38.89
1632.48 869.44
1634.48 31.44
1636.48 189.75
1638.48 205.18
1640.48 39.2
1642.49 573.95
1644.72 35.99
1646.72 702.73
1648.51 22.1
1650.73 38.25
1652.73 5.46
1654.73 53.84
1656.73 121.33
1658.73 29.19
1660.72 313.51
1662.72 322.52
1664.72 38.67
1666.73 352.26
1668.73 31.37
1670.73 511.24
1672.51 39.16
1674.73 468.8
1676.73 693.95
1678.72 33.27
1680.72 886.1
1682.73 31.51
1684.73 79.56
1686.73 88.51
1688.73 4.53
1690.73 902.48
1692.73 33.51
1694.74 886.59
1696.72 46.43
1698.72 692.06
1700.73 230.05
1702.73 39.18
1704.73 899.11
1706.73 41.82
1708.72 944.5
1710.74 616.85
1712.72 887.98
1714.72 10.66
1716.73 31.44
1718.73 569.03
1720.73 38.86
1722.73 668.4
1724.73 671.79
1726.73 405.3
1728.72 722.68
1730.72 27.24
1732.72 171.75
1734.73 715.99
1736.73 934.61
1738.73 898.15
1740.73 30.63
1742.73 43.47
1744.72 41.06
1746.72 809.29
1748.72 912.53
1750.73 39.15
1752.73 860.17
1754.73 35.01
1756.73 314.67
1758.73 861.47
1760.73 753.96
1762.72 901.93
1764.72 19.78
1766.73 999.01
1768.72 40.84
1770.73 182.5
1772.73 234.81
1774.73 44.09
1776.74 533.13
1778.72 27.19
1780.72 685.52
1782.73 769.55
1784.73 59.56
1786.73 787.06
1788.73 38.62
1790.73 781.07
1792.72 37.82
1794.72 967.07
1796.72 733.62
1798.73 33.22
1800.73 825.04
1802.73 31.4
1804.73 202.2
1806.73 610.99
1808.73 0.53
1810.72 924.28
1812.72 40.78
1814.73 83.84
1816.73 55.2
1818.73 39.37
1820.73 937.46
1822.73 35.93
1824.73 937.38
1826.74 37.98
1828.72 896.19
1830.72 37.36
1832.74 994.9
1834.73 768.01
1836.73 36.84
1838.73 866.19
1840.72 27.76
1842.73 783.43
1844.72 936.11
1846.72 33.21
1848.73 1048.05
1850.73 39.0
1852.73 76.36
1854.73 878.46
1856.73 914.52
1858.74 428.78
1860.74 31.44
1862.72 800.46
1864.73 28.83
1866.73 926.14
1868.73 915.31
1870.73 39.03
1872.73 990.49
1874.73 29.03
1876.73 947.48
1878.72 838.87
1880.73 820.69
1882.73 962.57
1884.73 29.2
1886.73 333.18
1888.72 28.1
1890.74 685.98
1892.74 796.86
1894.97 44.22
1896.98 776.95
1898.98 31.41
1900.98 872.39
1902.76 27.21
1904.98 895.66
1906.98 915.05
1908.99 29.14
1910.99 930.09
1912.97 37.1
1914.98 906.57
1916.98 943.71
1918.98 45.58
1920.98 985.12
1922.98 31.53
1924.99 67.07
1926.98 31.43
1928.97 52.07
1930.97 948.83
1932.98 37.88
1934.98 953.41
1936.98 31.44
1938.98 1030.41
1940.98 112.89
1942.98 22.71
1944.97 41.53
1946.97 29.2
1948.98 43.04
1950.98 29.16
1952.98 883.99
1954.98 910.75
1956.98 44.67
1958.98 770.73
1960.97 31.39
1962.97 14.07
1964.98 828.65
1966.98 32.98
1968.98 906.3
1970.98 37.99
1972.99 119.6
1974.99 39.63
1976.99 905.43
1978.98 449.72
1980.98 35.91
1982.98 480.98
1984.98 37.14
1986.98 920.43
1988.98 918.7
1990.98 33.46
1992.98 13.46
1994.97 36.89
1996.97 940.49
1998.98 41.54
2000.98 929.76
2002.98 975.26
2004.98 35.91
2006.99 40.87
2008.99 32.33
2010.98 1055.84
2012.98 854.88
2014.98 36.95
2016.98 269.58
2018.98 34.21
2020.98 109.55
2022.99 34.03
2024.98 125.47
2026.98 891.07
2028.97 32.2
2030.98 123.5
2032.98 35.87
2034.98 864.14
2036.98 904.18
2038.98 40.37
2040.98 859.02
2042.99 31.44
2044.97 895.74
2046.98 42.94
2048.98 888.74
2050.98 913.66
2052.98 35.29
2054.98 899.28
2056.98 40.18
2058.98 928.66
2060.97 862.01
2062.98 35.31
2064.98 917.56
2066.98 32.93
2068.98 982.37
2070.98 35.89
2072.98 46.88
2074.98 917.48
2076.99 38.91
2078.97 694.23
2080.98 29.18
2082.98 826.5
2084.98 861.66
2086.98 37.14
2088.98 902.82
2090.98 32.19
2092.98 461.58
2094.98 36.41
2096.98 854.25
2098.98 984.69
2100.98 31.49
2102.98 8.12
2104.98 27.24
2106.99 75.11
2108.98 933.24
2110.98 0.62
2112.98 231.48
2114.98 31.44
2116.98 666.03
2118.98 51.55
2120.98 830.5
2122.99 16.89
2124.99 33.89
2126.98 959.49
2128.98 31.4
2130.98 903.02
2132.98 476.92
2134.98 40.19
2136.98 804.8
2138.99 26.27
2140.98 911.16
2143.24 29.2
2144.99 908.57
2147.23 925.11
