0.0 34.8
1.94 75.04
3.94 1.53
6.18 26.92
8.2 13.58
10.21 19.78
12.2 19.78
14.2 19.78
16.2 0.89
18.26 1.41
20.31 16.71
22.18 26.53
24.18 34.43
26.2 39.53
28.19 44.5
30.2 28.5
32.2 52.33
34.2 4.76
36.2 44.81
38.19 7.06
40.19 40.26
42.2 55.29
44.19 50.8
46.26 30.78
48.2 30.78
50.2 47.72
52.2 36.33
54.19 37.69
56.28 0.08
58.2 21.49
60.2 0.08
62.2 19.56
64.2 53.39
66.2 53.39
68.2 53.1
70.2 27.29
72.2 55.69
74.2 30.21
76.2 50.53
78.2 55.93
80.2 27.57
82.2 50.4
84.44 22.47
86.44 47.03
88.44 40.18
90.44 54.81
92.44 42.85
94.46 22.16
96.44 36.55
98.44 36.55
100.44 36.55
102.44 0.11
104.29 64.88
106.44 0.07
108.44 0.04
110.44 25.63
112.44 32.63
114.44 34.43
116.43 0.04
118.44 34.12
120.44 1.97
122.44 0.06
124.44 12.26
126.44 17.16
128.34 17.16
130.44 17.16
132.44 17.16
134.44 17.16
136.44 17.16
138.44 17.16
140.44 17.16
142.44 17.16
144.43 17.16
146.44 17.16
148.44 0.19
153.46 3.4
154.35 5.79
154.99 5.95
156.44 8.07
158.48 10.31
160.49 8.02
162.44 11.2
164.44 13.15
166.46 9.05
168.44 16.89
170.44 21.75
172.44 19.82
174.44 0.07
176.3 23.71
178.44 32.24
180.44 18.09
182.44 4.88
184.44 33.85
186.54 1.92
188.44 48.19
190.44 21.42
192.44 48.55
194.44 23.64
196.44 46.72
198.44 12.44
200.3 17.72
202.44 6.35
204.44 3.26
206.44 0.13
208.44 23.11
210.44 23.11
212.44 0.07
214.44 22.18
216.44 21.02
218.44 20.86
220.44 22.46
222.44 6.25
224.43 22.83
226.44 4.74
228.44 24.09
230.43 0.1
232.44 0.07
234.44 34.39
236.44 7.61
238.43 34.27
240.44 0.07
242.44 8.36
244.44 11.48
246.44 34.49
248.42 36.77
250.44 0.06
252.44 10.03
254.44 8.03
256.44 46.9
258.44 50.31
260.44 37.29
262.44 25.35
264.44 44.77
266.44 33.49
268.44 7.16
270.44 57.37
272.43 6.7
274.44 7.89
276.44 63.48
278.5 0.14
280.5 0.08
282.44 20.99
284.44 0.04
286.44 3.62
288.44 23.57
290.44 55.2
292.44 3.42
294.44 51.2
296.43 46.28
298.58 45.6
300.44 10.56
302.44 16.35
304.44 0.09
306.44 38.45
308.44 16.22
310.44 42.46
312.44 0.08
314.44 14.76
316.44 43.15
318.44 43.29
320.44 41.09
322.44 0.06
324.44 17.41
326.44 44.9
328.44 40.25
330.44 40.08
332.44 46.43
334.7 35.0
336.7 15.78
338.7 41.92
340.69 34.81
342.7 47.85
344.7 53.05
346.7 44.25
348.7 9.03
350.7 51.41
352.7 2.69
354.7 56.36
356.7 64.17
358.54 53.58
360.68 61.97
362.7 67.53
364.7 60.07
366.7 0.16
368.7 19.26
370.7 58.11
372.7 50.28
374.7 53.93
376.7 45.32
378.7 41.39
380.7 57.4
382.54 57.4
384.7 0.17
386.7 51.86
388.7 6.77
390.7 45.67
392.7 6.68
394.7 54.46
396.7 47.29
398.7 13.07
400.7 46.06
402.7 37.89
404.7 15.18
406.57 60.02
408.7 51.95
410.7 55.28
412.7 31.06
414.7 0.09
416.7 7.17
418.76 32.43
420.74 34.11
422.7 42.8
424.7 60.15
426.7 50.09
428.69 0.04
430.54 51.19
432.7 54.11
434.7 50.94
436.7 36.24
438.7 36.24
440.7 36.24
442.68 39.02
444.7 61.21
446.7 1.44
448.69 22.54
450.7 24.42
452.7 37.48
454.7 39.26
456.7 9.27
458.7 42.95
460.71 42.7
462.7 18.05
464.7 60.01
466.7 9.15
468.7 18.42
470.7 1.45
472.7 42.33
474.7 6.34
476.69 34.86
478.68 34.86
480.68 34.86
482.7 0.1
484.7 12.64
486.7 0.09
488.7 14.9
490.7 14.9
492.7 14.9
494.7 14.9
496.7 29.64
498.7 7.5
500.7 15.62
502.7 15.62
504.7 15.62
506.7 15.62
508.7 15.62
510.7 16.22
512.7 16.22
514.7 16.22
516.7 29.24
518.73 35.74
520.72 35.74
522.7 35.74
524.7 35.74
526.69 35.74
528.68 14.9
530.7 32.08
532.7 36.32
