0.0 107.78
0.76 16.51
2.84 160.91
4.65 0.49
6.77 151.33
8.88 39.45
10.69 132.95
12.8 158.16
14.88 0.45
16.71 160.77
18.8 2.25
20.87 216.07
22.68 140.01
24.79 0.45
26.88 201.45
28.71 5.41
30.82 219.48
32.67 111.21
34.76 11.24
36.86 88.77
38.7 0.53
40.8 69.82
42.87 107.23
44.93 111.92
46.74 111.88
48.83 114.57
50.68 100.44
52.79 11.63
54.87 65.8
56.71 131.15
58.79 68.84
60.89 128.05
62.95 86.62
64.77 105.27
66.84 1.25
68.91 98.32
70.74 94.43
72.83 80.81
74.9 104.58
76.73 0.19
78.79 60.04
80.85 64.74
82.95 87.45
84.76 95.02
86.8 98.72
88.91 86.81
90.73 93.36
92.8 93.36
94.86 123.75
96.95 131.04
98.78 106.88
100.86 15.16
102.92 126.1
104.77 126.1
106.86 92.95
108.95 152.56
110.8 1.79
112.86 139.33
114.75 0.37
116.75 20.2
118.85 7.55
120.92 0.45
123.01 14.04
124.85 10.26
126.96 30.79
128.79 30.49
130.86 20.84
132.92 30.09
135.01 29.79
136.85 32.07
138.93 23.8
140.99 27.25
142.84 35.69
144.95 51.19
147.03 66.28
148.85 63.24
150.92 77.16
153.0 90.53
154.84 63.47
156.92 33.6
159.0 98.41
160.81 40.55
162.9 78.39
164.98 110.13
166.8 97.86
168.88 92.47
170.96 95.35
173.04 108.63
174.88 79.48
176.95 78.16
179.05 102.85
181.56 90.98
183.58 119.28
185.59 76.62
187.61 76.62
189.62 118.24
191.64 63.84
193.66 120.16
195.69 67.71
197.7 110.86
199.71 110.86
201.74 110.78
203.75 119.51
205.78 92.9
207.79 76.97
209.82 127.39
210.88 0.45
213.86 101.61
214.85 108.02
216.87 4.94
218.89 62.04
220.91 149.92
222.93 147.22
224.95 57.45
226.97 15.25
228.99 90.71
231.01 4.25
233.01 89.55
235.03 70.2
237.06 62.02
239.08 78.17
241.1 61.75
243.12 70.71
245.14 94.63
247.17 87.67
249.18 84.74
251.2 105.95
253.2 94.37
255.23 78.58
257.24 101.95
259.26 101.95
261.28 71.02
263.3 90.52
265.31 91.06
267.32 46.16
269.35 119.91
271.35 57.29
273.37 102.73
275.38 122.1
277.4 112.39
279.42 0.42
281.44 94.81
283.46 97.47
285.47 86.42
287.49 126.0
289.5 117.4
291.51 124.15
293.53 0.42
295.55 126.23
297.55 112.77
299.57 138.9
301.59 165.6
303.61 13.97
305.63 62.64
307.64 0.53
309.66 113.44
311.68 177.0
313.69 99.11
315.7 176.1
317.73 19.3
319.73 126.27
321.75 187.82
323.76 178.4
325.79 196.37
327.81 8.2
329.82 47.18
331.84 4.58
333.86 60.98
335.87 78.29
337.89 13.93
339.9 92.79
340.95 92.79
343.94 92.79
344.98 105.23
346.96 104.14
348.98 105.17
350.99 114.52
353.01 97.91
355.09 66.69
357.18 116.99
359.02 98.3
