0.0 44.8
0.62 49.32
2.81 44.31
4.83 47.32
6.84 49.37
8.85 56.75
10.88 58.03
12.88 58.03
14.89 58.03
16.92 58.23
18.92 58.23
20.94 57.87
22.95 57.87
24.97 58.75
26.98 58.09
28.99 58.09
31.01 58.09
33.01 58.09
35.04 58.09
37.06 58.09
39.07 58.09
41.1 63.58
43.12 63.83
45.14 61.47
47.15 67.1
49.17 66.35
51.18 66.35
53.19 63.36
55.21 63.36
57.21 63.36
59.22 63.36
61.23 63.36
63.24 63.36
65.26 63.36
67.28 63.36
69.28 63.36
71.28 63.36
73.29 68.16
75.3 70.09
77.31 70.25
79.33 70.25
81.34 70.25
83.36 67.78
85.36 67.78
87.38 67.78
89.4 67.78
91.41 67.78
93.42 67.78
95.44 69.65
97.45 69.65
99.46 69.65
101.48 71.01
103.5 71.01
104.6 71.01
107.52 82.31
109.54 73.84
111.56 82.17
113.57 82.37
115.58 80.26
117.59 87.44
118.62 86.67
120.63 86.67
122.65 86.67
124.67 86.67
126.69 86.67
128.7 86.67
130.71 86.67
132.72 86.67
134.73 86.67
136.74 86.67
138.74 86.67
140.75 86.67
142.76 86.67
144.76 86.67
146.78 86.67
148.79 86.67
150.8 86.67
152.82 86.67
154.84 86.67
156.85 86.67
158.87 86.67
160.88 86.67
162.9 86.67
164.9 70.53
166.93 75.5
168.93 69.44
170.95 68.85
172.96 68.85
174.99 68.85
177.01 68.85
179.03 68.85
181.04 68.85
183.04 77.83
185.05 72.28
187.05 78.63
189.06 64.1
191.06 76.1
193.09 80.82
195.1 83.56
197.12 86.83
199.12 84.93
201.13 87.97
203.13 87.98
205.15 94.72
207.15 75.7
209.17 67.67
211.18 67.67
213.23 67.67
215.2 67.67
217.21 67.67
219.22 67.67
221.21 67.67
223.22 67.67
225.24 67.67
228.27 67.67
229.29 67.67
231.34 67.67
233.35 67.67
235.38 67.67
237.39 67.67
239.41 67.67
241.42 67.67
243.45 67.67
245.44 67.67
247.53 67.67
249.46 67.67
251.48 67.67
253.49 67.67
255.51 67.67
257.52 67.67
259.54 67.67
261.56 67.67
263.56 67.67
265.58 67.67
267.59 67.67
269.59 80.99
271.61 94.26
273.62 93.31
275.64 93.31
277.66 93.31
279.66 93.31
281.67 93.31
283.69 93.31
285.73 92.22
286.82 102.14
289.76 102.0
291.78 106.39
292.79 104.83
294.8 107.04
296.83 107.04
298.85 107.04
300.88 107.04
302.88 111.33
304.9 111.33
306.9 111.33
308.9 111.33
310.91 111.33
312.92 111.33
314.94 111.33
316.96 111.33
318.97 111.33
320.98 111.33
323.0 111.33
325.01 111.33
327.01 112.22
329.03 121.24
331.04 6.19
333.05 25.41
335.06 60.91
337.09 61.66
339.12 71.28
341.12 71.28
343.15 71.28
345.15 71.28
347.15 71.28
349.18 71.28
351.18 71.28
353.2 71.28
355.2 71.81
357.2 71.81
359.22 73.78
361.26 74.02
363.26 74.02
365.27 74.02
367.28 76.52
369.31 80.89
371.32 79.34
373.33 75.21
375.36 83.21
377.37 82.9
379.45 83.68
381.4 87.63
383.42 86.78
385.44 81.89
387.45 78.85
389.46 91.39
391.46 88.94
393.46 88.94
395.5 91.42
397.51 85.32
399.51 86.12
401.51 91.75
403.53 91.75
405.54 91.75
407.54 91.75
409.56 91.75
411.56 91.75
413.57 91.75
415.58 91.75
417.58 91.75
419.6 91.75
421.61 96.83
423.64 108.28
425.66 109.91
427.67 109.91
429.68 109.91
431.72 109.91
433.74 109.91
435.75 109.91
437.76 109.91
439.79 109.91
441.79 109.91
443.82 109.91
444.91 109.99
447.84 0.55
449.91 99.86
451.87 91.07
453.89 91.07
454.98 91.07
457.91 91.07
459.91 91.07
461.93 91.07
463.94 91.07
465.94 91.07
467.97 91.07
468.98 91.07
470.98 91.07
473.0 91.07
475.09 101.93
477.03 108.12
479.05 108.12
481.06 108.12
483.09 108.12
485.1 112.23
487.11 112.23
489.13 112.23
491.14 112.23
493.16 112.23
495.17 110.59
497.2 98.48
499.21 98.48
501.23 106.56
503.25 106.56
505.27 106.56
507.28 106.56
509.28 106.56
511.28 106.56
513.28 106.56
515.28 106.56
517.29 106.56
519.29 106.56
521.3 106.56
524.34 106.56
525.35 106.56
527.35 106.56
529.37 106.56
531.4 106.56
533.42 106.56
535.44 106.56
537.45 106.56
539.46 106.56
541.47 105.27
543.48 116.67
545.49 125.4
547.49 124.48
549.5 118.61
551.52 5.87
553.54 120.55
555.55 127.43
557.56 127.43
559.57 127.43
561.6 6.08
563.62 67.92
565.62 113.08
567.65 119.56
569.67 125.4
571.69 130.08
573.71 118.99
575.72 119.13
577.75 119.13
579.75 79.49
581.77 53.75
583.78 51.13
585.78 38.94
587.78 38.94
589.8 38.94
591.82 38.94
593.84 38.94
595.86 46.97
597.86 46.97
599.89 46.97
601.91 46.97
603.92 46.97
605.92 46.97
607.93 46.97
609.94 47.65
611.96 78.9
613.96 69.19
615.98 69.19
618.0 69.19
620.01 69.19
622.03 69.19
623.13 69.19
626.06 69.19
628.08 69.19
630.1 69.19
632.13 69.19
634.13 73.5
635.14 73.5
637.17 73.5
639.19 73.5
641.2 73.5
643.22 73.5
645.23 73.5
647.26 73.5
649.27 73.5
651.28 73.5
653.3 73.5
655.32 73.5
657.32 73.5
659.33 73.5
661.34 73.5
663.35 73.5
665.37 78.84
667.38 79.74
669.38 79.74
671.38 79.74
673.4 79.74
675.43 79.74
677.46 79.74
679.48 79.74
681.5 79.74
683.5 79.74
685.53 79.74
687.56 79.74
689.56 74.93
691.58 75.79
693.61 73.03
695.62 73.03
697.64 73.03
699.65 73.03
701.67 80.9
703.68 80.9
705.7 80.9
707.73 80.88
709.74 80.88
711.75 80.88
713.77 80.88
715.78 80.88
717.78 80.88
719.79 80.88
721.79 80.88
723.79 80.88
725.8 80.88
727.82 80.88
729.82 80.88
731.84 80.88
733.85 80.88
735.86 80.88
737.87 80.88
739.88 80.88
741.91 80.88
743.91 80.88
745.92 80.88
747.95 80.88
749.96 80.88
751.98 80.88
753.98 80.88
755.98 80.88
757.99 80.88
760.01 80.88
762.04 80.88
764.06 80.88
766.06 80.88
768.09 80.88
770.1 80.88
772.12 80.88
774.13 80.88
776.15 80.88
778.16 80.88
780.17 80.88
781.29 80.88
784.19 80.88
786.2 80.88
788.21 80.88
790.22 78.53
792.24 78.53
794.25 78.53
795.34 78.53
798.25 78.53
800.26 78.53
802.26 78.53
804.28 78.53
805.5 78.53
807.3 78.53
809.32 78.53
811.33 78.53
813.35 78.53
815.37 78.53
817.37 78.53
819.37 78.53
821.38 78.53
823.39 78.53
825.41 78.53
827.44 78.53
829.44 78.53
831.46 78.53
833.48 78.53
835.49 75.4
837.51 69.89
839.51 69.89
841.51 69.89
843.53 69.89
845.53 69.89
847.55 69.89
849.57 69.89
851.59 77.27
853.6 76.95
855.62 76.95
857.63 76.95
859.66 76.95
861.68 76.95
863.7 76.95
865.71 76.95
867.73 76.95
869.76 81.35
871.77 80.41
873.78 0.15
875.78 84.53
877.8 66.82
879.82 92.67
881.84 89.1
883.86 97.81
885.87 97.81
887.88 97.81
889.89 97.81
891.91 97.81
893.93 97.81
895.93 97.81
897.96 97.81
899.98 97.81
902.0 97.81
904.01 97.81
906.03 97.81
908.05 97.81
910.06 106.86
912.08 106.41
914.08 116.23
916.08 116.3
918.09 103.46
920.1 124.09
922.12 0.47
924.13 114.64
926.14 123.41
928.15 120.52
930.17 123.27
932.18 123.1
934.21 120.39
936.22 122.01
938.24 122.28
940.25 6.06
942.26 77.2
944.29 110.96
946.31 113.36
948.32 123.24
949.53 5.94
952.34 83.67
954.35 117.52
956.37 117.52
958.37 115.95
960.38 126.71
962.4 127.35
963.57 6.37
966.43 35.66
968.44 26.83
969.46 36.66
971.46 40.76
973.47 40.76
975.5 40.76
977.52 38.99
979.54 39.22
981.56 37.75
983.56 44.01
985.59 43.73
987.61 43.12
989.64 46.55
991.65 53.14
993.67 53.97
995.69 52.35
997.71 57.17
999.72 53.77
1001.74 65.07
1003.77 64.03
1005.78 65.44
1008.81 65.44
1009.82 70.01
1011.84 81.13
1013.84 78.89
1015.87 80.32
1017.88 93.1
1019.89 84.5
1021.9 100.29
1023.91 96.9
1025.91 70.01
1027.92 115.12
1029.95 114.08
1031.98 5.87
1034.0 87.61
1036.02 115.33
1038.02 108.38
1040.02 108.38
1042.03 108.38
1044.03 108.38
1046.04 3.82
1048.05 56.88
1050.07 56.88
1052.08 60.08
1054.08 60.08
1056.11 60.08
1058.12 114.18
1060.13 103.79
1062.14 115.24
1064.16 115.24
1066.18 115.24
1068.18 115.24
1070.2 115.24
1072.2 115.24
1074.2 115.24
1076.21 116.39
1078.22 116.39
1080.24 116.39
1082.24 116.39
1084.26 6.23
1086.28 91.76
1088.29 93.73
1090.3 94.45
1092.32 98.23
1094.34 92.68
1096.36 100.8
1098.37 99.13
1100.38 103.12
1102.39 99.83
1104.38 99.83
1106.39 98.69
1108.4 101.25
1110.41 93.1
1112.44 93.1
1114.46 93.1
1116.47 93.1
1118.48 93.1
1120.49 105.72
1122.51 105.72
1124.54 105.72
1126.55 105.72
1128.56 105.72
1130.6 105.72
1131.62 105.72
1134.63 105.72
1135.64 105.72
1137.66 105.72
1139.68 105.72
1141.7 105.72
1143.7 105.72
1145.71 105.72
1147.72 105.72
1149.73 105.72
1151.74 105.72
1153.75 105.72
1155.77 105.72
1157.77 105.72
1159.79 105.72
1161.81 92.13
1163.82 106.62
1165.83 92.76
1167.84 114.73
1169.84 140.46
1171.86 132.29
1173.88 132.3
1175.89 5.74
1177.91 139.78
1179.92 139.78
1181.93 139.78
1183.94 139.07
1185.96 138.94
1187.96 131.88
1189.98 6.49
1191.98 129.57
1193.99 116.23
1196.0 132.25
1198.01 139.07
1200.02 132.7
1202.04 133.31
1204.05 120.69
1206.07 141.41
1208.09 129.16
1210.11 131.22
1212.12 10.93
1214.19 6.11
1216.14 7.95
1218.14 7.95
1220.16 24.49
1222.18 24.49
1224.2 24.8
1226.22 24.49
1228.24 24.49
1230.24 24.49
1232.26 24.34
1234.28 24.34
1236.3 26.65
1238.31 26.65
1240.31 26.65
1242.32 24.21
1244.35 27.89
1246.36 31.74
1248.37 36.03
1250.39 36.65
1252.39 35.16
1254.4 41.54
1256.42 42.09
1258.43 48.7
1260.45 44.86
1262.46 54.57
1264.48 61.2
1266.49 63.64
1268.5 62.1
1270.52 65.83
1272.53 63.28
1274.54 74.53
1276.56 70.49
1278.57 59.37
1280.59 82.05
1282.59 85.26
1284.61 82.44
1286.64 104.53
1288.64 104.34
1290.65 98.33
1292.68 98.33
1294.69 108.42
1296.69 109.71
1298.7 112.2
1299.81 124.5
1302.74 118.18
1304.77 117.86
1307.82 136.56
1309.64 127.65
1311.64 127.65
1313.64 127.65
1315.66 127.65
1317.68 127.65
1319.7 6.1
1321.72 10.63
1323.74 10.05
1325.75 12.33
1327.77 17.13
1329.8 20.26
1331.81 22.55
1333.82 22.55
1335.82 22.55
1337.83 22.55
1339.84 25.25
1341.87 25.25
1343.87 25.25
1345.89 25.25
1347.89 29.15
1349.92 29.15
1351.94 30.46
1353.94 35.84
1355.96 35.84
1357.97 43.19
1359.98 45.75
1362.0 52.35
1364.02 55.06
1366.04 50.58
1368.06 53.05
1370.09 54.74
1372.1 56.58
1374.12 56.58
1376.13 52.01
1378.16 6.96
1380.17 20.09
1382.19 20.09
1384.2 67.76
1386.2 67.15
1388.23 57.52
1390.25 68.02
1392.26 68.29
1394.28 83.61
1396.3 79.62
1398.3 76.49
1400.31 76.46
1402.32 76.46
1404.33 74.17
1406.35 94.71
1408.35 97.25
1410.37 94.04
1412.37 127.04
1414.38 57.93
1416.39 118.1
1418.39 118.1
1420.39 118.1
1422.41 118.1
1424.42 55.82
1426.44 7.52
1428.44 53.04
1430.46 58.01
1432.48 65.68
1434.5 65.68
1436.51 65.68
1438.51 65.68
1440.53 67.58
1442.54 67.58
1444.56 67.58
1446.57 67.58
1448.59 67.58
1450.6 67.58
1452.64 67.58
1454.64 0.18
1456.64 40.7
1457.74 76.42
1460.67 73.98
1462.7 73.4
1464.72 78.32
1466.73 74.47
1467.82 72.09
1470.75 78.66
1471.84 78.15
1473.75 70.42
1476.79 70.42
1477.79 70.42
1479.81 70.42
1481.83 70.42
1483.84 70.42
1485.88 70.42
1487.89 74.8
1489.91 75.45
1491.92 81.28
1493.95 82.1
1495.96 82.1
1497.97 79.65
1499.98 79.65
1502.0 79.65
1504.0 90.89
1506.0 88.73
1508.02 94.34
1510.04 78.37
1512.05 108.51
1514.07 108.51
1516.08 110.71
1518.09 110.71
1520.12 110.71
1522.14 110.71
1524.16 114.88
1526.17 99.65
1528.19 99.65
1530.19 99.65
1532.2 99.65
1534.21 99.65
1536.24 99.65
1538.25 99.65
1540.27 99.65
1542.28 99.65
1544.29 99.65
1546.3 111.61
1548.31 111.61
1550.33 111.61
1552.33 111.61
1554.34 111.61
1556.34 111.61
1558.36 111.61
1560.38 111.61
1562.38 106.55
1564.39 106.55
1566.41 106.55
1568.44 106.55
1570.45 106.55
1572.47 106.55
1574.49 106.55
1576.52 106.55
1578.52 106.55
1580.53 106.55
1582.54 106.55
1584.56 106.55
1586.58 106.55
1588.59 106.55
1590.61 106.55
1592.62 106.55
1594.66 106.55
1596.68 117.88
1598.7 120.46
1600.72 120.46
1602.75 120.46
1604.77 73.93
1606.78 28.36
1608.8 7.49
1610.8 68.13
1612.82 69.46
1614.84 69.89
1615.96 74.34
1618.88 74.34
1620.9 71.84
1622.92 69.91
1624.92 69.4
1626.01 69.4
1628.93 73.15
1630.93 73.15
1632.95 76.28
1633.96 76.28
1635.97 76.28
1638.01 76.28
1640.01 79.36
1642.03 81.59
1644.06 76.24
1646.08 76.24
1648.1 76.24
1650.1 88.17
1652.13 88.17
1654.14 88.17
1656.15 88.17
1658.16 88.17
1660.17 88.17
1662.2 88.17
1664.2 88.17
1666.22 88.17
1668.23 88.17
1670.24 88.17
1672.26 88.17
1674.27 88.17
1676.3 88.17
1678.3 88.17
1680.32 88.17
1682.33 88.17
1684.35 88.17
1686.36 88.17
1688.38 88.17
1690.4 90.74
1692.4 95.83
1694.42 95.43
1696.42 95.43
1698.44 88.28
1700.45 88.28
1702.47 88.28
1704.48 88.28
1706.52 94.84
1708.53 94.84
1710.54 94.84
1712.55 96.16
1714.56 96.16
1716.57 96.16
1718.59 96.16
1720.62 96.16
1722.63 96.16
1724.64 96.16
1726.66 92.34
1728.68 100.0
1730.71 93.27
1732.72 108.73
1734.73 119.36
1736.75 119.36
1738.76 119.36
1740.77 119.36
1742.78 119.36
1744.8 71.51
1746.81 25.58
1748.82 25.58
1750.83 25.58
1752.83 25.58
1754.87 25.58
1756.88 25.58
1758.9 34.74
1760.91 73.46
1762.92 73.97
1764.94 72.3
1766.94 72.3
1768.94 74.57
1770.96 73.29
1772.99 73.35
1775.02 86.51
1777.04 78.35
1779.05 78.35
1781.06 78.35
1783.07 78.35
1784.15 78.35
1787.09 78.35
1788.1 78.35
1790.13 78.35
1792.13 78.35
1794.13 85.65
1796.23 84.7
1798.15 84.7
1800.15 84.7
1802.21 80.14
1804.18 87.46
1806.18 81.99
1808.23 81.99
1810.2 92.47
1812.22 94.12
1814.26 91.49
1816.24 93.98
1818.25 95.32
1820.35 95.32
1822.31 98.62
1824.31 96.84
1826.32 105.63
1828.33 105.89
1830.36 94.55
1832.37 107.37
1834.4 111.38
1836.41 107.39
1838.42 101.37
1840.44 96.92
1842.45 6.06
1844.46 69.15
1846.47 117.38
1848.47 93.1
1850.48 93.1
1852.48 93.1
1854.49 93.1
1856.49 93.1
1858.51 59.48
1860.53 105.4
1862.54 114.47
1864.54 114.47
1866.56 114.47
1868.58 114.47
1870.58 114.47
1872.6 114.47
1874.61 114.47
1876.61 114.47
1878.62 114.47
1880.64 114.47
1882.66 114.47
1884.68 114.47
1886.69 117.01
1888.71 114.84
1890.71 115.34
1892.73 115.34
1894.74 76.58
1896.74 97.14
1898.76 83.84
1900.77 6.1
1902.77 96.3
1904.79 96.3
1906.81 96.3
1908.81 96.3
1910.82 96.3
1912.84 96.3
1914.85 96.3
1916.86 96.3
1918.88 96.3
1920.9 96.3
1922.9 95.29
1924.91 95.29
1926.91 95.29
1928.92 95.29
1930.93 95.29
1932.95 95.29
1934.96 95.29
1936.97 95.29
1938.97 95.29
1940.99 95.29
1943.01 95.29
1945.02 95.29
1947.03 95.29
1949.03 95.29
1951.03 95.29
1953.03 95.29
1955.05 95.29
1957.07 95.29
1959.08 95.29
1961.12 95.29
1963.12 95.29
1965.12 95.29
1967.13 95.29
1969.13 95.29
1971.14 95.29
1973.15 95.29
1975.18 95.29
1976.3 95.29
1979.21 95.29
1981.23 95.29
1983.24 95.29
1985.25 95.29
1986.34 95.29
1988.28 95.29
1990.28 95.29
1992.29 89.27
1994.29 89.27
1996.29 84.08
1998.31 84.08
2000.31 84.08
2002.31 84.08
2004.34 84.08
2006.35 84.08
2008.37 88.52
2010.38 90.73
2012.46 90.73
2014.4 90.73
2016.42 100.65
2018.43 93.4
2020.43 93.4
2022.44 93.4
2024.46 93.4
2026.47 93.4
2028.49 100.85
2030.39 105.91
2032.36 105.91
