0.0 0.33
3.55 0.33
5.92 0.35
10.69 0.34
17.07 0.37
22.39 0.37
26.47 0.34
30.54 0.34
35.76 0.36
41.8 0.36
45.21 0.35
49.06 0.34
53.01 0.36
55.6 0.34
59.39 0.36
62.05 0.34
65.2 0.36
67.81 0.33
70.3 0.32
73.1 0.35
75.4 0.36
78.13 0.35
80.44 0.33
83.31 0.34
85.22 0.35
87.42 0.35
89.57 0.38
91.59 0.36
94.05 0.34
95.89 0.37
97.11 0.32
99.01 0.34
101.22 0.36
103.51 0.33
105.57 0.36
107.92 0.39
110.32 0.34
112.46 0.36
114.44 0.36
116.79 0.33
119.92 0.34
123.88 0.37
129.2 0.36
133.74 0.35
138.01 0.32
143.58 0.36
148.49 0.35
153.07 0.35
155.22 0.35
157.26 0.36
159.71 0.37
162.63 0.36
165.66 0.36
168.18 0.36
170.48 0.34
173.4 0.37
176.54 0.35
180.17 0.33
183.54 0.35
185.46 0.21
188.14 0.34
191.13 0.27
195.42 0.34
198.59 0.34
200.96 0.36
203.48 0.35
205.91 0.34
208.57 0.36
210.23 0.33
212.77 0.38
215.56 0.33
218.73 0.34
221.37 0.38
224.19 0.36
227.36 0.34
230.38 0.36
233.67 0.35
237.17 0.34
241.9 0.34
246.22 0.34
251.09 0.34
256.21 0.37
261.07 0.37
265.0 0.38
266.94 0.37
270.52 0.34
274.96 0.36
278.59 0.34
280.3 0.35
283.76 0.37
288.85 0.33
293.57 0.37
298.18 0.33
303.01 0.35
