0.0 0.12
1.31 19.13
3.31 20.35
5.31 20.35
7.65 20.35
9.31 20.35
11.31 20.35
13.31 20.35
15.31 20.35
17.31 20.35
19.31 20.35
21.31 22.51
23.31 22.51
25.31 22.51
27.31 22.51
29.31 22.51
31.31 22.51
33.31 22.51
35.31 22.51
37.31 22.51
39.31 22.51
41.31 22.51
43.31 22.51
45.31 22.51
47.31 22.51
49.31 22.51
51.31 22.59
53.31 22.59
55.31 22.59
57.31 22.59
59.31 22.59
61.65 22.59
63.31 4.85
65.31 0.61
67.31 15.97
69.31 19.46
71.31 44.79
73.31 54.73
75.31 55.98
77.31 55.98
79.31 55.98
81.31 55.98
83.31 55.64
85.31 55.64
87.31 49.14
89.31 49.14
91.31 49.14
93.31 56.5
95.31 52.3
97.31 58.38
99.31 58.38
101.31 58.38
103.31 58.38
105.31 58.91
107.31 55.16
109.31 6.59
111.31 25.4
113.31 28.27
115.31 28.27
117.56 28.27
119.56 56.25
121.44 31.66
123.56 56.54
125.56 60.79
127.56 58.17
129.56 6.14
131.56 36.09
133.56 2.35
135.56 33.6
137.56 58.47
139.56 5.66
141.56 56.03
143.56 55.3
145.43 6.09
147.56 0.03
149.56 55.21
151.56 55.21
153.56 55.21
155.56 55.21
157.56 55.21
159.56 55.21
161.9 55.21
163.56 55.21
165.56 55.21
167.56 55.21
169.43 55.21
171.56 55.21
173.56 55.21
175.56 55.21
177.56 55.21
179.56 55.21
181.56 55.21
183.56 55.21
185.56 55.21
187.56 55.21
189.56 55.21
191.56 4.97
193.42 54.98
195.56 54.66
197.56 54.97
199.56 58.53
201.56 58.11
203.56 54.68
205.56 7.47
207.56 58.11
209.56 58.11
211.56 58.11
213.56 5.65
215.56 55.95
217.42 55.95
219.56 55.95
221.56 8.24
223.56 22.47
225.65 0.92
227.56 27.86
229.56 27.86
231.56 27.86
233.56 27.86
235.56 27.86
237.56 27.86
239.56 27.86
241.56 27.86
243.56 27.86
245.56 27.86
247.56 27.86
249.56 27.86
251.56 27.86
253.56 27.86
255.56 27.86
257.56 27.86
259.56 27.86
261.56 27.86
263.56 27.86
265.56 27.86
267.56 27.86
269.56 27.86
271.56 27.86
273.56 27.86
275.56 27.86
277.56 27.86
279.56 27.86
281.56 27.86
283.56 27.86
285.56 27.86
287.56 27.86
289.56 27.86
291.56 27.86
293.56 27.86
295.56 27.86
297.56 27.86
299.56 27.86
301.56 27.86
303.56 27.86
305.56 27.86
307.56 27.86
309.56 27.86
311.56 27.86
313.56 27.86
315.56 27.86
317.56 27.86
319.56 27.86
321.56 27.86
323.56 27.86
325.56 27.86
327.56 27.86
329.56 27.86
331.56 27.86
333.56 27.86
335.56 27.86
337.56 27.86
339.56 27.86
341.56 27.86
343.56 27.86
346.15 27.86
347.56 27.86
349.56 27.86
351.56 27.86
353.56 27.86
355.56 27.86
357.56 27.86
359.56 27.86
361.56 27.86
363.56 27.86
365.81 27.86
367.81 27.86
369.81 27.86
371.81 27.86
373.81 27.86
375.68 27.86
377.81 27.86
379.82 27.86
381.81 27.86
383.81 27.86
385.81 27.86
387.81 27.86
389.81 27.86
391.81 27.86
393.81 27.86
395.81 27.86
397.82 27.86
399.67 27.86
401.81 27.86
403.81 1.46
405.81 9.24
407.81 13.25
409.81 17.01
411.81 19.33
413.81 21.35
415.82 23.86
417.81 23.81
419.81 24.15
421.81 24.15
423.69 23.91
425.81 24.37
427.81 24.72
429.81 24.64
431.81 24.64
433.81 24.64
435.81 24.55
437.81 24.55
439.81 24.55
441.81 24.55
443.81 24.55
445.81 24.55
447.7 24.55
449.81 24.37
451.81 24.43
453.81 25.72
455.81 24.31
457.81 24.31
459.81 24.31
461.81 24.31
463.81 24.31
465.81 24.31
467.81 24.31
469.81 27.2
471.68 27.2
473.81 27.2
475.81 27.2
477.81 27.2
479.81 27.2
481.81 27.2
483.81 26.94
485.81 27.16
487.81 27.21
490.4 26.67
491.81 26.9
493.81 26.9
495.81 26.9
497.81 26.9
499.81 26.9
501.81 26.9
503.81 26.9
505.81 26.9
507.81 26.9
509.81 27.53
511.81 27.37
513.81 27.37
515.81 30.7
517.81 36.64
519.81 36.64
521.81 36.81
523.81 36.57
525.81 39.64
527.81 39.64
529.81 39.64
531.81 39.64
533.81 39.64
536.4 39.64
537.81 39.64
539.81 39.64
541.81 39.64
543.81 39.64
545.82 39.64
547.81 39.64
549.81 39.64
551.81 39.64
553.81 39.64
555.82 39.64
557.81 39.64
559.81 39.64
561.81 39.64
563.81 39.64
565.81 39.64
567.81 39.64
569.81 39.64
571.81 39.64
573.81 39.64
575.81 39.64
577.81 39.64
579.81 39.64
581.81 39.64
583.81 39.64
585.81 39.64
587.81 39.64
589.81 39.64
591.81 39.64
594.06 39.64
596.06 39.64
598.06 39.64
600.06 39.64
602.06 39.64
604.06 39.64
606.06 39.64
608.06 39.64
610.06 39.64
612.06 39.68
614.06 39.68
616.06 40.5
618.06 40.5
620.06 40.5
622.06 40.5
624.06 40.5
626.06 40.5
628.06 40.5
630.06 40.5
632.06 40.5
634.06 40.5
636.06 40.5
638.06 41.98
640.06 41.98
642.06 41.98
644.06 44.76
646.06 51.94
648.06 51.94
650.06 52.77
652.06 52.77
654.06 52.77
656.06 50.2
658.06 56.59
660.06 57.29
662.06 58.03
664.06 5.58
666.07 28.35
668.06 28.35
670.06 28.35
672.06 57.36
674.06 62.88
676.06 62.88
678.06 62.88
680.06 58.63
682.06 58.63
684.31 58.63
686.31 4.87
688.31 60.1
690.31 60.1
692.31 2.81
694.31 58.34
696.31 58.34
698.31 58.34
700.31 58.34
702.31 58.34
704.31 5.92
706.31 55.29
708.31 5.9
710.31 57.02
712.31 57.02
714.31 57.02
716.31 57.02
718.31 57.02
720.31 57.02
722.31 57.02
724.31 58.82
726.31 59.75
728.31 59.75
730.31 59.75
732.31 59.75
734.31 59.75
736.31 59.75
738.31 59.75
740.31 59.75
742.31 59.75
744.31 59.75
746.31 59.75
748.31 59.75
750.31 59.75
752.31 59.75
754.31 59.75
756.31 59.75
758.31 56.87
760.31 59.6
762.31 54.96
764.31 54.96
766.31 54.96
768.31 54.96
770.31 54.96
772.31 54.96
774.31 54.96
776.31 60.23
778.31 60.23
780.31 60.23
782.31 60.23
784.31 60.23
786.31 60.23
788.31 60.23
790.31 59.46
792.31 58.99
794.31 57.46
796.31 58.23
798.31 58.23
800.31 58.23
802.31 58.23
804.31 57.01
806.31 56.43
808.31 5.87
810.31 59.14
812.31 59.14
814.31 59.14
816.31 59.14
818.31 59.14
820.31 56.4
822.31 3.37
824.31 58.33
826.31 59.63
828.31 58.27
830.31 58.27
832.31 58.27
834.31 21.66
836.31 57.05
838.31 57.05
840.31 57.05
842.31 57.05
844.31 57.05
846.31 57.05
848.31 57.05
850.31 57.05
852.31 57.05
854.31 57.05
856.31 57.05
858.31 57.05
860.31 57.05
862.31 57.05
864.31 57.05
866.31 57.05
868.31 57.05
870.31 57.05
872.31 57.05
874.31 57.05
876.31 57.05
878.31 57.05
880.31 57.05
882.31 57.05
884.31 57.05
886.31 57.05
888.31 57.05
890.31 57.05
892.31 57.05
894.31 57.05
896.31 57.05
898.31 57.05
900.31 57.05
902.31 57.05
904.31 57.05
906.31 57.05
908.31 57.05
910.31 57.05
912.31 57.05
914.31 57.05
916.31 12.04
918.31 10.88
920.31 12.02
922.31 14.67
924.31 15.14
926.31 16.61
928.31 18.36
930.31 19.7
932.31 23.46
934.56 24.9
936.56 24.64
938.56 25.43
940.56 25.03
942.44 26.15
944.56 27.47
946.56 26.7
948.56 32.87
950.56 32.87
952.56 34.89
954.56 35.64
956.56 35.64
958.56 35.64
960.56 35.64
962.56 35.64
964.56 35.64
966.44 35.64
968.56 35.64
970.56 35.64
972.56 35.64
974.56 35.64
976.56 36.62
978.56 36.62
980.56 36.62
982.57 36.41
984.56 36.41
986.57 36.41
988.56 36.41
990.43 36.41
992.56 36.41
994.56 37.46
996.56 37.46
998.56 37.46
1000.56 37.46
1002.56 37.46
1004.56 37.46
1006.56 37.46
1008.57 37.46
1010.56 37.46
1012.56 37.46
1014.43 37.46
1016.56 37.46
1018.56 37.46
1020.56 37.46
1022.56 37.23
1024.56 36.86
1026.56 36.86
1028.56 35.51
1030.56 37.21
1032.56 37.21
1034.56 37.21
1036.56 40.33
1038.44 41.38
1040.56 41.38
1042.56 41.38
1044.56 41.38
1046.56 41.38
1048.56 41.38
1050.56 41.38
1052.56 41.38
1054.56 41.38
1056.56 41.38
1058.56 41.38
1060.56 41.38
1062.56 41.38
1064.56 41.38
1066.56 41.38
1068.56 41.38
1070.56 41.38
1072.56 41.38
1074.56 41.38
1076.56 41.38
1078.56 41.38
1080.56 41.38
1082.56 41.3
1084.56 41.3
1086.56 41.3
1088.56 41.3
1090.56 41.3
1092.56 41.3
1094.56 41.3
1096.56 41.3
1098.56 41.2
1100.56 41.2
1102.56 41.2
1104.56 41.2
1106.56 41.2
1108.56 41.2
1110.56 41.2
1112.56 41.2
1114.56 41.2
1116.56 41.19
1118.56 41.19
1120.56 41.19
1122.56 41.19
1124.56 41.19
1126.56 41.19
1128.56 41.49
1130.56 41.49
1132.56 40.72
1134.56 42.46
1136.56 42.46
1138.56 43.71
1140.56 44.93
1142.56 44.93
1144.56 44.93
1146.56 44.93
1148.56 44.93
1150.56 44.93
1152.56 44.93
1154.56 44.93
1156.56 44.73
1158.56 44.73
1160.56 44.17
1162.56 44.17
1164.56 44.74
1166.56 44.29
1168.56 46.41
1170.6 46.41
1172.56 46.41
1174.56 46.41
1176.56 46.41
1178.56 46.41
1180.56 46.41
1182.81 46.41
1184.81 46.41
1186.81 46.41
1188.81 46.41
1190.82 46.41
1192.81 46.41
1194.81 46.41
1196.69 46.41
1198.81 46.41
1200.82 46.41
1202.81 46.41
1204.81 46.41
1206.81 46.41
1208.81 46.41
1210.81 46.41
1212.81 46.41
1214.81 46.41
1216.81 46.41
1218.81 46.41
1220.68 46.41
1222.81 46.41
1224.81 46.41
1226.81 46.41
1228.81 46.41
1230.81 46.41
1232.81 46.41
1234.81 46.41
1236.81 46.41
1238.81 46.41
1240.81 46.41
1242.81 46.41
1244.68 46.41
1246.81 46.41
1248.81 46.41
1250.81 46.41
1252.81 46.41
1254.81 46.41
1256.81 46.41
1258.81 46.41
1260.81 46.41
1262.81 46.41
1264.81 46.41
1266.81 46.41
1268.68 46.41
1270.81 46.41
1272.81 46.41
1274.81 46.41
1276.81 46.41
1278.81 46.41
1280.81 46.41
1282.81 46.41
1284.81 46.41
1286.81 46.41
1288.81 46.41
1290.81 46.41
1292.69 46.41
1294.81 46.41
1296.81 46.41
1298.81 46.41
1300.82 46.41
1302.81 46.41
1304.81 46.41
1306.81 46.41
1308.81 46.41
1310.81 46.41
1312.81 46.41
1314.81 46.41
1316.81 46.41
1318.81 46.41
1320.81 46.41
1322.81 46.41
1324.81 46.55
1326.81 46.55
1328.81 46.55
1330.81 48.64
1332.81 49.38
1334.81 50.98
1336.81 52.2
1338.81 53.68
1340.81 53.68
1342.81 53.68
1344.81 56.7
1346.81 59.72
1348.81 44.81
1350.81 57.02
1352.81 57.02
1354.81 57.02
1356.81 57.02
1358.81 57.02
1360.81 57.71
1362.81 30.0
1364.81 30.0
1366.81 30.0
1368.81 30.0
1370.81 30.0
1372.81 30.0
1374.81 30.0
1376.81 5.6
1378.81 26.69
1380.81 57.27
1382.81 16.07
1384.81 6.08
1386.81 19.92
1388.81 5.8
1390.81 44.38
1392.81 2.19
1394.81 18.54
1396.81 56.66
1398.81 6.12
1400.81 56.77
1402.81 56.54
1404.81 27.26
1406.81 57.35
1408.81 6.04
1410.81 56.75
1412.81 38.09
1414.81 21.24
1416.81 57.48
1418.81 27.0
1420.81 56.04
1422.81 16.22
1424.81 59.77
1426.81 8.21
1428.81 57.79
1430.81 15.28
1432.81 55.98
1435.06 29.3
1437.06 29.3
1439.06 30.19
1441.06 30.19
1443.06 30.19
1445.06 30.19
1447.06 57.16
1449.06 13.02
1451.06 57.21
1453.06 57.21
1455.06 57.21
1457.06 57.21
1459.06 57.21
1461.06 57.21
1463.06 57.21
1465.06 57.21
1467.06 57.21
1469.06 57.21
1471.06 57.21
1473.06 57.21
1475.06 57.21
1477.06 3.6
1479.06 57.06
1481.06 58.75
1483.06 60.09
1485.06 60.09
1487.06 60.09
1489.06 60.09
1491.06 58.36
1493.06 58.36
1495.06 58.36
1497.06 50.62
1499.06 55.82
1501.06 55.82
1503.06 55.82
1505.06 58.69
1507.06 58.2
1509.06 58.2
1511.06 1.56
1513.06 56.81
1515.06 56.81
1517.06 56.81
1519.06 56.81
1521.07 56.81
1523.06 56.81
1525.06 56.81
1527.06 56.81
1529.06 56.81
1531.06 56.81
1533.06 56.81
1535.06 56.81
1537.06 56.81
1539.06 56.81
1541.06 56.81
1543.06 56.81
1545.06 56.81
1547.06 56.81
1549.06 56.81
1551.06 56.81
1553.06 56.81
1555.06 56.81
1557.06 56.81
1559.06 56.81
1561.06 56.81
1563.06 56.81
1565.06 56.81
1567.06 56.81
1569.06 56.81
1571.07 56.81
1573.06 56.81
1575.06 56.81
1577.06 56.81
1579.06 56.81
1581.06 56.81
1583.06 56.81
1585.06 56.81
1587.06 7.72
1589.06 57.55
1591.06 57.76
1593.06 57.76
1595.06 57.76
1597.06 57.76
1599.06 57.76
1601.07 57.76
1603.06 57.76
1605.06 57.76
1607.06 57.76
1609.06 57.76
1611.06 57.76
1613.06 57.76
1615.06 57.76
1617.06 57.76
1619.06 57.76
1621.06 57.76
1623.06 57.76
1625.06 57.76
1627.06 57.76
1629.06 57.76
1631.06 57.14
1633.06 55.75
1635.06 59.97
1637.06 59.97
1639.06 59.97
1641.06 59.97
1643.06 59.97
1645.06 58.31
1647.06 58.31
1649.06 58.31
1651.06 58.31
1653.06 58.31
1655.06 58.31
1657.06 58.31
1659.06 57.96
1661.06 55.09
1663.06 59.08
1665.06 54.87
1667.06 56.98
1669.06 56.98
1671.4 56.98
1673.06 56.98
1675.06 56.98
1677.06 56.98
1679.06 56.98
1681.06 56.98
1683.06 56.98
1685.31 56.98
1687.31 56.98
1689.31 56.98
1691.18 56.98
1693.31 56.98
1695.31 56.98
1697.31 56.98
1699.31 56.98
1701.31 56.98
1703.31 56.98
1705.31 56.98
1707.31 56.98
1709.31 56.98
1711.31 56.98
1713.31 56.98
1715.18 56.98
1717.31 56.98
1719.31 56.98
1721.31 56.98
1723.31 56.98
1725.31 56.98
1727.31 56.98
1729.31 56.98
1731.31 56.98
1733.31 56.98
1735.31 56.98
1737.31 56.98
1739.19 56.98
1741.31 56.98
1743.31 56.98
1745.31 56.98
1747.31 56.98
1749.31 56.98
1751.31 56.98
1753.31 56.98
1755.31 56.98
1757.31 56.98
1759.31 56.98
1761.31 56.98
1763.18 56.98
1765.31 56.98
1767.31 51.69
1769.31 51.69
1771.31 51.69
1773.31 51.69
1775.31 51.69
1777.31 51.69
1779.31 51.69
1781.31 51.69
1783.31 51.69
1785.31 51.69
1787.19 51.69
1789.31 51.69
1791.9 51.69
1793.31 51.69
1795.31 51.69
1797.31 51.69
1799.31 51.69
1801.31 51.69
1803.31 51.69
1805.31 51.69
1807.31 51.69
1809.31 51.69
1811.31 51.69
1813.31 51.69
1815.31 51.69
1817.31 51.69
1819.31 57.03
1821.31 57.03
1823.31 57.03
1825.31 57.03
1827.31 57.03
1829.31 57.03
1831.31 57.03
1833.31 57.03
1835.31 57.03
1837.31 57.03
1839.31 57.03
1841.31 57.03
1843.31 57.03
1845.31 57.03
1847.31 57.03
1849.31 57.03
1851.31 57.03
1853.31 56.85
1855.31 56.85
1857.31 56.85
1859.31 56.52
1861.31 56.52
1863.31 56.52
1865.31 56.52
1867.31 56.52
1869.31 56.52
1871.31 56.52
1873.31 56.52
1875.31 56.52
1877.31 56.52
1879.31 56.52
1881.31 56.52
1883.31 47.91
1885.31 59.13
1887.31 0.52
1889.31 55.47
1891.4 57.22
1893.31 57.22
1895.31 57.56
1897.31 57.56
1899.31 57.56
1901.31 57.56
1903.31 5.57
1905.31 56.41
1907.31 58.94
1909.31 11.06
1911.31 33.51
1913.43 2.06
1915.37 10.31
1917.31 58.11
1919.31 58.11
1921.31 57.54
1923.31 58.02
1925.32 0.92
1927.31 24.33
1929.42 27.19
1931.34 57.66
1933.31 6.83
1935.56 16.79
1937.56 16.79
1939.66 20.89
1941.58 5.93
1943.56 56.97
1945.57 57.09
1947.56 57.09
1949.56 57.09
1951.56 57.09
1953.56 57.09
1955.66 57.09
1957.58 57.09
1959.56 57.09
1961.56 57.09
1963.56 57.09
1965.56 57.09
1967.56 57.09
1969.56 57.09
1971.65 57.09
1973.58 57.09
1975.56 57.09
1977.57 57.09
1979.56 58.02
1981.56 56.32
1983.56 22.9
1985.56 25.37
1987.66 25.37
1989.59 25.37
1991.56 25.37
1993.56 27.35
1995.56 28.18
1997.56 28.39
1999.56 28.39
2001.56 28.39
2003.63 28.39
2005.58 28.39
2007.56 28.39
2009.56 28.39
2011.56 28.39
2013.56 28.39
2015.56 28.39
2017.56 28.39
2019.66 29.71
2021.58 57.38
2023.56 55.72
2025.56 56.63
2027.56 56.94
2029.56 56.94
2031.56 21.84
2033.56 21.84
2035.66 21.84
2037.57 58.36
2039.56 47.01
2041.56 47.01
2043.56 47.01
2045.56 47.01
2047.56 47.01
2049.56 47.01
2051.66 47.01
2053.58 47.01
2055.56 47.01
2057.56 47.01
2059.56 47.01
2061.56 47.01
2063.57 47.01
2065.56 47.01
2067.66 47.01
2069.58 47.01
2071.56 47.01
2073.56 47.01
2075.56 47.01
2077.56 47.01
2079.56 47.01
2081.56 47.01
2083.67 47.01
2085.6 47.01
2087.56 47.01
2089.56 47.01
2091.56 47.01
2093.56 47.01
2095.56 47.01
2097.56 47.01
2099.66 47.01
2101.58 47.01
2103.56 47.01
2105.56 47.01
2107.56 47.01
2109.56 47.01
2111.56 47.01
2113.56 47.01
2115.67 47.01
2117.58 47.01
2119.56 47.01
2121.56 47.01
2123.56 47.01
2125.56 47.01
2127.56 24.75
2129.56 23.24
2131.66 25.86
2133.58 12.28
2135.56 29.62
2137.56 29.62
2139.56 31.85
2141.56 31.76
2143.56 13.37
2145.56 13.37
2147.66 14.26
2149.58 32.01
2151.56 32.01
2153.56 32.06
2155.56 32.06
2157.56 32.06
2159.56 32.06
2161.56 32.06
2163.66 32.06
2165.58 32.06
2167.56 32.06
2169.56 32.06
2171.56 32.06
2173.56 32.06
2175.56 32.06
2177.56 32.06
2179.56 32.06
2181.56 32.06
2183.56 32.2
2185.69 32.2
2187.81 31.83
2189.81 31.39
2191.81 31.39
2193.81 31.39
2195.81 31.39
2197.81 31.39
2199.82 32.16
2201.81 32.0
2203.81 32.24
2205.81 31.85
2207.81 32.57
2209.7 31.79
2211.81 31.79
2213.81 31.79
2215.81 31.79
2217.81 32.52
2219.81 30.63
2221.81 30.63
2223.81 34.11
2225.81 34.11
2227.81 34.11
2229.81 32.99
2231.81 33.77
2233.69 36.94
2235.81 39.5
2237.81 39.5
2239.81 39.5
2241.81 39.5
2243.81 39.5
2245.81 39.5
2247.81 39.5
2249.81 39.5
2251.81 39.5
2253.81 39.5
2255.81 39.5
2257.68 39.5
2259.81 39.5
2261.81 39.5
2263.81 39.5
2265.81 39.5
2267.81 39.5
2269.81 39.5
2271.81 39.5
2273.81 39.5
2275.81 39.5
2277.81 39.5
2279.81 39.5
2281.69 39.5
2283.81 39.5
2285.81 39.5
2287.81 40.62
2289.81 40.62
2291.81 40.62
2293.81 40.62
2295.81 40.62
2297.81 40.62
2299.81 40.62
2301.81 41.61
2303.81 41.82
2305.69 42.5
2307.81 37.62
2309.81 37.62
2311.81 40.64
2313.81 40.64
2315.81 40.64
2317.81 40.64
2319.82 40.64
2321.81 40.64
2323.81 40.64
2325.81 49.69
2327.81 52.15
2329.81 53.03
2331.81 52.83
2333.81 55.13
2335.81 56.61
2337.81 55.24
2339.81 6.45
2341.81 53.95
2343.81 57.07
2345.81 59.93
2347.81 57.08
2349.81 58.23
2351.81 0.41
2353.81 51.69
2355.81 54.7
2357.81 54.7
2359.81 54.7
2361.81 54.7
2363.81 54.7
2365.82 54.7
2367.81 54.7
2369.81 0.84
2371.81 57.04
2373.81 57.67
2375.81 57.67
2377.81 54.33
2379.81 56.75
2381.81 10.04
2383.81 54.3
2385.81 54.3
2387.81 54.3
2389.81 54.3
2391.81 54.3
2393.81 54.3
2395.81 54.3
2397.81 5.98
2399.81 57.53
2401.81 8.61
2403.81 56.06
2405.81 56.7
2407.81 53.78
2409.81 57.89
2411.81 5.97
2413.81 55.83
2415.82 56.51
2417.81 61.0
2419.81 2.66
2421.81 57.05
2423.81 1.78
2425.81 57.44
2427.81 55.01
2429.81 57.05
2431.81 58.28
2433.81 58.28
2436.06 60.4
2438.06 56.51
2439.94 56.51
2442.06 57.04
2444.06 57.04
2446.06 57.04
2448.06 58.2
2450.06 58.2
2452.06 58.2
2454.06 58.67
2456.66 58.67
2458.06 59.85
2460.06 58.8
2462.06 58.8
2463.93 58.8
2466.06 58.8
2468.06 58.8
2470.06 58.8
2472.06 58.8
2474.07 18.28
2476.06 56.99
2478.06 55.12
2480.06 3.45
2482.06 19.81
2484.06 19.81
2486.06 19.81
2487.95 19.81
2490.06 24.59
2492.06 58.04
2494.06 58.44
2496.06 59.0
2498.06 59.0
2500.06 1.54
2502.06 56.98
2504.06 56.98
2506.06 56.98
2508.06 56.98
2510.06 56.98
2511.94 56.98
2514.06 56.98
2516.06 56.98
2518.06 56.98
2520.06 56.98
2522.06 56.98
2524.06 56.98
2526.06 56.98
2528.06 56.98
2530.06 56.98
2532.06 56.98
2534.06 56.98
2535.94 56.98
2538.06 56.98
2540.06 58.85
2542.06 58.85
2544.06 58.85
2546.06 58.85
2548.06 58.85
2550.06 58.85
2552.06 58.85
2554.06 58.85
2556.06 58.85
2558.06 58.85
2560.0 58.85
2562.06 58.85
2564.06 58.85
2566.12 58.85
2568.13 58.85
2570.06 58.85
2572.06 58.85
2574.06 58.85
2576.06 58.85
2578.06 58.85
2580.06 58.85
2582.2 58.85
2584.13 58.85
2586.06 58.85
2588.06 58.85
2590.06 58.85
2592.06 58.85
2594.06 58.85
2596.06 58.85
2598.06 58.85
2600.06 58.85
2602.06 59.7
2604.06 58.23
2606.06 53.34
2608.06 59.68
2610.06 59.68
2612.06 59.68
2614.06 59.68
2616.06 59.68
2618.06 59.68
2620.06 59.68
2622.06 59.68
2624.06 59.68
2626.06 59.68
2628.06 59.68
2630.06 59.68
2632.06 59.68
2634.07 59.68
2636.06 59.68
2638.06 59.68
2640.06 59.68
2642.06 59.68
2644.06 59.68
2646.06 59.68
2648.06 59.68
2650.06 59.68
2652.06 59.68
2654.06 59.68
2656.06 59.68
2658.06 59.68
2660.06 59.68
2662.06 59.68
2664.06 59.68
2666.06 59.68
2668.06 59.68
2670.06 59.68
2672.06 59.68
2674.06 59.68
2676.06 59.68
2678.06 59.68
2680.06 59.68
2682.06 59.68
2684.06 59.68
2686.32 59.68
2688.31 59.68
2690.31 59.68
2692.31 59.68
2694.31 59.68
2696.31 59.68
2698.31 59.68
2700.31 59.68
2702.31 59.68
2704.31 59.68
2706.32 59.68
2708.31 59.68
2710.32 59.68
2712.31 59.68
2714.31 59.68
2716.32 59.68
2718.31 59.68
2720.31 59.68
2722.31 59.68
2724.31 59.68
2726.32 59.68
2728.31 59.68
2730.31 59.68
2732.31 59.68
2734.31 59.68
2736.31 59.68
2738.31 59.68
2740.33 56.51
2742.31 55.57
2744.31 6.65
2746.31 54.38
2748.31 60.48
2750.31 9.34
2752.44 14.53
2754.36 26.21
2756.31 57.21
2758.31 57.87
2760.31 58.44
2762.31 9.34
2764.31 25.07
2766.31 25.87
2768.45 25.87
2770.36 27.94
2772.31 5.81
2774.31 29.74
2776.31 5.96
2778.31 27.39
2780.31 11.0
2782.31 43.51
2784.44 5.62
2786.36 58.71
2788.31 11.42
2790.31 56.28
2792.31 53.98
2794.31 58.68
2796.31 24.93
2798.31 6.74
2800.37 38.57
2802.36 18.78
2804.31 55.85
2806.31 1.66
2808.31 25.42
2810.31 6.08
2812.31 33.13
2814.31 5.49
2816.44 39.88
2818.36 49.48
2820.31 5.71
2822.31 56.25
2824.31 5.91
2826.31 28.46
2828.31 6.55
2830.31 45.14
2832.44 45.14
2834.34 45.14
2836.31 45.14
2838.31 45.14
2840.31 45.14
2842.31 55.58
2844.31 55.58
2846.31 55.58
2848.44 55.58
2850.36 55.58
2852.31 55.58
2854.31 55.58
2856.31 55.58
2858.31 55.58
2860.31 55.58
2862.31 55.58
2864.44 57.51
2866.36 57.51
2868.31 57.51
2870.31 56.87
2872.31 56.87
2874.31 56.87
2876.31 56.87
2878.31 56.87
2880.44 56.87
2882.35 57.45
2884.31 53.49
2886.32 0.84
2888.31 57.58
2890.31 57.58
2892.31 57.58
2894.31 57.58
2896.43 57.58
2898.36 57.58
2900.31 57.58
2902.31 57.58
2904.31 57.58
2906.31 56.59
2908.31 24.58
2910.31 25.63
2912.41 25.63
2914.36 25.63
2916.32 25.63
2918.31 26.49
2920.31 26.49
2922.31 3.89
2924.31 4.35
2926.31 1.33
2928.45 3.81
2930.37 4.67
2932.31 5.08
2934.31 1.24
2936.56 15.71
2938.69 15.71
2940.6 21.24
2942.56 14.67
2944.56 20.93
2946.56 20.93
2948.56 21.89
2950.56 26.22
2952.56 26.41
2954.56 1.69
2956.56 2.52
2958.57 0.61
2960.56 0.1
2962.56 23.82
2964.57 5.18
2966.56 15.55
2968.56 15.55
2970.56 15.55
2972.59 15.55
2974.56 0.11
2976.56 21.63
2978.57 11.38
2980.56 22.86
2982.54 3.71
2984.56 1.52
2986.63 0.81
2988.56 1.37
2990.57 0.81
2992.56 7.07
2994.57 21.76
2996.56 0.61
2998.56 24.13
3000.57 27.7
3002.56 30.8
3004.56 29.94
3006.44 6.93
3008.56 31.37
3010.56 30.67
3012.56 34.74
3014.56 36.54
3016.56 32.13
3018.31 0.84
3020.31 18.18
3022.31 37.84
