0.0 39.11
1.66 2.96
3.66 12.65
5.66 32.64
7.66 23.58
9.66 23.46
11.67 17.33
13.66 30.11
15.66 25.23
17.67 20.27
19.66 31.13
21.69 0.66
23.66 17.09
25.66 35.97
27.66 12.19
29.66 31.55
31.66 15.12
33.66 28.21
35.66 11.34
37.66 30.03
39.66 26.31
41.67 29.01
43.67 34.82
45.66 17.35
47.66 21.45
49.66 6.19
51.67 0.47
53.66 35.49
55.66 0.38
57.66 20.7
59.91 4.23
61.91 7.52
63.91 33.02
65.91 43.83
67.91 19.36
69.91 44.29
71.91 20.17
73.91 0.14
75.91 0.44
77.91 24.9
79.91 21.67
81.93 18.14
83.91 32.63
85.91 38.52
87.91 23.46
89.91 20.06
91.91 18.07
93.91 35.85
96.16 35.85
98.16 16.07
100.16 18.21
102.16 24.03
104.16 0.88
106.19 25.55
108.16 24.91
110.16 30.81
112.16 28.82
114.16 21.15
116.16 34.38
118.16 0.55
120.16 29.8
122.16 11.93
124.16 7.96
126.18 21.73
128.16 18.29
130.17 24.7
132.16 18.5
134.16 36.76
136.18 21.51
138.17 24.4
140.16 29.58
142.18 41.51
144.16 28.73
146.42 45.2
148.41 18.85
150.42 13.88
152.41 26.97
154.42 17.79
156.41 28.05
158.41 30.33
160.41 22.94
162.41 19.17
164.67 27.29
166.66 23.03
168.67 19.81
170.68 31.49
172.66 23.16
174.66 16.28
176.67 29.11
178.67 29.19
180.67 17.3
182.66 39.13
184.67 26.38
186.67 16.36
188.92 23.73
190.92 30.75
192.91 27.28
195.16 34.3
197.16 9.27
199.17 37.71
201.16 38.73
203.18 21.03
205.17 35.12
207.17 28.05
209.16 38.59
211.16 13.97
213.17 22.37
215.16 29.82
217.17 34.63
219.16 22.27
221.17 36.11
223.17 26.79
225.17 26.55
227.17 20.56
229.17 40.3
231.17 4.77
233.17 29.52
235.17 22.65
237.17 18.56
239.22 29.52
241.42 29.31
243.42 24.45
245.42 24.45
247.67 12.48
249.68 17.65
251.67 21.05
253.67 24.04
255.68 32.03
257.67 24.91
259.68 27.58
261.69 24.17
263.68 32.87
265.67 18.22
267.67 8.15
269.67 39.86
271.67 25.09
273.67 25.88
275.67 12.5
277.67 11.35
279.68 23.98
281.67 23.99
283.67 22.09
285.67 22.94
287.68 20.3
289.68 18.46
291.67 27.7
293.67 20.1
295.67 23.31
297.67 31.29
299.93 28.38
301.92 41.15
303.74 24.19
305.92 14.75
307.92 23.98
309.93 34.48
311.94 17.2
313.92 21.92
315.92 38.42
317.92 33.89
319.92 27.25
321.92 15.98
323.92 34.5
325.92 37.05
327.71 43.05
329.92 41.86
331.92 18.14
333.92 32.67
335.93 25.57
337.92 14.32
339.93 28.0
341.93 38.37
343.92 22.93
345.93 22.45
347.92 18.31
349.92 27.52
351.92 26.41
353.92 21.89
355.93 22.17
357.93 18.01
359.92 37.32
361.92 36.95
363.94 23.21
365.93 36.64
367.92 17.25
369.93 31.2
371.93 32.48
373.93 33.3
375.94 26.03
377.92 17.39
379.93 24.98
381.93 37.16
383.92 33.35
385.93 0.63
387.93 11.12
389.92 32.26
391.93 33.43
393.93 18.77
395.92 13.35
397.93 12.02
399.93 27.63
401.92 20.84
403.92 20.55
405.93 25.15
407.93 23.55
409.93 25.23
411.93 35.37
413.92 34.13
415.94 30.02
417.93 11.11
419.93 30.58
421.92 31.22
423.93 25.65
425.92 13.05
427.93 22.4
429.93 29.53
431.93 30.62
433.93 25.34
435.93 26.04
437.93 10.95
439.93 6.54
441.93 30.98
443.93 27.46
445.93 10.65
447.94 16.81
449.93 27.2
451.93 23.32
453.93 14.93
455.93 40.16
458.17 35.62
460.17 35.33
462.18 15.05
464.18 35.2
466.18 34.21
468.18 26.12
470.18 9.68
472.19 26.03
474.18 24.16
476.18 17.62
478.18 23.18
480.18 11.03
482.18 26.13
484.18 31.82
486.18 32.66
488.18 13.35
490.18 30.53
492.18 31.96
494.18 6.09
496.18 24.2
498.18 36.16
500.18 40.02
502.18 9.99
504.18 38.82
506.2 31.99
508.19 17.41
510.18 22.61
512.18 30.09
514.18 16.46
516.18 19.09
518.18 36.61
520.2 15.68
522.18 39.1
524.18 41.06
526.18 29.88
528.18 14.69
530.18 23.23
532.19 34.67
534.18 27.4
536.18 17.19
538.18 17.73
540.18 21.11
542.18 32.04
544.18 19.97
546.2 20.83
548.18 17.93
550.19 16.58
552.43 32.26
554.43 33.68
556.44 23.09
558.43 10.63
560.45 44.19
562.52 28.06
564.43 20.68
566.44 33.53
568.43 22.12
570.44 13.17
572.43 39.46
574.43 30.53
576.44 36.2
578.43 25.0
580.43 26.18
582.44 37.38
584.43 37.76
586.44 25.74
588.44 32.71
590.43 40.32
592.43 34.46
594.43 37.85
596.43 15.49
598.43 30.96
600.43 26.53
602.44 18.64
604.43 34.8
606.43 18.62
608.43 27.39
610.43 39.18
612.43 39.18
614.44 35.4
616.44 10.0
618.69 26.25
620.69 38.26
622.7 39.92
624.69 36.28
626.69 12.36
628.69 40.49
630.69 28.86
632.94 31.29
634.94 20.51
636.93 27.65
638.94 8.11
640.94 31.78
642.94 16.52
644.95 16.52
646.94 18.87
648.94 27.76
650.95 15.86
652.94 13.15
654.73 19.12
656.94 20.41
658.94 35.96
660.94 35.96
662.94 33.24
664.96 24.7
666.94 26.1
668.94 13.81
670.94 37.67
672.96 23.84
674.94 13.64
676.94 32.63
678.94 16.91
680.94 26.96
683.19 20.78
685.19 24.98
687.2 24.32
689.19 26.11
691.18 34.54
693.44 26.95
695.43 16.89
697.45 17.45
699.44 23.92
701.44 20.94
703.46 34.88
705.44 20.63
707.69 35.45
709.69 31.27
711.69 19.46
713.7 41.38
715.7 38.07
717.69 38.87
719.69 23.65
721.7 47.47
723.7 22.39
725.7 43.18
727.7 29.53
729.7 13.79
731.69 15.74
733.69 19.19
735.7 25.0
737.7 29.13
739.7 22.56
741.69 15.78
743.69 21.23
745.7 34.37
747.7 16.92
749.69 24.15
751.71 4.52
753.69 39.98
755.69 14.15
757.69 20.27
759.7 24.15
761.7 18.28
763.7 30.76
765.7 18.17
767.94 29.16
769.94 31.25
771.94 21.28
773.94 23.89
775.94 27.61
777.94 27.89
779.94 19.06
781.94 31.1
783.95 18.26
785.95 29.53
787.94 31.33
789.96 38.69
791.94 19.72
793.94 40.19
795.94 39.8
797.94 6.48
799.95 21.13
801.95 29.16
803.94 38.27
806.22 43.72
808.2 45.53
810.19 24.24
812.19 20.67
814.19 14.65
816.2 28.39
818.19 18.36
820.19 9.23
822.2 36.31
824.49 26.5
826.19 10.98
828.2 14.14
830.19 17.14
832.2 21.96
834.2 17.43
836.2 7.45
838.2 22.38
840.2 14.7
842.2 25.78
844.2 21.66
846.2 20.55
848.19 37.55
850.2 24.19
852.19 22.95
854.2 37.4
856.2 41.27
858.2 17.3
860.2 17.3
862.19 22.53
864.19 16.51
866.2 21.14
868.19 13.45
870.45 18.49
872.45 35.74
874.45 19.28
876.45 33.51
878.44 26.07
880.45 30.42
882.45 17.61
884.45 36.17
886.48 8.83
888.45 20.4
890.48 4.58
892.44 27.52
894.45 14.03
896.45 13.07
898.45 15.8
900.46 32.39
902.44 14.07
904.45 12.27
906.46 14.47
908.44 25.47
910.45 32.28
912.46 18.83
914.47 22.88
916.49 26.11
918.44 22.28
920.44 26.92
922.45 29.52
924.44 41.29
926.45 21.99
928.7 38.79
930.72 23.94
932.7 8.08
934.71 19.06
936.71 9.28
938.7 31.13
940.7 22.27
942.7 26.75
944.7 17.79
946.7 30.83
948.71 18.95
950.71 15.43
952.73 37.86
954.71 21.55
956.98 26.48
958.95 16.01
960.96 20.7
962.95 32.95
964.95 19.76
966.95 19.75
968.96 30.15
970.95 30.76
972.95 19.24
974.95 22.51
976.95 13.36
978.95 19.14
980.96 33.38
982.95 35.99
985.21 27.32
987.2 19.79
989.21 17.06
991.45 32.42
993.45 14.85
995.45 39.06
997.45 38.89
999.46 26.25
1001.48 17.86
1003.46 30.54
1005.45 19.01
1007.45 27.91
1009.45 34.33
1011.46 22.87
1013.45 38.06
1015.46 27.81
1017.45 24.32
1019.45 18.59
1021.45 27.5
1023.45 43.38
1025.45 14.57
1027.45 32.51
1029.45 30.82
1031.46 32.44
1033.46 32.73
1035.71 32.73
1037.71 25.87
1039.72 20.16
1041.72 35.52
1043.71 18.73
1045.96 28.56
1047.96 13.33
1049.96 30.48
1051.97 21.48
1054.1 33.62
1055.96 24.0
1057.96 25.0
1059.95 38.93
1061.96 28.23
1063.96 34.18
1065.97 25.75
1067.96 33.85
1069.96 19.93
1071.97 25.83
1073.96 27.12
1075.96 15.38
1077.97 13.23
1079.96 21.96
1081.97 16.93
1083.97 18.86
1086.0 27.66
1087.96 7.26
1089.96 26.19
1091.96 23.84
1093.97 16.56
1095.96 18.59
1097.97 30.82
1099.96 36.7
1101.96 36.44
1103.96 23.02
1105.96 23.79
1107.96 26.73
1109.97 30.79
1111.96 37.97
1113.97 27.57
1115.96 26.97
1117.97 37.46
1119.97 32.84
1121.96 37.17
1123.97 19.5
1125.98 9.66
1127.96 15.78
1129.96 36.27
1131.97 36.87
1133.96 42.23
1136.21 33.32
1138.21 29.26
1140.2 12.58
1142.46 31.9
1144.46 25.11
1146.46 40.42
1148.47 25.66
1150.46 26.19
1152.24 21.74
1154.46 6.12
1156.46 12.15
1158.46 25.34
1160.47 11.87
1162.46 39.26
1164.46 33.28
1166.49 36.82
1168.46 35.84
1170.46 35.84
1172.46 37.8
1174.46 33.18
1176.46 15.48
1178.46 45.82
1180.46 21.59
1182.46 31.43
1184.46 24.08
1186.46 10.27
1188.72 28.91
1190.74 24.09
1192.72 12.81
1194.72 24.64
1196.72 29.47
1198.72 17.87
1200.72 24.53
1202.72 20.49
1204.72 26.49
1206.71 19.97
1208.72 34.52
1210.74 21.86
1212.72 18.6
1214.72 21.42
1216.74 19.95
1218.72 36.16
1220.73 24.29
1222.71 19.74
1224.72 33.07
1226.72 23.32
1228.71 25.13
1230.8 15.96
1232.74 35.31
1234.72 30.17
1236.72 25.76
1238.72 19.82
1240.72 30.13
1242.72 27.29
1244.72 27.57
1246.73 19.13
1248.73 14.07
1250.74 19.05
1252.72 21.46
1254.73 17.78
1256.72 24.64
1258.73 31.14
1260.72 24.55
1262.72 11.51
1264.72 19.15
1266.72 27.45
1268.72 24.12
1270.72 10.78
1272.73 31.4
1274.72 5.37
1276.72 14.34
1278.72 27.89
1280.72 32.91
1282.72 26.15
1284.72 23.24
1286.72 31.48
1288.72 26.96
1290.74 34.02
1292.72 18.59
1294.72 19.31
1296.72 19.63
1298.72 27.93
1300.74 15.97
1302.72 25.85
1304.72 39.0
1306.72 27.63
1308.72 33.44
1310.72 7.15
1312.72 27.15
1314.73 17.91
1316.72 27.11
1318.73 10.35
1320.73 28.57
1322.72 25.98
1324.71 26.96
1326.73 21.16
1328.73 23.78
1330.73 34.3
1332.73 27.66
1334.98 24.26
1336.97 27.14
1338.97 23.95
1340.98 23.5
1342.97 35.88
1344.97 13.71
1346.97 29.58
1348.98 16.96
1350.98 12.37
1352.97 27.98
1354.97 10.8
1356.98 29.48
1358.98 25.85
1360.97 25.73
1363.0 33.88
1364.98 30.97
1366.97 26.7
1369.22 19.0
1371.22 27.86
1373.22 41.05
1375.22 28.09
1377.22 35.87
1379.22 22.56
1381.22 23.39
1383.24 39.28
1385.22 29.33
1387.22 26.03
1389.22 39.58
1391.22 37.91
1393.22 16.83
1395.22 25.72
1397.22 26.65
1399.22 30.51
1401.22 19.09
1403.23 33.73
1405.23 2.82
1407.22 31.81
1409.22 33.2
1411.23 14.03
1413.22 13.46
1415.22 27.5
1417.22 17.22
1419.22 25.76
1421.22 22.94
1423.22 35.75
1425.23 29.83
1427.22 24.03
1429.22 34.44
1431.23 35.58
1433.22 1.79
1435.22 10.39
1437.22 19.93
1439.25 33.34
1441.22 33.47
1443.22 19.35
1445.23 15.22
1447.25 22.96
1449.22 20.65
1451.23 22.99
1453.22 36.06
1455.23 34.59
1457.23 32.05
1459.22 31.62
1461.23 36.34
1463.23 37.85
1465.23 14.09
1467.39 30.99
1469.23 23.61
1471.28 18.87
1473.23 24.27
1475.22 41.1
1477.23 25.82
1479.25 21.04
1481.23 32.37
1483.22 14.78
1485.23 22.24
1487.23 28.34
1489.23 26.25
1491.23 24.8
1493.23 17.78
1495.22 28.09
1497.22 29.48
1499.23 35.62
1501.22 8.91
1503.23 35.79
1505.23 37.75
1507.24 11.08
1509.23 26.05
1511.48 27.52
1513.48 18.28
1515.48 21.28
1517.48 16.84
1519.48 27.29
1521.48 19.32
1523.48 29.36
1525.48 19.3
1527.48 0.39
1529.48 33.36
1531.48 24.3
1533.73 22.12
1535.74 21.5
1537.74 16.77
1539.74 26.72
1541.73 36.45
1543.73 36.74
1545.74 36.6
1547.73 13.99
1549.79 33.78
1551.74 34.76
1553.74 7.57
1555.74 40.56
1557.73 21.72
1559.73 35.38
1561.73 19.44
1563.73 21.4
1565.74 37.66
1567.73 37.84
1569.74 32.48
1571.74 19.23
1573.74 23.92
1575.74 22.47
1577.74 27.8
1579.74 23.83
1581.79 22.76
1583.73 31.37
1585.73 17.63
1587.73 14.62
1589.73 21.51
1591.73 28.92
1593.74 21.82
1595.74 13.96
1597.74 31.66
1599.73 25.4
1601.73 22.75
1603.73 3.43
1605.74 35.31
1607.74 34.57
1609.74 17.79
1611.73 16.22
1613.74 26.6
1615.73 10.35
1617.74 20.45
1619.99 27.54
1621.99 22.79
1623.98 22.82
1625.98 5.55
1627.99 20.94
1629.98 9.77
1631.98 29.89
1633.98 18.73
1635.99 30.47
1637.98 33.69
1639.98 28.42
1641.99 19.44
1643.99 12.52
1646.0 23.16
1648.0 16.22
1649.98 19.74
1651.98 28.93
1653.98 11.58
1655.98 26.84
1657.99 17.06
1659.99 18.69
1661.98 25.04
1663.99 29.55
1665.99 19.57
1668.01 16.57
1669.99 14.94
1671.99 27.16
1673.99 27.94
1676.0 21.02
1677.99 21.01
1680.23 14.45
1682.23 21.37
1684.24 18.22
1686.27 6.34
1688.24 33.5
1690.24 9.39
1692.23 26.06
1694.24 31.13
1696.49 19.13
1698.48 35.14
1700.48 38.59
1702.48 28.69
1704.48 25.42
1706.49 37.37
1708.48 26.41
1710.49 32.1
1712.49 23.38
1714.48 35.51
1716.49 25.49
1718.48 38.73
1720.48 16.75
1722.49 16.75
1724.48 31.12
1726.49 17.13
1728.49 26.15
1730.49 14.61
1732.49 30.63
1734.49 8.09
1736.49 32.55
1738.49 25.47
1740.48 25.69
1742.49 27.35
1744.49 28.88
1746.75 16.92
1748.74 13.53
1750.74 35.45
1752.75 14.47
1754.74 17.07
1756.74 31.58
1758.74 37.05
1760.75 38.25
1762.74 31.19
1764.74 19.73
1766.74 13.21
1768.75 28.55
1770.74 27.09
1772.74 38.55
1774.75 4.18
1776.74 15.51
1778.74 17.02
1780.74 17.81
1782.99 32.96
1784.99 35.88
1787.0 20.54
1788.99 21.59
1790.99 28.17
1792.99 39.19
1794.99 34.56
1796.99 29.99
1798.99 30.8
1800.98 30.08
1802.99 17.96
1804.99 14.55
1807.24 33.62
1809.24 33.23
1811.25 34.71
1813.24 31.41
1815.24 21.25
1817.24 23.81
1819.24 11.62
1821.24 40.5
1823.24 33.7
1825.25 31.38
1827.25 23.28
1829.24 18.42
1831.24 33.24
1833.25 6.09
1835.24 20.88
1837.25 35.29
1839.25 21.44
1841.25 24.87
1843.24 30.82
1845.25 38.52
1847.24 26.59
1849.24 38.24
1851.24 38.24
1853.24 25.43
1855.25 25.43
1857.24 21.44
1859.24 27.96
1861.26 25.55
1863.25 35.14
1865.24 22.96
1867.25 22.89
1869.24 13.27
1871.24 30.44
1873.24 20.28
1875.24 31.63
1877.24 39.2
1879.25 29.85
1881.24 16.18
1883.24 31.48
1885.49 27.68
1887.5 33.72
1889.49 22.36
1891.5 29.1
1893.5 22.24
1895.5 20.68
1897.49 21.81
1899.49 27.41
1901.49 14.81
1903.49 22.13
1905.49 28.97
1907.49 19.45
1909.49 15.97
1911.49 19.22
1913.49 25.09
1915.75 19.99
1917.79 34.16
1919.76 21.47
1921.83 32.3
1923.82 25.57
1925.75 16.57
1927.54 35.92
1929.75 22.36
1931.75 36.57
1933.75 28.77
1935.75 27.29
1938.0 24.51
1940.0 35.19
1942.0 15.9
1944.0 34.46
1946.0 29.87
1948.0 14.91
1950.0 17.64
1952.0 22.93
1954.0 17.39
1956.0 26.0
1958.0 21.27
1960.0 2.88
1962.04 25.25
1964.0 11.3
1966.0 14.35
1968.0 36.79
1970.0 32.6
1972.0 35.36
1974.02 19.86
1976.0 31.8
1978.0 21.28
1980.0 28.33
1982.0 24.12
1984.0 42.05
1986.02 19.4
1988.25 22.38
1990.25 30.43
1992.26 22.02
1994.25 12.43
1996.25 13.32
1998.25 16.13
2000.25 12.55
2002.25 29.02
2004.25 17.34
2006.25 15.42
2008.26 18.45
2010.25 26.64
2012.25 27.78
2014.25 19.83
2016.27 13.57
2018.25 31.83
2020.25 25.02
2022.25 27.58
2024.25 34.17
2026.25 33.99
2028.25 23.9
2030.25 37.58
2032.26 36.26
2034.25 35.9
2036.28 7.61
2038.26 17.24
2040.27 30.61
2042.25 26.71
2044.29 33.7
2046.28 27.45
2048.25 29.44
2050.26 19.21
2052.25 22.19
2054.25 25.23
2056.25 30.68
2058.25 20.45
2060.25 18.9
2062.25 25.22
2064.25 32.13
2066.28 29.54
2068.26 23.53
2070.25 31.58
2072.25 24.23
2074.26 32.07
2076.29 25.57
2078.25 26.31
2080.27 33.04
2082.25 28.12
2084.25 18.55
2086.27 21.76
2088.25 34.78
2090.5 39.3
2092.5 30.51
2094.5 17.26
2096.31 40.15
2098.51 11.4
2100.5 15.27
2102.5 19.78
2104.5 22.59
2106.5 30.62
2108.5 15.44
2110.5 17.33
2112.5 15.59
2114.5 13.27
2116.51 9.82
2118.5 26.14
2120.5 25.52
2122.5 28.75
2124.5 23.67
2126.51 24.97
2128.5 30.52
2130.51 22.69
2132.5 20.25
2134.5 34.63
2136.51 38.63
2138.5 26.67
2140.5 23.28
2142.51 36.9
2144.5 31.05
2146.51 12.81
2148.5 19.07
2150.51 34.66
2152.76 32.87
2154.79 29.15
2156.76 3.51
2158.77 5.19
2160.77 23.29
2162.76 14.39
2164.76 20.11
2166.76 25.7
2168.76 28.88
2170.77 15.27
2172.76 18.6
2174.76 29.97
2176.76 32.89
2178.76 20.19
2180.77 13.21
2182.77 32.66
2184.76 31.87
2186.77 37.02
2188.76 25.13
2190.77 30.43
2192.76 20.56
2194.76 33.64
2196.76 28.03
2198.76 16.49
2200.77 19.62
2202.77 25.49
2204.76 30.27
2206.77 26.68
2208.76 11.73
2210.76 26.21
2212.76 28.94
2214.77 26.14
2216.77 26.13
2218.77 27.84
2220.77 37.44
2222.76 36.91
2224.78 35.38
2226.76 41.46
2228.76 16.96
2230.78 30.57
2233.02 39.07
2235.02 33.25
2237.01 28.21
2239.02 40.55
2241.02 23.98
2243.02 23.27
2245.01 15.36
2247.02 19.72
2249.01 5.96
2251.02 17.33
2253.03 15.87
2255.01 12.33
2257.01 29.29
2259.01 30.08
2261.26 32.94
2263.26 20.79
2265.26 21.52
2267.27 31.42
2269.26 28.22
2271.26 28.69
2273.27 20.93
2275.26 19.47
2277.26 31.57
2279.26 26.5
2281.27 26.87
2283.26 38.52
2285.27 39.45
2287.26 34.67
2289.26 27.48
2291.26 35.25
2293.26 33.04
2295.26 33.93
2297.3 34.42
2299.54 20.86
2301.52 32.76
2303.51 27.66
2305.52 27.39
2307.51 27.39
2309.52 27.31
2311.51 30.0
2313.51 26.07
2315.77 30.34
2317.78 26.35
2319.77 17.51
2321.77 18.5
2323.76 33.75
2326.02 40.42
2327.81 19.36
2330.02 20.5
2332.03 19.85
2334.02 26.73
2336.02 27.69
2338.02 15.91
2340.02 11.23
2342.02 22.76
2344.03 24.42
2346.02 15.65
2348.02 24.97
2350.02 36.85
2351.82 32.23
2354.02 32.14
2356.03 32.14
2358.02 15.3
2360.03 18.86
2362.02 31.29
2364.03 9.52
2366.03 8.62
2368.02 18.55
2370.02 20.87
2372.02 12.56
2374.03 19.09
2376.04 24.48
2378.02 11.6
2380.02 38.23
2382.02 24.23
2384.03 29.8
2386.02 28.74
2388.03 22.11
2390.02 17.06
2392.02 22.18
2394.02 22.43
2396.28 39.29
2398.27 37.48
2400.27 12.05
2402.27 30.19
2404.28 26.7
2406.27 32.81
2408.27 16.67
2410.28 18.45
2412.27 18.45
2414.31 29.47
2416.27 29.94
2418.27 0.99
2420.27 21.97
2422.28 13.17
2424.27 24.48
2426.27 39.36
2428.27 42.4
2430.27 25.13
2432.27 29.23
2434.27 23.45
2436.27 48.17
2438.27 34.41
2440.3 26.63
2442.27 28.88
2444.27 15.98
2446.28 29.34
2448.27 30.53
2450.27 19.6
2452.27 15.54
2454.28 41.34
2456.29 29.49
2458.27 21.09
2460.27 39.38
2462.27 26.57
2464.27 19.07
2466.28 39.71
2468.28 36.41
2470.27 35.89
2472.3 16.29
2474.27 34.69
2476.28 32.25
2478.28 30.77
2480.27 0.46
2482.52 34.74
2484.52 28.08
2486.52 37.0
2488.53 40.95
2490.52 26.17
2492.52 34.45
2494.52 34.45
2496.52 27.47
2498.52 20.65
2500.52 22.37
2502.52 34.58
2504.52 35.54
2506.52 36.2
2508.52 30.94
2510.53 29.33
2512.52 29.33
2514.53 39.96
2516.56 37.89
2518.52 21.55
2520.53 21.55
2522.53 26.55
2524.52 25.44
2526.55 17.94
2528.52 28.52
2530.52 28.56
2532.53 14.34
2534.52 30.03
2536.53 35.55
2538.81 29.42
2540.78 34.99
2542.79 38.03
2544.78 37.77
2546.78 24.36
2548.79 19.98
2550.78 24.68
2552.77 10.91
2554.78 26.54
2556.78 30.26
2559.03 14.73
2561.03 27.98
2563.03 31.6
2565.04 9.19
2567.03 18.62
2569.03 35.52
2571.04 24.16
2573.03 36.17
2575.28 26.7
2577.28 38.51
2579.31 27.39
2581.28 16.48
2583.28 15.26
2585.28 24.76
2587.33 2.69
2589.33 30.01
2591.52 27.08
2593.53 26.08
2595.53 22.47
2597.52 15.48
2599.53 24.63
2601.53 21.61
2603.53 17.59
2605.53 24.0
2607.53 21.63
2609.56 18.96
2611.53 18.25
2613.53 21.95
2615.78 27.71
2617.79 22.86
2619.78 20.51
2621.78 11.05
2623.78 19.4
2625.78 18.89
2627.79 27.29
2629.79 33.4
2631.78 33.4
2633.78 24.45
2635.77 14.17
2637.79 19.91
2639.79 28.47
2641.78 22.04
2643.78 13.85
2645.78 21.04
2647.79 20.67
2650.04 33.84
2652.03 26.99
2654.03 20.2
2656.05 40.24
2658.03 32.92
2660.05 23.31
2662.04 25.28
2664.03 30.38
2666.03 22.0
2668.04 16.35
2670.04 28.36
2672.03 16.27
2674.03 23.97
2676.04 17.79
2678.04 26.79
2680.04 27.35
2682.03 26.52
2684.03 24.98
2686.03 19.51
2688.03 11.73
2690.03 27.34
2692.04 36.45
2694.04 10.63
2696.18 15.49
2698.04 26.15
2700.04 19.82
2702.03 34.74
2704.04 34.67
2706.05 41.18
2708.04 22.94
2710.04 25.99
2712.03 16.3
2714.03 32.5
2716.04 33.04
2718.04 13.01
2720.05 24.53
2722.04 18.8
2724.04 24.93
2726.06 29.95
2728.04 30.04
2730.06 36.37
2732.08 18.19
2734.03 10.49
2736.29 17.82
2738.29 23.35
2740.3 16.9
2742.29 24.66
2744.29 19.57
2746.29 30.8
2748.28 19.2
2750.28 30.57
2752.08 20.64
2754.29 30.47
2756.31 28.86
2758.29 33.34
2760.29 25.55
2762.28 16.59
2764.28 11.69
2766.29 30.36
2768.29 22.31
2770.29 26.37
2772.29 26.95
2774.3 13.3
2776.33 32.4
2778.29 22.23
2780.54 25.02
2782.54 27.98
2784.53 27.99
2786.53 27.71
2788.54 33.99
2790.54 15.23
2792.53 26.04
2794.53 28.0
2796.54 23.22
2798.54 13.3
2800.35 23.28
2802.54 26.02
2804.55 32.92
2806.54 27.75
2808.54 17.92
2810.54 18.72
2812.53 23.49
2814.54 15.41
2816.54 21.67
2818.54 20.27
2820.54 27.67
2822.54 17.9
2824.55 31.66
2826.54 19.73
2828.56 26.74
2830.54 20.13
2832.54 4.78
2834.54 24.75
2836.55 29.92
2838.54 33.6
2840.54 27.2
2842.56 28.07
2844.55 32.57
2846.55 17.68
2848.55 1.18
2850.54 24.97
2852.54 36.44
2854.54 16.79
2856.54 23.18
2858.54 34.5
2860.57 27.81
2862.54 27.66
2864.54 29.11
2866.54 13.26
2868.54 28.46
2870.54 15.35
2872.55 6.98
2874.54 24.85
2876.54 32.2
2878.54 9.25
2880.55 33.11
2882.55 19.51
2884.54 31.14
2886.54 26.61
2888.54 17.09
2890.54 22.02
2892.54 37.87
2894.54 31.22
2896.54 38.85
2898.54 15.89
2900.56 33.25
2902.56 24.88
2904.54 23.25
2906.8 21.66
2908.8 37.33
2910.8 26.43
2912.8 36.07
2914.8 18.64
2916.8 19.51
2918.8 42.31
2920.8 34.13
2922.8 14.59
2924.8 0.9
2926.79 34.67
2928.8 35.27
2930.8 25.86
2932.8 8.76
2934.8 26.85
2936.79 32.09
2938.8 21.49
2940.8 27.1
2942.8 33.33
2944.8 33.0
2946.8 33.0
2948.8 19.51
2950.91 17.17
2952.8 17.91
2954.82 27.33
2957.05 25.22
2959.05 8.55
2961.06 18.97
2963.05 12.35
2965.05 15.9
2967.07 17.81
2969.06 20.39
2971.05 17.66
2973.05 35.18
2975.05 33.04
2977.05 28.2
2979.05 18.39
2981.05 35.42
2983.05 37.4
2985.05 28.56
2987.05 25.95
2989.05 19.73
2991.05 21.08
2993.05 19.82
2995.05 16.83
2997.05 22.89
2999.05 24.8
3001.05 27.95
3003.05 32.84
3005.05 33.44
3007.05 42.31
3009.05 26.27
3011.05 14.98
3013.05 28.91
3015.07 24.34
3017.05 26.12
3019.08 16.07
3021.06 22.25
3023.05 31.66
3025.07 34.15
3027.05 32.03
3029.05 37.99
3031.05 36.83
3033.05 29.29
3035.05 28.58
3037.05 37.96
3039.05 22.23
3041.06 25.75
3043.05 38.94
3045.05 34.37
3047.05 26.29
3049.05 22.7
3051.06 30.05
3053.05 21.68
3055.1 35.63
3057.05 21.35
3059.05 16.38
3061.05 14.09
3063.05 27.74
3065.05 25.91
3067.06 24.6
3069.06 27.11
3071.3 25.42
3073.3 23.72
3075.31 35.28
3077.3 13.52
3079.09 21.58
3081.31 14.67
3083.3 35.49
3085.3 21.9
3087.31 19.7
3089.31 23.5
3091.3 31.84
3093.36 30.55
3095.3 34.17
3097.3 34.47
3099.31 24.55
3101.3 28.8
3103.3 20.89
3105.37 27.5
3107.3 16.54
3109.31 34.04
3111.32 35.61
3113.3 14.02
3115.32 30.13
3117.3 8.27
3119.3 22.64
3121.55 25.68
3123.56 26.74
3125.56 22.13
3127.56 33.02
3129.56 37.38
3131.56 14.39
3133.55 30.73
3135.55 27.51
3137.56 16.24
3139.56 33.44
3141.56 18.55
3143.56 28.8
3145.55 21.69
3147.55 18.17
3149.55 25.03
3151.55 25.25
3153.58 39.71
3155.55 26.21
3157.55 13.65
3159.55 29.96
3161.57 22.15
3163.55 32.75
3165.55 33.18
3167.55 31.49
3169.55 14.45
3171.56 8.81
3173.55 19.3
3175.55 36.96
3177.57 38.66
3179.56 31.99
3181.56 19.52
3183.56 37.26
3185.55 32.87
3187.56 29.59
3189.55 26.73
3191.55 19.44
3193.56 9.64
3195.55 13.11
3197.56 28.14
3199.56 36.84
3201.56 36.26
3203.55 24.36
3205.55 37.17
3207.56 26.05
3209.55 33.18
3211.56 21.55
3213.56 28.71
3215.55 21.9
3217.56 18.26
3219.55 18.56
3221.55 11.33
3223.55 35.66
3225.56 39.47
3227.56 39.87
3229.56 40.68
3231.56 15.05
3233.56 14.98
3235.56 26.87
3237.56 25.64
3239.56 23.07
3241.56 18.18
3243.56 18.22
3245.56 21.11
3247.56 9.98
3249.56 13.7
3251.56 16.63
3253.56 20.38
3255.57 30.88
3257.56 16.87
3259.56 31.42
3261.57 27.58
3263.56 30.63
3265.83 21.18
3267.81 16.47
3269.82 26.94
3271.81 29.0
3273.82 32.23
3275.81 32.64
3277.82 24.09
3279.82 28.77
3281.82 16.74
3283.82 36.19
3285.82 20.45
3287.82 27.25
3290.06 30.62
3292.06 33.21
3294.06 40.63
3296.07 19.93
3298.06 7.97
3300.07 30.22
3302.06 34.36
3304.06 29.24
3306.06 28.13
3308.07 40.45
3310.07 39.88
3312.07 23.9
3314.07 17.67
3316.07 30.87
3318.07 30.95
3320.07 22.14
3322.06 23.28
3324.06 35.79
3326.07 25.74
3328.07 36.1
3330.07 20.26
3332.07 20.39
3334.06 22.34
3336.08 26.75
3338.07 35.05
3340.07 21.2
3342.07 8.16
3344.06 17.43
3346.09 22.28
3348.06 19.56
3350.06 18.66
3352.2 19.26
3354.07 18.36
3356.09 30.14
3358.06 20.61
3360.06 18.93
3362.06 19.11
3364.31 22.08
3366.32 35.52
3368.32 16.4
3370.31 16.55
3372.31 19.49
3374.32 26.45
3376.31 22.54
3378.57 15.02
3380.56 20.21
3382.56 22.8
3384.56 36.88
3386.56 12.65
3388.83 34.61
3390.85 29.99
3392.83 16.92
3394.82 15.32
3396.82 33.66
3398.82 25.85
3400.82 35.0
3402.82 22.52
3404.82 30.64
3406.82 21.08
3408.82 16.82
3410.83 27.61
3412.82 24.95
3414.82 12.11
3416.82 19.29
3418.83 19.21
3420.82 13.32
3423.07 23.61
3425.07 19.0
3427.07 24.53
3429.24 25.08
3431.07 23.33
3433.08 29.26
3435.07 27.5
3437.08 20.02
3439.07 20.62
3441.07 22.21
3443.07 23.77
3445.08 30.5
3447.07 16.47
3449.07 30.37
3451.07 17.74
3453.07 33.77
3455.09 39.82
3457.07 35.39
3459.07 24.01
3461.07 28.99
3463.07 23.18
3465.07 11.66
3467.08 28.55
3469.07 35.4
3471.07 36.31
3473.07 30.28
3475.07 25.86
3477.07 21.69
3479.07 5.77
3481.07 37.34
3483.07 25.89
3485.07 35.03
3487.07 32.39
3489.07 19.66
3491.07 19.49
3493.08 38.39
3495.07 17.22
3497.07 21.39
3499.08 40.04
3501.08 26.13
3503.07 20.29
3505.09 34.35
3507.07 37.11
3509.08 28.0
3511.08 24.37
3513.07 17.37
3515.08 25.36
3517.07 27.85
3519.08 18.12
3521.08 26.82
3523.08 21.39
3525.08 37.18
3527.32 20.3
3529.32 29.73
3531.32 45.53
3533.33 45.53
3535.57 10.34
3537.58 25.48
3539.58 22.97
3541.58 50.14
3543.58 23.18
3545.82 11.59
3547.82 16.72
3549.83 33.62
3551.82 37.63
3553.83 42.45
3555.82 28.95
3557.82 34.04
3559.83 33.88
3561.82 35.25
3563.83 27.06
3566.09 22.74
3568.08 40.71
3570.08 18.78
3572.08 31.32
3574.33 16.75
3576.34 24.91
3578.34 19.35
3580.33 38.48
3582.32 17.28
3584.33 23.59
3586.33 22.54
3588.33 28.14
3590.34 36.79
3592.33 29.81
3594.33 16.84
3596.33 21.47
3598.34 21.75
3600.33 19.63
3602.33 30.36
3604.33 3.81
3606.33 38.76
3608.33 28.75
3610.33 25.5
3612.33 36.76
3614.33 37.46
3616.33 24.37
3618.33 24.35
3620.34 28.19
3622.33 30.11
3624.33 8.78
3626.57 18.93
3628.58 17.5
3630.58 19.72
3632.58 28.05
3634.58 16.27
3636.6 22.26
3638.58 17.85
3640.58 19.44
3642.59 34.55
3644.58 20.13
3646.58 38.09
3648.37 20.26
3650.58 23.02
3652.58 23.28
3654.58 25.72
3656.57 28.37
3658.58 15.44
3660.58 27.15
3662.58 34.25
3664.57 24.26
3666.58 26.52
3668.58 36.48
3670.58 37.99
3672.58 30.58
3674.61 36.15
3676.58 31.94
3678.6 15.38
3680.58 37.93
3682.58 29.3
3684.62 12.63
3686.58 25.87
3688.58 32.07
3690.58 32.07
3692.59 49.7
3694.58 29.48
3696.58 29.94
3698.83 7.23
3700.84 25.04
3702.83 29.88
3704.83 15.89
3706.84 35.87
3708.83 35.17
3710.83 38.36
3712.84 14.88
3714.83 31.23
3716.83 33.78
3718.84 19.53
3720.84 16.82
3722.84 20.82
3724.84 15.94
3726.84 41.56
3728.84 40.26
3730.85 18.01
3732.84 23.2
3734.84 25.82
3736.87 28.91
3738.83 10.25
3740.83 16.11
3742.84 23.34
3744.84 12.59
3746.85 45.73
3749.09 27.52
3751.1 28.12
3753.08 14.6
3755.09 41.64
3757.08 29.03
3759.09 15.66
3761.08 35.75
3763.09 18.69
3765.09 19.34
3767.08 9.66
3769.1 30.33
3771.09 33.11
3773.08 17.74
3775.08 24.52
3777.08 20.65
3779.16 22.17
3781.1 27.55
3783.08 24.81
3785.09 16.51
3787.09 15.75
3789.09 40.58
3791.1 28.22
3793.09 20.19
3795.09 39.45
3797.09 24.73
3799.09 18.18
3801.09 20.58
3803.09 10.05
3805.1 26.61
3807.09 16.01
3809.09 18.08
3811.1 30.42
3813.09 20.64
3815.09 27.85
3817.1 31.59
3819.09 10.79
3821.09 24.35
3823.1 27.65
3825.1 15.88
3827.09 9.42
3829.09 21.92
3831.09 35.2
3833.09 34.85
3835.09 34.61
3837.09 22.62
3839.09 20.94
3841.09 35.34
3843.09 17.34
3845.09 36.49
3847.09 27.85
3849.09 35.83
3851.09 33.01
3853.09 30.23
3855.09 26.93
3857.09 35.17
3859.09 26.1
3861.09 23.79
3863.1 27.69
3865.1 12.13
3867.09 19.68
3869.09 32.93
3871.09 40.5
3873.09 38.73
3875.1 17.47
3877.1 28.55
3879.09 7.06
3881.1 31.0
3883.34 21.96
3885.36 19.91
3887.34 33.12
3889.34 13.66
3891.34 21.57
3893.35 20.13
3895.34 27.29
3897.34 36.04
3899.34 29.27
3901.34 29.99
3903.34 31.78
3905.34 37.07
3907.34 31.54
3909.34 22.48
3911.34 35.77
3913.35 21.34
3915.34 23.97
3917.34 10.64
3919.34 14.51
3921.34 29.37
3923.35 21.39
3925.34 28.09
3927.34 32.95
3929.34 34.68
3931.34 28.69
3933.34 20.68
3935.34 19.94
3937.34 16.19
3939.34 31.94
3941.34 19.83
3943.35 3.29
3945.34 19.66
3947.34 22.17
3949.35 30.42
3951.34 21.04
3953.34 31.24
3955.35 31.99
3957.34 27.42
3959.34 33.7
3961.38 24.46
3963.34 27.79
3965.34 15.93
3967.35 16.58
3969.35 2.36
3971.34 20.02
3973.35 29.56
3975.34 19.98
3977.34 30.63
3979.35 25.58
3981.35 22.0
3983.34 17.54
3985.35 17.57
3987.34 23.26
3989.6 11.34
3991.59 35.05
3993.6 1.64
3995.59 18.27
3997.6 35.64
3999.6 12.03
4001.6 32.66
4003.59 33.07
4005.6 33.59
4007.59 27.27
4009.88 35.31
4011.85 40.76
4013.85 29.62
4015.85 14.58
4017.86 22.91
4020.1 33.94
4022.1 13.21
4024.1 16.73
4026.12 23.36
4028.1 21.89
4030.1 21.89
4032.11 21.89
4034.1 19.11
4036.09 14.36
4038.1 17.18
4040.1 14.09
4042.34 20.13
4044.35 15.85
4046.35 20.54
4048.35 25.07
4050.34 19.12
4052.59 13.92
4054.6 9.6
4056.61 33.88
4058.6 19.55
4060.6 14.93
4062.61 28.63
4064.6 14.99
4066.6 21.33
4068.6 17.71
4070.6 21.67
4072.62 35.78
4074.6 36.65
4076.6 12.93
4078.6 16.4
4080.85 21.53
4082.85 25.94
4084.85 34.19
4086.85 33.69
4088.86 29.14
4090.85 26.3
4092.86 12.46
4094.85 27.63
4096.86 22.37
4098.85 19.02
4100.86 21.53
4102.85 19.96
4104.85 13.32
4106.87 14.42
4108.86 25.79
4110.85 36.41
4112.85 29.72
4114.86 41.36
4116.88 15.87
4118.85 30.77
4120.86 11.48
4122.85 12.16
4124.85 16.77
4126.86 20.16
4128.86 41.23
4130.85 26.24
4132.85 18.3
4134.86 25.72
4136.86 10.52
4138.86 26.01
4140.86 19.06
4142.86 24.21
4144.86 14.66
4146.85 27.36
4148.86 18.92
4150.86 17.98
4152.86 12.16
4154.87 10.43
4156.86 25.11
4158.86 34.69
4160.85 18.69
4163.1 16.84
4165.11 21.02
4167.1 29.58
4169.1 17.94
4171.1 10.53
4173.1 22.57
4175.1 23.26
4177.11 33.6
4179.11 23.52
4181.1 17.27
4183.11 5.7
4185.11 21.09
4187.1 4.61
4189.13 22.52
4191.1 22.28
4193.1 22.55
4195.11 40.13
4197.1 38.44
4199.12 36.89
4201.11 39.28
4203.11 10.18
4205.12 15.66
4207.11 36.22
4209.1 30.16
4211.12 42.35
4213.11 38.63
4215.11 37.61
4217.37 19.77
4219.35 40.26
4221.37 27.86
4223.36 24.35
4225.35 20.42
4227.35 22.44
4229.41 34.1
4231.36 15.8
4233.36 28.66
4235.36 31.54
4237.35 33.62
4239.37 37.73
4241.36 17.79
4243.39 9.33
4245.36 15.53
4247.36 39.67
4249.36 30.4
4251.36 26.74
4253.36 19.7
4255.37 27.62
4257.36 27.48
4259.36 32.58
4261.36 29.47
4263.36 36.0
4265.38 30.92
4267.36 15.81
4269.61 33.19
4271.6 36.06
4273.6 17.81
4275.61 24.23
4277.6 15.29
4279.4 33.08
4281.61 31.91
4283.61 28.62
4285.61 35.65
4287.61 26.22
4289.61 30.93
4291.61 30.16
4293.61 23.06
4295.61 25.97
4297.61 35.01
4299.61 25.56
4301.61 25.67
4303.61 33.51
4305.62 33.45
4307.61 33.45
4309.61 41.17
4311.61 37.06
4313.61 37.06
4315.61 23.86
4317.61 40.61
4319.61 21.54
4321.61 39.2
4323.86 30.22
4325.86 26.32
4327.87 32.63
4329.88 23.38
4331.86 26.67
4334.11 19.87
4336.12 24.9
4338.11 28.94
4340.12 24.83
4342.12 28.5
4344.12 25.76
4346.12 18.96
4348.11 33.4
4350.36 24.18
4352.36 25.06
4354.37 13.73
4356.37 14.06
4358.38 27.34
4360.36 22.04
4362.36 40.8
4364.37 24.12
4366.38 19.76
4368.36 10.07
4370.37 25.68
4372.36 37.84
4374.37 37.59
4376.37 21.07
4378.37 15.07
4380.37 23.7
4382.37 17.66
4384.61 8.08
4386.61 29.03
4388.62 22.24
4390.61 27.51
4392.62 23.34
4394.62 33.95
4396.61 32.11
4398.62 34.73
4400.61 31.45
4402.62 39.45
4404.62 36.34
4406.63 26.48
4408.87 40.11
4410.87 16.83
4412.87 0.89
4414.87 28.85
4416.88 8.64
4418.87 25.85
4421.12 22.03
4423.12 19.49
4425.13 27.71
4427.12 26.59
4429.12 41.45
4431.12 34.67
4433.12 30.13
4435.37 33.97
4437.36 13.34
4439.37 25.3
4441.36 22.86
4443.36 27.46
4445.37 28.5
4447.62 39.82
4449.61 23.8
4451.61 29.73
4453.61 28.07
4455.62 19.84
4457.61 31.26
4459.62 29.08
4461.62 34.0
4463.62 19.64
4465.61 33.64
4467.62 12.36
4469.62 25.81
4471.62 10.32
4473.66 22.65
4475.87 17.59
4477.87 11.88
4479.87 6.23
4481.88 30.61
4483.88 23.32
4485.87 40.45
4487.87 17.87
4489.88 27.66
4491.88 31.98
4493.87 33.02
4495.89 21.28
4497.87 37.86
4499.87 29.19
4501.88 24.91
4503.87 33.13
4505.87 19.1
4507.88 20.88
4509.87 15.94
4511.87 7.74
4513.88 27.69
4515.88 26.59
4517.87 15.45
4519.87 25.92
4521.87 12.35
4523.86 20.12
4525.88 27.37
4527.87 24.42
4530.19 19.53
4532.12 29.35
4534.13 17.86
4536.12 28.7
4538.12 34.49
4540.13 15.6
4542.13 37.07
4544.12 24.04
4546.14 32.95
4548.14 26.95
4550.12 30.65
4552.13 34.04
4554.12 36.6
4556.12 18.32
4558.37 21.95
4560.37 32.19
4562.38 25.21
4564.38 21.14
4566.38 27.62
4568.37 20.39
4570.37 24.64
4572.37 33.52
4574.37 25.21
4576.37 19.98
4578.39 10.18
4580.37 19.53
4582.37 37.73
4584.37 14.59
4586.37 31.52
4588.37 22.4
4590.37 24.95
4592.37 28.18
4594.37 25.53
4596.37 42.96
4598.37 18.37
4600.37 32.61
4602.38 9.19
4604.37 23.52
4606.37 18.07
4608.37 29.7
4610.37 26.81
4612.37 31.85
4614.37 21.41
4616.37 26.38
4618.38 29.42
4620.38 17.21
4622.64 25.93
4624.62 15.44
4626.62 9.01
4628.62 27.03
4630.62 29.45
4632.62 26.07
4634.62 31.93
4636.62 41.09
4638.62 19.21
4640.62 13.92
4642.62 22.33
4644.62 30.62
4646.63 19.59
4648.63 26.2
4650.62 35.61
4652.63 21.04
4654.62 16.0
4656.62 20.05
4658.63 15.69
4660.63 22.56
4662.62 8.4
4664.63 15.17
4666.89 21.64
4668.87 29.89
4670.89 0.61
4672.88 34.82
4674.89 28.07
4676.89 19.69
4678.88 26.3
4680.88 13.19
4682.89 34.48
4684.88 37.68
4686.88 33.55
4688.88 22.98
4690.87 33.24
4692.88 28.59
4694.89 31.29
4696.9 15.21
4698.89 29.53
4700.89 16.61
4702.89 15.62
4704.88 20.4
4706.88 30.95
4708.88 25.99
4710.89 17.15
4712.88 16.13
4714.9 17.91
4716.88 16.43
4718.88 37.43
4720.88 26.38
4722.89 22.58
4724.88 23.09
4726.88 17.82
4728.88 0.48
4730.88 26.64
4732.88 31.17
4734.9 35.04
4736.89 5.54
4738.88 36.03
4740.89 23.01
4742.88 28.34
4744.88 29.1
4746.88 33.7
4748.89 30.67
4750.88 24.99
4752.88 21.8
4754.88 25.4
4756.91 24.23
4758.9 15.3
4760.88 17.89
4762.88 30.63
4765.13 20.66
4767.13 28.46
4769.13 15.8
4771.13 26.11
4773.13 24.92
4775.13 28.15
4777.13 11.89
4779.14 9.33
4781.14 22.18
4783.14 20.51
4785.13 32.26
4787.14 21.68
4789.13 20.58
4791.13 37.96
4793.14 22.9
4795.16 21.98
4797.13 17.48
4799.13 34.61
4801.13 19.2
4803.14 31.14
4805.14 9.34
4807.14 23.65
4809.14 29.29
4811.13 33.86
4813.14 21.0
4815.38 36.38
4817.39 36.97
4819.38 36.04
4821.39 28.24
4823.38 38.41
4825.38 20.75
4827.38 39.57
4829.38 23.45
4831.39 12.0
4833.39 25.5
4835.39 16.76
4837.38 2.6
4839.39 21.09
4841.39 21.04
4843.4 32.97
4845.39 16.54
4847.39 38.54
4849.4 17.68
4851.39 22.71
4853.39 33.03
4855.39 31.67
4857.39 4.71
4859.4 37.11
4861.39 33.22
4863.4 21.81
4865.39 36.01
4867.38 20.63
4869.38 25.31
4871.4 25.21
4873.41 38.34
4875.39 19.68
4877.64 11.05
4879.64 35.52
4881.64 23.75
4883.91 23.56
4885.9 30.88
4887.89 15.04
4889.89 34.42
4891.89 25.59
4893.89 29.37
4895.89 9.57
4897.89 38.66
4899.9 33.96
4901.89 14.69
4903.89 22.54
4905.89 23.74
4907.89 24.78
4909.9 35.07
4911.9 29.11
4913.89 27.62
4915.9 30.02
4917.89 16.43
4919.9 20.53
4921.9 26.89
4923.88 31.02
4925.89 29.73
4927.9 9.45
4929.89 38.88
4931.9 21.03
4933.9 37.46
4936.15 30.58
4938.15 17.18
4940.14 17.86
4942.15 25.6
4944.15 32.29
4946.15 36.9
4948.15 15.86
4950.15 37.96
4952.15 39.9
4954.15 34.6
4956.14 16.83
4958.15 7.16
4960.15 31.09
4962.15 28.43
4964.14 36.59
4966.15 31.46
4968.14 20.31
4970.15 28.46
4972.15 35.36
4974.15 17.43
4976.18 33.11
4978.15 35.52
4980.14 19.86
4982.15 33.59
4984.14 32.28
4986.15 27.88
4988.15 19.33
4990.39 18.31
4992.4 39.05
4994.39 32.61
4996.39 34.64
4998.39 13.98
5000.39 25.06
5002.39 31.74
5004.39 26.71
5006.4 39.91
5008.4 6.52
5010.4 22.83
5012.4 32.4
5014.4 24.86
5016.4 32.41
5018.39 29.22
5020.39 36.68
5022.4 37.27
5024.4 20.87
5026.4 23.6
5028.4 29.59
5030.4 21.91
5032.4 2.83
5034.4 27.19
5036.4 23.13
5038.4 26.6
5040.65 24.52
5042.65 17.39
5044.64 19.02
5046.65 26.61
5048.64 38.18
5050.65 38.38
5052.64 36.82
5054.64 12.47
5056.65 26.46
5058.64 40.46
5060.64 31.96
5062.64 26.38
5064.64 19.19
5066.65 23.67
5068.64 42.47
5070.64 28.11
5072.65 16.5
5074.64 6.67
5076.64 18.85
5078.64 32.34
5080.65 46.2
5082.64 28.22
5084.65 45.74
5086.64 19.52
5088.65 20.77
5090.92 35.72
5092.9 32.28
5094.9 31.68
5096.9 28.02
5098.92 29.12
5100.9 18.59
5102.91 24.09
5104.9 26.09
5106.91 36.35
5108.91 41.85
5110.9 16.96
5112.92 24.33
5114.9 37.61
5116.9 26.31
5118.9 30.64
5120.91 4.89
5122.91 37.32
5124.91 22.96
5126.9 24.52
5128.9 32.65
5130.91 31.49
5132.91 33.43
5134.9 33.93
5136.91 32.29
5138.9 32.15
5140.9 30.49
5142.94 21.04
5144.9 28.76
5146.9 21.39
5148.9 18.61
5150.9 15.32
5152.9 29.29
5155.15 27.45
5157.15 36.64
5159.16 22.34
5161.15 29.88
5163.16 26.22
5165.15 20.72
5167.15 28.62
5169.16 37.63
5171.16 31.76
5173.16 21.09
5175.16 31.9
5177.16 41.95
5179.18 25.16
5181.15 23.51
5183.15 24.93
5185.15 27.02
5187.15 30.78
5189.15 32.14
5191.15 26.41
5193.15 34.7
5195.15 21.72
5197.15 33.76
5199.15 33.5
5201.15 39.94
5203.15 17.97
5205.15 20.96
5207.16 32.86
5209.15 19.65
5211.16 13.11
5213.15 20.76
5215.15 32.94
5217.15 18.92
5219.15 18.03
5221.15 15.54
5223.15 21.07
5225.17 23.67
5227.15 35.37
5229.16 23.06
5231.15 21.34
5233.15 11.56
5235.15 19.68
5237.16 43.87
5239.16 31.35
5241.17 34.37
5243.15 25.12
5245.17 21.7
5247.16 8.13
5249.16 27.83
5251.4 7.7
5253.4 27.54
5255.41 8.31
5257.41 30.03
5259.4 28.83
5261.4 27.28
5263.41 31.98
5265.42 40.64
5267.41 24.83
5269.4 32.44
5271.4 23.75
5273.4 36.02
5275.41 16.69
5277.4 40.02
5279.41 24.35
5281.41 40.3
5283.66 31.33
5285.66 23.38
5287.65 17.18
5289.65 26.21
5291.65 12.15
5293.65 22.58
5295.65 25.75
5297.45 23.87
5299.65 24.2
5301.67 21.23
5303.65 28.39
5305.65 21.92
5307.66 13.27
5309.66 29.2
5311.66 14.44
5313.66 3.19
5315.66 29.57
5317.66 16.99
5319.66 34.71
5321.65 34.48
5323.66 34.02
5325.66 28.85
5327.66 24.66
5329.66 29.09
5331.66 24.48
5333.66 4.64
5335.66 21.83
5337.66 5.89
5339.66 12.21
5341.66 13.22
5343.66 26.45
5345.65 18.7
5347.66 25.36
5349.92 22.28
5351.91 18.88
5353.91 18.45
5355.91 25.95
5357.92 17.34
5359.92 19.43
5361.91 25.75
5363.91 32.66
5365.91 35.33
5367.92 20.89
5369.92 29.78
5371.92 34.1
5373.91 24.66
5375.91 19.92
5377.91 13.59
5379.92 29.58
5381.92 29.93
5383.92 35.85
5385.92 36.06
5387.91 15.63
5389.93 29.7
5391.91 19.1
5393.92 20.56
5395.91 35.03
5397.91 17.78
5399.91 30.12
5401.93 17.05
5403.91 30.83
5406.17 26.79
5408.16 13.63
5410.17 21.26
5412.16 20.69
5414.16 20.29
5416.17 28.64
5418.16 17.91
5420.16 0.74
5422.17 22.87
5424.17 12.58
5426.16 26.48
5428.17 19.09
5430.18 13.57
5432.16 15.03
5434.16 16.61
5436.21 15.09
5438.16 26.89
5440.17 32.86
5442.17 13.21
5444.41 36.62
5446.41 21.84
5448.42 28.23
5450.41 23.69
5452.41 15.99
5454.42 14.54
5456.43 27.67
5458.42 22.58
5460.41 28.2
5462.41 23.26
5464.42 30.87
5466.42 17.57
5468.42 21.89
5470.41 29.31
5472.42 18.36
5474.42 3.01
5476.41 11.72
5478.42 31.7
5480.42 32.97
5482.42 35.1
5484.42 21.03
5486.41 35.8
5488.43 24.77
5490.42 24.92
5492.42 37.69
5494.42 30.9
5496.42 18.9
5498.42 33.41
5500.42 25.36
5502.66 18.58
5504.66 18.52
5506.66 36.52
5508.67 37.06
5510.66 20.96
5512.66 28.81
5514.66 32.51
5516.67 14.0
5518.66 9.71
5520.68 20.29
5522.66 19.65
5524.67 16.72
5526.66 25.44
5528.67 16.89
5530.66 21.25
5532.68 32.36
5534.66 27.05
5536.66 21.74
5538.66 10.66
5540.67 41.46
5542.66 23.76
5544.67 17.37
5546.93 25.66
5548.92 16.14
5550.92 19.46
5552.92 22.07
5554.92 32.07
5556.93 23.61
5558.93 31.68
5560.92 17.24
5562.92 21.48
5564.92 28.84
5566.93 36.38
5568.92 22.86
5570.93 36.34
5572.93 22.03
5574.93 19.31
5577.18 36.43
5579.18 25.18
5581.17 36.38
5583.17 23.37
5585.18 32.83
5587.17 23.67
5589.18 14.1
5591.17 21.56
5593.18 36.4
5595.18 20.35
5597.17 8.33
5599.18 15.34
5601.18 24.7
5603.18 27.94
5605.17 21.45
5607.18 8.02
5609.18 23.57
5611.17 12.22
5613.32 16.71
5615.42 24.19
5617.42 18.92
5619.43 18.65
5621.44 2.06
5623.43 27.06
5625.43 18.9
5627.48 26.86
5629.42 36.93
5631.42 24.75
5633.42 5.5
5635.42 9.24
5637.42 9.1
5639.43 16.03
5641.42 22.2
5643.43 11.71
5645.42 32.05
5647.42 17.04
5649.68 29.4
5651.67 31.16
5653.67 6.11
5655.67 21.42
5657.67 33.71
5659.67 12.8
5661.67 24.36
5663.67 26.34
5665.67 26.72
5667.68 19.41
5669.68 6.52
5671.67 24.54
5673.67 18.49
5675.67 18.48
5677.67 24.33
5679.68 19.11
5681.67 16.25
5683.67 21.54
5685.68 34.86
5687.68 35.08
5689.67 32.09
5691.68 17.51
5693.67 24.99
5695.68 17.03
5697.93 21.7
5699.93 12.26
5701.97 22.0
5703.94 27.84
5705.94 3.04
5707.95 15.9
5709.94 11.83
5712.18 19.43
5714.18 29.3
5716.23 33.82
5718.18 17.32
5720.18 33.13
5722.18 25.22
5724.18 25.93
5726.18 35.95
5728.18 35.08
5730.18 13.4
5732.18 29.87
5734.19 23.78
5736.18 35.59
5738.18 29.11
5740.18 31.85
5742.43 30.04
5744.43 35.11
5746.43 25.06
5748.43 31.44
5750.43 20.58
5752.43 35.32
5754.43 35.99
5756.43 36.81
5758.43 25.82
5760.44 30.78
5762.43 33.21
5764.43 18.11
5766.44 17.35
5768.43 34.7
5770.43 20.83
5772.43 32.17
5774.43 31.37
5776.44 8.93
5778.44 24.93
5780.43 14.43
5782.43 10.35
5784.44 21.98
5786.43 20.68
5788.43 32.83
5790.44 21.27
5792.43 35.29
5794.43 26.09
5796.44 35.16
5798.43 20.47
5800.43 36.33
5802.43 31.6
5804.43 29.76
5806.43 35.66
5808.43 33.56
5810.69 37.16
5812.68 26.58
5814.68 30.72
5816.71 33.84
5818.68 32.85
5820.68 35.6
5822.68 28.76
5824.68 40.73
5826.68 29.27
5828.68 28.84
5830.68 39.92
5832.69 17.23
5834.68 12.66
5836.68 20.94
5838.69 35.93
5840.68 41.73
5842.68 2.32
5844.94 23.74
5846.94 39.96
5848.94 19.27
5850.94 14.87
5852.95 28.12
5854.94 13.51
5856.94 11.39
5858.95 7.76
5860.95 17.33
5862.94 16.8
5864.95 31.31
5866.94 31.44
5869.19 25.06
5871.19 25.5
5873.19 25.55
5875.19 25.57
5877.19 20.13
5879.19 30.18
5881.18 27.09
5883.18 23.31
5885.2 22.02
5887.43 14.67
5889.44 22.52
5891.69 14.23
5893.68 34.44
5895.68 29.87
5897.69 36.67
5899.68 37.21
5901.71 22.37
5903.69 33.43
5905.69 39.41
5907.68 13.92
5909.69 37.15
5911.69 21.21
5913.73 30.33
5915.69 30.59
5917.94 19.77
5919.95 25.75
5921.94 22.48
5923.94 17.62
5925.96 30.35
5927.94 14.61
5929.95 23.08
5931.94 10.73
5933.94 8.69
5935.94 19.17
5937.94 18.33
5939.94 17.99
5941.94 16.58
5944.19 27.76
5946.19 21.1
5948.19 17.79
5950.2 26.0
5952.44 25.04
5954.44 5.18
5956.44 34.94
5958.44 18.64
5960.44 14.31
5962.47 33.93
5964.44 29.34
5966.44 26.96
5968.44 26.56
5970.69 12.22
5972.69 14.37
5974.69 14.24
5976.69 15.05
5978.69 30.07
5980.69 28.28
5982.69 26.57
5984.69 31.7
5986.69 22.78
5988.7 12.16
5990.95 35.53
5992.95 21.66
5994.94 9.15
5997.02 27.88
5998.95 29.72
6000.94 23.59
6002.94 22.11
6004.96 23.94
6007.2 35.05
6009.19 38.78
6011.19 28.84
6013.19 17.82
6015.19 13.8
6017.2 30.33
6019.19 17.55
6021.2 32.15
6023.2 33.82
6025.19 28.53
6027.2 20.07
6029.19 22.24
6031.19 40.47
6033.19 24.87
6035.44 29.78
6037.45 22.91
6039.44 27.9
6041.44 30.26
6043.47 20.9
6045.45 22.03
6047.44 29.77
6049.44 25.99
6051.44 33.1
6053.45 3.71
6055.45 16.59
6057.45 31.17
6059.44 29.15
6061.45 22.96
6063.44 15.12
6065.45 29.07
6067.45 16.91
6069.69 22.41
6071.69 17.84
6073.69 30.74
6075.7 34.89
6077.7 19.03
6079.7 34.01
6081.7 21.29
6083.7 36.77
6085.7 40.42
6087.69 15.95
6089.69 10.26
6091.69 32.7
6093.95 14.79
6095.95 2.3
6097.95 10.47
6099.95 24.97
6101.95 24.83
6103.95 19.91
6105.95 22.66
6107.95 11.04
6109.95 30.21
6111.95 33.73
6113.95 27.47
6115.95 9.86
6117.95 36.66
6119.95 14.31
6121.95 31.52
6123.95 17.59
6125.95 31.1
6127.95 24.31
6129.95 30.95
6131.95 26.75
6133.95 28.96
6135.95 30.06
6137.95 3.0
6139.95 27.35
6141.94 26.52
6144.2 16.87
6145.95 33.28
6148.2 6.41
6150.2 29.69
6152.2 35.21
6154.2 30.23
6156.2 34.81
6158.2 36.61
6160.2 37.53
6162.2 26.86
6164.2 35.64
6166.22 35.64
6168.2 36.7
6170.2 26.25
6172.2 32.32
6174.2 23.2
6176.21 41.62
6178.2 15.0
6180.2 44.46
6182.21 23.26
6184.2 10.59
6186.45 26.27
6188.54 36.49
6190.46 24.75
6192.45 18.52
6194.45 33.41
6196.46 36.15
6198.45 25.52
6200.45 23.41
6202.45 20.12
6204.45 38.48
6206.45 34.23
6208.45 18.34
6210.45 25.82
6212.45 24.8
6214.45 32.06
6216.46 14.31
6218.45 33.75
6220.55 20.87
6222.45 30.22
6224.45 30.99
6226.7 36.3
6228.72 17.4
6230.7 24.69
6232.95 12.06
6234.96 19.33
6236.95 20.0
6238.95 31.34
6240.96 5.98
6242.95 35.66
6244.96 14.44
6246.95 18.69
6248.96 18.13
6250.96 25.93
6253.01 22.26
6254.96 12.59
6256.96 22.89
6258.96 29.58
6260.96 8.49
6262.96 31.23
6264.96 23.09
6266.96 22.63
6268.96 39.17
6270.96 31.74
6272.96 28.12
6274.96 39.29
6276.96 39.29
6278.96 31.44
6281.21 32.49
6283.22 22.86
6285.21 13.97
6287.21 26.37
6289.21 27.13
6291.25 17.44
6293.21 15.94
6295.21 22.72
6297.46 30.1
6299.45 23.2
6301.46 32.48
6303.45 21.94
6305.47 17.82
6307.46 19.6
6309.45 32.76
6311.46 32.67
6313.46 17.96
6315.71 36.99
6317.7 14.6
6319.7 11.92
6321.7 25.66
6323.7 25.58
6325.7 36.6
6327.73 30.11
6329.7 29.95
6331.7 23.59
6333.7 37.02
6335.7 24.67
6337.7 13.88
6339.7 22.24
6341.96 25.43
6343.96 15.99
6345.96 16.85
6347.98 14.69
6349.96 14.69
6352.21 23.22
6354.23 28.42
6356.23 24.11
6358.21 28.37
6360.21 26.97
6362.22 34.27
6364.22 24.08
6366.46 29.83
6368.46 14.17
6370.46 27.03
6372.46 36.78
6374.46 32.9
6376.46 34.06
6378.46 21.1
6380.46 39.81
6382.46 29.86
6384.46 18.57
6386.47 34.15
6388.46 32.14
6390.46 38.31
6392.46 14.89
6394.46 33.7
6396.46 38.86
6398.46 16.98
6400.46 22.28
6402.46 14.2
6404.49 19.57
6406.71 18.27
6408.72 36.5
6410.71 25.81
6412.71 26.09
6414.71 29.49
6416.71 7.96
6418.71 26.93
6420.71 35.12
6422.71 30.23
6424.71 31.2
6426.71 31.19
6428.71 13.92
6430.71 38.62
6432.96 35.29
6434.98 31.67
6436.97 18.41
6438.96 39.46
6440.97 43.21
6442.97 23.25
6444.97 12.08
6446.97 28.38
6449.23 28.38
6451.22 26.45
6453.22 22.77
6455.22 20.51
6457.46 22.41
6459.46 11.82
6461.46 17.56
6463.46 30.49
6465.47 23.42
6467.46 26.6
6469.46 22.14
6471.47 27.02
6473.46 26.35
6475.46 12.23
6477.47 13.23
6479.46 15.12
6481.46 19.87
6483.47 18.82
6485.47 13.93
6487.71 15.05
6489.72 32.95
6491.72 7.75
6493.72 27.92
6495.71 31.23
6497.71 25.55
6499.72 27.9
6501.71 14.18
6503.71 15.92
6505.71 30.33
6507.71 12.29
6509.71 30.36
6511.71 24.61
6513.71 32.8
6515.72 37.41
6517.74 26.93
6519.72 21.52
6521.71 28.93
6523.71 17.12
6525.72 28.34
6527.72 37.88
6529.71 27.29
6531.72 26.37
6533.72 36.75
6535.72 31.01
6537.71 31.44
6539.73 30.56
6541.71 21.56
6543.72 18.28
6545.72 22.6
6547.71 26.48
6549.72 10.09
6551.72 7.49
6553.72 32.03
6555.72 20.35
6557.72 10.22
6559.71 16.71
6561.71 20.82
6563.71 22.68
6565.71 21.43
6567.71 19.83
6569.71 40.22
6571.71 32.5
6573.72 18.34
6575.72 22.93
6577.73 7.33
6579.71 25.25
6581.72 25.63
6583.72 27.29
6585.71 37.18
6587.74 27.71
6589.72 36.16
6591.73 37.27
6593.72 32.68
6595.72 24.79
6597.73 28.02
6599.72 35.75
6601.72 34.85
6603.73 31.72
6605.72 21.0
6607.97 28.56
6609.97 34.98
6611.97 11.02
6613.97 41.18
6615.98 33.52
6617.97 21.22
6620.0 34.04
6621.97 16.84
6623.98 29.29
6625.97 29.78
6627.97 24.99
6629.98 33.7
6631.99 25.52
6633.99 26.56
6635.98 31.03
6638.22 22.95
6640.22 33.33
6642.22 21.18
6644.23 21.77
6646.24 17.04
6648.22 13.03
6650.22 27.47
6652.22 36.26
6654.22 35.57
6656.22 27.33
6658.23 34.29
6660.25 21.12
6662.22 10.07
6664.23 19.53
6666.22 18.06
6668.23 11.23
6670.22 16.74
6672.49 21.95
6674.48 28.71
6676.48 29.74
6678.48 30.19
6680.47 26.22
6682.48 35.87
6684.47 12.81
6686.48 15.55
6688.48 4.22
6690.47 24.73
6692.47 30.44
6694.48 30.78
6696.48 27.56
6698.48 31.31
6700.48 28.15
6702.48 21.75
6704.48 32.77
6706.47 21.75
6708.48 25.27
6710.48 23.1
6712.48 33.28
6714.47 25.48
6716.48 28.19
6718.47 25.09
6720.48 12.6
6722.5 37.46
6724.73 21.82
6726.73 30.91
6728.73 25.48
6730.73 10.75
6732.53 23.48
6734.72 15.41
6736.83 39.77
6738.72 8.78
6740.73 23.62
6742.72 27.4
6744.73 7.34
6746.73 18.89
6748.73 15.56
6750.72 30.24
6752.72 24.73
6754.72 34.34
6756.73 13.93
6758.72 15.6
6760.73 13.34
6762.73 23.25
6764.87 15.59
6766.73 17.54
6768.72 28.47
6770.72 31.3
6772.72 22.36
6774.73 15.53
6776.74 24.88
6778.72 16.94
6780.73 31.39
6782.97 26.05
6784.98 26.05
6786.98 20.53
6788.99 21.84
6790.98 27.07
6792.98 15.28
6794.98 30.06
6796.99 21.09
6798.98 20.72
6800.98 23.69
6802.99 8.41
6804.98 30.4
6807.01 19.27
6808.98 28.94
6810.98 18.8
6812.98 25.24
6814.98 18.64
6816.98 30.26
6818.99 30.76
6820.98 32.8
6822.99 10.97
6824.98 18.79
6826.98 21.41
6828.98 25.92
6830.98 9.32
6832.98 19.94
6835.24 15.88
6837.23 9.43
6839.24 18.55
6841.24 9.08
6843.23 20.65
6845.23 15.84
6847.23 18.74
6849.23 24.68
6851.23 24.35
6853.24 18.79
6855.23 32.12
6857.23 23.61
6859.24 12.83
6861.24 16.24
6863.23 23.23
6865.24 40.42
6867.23 28.05
6869.23 18.92
6871.24 40.01
6873.23 32.62
6875.24 40.04
6877.26 42.82
6879.24 22.25
6881.25 22.95
6883.23 45.13
6885.24 44.41
6887.24 23.95
6889.24 32.49
6891.26 35.4
6893.26 7.98
6895.49 31.97
6897.49 19.7
6899.49 21.83
6901.3 19.8
6903.49 36.48
6905.48 8.48
6907.48 16.96
6909.49 37.2
6911.49 24.58
6913.49 28.22
6915.48 24.58
6917.49 18.02
6919.48 23.19
6921.49 21.73
6923.48 31.8
6925.49 17.06
6927.49 24.66
6929.49 24.49
6931.48 33.64
6933.49 23.76
6935.48 16.93
6937.48 28.71
6939.49 31.47
6941.49 29.29
6943.48 7.64
6945.5 20.65
6947.49 29.51
6949.48 18.01
6951.49 21.52
6953.48 26.38
6955.73 29.95
6957.74 14.09
6959.74 19.92
6961.74 29.66
6963.73 26.11
6965.74 33.49
6967.74 3.02
6969.74 15.47
6971.74 22.5
6973.74 19.95
6975.74 1.78
6977.74 23.69
6979.74 16.14
6981.74 30.12
6983.74 30.12
6985.75 23.91
6987.73 29.59
6989.74 35.15
6991.75 27.78
6993.73 27.44
6995.74 20.97
6997.74 18.53
6999.73 36.66
7001.74 39.4
7003.74 39.57
7005.73 16.32
7007.74 13.71
7009.73 28.88
7011.99 29.35
7013.99 34.26
7016.0 24.39
7018.0 17.59
7019.99 29.85
7022.0 39.4
7024.01 29.22
7025.99 16.99
7027.99 18.11
7029.98 26.16
7032.0 33.73
7033.99 28.92
7036.0 35.59
7037.99 27.22
7039.99 17.05
7042.0 4.74
7043.99 23.93
7045.99 30.69
7048.0 27.19
7050.25 24.35
7052.24 33.16
7054.24 34.38
7056.25 31.82
7058.24 10.22
7060.24 19.04
7062.24 24.42
7064.24 24.42
7066.24 20.4
7068.25 17.4
7070.24 28.14
7072.27 19.13
7074.24 23.92
7076.24 31.58
7078.27 6.65
7080.25 27.93
7082.24 17.28
7084.26 24.47
7086.25 29.75
7088.24 7.16
7090.26 23.38
7092.49 13.02
7094.49 23.58
7096.49 25.59
7098.49 20.35
7100.51 31.08
7102.49 16.5
7104.49 33.31
7106.5 11.43
7108.49 22.49
7110.49 26.81
7112.51 25.99
7114.49 22.36
7116.49 21.74
7118.5 23.13
7120.49 20.04
7122.5 30.43
7124.5 27.22
7126.5 17.29
7128.49 31.47
7130.5 22.86
7132.49 10.32
7134.51 6.53
7136.5 13.14
7138.78 18.04
7140.74 17.32
7142.75 13.97
7144.74 14.39
7146.75 19.79
7148.74 17.9
7150.75 23.9
7152.74 20.61
7154.74 15.1
7156.56 18.12
7158.74 25.52
7160.74 25.27
7162.75 15.85
7164.74 26.12
7166.75 17.06
7168.74 30.71
7170.74 32.23
7172.76 10.99
7174.75 32.74
7176.74 22.52
7178.76 19.3
7180.75 26.93
7182.74 21.43
7184.75 20.03
7186.75 16.71
7188.74 14.61
7190.74 27.04
7192.77 20.62
7194.75 13.91
7196.75 9.67
7198.75 9.75
7200.75 14.35
7202.74 10.08
7204.82 12.14
7207.01 6.16
7209.0 8.14
7211.01 6.19
7213.0 2.04
7215.02 10.13
7217.01 12.61
7219.01 10.23
7221.01 13.9
7223.0 11.56
7225.0 11.04
7227.01 18.2
7229.01 19.2
7231.09 19.4
7233.01 19.41
7235.0 15.0
7237.0 27.24
7239.0 22.35
7241.0 28.01
7243.02 31.24
7245.26 16.22
7247.25 19.08
7249.25 12.12
7251.25 16.21
7253.07 29.63
7255.25 14.89
7257.25 16.68
7259.26 36.58
7261.26 23.19
7263.26 39.09
7265.25 20.74
7267.25 23.7
7269.28 30.55
7271.25 30.53
7273.26 17.48
7275.25 33.7
7277.25 30.59
7279.26 17.04
7281.25 26.82
7283.26 23.4
7285.26 33.11
7287.26 22.87
7289.25 18.31
7291.26 31.97
7293.26 20.86
7295.26 13.6
7297.25 21.9
7299.25 15.8
7301.26 27.49
7303.25 31.38
7305.26 27.8
7307.25 29.15
7309.26 2.76
7311.25 27.64
7313.26 11.52
7315.26 26.74
7317.5 36.9
7319.5 28.47
7321.5 23.81
7323.5 35.36
7325.5 23.01
7327.51 20.3
7329.5 15.38
7331.5 16.16
7333.5 36.71
7335.5 21.22
7337.51 11.38
7339.5 29.9
7341.5 34.05
7343.51 34.05
7345.51 8.25
7347.52 36.37
7349.51 26.99
7351.51 29.94
7353.51 28.01
7355.51 15.21
7357.51 31.53
7359.75 30.22
7361.75 26.54
7363.75 33.56
7365.75 24.89
7367.76 41.28
7369.76 37.24
7371.75 31.39
7373.75 36.41
7375.76 30.95
7377.75 23.1
7379.76 7.82
7381.76 38.08
7383.76 24.85
7385.76 40.27
7387.76 12.0
7389.75 19.34
7391.76 15.39
7393.76 31.38
7395.76 31.44
7397.76 23.78
7399.75 34.72
7401.76 18.3
7403.77 33.8
7405.76 29.73
7407.76 8.7
7409.76 25.0
7411.76 29.32
7413.76 16.04
7415.75 20.94
7418.01 29.55
7420.01 37.3
7422.02 16.07
7424.02 27.68
7426.05 34.01
7428.02 34.28
7430.01 16.18
7432.02 17.83
7434.01 28.93
7436.02 33.22
7438.01 34.63
7440.26 32.66
7442.26 26.27
7444.28 25.19
7446.26 23.39
7448.27 11.28
7450.26 42.73
7452.26 37.64
7454.26 35.9
7456.26 36.03
7458.26 22.51
7460.76 24.67
7462.76 24.85
7464.76 17.69
