0.0 152.49
2.0 320.18
4.0 0.32
6.0 324.37
8.0 0.37
10.0 339.73
12.0 297.33
14.0 356.14
16.0 413.28
18.0 0.36
20.0 333.95
21.83 4.1
24.01 42.93
26.0 475.05
28.0 0.36
30.0 100.48
32.0 0.34
34.0 355.87
36.01 386.36
38.01 480.11
40.0 508.9
42.0 0.36
44.01 498.32
46.0 0.36
48.0 465.87
50.01 476.65
52.0 0.36
54.0 437.16
56.0 0.36
58.01 487.23
60.0 492.92
62.01 452.7
64.0 456.46
66.01 0.3
68.01 502.48
70.0 0.36
72.0 536.93
74.0 521.99
76.0 0.37
78.0 509.57
80.0 0.35
82.0 540.73
84.0 514.14
86.0 9.59
88.0 491.4
90.01 0.36
92.0 468.9
94.0 0.36
96.01 522.52
98.01 450.06
100.0 0.36
102.01 478.43
104.0 0.37
106.0 561.63
108.0 558.37
110.01 385.95
112.0 578.48
114.0 0.33
116.01 573.09
118.0 0.36
120.0 528.51
122.01 499.8
124.0 0.36
126.0 530.54
128.0 0.36
130.01 535.2
132.01 545.51
134.01 4.07
136.0 531.12
138.01 0.36
140.01 532.86
142.0 0.36
144.01 520.14
146.0 492.84
148.01 0.37
150.01 525.49
152.0 0.37
154.0 537.24
156.01 470.31
158.0 518.28
160.0 532.37
162.0 0.36
164.01 490.51
166.0 0.36
168.0 472.96
170.0 522.66
172.0 0.36
174.0 23.35
176.0 0.36
178.0 475.5
180.0 490.07
182.0 503.64
184.01 450.34
186.0 0.36
188.0 481.32
190.0 0.37
192.02 576.27
194.01 505.66
196.0 0.37
198.0 561.88
200.0 0.36
202.0 555.1
204.0 509.02
206.0 582.11
208.0 451.64
210.0 0.35
212.0 439.39
214.0 0.36
216.01 447.02
218.01 567.64
220.25 0.37
222.25 270.77
224.25 0.35
226.25 505.61
228.26 499.44
230.26 551.66
232.26 545.26
234.25 0.3
236.25 560.47
238.25 0.36
240.26 504.16
242.26 505.2
244.25 0.36
246.25 475.72
248.25 0.37
250.25 629.84
252.25 507.49
254.25 531.14
256.25 511.57
258.26 0.36
260.25 364.04
262.25 0.36
264.25 531.73
266.25 588.44
268.25 0.32
270.26 555.7
272.25 0.35
274.25 473.33
276.25 594.66
278.25 488.81
