0.0 45.07
1.89 34.8
3.89 52.51
5.89 45.1
7.89 43.22
9.89 42.81
11.89 45.36
13.89 48.22
15.88 43.12
17.88 52.15
19.89 45.47
21.89 43.51
23.89 40.36
25.89 47.34
27.89 42.48
29.89 37.81
31.9 34.78
33.89 20.0
35.9 42.77
37.88 41.82
39.89 39.17
41.89 34.22
43.89 51.04
45.89 35.83
47.89 50.53
49.89 30.48
51.89 30.62
53.89 42.73
55.89 43.42
57.89 49.32
59.89 41.17
61.89 35.35
63.89 44.09
65.92 49.27
67.89 45.82
69.89 46.58
71.89 48.28
73.89 34.07
75.89 46.09
77.89 39.81
79.89 43.15
81.89 47.54
83.89 48.68
85.89 46.32
87.9 47.46
89.88 55.54
91.89 37.19
93.89 54.71
95.89 45.64
97.89 54.7
99.89 43.31
101.89 42.83
103.89 45.02
105.89 45.28
107.89 40.01
109.89 47.62
111.89 36.17
113.89 38.49
115.89 40.32
117.9 34.64
119.89 42.85
121.89 46.44
123.89 42.59
125.88 40.89
127.89 46.69
129.89 46.69
131.89 36.62
133.88 43.89
135.89 43.89
137.88 43.11
139.89 43.5
141.89 41.46
143.89 34.81
145.89 40.72
147.89 45.45
149.89 58.62
151.89 44.98
154.14 48.11
155.89 50.32
158.14 50.32
160.14 43.59
162.14 52.75
164.14 58.33
166.14 47.79
168.14 37.18
170.14 47.08
171.94 56.15
174.14 41.61
176.14 45.25
178.14 46.22
180.14 33.21
182.14 55.1
184.15 51.48
186.14 47.87
188.14 48.19
190.14 39.33
192.14 55.76
194.14 53.04
195.95 44.05
198.14 48.41
200.14 41.56
202.14 47.6
204.14 53.05
206.14 57.18
208.14 52.17
210.14 49.96
212.14 54.43
214.14 59.71
216.14 50.14
218.14 54.71
220.14 55.23
222.14 52.06
224.14 46.33
226.14 55.48
228.14 41.54
230.14 46.46
232.14 43.37
234.14 44.26
236.14 45.64
238.14 43.66
240.14 23.99
242.14 56.27
244.14 53.79
246.14 54.07
248.14 49.6
250.14 40.69
252.14 40.69
254.14 40.69
256.14 40.69
258.14 40.69
260.14 40.69
262.14 40.69
264.14 40.69
266.14 40.69
268.14 40.69
270.14 40.69
272.14 40.69
274.14 45.75
276.14 42.34
278.14 49.69
280.14 46.16
282.14 46.35
284.14 48.08
286.14 51.67
288.14 33.34
290.14 42.56
292.14 49.22
294.14 51.56
296.14 35.05
298.14 53.02
300.14 46.78
302.14 46.18
304.14 40.65
306.14 55.33
308.14 41.6
310.14 56.39
312.14 45.19
314.14 45.97
316.14 50.13
318.14 56.0
320.14 48.09
322.14 38.64
324.14 47.88
326.14 51.86
328.14 39.45
330.14 48.81
332.14 51.34
334.14 45.85
336.14 48.2
338.14 50.12
340.14 55.14
342.14 52.11
344.15 47.68
346.14 46.18
348.14 55.48
350.14 52.04
352.14 52.08
354.14 41.22
356.14 42.75
358.15 48.53
360.14 46.82
362.14 54.32
364.14 45.98
366.14 33.94
368.14 53.04
370.14 47.46
372.14 54.17
374.14 52.37
376.14 49.68
378.14 49.68
380.14 49.68
382.14 49.79
384.14 54.52
386.14 64.97
388.14 57.46
390.14 49.39
392.14 53.94
394.14 54.56
396.14 44.52
398.14 49.06
400.14 52.93
402.14 42.71
404.14 48.54
406.14 55.02
408.39 43.61
410.39 44.65
412.39 54.16
414.39 45.94
416.39 34.36
418.39 53.63
420.4 47.85
422.39 54.04
424.39 44.69
426.39 41.51
428.39 40.14
430.39 39.93
432.39 55.16
434.39 47.81
436.39 50.51
438.39 50.03
440.39 48.13
442.39 50.67
444.39 50.41
446.39 36.65
448.39 37.39
450.39 54.94
452.39 50.58
454.39 40.19
456.39 46.85
458.39 54.67
460.39 31.1
462.39 39.01
464.39 20.66
466.39 30.02
468.39 22.36
470.39 47.79
472.4 3.28
474.39 35.0
476.4 41.33
478.39 19.77
480.39 6.18
482.39 37.2
484.39 36.92
486.39 32.41
488.4 20.24
490.39 40.5
492.39 35.14
494.39 39.02
496.39 40.51
498.39 37.5
500.39 47.67
502.39 41.75
504.39 45.2
506.39 26.46
508.39 44.55
510.39 47.74
512.39 18.97
514.39 44.25
516.39 49.45
518.39 37.99
520.41 27.53
522.39 20.95
524.39 29.92
526.39 50.01
528.39 39.33
530.39 47.99
532.39 57.22
534.39 54.69
536.4 39.8
538.39 50.55
540.39 41.64
542.39 36.17
544.39 40.5
546.39 51.72
548.39 41.32
550.39 51.46
552.39 34.99
554.39 38.21
556.39 47.09
558.4 49.6
560.39 43.23
562.39 40.02
564.4 45.83
566.39 28.95
568.4 53.75
570.39 49.03
572.39 46.37
574.39 39.1
576.4 49.65
578.39 52.77
580.39 39.7
582.39 27.84
584.39 46.44
586.39 51.98
588.4 47.89
590.39 56.42
592.39 55.86
594.39 55.67
596.39 28.42
598.39 46.82
600.39 39.14
602.39 43.82
604.39 51.37
606.39 55.79
608.39 54.09
610.39 48.97
612.39 33.77
614.39 43.12
616.4 51.05
618.39 49.12
620.39 52.0
622.39 52.18
624.39 57.31
626.39 49.97
628.39 34.14
630.39 56.84
632.39 52.6
634.39 30.25
636.39 56.97
638.39 52.65
640.39 37.79
642.39 57.06
644.39 47.49
646.39 56.7
648.39 55.82
650.39 43.67
652.39 49.6
654.39 57.4
656.39 53.97
658.64 48.27
660.64 49.06
662.64 57.97
664.64 48.76
666.43 44.16
668.64 55.68
670.64 34.65
672.64 50.69
674.64 46.07
676.65 50.97
678.64 42.59
680.64 40.68
682.64 48.87
684.64 46.6
686.64 55.67
688.65 49.18
690.43 54.92
692.64 50.77
694.64 47.65
696.64 45.14
698.65 43.5
700.64 59.38
702.64 51.1
704.64 49.64
706.64 46.66
708.65 54.03
710.64 59.74
712.64 58.14
714.68 43.15
716.64 52.09
718.64 48.24
720.64 38.29
722.64 43.23
724.64 38.14
726.64 38.14
728.64 44.99
730.65 42.9
732.64 50.17
734.64 44.05
736.69 50.08
738.53 45.85
740.69 2.83
742.64 51.65
744.64 16.88
746.64 53.33
748.64 53.26
750.64 46.43
752.64 49.39
754.64 45.42
756.64 37.47
758.64 49.22
760.64 50.62
762.64 42.92
764.64 21.49
766.64 51.76
768.64 47.14
770.64 57.42
772.65 42.77
774.64 43.98
776.64 48.37
778.64 51.2
780.64 41.78
782.64 47.6
784.64 45.61
786.64 53.08
788.64 54.05
790.64 54.05
792.64 40.98
794.64 53.42
796.64 55.14
798.64 36.23
800.64 43.78
802.65 42.46
804.65 54.18
806.64 47.46
808.65 53.96
810.64 37.98
812.64 53.23
814.64 36.45
816.64 51.88
818.64 46.42
820.64 32.59
822.64 23.89
824.64 52.9
826.64 41.53
828.64 44.96
830.64 52.98
832.64 52.7
834.65 38.18
836.65 51.65
838.64 41.47
840.64 35.54
842.64 39.57
844.64 55.29
846.64 55.01
848.64 53.67
850.64 47.45
852.64 50.59
854.65 28.05
856.64 54.87
858.64 19.9
860.64 36.59
862.64 44.06
864.64 46.97
866.64 30.67
868.65 49.63
870.64 58.74
872.64 52.36
874.64 46.96
876.64 49.27
878.64 42.65
880.64 39.1
882.64 39.1
884.64 29.41
886.64 47.11
888.64 37.59
890.64 55.98
892.64 49.16
894.64 47.59
896.64 15.72
898.64 34.47
900.64 56.54
902.64 56.73
904.64 57.33
906.64 46.58
908.89 56.33
910.89 55.36
912.9 43.62
914.89 55.71
916.89 56.16
918.89 49.54
920.68 56.25
922.89 42.74
924.89 39.56
926.89 56.56
928.89 45.47
930.89 58.1
932.89 52.05
934.89 45.1
936.89 19.21
938.89 45.12
940.89 53.87
942.89 43.93
944.68 49.42
946.89 27.93
948.89 51.0
950.89 51.9
952.89 39.98
954.89 40.42
956.89 29.15
958.89 44.63
960.89 46.35
962.89 47.23
964.89 52.04
966.89 49.15
968.89 46.55
970.89 53.34
972.9 47.63
974.89 45.98
976.89 53.66
978.89 44.24
980.89 45.93
982.89 55.78
984.89 50.68
986.89 0.42
988.89 43.44
990.89 38.56
992.89 42.17
994.89 46.8
996.9 46.8
998.89 39.98
1000.89 43.32
1002.89 54.25
1004.89 39.8
1006.89 37.58
1008.89 39.14
1010.89 48.35
1012.89 48.85
1014.89 48.85
1016.9 59.78
1018.89 40.62
1020.89 59.18
1022.89 40.12
1024.89 42.09
1026.89 51.11
1028.89 48.01
1030.89 55.1
1032.89 50.4
1034.89 49.06
1036.89 50.15
1038.89 45.8
1040.89 53.77
1042.89 52.7
1044.99 45.3
1046.89 10.26
1049.0 5.09
1050.89 18.93
1052.89 40.36
1054.9 40.69
1056.89 26.21
1058.89 42.93
1060.89 44.56
1062.89 55.25
1064.9 52.14
1066.89 54.78
1068.89 38.21
1070.89 53.45
1072.89 43.72
1074.89 54.74
1076.89 51.93
1078.89 40.81
1080.9 46.03
1082.89 47.93
1084.89 48.67
1086.89 45.02
1088.89 42.51
1090.89 35.09
1092.89 50.92
1094.89 45.97
1096.89 60.21
1098.89 53.04
1100.89 40.61
1102.89 54.26
1104.89 59.25
1106.89 60.23
1108.89 54.89
1110.89 52.97
1112.9 56.45
1114.89 48.99
1116.89 42.34
1118.89 48.25
1120.9 51.54
1122.89 57.9
1124.89 39.9
1126.89 45.17
1128.89 44.51
1130.89 50.34
1132.89 57.07
1134.89 48.58
1136.89 54.87
1138.89 52.8
1140.89 45.48
1142.89 40.21
1144.89 44.8
1146.89 43.75
1148.89 48.89
1150.89 42.49
1152.89 34.56
1154.89 47.51
1156.89 46.44
1159.14 46.76
1160.9 48.28
1163.14 47.56
1165.14 47.56
1167.14 47.56
1169.14 53.25
1171.14 56.08
1173.14 52.34
1175.14 57.85
1177.16 15.96
1179.14 42.79
1181.14 43.99
1183.14 55.66
1185.14 55.69
1187.14 48.67
1189.14 48.49
1191.14 48.49
1193.14 42.26
1195.14 56.1
1197.14 56.1
1199.14 50.05
1201.15 43.81
1203.14 46.38
1205.14 52.52
1207.15 44.83
1209.14 38.58
1211.15 58.81
1213.15 59.72
1215.14 49.9
1217.15 49.89
1219.14 56.6
1221.14 59.43
1223.14 12.29
1225.14 51.5
1227.14 51.5
1229.14 53.72
1231.14 41.36
1233.14 57.95
1235.14 46.19
1237.14 52.82
1239.14 52.0
1241.14 58.82
1243.14 51.59
1245.14 51.59
1247.14 51.69
1249.14 51.69
1251.14 54.43
1253.14 46.35
1255.14 46.35
1257.14 46.35
1259.14 53.21
1261.14 50.55
1263.14 45.99
1265.14 48.0
1267.14 41.92
1269.14 46.93
1271.14 57.51
1273.14 50.27
1275.14 44.91
1277.14 41.8
1279.14 42.57
1281.14 40.38
1283.14 40.38
1285.14 47.31
1287.14 47.31
1289.14 44.68
1291.14 51.23
1293.14 36.2
1295.14 50.13
1297.14 55.75
1299.14 36.38
1301.14 42.23
1303.14 49.9
1305.15 19.25
1307.14 46.48
1309.14 44.82
1311.14 44.87
1313.14 44.87
1315.14 44.87
1317.15 44.87
1319.14 52.96
1321.14 49.48
1323.14 45.81
1325.14 50.74
1327.14 43.38
1329.14 48.67
1331.14 49.17
1333.14 47.51
1335.14 49.8
1337.14 53.49
1339.14 50.36
1341.14 41.24
1343.15 58.09
1345.14 50.57
1347.14 45.01
1349.14 43.45
1351.14 39.59
1353.14 48.87
1355.14 41.97
1357.14 48.22
1359.14 44.57
1361.14 46.21
1363.14 55.29
1365.14 53.96
1367.14 37.88
1369.14 46.91
1371.14 50.81
1373.14 54.31
1375.14 36.04
1377.14 51.22
1379.14 50.21
1381.14 38.97
1383.14 48.43
1385.15 45.1
1387.14 48.54
1389.14 48.54
1391.14 48.77
1393.14 53.85
1395.14 32.79
1397.14 48.53
1399.14 43.96
1401.14 50.2
1403.15 46.63
1405.14 49.13
1407.39 45.96
1409.39 41.48
1411.39 45.83
1413.39 48.9
1415.18 48.9
1417.39 48.9
1419.39 47.42
1421.39 46.57
1423.39 46.99
1425.39 46.99
1427.4 46.99
1429.39 46.99
1431.39 46.99
1433.39 46.99
1435.39 46.99
1437.39 46.99
1439.19 43.15
1441.39 44.75
1443.39 55.53
1445.39 55.27
1447.4 43.67
1449.39 44.5
1451.39 48.77
1453.39 49.59
1455.39 49.17
1457.39 51.74
1459.39 55.77
1461.39 38.68
1463.39 54.26
1465.39 43.65
1467.4 54.89
1469.39 47.07
1471.39 54.66
1473.39 60.37
1475.39 55.45
1477.39 48.08
1479.39 54.98
1481.39 54.82
1483.39 50.56
1485.39 40.22
1487.39 40.22
1489.39 41.6
1491.39 55.35
1493.4 55.64
1495.39 47.93
1497.39 51.57
1499.39 48.82
1501.39 54.78
1503.39 50.86
1505.39 59.95
1507.39 59.7
1509.39 43.99
1511.39 43.23
1513.39 43.6
1515.39 43.23
1517.39 45.61
1519.39 45.25
1521.39 33.51
1523.39 50.46
1525.39 42.64
1527.39 39.76
1529.39 33.35
1531.4 49.89
1533.39 25.7
1535.39 25.74
1537.39 25.09
1539.39 30.85
1541.39 36.84
1543.39 33.18
1545.39 36.51
1547.52 49.45
1549.41 14.18
1551.39 41.19
1553.39 43.44
1555.39 32.19
1557.39 30.58
1559.39 46.84
1561.39 41.13
1563.42 48.9
1565.39 23.45
1567.39 49.78
1569.39 37.15
1571.39 50.61
1573.39 52.31
1575.39 32.89
1577.39 35.84
1579.39 30.03
1581.39 43.93
1583.39 54.12
1585.39 38.01
1587.39 37.69
1589.39 52.51
1591.4 40.08
1593.39 49.98
1595.46 50.54
1597.64 52.21
1599.64 15.41
1601.67 23.25
1603.65 7.57
1605.64 21.06
1607.64 11.83
1609.64 18.65
1611.64 20.04
1613.64 27.04
1615.65 27.16
1617.64 28.07
1619.64 19.32
1621.64 27.41
1623.64 27.03
1625.64 38.85
1627.64 26.31
1629.64 53.47
1631.64 49.81
1633.64 51.18
1635.9 47.36
1637.9 3.78
1639.89 9.36
1641.9 16.09
1643.9 29.14
1645.9 19.76
1647.9 2.73
1649.9 8.04
1651.9 29.47
1653.9 7.68
1655.9 22.24
1657.91 0.05
1659.9 6.87
1661.9 23.71
1663.91 4.76
1665.9 6.32
1668.05 7.51
1669.91 0.16
1671.89 9.68
1673.9 8.39
1675.9 10.49
1677.9 4.85
1679.93 7.09
1681.9 5.62
1683.9 2.68
1685.9 6.91
1687.91 7.85
1689.91 6.55
1691.9 9.83
1693.9 8.31
1695.9 7.64
1697.89 6.08
1699.92 8.55
1701.92 1.04
1703.9 3.64
1705.9 3.84
1707.92 4.87
1709.9 4.92
1711.9 7.01
1713.9 6.5
1715.9 8.66
1717.9 3.85
1719.9 9.05
1721.9 8.0
1723.93 6.97
1725.9 5.68
1727.9 8.17
1729.9 3.34
1731.9 2.0
1733.9 5.4
1735.92 0.62
1737.93 4.79
1739.92 2.39
1741.92 10.89
1743.9 7.93
1745.9 7.42
1747.9 9.65
1749.93 3.69
1752.15 7.79
1754.15 5.87
1756.16 0.04
1758.15 0.08
1760.15 8.12
1762.17 2.66
1764.16 4.38
1766.24 0.92
1768.15 5.1
1770.19 3.25
1772.15 4.94
1774.18 5.29
1776.16 5.58
1778.16 7.96
1780.15 4.74
1782.15 4.93
1784.15 4.77
1786.15 5.65
1788.2 4.93
1790.07 3.88
1792.15 5.55
1794.18 3.22
1796.15 1.76
1798.15 8.49
1800.15 4.54
1802.15 5.93
1804.15 8.81
1806.15 3.39
1808.15 0.02
1810.17 6.1
1812.15 6.35
1814.15 1.48
1816.15 8.27
1818.16 9.08
1820.15 6.51
1822.15 8.81
1824.17 3.72
1826.17 6.7
1828.15 10.41
1830.15 1.13
1832.15 6.19
1834.15 7.88
1836.15 7.75
1838.15 3.05
1840.15 8.49
1842.15 5.02
1844.18 4.21
1846.15 7.9
1848.15 3.69
1850.15 5.4
1852.15 6.24
1854.19 7.26
1856.2 9.04
1858.16 4.03
1860.15 6.69
1862.23 10.11
1864.17 5.21
1866.17 6.68
1868.15 9.0
1870.15 6.48
1873.0 10.85
1874.76 8.21
1876.15 10.09
1878.15 8.46
1880.15 8.15
1882.15 5.44
1884.15 5.57
1886.15 9.48
1888.15 6.41
1890.15 4.76
1892.18 7.88
1894.15 4.93
1896.15 5.61
1898.16 9.02
1900.16 2.72
1902.15 5.29
1904.16 6.07
1906.06 3.15
1908.15 3.82
1910.58 3.33
1912.91 3.69
1915.58 3.42
1917.8 4.8
1919.86 10.05
1921.86 4.2
1923.86 4.9
1925.87 2.83
1927.84 6.07
1929.86 1.18
1932.12 0.81
1935.06 6.67
1936.69 1.63
1939.23 0.41
1940.5 2.02
1942.59 0.09
1946.19 4.32
1949.43 2.43
1953.57 3.61
1955.39 5.39
1956.57 2.24
1957.62 6.22
1959.48 4.82
1961.03 4.4
1962.42 2.18
1963.43 4.52
1965.44 5.74
1967.42 1.13
1969.43 6.55
1971.43 6.98
1973.43 5.94
1975.43 4.72
1977.81 1.81
1979.43 4.94
1981.43 2.64
1983.86 0.29
1985.43 2.4
1987.42 5.21
1989.42 3.65
1991.43 2.86
1993.42 3.3
1995.68 6.66
1997.67 5.95
1999.67 7.74
2001.69 6.49
2003.69 6.37
2005.7 6.8
2007.67 5.42
2009.67 8.78
2011.68 9.43
2013.69 3.64
2015.7 4.5
2017.7 2.68
2019.67 5.17
2021.74 7.81
2023.67 5.57
2025.68 4.94
2027.67 3.31
2029.72 3.03
2031.68 5.39
2033.67 7.67
2035.7 8.79
2037.68 6.04
2039.68 2.57
2041.67 6.42
2043.68 5.43
2045.68 8.79
2047.68 9.27
2049.68 9.73
2051.69 6.66
2053.68 8.76
2055.68 4.77
2057.67 5.63
2059.7 4.72
2061.68 6.85
2063.69 5.54
2065.76 3.73
2067.68 5.69
2069.67 7.35
2071.68 7.35
2073.7 8.25
2075.68 7.71
2077.67 5.93
2079.68 6.95
2081.68 7.49
2083.68 16.37
2085.69 16.81
2087.71 10.41
2089.69 0.22
2091.69 11.08
2093.69 10.14
2095.7 7.12
2097.69 4.15
2099.69 1.74
2101.69 2.69
2103.71 7.78
2105.7 2.59
2107.69 1.43
2109.68 9.1
2111.69 6.21
2113.69 9.23
2115.69 2.06
2117.69 5.44
2119.69 6.91
2121.71 3.62
2123.69 3.47
2125.69 9.31
2127.69 7.92
2129.69 7.92
2131.69 9.85
2133.69 9.85
2135.69 5.07
2137.69 5.07
2139.68 0.07
2141.7 0.4
2143.69 10.46
2145.69 9.09
2147.68 7.6
2149.72 9.97
2151.68 7.02
2153.69 8.64
2155.69 15.01
2157.69 3.32
2159.69 0.18
2161.69 4.45
2163.69 2.95
2165.69 3.52
2167.68 1.02
2169.69 6.64
2171.69 10.16
2173.66 6.3
2176.1 3.39
2177.69 8.17
2179.69 1.48
2181.69 8.0
2183.69 8.97
2185.69 7.07
2187.69 11.19
2189.69 6.32
2191.69 0.53
2193.71 6.89
2195.88 11.37
2197.73 10.81
2199.68 10.42
2201.68 21.1
2203.68 4.81
