0 13.125
1 14.75
2 13.5
3 15.625
4 11.875
5 15.625
6 13.625
7 13.875
8 13.0
9 13.0
10 14.0
11 10.0
12 12.5
13 13.0
14 11.5
15 14.625
16 11.75
17 11.625
18 15.5
19 11.875
20 13.5
21 13.875
22 12.625
23 16.875
24 27.875
25 9.75
26 14.375
27 11.875
28 12.625
29 6.0
30 11.375
31 21.25
32 17.75
33 20.0
34 19.5
35 4.0
36 2.0
37 1.375
38 9.625
39 15.0
40 12.875
41 11.375
42 11.75
43 13.625
44 13.5
45 14.25
46 12.5
47 14.875
48 13.5
49 13.5
50 13.875
51 15.625
52 15.625
53 14.75
54 15.25
55 12.875
56 15.25
57 12.375
58 11.75
59 14.375
60 12.125
61 13.375
62 14.125
63 14.0
64 12.25
65 14.625
66 14.0
67 14.875
68 10.125
69 11.375
70 15.25
71 13.25
72 13.125
73 12.5
74 14.0
75 14.25
76 14.0
77 13.75
78 14.75
79 14.875
80 11.375
81 12.25
82 15.375
83 12.75
84 13.125
85 15.125
86 15.25
87 14.0
88 13.125
89 13.125
90 10.625
91 15.0
92 14.375
93 15.5
94 14.875
95 15.0
96 15.625
97 11.0
98 13.625
99 12.875
100 11.875
101 14.25
102 14.375
103 15.125
104 18.25
105 20.0
106 22.75
107 29.625
108 35.625
109 32.75
110 30.75
111 38.875
112 51.375
113 61.125
114 67.875
115 89.25
116 101.0
117 109.25
118 101.25
119 60.5
120 71.375
121 84.875
122 36.875
123 34.125
124 57.5
125 58.375
126 46.75
127 6.25
128 0.125
129 1.75
130 1.125
131 2.25
132 0.375
133 0.375
134 3.25
135 14.75
136 14.0
137 12.875
138 14.25
139 12.375
140 12.75
141 10.625
142 15.125
143 14.5
144 14.125
145 11.875
146 14.625
147 9.375
148 8.625
149 6.875
150 11.125
151 11.5
152 12.75
153 13.875
154 11.375
155 4.25
156 3.375
157 3.125
158 3.125
159 3.0
160 2.75
161 13.25
162 13.5
163 7.375
164 2.75
165 2.875
166 3.375
167 3.0
168 2.625
169 13.375
170 14.625
171 15.5
172 22.125
173 32.75
174 31.875
175 27.625
176 27.875
177 16.625
178 17.5
179 10.0
180 8.375
181 4.125
182 25.375
183 46.75
184 17.0
185 10.625
186 14.875
187 15.375
188 14.0
189 12.0
190 13.75
191 12.125
192 12.375
193 15.375
194 14.125
195 13.5
196 15.0
197 11.375
198 12.125
199 14.0
200 12.75
201 14.0
202 17.875
203 16.75
204 15.625
205 18.25
206 30.75
207 31.875
208 20.25
209 9.75
210 15.375
211 12.375
212 15.625
213 1.375
214 13.5
215 15.75
216 26.125
217 35.625
218 30.25
219 27.5
220 11.75
221 13.25
222 12.75
223 14.25
224 14.375
225 15.0
226 13.75
227 12.75
228 14.5
229 15.25
230 13.875
231 12.25
232 15.625
233 14.375
234 13.0
235 14.125
236 12.0
237 13.0
238 12.75
239 14.5
240 11.875
241 15.375
242 11.375
243 13.875
244 15.375
245 12.875
246 11.875
