0.0 75.87
0.58 90.26
2.58 92.16
4.4 89.75
6.58 92.57
8.58 92.88
10.58 90.2
12.58 91.66
14.58 92.87
16.58 85.45
18.58 82.14
20.58 86.35
22.58 89.36
24.58 94.38
26.58 96.16
28.4 92.16
30.58 91.11
32.58 91.68
34.58 96.0
36.58 93.4
38.58 91.92
40.58 93.51
42.58 91.9
44.58 96.06
46.58 94.02
48.58 92.42
50.58 91.74
52.58 91.59
54.58 91.59
56.58 92.18
58.58 90.26
60.58 91.46
62.58 93.42
64.58 91.93
66.58 92.33
68.58 51.76
70.58 92.4
72.58 90.4
74.58 2.91
76.43 93.27
78.58 91.73
80.58 91.73
82.58 91.73
84.58 91.73
86.58 91.73
88.58 91.73
90.62 91.73
92.67 2.0
94.58 41.35
96.58 45.99
98.58 44.26
100.58 54.05
102.58 50.05
104.58 50.39
106.58 63.63
108.58 63.16
110.58 71.71
112.58 76.27
114.58 91.9
116.58 92.83
118.58 94.32
120.58 9.97
122.59 90.0
124.58 91.14
126.61 93.69
128.58 88.98
130.58 79.79
132.58 94.93
134.58 93.26
136.58 94.13
138.58 91.22
140.58 94.26
142.58 91.53
144.58 92.52
146.58 79.46
148.6 89.92
150.58 37.81
152.58 36.45
154.58 41.55
156.58 42.87
158.58 52.23
160.58 53.56
162.58 62.31
164.58 61.72
166.58 65.5
168.58 69.39
170.58 68.15
172.58 68.9
174.58 82.43
176.58 75.36
178.58 82.06
180.58 78.64
182.58 80.95
184.58 83.52
186.58 85.69
188.58 83.32
190.58 84.13
192.58 83.76
194.58 85.71
196.58 87.63
198.58 80.43
200.58 91.41
202.58 94.61
204.58 74.39
206.58 84.5
208.58 94.24
210.64 83.27
212.58 20.14
214.58 89.54
216.58 85.57
218.58 90.48
220.58 82.35
222.58 95.86
224.58 90.26
226.58 96.27
228.58 97.82
230.58 91.47
232.84 95.47
234.83 92.07
236.83 92.64
238.83 93.13
240.83 88.41
242.83 91.79
244.83 93.61
246.83 90.12
248.83 88.97
250.83 79.83
252.83 89.85
254.83 91.1
256.83 90.54
258.83 95.15
260.83 94.97
262.83 90.43
264.83 98.86
266.83 91.27
268.83 94.11
270.84 84.22
272.83 84.22
274.83 84.22
276.83 90.93
278.83 90.93
280.83 90.93
282.83 95.02
284.83 89.09
286.83 87.1
288.83 86.6
290.83 91.59
292.84 93.16
294.83 92.12
296.83 88.43
298.83 82.14
300.84 82.9
302.83 82.9
304.84 87.75
306.83 92.98
308.83 79.14
310.84 78.13
312.83 78.13
314.83 90.99
316.83 90.51
318.83 90.32
320.83 94.34
322.83 82.43
324.83 82.43
326.83 82.43
328.83 82.43
330.83 82.43
332.83 82.43
334.83 82.43
336.83 82.43
338.83 82.43
340.84 88.05
342.83 92.63
344.83 92.63
346.83 92.63
348.85 92.63
350.83 92.63
352.83 92.63
354.84 92.63
356.83 91.28
358.83 81.37
360.83 94.35
362.83 91.46
364.83 88.72
366.83 88.72
368.83 88.72
370.83 88.72
372.83 88.72
374.83 88.72
376.83 88.72
378.83 88.72
380.83 88.72
382.83 88.72
384.83 88.72
386.83 88.72
388.83 93.61
390.83 79.94
392.83 79.94
394.83 79.94
396.83 79.94
398.83 0.13
400.83 90.78
402.83 86.2
404.83 7.12
406.83 81.65
408.83 90.01
410.83 91.24
412.83 89.78
414.83 91.75
416.83 90.62
418.83 90.62
420.83 90.28
422.83 90.23
424.83 90.24
426.83 94.03
428.83 90.81
430.83 78.69
432.83 93.77
434.83 93.78
436.83 90.49
438.83 100.97
440.83 100.97
442.83 59.52
444.83 59.52
446.83 59.52
448.83 86.19
450.83 2.42
452.83 85.2
454.83 93.34
456.84 96.52
458.83 93.98
460.83 91.04
462.83 92.16
464.83 91.61
466.83 92.5
468.83 87.67
470.83 91.92
472.83 91.32
474.83 90.52
476.83 92.17
478.83 91.42
480.83 89.78
483.08 93.23
485.08 92.98
487.08 92.98
489.08 86.54
491.08 87.84
493.08 89.92
495.08 92.86
497.08 90.26
498.9 94.5
501.08 0.12
503.08 92.06
505.08 91.62
507.08 88.91
509.08 91.37
511.08 93.4
513.08 92.69
515.08 94.04
517.08 94.77
519.08 97.06
521.08 91.06
522.9 91.06
525.08 91.06
527.08 91.06
529.08 91.06
531.08 91.06
533.08 91.06
535.08 91.06
537.08 91.06
539.08 91.06
541.08 91.06
543.08 91.06
545.09 91.06
546.9 91.06
549.08 95.0
551.09 92.09
553.09 90.17
555.08 95.19
557.09 95.19
559.09 95.19
561.08 95.19
563.09 95.19
565.08 95.19
567.08 95.19
569.08 90.94
570.96 9.8
573.08 7.74
575.08 64.1
577.09 64.1
579.08 61.2
581.09 72.47
583.09 84.02
585.08 79.35
587.08 87.66
589.09 84.96
591.08 90.49
593.08 93.61
595.08 89.26
597.08 93.48
599.09 93.48
601.08 9.36
603.08 93.6
605.09 87.33
607.09 92.9
609.09 92.09
611.09 90.76
613.09 77.21
615.09 91.21
617.09 93.02
619.09 93.02
621.08 93.02
623.09 93.02
625.09 93.02
627.08 95.5
629.09 95.5
631.08 92.94
633.09 92.94
635.08 92.94
637.08 92.94
639.08 92.94
641.09 92.94
643.08 92.94
645.08 91.58
647.09 91.58
649.08 91.41
651.09 93.39
653.09 93.39
655.09 93.39
657.09 93.39
659.09 95.2
661.09 56.52
663.08 88.22
665.08 88.22
667.08 90.27
669.09 90.27
671.09 90.27
673.08 88.32
675.09 92.88
677.09 92.83
679.09 68.67
681.09 94.28
683.09 88.91
685.09 86.64
687.09 89.45
689.09 90.07
691.09 90.07
693.09 92.39
695.08 92.39
697.09 92.39
699.09 92.39
701.08 92.39
703.09 93.77
705.09 94.44
707.09 50.84
709.09 30.91
711.09 35.3
713.09 27.42
715.09 35.69
717.09 42.09
719.09 39.83
721.08 41.97
723.09 30.24
725.09 48.46
727.09 39.16
729.09 58.91
731.09 57.34
733.09 57.34
735.34 44.42
737.34 44.42
739.34 44.42
741.34 44.42
743.34 44.42
745.34 44.42
747.34 44.42
749.34 44.42
751.34 44.42
753.16 44.42
755.34 44.42
757.34 44.42
759.34 44.42
761.34 44.42
763.34 44.42
765.34 44.42
767.34 44.42
769.34 44.42
771.34 44.42
773.34 44.42
775.34 44.42
777.15 44.42
779.34 58.7
781.34 75.51
783.34 85.21
785.34 88.41
787.34 90.23
789.34 92.33
791.34 73.69
793.34 92.32
795.34 91.97
797.34 79.29
799.34 58.41
801.15 93.07
803.34 93.07
805.34 93.07
807.34 93.07
809.34 93.83
811.34 10.62
813.34 4.21
815.34 11.35
817.34 13.93
819.34 13.95
821.34 16.1
823.34 18.89
825.34 25.28
827.34 23.74
829.34 26.87
831.34 32.31
833.34 29.22
835.34 31.05
837.34 35.22
839.34 41.1
841.34 44.25
843.34 47.63
845.34 50.76
847.34 48.65
849.34 49.98
851.34 55.77
853.34 54.22
855.34 45.73
857.34 51.06
859.34 56.97
861.34 57.74
863.34 54.47
865.34 57.82
867.34 57.26
869.34 52.09
871.35 60.0
873.34 64.99
875.34 63.69
877.34 61.83
879.34 70.04
881.34 70.04
883.34 68.96
885.34 67.39
887.34 75.86
889.34 9.28
891.34 78.54
893.34 78.54
895.34 78.54
897.34 73.03
899.34 87.74
901.34 91.45
903.34 92.26
905.34 92.26
907.34 92.26
909.34 90.63
911.34 91.73
913.34 91.73
915.34 90.37
917.34 90.37
919.34 90.37
921.34 90.37
923.34 90.37
925.34 90.37
927.34 90.37
929.34 90.37
933.63 4.17
934.22 15.81
935.34 15.76
937.34 21.97
939.34 20.11
941.34 22.78
943.34 26.06
945.34 25.29
947.34 29.87
949.34 38.9
951.34 37.55
953.34 40.86
955.34 45.25
957.34 49.66
959.34 44.16
961.34 54.17
963.34 60.27
965.34 60.27
967.34 60.27
969.34 60.27
971.34 60.27
973.34 61.12
975.34 62.33
977.34 59.66
979.34 59.66
981.34 50.82
983.59 60.37
985.59 60.37
987.59 60.37
989.59 72.98
991.59 72.98
993.59 62.28
995.59 78.02
997.59 82.27
999.59 86.59
1001.59 81.26
1003.59 81.26
1005.59 81.26
1007.59 81.26
1009.59 81.26
1011.59 84.34
1013.59 84.34
1015.59 78.99
1017.59 78.99
1019.59 78.99
1021.59 78.99
1023.59 78.99
1025.59 78.99
1027.59 78.99
1029.59 78.99
1031.59 78.99
1033.59 78.99
1035.59 78.99
1037.59 78.99
1039.59 78.99
1041.59 84.96
1043.59 84.96
1045.59 84.96
1047.59 84.96
1049.59 71.86
1051.59 9.4
1053.59 90.86
1055.59 76.27
1057.59 93.57
1059.59 93.9
1061.59 96.32
1063.59 91.88
1065.59 92.28
1067.59 92.24
1069.59 92.24
1071.64 3.51
1073.59 28.0
1075.59 42.78
1077.59 85.94
1079.59 92.12
1081.59 90.89
1083.59 90.89
1085.59 90.52
1087.59 90.52
1089.59 90.52
1091.59 90.52
1093.59 90.52
1095.59 90.52
1097.59 90.52
1099.59 90.52
1101.59 90.52
1103.58 90.52
1105.59 90.52
1107.59 90.52
1109.59 90.52
1111.59 90.52
1113.59 90.52
1115.58 90.52
1117.59 90.52
1119.59 90.52
1121.59 90.52
1123.59 90.52
1125.59 90.52
1127.59 90.52
1129.59 90.52
1131.59 90.52
1133.59 90.52
1135.59 90.52
1137.59 90.52
1139.59 90.52
1141.59 90.52
1143.59 90.52
1145.59 90.52
1147.59 90.52
1149.59 90.52
1151.59 90.52
1153.59 90.52
1155.59 90.52
1157.59 90.52
1159.59 90.52
1161.59 90.52
1163.59 90.52
1165.59 90.52
1167.59 90.52
1169.59 90.52
1173.12 3.25
1174.01 11.92
1175.59 13.85
1177.59 18.93
1179.59 19.87
1181.59 23.74
1183.59 23.05
1185.59 25.65
1187.59 26.41
1189.59 29.5
1191.59 36.59
1193.59 37.83
1195.59 43.57
1197.59 43.89
1199.59 44.57
1201.59 46.5
1203.59 47.03
1205.59 55.95
1207.59 53.83
1209.59 56.55
