0 38.375
1 95.25
2 120.625
3 142.5
4 130.0
5 90.5
6 63.125
7 0.125
8 12.125
9 13.0
10 10.875
11 69.625
12 62.625
13 63.375
14 12.875
15 13.125
16 15.25
17 11.625
18 13.125
19 12.375
20 12.75
21 13.5
22 14.75
23 12.75
24 14.25
25 14.5
26 15.375
27 15.375
28 13.5
29 35.625
30 64.875
31 87.0
32 78.5
33 77.5
34 2.125
35 1.0
36 15.125
37 13.5
38 66.75
39 98.375
40 150.0
41 173.75
42 92.0
43 108.0
44 73.75
45 45.25
46 39.375
47 9.25
48 2.125
49 1.25
50 0.625
51 14.5
52 15.25
53 14.625
54 11.25
55 14.625
56 15.5
57 10.5
58 13.875
59 14.75
60 10.375
61 11.5
62 23.75
63 59.625
64 75.375
65 81.5
66 48.875
67 33.625
68 6.625
69 2.875
70 7.75
71 10.375
72 4.625
73 5.75
74 11.75
75 11.875
76 24.75
77 42.875
78 41.5
79 44.875
80 48.75
81 51.875
82 52.75
83 62.0
84 76.25
85 84.875
86 82.5
87 15.25
88 13.375
89 11.375
90 10.375
91 42.5
92 73.5
93 86.375
94 81.375
95 69.375
96 23.5
97 10.625
98 7.75
99 10.0
100 2.625
101 15.25
102 11.375
103 52.625
104 73.125
105 75.75
106 40.125
107 11.375
108 55.125
109 110.75
110 92.5
111 135.0
112 40.25
113 15.0
114 11.75
115 11.625
116 13.5
117 14.0
118 15.5
119 9.625
120 14.875
121 14.0
122 14.0
123 0.375
124 14.75
125 11.5
126 14.125
127 32.75
128 46.0
129 45.5
130 44.625
131 46.5
132 1.875
133 11.25
134 17.0
135 40.5
136 46.375
137 50.625
138 45.0
139 30.625
140 8.875
141 6.375
142 9.625
143 20.5
144 4.375
145 4.0
146 13.125
147 12.75
148 15.25
149 24.25
150 22.25
151 26.25
152 24.875
153 15.625
154 10.25
155 22.125
156 26.375
157 26.25
158 2.5
159 12.25
160 11.625
161 26.375
162 37.625
163 21.875
164 39.75
165 29.625
166 61.75
167 10.75
168 12.625
169 14.0
170 23.75
171 57.375
172 84.375
173 80.875
174 85.0
175 79.625
176 74.25
177 72.5
178 46.25
179 11.5
180 51.75
181 131.25
182 106.5
183 125.0
184 127.5
185 158.75
186 146.25
187 10.125
188 12.5
189 31.0
190 13.5
191 6.25
192 5.5
193 3.75
194 9.875
195 14.75
196 16.875
197 58.0
198 78.75
199 90.75
200 90.625
201 119.0
202 137.5
203 146.25
204 142.5
205 202.5
206 185.0
207 192.5
208 190.0
209 148.75
