0.0 1.33
1.15 0.79
3.15 0.88
5.15 0.17
7.15 24.61
9.15 10.73
11.15 0.34
13.15 1.18
15.15 0.71
17.15 1.04
19.15 9.19
21.15 0.74
23.15 9.42
25.15 0.69
27.15 0.58
29.15 68.38
31.15 0.8
33.15 0.12
35.15 1.52
37.15 12.78
39.15 4.7
41.16 44.01
43.15 9.15
45.15 18.29
47.15 10.28
49.15 0.82
51.15 3.77
53.15 0.32
55.15 1.98
57.15 0.12
59.15 8.32
61.15 0.52
63.15 0.91
65.15 0.57
67.15 7.94
69.15 1.04
71.15 9.33
73.15 1.86
75.16 39.49
77.15 1.67
79.15 1.31
81.15 9.42
83.15 1.23
85.15 0.85
87.15 1.09
89.15 0.99
91.15 0.12
93.15 0.36
95.4 8.66
97.4 11.1
99.4 1.75
101.4 0.18
103.4 0.51
105.4 0.12
107.4 2.11
109.3 0.24
111.4 13.52
113.4 4.6
115.4 0.11
117.4 5.44
119.4 8.8
121.4 1.47
123.4 0.18
125.41 5.61
127.4 0.48
129.4 0.13
131.4 61.16
133.25 6.21
135.4 1.59
137.4 26.29
139.4 9.1
141.4 0.72
143.4 0.12
145.4 2.26
147.4 1.23
149.4 0.13
151.4 0.12
153.4 9.48
155.4 2.05
157.3 0.13
159.4 0.83
161.4 1.22
163.4 9.33
165.4 21.11
167.4 8.68
169.4 9.6
171.4 0.17
173.4 0.49
175.4 1.91
177.4 9.0
179.41 1.33
181.4 8.86
183.4 1.04
185.41 0.22
187.4 0.13
189.4 0.42
191.4 0.13
193.41 24.58
195.4 3.57
197.4 0.23
199.4 7.83
201.4 0.24
