0.0 2.05
0.66 1.91
1.88 0.17
2.39 2.96
3.04 3.46
8.17 0.6
10.18 0.01
12.73 1.59
15.27 0.08
18.26 0.22
18.93 0.28
19.53 0.29
21.85 0.46
23.69 1.28
24.71 1.44
25.27 1.44
26.3 1.02
27.91 0.67
31.41 1.04
35.44 0.66
36.13 1.81
37.42 1.92
40.14 2.39
44.15 0.98
51.83 0.69
55.57 0.58
56.73 0.78
59.0 0.97
60.28 1.3
61.11 1.15
61.76 1.66
62.38 4.4
65.45 0.51
68.53 0.02
70.55 1.34
74.62 0.16
75.21 2.15
76.64 2.28
78.65 2.78
81.12 4.65
83.14 0.73
86.19 1.1
89.53 1.54
91.53 4.0
95.23 5.47
96.39 0.34
98.14 1.08
100.64 0.12
102.64 4.89
105.41 0.38
108.17 0.63
110.69 0.67
113.79 1.62
114.96 1.54
117.65 1.74
120.15 1.99
123.8 1.92
126.78 0.02
129.37 1.5
131.9 0.55
133.82 1.0
135.51 2.25
137.8 2.3
139.7 3.29
144.0 0.33
148.11 1.46
151.12 0.7
152.63 1.32
153.6 3.29
154.46 5.29
156.41 0.12
158.41 6.08
169.82 0.08
173.3 0.75
176.1 0.96
178.11 1.23
181.51 0.06
182.5 0.89
184.56 0.17
185.59 0.82
188.6 0.07
189.65 1.21
190.69 1.45
191.7 1.44
192.32 4.39
193.76 1.33
195.39 0.5
197.41 2.06
200.3 5.21
202.89 0.89
204.89 0.56
209.51 0.24
211.23 0.59
213.81 0.86
214.96 1.1
216.88 1.09
219.65 0.83
221.63 0.36
226.45 0.05
227.48 1.51
229.01 0.9
231.63 0.37
233.66 1.58
236.39 2.58
239.81 0.42
241.35 1.16
248.49 1.22
250.7 3.42
252.64 5.35
253.31 5.04
255.71 4.04
258.47 4.04
260.47 0.42
268.45 1.26
269.96 0.41
271.52 2.59
272.74 3.35
274.67 3.64
276.73 0.79
283.84 0.7
289.39 2.23
289.96 2.79
291.21 0.3
291.89 3.61
292.91 3.69
293.67 3.9
295.21 3.96
298.12 0.22
304.79 0.85
307.83 1.7
309.7 1.13
312.18 1.6
315.08 2.28
317.95 1.5
319.8 2.9
322.1 0.05
323.61 3.24
327.51 4.5
328.4 2.45
329.26 3.06
330.33 5.42
332.53 0.68
335.2 0.74
339.38 4.33
343.35 0.39
344.87 1.49
347.88 2.02
351.16 3.37
360.23 0.37
362.26 1.35
363.73 0.8
365.75 0.3
367.27 0.46
368.61 2.28
369.69 2.52
370.79 2.81
371.9 4.06
372.82 4.57
375.65 0.08
382.74 0.48
386.38 0.51
389.02 1.95
390.46 2.3
392.01 1.09
393.67 4.11
398.05 0.17
402.7 0.55
405.2 0.77
407.27 1.37
408.53 2.3
409.72 2.91
410.76 2.62
411.56 3.27
413.22 3.31
421.25 0.02
423.34 1.69
425.84 0.67
427.38 4.39
428.44 1.37
430.33 0.05
433.08 0.11
436.83 0.05
439.95 0.9
442.98 1.28
446.54 1.19
449.65 3.42
451.54 1.0
456.62 0.49
462.86 0.5
463.88 1.43
464.94 1.0
466.56 2.01
467.76 2.4
468.75 2.82
470.09 2.27
471.05 3.3
473.36 1.61
480.75 0.71
483.78 1.1
485.3 1.05
487.04 1.78
489.14 0.35
490.51 1.6
491.78 3.07
492.99 2.49
497.87 0.91
502.36 0.65
506.07 0.2
507.12 3.37
508.35 2.17
510.26 4.83
512.09 0.61
514.0 1.42
519.58 1.01
524.61 0.21
525.64 0.98
527.04 1.72
527.9 2.11
529.03 1.39
530.38 1.88
532.53 2.63
537.98 0.82
538.5 10.59
541.59 0.96
544.6 0.13
547.11 0.17
548.18 5.25
549.55 4.32
550.81 2.97
553.55 1.38
558.08 0.76
562.14 1.68
565.15 0.52
566.97 1.86
568.71 2.62
570.82 3.35
574.22 1.23
581.35 0.27
582.88 0.05
583.9 1.17
584.92 1.29
586.51 1.42
587.61 1.24
589.39 2.02
590.81 2.57
595.02 0.45
597.62 1.28
600.36 1.04
602.17 0.59
603.7 1.32
605.15 1.88
607.1 4.93
609.86 4.68
611.76 1.29
615.35 0.45
617.81 1.94
621.22 0.42
624.07 1.25
626.42 3.68
627.96 6.09
630.56 1.85
636.63 0.54
640.54 2.04
642.84 5.55
644.19 3.91
645.3 0.44
646.61 4.47
648.4 0.66
651.32 1.1
656.89 1.04
660.02 1.08
663.12 0.63
665.06 3.57
666.67 3.55
667.71 4.84
669.22 0.4
671.85 0.31
676.6 0.09
681.18 0.36
683.27 1.4
684.81 2.27
686.58 2.64
688.59 0.66
690.13 0.09
695.52 1.25
699.52 1.58
701.08 0.5
703.36 1.43
706.74 2.56
708.46 2.65
714.95 0.39
716.54 1.29
720.04 0.09
721.57 0.48
722.63 0.83
723.32 2.53
723.97 3.38
725.81 3.5
727.81 4.11
730.79 0.17
733.87 1.08
737.94 1.0
742.02 0.87
743.64 3.4
745.04 3.21
746.56 4.97
748.56 3.8
752.05 0.96
756.66 1.74
