0.0 0.08
5.97 0.1
8.62 0.09
12.35 0.08
14.89 0.05
19.06 0.07
21.49 0.06
24.5 0.08
28.2 0.05
33.57 0.06
39.15 0.01
41.82 0.05
44.86 0.07
49.9 0.07
54.43 0.06
61.41 0.07
64.55 0.07
69.84 0.04
74.68 0.05
78.58 0.07
84.34 0.05
88.32 0.05
95.14 0.05
98.49 0.07
101.82 0.05
106.48 0.06
109.03 0.06
115.82 0.06
119.89 0.06
124.09 0.04
129.34 0.04
132.58 0.05
139.78 0.05
142.56 0.05
149.65 0.08
152.88 0.07
156.21 0.06
160.03 0.09
163.87 0.08
166.48 0.09
169.52 0.07
176.59 0.04
178.9 0.04
181.48 0.11
183.58 0.1
188.18 0.06
189.73 0.05
191.83 0.05
193.99 0.05
196.44 0.06
204.29 0.05
210.44 0.06
215.39 0.07
222.06 0.04
226.45 0.06
231.08 0.06
242.93 0.07
253.98 0.06
262.51 0.01
271.54 0.08
