0.0 57.22
1.12 40.75
3.12 51.2
5.12 51.2
7.12 51.2
9.12 51.2
11.12 45.34
13.12 45.34
15.12 45.34
17.12 38.63
19.12 37.03
21.12 37.03
23.14 27.96
25.12 31.41
27.36 53.57
29.12 23.48
31.36 23.48
33.36 31.37
35.36 49.09
37.36 48.65
39.2 48.65
41.36 28.21
43.36 45.67
45.36 53.17
47.36 46.65
49.36 46.65
51.38 38.65
53.36 38.96
55.36 42.56
57.36 43.89
59.36 54.82
61.36 54.82
63.18 42.38
65.36 51.85
67.36 29.17
69.36 31.58
71.36 31.93
73.36 31.56
75.36 50.88
77.36 41.55
79.38 57.77
81.36 36.16
83.36 44.92
85.38 38.25
87.24 38.25
89.36 38.25
91.36 38.25
93.36 57.97
95.36 38.15
97.36 57.59
99.36 41.43
101.36 51.51
103.36 42.08
105.36 53.66
107.36 36.1
109.36 29.85
111.19 26.91
113.36 57.03
115.36 17.97
117.36 46.06
119.36 41.31
121.36 41.31
123.36 27.58
125.36 46.26
127.36 66.14
129.36 66.14
131.36 10.76
133.36 40.68
135.36 50.28
137.36 48.98
139.36 28.15
141.36 32.85
143.36 71.28
145.36 71.28
147.36 71.65
149.36 71.88
151.36 46.37
153.36 42.98
155.38 42.98
157.36 28.86
159.36 39.64
161.36 52.37
163.36 52.37
165.36 43.84
167.36 56.59
169.36 69.21
171.36 68.84
173.36 54.85
175.36 54.85
177.36 36.73
179.36 22.68
181.38 42.8
183.38 41.03
185.37 67.43
187.36 46.28
189.36 60.24
191.36 53.16
193.37 53.16
195.36 55.12
197.36 48.68
199.38 6.39
201.38 78.88
203.36 80.34
205.36 55.43
207.36 85.31
209.36 85.31
211.38 74.09
213.36 26.39
215.36 88.1
217.36 88.1
219.36 88.1
221.36 58.17
223.36 55.7
225.36 75.76
227.36 57.8
229.36 93.52
231.36 100.26
233.36 98.26
235.36 96.12
237.36 96.12
239.36 96.12
241.36 96.12
243.36 96.12
245.36 101.0
247.36 101.0
249.36 85.53
251.36 85.53
253.36 85.53
255.36 96.99
257.36 56.26
259.36 72.12
261.38 72.56
263.38 46.24
265.36 47.47
267.36 68.28
269.36 96.88
271.36 57.25
273.36 103.54
275.36 44.42
277.62 50.72
279.62 79.42
281.62 1.16
283.62 91.15
285.62 81.54
287.62 88.12
289.62 66.56
291.62 56.56
293.62 61.88
295.62 88.05
297.6 88.56
299.62 88.56
301.62 111.65
303.62 112.12
305.62 112.12
307.62 112.12
309.62 112.12
311.62 98.03
313.62 94.47
315.62 94.47
317.62 94.47
319.62 71.31
321.62 74.71
323.62 54.44
325.62 83.52
327.62 83.52
329.62 92.79
331.62 59.46
333.62 44.8
335.62 82.45
337.62 26.95
339.62 94.08
341.62 24.92
343.62 43.95
345.62 47.1
347.62 77.25
349.6 84.85
351.62 95.79
353.61 95.79
355.62 71.75
357.6 82.08
359.6 82.08
361.62 82.08
363.6 84.09
365.62 96.71
367.6 96.71
369.62 116.63
371.62 91.74
373.62 91.74
375.62 131.15
377.62 77.17
379.6 104.4
381.62 66.53
383.62 58.2
385.62 2.73
387.61 108.6
389.6 131.49
391.6 61.96
393.62 133.41
395.62 120.52
397.62 120.52
399.61 57.94
401.62 57.25
403.62 69.84
405.6 56.6
407.62 45.95
409.62 54.93
411.62 69.89
413.62 69.89
415.62 77.82
417.6 67.52
419.62 67.52
421.6 84.69
423.6 5.51
425.62 64.58
427.63 65.95
429.62 73.57
431.62 90.74
433.62 90.74
435.62 75.96
437.62 75.96
439.62 64.42
441.62 82.59
443.62 43.11
445.62 97.63
447.61 50.96
449.64 46.28
451.6 59.2
453.62 63.37
455.62 63.37
457.62 67.05
459.6 91.32
461.62 71.77
463.62 77.16
465.6 34.86
467.62 82.26
469.6 82.26
471.62 59.73
473.62 70.27
475.61 67.17
477.62 67.17
479.62 76.9
481.63 60.16
483.61 33.97
485.62 67.44
487.62 97.84
489.62 37.03
491.6 28.65
493.6 58.71
495.62 38.36
497.62 92.63
499.62 45.3
501.62 19.58
503.61 32.78
505.63 86.16
507.6 58.55
509.62 19.59
511.62 46.02
513.61 43.33
515.6 54.43
517.6 52.45
519.62 68.28
521.62 68.28
523.62 87.72
525.62 68.26
527.62 79.53
529.86 12.77
531.85 102.91
533.68 10.74
535.86 68.27
537.86 62.99
539.88 7.7
541.86 81.97
543.88 121.2
545.86 72.71
547.86 97.17
549.86 95.39
551.86 64.5
553.86 115.38
555.86 121.09
557.72 88.6
559.88 88.6
561.86 86.94
563.86 8.88
565.86 110.52
567.86 42.15
569.86 71.45
571.86 55.38
573.86 73.39
575.86 17.75
577.86 71.19
579.86 102.65
581.78 6.16
583.86 68.53
585.86 73.12
587.86 8.17
589.86 60.9
591.88 108.79
593.86 74.52
595.86 70.86
597.86 102.52
599.86 100.21
601.86 102.19
603.86 83.76
605.86 97.78
607.88 144.79
609.86 97.76
611.86 3.96
613.86 106.48
615.88 8.19
617.86 111.63
619.86 54.71
621.86 136.16
623.86 81.23
625.86 66.33
627.85 3.27
629.86 75.53
631.86 103.35
633.86 6.2
635.86 79.9
637.86 1.06
639.88 82.87
641.86 102.46
643.86 105.3
645.86 7.74
647.86 50.98
649.86 75.35
651.86 75.35
653.86 95.46
655.88 104.94
657.86 84.84
659.86 31.14
661.86 54.25
663.86 54.25
665.86 54.25
667.86 53.46
669.86 76.65
671.86 76.65
673.88 67.78
675.86 36.25
677.86 53.94
679.86 54.28
681.86 54.28
683.86 52.26
685.86 64.83
687.88 55.03
689.86 63.26
691.86 76.81
693.85 49.17
695.86 37.51
697.86 63.87
699.94 34.78
701.86 69.73
703.86 69.73
705.86 70.26
707.86 60.65
709.86 59.03
711.86 41.32
713.86 50.62
715.86 38.21
717.85 75.0
719.88 57.49
721.88 68.97
723.86 50.82
725.86 68.62
727.86 82.15
729.86 71.86
731.86 44.99
733.86 47.34
735.88 95.28
737.86 95.28
739.86 32.37
741.86 68.94
743.86 71.49
745.86 71.49
747.88 80.73
749.86 65.36
751.86 92.98
753.86 69.64
755.86 69.64
757.86 67.95
759.86 67.95
761.86 67.95
763.86 88.92
765.86 78.83
767.86 53.85
769.86 100.66
771.86 85.43
773.86 67.82
775.86 43.94
778.12 43.94
780.12 43.94
782.12 48.06
784.12 48.06
786.12 48.06
787.98 60.97
790.12 51.9
792.12 51.9
794.12 43.57
796.12 40.06
798.12 66.84
800.12 45.28
802.12 45.01
804.12 45.01
806.12 47.97
808.12 57.51
810.12 53.4
811.92 74.75
814.12 74.75
816.12 66.09
818.12 66.09
820.12 66.09
822.12 66.09
824.12 40.03
826.12 34.21
828.12 66.39
830.12 50.87
832.12 50.87
834.12 60.35
835.93 56.4
838.12 67.75
840.12 58.9
842.12 74.69
844.12 34.28
846.12 50.94
848.12 50.94
850.12 50.94
852.12 10.39
854.1 62.59
856.12 77.83
858.12 77.83
860.12 45.15
862.12 45.15
864.12 65.91
866.12 65.91
868.12 65.91
870.12 46.95
872.12 81.63
874.12 43.31
876.12 50.97
878.12 53.33
880.12 53.33
882.12 53.33
884.12 71.94
886.12 46.63
888.12 4.48
890.12 30.99
892.12 61.97
894.12 43.22
896.12 43.22
898.12 43.22
900.1 55.02
902.12 55.02
904.12 55.02
906.12 59.39
908.12 83.45
910.12 83.45
912.12 83.45
914.12 83.45
916.12 83.45
918.12 83.45
920.12 49.29
922.12 49.29
924.12 49.29
926.12 60.39
928.12 60.39
930.12 47.46
932.12 49.09
934.12 64.18
936.12 34.8
938.12 54.19
940.12 28.78
942.12 63.41
944.13 63.41
946.12 42.16
948.12 48.56
950.12 66.45
952.12 43.48
954.12 16.39
956.12 41.48
958.12 41.48
960.13 41.48
962.12 44.35
964.12 52.27
966.12 66.68
968.12 66.68
970.12 66.68
972.12 10.59
974.12 27.54
976.12 27.54
978.12 27.54
980.12 27.54
982.12 27.54
984.12 27.54
986.12 27.54
988.12 27.54
990.12 27.54
992.12 27.54
994.12 27.54
996.12 27.54
998.12 27.54
1000.12 27.54
1002.12 27.54
1004.12 27.54
1006.1 45.54
1008.12 61.07
1010.12 61.07
1012.12 51.49
1014.12 48.69
1016.12 48.69
1018.12 47.95
1020.12 47.95
1022.12 47.95
1024.12 47.95
1026.13 61.69
1028.36 37.0
1030.36 62.35
1032.36 62.35
1034.36 62.35
1036.36 39.95
1038.36 61.22
1040.36 47.91
1042.36 45.49
1044.36 71.06
1046.37 63.23
1048.35 63.23
1050.36 81.56
1052.36 76.58
1054.36 76.58
1056.36 81.06
1058.35 43.27
1060.36 58.13
1062.36 1.39
1064.37 38.07
1066.38 45.07
1068.36 15.43
1070.36 15.52
1072.36 15.52
1074.36 31.11
1076.36 49.53
1078.36 49.53
1080.36 63.66
1082.36 56.17
1084.36 62.0
1086.36 62.0
1088.36 62.0
1090.36 62.0
1092.36 62.0
1094.36 60.9
1096.36 60.9
1098.36 69.71
1100.38 69.71
1102.36 39.87
1104.36 47.92
1106.36 47.92
1108.36 61.11
1110.36 70.42
1112.36 63.93
1114.36 71.07
1116.36 39.38
1118.36 39.38
1120.36 30.21
1122.36 47.81
1124.38 64.29
1126.36 60.49
1128.36 72.08
1130.36 62.13
1132.36 39.5
1134.36 54.96
1136.36 54.96
1138.36 36.88
1140.36 44.52
1142.36 44.52
1144.36 44.52
1146.36 74.06
1148.36 46.38
1150.36 39.22
1152.36 39.22
1154.36 37.75
1156.36 44.6
1158.36 44.6
1160.36 64.36
1162.36 82.42
1164.36 82.42
1166.36 76.63
1168.36 82.15
1170.36 82.15
1172.36 40.0
1174.36 52.7
1176.36 52.7
1178.36 84.5
1180.36 46.16
1182.36 46.16
1184.36 62.69
1186.36 76.79
1188.36 61.86
1190.36 65.8
1192.36 65.8
1194.36 65.8
1196.36 96.91
1198.36 96.91
1200.36 96.91
1202.36 66.52
1204.38 86.12
1206.36 81.12
1208.36 81.12
1210.36 86.63
1212.36 100.58
1214.36 79.52
1216.36 100.2
1218.36 0.68
1220.36 110.72
1222.36 110.72
1224.36 110.72
1226.36 110.72
1228.36 110.72
1230.36 90.91
1232.36 90.91
1234.36 50.23
1236.36 55.63
1238.36 103.8
1240.36 101.02
1242.36 83.07
1244.36 53.85
1246.36 54.38
1248.36 69.06
1250.36 55.32
1252.36 62.74
1254.36 71.37
1256.36 71.37
1258.36 113.2
1260.36 102.63
1262.38 100.75
1264.36 97.93
1266.36 97.93
1268.36 8.16
1270.36 125.53
1272.36 79.64
1274.36 79.64
1276.36 135.99
1278.62 98.08
1280.62 111.42
1282.48 8.21
1284.62 80.99
1286.62 55.03
1288.62 8.93
1290.62 67.69
1292.62 67.69
1294.62 1.45
1296.62 69.51
1298.62 8.89
1300.62 22.04
1302.62 8.23
1304.62 75.86
1306.44 84.21
1308.62 118.76
1310.62 131.71
1312.62 7.6
1314.62 124.69
1316.62 118.18
1318.62 120.24
1320.62 71.55
1322.62 131.84
1324.6 131.84
1326.62 131.84
1328.62 131.84
1330.46 11.45
1332.62 132.75
1334.62 132.75
1336.62 119.66
1338.62 119.66
1340.62 8.19
1342.62 96.9
1344.62 96.9
1346.62 119.78
1348.62 111.53
1350.62 93.27
1352.62 98.63
1354.48 7.57
1356.62 69.13
1358.62 61.47
1360.62 8.52
1362.62 106.32
1364.62 11.57
1366.62 70.23
1368.62 70.23
1370.62 85.04
1372.62 62.76
1374.62 118.44
1376.62 115.41
1378.48 8.19
1380.61 71.83
1382.68 75.43
1384.62 82.06
1386.62 114.11
1388.62 7.55
1390.62 79.41
1392.62 96.29
1394.62 125.61
1396.62 125.61
1398.62 125.61
1400.62 66.45
1402.62 102.56
1404.62 69.22
1406.62 85.58
1408.62 70.61
1410.6 86.61
1412.62 8.19
1414.62 59.53
1416.62 53.96
1418.62 94.66
1420.62 89.47
1422.62 93.57
1424.6 20.94
1426.61 76.6
1428.62 77.19
1430.62 56.68
1432.62 36.49
1434.6 37.66
1436.62 52.72
1438.62 77.51
1440.62 70.32
1442.6 11.95
1444.62 72.14
1446.62 85.02
1448.62 63.38
1450.62 40.51
1452.62 38.23
1454.62 84.99
1456.62 61.3
1458.62 38.84
1460.62 85.5
1462.62 79.8
1464.62 88.11
1466.63 65.0
1468.62 62.19
1470.62 53.73
1472.62 85.74
1474.62 88.39
1476.62 35.06
1478.62 65.36
1480.62 86.12
1482.62 90.6
1484.62 52.37
1486.62 6.76
1488.62 95.9
1490.62 41.38
1492.61 58.93
1494.6 64.25
1496.62 45.96
1498.62 77.44
1500.62 97.59
1502.62 45.84
1504.62 97.04
1506.62 30.93
1508.62 8.07
1510.62 50.53
1512.62 75.41
1514.62 42.13
1516.62 97.76
1518.62 99.24
1520.62 83.64
1522.62 76.85
1524.62 77.16
1526.62 60.54
1528.86 81.18
1530.86 66.53
1532.86 62.78
1534.64 95.42
1536.68 70.31
1538.86 51.18
1540.86 107.78
1542.88 107.78
1544.86 107.78
1546.86 107.78
1548.86 107.78
1550.86 107.78
1552.86 108.45
1554.86 111.1
1556.86 45.84
1558.86 51.82
1560.7 51.82
1562.86 62.43
1564.86 102.95
1566.86 102.95
1568.86 102.95
1570.86 98.56
1572.86 117.55
1574.88 117.55
1576.86 8.15
1578.86 77.58
1580.86 83.91
1582.86 82.06
1584.68 21.87
1586.86 73.69
1588.86 73.69
1590.86 36.1
1592.86 43.1
1594.86 63.22
1596.86 83.34
1598.86 59.53
1600.86 114.79
1602.86 70.78
1604.88 6.83
1606.86 106.27
1608.86 106.27
1610.86 120.56
1612.85 131.72
1614.86 131.72
1616.86 111.76
1618.86 8.17
1620.86 82.59
1622.86 53.6
1624.86 103.61
1626.88 118.65
1628.88 100.19
1630.86 121.13
1632.71 12.97
1634.86 92.77
1636.86 90.18
1638.86 99.38
1640.86 99.38
1642.86 109.03
1644.86 93.21
1646.86 17.66
1648.86 68.2
1650.85 111.26
1652.86 112.8
1654.86 66.36
1656.86 66.36
1658.86 69.2
1660.86 69.2
1662.86 51.44
1664.86 102.24
1666.86 113.84
1668.86 113.84
1670.88 71.8
1672.86 71.8
1674.86 60.99
1676.86 84.13
1678.86 40.21
1680.86 109.86
1682.86 23.13
1684.86 45.39
1686.86 95.33
1688.86 55.38
1690.85 55.38
1692.86 55.38
1694.86 55.38
1696.86 111.03
1698.86 111.03
1700.86 68.04
1702.87 76.45
1704.86 127.53
1706.86 127.53
1708.86 101.93
1710.86 9.13
1712.86 98.99
1714.86 119.06
1716.86 117.86
1718.86 70.45
1720.86 70.45
1722.86 109.68
1724.86 8.17
1726.86 97.03
1728.86 94.67
1730.86 94.67
1732.86 104.85
1734.86 77.7
1736.86 109.39
1738.86 109.39
1740.86 95.3
1742.86 95.3
1744.86 95.3
1746.86 0.27
1748.86 46.05
1750.86 47.88
1752.86 47.88
1754.86 48.19
1756.86 48.19
1758.86 48.19
1760.86 48.19
1762.86 48.19
1764.86 48.19
1766.85 49.16
1768.86 54.8
1770.86 54.8
1772.86 54.8
1774.86 56.07
1776.86 56.07
1778.86 62.11
1781.12 76.41
1783.12 49.78
1785.12 57.45
1787.12 69.54
1789.12 69.54
1791.12 44.21
1793.12 44.21
1795.12 35.86
1797.12 38.65
1799.12 38.65
1801.12 39.25
1803.12 39.25
1805.12 69.18
1807.12 35.3
1809.1 37.71
1811.12 39.11
1813.12 67.97
1815.12 55.24
1817.12 60.06
1819.12 62.5
1821.12 50.38
1823.12 50.69
1825.12 60.14
1827.12 60.14
1829.12 60.14
1831.12 64.28
1833.12 48.53
1835.12 48.53
1837.12 3.69
1839.12 32.31
1841.12 59.72
1843.14 46.16
1845.12 46.16
1847.12 11.88
1849.12 48.03
1851.12 69.64
1853.12 48.16
1855.12 48.16
1857.12 48.16
1859.12 68.32
1861.12 68.32
1863.1 0.12
1865.12 46.56
1867.12 51.41
1869.12 51.41
1871.12 51.41
1873.12 51.41
1875.1 51.41
1877.12 67.24
1879.12 37.7
1881.12 37.7
1883.12 37.7
1885.12 71.97
1887.12 66.13
1889.12 80.29
1891.12 80.29
1893.12 81.12
1895.12 67.91
1897.12 66.9
1899.1 66.9
1901.12 66.9
1903.12 66.9
1905.12 66.9
1907.12 80.27
1909.12 80.27
1911.12 80.27
1913.12 80.27
1915.12 80.27
1917.12 60.86
1919.12 60.86
1921.14 60.86
1923.12 60.86
1925.12 60.86
1927.12 60.86
1929.12 60.86
1931.1 60.86
1933.12 60.86
1935.1 82.24
1937.12 55.84
1939.12 55.84
1941.12 55.84
1943.12 55.84
1945.12 58.83
1947.12 84.15
1949.12 79.54
1951.12 79.54
1953.12 80.66
1955.12 41.09
1957.12 41.09
1959.12 41.09
1961.12 79.89
1963.12 51.6
1965.12 51.6
1967.12 33.21
1969.12 80.31
1971.12 80.31
1973.12 54.1
1975.12 50.13
1977.12 60.26
1979.12 84.67
1981.13 51.95
1983.14 51.95
1985.12 76.96
1987.12 76.96
1989.12 58.3
1991.12 72.59
1993.12 57.75
1995.12 48.72
1997.12 49.58
1999.12 16.81
2001.12 36.6
2003.12 36.6
2005.12 38.49
2007.12 38.49
2009.12 80.12
2011.12 86.59
2013.12 86.95
2015.12 77.14
2017.12 77.96
2019.12 77.96
2021.12 59.02
2023.12 59.02
2025.12 59.02
2027.12 70.32
2029.36 70.32
2031.18 88.9
2033.36 88.9
2035.36 88.9
2037.36 88.9
2039.36 88.9
2041.36 88.9
2043.36 88.9
2045.36 88.9
2047.36 88.9
2049.36 88.9
2051.36 68.65
2053.36 40.07
2055.18 77.8
2057.36 58.12
2059.36 55.42
2061.36 83.96
2063.36 50.31
2065.36 59.44
2067.36 76.35
2069.36 81.88
2071.36 81.88
2073.36 81.88
2075.36 81.88
2077.36 81.88
2079.18 81.88
2081.36 81.88
2083.36 95.59
2085.36 90.57
2087.36 90.57
2089.36 90.57
2091.36 47.67
2093.36 94.23
2095.36 72.28
2097.38 63.74
2099.36 63.74
2101.36 78.07
2103.2 79.91
2105.36 79.91
2107.36 94.66
2109.36 94.66
2111.36 94.66
2113.36 58.46
2115.36 65.77
2117.36 65.77
2119.36 82.17
2121.36 84.1
2123.36 74.79
2125.36 74.79
2127.22 74.79
2129.36 74.79
2131.36 74.79
2133.36 59.63
2135.36 52.32
2137.36 50.7
2139.36 64.28
2141.36 53.4
2143.36 53.4
2145.37 63.11
2147.36 67.6
2149.37 67.78
2151.36 61.94
2153.36 38.03
2155.36 36.33
2157.36 36.33
2159.36 36.33
2161.36 47.95
2163.36 57.0
2165.36 57.0
2167.36 60.89
2169.36 38.17
2171.36 38.17
2173.36 38.17
2175.36 38.17
2177.35 38.24
2179.36 35.12
2181.36 35.12
2183.36 44.0
2185.36 65.75
2187.36 9.66
2189.36 35.54
2191.36 35.54
2193.36 36.33
2195.36 42.02
2197.36 39.73
2199.36 42.83
2201.36 58.3
2203.36 58.3
2205.36 35.87
2207.36 39.99
2209.36 40.71
2211.36 32.11
2213.36 52.83
2215.36 59.69
2217.38 45.94
2219.36 67.03
2221.36 53.88
2223.36 28.51
2225.36 34.23
2227.36 34.23
2229.36 59.63
2231.36 0.11
2233.37 40.73
2235.36 66.42
2237.36 68.12
2239.36 68.12
2241.37 66.19
2243.36 1.25
2245.36 66.84
2247.36 57.59
2249.36 68.09
2251.36 68.09
2253.36 68.09
2255.36 68.09
2257.36 40.47
2259.36 50.38
2261.36 51.61
2263.36 44.43
2265.36 42.52
2267.36 64.98
2269.36 36.8
2271.36 55.42
2273.36 75.0
2275.36 34.85
2277.36 73.16
2279.62 50.38
2281.66 72.9
2283.62 72.9
2285.62 72.9
2287.62 72.9
2289.62 62.54
2291.62 45.92
2293.62 45.92
2295.62 45.92
2297.62 62.2
2299.62 59.91
2301.62 59.91
2303.62 35.88
2305.62 33.63
2307.62 69.64
2309.62 68.58
2311.62 68.75
2313.62 75.29
2315.62 46.31
2317.62 45.51
2319.62 70.35
2321.62 70.35
2323.62 76.26
2325.62 65.65
2327.62 65.02
2329.62 57.62
2331.62 6.04
2333.62 43.64
2335.62 51.24
2337.62 77.16
2339.62 77.16
2341.62 74.54
2343.62 74.54
2345.62 26.45
2347.64 40.32
2349.62 69.01
2351.62 45.85
2353.62 46.64
2355.62 67.24
2357.62 67.24
2359.62 67.24
2361.62 52.06
2363.62 78.81
2365.62 83.36
2367.62 55.41
2369.62 55.41
2371.62 38.02
2373.62 44.61
2375.62 27.96
2377.62 61.2
2379.62 29.45
2381.62 0.04
2383.62 40.15
2385.62 72.7
2387.62 72.7
2389.62 72.98
2391.6 63.84
2393.62 31.36
2395.62 61.49
2397.62 61.49
2399.62 82.6
2401.62 67.65
2403.62 71.98
2405.62 49.07
2407.62 74.07
2409.62 43.94
2411.6 49.6
2413.62 49.6
2415.62 55.23
2417.62 86.3
2419.62 77.83
2421.62 77.8
2423.62 40.89
2425.62 44.75
2427.62 61.57
2429.62 81.99
2431.62 89.97
2433.62 89.97
2435.62 91.79
2437.62 60.24
2439.62 74.69
2441.62 69.26
2443.62 67.51
2445.62 92.39
2447.62 67.57
2449.62 83.04
2451.62 54.31
2453.62 45.75
2455.62 72.79
2457.62 59.78
2459.62 67.47
2461.62 89.45
2463.62 76.28
2465.6 79.82
2467.62 82.53
2469.62 53.81
2471.62 55.02
2473.62 81.17
2475.62 67.98
2477.62 42.73
2479.62 92.13
2481.62 53.17
2483.62 59.07
2485.62 83.05
2487.62 83.05
2489.62 53.96
2491.6 89.05
2493.62 72.64
2495.62 5.76
2497.62 91.74
2499.62 91.74
2501.62 35.31
2503.62 74.87
2505.62 81.49
2507.62 14.05
2509.62 35.24
2511.62 106.24
2513.64 106.24
2515.62 65.25
2517.62 75.46
2519.62 75.46
2521.62 64.79
2523.62 109.62
2525.62 73.61
2527.62 93.32
2529.86 93.32
2531.86 93.32
2533.86 110.29
2535.86 110.29
2537.86 98.09
2539.86 94.82
2541.86 10.32
2543.86 93.61
2545.86 95.82
2547.86 80.36
2549.7 60.39
2551.86 94.51
2553.86 61.65
2555.86 121.53
2557.86 121.53
2559.86 10.19
2561.86 51.45
2563.86 82.4
2565.86 82.4
2567.86 74.85
2569.86 74.89
2571.86 55.09
2573.7 63.01
2575.86 68.58
2577.86 57.07
2579.86 90.35
2581.86 84.68
2583.86 74.46
2585.86 74.46
2587.86 74.46
2589.86 90.4
2591.86 52.19
2593.86 36.69
2595.86 61.9
2597.7 61.9
2599.86 47.82
2601.86 96.74
2603.86 67.82
2605.86 67.82
2607.86 49.32
2609.86 49.32
2611.86 79.39
2613.86 42.25
2615.86 49.66
2617.86 69.08
2619.86 74.71
2621.72 97.92
2623.86 109.55
2625.86 109.55
2627.86 109.55
2629.86 109.55
2631.86 66.77
2633.86 66.77
2635.86 66.77
2637.86 113.87
2639.86 113.87
2641.86 113.89
2643.86 113.89
2645.86 112.82
2647.86 92.68
2649.86 114.0
2651.86 114.0
2653.86 111.22
2655.86 79.46
2657.86 79.46
2659.86 112.21
2661.86 10.29
2663.86 53.23
2665.86 53.23
2667.86 113.76
2669.86 113.76
2671.86 113.76
2673.86 106.0
2675.86 12.65
2677.86 56.0
2679.86 55.17
2681.86 77.68
2683.86 77.68
2685.86 77.68
2687.86 107.6
2689.86 66.99
2691.86 66.99
2693.86 66.99
2695.86 0.43
2697.86 31.33
2699.86 33.09
2701.86 107.82
2703.86 108.48
2705.86 73.02
2707.86 73.02
2709.86 10.26
2711.88 70.85
2713.86 65.91
2715.86 49.21
2717.86 49.21
2719.86 76.13
2721.86 61.05
2723.86 65.95
2725.86 88.41
2727.86 88.41
2729.86 68.53
2731.86 68.53
2733.86 59.79
2735.86 59.79
2737.86 45.73
2739.86 55.16
2741.86 58.03
2743.86 58.03
2745.86 58.03
2747.86 72.76
2749.86 93.39
2751.86 93.39
2753.86 41.15
2755.86 52.0
2757.86 87.4
2759.86 46.64
2761.86 46.64
2763.86 68.63
2765.86 68.63
2767.86 66.11
2769.86 96.76
2771.86 96.6
2773.86 96.03
2775.86 98.32
2777.86 98.32
2779.92 98.32
2782.12 98.32
2784.12 98.32
2786.1 98.32
2788.12 69.04
2790.12 100.53
2792.1 101.27
2794.1 86.69
2796.12 13.8
2798.12 80.1
2800.12 80.1
2802.12 80.1
2803.94 80.1
2806.12 80.1
2808.12 80.1
2810.12 71.04
2812.12 48.87
2814.12 72.61
2816.12 86.08
2818.12 79.34
2820.12 79.34
2822.12 85.25
2824.12 64.0
2826.12 64.0
2827.92 82.44
2830.12 82.44
2832.12 82.44
2834.12 58.52
2836.12 85.17
2838.12 85.17
2840.12 85.17
2842.12 85.17
2844.12 85.17
2846.12 47.86
2848.12 47.86
2850.12 47.86
2851.94 47.86
2854.12 72.53
2856.12 72.53
2858.12 72.53
2860.12 72.53
2862.12 72.53
2864.12 72.53
2866.12 72.53
2868.12 72.53
2870.12 43.4
2872.12 43.4
2874.12 43.4
2876.12 43.4
2878.12 43.4
2880.12 43.4
2882.1 36.73
2884.1 65.93
2886.12 65.93
2888.12 39.6
2890.12 71.24
2892.12 23.37
2894.12 75.98
2896.1 62.58
2898.12 55.9
2900.12 55.9
2902.12 67.84
2904.12 76.11
2906.1 53.11
2908.12 53.11
2910.12 42.36
2912.12 58.88
2914.12 63.71
2916.12 46.3
2918.12 46.76
2920.12 73.89
2922.12 65.01
2924.1 30.16
2926.12 66.8
2928.12 52.08
2930.12 52.08
2932.12 48.84
2934.1 51.4
2936.12 41.77
2938.12 33.28
2940.12 36.71
2942.12 76.32
2944.1 9.73
2946.1 63.47
2948.12 36.75
2950.12 63.82
2952.12 71.54
2954.12 71.54
2956.12 71.54
2958.1 71.54
2960.1 71.54
2962.1 71.54
2964.12 77.86
2966.1 63.25
2968.1 78.61
2970.12 63.44
2972.1 63.44
2974.1 59.48
2976.1 55.44
2978.1 70.18
2980.1 70.18
2982.1 32.69
2984.1 34.2
2986.12 34.2
2988.12 11.32
2990.12 26.59
2992.12 56.26
2994.12 32.41
2996.12 32.41
2998.1 32.42
3000.1 61.59
3002.1 61.59
3004.11 61.59
3006.12 44.26
3008.12 55.53
3010.12 74.63
3012.12 74.63
3014.1 47.75
3016.12 77.13
3018.1 77.13
3020.12 37.98
3022.12 35.28
3024.12 35.28
3026.1 36.15
3028.12 36.15
3030.12 54.26
3032.36 82.65
3034.36 47.61
3036.36 15.49
3038.38 56.86
3040.36 77.81
3042.36 55.5
3044.36 67.74
3046.36 67.74
3048.36 79.14
3050.36 51.16
3052.36 83.82
3054.36 83.82
3056.36 76.38
3058.36 47.65
3060.36 83.84
3062.36 66.66
3064.36 66.66
3066.36 66.66
3068.36 41.26
3070.36 56.93
3072.36 30.4
3074.36 36.11
3076.36 39.33
3078.36 45.58
3080.36 74.75
3082.36 74.75
3084.36 42.89
3086.36 34.51
3088.37 49.5
3090.36 56.03
3092.36 83.18
3094.36 71.84
3096.36 60.01
3098.36 35.1
3100.36 35.1
3102.36 39.68
3104.36 54.01
3106.36 70.48
3108.36 73.55
3110.36 83.83
3112.36 83.83
3114.36 83.83
3116.36 69.88
3118.36 69.88
3120.36 84.95
3122.36 82.57
3124.36 82.57
3126.36 82.57
3128.36 82.57
3130.36 81.42
3132.36 81.42
3134.36 67.65
3136.36 80.56
3138.36 80.56
3140.36 80.56
3142.36 80.56
3144.36 80.56
3146.36 82.56
3148.36 82.56
3150.36 68.77
3152.36 83.43
3154.36 52.02
3156.36 88.24
3158.36 87.86
3160.36 40.02
3162.36 40.02
3164.36 88.35
3166.36 80.47
3168.36 65.98
3170.36 70.82
3172.36 70.82
3174.36 53.06
3176.36 70.41
3178.36 70.41
3180.36 47.59
3182.36 42.06
3184.36 53.75
3186.36 23.07
3188.36 21.58
3190.36 47.17
3192.36 41.83
3194.36 58.97
3196.36 74.21
3198.36 51.82
3200.36 64.95
3202.37 27.19
3204.36 85.28
3206.36 50.24
3208.36 50.24
3210.36 50.64
3212.36 84.16
3214.36 76.82
3216.36 76.82
3218.36 76.82
3220.36 76.82
3222.36 48.04
3224.36 76.22
3226.36 60.3
3228.36 78.67
3230.36 58.43
3232.36 87.39
3234.36 86.22
3236.36 84.58
3238.36 68.66
3240.36 36.86
3242.36 27.73
3244.36 49.67
3246.36 41.73
3248.36 83.93
3250.36 60.26
3252.36 45.27
3254.36 57.04
3256.36 57.04
3258.36 92.75
3260.36 93.55
3262.36 22.38
3264.36 86.64
3266.36 104.11
3268.36 85.75
3270.36 7.91
3272.36 92.23
3274.36 106.44
3276.36 112.5
3278.36 77.95
3280.6 77.95
3282.6 110.42
3284.6 110.42
3286.62 110.42
3288.62 69.35
3290.62 72.34
3292.62 120.43
3294.62 43.81
3296.62 122.75
3298.46 91.2
3300.6 108.67
3302.62 77.97
3304.6 99.55
3306.62 99.55
3308.6 6.22
3310.62 81.27
3312.6 107.38
3314.6 11.14
3316.62 54.83
3318.6 7.88
3320.6 102.68
3322.46 106.82
3324.62 83.48
3326.6 106.17
3328.62 106.17
3330.62 106.17
3332.6 8.17
3334.62 51.61
3336.62 56.73
3338.62 34.1
3340.62 41.1
3342.62 20.47
3344.6 56.56
3346.48 28.97
3348.62 57.79
3350.62 54.76
3352.62 31.96
3354.6 58.95
3356.62 58.95
3358.6 26.68
3360.6 42.01
3362.62 40.16
3364.6 30.92
3366.6 34.26
3368.62 59.59
3370.62 59.59
3372.62 31.88
3374.6 49.37
3376.6 73.9
3378.6 38.16
3380.62 57.26
3382.6 55.4
3384.6 55.94
3386.6 55.94
3388.62 66.38
3390.6 69.88
3392.62 69.88
3394.62 36.77
3396.6 65.72
3398.6 65.72
3400.62 50.48
3402.62 54.02
3404.6 44.82
3406.6 65.6
3408.6 65.6
3410.62 65.6
3412.6 66.41
3414.6 54.32
3416.6 78.43
3418.62 78.43
3420.6 78.43
3422.6 78.43
3424.62 78.43
3426.6 83.33
3428.62 46.85
3430.62 80.66
3432.6 44.17
3434.62 44.17
3436.62 78.27
3438.6 60.03
3440.62 60.03
3442.62 67.29
3444.62 58.89
3446.6 68.7
3448.62 68.7
3450.6 70.76
3452.62 58.13
3454.6 98.6
3456.6 51.87
3458.6 51.87
3460.62 84.03
3462.62 71.28
3464.62 58.05
3466.6 58.83
3468.62 67.86
3470.62 88.89
3472.6 53.16
3474.62 85.11
3476.6 54.26
3478.6 69.26
3480.62 83.15
3482.62 51.28
3484.6 106.61
3486.62 106.61
3488.6 9.29
3490.62 104.93
3492.6 101.4
3494.6 41.11
3496.62 54.69
3498.6 92.59
3500.62 109.85
3502.6 109.85
3504.6 17.75
3506.6 110.7
3508.62 109.71
3510.6 54.07
3512.62 67.65
3514.62 79.52
3516.6 119.79
3518.6 105.79
3520.6 6.22
3522.6 32.43
3524.6 52.6
3526.6 58.57
3528.6 56.33
3530.86 91.49
3532.86 61.13
3534.85 65.1
3536.86 60.83
3538.85 61.93
3540.86 54.97
3542.86 90.19
3544.86 96.05
3546.86 61.74
3548.87 95.21
3550.86 96.17
3552.66 96.17
3554.86 89.01
3556.86 89.01
3558.86 89.01
3560.86 51.11
3562.86 69.96
3564.86 87.06
3566.86 87.06
3568.86 87.06
3570.86 64.31
3572.86 64.31
3574.86 78.94
3576.68 50.39
3578.86 50.39
3580.86 55.36
3582.86 55.36
3584.86 68.57
3586.86 59.87
3588.86 59.87
3590.88 59.87
3592.86 59.87
3594.86 59.87
3596.86 59.87
3598.86 59.87
3600.86 59.87
3602.86 59.87
3604.86 59.87
3606.86 14.5
3608.86 11.86
3610.86 11.33
3612.86 14.28
3614.86 18.47
3616.86 17.52
3618.86 17.46
3620.86 13.66
3622.86 25.96
3624.72 23.12
3626.86 19.09
3628.88 25.71
3630.86 20.85
3632.86 26.39
3634.86 22.44
3636.86 21.14
3638.86 27.95
3640.86 10.88
3642.86 32.56
3644.86 19.01
3646.86 25.5
3648.86 32.01
3650.86 10.68
3652.86 18.53
3654.86 22.85
3656.86 22.02
3658.86 29.96
3660.86 24.67
3662.86 14.99
3664.86 28.08
3666.86 12.41
3668.86 12.97
3670.86 14.82
3672.86 16.96
3674.86 23.53
3676.86 32.19
3678.86 25.77
3680.86 32.99
3682.86 30.8
3684.86 33.52
3686.86 12.13
3688.86 35.97
3690.86 35.97
3692.88 35.97
3694.86 30.31
3696.86 21.88
3698.86 30.12
3700.86 30.12
3702.86 11.24
3704.86 20.49
3706.86 22.38
3708.86 37.92
3710.86 31.97
3712.86 31.97
3714.86 24.83
3716.86 42.77
3718.86 36.03
3720.86 35.63
3722.86 23.03
3724.86 43.6
3726.86 49.47
3728.86 53.82
3730.86 39.41
3732.86 30.47
3734.86 31.21
3736.86 37.08
3738.86 45.74
3740.86 27.56
3742.86 54.48
3744.86 53.79
3746.86 46.64
3748.86 48.95
3750.86 35.15
3752.86 60.61
3754.85 60.61
3756.86 60.61
3758.86 60.73
3760.86 39.1
3762.86 59.13
3764.86 59.13
3766.86 40.45
3768.86 40.45
3770.86 40.45
3772.86 40.45
3774.86 59.62
3776.86 38.1
3778.86 48.85
3781.1 38.28
3783.1 60.61
3785.1 41.14
3787.1 66.07
3789.12 34.95
3791.12 39.08
3793.12 48.9
3795.1 48.9
3797.1 47.93
3799.14 47.78
3801.12 47.78
3803.1 47.78
3805.12 47.78
3807.12 47.78
3809.1 47.78
3811.12 42.42
3813.12 42.42
3815.1 42.42
3817.1 39.62
3819.12 39.62
3821.1 61.0
3823.1 51.38
3825.1 51.38
3827.1 40.21
3829.12 38.36
3831.1 61.51
3833.1 53.1
3835.1 53.1
3837.1 53.1
3839.1 39.41
3841.12 56.82
3843.1 48.17
3845.1 36.62
3847.12 30.77
3849.12 64.89
3851.12 66.54
3853.1 66.54
3855.1 66.54
3857.12 66.54
3859.12 66.54
3861.12 66.54
3863.1 59.32
3865.1 42.2
3867.1 69.06
3869.1 58.62
3871.1 58.62
3873.1 58.62
3875.12 58.62
3877.1 58.62
3879.1 58.62
3881.12 69.97
3883.1 50.04
3885.1 41.77
3887.1 41.77
3889.12 55.86
3891.1 55.86
3893.1 71.72
3895.1 71.72
3897.1 66.8
3899.12 44.05
3901.1 52.08
3903.1 74.07
3905.1 65.6
3907.12 65.6
3909.1 71.04
3911.1 62.19
3913.1 78.04
3915.1 60.57
3917.12 60.57
3919.12 58.43
3921.12 72.75
3923.14 82.88
3925.1 82.88
3927.12 57.91
3929.1 31.04
3931.1 45.78
3933.12 50.87
3935.12 76.59
3937.12 9.76
3939.12 70.43
3941.1 72.48
3943.12 32.78
3945.12 61.26
3947.12 52.8
3949.1 53.68
3951.1 28.17
3953.12 76.91
3955.1 79.75
3957.12 21.45
3959.12 55.7
3961.12 61.12
3963.1 41.45
3965.1 51.64
3967.12 43.7
3969.11 90.05
3971.14 89.68
3973.1 82.8
3975.11 70.41
3977.1 101.3
3979.12 109.34
3981.1 109.34
3983.1 109.34
3985.1 106.83
3987.12 71.49
3989.1 71.49
3991.12 71.49
3993.12 71.49
3995.1 71.49
3997.1 0.27
3999.1 116.8
4001.1 116.8
4003.12 17.1
4005.1 6.14
4007.1 28.77
4009.1 74.66
4011.12 74.66
4013.1 74.66
4015.12 71.53
4017.1 42.45
4019.1 42.45
4021.12 12.55
4023.1 84.11
4025.1 84.11
4027.1 84.11
4029.12 84.11
4031.36 84.11
4033.36 41.02
4035.36 75.93
4037.36 75.93
4039.36 83.72
4041.36 83.72
4043.36 83.72
4045.36 69.43
4047.18 69.43
4049.36 91.02
4051.36 64.74
4053.36 64.74
4055.36 62.38
4057.36 47.11
4059.36 47.11
4061.36 75.34
4063.36 75.34
4065.36 75.34
4067.36 75.34
4069.36 75.34
4071.18 87.19
4073.36 87.19
4075.36 87.19
4077.36 87.19
4079.36 81.88
4081.36 81.88
4083.36 86.87
4085.36 45.12
4087.36 45.12
4089.36 76.31
4091.36 76.31
4093.36 76.31
4095.36 76.31
4097.36 76.31
4099.36 76.31
4101.36 33.06
4103.36 47.86
4105.36 47.86
4107.36 47.86
4109.36 47.86
4111.36 47.86
4113.36 47.86
4115.36 58.64
4117.36 58.64
4119.36 51.28
4121.36 59.26
4123.36 28.54
4125.36 49.06
4127.36 49.06
4129.36 49.06
4131.36 53.7
4133.36 6.01
4135.36 38.42
4137.36 56.86
4139.36 35.62
4141.36 34.68
4143.36 64.63
4145.36 71.36
4147.38 35.04
4149.36 35.04
4151.36 35.04
4153.36 35.04
4155.36 35.04
4157.36 40.92
4159.36 40.92
4161.36 40.92
4163.38 66.37
4165.36 33.64
4167.36 62.78
4169.36 52.0
4171.36 29.89
4173.36 43.33
4175.36 27.08
4177.36 46.64
4179.36 59.19
4181.36 55.77
4183.36 57.02
4185.36 78.48
4187.36 50.1
4189.36 82.79
4191.36 82.79
4193.36 66.05
4195.36 66.05
4197.35 66.05
4199.36 74.28
4201.36 75.47
4203.36 75.47
4205.36 50.36
4207.36 56.5
4209.36 71.33
4211.38 71.33
4213.36 53.2
4215.36 33.83
4217.36 45.82
4219.36 46.73
4221.36 46.73
4223.36 46.73
4225.36 46.73
4227.36 48.63
4229.36 68.17
4231.36 13.0
4233.36 96.59
4235.36 39.49
4237.35 101.82
4239.36 101.82
4241.36 101.82
4243.36 101.82
4245.36 51.78
4247.36 65.15
4249.36 99.4
4251.36 54.25
4253.36 109.16
4255.36 107.12
4257.36 60.68
4259.36 8.18
4261.36 89.63
4263.36 76.32
4265.36 110.18
4267.36 102.39
4269.36 74.86
4271.36 91.34
4273.34 91.34
4275.38 91.34
4277.36 91.34
4279.35 91.34
4281.6 83.22
4283.62 85.53
4285.62 89.64
4287.62 46.14
4289.6 46.14
4291.6 50.72
4293.6 66.28
4295.6 66.28
4297.6 66.28
4299.6 66.28
4301.6 66.28
4303.6 8.4
4305.6 61.45
4307.6 90.24
4309.62 99.77
4311.6 99.84
4313.6 99.84
4315.62 99.84
4317.6 54.82
4319.6 71.21
4321.62 67.91
4323.6 78.18
4325.6 72.01
4327.6 72.01
4329.62 72.01
4331.6 85.51
4333.6 85.51
4335.6 59.92
4337.62 73.77
4339.6 80.07
4341.6 74.2
4343.6 56.04
4345.62 89.09
4347.6 89.09
4349.6 84.76
4351.62 88.68
4353.62 88.68
4355.6 86.91
4357.62 38.73
4359.6 89.9
4361.6 89.9
4363.6 32.46
4365.62 69.08
4367.6 69.33
4369.6 43.43
4371.6 76.63
4373.6 76.63
4375.6 76.63
4377.6 76.63
4379.6 76.63
4381.6 76.63
4383.6 76.63
4385.6 92.4
4387.62 102.91
4389.6 102.91
4391.6 104.11
4393.6 101.2
4395.6 101.2
4397.6 71.88
4399.62 78.96
4401.62 80.25
4403.6 79.38
4405.6 79.38
4407.6 110.53
4409.62 88.68
4411.6 109.07
4413.6 109.07
4415.6 109.07
4417.6 91.13
4419.62 100.1
4421.6 100.1
4423.6 105.45
4425.6 105.45
4427.6 84.89
4429.62 84.89
4431.6 84.89
4433.6 95.97
4435.62 103.33
4437.6 54.74
4439.6 87.69
4441.6 87.69
4443.6 87.69
4445.6 101.39
4447.6 67.62
4449.62 108.23
4451.6 108.23
4453.62 108.23
4455.59 108.23
4457.6 72.42
4459.6 72.42
4461.6 72.42
4463.59 72.42
4465.6 72.42
4467.62 30.37
4469.6 71.99
4471.62 71.99
4473.6 71.99
4475.6 68.84
4477.62 1.24
4479.6 82.37
4481.62 88.86
4483.6 88.86
4485.6 8.51
4487.6 109.34
4489.6 109.34
4491.6 66.04
4493.6 91.96
4495.6 118.69
4497.6 119.76
4499.62 119.76
4501.6 54.61
4503.6 42.3
4505.6 60.61
4507.6 120.57
4509.62 120.57
4511.61 97.61
4513.62 56.05
4515.62 83.19
4517.62 59.95
4519.61 95.18
4521.6 95.18
4523.6 93.16
4525.6 59.91
4527.62 92.05
4529.6 45.74
4531.86 93.64
4533.86 93.64
4535.86 32.59
4537.85 67.86
4539.84 67.86
4541.72 8.54
4543.86 29.02
4545.84 10.58
4547.86 17.67
4549.85 52.63
4551.86 52.63
4553.9 32.58
4555.86 40.39
4557.86 47.07
4559.86 36.48
4561.86 10.15
4563.88 65.37
4565.68 33.55
4567.86 41.79
4569.86 66.77
4571.86 66.77
4573.86 36.01
4575.86 38.71
4577.86 38.71
4579.86 38.71
4581.86 50.75
4583.86 50.75
4585.86 56.76
4587.86 56.76
4589.72 25.33
4591.86 61.0
4593.86 61.0
4595.86 28.35
4597.86 50.68
4599.86 44.09
4601.86 51.16
4603.86 51.16
4605.86 28.93
4607.86 63.63
4609.88 63.63
4611.86 47.35
4613.68 33.48
4615.86 67.45
4617.86 19.62
4619.86 65.08
4621.86 67.42
4623.86 68.05
4625.86 78.3
4627.86 78.3
4629.86 78.05
4631.86 78.05
4633.86 56.06
4635.86 67.28
4637.86 54.0
4639.86 54.0
4641.86 59.86
4643.86 67.76
4645.86 79.32
4647.86 79.78
4649.86 50.77
4651.86 86.52
4653.86 64.0
4655.86 38.34
4657.86 100.3
4659.86 100.3
4661.86 107.56
4663.86 84.57
4665.86 104.1
4667.86 104.1
4669.86 104.1
4671.86 52.52
4673.86 84.58
4675.86 84.58
4677.86 11.14
4679.86 70.01
4681.86 70.01
4683.86 70.01
4685.86 70.01
4687.86 51.91
4689.86 88.55
4691.86 88.55
4693.86 88.55
4695.86 88.55
4697.86 88.55
4699.86 88.55
4701.86 7.65
4703.86 67.44
4705.86 47.81
4707.86 70.64
4709.86 73.65
4711.86 38.55
4713.86 66.6
4715.86 58.8
4717.86 68.16
4719.86 35.22
4721.86 62.38
4723.86 61.67
4725.86 51.6
4727.86 72.43
4729.86 34.04
4731.86 34.04
4733.86 55.84
4735.86 55.35
4737.86 0.11
4739.86 22.98
4741.86 39.99
4743.86 62.93
4745.86 46.34
4747.86 58.17
4749.86 76.84
4751.86 51.19
4753.86 51.19
4755.86 42.05
4757.86 42.05
4759.86 90.22
4761.86 46.48
4763.86 71.53
4765.86 71.53
4767.86 71.53
4769.86 71.53
4771.86 71.53
4773.86 71.53
4775.86 71.53
4777.86 71.53
4779.86 71.53
4782.1 71.53
4784.1 71.53
4786.1 71.53
4788.1 71.53
4790.1 71.53
4792.1 79.46
4794.1 79.46
4795.94 79.46
4798.1 79.46
4800.1 79.46
4802.1 79.46
4804.12 84.33
4806.1 84.33
4808.1 67.86
4810.1 67.54
4812.1 65.52
4814.1 65.52
4816.1 65.52
4818.1 61.42
4819.92 61.42
4822.1 70.6
4824.1 70.6
4826.1 70.6
4828.1 70.6
4830.1 83.56
4832.1 73.67
4834.12 85.21
4836.1 59.29
4838.11 74.59
4840.1 74.59
4842.1 74.59
4843.93 74.59
4846.12 74.59
4848.12 90.2
4850.12 91.13
4852.1 72.64
4854.12 72.64
4856.1 72.64
4858.12 75.23
4860.12 91.71
4862.1 55.2
4864.1 55.2
4866.1 55.2
4868.1 90.46
4870.1 90.46
4872.1 90.46
4874.1 76.26
4876.1 76.26
4878.1 76.26
4880.1 64.29
4882.12 64.29
4884.1 64.29
4886.1 64.29
4888.1 64.29
4890.1 55.59
4892.1 68.22
4894.1 79.35
4896.1 79.35
4898.1 79.35
4900.1 62.19
4902.1 70.45
4904.1 70.45
4906.1 70.45
4908.1 70.45
4910.1 77.47
4912.1 77.47
4914.1 60.73
4916.1 60.73
4918.1 54.56
4920.1 54.56
4922.1 54.56
4924.1 53.99
4926.12 73.18
4928.1 73.18
4930.1 73.18
4932.1 73.18
4934.1 57.01
4936.1 57.01
4938.1 57.01
4940.1 53.26
4942.1 53.26
4944.1 53.26
4946.1 52.74
4948.1 48.44
4950.1 27.74
4952.1 37.85
4954.12 27.88
4956.1 54.96
4958.1 48.67
4960.1 44.07
4962.1 45.95
4964.1 60.44
4966.1 38.13
4968.1 38.13
4970.1 38.13
4972.1 44.75
4974.1 44.75
4976.1 22.01
4978.1 21.59
4980.12 40.35
4982.1 40.35
4984.1 30.93
4986.1 35.46
4988.12 38.65
4990.1 49.69
4992.1 22.22
4994.1 41.43
4996.1 38.15
4998.1 34.35
5000.1 34.35
5002.12 34.35
5004.1 33.41
5006.1 47.81
5008.1 41.15
5010.1 54.87
5012.1 38.17
5014.1 42.98
5016.1 46.48
5018.1 43.47
5020.1 43.47
5022.1 45.83
5024.1 40.51
5026.1 52.34
5028.12 9.26
5030.1 10.56
5032.36 13.79
5034.36 19.91
5036.36 51.54
5038.36 22.83
5040.36 45.01
5042.36 45.01
5044.36 45.01
5046.36 45.01
5048.36 45.01
5050.36 52.12
5052.36 28.39
5054.36 54.83
5056.36 44.61
5058.36 30.82
5060.36 32.62
5062.36 32.62
5064.36 28.83
5066.36 54.27
5068.36 47.75
5070.36 70.32
5072.36 70.32
5074.36 36.73
5076.36 63.85
5078.36 46.81
5080.36 59.67
5082.36 48.23
5084.36 42.81
5086.36 39.67
5088.36 39.67
5090.36 46.4
5092.36 46.4
5094.36 46.4
5096.36 68.5
5098.36 68.5
5100.36 49.57
5102.36 49.57
5104.36 78.26
5106.36 78.26
5108.35 78.26
5110.36 61.48
5112.36 61.48
5114.36 61.48
5116.36 80.34
5118.36 65.13
5120.38 79.44
5122.36 79.44
5124.35 90.49
5126.36 80.4
5128.36 80.4
5130.36 80.4
5132.36 80.4
5134.36 80.4
5136.36 80.4
5138.36 80.4
5140.36 80.4
5142.36 80.4
5144.36 68.07
5146.36 65.17
5148.36 81.99
5150.36 49.25
5152.36 49.25
5154.36 49.25
5156.36 49.25
5158.36 37.02
5160.36 37.02
5162.36 37.29
5164.36 50.25
5166.36 50.83
5168.36 50.83
5170.36 51.0
5172.36 51.0
5174.36 51.0
5176.36 51.0
5178.36 51.0
5180.36 51.0
5182.36 97.46
5184.34 97.46
5186.36 72.97
5188.36 72.97
5190.36 72.97
5192.36 52.22
5194.36 52.22
5196.36 52.22
5198.36 52.22
5200.36 48.53
5202.36 48.53
5204.36 48.53
5206.36 48.71
5208.36 44.3
5210.36 44.3
5212.36 44.3
5214.36 79.54
5216.36 75.21
5218.36 79.14
5220.36 48.47
5222.36 44.76
5224.34 79.33
5226.36 64.93
5228.36 55.46
5230.36 42.78
5232.36 38.66
5234.36 36.56
5236.36 48.53
5238.37 50.95
5240.36 75.12
5242.36 42.31
5244.36 42.8
5246.36 42.8
5248.36 51.7
5250.36 40.02
5252.36 65.45
5254.36 65.45
5256.36 78.08
5258.36 78.08
5260.36 70.41
5262.36 71.21
5264.34 77.17
5266.36 77.17
5268.36 77.17
5270.34 77.17
5272.36 77.17
5274.36 74.65
5276.36 83.41
5278.36 66.5
5280.36 66.5
5282.6 66.5
5284.6 66.5
5286.6 37.61
5288.6 56.08
5290.42 56.08
5292.6 44.86
5294.6 56.29
5296.6 28.96
5298.62 85.71
5300.62 61.99
5302.6 61.99
5304.6 32.95
5306.59 85.45
5308.6 81.86
5310.6 81.86
5312.6 81.86
5314.42 81.86
5316.62 81.86
5318.6 81.86
5320.6 81.86
5322.6 81.86
5324.6 81.86
5326.6 0.44
5328.7 1.73
5330.6 6.77
5332.6 4.46
5334.6 8.28
5336.6 5.88
5338.46 11.14
5340.6 11.35
5342.62 15.13
5344.6 10.35
5346.6 19.37
5348.6 21.67
5350.6 18.44
5352.6 17.64
5354.6 24.77
5356.6 13.38
5358.6 23.1
5360.62 27.26
5362.44 19.49
5364.6 5.18
5366.6 18.56
5368.6 10.59
5370.62 18.27
5372.6 18.63
5374.6 21.45
5376.6 28.56
5378.6 26.35
5380.64 34.13
5382.6 16.62
5384.6 30.63
5386.46 30.63
5388.6 27.85
5390.6 22.76
5392.6 22.76
5394.6 22.34
5396.6 23.45
5398.6 27.69
5400.6 18.18
5402.6 27.92
5404.6 17.72
5406.62 19.44
5408.62 47.43
5410.6 40.08
5412.6 38.15
5414.62 7.75
5416.6 33.81
5418.6 28.53
5420.59 35.31
5422.62 59.14
5424.62 53.6
5426.62 65.79
5428.62 57.21
5430.6 38.18
5432.6 42.06
5434.6 35.83
5436.62 45.39
5438.6 64.68
5440.6 57.34
5442.6 48.19
5444.6 31.7
5446.6 43.36
5448.6 78.53
5450.6 78.53
5452.6 72.98
5454.6 44.02
5456.62 44.02
5458.6 82.18
5460.6 41.53
5462.6 46.76
5464.6 46.76
5466.6 46.76
5468.59 46.76
5470.6 46.76
5472.6 46.76
5474.6 76.06
5476.6 76.06
5478.6 76.06
5480.6 50.13
5482.6 72.48
5484.6 73.41
5486.6 74.77
5488.6 74.77
5490.6 74.77
5492.6 62.08
5494.6 62.08
5496.6 67.31
5498.6 70.89
5500.6 32.19
5502.6 63.32
5504.6 92.18
5506.6 77.53
5508.6 83.53
5510.6 83.53
5512.6 42.22
5514.6 83.44
5516.6 83.44
5518.6 83.44
5520.6 83.44
5522.6 83.44
5524.6 73.33
5526.6 81.84
5528.6 81.84
5530.6 81.84
5532.88 81.84
5534.86 81.84
5536.86 43.6
5538.86 54.71
5540.86 41.66
5542.86 93.51
5544.66 93.51
5546.86 89.35
5548.88 76.05
5550.86 79.2
5552.86 97.65
5554.86 93.81
5556.86 93.81
5558.86 45.37
5560.86 79.53
5562.86 79.53
5564.86 95.28
5566.86 48.03
5568.68 100.54
5570.86 60.22
5572.86 73.56
5574.86 42.97
5576.86 42.97
5578.86 97.65
5580.88 85.85
5582.86 70.07
5584.86 103.1
5586.86 86.67
5588.86 68.88
5590.86 9.5
5592.67 47.7
5594.86 86.28
5596.88 89.27
5598.86 89.27
5600.86 41.99
5602.86 105.37
5604.86 74.62
5606.86 74.62
5608.86 74.62
5610.86 104.87
5612.86 102.25
5614.86 102.25
5616.86 79.68
5618.86 94.65
5620.86 104.62
5622.86 104.62
5624.86 91.8
5626.86 48.1
5628.86 126.04
5630.86 115.67
5632.86 99.03
5634.86 105.0
5636.86 92.69
5638.86 113.04
5640.76 6.14
5642.86 93.65
5644.88 59.65
5646.86 69.06
5648.86 78.41
5650.86 109.0
5652.86 88.94
5654.86 80.56
5656.86 101.79
5658.86 71.73
5660.88 62.69
5662.86 62.69
5664.86 85.27
5666.86 86.0
5668.86 104.0
5670.86 11.02
5672.86 51.54
5674.86 53.85
5676.88 53.85
5678.86 80.3
5680.86 117.8
5682.86 119.33
5684.86 76.32
5686.86 97.75
5688.86 67.8
5690.86 115.76
5692.86 119.68
5694.86 81.55
5696.86 95.84
5698.86 65.81
5700.86 84.24
5702.86 104.89
5704.86 126.98
5706.86 128.78
5708.88 99.24
5710.86 85.61
5712.86 8.19
5714.86 81.16
5716.86 102.03
5718.86 77.13
5720.86 57.86
5722.86 77.31
5724.88 62.0
5726.86 88.03
5728.86 88.62
5730.86 85.73
5732.86 74.55
5734.86 74.55
5736.86 47.36
5738.86 105.61
5740.88 63.67
5742.86 58.23
5744.86 70.87
5746.84 92.3
5748.86 54.82
5750.86 74.03
5752.86 53.14
5754.86 88.83
5756.86 108.92
5758.86 77.76
5760.86 87.58
5762.86 94.88
5764.86 70.3
5766.86 12.66
5768.86 75.41
5770.86 90.14
5772.86 72.69
5774.86 92.12
5776.86 117.37
5778.86 83.37
5780.86 102.31
5783.1 102.31
5785.1 123.02
5787.1 92.67
5789.1 92.67
5791.1 11.02
5793.1 79.62
5795.1 122.73
5797.1 82.72
5799.1 68.52
5801.1 74.13
5803.1 108.61
5805.12 101.76
5807.1 125.51
5809.1 3.61
5811.1 105.25
5813.1 92.3
5815.1 8.19
5817.1 61.44
5819.1 77.33
5821.12 123.39
5823.1 75.72
5825.12 75.36
5827.1 85.35
5829.12 68.39
5831.1 81.12
5833.1 104.74
5835.1 123.56
5837.12 123.56
5839.13 42.54
5841.1 49.54
5843.1 6.17
5845.1 70.29
5847.09 83.3
5849.1 10.42
5851.1 36.61
5853.12 54.59
5855.1 51.83
5857.1 80.39
5859.1 55.93
5861.1 57.2
5863.1 67.79
5865.1 61.72
5867.1 83.96
5869.1 67.44
5871.1 48.76
5873.1 81.42
5875.1 62.2
5877.1 105.32
5879.1 99.08
5881.1 99.08
5883.1 105.66
5885.12 15.9
5887.1 100.04
5889.1 93.67
5891.09 56.0
5893.12 46.31
5895.1 93.16
5897.12 96.63
5899.1 84.89
5901.12 62.16
5903.1 0.07
5905.1 81.87
5907.1 88.42
5909.1 88.42
5911.1 89.9
5913.1 71.97
5915.1 88.31
5917.1 68.33
5919.1 93.15
5921.1 66.43
5923.1 11.79
5925.1 40.15
5927.1 40.15
5929.1 82.25
5931.1 93.28
5933.1 94.48
5935.1 67.05
5937.1 80.31
5939.1 80.31
5941.1 73.79
5943.16 73.79
5945.1 66.58
5947.1 66.58
5949.11 66.58
5951.1 115.76
5953.1 72.45
5955.1 72.45
5957.09 72.45
5959.12 72.45
5961.1 72.45
5963.1 72.45
5965.12 57.43
5967.1 26.81
5969.1 40.98
5971.1 66.02
5973.1 46.19
5975.1 47.96
5977.1 47.96
5979.1 33.99
5981.12 48.92
5983.12 45.14
5985.12 47.42
5987.1 42.85
5989.1 42.85
5991.1 42.85
5993.12 70.9
5995.12 70.9
5997.1 70.9
5999.1 70.9
6001.1 70.72
6003.1 70.72
6005.1 70.72
6007.1 32.62
6009.1 76.45
6011.1 76.45
6013.12 76.45
6015.1 76.45
6017.09 77.54
6019.1 77.54
6021.1 70.92
6023.1 82.43
6025.1 55.41
6027.1 55.41
6029.1 69.0
6031.1 49.62
6033.36 49.62
6035.36 49.62
6037.36 49.62
6039.18 49.62
6041.36 54.12
6043.38 54.12
6045.36 54.12
6047.36 50.31
6049.36 53.74
6051.36 62.01
6053.34 82.26
6055.36 88.08
6057.36 83.99
6059.36 77.55
6061.36 77.55
6063.16 81.0
6065.36 66.12
6067.36 90.44
6069.36 94.21
6071.34 91.81
6073.34 91.81
6075.34 91.81
6077.36 84.28
6079.36 84.28
6081.38 88.66
6083.36 96.73
6085.36 96.73
6087.22 96.73
6089.36 96.73
6091.36 96.73
6093.36 96.73
6095.36 96.73
6097.36 96.73
6099.36 96.73
6101.36 85.24
6103.36 83.59
6105.36 83.59
6107.36 83.59
6109.36 83.59
6111.2 83.59
6113.36 83.59
6115.36 83.59
6117.42 83.59
6119.36 83.59
6121.36 87.09
6123.36 78.47
6125.36 62.26
6127.36 59.79
6129.36 95.67
6131.36 95.67
6133.36 95.67
6135.36 78.85
6137.36 93.7
6139.36 59.52
6141.36 52.04
6143.36 52.04
6145.36 52.04
6147.35 100.39
6149.34 86.79
6151.36 29.29
6153.35 57.06
6155.36 94.33
6157.37 40.55
6159.35 40.44
6161.35 40.44
6163.35 44.49
6165.34 86.3
6167.36 75.08
6169.36 75.08
6171.36 29.91
6173.36 34.1
6175.36 39.03
6177.36 39.03
6179.36 39.03
6181.36 94.36
6183.36 94.36
6185.36 94.36
6187.36 94.36
6189.36 94.36
6191.36 94.36
6193.36 94.36
6195.36 94.36
6197.36 94.36
6199.36 94.36
6201.36 94.36
6203.36 94.36
6205.36 94.36
6207.36 78.36
6209.36 52.49
6211.36 79.6
6213.36 79.6
6215.36 71.35
6217.36 72.73
6219.36 72.73
6221.36 72.73
6223.36 72.73
6225.36 51.67
6227.36 79.24
6229.36 62.98
6231.36 62.98
6233.36 38.82
6235.36 48.28
6237.36 48.28
6239.34 48.28
6241.36 48.28
6243.36 48.28
6245.36 48.28
6247.36 10.18
6249.36 11.83
6251.36 8.92
6253.36 10.54
6255.36 12.2
6257.34 14.7
6259.36 27.14
6261.36 16.25
6263.36 32.91
6265.36 20.54
6267.36 20.77
6269.36 18.34
6271.36 12.48
6273.36 25.7
6275.36 25.87
6277.36 24.49
6279.36 36.7
6281.36 18.2
6283.6 31.4
6285.6 32.15
6287.6 29.93
6289.6 29.93
6291.6 14.18
6293.6 0.1
6295.6 15.27
6297.62 41.89
6299.6 36.22
6301.6 40.71
6303.6 39.75
6305.6 27.77
6307.6 26.24
6309.6 35.67
6311.6 29.03
6313.6 45.99
6315.6 34.33
6317.6 22.78
6319.6 28.07
6321.6 54.91
6323.6 29.66
6325.6 29.66
6327.6 47.1
6329.6 35.47
6331.6 38.92
6333.6 38.92
6335.6 28.8
6337.6 40.44
6339.6 24.6
6341.6 24.6
6343.62 42.59
6345.6 42.59
6347.6 40.72
6349.6 55.7
6351.6 11.56
6353.6 29.14
6355.6 57.39
6357.6 57.39
6359.6 57.39
6361.6 65.14
6363.6 62.06
6365.6 62.06
6367.6 69.14
6369.6 66.66
6371.6 41.55
6373.6 62.32
6375.6 52.43
6377.6 45.33
6379.6 70.32
6381.6 77.56
6383.6 76.78
6385.62 76.78
6387.6 43.69
6389.6 67.73
6391.6 67.73
6393.62 58.12
6395.6 49.28
6397.6 79.22
6399.6 47.26
6401.6 81.41
6403.6 83.15
6405.6 33.48
6407.6 31.29
6409.6 37.43
6411.62 77.86
6413.6 77.86
6415.6 87.1
6417.6 87.52
6419.6 57.04
6421.6 57.04
6423.6 76.99
6425.6 65.02
6427.6 81.05
6429.6 58.57
6431.6 88.85
6433.6 95.56
6435.6 95.56
6437.6 43.61
6439.6 61.44
6441.6 73.56
6443.6 97.72
6445.6 81.7
6447.6 75.51
6449.6 59.0
6451.6 59.0
6453.6 45.91
6455.6 79.68
6457.6 84.96
6459.6 83.4
6461.6 83.4
6463.6 83.4
6465.6 59.12
6467.59 71.78
6469.6 64.66
6471.6 32.98
6473.6 42.98
6475.6 76.07
6477.6 60.19
6479.6 65.23
6481.6 94.25
6483.6 86.91
6485.6 86.91
6487.6 86.91
6489.6 91.64
6491.6 76.46
6493.6 76.46
6495.6 76.46
6497.6 76.46
6499.6 76.46
6501.6 76.46
6503.6 77.24
6505.6 94.25
6507.6 94.25
6509.6 95.18
6511.6 60.26
6513.6 88.02
6515.6 104.08
6517.6 24.5
6519.6 89.7
6521.6 91.37
6523.6 118.1
6525.6 86.15
6527.6 90.51
6529.6 98.81
6531.6 116.26
6533.7 8.18
6535.86 76.82
6537.86 43.63
6539.86 86.85
6541.86 83.71
6543.86 101.31
6545.86 104.71
6547.86 113.62
6549.88 113.62
6551.86 103.7
6553.86 103.7
6555.86 96.46
6557.68 104.96
6559.86 114.02
6561.86 48.39
6563.86 111.34
6565.86 101.51
6567.86 89.68
6569.86 63.09
6571.86 56.85
6573.86 99.9
6575.86 100.2
6577.86 110.7
6579.86 83.94
6581.68 83.94
6583.86 111.47
6585.86 15.41
6587.86 91.43
6589.86 91.43
6591.86 2.65
6593.86 93.32
6595.86 75.94
6597.88 17.47
6599.86 58.49
6601.86 75.32
6603.86 75.32
6605.68 132.85
6607.86 104.3
6609.86 83.17
6611.86 99.71
6613.86 83.44
6615.86 6.62
6617.86 96.03
6619.86 119.98
6621.86 12.45
6623.86 55.4
6625.86 115.48
6627.86 141.36
6629.7 8.19
6631.86 107.04
6633.86 36.93
6635.86 7.67
6637.86 107.06
6639.86 105.72
6641.86 105.72
6643.86 108.37
6645.86 108.37
6647.86 108.37
6649.86 19.28
6651.86 107.71
6653.86 21.55
6655.86 113.49
6657.86 105.9
6659.86 105.9
6661.84 72.68
6663.86 86.05
6665.86 118.81
6667.86 42.19
6669.86 137.67
6671.86 95.14
6673.86 97.81
6675.86 97.81
6677.86 78.8
6679.86 93.83
6681.86 114.51
6683.87 143.12
6685.86 112.05
6687.86 76.9
6689.86 88.02
6691.86 115.49
6693.86 86.21
6695.86 121.54
6697.86 101.26
6699.86 133.32
6701.78 4.31
6703.86 88.55
6705.86 100.02
6707.86 9.81
6709.86 108.03
6711.86 9.83
6713.86 82.3
6715.86 103.62
6717.87 93.97
6719.86 94.4
6721.86 90.08
6723.86 92.15
6725.84 86.03
6727.86 71.65
6729.86 71.65
6731.86 112.28
6733.86 40.35
6735.86 14.41
6737.86 81.86
6739.86 107.22
6741.86 89.83
6743.86 61.28
6745.86 63.32
6747.86 1.2
6749.86 95.98
6751.86 76.01
6753.86 108.06
6755.86 108.06
6757.86 70.29
6759.86 74.26
6761.86 72.02
6763.86 65.48
6765.86 75.62
6767.86 59.56
6769.86 64.62
6771.86 113.11
6773.86 86.74
6775.86 86.29
6777.86 0.14
6779.86 7.56
6781.86 106.47
6784.1 106.47
6786.1 106.47
6788.0 6.74
6790.12 97.2
6792.1 105.07
6794.1 105.07
6796.1 105.07
6798.1 105.07
6800.1 85.07
6802.12 60.62
6804.1 69.07
6806.12 81.84
6808.1 81.84
6810.1 81.84
6811.94 82.19
6814.1 91.47
6816.1 101.76
6818.1 80.85
6820.1 64.91
6822.1 87.31
6824.1 106.35
6826.1 106.35
6828.1 90.9
6830.1 90.9
6832.1 65.08
6834.1 99.9
6835.92 84.57
6838.1 103.16
6840.1 103.16
6842.1 113.2
6844.1 113.2
6846.12 113.2
6848.1 79.46
6850.1 73.51
6852.1 91.85
6854.11 74.84
6856.1 66.73
6858.1 56.44
6859.92 98.65
6862.1 95.08
6864.1 70.22
6866.1 70.22
6868.1 70.22
6870.1 61.51
6872.1 59.07
6874.12 100.95
6876.1 71.26
6878.1 100.81
6880.1 100.81
6882.1 100.81
6884.1 69.11
6886.1 97.23
6888.1 103.56
6890.1 104.58
6892.1 104.58
6894.1 104.58
6896.1 104.58
6898.1 90.96
6900.1 92.11
6902.1 101.36
6904.1 91.91
6906.1 65.53
6908.1 60.1
6910.1 72.85
6912.1 72.85
6914.1 72.85
6916.1 72.85
6918.1 96.55
6920.1 96.55
6922.1 99.84
6924.1 99.84
6926.1 103.32
6928.1 103.32
6930.1 84.49
6932.1 100.85
6934.1 100.85
6936.1 85.9
6938.1 80.08
6940.1 64.0
6942.1 57.44
6944.1 95.4
6946.1 70.29
6948.1 70.29
6950.1 69.58
6952.1 82.01
6954.1 76.46
6956.1 76.46
6958.1 76.46
6960.1 76.46
6962.1 76.46
6964.1 64.91
6966.1 64.91
6968.1 73.49
6970.1 52.55
6972.1 38.52
6974.1 38.52
6976.1 38.52
6978.12 38.52
6980.1 39.84
6982.1 65.57
6984.12 65.57
6986.1 49.37
6988.1 56.35
6990.1 65.52
6992.1 65.52
6994.1 62.22
6996.1 48.9
6998.1 39.66
7000.12 39.66
7002.1 56.8
7004.1 56.8
7006.1 48.51
7008.1 48.51
7010.1 47.11
7012.12 62.85
7014.1 65.53
7016.1 59.2
7018.09 59.2
7020.1 59.2
7022.1 44.71
7024.1 44.71
7026.12 44.71
7028.1 44.71
7030.1 48.01
7032.1 48.01
7034.36 48.01
7036.36 48.01
7038.38 48.01
7040.36 48.01
7042.36 48.01
7044.36 9.58
7046.36 63.37
7048.36 50.0
7050.35 50.0
7052.36 46.85
7054.36 46.85
7056.36 46.85
7058.36 46.85
7060.36 46.85
7062.36 47.65
7064.36 47.65
7066.36 47.65
7068.36 47.65
7070.36 47.65
7072.38 47.65
7074.35 33.73
7076.36 56.22
7078.36 38.68
7080.36 29.89
7082.36 54.44
7084.36 30.15
7086.35 30.15
7088.36 30.15
7090.36 57.2
7092.36 56.56
7094.36 56.56
7096.36 62.66
7098.36 50.62
7100.36 47.51
7102.36 47.51
7104.36 45.26
7106.36 37.8
7108.36 59.3
7110.36 39.67
7112.36 40.15
7114.36 40.15
7116.36 37.78
7118.36 37.78
7120.36 37.78
7122.36 57.68
7124.36 26.94
7126.36 44.11
7128.36 52.9
7130.36 64.36
7132.36 37.86
7134.36 65.11
7136.36 39.05
7138.38 23.63
7140.36 23.63
7142.36 23.63
7144.36 31.65
7146.36 31.65
7148.36 38.19
7150.36 38.19
7152.36 38.19
7154.36 39.03
7156.36 26.79
7158.36 26.79
7160.36 50.35
7162.36 25.95
7164.36 25.95
7166.36 69.01
7168.36 33.88
7170.36 52.31
7172.36 52.31
7174.36 56.29
7176.36 49.26
7178.36 39.1
7180.36 47.85
7182.36 79.95
7184.36 45.22
7186.36 68.12
7188.36 68.12
7190.36 68.12
7192.36 68.12
7194.36 68.12
7196.36 83.44
7198.36 46.74
7200.36 46.74
7202.36 48.82
7204.36 48.82
7206.36 81.57
7208.36 82.76
7210.36 75.62
7212.36 50.55
7214.36 78.19
7216.36 54.11
7218.36 54.11
7220.36 54.11
7222.36 31.0
7224.36 60.06
7226.36 60.06
7228.36 87.65
7230.36 87.65
7232.36 72.95
7234.36 72.95
7236.36 72.95
7238.36 72.95
7240.36 72.95
7242.36 56.93
7244.36 56.93
7246.36 53.45
7248.36 26.35
7250.36 83.93
7252.36 83.93
7254.36 83.93
7256.36 83.93
7258.36 83.93
7260.36 46.96
7262.36 32.39
7264.36 60.85
7266.36 30.84
7268.36 36.02
7270.36 36.02
7272.36 43.59
7274.36 48.2
7276.36 49.09
7278.36 46.88
7280.36 28.23
7282.36 59.58
7284.62 44.59
7286.62 53.77
7288.6 51.55
7290.62 44.72
7292.6 22.59
7294.6 27.28
7296.62 27.28
7298.6 35.47
7300.6 54.11
7302.6 61.67
7304.6 29.09
7306.46 52.57
7308.6 52.57
7310.6 32.01
7312.6 33.84
7314.6 33.84
7316.6 68.91
7318.6 61.95
7320.6 38.78
7322.6 68.28
7324.62 68.28
7326.6 68.28
7328.6 68.28
7330.43 68.28
7332.6 67.61
7334.62 35.19
7336.6 35.19
7338.6 35.19
7340.6 35.19
7342.6 56.66
7344.6 59.99
7346.62 11.46
7348.6 23.88
7350.62 63.07
7352.6 57.86
7354.43 60.88
7356.6 61.54
7358.6 61.54
7360.6 66.36
7362.6 52.18
7364.6 41.36
7366.74 41.36
7368.6 54.49
7370.62 54.49
7372.6 77.29
7374.6 77.29
7376.59 77.29
7378.61 77.29
7380.6 76.43
7382.6 76.43
7384.6 76.43
7386.6 30.38
7388.6 46.18
7390.6 67.47
7392.6 71.16
7394.6 60.4
7396.6 63.76
7398.62 63.76
7400.6 47.73
7402.6 83.19
7404.6 72.75
7406.6 78.11
7408.59 74.88
7410.6 74.88
7412.6 74.88
7414.62 49.41
7416.6 81.11
7418.6 83.71
7420.68 83.71
7422.61 83.71
7424.6 83.71
7426.6 83.71
7428.6 83.71
7430.6 83.71
7432.6 83.71
7434.6 83.71
7436.6 83.71
7438.61 75.83
7440.6 73.96
7442.6 82.62
7444.6 82.62
7446.6 97.25
7448.65 84.37
7450.6 72.79
7452.62 72.79
7454.6 62.08
7456.6 45.84
7458.6 79.92
7460.6 79.8
7462.62 62.28
7464.6 71.51
7466.62 43.58
7468.6 44.64
7470.6 61.17
7472.6 61.17
7474.6 61.17
7476.6 55.81
7478.62 55.81
7480.6 55.81
7482.6 80.11
7484.61 80.11
7486.6 68.62
7488.6 68.62
7490.6 84.5
7492.6 84.46
7494.6 52.12
7496.6 65.49
7498.6 83.42
7500.6 83.92
7502.6 59.97
7504.6 52.58
7506.6 37.88
7508.6 42.3
7510.6 46.63
7512.6 80.56
7514.6 57.32
7516.6 57.32
7518.6 79.89
7520.6 49.52
7522.6 86.34
7524.6 86.34
7526.62 86.11
7528.6 86.11
7530.6 97.13
7532.6 63.88
7534.87 69.84
7536.68 79.91
7538.86 72.43
7540.86 70.04
7542.86 70.04
7544.86 70.04
7546.86 69.18
7548.86 69.18
7550.86 69.18
7552.86 69.22
7554.86 69.22
7556.86 100.25
7558.86 78.73
7560.66 43.32
7562.86 80.48
7564.86 46.3
7566.86 60.14
7568.86 61.94
7570.86 68.0
7572.86 45.63
7574.86 94.35
7576.86 83.75
7578.86 100.52
7580.86 63.61
7582.86 101.25
7584.68 99.64
7586.86 70.6
7588.86 70.6
7590.86 99.08
7592.86 62.55
7594.86 72.8
7596.86 98.81
7598.86 45.13
7600.86 91.6
7602.86 91.43
7604.86 94.66
7606.86 47.9
7608.68 47.9
7610.9 106.56
7612.86 111.19
7614.86 82.69
7616.86 105.37
7618.84 72.45
7620.86 79.78
7622.86 79.78
7624.86 100.26
7626.86 97.98
7628.86 99.85
7630.86 58.01
7632.86 96.5
7634.86 53.68
7636.86 90.9
7638.86 93.34
7640.86 65.55
7642.86 86.18
7644.86 91.87
7646.86 102.6
7648.86 8.78
7650.86 105.09
7652.86 77.4
7654.86 83.55
7656.86 118.12
7658.86 77.69
7660.86 80.81
7662.86 80.81
7664.86 118.85
7666.86 79.1
7668.86 95.22
7670.86 0.16
7672.86 119.81
7674.86 117.18
7676.86 75.65
7678.86 81.04
7680.86 102.69
7682.86 105.51
7684.86 101.7
7686.86 101.7
7688.86 101.7
7690.86 77.26
7692.86 89.09
7694.86 73.69
7696.86 79.5
7698.86 63.56
7700.86 82.17
7702.86 82.17
7704.86 82.17
7706.86 82.17
7708.86 83.3
7710.86 73.78
7712.86 95.9
7714.86 54.36
7716.86 54.36
7718.86 63.26
7720.86 45.44
7722.86 45.44
7724.86 56.32
7726.86 53.99
7728.86 89.92
7730.86 61.89
7732.86 89.07
7734.86 99.1
7736.86 92.32
7738.84 92.32
7740.86 92.32
7742.86 92.32
7744.87 68.44
7746.86 106.95
7748.86 52.16
7750.86 52.16
7752.86 52.16
7754.86 100.44
7756.86 69.71
7758.86 99.11
7760.86 99.11
7762.86 43.19
7764.86 53.52
7766.86 60.36
7768.86 98.28
7770.86 34.82
7772.86 53.03
7774.86 65.79
7776.86 46.13
7778.86 97.65
7780.86 73.97
7782.88 73.97
7785.1 73.97
7787.1 103.82
7789.1 78.18
7791.12 73.88
7793.1 10.25
7795.1 43.06
7797.1 100.3
7799.1 100.3
7801.1 100.3
7803.1 66.14
7805.1 54.36
7807.1 68.39
7809.1 79.32
7811.1 79.32
7813.12 76.56
7815.1 76.56
7817.1 32.73
7819.1 69.03
7821.1 72.05
7823.1 59.65
7825.1 62.32
7827.1 51.64
7829.1 87.86
7831.1 34.81
7833.1 71.61
7835.1 87.98
7837.1 87.98
7839.1 82.6
7841.1 6.95
7843.1 51.93
7845.1 52.67
7847.1 56.04
7849.1 48.51
7851.1 95.06
7853.1 95.51
7855.1 95.51
7857.1 84.76
7859.1 82.45
7861.1 71.04
7863.1 74.94
7865.1 60.15
7867.1 77.63
7869.1 60.87
7871.1 63.04
7873.1 63.63
7875.1 63.63
7877.1 101.3
7879.1 8.26
7881.1 47.06
7883.1 56.26
7885.1 56.26
7887.1 99.11
7889.1 110.67
7891.1 84.91
7893.1 95.09
7895.1 79.44
7897.1 75.56
7899.1 75.56
7901.1 75.56
7903.1 100.84
7905.1 98.16
7907.1 98.16
7909.1 111.51
7911.1 91.05
7913.1 94.48
7915.1 94.48
7917.1 94.48
7919.09 94.48
7921.12 94.48
7923.1 113.16
7925.1 68.61
7927.1 109.51
7929.1 62.6
7931.1 62.6
7933.1 75.6
7935.1 75.6
7937.1 122.08
7939.1 82.39
7941.1 82.39
7943.1 49.01
7945.1 49.01
7947.1 49.01
7949.1 69.14
7951.1 66.23
7953.1 58.65
7955.1 34.7
7957.1 54.02
7959.1 48.84
7961.1 31.44
7963.1 77.05
7965.1 9.94
7967.1 42.84
7969.1 69.99
7971.1 69.99
7973.1 69.99
7975.1 60.9
7977.1 40.92
7979.09 79.09
7981.11 92.19
7983.1 108.37
7985.1 101.84
7987.12 53.07
7989.1 106.5
7991.1 106.77
7993.1 106.77
7995.1 62.94
7997.1 88.54
7999.11 88.54
8001.1 88.54
8003.1 52.26
8005.1 59.24
8007.1 59.24
8009.1 59.24
8011.1 114.41
8013.1 114.41
8015.1 98.55
8017.1 98.55
8019.1 98.55
8021.1 98.55
8023.1 62.21
8049.1 62.21
8051.1 62.21
8053.85 62.21
8054.94 69.49
8057.12 46.3
8059.1 109.02
8061.1 109.02
8063.1 85.01
8065.1 85.01
8067.1 85.01
8069.1 85.01
8071.1 85.01
8073.1 102.34
8075.1 68.42
8077.1 68.42
8078.92 68.42
8081.1 68.42
8083.1 68.42
8085.1 68.42
8087.1 118.13
8089.1 109.41
8091.1 109.41
8093.1 10.67
8095.1 90.49
8097.1 117.91
8099.1 106.11
8101.12 82.45
8102.93 54.29
8105.1 54.29
8107.1 117.96
8109.1 117.96
8111.12 99.34
8113.1 6.25
8115.1 81.35
8117.1 120.15
8119.1 8.22
8121.1 88.07
8123.1 88.07
8125.1 110.17
8126.99 6.37
8129.1 79.68
8131.1 79.68
8133.1 79.68
8135.1 79.68
8137.1 74.64
8139.1 74.64
8141.1 74.64
8143.1 9.33
8145.1 61.41
8147.1 61.41
8149.12 61.41
8150.98 55.44
8153.1 67.48
8155.12 67.48
8157.1 67.48
8159.1 63.22
8161.1 72.47
8163.1 72.47
8165.1 69.02
8167.11 52.62
8169.1 48.45
8171.1 42.05
8173.1 46.35
8175.1 46.35
8177.1 52.22
8179.09 52.22
8181.1 52.22
8183.1 28.02
8185.1 28.05
8187.1 26.99
8189.11 15.12
8191.1 4.0
8193.09 25.77
8195.1 33.42
8197.1 24.23
8199.1 41.73
8201.1 53.97
8203.1 50.79
8205.1 33.46
8207.12 39.86
8209.1 29.2
8211.1 42.27
8213.1 54.44
8215.14 47.93
8217.1 51.49
8219.1 38.01
8221.1 36.63
8223.1 36.63
8225.1 35.12
8227.1 42.54
8229.09 42.54
8231.1 56.05
8233.1 60.71
8235.1 24.6
8237.09 56.17
8239.1 48.6
8241.1 33.13
8243.1 38.02
8245.1 38.02
8247.1 38.02
8249.12 59.93
8251.1 54.17
8253.11 58.09
8255.1 76.68
8257.1 51.07
8259.1 64.85
8261.1 45.45
8263.1 15.87
8265.1 7.89
8267.1 40.54
8269.1 71.27
8271.1 50.12
8273.1 66.95
8275.1 66.95
8277.1 66.95
8279.1 66.95
8281.1 69.65
8283.1 84.99
8285.1 84.99
8287.1 8.95
8289.1 57.18
8291.1 57.18
8293.36 57.18
8295.36 57.18
8297.36 61.03
8299.36 59.41
8301.37 77.19
8303.36 77.19
8305.36 56.4
8307.36 83.53
8309.36 83.53
8311.34 83.53
8313.36 83.53
8315.34 93.97
8317.36 93.97
8319.36 48.67
8321.36 50.28
8323.36 50.28
8325.36 50.28
8327.36 65.09
8329.36 65.09
8331.36 65.09
8333.36 65.09
8335.36 65.09
8337.36 88.38
8339.38 88.38
8341.36 88.38
8343.36 88.38
8345.36 4.92
8347.36 42.66
8349.36 56.4
8351.34 76.45
8353.36 76.45
8355.36 45.89
8357.36 78.54
8359.36 66.9
8361.36 41.28
8363.36 67.46
8365.42 67.46
8367.35 45.98
8369.37 56.35
8371.34 56.35
8373.36 47.36
8375.36 47.36
8377.36 59.3
8379.36 58.66
8381.36 16.93
8383.36 73.02
8385.36 73.02
8387.36 73.02
8389.36 73.02
8391.36 50.61
8393.36 50.61
8395.36 50.61
8397.36 68.35
8399.36 63.22
8401.36 63.22
8403.36 68.37
8405.36 48.23
8407.36 48.93
8409.36 76.73
8411.36 76.73
8413.34 67.47
8415.36 57.96
8417.36 57.96
8419.36 66.66
8421.36 66.66
8423.36 68.58
8425.36 68.06
8427.36 68.06
8429.35 68.06
8431.42 41.0
8433.35 41.0
8435.46 22.27
8437.36 23.13
