0.0 9.13
1.71 5.54
2.69 5.63
3.31 4.72
4.04 5.46
4.98 5.57
5.62 5.45
6.6 5.61
8.26 5.49
10.26 6.2
12.26 5.85
14.26 5.96
16.26 5.89
18.26 6.11
20.26 6.42
22.26 4.95
24.25 6.17
26.26 4.96
28.26 7.77
30.26 1.89
32.26 3.46
34.26 3.85
36.26 7.15
38.26 3.7
40.26 5.19
42.26 0.25
44.26 7.25
46.26 6.63
48.25 8.14
50.26 9.26
52.26 5.03
54.26 5.25
56.26 8.75
58.26 3.33
60.26 10.15
62.26 0.07
64.26 6.69
66.26 6.8
68.26 7.04
70.26 6.72
72.25 7.62
74.26 6.85
76.27 7.36
78.89 1.65
80.64 6.85
82.26 8.5
84.26 7.56
86.26 7.64
88.26 6.8
90.26 6.3
92.25 4.91
94.24 0.19
97.26 2.74
98.26 5.05
100.26 0.16
102.54 2.95
104.98 3.52
107.03 4.42
109.22 4.01
110.63 4.39
112.25 5.45
114.26 5.03
116.26 4.89
118.72 3.08
122.16 0.54
123.92 3.75
125.68 3.9
127.41 3.08
130.3 1.34
131.28 3.06
133.29 2.13
135.48 3.08
137.1 4.17
138.66 4.31
140.5 4.88
142.51 3.79
144.32 3.7
146.5 3.49
148.8 3.01
150.41 3.59
152.51 4.39
154.51 4.39
156.58 5.4
158.87 4.06
160.97 4.29
162.81 4.23
165.22 3.61
166.83 5.24
168.98 0.97
170.53 4.5
172.51 5.14
174.5 4.29
176.51 4.14
179.18 3.37
181.9 4.74
183.85 5.91
184.89 4.22
186.67 4.94
188.62 4.48
191.63 2.95
194.27 4.62
196.54 3.91
199.09 3.91
200.54 4.17
203.7 3.47
207.16 3.72
209.72 3.93
211.52 4.23
213.22 3.78
215.22 3.61
217.29 3.51
219.9 4.03
221.49 4.42
223.24 3.81
226.12 4.51
228.04 4.9
229.91 0.83
231.37 3.46
233.1 4.36
234.17 5.46
235.18 4.73
236.7 4.74
238.81 3.73
240.78 3.69
242.69 4.22
244.52 4.48
246.53 5.26
249.41 4.98
251.9 4.04
254.0 4.58
254.8 5.41
257.14 3.86
258.95 5.38
260.81 3.76
262.4 5.51
264.34 4.1
266.76 4.88
268.73 3.87
270.34 4.27
271.77 5.07
273.12 3.87
274.53 6.1
276.51 1.85
278.51 4.49
280.52 6.56
282.51 6.69
284.51 8.04
286.51 8.17
288.51 4.89
290.5 5.65
292.51 6.15
294.5 5.0
296.51 1.62
298.5 5.7
300.51 3.86
302.51 4.12
304.51 0.24
306.5 3.89
308.51 4.07
310.51 5.55
312.51 4.53
314.5 4.47
316.51 4.91
318.51 4.65
320.51 4.4
322.51 5.9
324.5 5.94
326.5 6.17
328.51 7.18
330.51 5.54
332.5 6.23
334.5 5.38
336.51 5.91
338.51 0.61
340.5 4.35
342.51 6.6
344.5 6.69
346.51 5.36
348.5 7.48
350.51 5.67
352.51 6.55
354.51 5.98
356.51 6.71
358.5 2.54
360.5 7.99
362.5 7.62
364.51 6.58
366.5 4.54
368.5 7.71
370.5 4.68
372.51 6.92
374.5 6.92
376.51 7.14
378.5 5.4
380.51 3.33
382.5 6.24
384.5 4.94
386.5 6.88
388.75 4.25
390.75 5.33
392.75 6.12
394.75 4.69
396.75 5.39
398.75 6.88
400.76 4.9
402.76 5.78
404.75 1.94
406.75 5.46
408.76 6.51
410.75 4.73
412.73 5.59
414.75 5.66
416.76 5.41
418.55 3.58
420.75 2.91
422.75 5.8
424.75 4.12
426.75 3.75
428.75 4.51
430.76 4.24
432.75 4.87
434.75 4.7
436.75 4.3
438.76 4.31
440.76 3.92
442.75 3.76
444.75 3.83
446.76 4.26
448.75 3.8
450.75 3.12
452.75 3.53
454.75 3.38
457.0 3.29
458.76 3.83
460.75 3.4
462.75 3.66
464.76 3.68
466.75 4.52
468.76 4.92
470.75 6.33
472.75 4.47
474.76 4.04
476.76 5.11
478.75 4.27
480.75 3.45
482.75 4.42
484.75 4.86
486.75 4.86
488.75 5.18
490.75 4.92
492.75 5.36
494.75 5.61
496.75 5.59
498.75 5.98
500.75 5.8
502.75 6.86
504.75 4.81
506.75 6.67
508.75 6.91
510.75 4.96
512.75 4.41
514.75 6.87
516.75 8.0
518.77 5.16
520.69 6.2
522.75 5.7
524.75 8.78
526.75 7.86
528.75 4.84
530.75 7.35
532.75 5.68
534.75 7.97
536.75 7.74
538.75 5.39
540.75 7.71
542.75 4.45
544.75 5.54
546.75 0.2
548.75 0.06
550.75 4.45
552.75 3.63
554.75 5.26
556.86 4.58
558.75 5.01
560.75 3.91
562.75 5.43
564.75 6.05
566.75 3.99
568.69 5.53
570.75 6.22
573.46 5.95
575.17 5.11
576.75 6.99
578.8 6.05
580.75 4.27
582.76 6.49
584.75 6.62
586.75 4.42
588.75 5.27
590.74 4.51
592.75 3.9
594.76 5.11
596.76 4.7
598.75 5.91
600.75 4.94
602.76 3.04
605.04 4.29
607.27 5.29
608.83 4.61
611.15 4.05
612.75 4.06
614.75 3.54
616.75 4.44
618.75 4.54
620.75 3.85
622.81 0.93
624.75 3.39
626.75 4.35
628.75 4.67
631.02 3.53
632.75 3.57
634.75 4.34
637.01 4.78
639.43 1.09
641.0 4.55
643.0 4.67
645.07 3.98
647.31 3.54
649.49 2.98
651.0 3.38
653.39 3.89
655.23 4.3
657.0 3.35
659.0 3.67
661.27 3.4
663.67 4.03
664.97 4.27
666.94 4.76
669.56 3.49
672.13 0.62
674.21 4.19
676.13 3.64
677.33 4.7
679.02 4.4
681.22 3.54
683.86 3.3
685.68 3.72
689.21 3.78
691.42 3.77
692.96 3.92
694.88 3.32
697.4 3.28
699.42 3.78
701.21 4.43
702.93 4.71
704.44 5.18
706.69 3.8
708.52 4.9
709.97 3.62
711.05 4.83
713.6 6.71
715.21 5.25
716.92 4.62
719.0 2.2
721.0 4.65
723.0 7.26
725.0 5.25
726.92 5.56
729.0 5.4
731.0 7.56
733.0 6.78
735.0 5.11
737.0 7.04
739.0 5.88
741.0 4.64
743.0 5.44
745.0 4.16
747.0 6.37
749.0 5.02
751.0 6.08
753.0 7.39
755.0 7.9
757.0 7.19
759.0 2.64
761.0 6.75
763.01 4.45
765.0 4.57
767.0 4.04
769.0 4.94
771.0 6.62
773.0 4.76
775.0 5.04
777.0 5.23
779.0 7.07
781.0 6.47
783.0 2.19
785.0 5.06
787.0 3.1
789.0 6.67
791.0 8.05
793.0 7.91
795.0 7.01
797.0 5.42
799.0 8.37
801.0 8.47
803.0 7.8
805.0 8.1
807.0 8.42
809.0 9.4
811.0 5.94
813.0 9.87
815.0 6.71
817.0 9.29
819.0 8.59
821.0 7.78
823.0 11.26
825.01 10.46
827.0 0.06
829.0 9.59
831.0 8.29
833.0 7.52
835.0 4.67
837.0 9.73
839.0 7.14
841.0 7.4
843.0 9.04
845.0 0.64
847.0 8.55
849.0 7.23
850.99 3.19
853.0 6.09
855.0 2.29
857.0 6.57
859.0 4.45
861.0 8.06
863.0 0.31
865.0 6.34
867.0 8.31
869.0 0.16
871.0 7.29
873.0 6.06
875.6 0.3
877.0 3.64
879.0 4.99
881.0 4.85
883.0 5.6
885.0 6.81
887.0 6.6
889.25 7.52
891.25 6.85
893.24 1.2
895.34 0.3
897.25 6.11
899.25 5.86
901.04 6.89
903.25 7.76
905.25 7.98
907.25 5.78
909.25 7.25
911.25 0.88
913.25 8.93
915.25 4.58
917.24 5.07
919.25 4.72
921.25 0.55
923.25 5.64
925.24 5.47
927.25 5.42
929.25 2.82
931.25 5.81
933.25 5.48
935.25 5.76
937.25 3.2
939.25 5.78
941.24 0.02
943.25 4.66
945.25 4.97
947.25 4.25
949.25 3.68
951.57 0.62
953.26 4.07
955.25 4.35
957.25 4.71
959.25 5.49
961.25 4.62
964.57 4.41
966.63 5.09
967.5 6.17
969.25 7.33
971.25 7.44
973.25 5.95
975.25 7.19
977.25 6.73
979.25 7.77
981.25 8.3
984.11 0.08
985.64 1.13
987.25 7.74
989.24 7.79
991.25 8.15
993.26 5.23
995.35 0.45
997.25 2.79
999.25 2.92
1001.25 5.77
1003.25 5.73
1005.25 5.01
1007.25 6.28
1009.25 3.25
1011.25 4.03
1013.24 3.4
1015.25 4.99
1017.25 4.96
1019.34 0.79
1021.25 6.22
1023.24 6.28
1025.25 4.53
1027.25 4.53
1029.25 3.29
1031.25 0.4
1033.21 3.69
1035.25 5.04
1037.24 3.27
1039.25 6.23
1041.25 6.22
1043.25 4.13
1045.25 6.02
1047.25 4.23
1049.25 4.18
1052.34 6.69
1054.02 5.78
1055.24 5.64
1057.25 5.64
1059.25 5.64
1061.24 4.98
1063.25 7.06
1065.25 5.62
1067.25 4.3
1069.26 3.96
1071.26 6.4
1073.25 7.74
1075.25 7.83
1077.25 7.83
1079.25 6.39
1081.25 6.39
1083.25 6.39
1085.25 6.39
1087.25 6.39
1089.24 6.39
1091.25 4.2
1093.25 7.78
1095.25 5.7
1097.25 4.95
1099.25 6.61
1101.25 4.63
1103.25 5.09
1105.25 4.39
1107.24 6.43
1109.25 7.73
1111.25 7.53
1113.26 8.15
1115.25 4.91
1117.24 6.3
1119.24 6.92
1121.24 4.6
1123.24 6.21
1125.25 7.04
1127.25 8.9
1129.25 7.91
1131.25 5.79
1133.27 7.35
1135.25 6.08
1137.5 4.73
1139.62 1.54
1141.5 8.84
1143.49 0.05
1145.5 0.68
1147.49 1.03
1149.49 3.16
1151.6 6.13
1153.49 6.95
1155.49 6.74
1157.27 7.62
1159.49 7.68
1161.5 4.05
1163.5 3.14
1165.49 4.55
1167.49 4.13
1169.49 3.71
1171.5 3.45
1173.49 4.79
1175.49 4.07
1177.5 5.1
1179.49 3.36
1181.33 5.34
1183.49 4.45
1185.51 5.05
1187.51 5.77
1189.49 6.42
1191.5 6.12
1193.49 5.58
1195.5 7.29
1197.49 5.85
1199.49 6.01
1201.5 6.2
1203.5 6.58
1205.49 4.52
1207.49 7.42
1209.5 6.49
1211.49 6.95
1213.51 2.99
1215.5 4.64
1217.49 5.19
1219.49 5.12
1221.5 5.34
1223.49 7.27
1225.5 4.98
1227.49 6.89
1229.36 5.66
1231.49 7.08
1233.49 4.26
1235.49 0.23
1237.49 1.33
1239.5 0.05
1241.5 3.16
1243.49 3.05
1245.49 4.11
1247.49 3.35
1249.48 2.8
1251.5 5.72
1253.49 5.49
1255.5 6.83
1257.49 6.33
1259.49 0.51
1261.49 4.16
1263.49 4.21
1265.49 0.03
1267.49 2.78
1269.49 2.7
1271.49 2.77
1273.49 2.89
1275.5 3.13
1277.49 2.29
1279.77 3.8
1281.74 4.22
1283.44 3.92
1285.49 4.19
1287.81 5.25
1289.49 5.44
1291.49 6.2
1293.5 5.03
1296.21 0.99
1298.09 1.68
1299.49 4.91
1301.49 6.32
1303.49 6.68
1305.49 4.95
1307.49 5.98
1309.49 7.1
1311.49 9.02
1313.5 8.45
1315.5 1.97
1317.49 0.16
1319.49 4.13
1321.49 7.66
1323.49 0.33
1325.49 3.66
1327.49 0.25
1329.49 0.51
1331.49 1.92
1333.49 3.84
1335.49 3.54
1337.49 5.13
1339.49 5.67
1341.49 7.23
1343.49 6.61
1345.49 8.43
1347.49 6.96
1349.49 9.0
1351.49 7.92
1353.49 0.07
1355.49 1.04
1357.49 8.97
1359.49 3.06
1361.49 0.17
1363.49 4.9
1365.49 5.06
1367.49 5.35
1369.49 6.79
1371.6 0.58
1373.49 5.06
1375.5 6.9
1377.49 4.82
1379.78 4.99
1381.5 7.5
1383.49 6.59
1385.49 5.7
1387.49 6.36
1389.74 7.69
1391.74 4.53
1393.75 8.92
1395.74 3.38
1397.56 2.05
1399.74 5.3
1401.74 4.79
1403.74 4.99
1405.74 4.88
1407.74 5.09
1409.74 4.87
1412.22 5.15
1413.62 6.47
1415.74 6.87
1417.93 0.92
1419.59 0.54
1421.74 5.11
1423.79 1.7
1425.74 2.83
1427.75 4.0
1429.74 4.94
1431.74 3.93
1433.9 0.22
1435.66 3.12
1438.45 2.91
1440.27 0.36
1441.75 4.16
1444.17 3.3
1447.26 3.15
1448.6 4.79
1450.21 4.79
1451.74 5.87
1453.61 5.93
1455.75 5.29
1457.74 0.06
1459.89 5.15
1462.01 3.21
1463.98 3.95
1465.74 5.43
1468.39 0.67
1470.34 3.47
1472.09 3.93
1474.31 3.77
1476.43 3.31
1479.82 0.16
1483.26 2.04
1483.9 2.84
1485.33 5.38
1487.4 3.88
1489.69 3.28
1491.86 1.8
1493.24 4.29
1495.33 5.25
1497.33 5.21
1499.33 3.29
1501.33 5.81
1503.33 5.91
1506.78 0.62
1507.76 4.37
1509.33 3.63
1511.34 5.6
1513.33 6.11
1515.33 3.75
1517.65 2.58
1519.33 5.92
1521.33 5.23
1523.33 4.48
1526.06 0.44
1528.76 1.79
1529.49 4.3
1531.72 4.31
1533.69 0.42
1535.3 2.99
1538.67 1.45
1540.47 2.62
1541.61 5.21
1543.33 4.76
1545.33 4.87
1547.33 4.36
1549.33 4.94
1551.33 4.34
1553.33 0.42
1555.32 1.88
1557.33 6.69
1559.33 5.05
1561.83 5.04
1563.48 5.33
1566.49 2.55
1568.74 5.92
1570.91 2.48
1574.07 0.94
1577.46 4.16
1578.0 7.02
1578.93 8.73
1579.98 9.33
1581.32 9.8
1583.33 6.04
1585.33 7.31
1587.33 10.42
1589.33 7.03
1591.33 7.8
1593.33 9.8
1595.32 0.11
1597.33 7.93
1599.33 11.99
1601.33 8.23
1603.33 11.17
1605.33 8.11
1607.33 10.92
1609.33 9.38
1611.33 12.84
1613.33 10.13
1615.33 9.13
1617.33 9.2
1619.33 2.31
1621.34 9.91
1623.31 9.99
1625.32 8.62
1627.89 2.96
1629.33 6.56
1631.33 8.93
1633.33 10.3
1635.33 8.58
1637.33 8.27
1639.57 8.3
1641.58 7.86
1643.58 7.09
1645.56 1.99
1647.59 9.47
1649.58 10.85
1651.57 5.5
1653.61 8.25
1655.52 0.47
1657.58 5.95
1659.58 11.36
1661.59 10.58
1663.58 11.46
1665.6 1.87
1667.58 6.59
1669.58 10.18
1671.69 12.01
1673.58 15.9
1675.58 9.75
1677.58 9.27
1679.58 12.95
1681.39 3.74
1683.56 5.92
1685.58 11.26
1687.58 8.8
1689.6 11.13
1691.58 13.01
1693.58 8.44
1695.57 14.58
1698.75 1.69
1699.94 8.19
1701.57 6.4
1703.53 0.39
1705.58 1.87
1707.58 5.02
1709.58 1.47
1712.25 5.2
1715.35 3.37
1716.08 6.77
1719.32 5.65
1722.04 6.86
1723.04 6.76
1724.48 6.5
1726.12 6.0
1729.26 6.39
1732.02 9.86
1733.64 8.09
1735.33 6.77
1736.56 8.25
1737.87 7.46
1739.58 6.13
1741.58 7.43
1743.58 9.68
1745.57 5.92
1747.58 6.23
1749.58 6.77
1752.47 0.83
1753.77 7.36
1756.62 6.44
1758.48 6.14
1759.7 9.84
1761.58 9.62
1763.58 10.61
1765.58 10.54
1767.57 12.32
1769.58 9.65
1771.58 8.23
1773.58 11.95
1775.58 9.05
1777.58 11.72
1779.58 12.14
1781.58 13.83
1783.58 9.72
1785.56 10.86
1787.57 9.47
1789.61 3.24
1791.58 11.85
1793.58 11.89
1795.58 8.24
1797.58 12.72
1799.57 10.04
1801.58 11.62
1803.58 0.93
1805.58 13.56
1807.58 9.66
1809.59 7.58
1811.58 8.04
1813.58 6.28
1815.58 2.58
1817.58 8.4
1819.57 7.43
1821.58 7.92
1823.58 5.13
1825.57 5.49
1827.57 8.44
1829.58 7.56
1831.58 5.93
1833.58 7.99
1835.6 8.98
1837.57 0.3
1839.58 5.34
1841.58 8.85
1843.57 1.76
1845.58 9.66
1847.58 10.95
1849.58 5.88
1851.58 7.35
1853.58 8.27
1855.58 1.79
1857.58 3.68
1859.58 7.28
1861.58 6.69
1863.58 4.65
1865.58 5.04
1867.57 5.24
1869.57 6.55
1871.58 8.01
1873.58 8.3
1875.58 8.44
1877.58 2.65
1879.58 1.23
1881.58 7.74
1883.58 6.64
1885.58 8.56
1887.58 7.81
1889.83 7.6
1891.83 3.76
1893.83 6.7
1895.82 2.15
1897.83 8.32
1899.83 8.22
1901.83 8.15
1903.83 8.53
1905.61 6.82
1907.82 6.46
1909.83 9.55
1911.83 6.08
1913.83 6.3
1915.83 6.43
1917.83 5.96
1919.84 6.64
1921.83 9.26
1923.83 6.47
1925.83 5.83
1927.83 8.79
1929.83 2.35
1931.83 5.04
1933.82 8.76
1935.82 9.0
1937.82 7.15
1939.81 4.59
1941.82 9.25
1943.82 8.15
1945.83 0.32
1947.83 8.82
1949.82 7.99
1951.82 8.03
1953.83 10.38
1955.82 4.19
1957.82 4.87
1959.82 0.24
1961.82 0.11
1963.82 5.66
1965.82 6.94
1967.83 7.18
1969.83 8.52
1971.82 0.29
1973.83 6.28
1975.82 6.28
1977.82 6.28
1979.82 6.37
1981.83 5.17
1983.82 6.51
1985.82 4.88
1987.83 6.79
1989.85 8.56
1991.83 7.42
1993.82 4.72
1995.82 9.39
1997.93 7.02
1999.83 6.67
2001.82 9.22
2003.83 5.45
2005.82 5.45
2008.5 3.05
2009.82 5.31
2011.81 6.41
2013.82 4.62
2015.84 3.86
2017.84 6.07
2019.84 5.1
2021.82 6.31
2023.82 6.31
2025.82 5.5
2027.82 6.73
2029.83 5.36
2031.82 6.06
2033.82 7.7
2035.82 6.66
2037.82 6.93
2039.81 4.96
2041.83 1.07
2043.82 5.76
2045.82 5.74
2047.82 5.79
2049.83 6.82
2051.82 8.02
2053.83 6.22
2055.83 0.04
2057.82 8.81
2059.82 5.61
2061.82 7.1
2063.83 6.98
2065.82 0.82
2067.82 1.11
2069.82 3.84
2071.82 4.63
2073.82 3.76
2075.82 3.42
2077.82 5.7
2079.82 4.08
2081.82 4.45
2083.82 4.96
2086.03 5.71
2087.83 6.03
2089.82 5.08
2091.82 7.13
2093.82 7.72
2095.82 3.98
2097.83 6.79
2099.82 8.84
2101.82 7.07
2103.81 5.66
2105.83 6.17
2107.8 6.73
2110.16 5.62
2112.08 5.02
2113.83 4.18
2115.82 4.34
2117.89 4.76
2120.04 7.09
2121.83 7.58
2123.82 5.3
2125.82 5.36
2127.82 0.5
2129.82 5.67
2131.82 5.67
2133.82 5.67
2135.82 5.67
2137.82 5.67
2140.07 5.67
2142.07 5.67
2144.07 5.67
2146.07 5.67
2148.07 5.67
2150.07 5.67
2152.08 5.67
2154.07 5.67
2156.07 5.67
2158.07 5.67
2160.08 5.67
2162.07 6.81
2164.07 0.37
2166.07 6.56
2168.07 4.18
2170.07 6.07
2172.07 5.63
2174.07 0.11
2176.07 5.4
2178.07 5.49
2180.07 6.21
2182.08 5.08
2183.95 6.83
2186.07 5.27
2188.07 4.26
2190.07 4.26
2192.07 7.47
2194.07 7.08
2196.07 6.97
2198.07 4.89
2200.07 6.36
2202.07 8.23
2204.07 8.35
2206.07 8.04
2208.07 8.08
2210.06 8.34
2212.07 8.75
2214.07 5.83
2216.07 8.17
2218.07 7.35
2220.07 4.26
2222.07 7.67
2224.07 10.93
2226.07 8.26
2228.07 8.03
2230.08 5.33
2232.08 5.67
2234.07 6.38
2236.07 8.78
2238.07 9.33
2240.07 6.22
2242.07 10.2
2244.08 11.82
2246.07 4.2
2248.09 7.03
2250.07 4.87
2252.07 11.53
2254.08 9.96
2256.07 2.35
2258.07 0.33
2260.07 5.18
2262.07 5.94
2264.07 5.41
2266.07 4.86
2268.07 7.1
2270.07 6.55
2272.07 5.15
2274.07 5.39
2276.07 7.17
2278.07 6.01
2280.08 5.48
2282.07 6.87
2284.07 6.29
2286.07 8.26
2288.07 6.51
2290.07 6.67
2292.07 6.38
2294.07 6.94
2296.08 7.23
2298.07 6.51
2300.07 7.05
2302.07 5.23
2304.07 7.36
2306.07 9.14
2308.07 3.66
2310.07 0.4
2312.07 6.15
2314.07 5.19
2316.07 0.36
2318.07 4.74
2320.07 0.92
2322.09 5.0
2324.57 0.62
2326.07 5.95
2328.07 5.26
2330.07 3.83
2332.07 3.65
2334.07 4.05
2336.07 5.83
2338.07 3.63
2340.07 4.0
2342.07 3.79
2344.59 0.15
2346.11 3.03
2348.07 5.33
2350.07 6.6
2352.07 6.32
2354.07 8.53
2356.07 6.01
2358.07 6.18
2360.07 5.36
2362.07 5.53
2364.07 5.8
2366.07 6.89
2368.07 6.65
2370.07 8.64
2372.22 1.24
2374.07 7.84
2376.07 10.15
2378.07 8.16
2380.07 1.09
2382.07 5.1
2384.07 0.48
2386.07 7.04
2388.32 0.77
2390.31 5.44
2392.32 4.06
2394.32 6.22
2396.32 5.56
2398.33 0.03
2400.32 6.54
2402.11 6.93
2404.32 6.59
2406.32 8.87
2408.32 0.06
2410.37 4.78
2412.32 8.0
2415.33 3.58
2416.54 7.16
2418.32 5.74
2420.32 6.74
2422.32 5.76
2424.32 7.47
2426.32 7.63
2428.32 0.22
2430.43 4.73
2433.1 4.25
2435.67 5.08
2437.42 4.13
2438.85 3.73
2440.44 5.3
2442.23 6.88
2444.49 5.54
2446.18 0.06
2448.32 5.26
2451.14 4.85
2453.67 4.32
2456.4 3.84
2457.33 8.05
2458.91 0.98
2460.32 7.41
2462.46 7.3
2464.32 4.6
2466.18 0.83
2468.54 7.1
2470.29 8.47
2472.52 7.03
2474.51 0.29
2476.32 0.18
2478.32 4.72
2480.32 5.85
2482.32 4.46
2484.32 4.56
2486.2 6.96
2488.32 6.15
2490.32 7.32
2492.32 9.06
2494.32 8.21
2496.32 6.98
2498.32 9.05
2500.32 8.1
2502.21 6.72
2504.32 7.51
2506.32 10.86
2508.32 9.55
2510.33 7.61
2512.32 9.16
2514.32 10.58
2516.32 11.24
2518.32 0.78
2520.32 10.79
2522.32 12.16
2524.32 6.89
2526.32 9.73
2528.32 12.73
2530.32 10.06
2532.32 9.62
2534.32 1.25
2536.32 0.68
2538.32 10.93
2540.32 10.76
2542.32 9.33
2544.32 7.44
2546.32 8.14
2548.32 9.44
2550.41 1.09
2552.32 7.63
2554.4 0.83
2556.32 7.82
2558.83 5.14
2560.43 8.24
2562.31 8.22
2564.32 11.44
2566.32 0.13
2568.32 8.54
2570.32 7.04
2572.32 5.08
2574.9 5.18
2576.64 7.59
2578.32 8.37
2580.32 9.92
2582.32 7.39
2584.45 0.01
2586.91 0.71
2588.32 8.51
2590.32 9.78
2592.32 8.0
2594.32 7.73
2596.32 7.26
2598.32 2.31
2600.32 7.27
2602.32 6.58
2604.41 0.02
2606.33 4.81
2608.77 5.89
2610.44 0.06
2613.09 2.93
2615.97 5.42
2618.93 3.92
2621.32 5.5
2624.38 4.45
2626.4 6.33
2628.32 5.06
2630.01 4.16
2633.48 4.95
2636.72 3.3
2639.1 1.83
2639.92 3.66
2642.87 3.98
2644.74 3.84
2645.8 3.89
2646.93 4.69
2648.71 5.09
2650.39 4.77
2651.51 5.46
2654.91 3.69
2656.51 5.05
2658.1 4.52
2659.88 4.39
2661.23 5.68
2663.72 5.56
2666.03 4.77
2667.58 6.07
2669.12 4.47
2671.02 7.71
2672.42 7.07
2673.63 6.27
2674.85 6.86
2676.57 6.88
2678.43 5.39
2680.57 5.87
2682.57 5.0
2684.57 4.8
2686.7 6.39
2688.52 4.96
2690.49 4.57
2692.46 4.31
2694.57 4.43
2696.57 1.33
2698.58 1.41
2700.57 3.33
2702.57 5.53
2704.57 5.15
2706.57 5.56
2708.57 5.05
2710.59 5.22
2712.57 7.97
2714.57 5.31
2716.57 4.9
2718.57 4.82
2720.57 4.08
2722.57 5.15
2724.57 5.57
2726.44 4.8
2728.57 5.72
2730.56 1.84
2732.57 5.47
2734.56 6.27
2736.57 6.33
2738.56 5.39
2740.57 6.18
2742.57 7.54
2744.57 8.33
2746.56 7.86
2748.57 0.1
2750.57 6.18
2752.57 7.84
2754.57 0.5
2756.57 8.56
2758.57 9.63
2760.6 3.71
2762.57 8.53
2764.56 8.78
2766.92 0.06
2768.57 4.88
2770.57 2.71
2772.57 5.88
2774.56 5.59
2776.57 5.09
2778.56 5.71
2780.5 5.53
2782.56 6.79
2784.56 5.98
2786.56 5.98
2788.57 7.86
2790.56 8.17
2792.57 6.09
2794.57 6.83
2796.57 7.15
2798.52 8.02
2800.56 7.87
2802.56 6.79
2804.56 1.56
2806.56 8.25
2808.56 10.16
2810.56 2.51
2812.57 8.58
2815.34 1.84
2816.73 6.3
2818.56 6.23
2820.56 5.78
2822.57 4.9
2824.56 5.48
2826.76 0.21
2828.53 0.85
2830.57 5.82
2832.56 5.05
2834.56 5.06
2836.57 4.44
2838.56 5.26
2840.57 5.79
2842.56 6.39
2844.56 7.16
2846.57 7.97
2848.56 7.14
2850.57 5.7
2852.88 8.33
2854.56 7.89
2856.57 5.28
2858.56 6.18
2860.56 6.55
2862.56 8.13
2864.56 6.98
2866.56 6.81
2868.56 5.87
2870.56 6.76
2872.56 6.66
2874.56 7.9
2876.57 7.3
2878.57 6.76
2880.56 8.69
2882.56 7.78
2884.56 9.03
2886.58 7.75
2889.03 5.3
2890.82 9.66
2892.82 11.04
2894.81 11.04
2896.82 6.1
2898.81 6.26
2900.81 6.09
2902.81 11.12
2904.81 0.05
2906.81 6.54
2908.82 5.24
2910.81 6.0
2912.81 4.69
2914.81 5.72
2916.82 3.5
2918.81 3.79
2920.81 5.26
2922.82 6.0
2924.81 5.93
2926.82 4.77
2928.81 2.03
2930.82 5.33
2932.8 1.81
2934.89 2.97
2936.81 4.18
2938.81 4.9
2940.81 3.25
2942.86 2.41
2945.03 2.11
2946.82 5.33
2948.81 5.35
2950.81 6.2
2952.81 4.2
2954.81 5.17
2956.81 2.96
2958.81 6.78
2960.81 7.61
2962.81 5.38
2964.81 4.33
2966.81 7.38
2968.81 7.15
2970.81 4.23
2972.81 3.1
2974.81 7.05
2976.81 2.89
2978.81 6.3
2980.81 5.86
2982.81 4.71
2984.83 1.98
2986.82 4.99
2988.98 2.73
2990.81 5.57
2992.81 5.72
2994.81 3.82
2996.7 0.98
2998.81 6.09
3000.72 0.38
3002.81 3.57
3004.82 1.16
3006.81 3.1
3008.92 2.2
3010.82 2.39
3012.81 2.62
3014.81 2.76
3016.81 2.74
3018.81 3.12
3020.82 2.66
3022.81 2.75
3024.82 2.14
3026.81 3.11
3028.83 2.33
3030.81 3.0
3032.81 3.7
3034.81 4.0
3036.81 4.03
3038.81 3.89
3040.81 4.2
3042.81 4.32
3044.81 3.94
3047.84 5.1
3049.47 4.05
3050.9 2.89
3052.81 5.11
3054.81 5.29
3056.81 3.94
3058.81 0.12
3060.81 2.7
3062.81 3.22
3064.81 3.35
3066.81 2.9
3068.81 3.74
3071.25 0.05
3072.81 3.73
3074.81 3.67
3076.81 4.29
3078.81 4.13
3080.81 4.13
3082.82 4.03
3084.81 2.85
3086.81 3.39
3088.81 3.84
3090.81 0.54
3092.81 3.5
3094.81 3.11
3096.81 3.39
3098.81 4.3
3101.03 2.5
3102.81 5.08
3104.81 3.86
3106.81 5.24
3108.81 5.46
3110.81 2.08
3112.81 1.45
3114.81 1.13
3116.81 2.6
3118.81 2.83
3120.81 3.43
3122.81 2.57
3124.81 2.53
3126.81 3.93
3128.81 4.2
3130.82 2.52
3132.81 3.65
3134.82 2.48
3136.82 4.04
3138.93 2.73
3141.06 3.18
3143.06 3.0
3145.77 3.27
3147.65 3.13
3149.44 3.23
3151.18 3.65
3153.08 3.03
3155.06 4.02
3157.06 3.56
3159.06 3.56
3161.21 1.09
3163.06 4.26
3165.06 4.72
3167.06 4.86
3169.21 0.08
3171.06 2.57
3172.91 1.24
3175.06 0.9
3177.06 1.57
3179.06 2.38
3181.06 2.05
3183.06 1.89
3185.06 2.09
3187.05 1.86
3189.07 2.36
3191.06 2.38
3193.06 2.23
3195.06 2.52
3197.07 2.05
3199.06 2.61
3201.06 2.62
3202.88 3.13
3205.06 3.52
3207.06 4.19
3209.78 4.35
3212.51 3.76
3213.38 3.96
3216.03 4.18
3217.58 3.88
3219.32 5.51
3221.51 3.8
3223.06 4.16
3225.03 5.02
3227.06 6.12
3229.06 2.26
3231.06 2.61
3233.06 3.05
3235.07 4.07
3237.06 4.32
3239.17 0.97
3241.06 6.19
3243.06 5.59
3245.06 6.67
3247.06 6.37
3249.13 6.16
3251.4 0.84
3253.31 2.65
3255.06 0.07
3257.06 3.58
3259.06 3.59
3261.06 3.9
3263.06 4.7
3265.06 0.5
3267.06 4.05
3269.06 4.55
3271.2 0.16
3273.06 4.76
3275.34 3.44
3277.06 4.05
3279.06 4.64
3281.06 4.32
3283.06 4.36
3285.06 4.86
3287.06 4.59
3289.0 4.61
3291.06 5.81
3293.06 6.68
3295.06 7.61
3297.06 7.48
3299.07 6.95
3301.06 1.89
3303.06 0.06
3305.06 1.02
3307.05 3.21
3309.06 3.57
3311.06 4.65
3313.06 3.05
3315.05 3.02
3317.05 4.48
3319.06 4.46
3321.06 5.26
3323.06 3.73
3325.06 3.64
3327.06 3.48
3329.06 3.31
3331.05 3.75
3333.06 5.06
3335.06 5.35
3337.06 0.59
3339.06 5.01
3341.27 2.85
3343.06 4.54
3345.06 4.58
3347.06 3.34
3349.06 3.84
3351.05 6.06
3353.06 5.23
3355.06 6.1
3357.06 4.36
3359.07 6.78
3361.72 3.18
3363.06 5.15
3365.06 3.34
3367.06 6.5
3369.06 6.3
3371.06 6.41
3373.06 5.43
3375.06 6.22
3377.06 3.86
3379.06 6.1
3381.06 8.14
3383.06 0.11
3385.06 2.54
3387.06 5.33
3389.31 1.83
3391.31 4.35
3393.31 5.25
3395.14 0.28
3397.41 4.02
3399.31 4.73
3401.31 4.5
3403.17 1.85
3405.31 4.63
3407.31 2.9
3409.32 4.22
3411.31 5.06
3413.31 5.34
3415.31 7.22
3417.33 6.73
3419.31 7.44
3421.31 0.02
3423.31 8.44
3425.31 5.38
3427.11 6.95
3429.31 8.16
3431.71 0.54
3433.27 1.28
3435.31 8.36
3437.54 2.59
3439.31 4.56
3441.31 2.36
3443.31 5.38
3445.31 4.94
3447.3 5.21
3449.31 5.24
3451.31 5.24
3453.31 5.53
3455.31 7.4
3457.31 5.8
3459.31 4.94
3461.31 4.24
3463.31 5.38
3465.44 4.69
3467.31 5.19
3469.31 4.72
3471.58 0.99
3473.31 4.38
3475.31 3.99
3477.31 0.02
3479.31 3.59
3481.31 2.67
3483.26 3.32
3485.31 4.59
3487.31 4.72
3489.21 3.41
3491.7 3.75
3493.43 3.54
3495.3 3.76
3497.25 3.71
3499.31 3.85
3501.31 3.77
3503.31 5.22
3505.31 4.3
3507.31 4.41
3509.36 0.77
3511.21 0.48
3513.31 3.31
3515.31 4.36
3517.31 4.6
3519.3 5.02
3521.31 4.42
3523.31 5.29
3525.31 3.83
3527.31 6.96
3529.31 5.45
3531.31 4.65
3533.31 3.41
3535.31 3.52
3537.31 4.88
3539.31 5.14
3541.31 4.25
3543.31 4.59
3545.31 4.32
3547.31 4.74
3549.31 5.23
3551.31 6.0
3553.31 5.79
3555.31 4.97
3557.31 4.35
3559.31 5.05
3561.44 5.95
3563.31 6.52
3565.31 4.12
3567.31 5.02
3569.31 6.74
3571.26 3.92
3573.34 7.48
3575.31 5.7
3577.31 4.73
3579.31 5.78
3581.31 1.34
3583.31 8.04
3585.31 9.02
3587.31 9.59
3589.31 8.99
3591.31 2.21
3593.3 7.74
3595.3 3.95
3597.31 9.13
3599.3 7.06
3601.31 0.33
3603.31 10.04
3605.29 3.96
3607.28 3.13
3609.31 6.02
3611.31 5.47
3613.31 8.29
3615.3 6.53
3617.31 8.84
3619.31 9.65
3621.31 9.22
3623.31 10.34
3625.3 7.3
3627.31 9.69
3629.31 0.06
3631.74 4.03
3633.3 8.06
3635.31 10.14
3637.31 0.96
3639.31 0.06
3641.55 3.33
3643.55 5.44
3645.56 6.91
3647.56 7.85
3649.55 8.99
3651.55 9.14
3653.55 7.76
3655.56 9.01
3657.55 8.81
3659.56 4.84
3661.55 6.74
3663.56 8.9
3665.55 9.75
3667.56 4.99
3669.55 7.76
3671.55 6.3
3673.37 8.59
3675.56 7.25
3677.47 0.45
3679.56 0.3
3681.54 4.59
3683.55 4.36
3685.55 6.39
3687.55 7.78
3689.55 7.96
3691.55 5.13
3693.56 5.45
3695.55 5.02
3697.59 1.3
3699.55 8.34
3701.56 6.8
3703.44 5.37
3705.44 3.21
3707.56 7.5
3709.56 5.92
3711.43 4.46
3713.55 6.49
3715.56 8.56
3717.55 5.76
3719.55 7.53
3721.55 7.59
3723.55 9.61
3725.55 9.71
3727.4 0.5
3729.55 7.65
3731.56 7.5
3733.55 6.81
3735.55 5.91
3737.55 6.39
3739.56 7.07
3741.55 8.42
3743.55 8.7
3745.55 7.78
3747.55 8.73
3749.55 9.54
3751.55 1.4
3753.55 10.16
3755.55 9.92
3757.55 10.71
3759.55 7.94
3761.56 11.22
3764.06 2.04
3765.56 6.53
3767.56 7.37
3769.56 9.34
3771.55 7.73
3773.56 13.06
3775.56 10.97
3777.55 7.86
3779.55 6.77
3781.55 7.34
3783.56 6.07
3785.55 1.92
3787.55 8.55
3789.55 7.57
3791.55 5.64
3793.56 1.93
3795.56 7.47
3797.55 8.35
3799.56 7.62
3801.54 9.88
3803.56 10.52
3805.55 8.58
3807.55 9.29
3809.55 11.08
3811.55 4.15
3813.55 8.06
3815.55 6.29
3817.56 7.7
3819.55 10.25
3821.56 5.37
3823.55 0.05
3825.55 7.55
3827.55 8.92
3829.56 6.44
3831.55 9.96
3833.55 7.62
3835.55 6.42
3837.56 9.19
3839.55 9.08
3841.55 8.44
3843.56 5.23
3845.55 13.01
3847.55 7.25
3849.55 10.27
3851.55 0.02
3853.55 0.33
3855.55 6.74
3857.55 9.04
3859.55 4.7
3861.55 5.43
3863.55 5.99
3865.56 6.76
3867.55 11.72
3869.55 6.1
3871.55 0.78
3873.55 9.51
3875.55 8.33
3877.66 9.54
3879.55 9.52
3881.56 0.08
3883.55 9.34
3885.55 10.19
3887.55 10.34
3889.55 0.23
3891.8 0.11
3893.8 8.79
3895.8 7.44
3897.8 7.65
3899.8 6.9
3901.8 7.42
3903.8 6.3
3905.8 9.27
3907.8 5.63
3909.8 5.49
3911.8 6.22
3913.8 5.39
3915.81 9.3
3917.8 9.03
3919.8 8.26
3921.81 9.95
3923.8 13.38
3925.8 9.75
3927.8 0.02
3929.8 0.93
3931.8 13.8
3933.8 10.18
3935.8 10.37
3937.8 0.12
3939.8 0.45
3941.8 0.06
3943.8 4.57
3945.8 6.07
3947.8 6.85
3949.8 8.17
3951.8 7.93
3953.8 6.86
3955.8 8.47
3957.8 7.47
3959.81 5.17
3961.8 4.35
3963.8 0.14
3965.8 6.95
3967.8 7.39
3969.8 5.5
3971.8 8.37
3973.76 0.07
3975.8 6.82
3977.8 7.98
3979.8 8.66
3981.8 0.03
3983.8 11.05
3985.8 10.92
3987.8 8.67
3989.8 7.2
3991.8 6.29
3993.8 6.72
3995.8 5.55
3997.82 8.42
3999.8 6.17
4001.8 9.0
4003.8 6.12
4005.8 6.12
4007.8 6.12
4009.8 6.39
4011.8 6.62
4013.8 6.62
4015.8 4.34
4017.81 7.25
4019.8 7.25
4021.8 7.25
4023.8 2.53
4025.8 8.39
4027.8 8.0
4029.8 6.64
4031.79 5.84
4033.8 8.46
4035.8 8.46
4037.8 1.34
4039.8 8.6
4041.8 1.82
4043.8 4.34
4045.8 7.8
4047.8 5.94
4049.8 11.25
4051.8 9.19
4053.8 10.16
4055.8 2.45
4057.8 9.9
4059.8 10.05
4061.8 10.52
4063.8 7.35
4065.81 3.6
4067.8 11.7
4069.8 11.92
4071.8 9.73
4073.8 7.45
4075.8 1.78
4077.8 10.95
4079.8 5.95
4081.8 1.13
4083.8 12.4
4085.8 0.06
4087.8 11.63
4089.8 7.74
4091.8 10.6
4093.8 12.37
4095.8 8.38
4097.8 14.46
4099.8 11.71
4101.8 0.07
4103.81 8.06
4105.81 9.08
4107.8 6.49
4109.8 6.49
4111.8 7.45
4113.81 12.14
4115.8 12.53
4117.8 5.42
4119.8 6.91
4121.8 0.03
4123.8 6.41
4125.8 5.98
4127.79 12.45
4129.8 11.27
4131.8 4.44
4133.8 7.92
4135.8 6.6
4137.8 10.05
4139.8 12.15
4142.05 6.41
4144.05 0.94
4146.05 11.29
4148.05 11.44
4150.05 5.5
4152.05 10.63
4154.05 12.19
4156.05 9.11
4158.05 10.68
4160.05 7.11
4162.05 5.41
4164.05 10.8
4166.05 6.25
4168.05 7.32
4170.05 10.88
4172.05 3.12
4174.05 10.12
4176.05 6.24
4178.05 6.2
4180.05 8.3
4182.05 9.54
4184.05 6.09
4186.05 9.33
4188.05 14.1
4190.05 13.06
4192.06 11.48
4194.05 6.89
4196.06 2.21
4198.05 8.19
4200.05 11.86
4202.05 13.41
4204.05 0.2
4206.05 0.23
4208.05 7.18
4210.05 4.95
4212.05 5.13
4214.05 8.36
4216.05 9.03
4218.06 9.32
4220.05 8.26
4222.05 10.14
4224.05 10.39
4226.05 11.05
4228.05 10.69
4230.05 8.19
4232.05 13.63
4234.06 8.25
4236.05 11.44
4238.05 11.44
4240.05 9.05
4242.05 9.95
4244.05 10.46
4246.05 5.67
4248.05 8.64
4250.05 10.55
4252.05 12.83
4254.05 5.94
4256.05 12.77
4258.05 7.68
4260.05 7.67
4262.05 13.6
4264.05 0.12
4266.05 6.68
4268.05 14.14
4270.05 15.63
4272.05 9.3
4274.05 6.74
4276.05 14.12
4278.05 8.26
4280.05 11.94
4282.05 7.73
4284.05 6.48
4286.05 13.92
4288.05 9.15
4290.05 7.95
4292.05 8.41
4294.05 8.41
4296.05 8.41
4298.05 10.31
4300.05 8.77
4302.05 11.08
4304.05 11.08
4306.05 10.16
4308.05 6.08
4310.05 9.98
4312.05 5.44
4314.05 4.78
4316.05 10.12
4318.05 10.86
4320.05 6.08
4322.05 0.59
4324.05 11.74
4326.05 0.87
4328.05 4.96
4330.05 10.29
4332.05 11.88
4334.05 0.34
4336.05 0.98
4338.05 12.15
4340.05 1.86
4342.05 5.95
4344.05 5.16
4346.05 6.25
4348.05 8.21
4350.05 6.34
4352.05 7.74
4354.05 9.24
4356.05 9.24
4358.05 7.74
4360.05 1.32
4362.05 8.08
4364.05 9.49
4366.05 5.92
4368.27 7.12
4370.05 5.95
4372.05 6.53
4374.05 9.66
4376.06 9.63
4378.05 0.06
4380.05 7.41
4382.21 8.24
4384.05 6.99
4386.05 6.33
4388.05 10.0
4390.05 9.7
4392.3 9.56
4394.3 10.29
4396.3 6.87
4398.3 9.96
4400.3 12.26
4402.3 12.69
4404.3 13.43
4406.32 14.78
4408.3 8.25
4410.3 15.48
4412.3 14.44
4414.3 13.27
4416.3 0.05
4418.3 13.06
4420.3 13.15
4422.3 9.18
4424.3 14.04
4426.3 11.65
4428.3 13.23
4430.29 7.44
4432.3 0.02
4434.3 11.09
4436.3 0.25
4438.3 8.87
4440.3 12.7
4442.3 8.47
4444.56 3.91
4446.3 8.12
4448.3 9.95
4450.3 7.29
4452.3 6.18
4454.31 13.41
4456.3 11.1
4458.3 13.28
4460.3 9.73
4462.3 8.53
4464.3 11.99
4466.3 8.21
4468.3 10.25
4470.18 0.75
4472.3 0.08
4474.3 6.56
4476.3 11.0
4478.28 9.81
4480.3 10.78
4482.3 8.83
4484.29 2.71
4486.3 12.88
4488.31 12.43
4490.3 0.19
4492.3 9.39
4494.3 12.82
4496.3 9.54
4498.3 10.66
4500.3 11.44
4502.29 9.87
4504.3 8.05
4506.3 5.88
4508.3 9.03
4510.29 8.6
4512.3 3.38
4514.29 8.58
4516.3 6.25
4518.31 7.68
4520.3 8.15
4522.27 4.37
4524.29 9.55
4526.3 7.28
4528.29 6.93
4530.3 6.61
4532.3 9.33
4534.3 1.08
4536.3 6.18
4538.29 9.71
4540.29 1.28
4542.29 6.96
4544.3 5.61
4546.3 4.31
4548.3 7.45
4550.3 8.59
4552.3 6.27
4554.3 4.89
4556.3 9.05
4558.3 0.16
4560.29 8.51
4562.3 6.48
4564.3 8.66
4566.29 10.61
4568.29 8.27
4570.3 6.23
4572.3 6.68
4574.31 6.68
4576.29 0.76
4578.3 7.47
4580.3 10.95
4582.3 2.94
4584.29 5.4
4586.29 10.85
4588.3 0.5
4590.29 5.19
4592.29 5.24
4594.29 3.33
4596.29 3.41
4598.29 4.63
4600.29 6.32
4602.29 6.21
4604.29 6.73
4606.3 7.3
4608.3 4.94
4610.29 6.77
4612.3 6.85
4614.29 7.53
4616.64 1.15
4618.3 8.38
4620.29 8.89
4622.29 6.65
4624.29 7.54
4626.29 8.5
4629.31 0.2
4630.29 6.81
4632.29 9.22
4634.29 10.46
4636.29 5.79
4638.3 7.99
4640.54 0.33
4642.54 0.06
4644.55 6.78
4646.65 3.33
4648.55 6.8
4650.54 8.35
4652.56 7.63
4654.54 9.1
4656.54 8.89
4658.54 10.0
4660.54 6.77
4662.54 9.19
4664.54 9.12
4667.43 6.66
4668.46 7.59
4670.32 8.24
4672.54 5.31
4674.46 6.19
4676.54 6.55
4678.54 3.45
4680.54 6.02
4682.4 5.58
4684.6 5.19
4686.55 6.04
4688.54 6.74
4690.54 8.21
4692.54 7.71
4694.51 8.21
4696.54 7.89
4698.38 7.75
4700.55 6.89
4702.54 7.42
4704.54 9.6
4706.54 8.86
4708.54 8.82
4710.54 7.12
4712.54 1.36
4714.55 6.9
4716.54 7.29
4718.54 7.28
4720.54 5.43
4722.54 7.35
4724.54 8.14
4726.54 6.99
4728.54 6.4
4730.54 7.29
4732.55 8.16
4734.54 8.85
4736.76 0.82
4739.04 1.42
4740.54 8.56
4742.55 8.03
4744.54 9.67
4746.55 4.49
4748.54 4.68
4750.54 6.74
4752.54 4.35
4754.54 5.48
4756.54 4.64
4758.54 6.47
4760.54 7.61
4762.54 0.06
4764.54 5.63
4766.54 5.9
4768.54 5.94
4770.55 6.73
4772.54 3.65
4774.55 7.06
4776.54 4.79
4778.54 6.27
4780.54 3.34
4782.54 4.71
4784.54 7.27
4786.74 1.74
4788.54 3.37
4790.54 2.96
4792.54 4.5
4794.54 5.22
4796.55 0.04
4798.54 3.6
4800.54 3.27
4802.54 4.89
4804.54 3.31
4806.54 4.7
4808.54 5.09
4810.54 3.38
4812.54 4.75
4814.54 5.04
4816.54 5.35
4818.54 5.09
4820.54 4.97
4822.55 5.65
4824.54 3.02
4826.54 5.54
4828.54 5.54
4830.54 5.48
4832.54 5.78
4834.54 5.88
4836.54 5.89
4838.54 4.35
4840.54 3.85
4842.54 4.29
4844.54 5.51
4846.54 5.51
4848.54 5.51
4850.54 4.76
4852.54 3.87
4854.54 5.44
4856.54 5.44
4858.54 3.95
4860.55 4.53
4862.54 4.45
4864.54 4.05
4866.54 4.29
4868.54 4.09
4870.54 4.71
4872.54 6.34
4874.54 4.84
4876.54 6.12
4878.54 4.7
4880.54 5.45
4882.54 4.63
4884.54 6.0
4886.54 5.86
4888.54 6.31
4890.54 6.37
4892.54 5.29
4894.79 6.83
4896.79 5.62
4898.79 7.48
4900.6 6.21
4902.79 8.61
4904.79 5.93
4906.8 7.11
4908.79 5.24
4910.79 3.09
4912.79 0.33
4914.79 2.95
4916.85 1.15
4918.79 3.15
4920.79 4.08
4922.79 4.54
4924.8 5.53
4926.79 6.43
4928.79 5.62
4930.79 4.35
4932.79 3.58
4934.79 4.55
4936.79 3.53
4938.83 0.87
4940.79 0.32
4942.79 2.58
4944.79 2.71
4946.79 3.44
4948.79 3.64
4950.8 3.95
4952.79 3.92
4954.79 3.87
4956.79 4.09
4958.79 5.11
4960.79 4.9
4962.79 0.42
4964.79 3.38
4966.79 2.77
4968.79 2.86
4970.79 3.06
4973.07 2.56
4974.79 3.47
4976.79 4.36
4978.79 4.32
4980.79 4.04
4982.8 0.15
4984.79 0.48
4986.79 3.08
4988.79 3.07
4990.79 3.04
4992.79 3.69
4994.79 4.73
4996.79 4.48
4998.79 5.27
5000.79 6.35
5002.79 6.94
5004.79 0.25
5006.79 3.89
5008.79 0.91
5010.79 0.26
5012.79 3.38
5014.79 3.39
5016.79 3.84
5018.79 3.41
5020.79 2.97
5022.79 4.13
5024.79 3.2
5026.79 3.56
5028.79 3.56
5030.79 3.95
5032.79 3.15
5034.8 4.61
5036.79 5.19
5038.79 6.83
5040.79 6.06
5042.79 4.73
5044.79 6.76
5046.79 6.92
5048.79 6.81
5050.79 5.83
5052.79 4.51
5054.98 0.71
5056.79 4.29
5058.79 4.85
5060.79 5.83
5062.79 5.9
5064.79 8.59
5066.93 5.96
5068.79 8.37
5070.79 7.1
5072.79 7.1
5074.8 4.19
5077.42 5.28
5078.81 7.76
5080.79 7.08
5082.74 0.16
5084.79 8.0
5086.79 5.36
5088.79 8.11
5090.79 8.42
5092.79 4.89
5094.83 6.69
5096.79 7.73
5098.8 6.4
5102.04 0.15
5104.44 3.83
5106.53 3.77
5107.67 5.36
5108.9 4.19
5110.8 6.09
5112.79 5.95
5114.79 5.39
5118.11 4.54
5119.17 3.99
5120.79 3.99
5122.79 5.78
5124.79 4.23
5127.83 6.27
5128.79 6.86
5130.79 6.7
5134.04 0.07
5135.37 4.23
5136.94 3.9
5138.79 5.09
5140.78 5.18
5143.05 4.87
5145.04 4.4
5146.86 0.21
5149.04 0.25
5151.03 1.82
5153.04 3.62
5154.98 3.22
5157.04 3.37
5159.04 4.37
5161.04 2.29
5163.04 2.34
5164.86 4.03
5167.04 3.72
5169.04 4.11
5171.03 3.95
5174.42 2.6
5176.55 3.52
5178.54 4.26
5180.54 4.26
5182.54 4.26
5184.56 3.54
5186.54 5.4
5188.54 5.34
5190.54 3.41
5192.54 4.15
5194.58 0.83
5196.62 3.85
5198.54 2.56
5200.55 3.76
5202.54 5.28
5204.55 4.65
5206.54 4.57
5208.54 6.98
5210.54 5.36
5212.54 3.59
5214.54 3.59
5216.55 6.55
5218.56 6.64
5220.55 6.97
5222.44 0.06
5224.55 0.94
5226.59 1.84
5228.54 2.24
5230.54 3.78
5232.54 4.71
5234.54 5.21
5236.55 4.3
5238.54 5.39
5240.55 5.53
5242.53 5.53
5245.19 1.44
5246.46 4.32
5248.55 3.86
5250.54 4.27
5252.53 3.03
5254.54 3.84
5256.54 3.84
5258.55 4.81
5260.82 2.32
5262.54 2.98
5264.54 0.09
5266.64 1.96
5268.54 2.68
5270.43 3.79
5272.54 4.49
5274.54 4.12
5276.54 4.16
5278.54 3.36
5280.54 0.7
5282.54 1.96
5284.54 3.39
5286.55 3.89
5288.55 3.11
5290.54 2.72
5292.54 3.23
5294.53 2.24
5296.54 3.16
5298.54 3.74
5300.54 5.07
5302.55 4.87
5304.54 4.94
5306.54 5.47
5308.54 6.25
5310.54 5.8
5312.54 4.98
5314.54 4.27
5316.54 5.43
5318.47 2.88
5320.55 1.42
5322.53 2.24
5324.56 4.2
5326.54 5.14
5328.54 5.91
5330.54 6.89
5332.54 6.39
5334.55 5.55
5336.54 4.06
5338.54 4.4
5340.54 5.84
5342.51 2.63
5344.54 8.18
5346.53 4.85
5348.55 4.17
5350.54 7.06
5352.54 1.03
5354.54 7.22
5356.51 4.77
5358.63 6.25
5360.55 0.5
5362.54 1.45
5364.54 5.97
5366.54 0.05
5368.54 1.65
5370.54 3.61
5372.54 4.18
5375.19 1.62
5376.54 4.45
5378.54 4.63
5380.54 5.63
5382.55 6.24
5384.54 6.12
5386.54 6.19
5388.54 4.93
5390.56 0.51
5392.79 6.53
5394.56 6.79
5396.8 7.37
5398.79 5.95
5400.79 0.13
5402.79 4.31
5404.79 4.05
5406.79 0.13
5408.8 5.23
5410.78 6.17
5412.79 5.91
5414.8 5.87
5416.79 6.9
5418.66 3.18
5420.79 7.24
5422.78 7.52
5425.92 0.43
5427.03 4.5
5428.78 5.35
5430.79 4.44
5432.79 3.02
5434.78 5.79
5436.78 7.31
5438.78 6.74
5440.78 7.1
5442.78 6.77
5444.78 6.37
5446.78 6.89
5448.79 8.41
5450.78 8.22
5452.78 8.13
5454.78 6.52
5456.78 6.3
5458.79 6.87
5460.79 7.53
5463.58 1.36
5464.98 8.06
5466.78 7.91
5468.79 6.63
5470.78 4.58
5472.79 1.52
5474.78 0.93
5476.78 2.69
5478.79 2.97
5480.79 4.29
5482.78 5.83
5484.79 5.56
5486.79 6.11
5488.8 5.17
5490.78 6.95
5492.78 7.46
5494.79 7.32
5496.78 6.17
5498.78 6.83
5500.78 6.64
5502.78 6.64
5504.78 4.18
5506.9 1.67
5508.79 4.72
5510.78 5.81
5512.78 6.36
5514.79 3.27
5516.78 7.65
5518.79 9.59
5520.79 11.42
5522.79 11.64
5524.79 12.11
5526.79 7.55
5528.78 11.84
5530.78 10.78
5532.78 8.59
5534.78 9.07
5536.78 9.18
5538.78 6.92
5540.79 0.05
5542.82 5.2
5544.79 4.29
5546.78 6.16
5548.78 6.71
5550.79 6.52
5552.78 4.41
5554.79 7.14
5556.78 7.27
5558.79 0.2
5560.79 5.89
5562.79 5.86
5564.79 2.36
5566.78 7.12
5568.79 8.29
5570.78 8.81
5572.79 7.18
5574.9 5.45
5576.79 7.62
5578.78 7.87
5580.79 9.92
5584.6 1.87
5585.34 5.43
5586.78 6.06
5588.79 6.43
5590.78 7.61
5592.79 7.83
5594.78 0.65
5596.78 5.06
5598.78 4.77
5600.78 0.01
5602.78 3.87
5604.78 6.61
5606.79 7.17
5608.78 6.28
5610.78 6.63
5612.78 7.22
5614.78 0.11
5616.78 4.55
5618.78 4.85
5620.78 4.73
5622.78 5.83
5624.78 7.25
5626.78 8.28
5628.78 6.26
5630.79 0.01
5632.79 8.41
5634.78 7.17
5636.78 7.57
5638.8 4.64
5640.78 9.28
5643.04 8.57
5645.03 9.46
5647.04 9.23
5648.84 0.7
5651.04 7.56
5653.04 2.7
5654.84 4.54
5656.98 4.3
5658.83 5.12
5661.03 4.93
5663.03 5.54
5665.04 6.37
5667.03 5.59
5669.04 6.93
5671.04 5.3
5673.04 5.51
5675.03 7.66
5677.03 8.77
5679.04 6.5
5681.03 4.74
5683.03 9.24
5685.03 7.91
5687.03 8.34
5689.03 8.34
5691.03 0.06
5693.11 3.64
5695.03 7.08
5697.03 6.4
5699.03 7.55
5701.03 5.67
5703.03 0.54
5705.03 4.44
5707.03 3.39
5709.04 0.96
5711.03 5.22
5713.03 3.21
5715.03 4.5
5717.03 5.41
5719.03 5.61
5721.04 6.33
5723.03 8.09
5725.04 4.68
5727.03 3.8
5729.04 6.86
5731.03 4.75
5733.03 6.44
5735.03 3.76
5737.03 4.87
5739.03 3.82
5741.03 0.06
5743.03 5.94
5745.02 1.85
5747.03 0.39
5749.03 2.34
5751.03 1.18
5753.03 2.66
5755.03 3.03
5757.03 4.08
5759.03 4.17
5761.03 4.13
5763.03 4.27
5765.04 4.27
5767.03 4.17
5769.03 4.45
5771.03 5.13
5773.05 5.76
5775.03 1.7
5777.03 6.05
5779.03 6.35
5781.04 7.21
5783.03 7.07
5785.03 5.91
5787.03 8.48
5789.03 4.46
5791.03 7.0
5793.03 7.76
5795.06 7.76
5797.08 10.49
5799.05 12.04
5801.26 7.69
5803.03 9.05
5805.04 7.35
5807.03 9.57
5809.07 9.55
5811.03 6.46
5813.04 8.58
5815.03 0.03
5817.03 9.06
5819.03 0.03
5821.04 9.08
5823.03 8.85
5825.03 10.77
5827.03 6.64
5829.03 8.49
5831.03 10.89
5833.03 7.9
5835.06 0.88
5837.03 7.92
5839.06 7.45
5841.04 2.4
5843.03 5.09
5845.66 7.04
5847.03 6.48
5849.03 7.88
5851.03 4.55
5853.03 1.61
5855.03 7.73
5857.03 2.46
5859.03 4.5
5861.03 0.07
5863.03 7.32
5865.03 1.52
5867.03 4.36
5869.03 0.15
5871.03 6.15
5873.03 0.94
5875.03 3.5
5877.03 5.05
5879.03 0.03
5881.03 5.76
5883.04 5.34
5885.04 0.06
5887.03 0.69
5889.03 1.99
5891.28 4.21
5893.28 3.83
5895.28 4.51
5897.28 5.27
5899.07 0.06
5901.28 2.84
5903.08 1.16
5905.28 3.96
5907.28 4.35
5909.28 6.37
5911.28 6.28
5913.06 5.75
5915.28 4.7
5917.28 7.03
5919.28 7.22
5921.28 7.06
5923.28 4.43
5925.28 3.49
5927.27 4.83
5929.28 3.83
5931.28 4.67
5933.28 5.31
5935.28 5.74
5937.09 5.66
5939.28 4.17
5941.28 3.91
5943.29 4.17
5945.28 6.85
5947.28 5.71
5949.28 7.74
5951.28 5.68
5953.34 6.08
5955.28 7.37
5957.28 4.55
5959.28 0.82
5961.28 7.02
5963.29 5.98
5965.28 1.13
5967.27 0.12
5969.28 3.5
5971.28 6.35
5973.28 7.54
5975.27 0.91
5977.28 4.87
5979.28 7.47
5981.28 0.06
5983.28 6.99
5985.28 3.46
5987.29 7.81
5989.28 7.94
5991.28 0.47
5993.28 8.21
5995.28 6.5
5997.27 5.34
5999.29 6.95
6001.28 0.82
6003.28 7.61
6005.28 6.09
6007.28 4.8
6009.28 7.88
6011.29 8.93
6013.28 3.99
6015.28 8.1
6017.29 0.09
6019.28 9.16
6021.28 7.27
6023.28 0.76
6025.28 1.24
6027.29 5.92
6029.66 0.37
6031.28 0.68
6033.28 6.21
6035.29 3.71
6037.29 6.89
6039.28 6.01
6041.28 7.08
6043.28 6.82
6045.28 5.62
6047.28 6.55
6049.28 7.51
6051.28 0.1
6053.28 5.02
6055.28 6.75
6057.3 2.38
6059.28 7.27
6061.28 7.29
6063.28 6.98
6065.28 6.15
6067.28 4.56
6069.28 4.12
6071.29 7.69
6073.28 6.61
6075.28 7.9
6077.28 1.52
6079.28 7.58
6081.28 6.14
6083.27 6.72
6085.28 5.79
6087.27 3.89
6089.28 5.43
6091.28 7.7
6093.28 7.47
6095.28 5.81
6097.28 8.7
6099.28 5.18
6101.28 3.94
6103.28 0.1
6105.28 7.93
6107.28 6.41
6109.28 6.94
6111.46 2.02
6113.28 2.94
6115.28 9.07
6117.28 6.58
6119.32 8.65
6121.28 8.47
6123.28 3.37
6125.28 3.37
6127.29 5.94
6129.27 5.94
6131.28 4.22
6133.28 10.11
6135.28 7.56
6137.28 8.31
6139.29 9.05
6141.54 7.36
6143.42 3.03
6145.53 2.9
6147.54 6.99
6149.54 7.81
6151.54 7.11
6153.64 2.69
6155.54 3.37
6157.53 0.06
6159.54 0.26
6161.54 4.78
6163.54 5.12
6165.54 5.16
6167.3 6.9
6169.54 5.11
6172.69 0.54
6173.7 3.47
6175.54 3.98
6177.54 4.67
6179.53 4.86
6181.53 4.32
6183.53 4.69
6185.54 2.47
6187.53 2.47
6189.52 2.68
6191.56 3.66
6193.54 2.85
6195.96 0.81
6197.52 4.07
6199.53 3.56
6201.54 3.73
6203.54 4.27
6205.54 4.6
6207.54 5.25
6209.54 5.14
6211.54 4.83
6213.52 6.22
6215.54 6.43
6217.52 6.71
6219.54 6.77
6221.54 4.65
6223.52 6.53
6225.89 0.19
6227.54 9.93
6229.52 9.44
6231.54 7.04
6233.54 7.59
6235.54 9.73
6237.52 6.84
6239.54 9.19
6241.54 8.05
6243.54 8.05
6245.54 5.06
6247.54 0.68
6249.53 8.16
6251.54 9.87
6253.54 0.05
6255.54 1.79
6257.54 9.49
6259.42 4.17
6261.54 1.3
6263.53 4.34
6265.53 9.56
6268.34 0.34
6269.43 0.54
6271.54 2.93
6273.54 4.1
6275.53 4.75
6277.54 6.1
6279.52 7.22
6281.53 6.2
6283.54 6.8
6285.53 5.64
6287.53 3.24
6289.54 5.58
6291.54 7.34
6293.54 8.16
6295.52 0.02
6297.53 6.34
6299.54 5.03
6301.54 5.43
6303.54 7.71
6305.52 8.94
6307.52 8.67
6309.53 0.28
6311.52 2.86
6313.52 8.68
6315.52 8.32
6317.54 0.07
6319.56 1.28
6321.54 5.3
6323.52 6.75
6325.53 0.66
6327.54 4.02
6329.52 4.85
6331.52 0.06
6333.54 4.45
6335.53 5.76
6337.53 5.42
6339.52 4.44
6341.54 3.93
6343.52 7.08
6345.52 0.06
6347.52 4.49
6349.52 6.53
6351.52 4.68
6353.53 4.79
6355.52 6.37
6357.53 6.86
6359.52 7.04
6361.52 5.8
6363.52 4.79
6365.52 7.77
6367.53 7.08
6369.52 8.03
6371.52 7.79
6373.52 5.52
6375.54 7.04
6377.53 6.93
6379.52 9.85
6381.52 8.94
6383.52 1.94
6385.53 0.82
6387.52 6.45
6389.52 8.42
6391.52 1.26
6393.78 7.55
6395.77 5.36
6397.78 7.06
6399.77 6.79
6401.78 7.56
6403.78 5.29
6405.78 5.67
6407.78 7.47
6409.78 6.73
6411.77 7.19
6413.78 9.09
6416.72 0.24
6417.78 7.93
6419.78 8.55
6421.78 8.55
6423.77 8.55
6425.77 4.96
6427.78 6.67
6429.78 6.89
6432.03 9.93
6433.78 9.93
6435.78 6.82
6437.99 2.94
6439.78 7.65
6441.79 9.3
6443.78 10.53
6445.77 11.31
6447.78 7.96
6449.77 9.58
6451.78 0.06
6453.95 0.64
6455.78 3.43
6457.78 0.28
6459.77 5.08
6461.77 4.11
6463.78 4.42
6466.34 0.34
6467.78 5.4
6469.77 4.74
6471.78 5.06
6473.78 3.66
6475.69 0.59
6477.8 0.55
6479.77 3.47
6481.78 3.71
6483.77 3.94
6485.78 3.89
6487.77 5.46
6489.78 4.05
6491.78 5.56
6493.78 6.39
6495.77 5.77
6497.78 4.47
6499.78 6.54
6501.79 2.14
6503.78 5.39
6505.78 5.04
6507.79 4.08
6509.78 3.92
6511.78 2.58
6513.77 6.19
6515.78 5.61
6517.78 3.85
6519.78 6.95
6521.78 6.03
6523.78 4.44
6525.77 6.88
6527.78 7.18
6529.78 8.76
6531.78 9.06
6533.78 0.24
6535.77 6.99
6537.78 5.82
6539.78 9.26
6541.78 9.26
6543.78 8.86
6545.77 7.88
6547.77 7.88
6549.77 5.55
6551.77 8.23
6553.78 4.35
6555.78 6.03
6557.78 4.33
6559.78 7.16
6561.78 10.47
6563.78 8.05
6565.78 8.81
6567.78 10.22
6569.78 9.35
6571.99 3.74
6573.78 10.92
6575.78 9.57
6577.77 9.69
6579.78 12.1
6581.86 1.77
6583.78 6.2
6585.78 12.71
6587.78 12.86
6589.77 6.64
6591.78 9.28
6593.78 11.14
6595.78 5.88
6597.78 6.64
6599.78 10.5
6601.77 11.34
6603.77 4.89
6605.78 5.07
6607.78 10.58
6609.78 0.07
6611.78 8.7
6613.76 2.69
6615.78 10.66
6617.78 1.3
6619.78 1.92
6621.78 10.0
6623.78 10.0
6625.78 10.0
6627.78 10.0
6629.77 7.61
6631.78 10.57
6633.79 10.57
6635.78 0.03
6637.78 11.84
6639.78 5.12
6642.02 7.14
6644.02 0.49
6646.02 3.15
6648.23 2.57
6650.02 6.2
6652.02 7.01
6654.02 7.3
6656.02 5.1
6658.02 8.51
6660.02 9.26
6661.92 2.13
6664.02 8.7
6666.02 0.83
6668.02 8.61
6670.02 0.74
6672.02 8.53
6674.02 8.97
6676.02 5.74
6678.02 5.74
6680.02 3.89
6682.02 7.91
6684.02 10.71
6686.02 8.84
6688.02 6.96
6690.02 4.97
6692.02 9.37
6694.02 9.42
6696.38 0.8
6698.02 1.54
6700.03 3.86
6702.02 4.73
6704.02 4.96
6706.03 3.55
6708.03 4.59
6710.02 5.87
6712.02 5.85
6714.02 7.11
6716.02 7.6
6718.03 7.55
6720.11 5.95
6722.02 5.61
6724.02 8.33
6726.0 0.86
6728.02 6.3
6730.02 7.5
6732.03 8.05
6734.02 3.18
6736.02 7.96
6738.02 6.38
6740.02 0.25
6742.46 4.17
6744.02 5.04
6746.03 4.96
6748.02 5.77
6750.03 6.04
6752.02 6.57
6754.02 7.57
6756.02 8.92
6758.03 8.33
6760.02 8.86
6762.02 8.76
6764.03 7.2
6765.98 1.29
6768.02 9.17
6770.02 7.23
6772.22 4.52
6774.02 7.82
6776.03 6.27
6777.98 0.35
6780.02 6.42
6782.02 6.93
6784.03 7.5
6786.02 8.0
6788.03 5.35
6790.02 7.84
6792.02 2.36
6794.02 1.26
6796.02 8.15
6798.02 7.92
6800.29 5.0
6802.38 0.83
6804.3 0.35
6806.41 3.73
6808.02 5.31
6810.03 5.76
6812.27 5.82
6814.78 4.74
6816.86 4.59
6818.44 3.17
6821.78 1.24
6824.21 6.18
6825.85 5.28
6827.59 1.07
6828.16 4.81
6830.02 8.64
6832.02 5.76
6834.02 8.77
6836.02 8.48
6837.99 3.15
6840.02 6.34
6842.02 9.78
6844.02 8.53
6846.76 0.79
6848.02 9.98
6850.02 8.05
6852.02 6.38
6854.02 7.12
6856.02 8.11
6858.02 6.95
6860.02 8.3
6862.02 10.24
6864.02 8.76
6866.03 7.83
6868.03 8.77
6870.02 6.98
6872.02 6.6
6874.02 7.87
6876.02 7.41
6878.03 4.96
6880.03 8.93
6882.02 7.18
6884.02 5.97
6886.02 1.38
6888.03 6.97
6890.02 9.08
6892.7 2.72
6894.27 8.22
6896.27 8.73
6898.27 6.96
6900.27 9.21
6902.27 8.55
6904.28 6.94
6906.19 5.98
6908.27 7.0
6910.27 8.41
6912.28 7.67
6914.27 6.81
6916.28 5.66
6918.27 6.67
6920.27 7.85
6922.12 6.55
6924.35 6.67
6926.14 4.78
6928.24 5.62
6930.39 5.98
6933.51 2.57
6934.83 6.27
6936.55 7.35
6938.27 4.71
6940.12 8.55
6942.28 6.78
6944.27 7.72
6946.28 8.84
6948.27 11.12
6950.27 11.29
6952.27 10.29
6954.28 8.48
6956.27 9.63
6958.27 10.19
6960.28 10.85
6962.27 9.65
6964.27 9.02
6966.28 0.23
6968.27 9.18
6970.27 9.02
6972.12 7.58
6974.27 8.12
6976.27 8.04
6978.27 6.42
6980.28 8.58
6982.27 8.07
6984.27 9.04
6986.27 2.95
6988.28 7.69
6990.26 11.97
6992.28 11.11
6994.35 0.91
6996.28 3.03
6998.27 10.51
7000.27 6.44
7002.23 0.05
7004.27 6.73
7006.27 9.84
7008.29 7.68
7010.27 2.62
7012.24 2.14
7014.27 6.52
7016.27 8.48
7018.65 2.09
7020.27 9.12
7022.27 9.2
7024.26 9.67
7026.27 5.12
7028.27 6.73
7030.27 7.67
7032.27 10.0
7034.28 7.51
7036.27 2.31
7038.28 7.31
7041.4 4.54
7042.61 6.61
7044.28 7.3
7046.36 4.35
7048.27 6.22
7050.27 7.4
7052.28 8.54
7054.27 5.3
7056.44 0.83
7058.27 6.05
7060.27 6.92
7062.27 5.54
7064.27 7.35
7067.18 3.11
7068.27 5.82
7070.27 6.22
7072.27 6.8
7074.27 5.61
7076.27 6.78
7078.28 7.16
7080.27 7.18
7082.27 8.13
7084.26 1.03
7086.27 7.22
7088.3 7.81
7090.27 8.13
7092.27 9.38
7094.27 6.6
7096.27 5.99
7098.27 8.29
7100.27 8.64
7102.28 8.59
7104.27 7.76
7106.27 10.9
7108.27 5.25
7110.27 1.57
7112.27 5.35
7114.27 4.74
7116.28 5.04
7118.28 5.83
7120.27 3.64
7122.26 2.51
7124.27 5.81
7126.28 0.61
7128.27 4.34
7130.46 9.41
7132.28 6.42
7134.27 9.33
7136.26 9.07
7138.27 6.2
7140.27 8.23
7142.27 8.47
7144.52 6.04
7146.51 4.5
7148.52 7.63
7150.52 3.8
7152.53 3.8
7154.52 3.8
7156.52 4.84
7158.52 6.49
7160.52 3.92
7162.52 6.75
7164.51 4.4
7166.51 2.95
7168.52 2.95
7170.52 1.54
7172.51 1.15
7174.51 3.68
7176.52 3.89
7178.4 3.66
7180.32 2.83
7182.52 4.23
7184.63 3.12
7186.52 5.7
7188.51 5.44
7190.52 6.29
7192.53 6.51
7194.52 1.42
7196.51 5.73
7198.51 5.67
7200.51 0.75
7202.51 6.86
7204.53 7.89
7206.51 7.97
7208.51 7.38
7210.51 4.55
7212.52 5.08
7214.51 5.83
7216.52 0.06
7218.51 3.53
7220.51 3.37
7222.53 4.2
7224.51 4.51
7226.51 5.54
7228.51 5.54
7230.51 5.0
7232.51 5.21
7234.52 5.76
7236.51 5.28
7238.96 1.61
7240.51 3.3
7242.52 3.38
7244.51 3.8
7246.51 3.9
7248.51 2.87
7250.53 2.98
7252.52 4.14
7254.51 5.33
7256.51 6.02
7258.51 6.78
7260.51 3.13
7262.52 3.65
7264.52 6.61
7266.52 6.61
7268.51 6.61
7270.51 6.61
7272.52 6.61
7274.51 5.38
7277.28 6.1
7279.27 6.49
7280.51 8.67
7282.51 8.48
7284.52 8.19
7286.51 5.78
7288.52 6.3
7290.5 9.25
7292.51 5.01
7294.51 0.09
7296.51 7.58
7298.52 0.02
7300.51 5.24
7302.51 7.39
7304.51 8.06
7306.52 0.06
7308.51 8.2
7310.51 8.69
7312.52 10.16
7314.51 6.46
7316.51 9.06
7318.53 10.12
7320.53 11.72
7322.51 9.31
7324.52 9.31
7326.51 9.27
7328.51 6.76
7330.51 8.27
7332.51 7.95
7334.51 7.95
7336.51 10.07
7338.51 5.37
7340.51 5.37
7342.51 7.57
7344.51 6.23
7346.52 7.98
7348.51 5.86
7350.53 8.78
7352.52 5.79
7354.51 5.38
7356.51 9.43
7358.52 7.78
7360.52 10.28
7362.51 8.88
7364.51 9.53
7366.52 10.03
7368.51 8.54
7370.51 6.96
7372.51 8.65
7374.51 0.07
7376.54 7.43
7378.51 11.97
7380.51 6.68
7382.51 6.73
7384.52 7.36
7386.52 12.27
7388.51 10.78
7390.51 7.32
7392.76 9.38
7394.76 8.89
7396.76 8.89
7400.06 1.35
7400.86 2.01
7402.76 4.03
7404.76 5.3
7406.76 6.63
7408.76 6.05
7410.54 7.27
7412.76 6.2
7414.76 6.01
7416.77 8.01
7418.77 8.9
7420.76 6.56
7422.76 9.39
7424.76 9.65
7426.78 8.48
7428.76 8.96
7430.78 6.99
7432.76 6.91
7434.76 5.59
7436.77 5.59
7438.77 5.51
7440.77 10.41
7442.76 5.92
7444.76 5.92
7446.76 8.64
7448.76 7.05
7450.76 9.28
7452.76 2.03
7454.76 0.04
7456.76 4.8
7458.76 4.39
7460.76 4.33
7462.76 4.54
7464.78 5.5
7466.63 3.99
7468.76 6.13
7470.77 6.16
7472.76 7.48
7474.77 7.24
7476.76 8.91
7478.77 8.78
7480.76 8.78
7482.76 10.04
7484.76 11.22
7486.76 5.45
7488.76 5.23
7490.76 5.49
7493.02 4.74
7494.76 5.46
7496.76 6.41
7498.76 5.12
7500.77 4.67
7502.76 4.74
7504.76 5.62
7506.76 6.24
7508.78 6.89
7510.76 7.08
7512.76 4.47
7514.76 6.49
7516.76 8.65
7518.76 6.69
7520.77 5.22
7522.76 6.37
7524.76 9.11
7526.76 9.36
7528.76 6.38
7530.76 5.77
7532.76 6.59
7534.76 9.13
7536.77 4.78
7538.76 9.05
7540.78 6.58
7542.76 6.9
7544.76 8.81
7546.76 6.25
7548.75 6.73
7550.77 5.03
7552.76 7.45
7554.76 6.5
7556.76 8.46
7558.76 6.73
7560.76 8.93
7562.77 7.49
7564.77 8.35
7566.77 10.06
7568.77 0.03
7570.76 5.71
7572.76 9.1
7574.76 0.37
7576.76 4.7
7578.76 2.14
7580.76 4.96
7582.76 4.96
7584.76 6.07
7586.76 6.34
7588.76 7.92
7590.76 8.78
7592.76 5.18
7594.85 6.91
7596.76 5.13
7598.77 7.19
7600.76 7.16
7602.76 2.46
7604.78 10.01
7606.76 5.1
7608.76 5.16
7610.76 6.87
7612.77 7.11
7614.76 5.48
7616.76 8.76
7618.76 5.75
7620.76 7.63
7622.76 9.54
7624.77 8.82
7626.77 6.99
7628.76 10.21
7630.76 11.72
7632.76 11.62
7634.76 1.35
7636.77 13.86
7638.76 11.59
7640.76 1.62
7642.76 0.16
7645.02 7.51
7647.02 2.06
7649.02 7.2
7651.02 6.21
7653.02 7.24
7655.02 6.99
7657.02 6.17
7659.02 0.81
7661.02 6.92
7663.02 7.85
7665.01 6.31
7667.02 1.06
7669.02 7.86
7671.02 6.91
7672.84 0.75
7675.02 9.61
7677.02 9.73
7678.92 2.39
7681.02 0.01
7683.02 1.78
7685.02 6.01
7687.02 7.43
7689.01 8.07
7691.02 8.63
7693.02 6.76
7695.02 10.44
7697.02 9.37
7699.02 0.06
7701.02 9.53
7703.02 3.51
7705.02 10.33
7707.02 5.69
7709.02 0.06
7711.02 8.32
7713.0 1.72
7715.02 1.0
7717.01 8.49
7719.02 1.82
7721.02 8.22
7723.02 4.73
7725.02 5.48
7727.02 4.9
7729.02 7.75
7731.02 5.45
7733.02 7.56
7735.02 1.25
7737.0 5.4
7739.02 7.27
7741.02 8.02
7743.01 0.07
7745.02 5.72
7747.22 7.8
7749.02 9.54
7751.02 8.52
7753.02 9.51
7755.02 0.04
7757.1 0.78
7759.01 6.07
7762.55 2.21
7763.14 6.69
7765.01 5.77
7767.02 7.36
7769.02 8.41
7771.02 1.87
7773.02 0.03
7775.22 2.4
7777.01 0.33
7779.02 3.65
7781.02 4.71
7783.02 4.28
7785.02 5.03
7787.02 6.25
7789.02 6.28
7791.19 4.57
7793.02 4.27
7795.02 5.88
7797.02 7.23
7799.01 1.16
7801.02 0.07
7803.02 0.11
7805.02 3.12
7807.02 3.73
7809.02 4.0
7811.02 6.15
7813.02 5.32
7815.02 3.46
7817.02 1.47
7819.02 6.08
7821.02 7.18
7823.02 6.37
7825.02 6.06
7827.02 7.71
7829.02 2.27
7831.02 8.77
7833.02 7.2
7835.02 10.2
7837.0 10.7
