0.0 0.49
14.77 0.57
15.46 0.54
16.22 0.52
16.76 0.44
18.06 0.56
21.02 0.44
23.22 0.38
24.33 0.41
26.45 0.55
28.56 0.38
30.41 0.44
33.85 0.64
37.74 0.35
39.21 0.54
42.02 0.51
44.81 0.55
48.69 0.26
50.96 0.54
51.51 0.54
52.69 0.54
53.73 0.54
55.23 0.63
55.85 1.04
56.73 0.82
58.23 0.54
61.32 0.47
62.51 0.38
64.51 0.55
66.23 0.26
68.71 0.54
71.53 0.36
73.81 0.61
75.77 0.55
76.31 0.43
78.04 0.41
80.08 0.11
81.88 0.55
86.21 0.53
87.95 0.62
90.05 0.43
92.13 0.36
93.15 0.58
98.83 0.4
104.07 0.57
107.83 0.49
108.52 0.18
109.41 0.33
110.4 0.3
111.61 0.59
113.13 0.48
114.04 0.53
115.68 0.45
119.81 0.3
121.35 0.57
124.6 0.4
130.89 0.43
131.79 0.17
132.8 0.43
135.01 0.49
137.57 0.35
139.61 0.61
140.67 0.46
141.71 0.24
144.39 0.51
149.25 0.56
150.69 0.6
153.55 0.41
156.17 0.54
157.69 0.85
159.79 0.6
162.31 0.56
165.11 0.44
166.69 0.42
170.19 0.4
171.69 0.44
173.66 0.62
174.87 0.59
176.05 0.59
178.71 0.1
180.44 0.48
183.03 0.64
185.17 0.65
187.89 0.41
190.13 0.44
192.73 0.36
195.1 0.44
197.31 0.57
199.93 0.12
202.26 0.55
