0.0 29.91
0.52 38.46
1.26 15.59
1.8 0.32
3.19 38.0
5.18 48.04
7.19 40.78
9.19 26.62
11.19 52.38
13.19 2.41
15.19 38.27
17.19 33.63
19.19 37.71
21.19 38.11
23.19 40.07
25.0 39.2
27.19 39.31
29.19 35.05
31.19 11.12
33.19 26.93
35.19 15.04
37.19 3.95
39.19 37.87
41.19 38.14
43.19 37.63
45.19 42.56
47.19 9.66
49.09 30.05
51.23 0.53
53.19 0.4
55.19 35.76
57.19 38.23
59.19 37.68
61.19 36.86
78.87 37.96
79.5 0.14
81.5 0.17
83.5 11.64
85.5 7.51
87.5 0.13
89.5 42.8
91.5 39.79
93.5 40.33
95.5 36.76
97.5 12.79
99.5 20.14
101.5 19.17
103.5 14.49
105.5 22.35
107.5 46.84
109.5 21.79
111.5 13.21
113.5 37.51
115.5 10.68
117.54 22.27
119.5 13.86
121.5 30.11
123.5 20.92
125.5 21.49
127.5 23.35
129.5 20.96
131.5 11.95
133.5 4.97
135.5 24.2
137.5 24.2
139.51 16.17
141.5 50.62
143.5 23.29
145.5 38.05
147.5 38.05
149.5 39.83
151.5 31.19
153.5 45.4
155.5 13.05
157.5 39.39
159.51 36.58
161.5 49.0
163.5 47.96
165.5 47.96
167.5 26.8
169.5 47.19
171.5 22.2
173.5 1.33
175.5 31.57
177.5 34.3
179.5 34.29
181.5 37.93
183.5 32.53
185.5 11.83
187.5 0.58
189.56 11.62
191.5 46.16
193.5 42.98
195.5 54.15
197.5 53.69
199.5 42.28
201.51 54.54
203.5 52.16
205.5 46.62
207.5 21.66
209.5 24.34
211.5 13.1
213.5 11.84
215.5 10.73
217.5 10.74
219.5 43.08
221.5 38.1
223.5 11.74
225.5 44.74
227.5 39.23
229.5 12.85
231.5 24.3
233.5 29.44
235.5 13.48
237.5 24.23
239.5 14.74
241.5 39.54
243.5 15.5
245.5 37.73
247.51 47.23
249.5 2.36
251.5 33.04
253.5 40.13
255.51 36.58
257.5 40.28
259.5 35.57
261.5 50.28
263.5 49.09
265.5 17.81
267.5 3.64
269.5 5.65
271.5 45.02
273.5 42.16
275.5 38.02
277.5 21.29
279.75 47.33
281.75 44.9
283.75 15.3
285.75 14.25
287.75 24.51
289.75 44.82
291.75 18.21
293.75 22.91
295.75 33.94
297.75 47.11
299.75 22.92
301.75 51.0
303.75 18.24
305.75 24.07
307.75 49.52
309.75 35.42
311.75 37.93
313.76 11.44
315.75 32.11
317.75 40.53
319.75 44.52
321.75 8.13
323.75 39.37
325.75 41.7
327.75 41.7
344.7 50.25
345.58 2.08
346.44 37.53
348.44 36.55
350.44 25.5
352.44 23.69
354.44 15.41
356.44 10.96
358.44 10.9
360.44 30.31
362.44 24.57
364.44 37.78
366.44 32.38
368.44 37.78
370.44 33.88
372.44 37.78
374.44 37.5
376.44 36.34
378.44 35.18
380.44 37.51
382.44 33.24
384.44 35.84
386.44 37.58
388.44 38.65
390.44 33.59
392.44 44.22
394.44 44.22
396.44 54.94
398.44 28.51
400.44 43.63
402.44 50.52
404.44 27.04
406.44 52.05
408.44 23.73
410.44 39.43
412.44 12.5
414.44 19.97
416.44 51.68
418.44 51.68
420.44 51.68
422.44 33.06
424.44 45.74
426.44 0.13
428.44 11.31
430.44 10.43
432.44 11.51
434.44 37.08
436.44 38.52
438.44 36.39
440.44 13.77
442.44 55.99
444.44 57.54
446.44 50.68
448.44 54.58
450.44 52.55
452.44 59.46
454.44 56.52
456.44 58.8
458.44 51.05
460.44 51.05
462.44 56.65
464.44 57.39
466.44 53.14
468.44 53.14
470.44 56.02
472.44 37.03
474.44 13.11
476.44 15.12
478.44 25.48
480.44 23.37
482.44 46.26
484.44 55.87
486.44 7.81
488.44 3.66
490.44 44.63
492.44 10.45
494.44 10.69
496.44 9.89
498.44 24.22
500.44 0.28
502.44 17.5
504.44 27.39
506.44 26.74
508.44 29.08
510.44 29.17
512.44 28.88
514.44 18.98
516.44 25.54
518.44 32.22
520.44 35.61
522.44 41.66
524.44 43.34
526.69 43.87
528.69 44.18
530.69 33.52
532.69 10.6
534.69 10.66
536.69 0.21
538.69 25.1
540.69 37.38
542.5 37.6
544.69 36.95
546.69 41.97
548.69 44.5
550.69 44.52
552.69 24.53
554.69 17.99
556.69 33.89
558.69 36.98
560.69 36.98
562.69 42.51
564.69 10.23
566.5 40.91
568.69 26.11
570.69 38.55
572.69 0.29
574.69 37.22
576.69 19.82
578.69 16.8
580.69 11.05
582.69 37.31
584.69 41.66
586.69 11.59
588.69 22.63
590.69 25.42
592.69 14.51
610.61 25.0
611.16 10.61
612.26 13.84
614.26 53.58
616.26 40.07
618.26 56.43
620.26 25.21
622.26 43.95
624.27 43.95
626.27 9.73
628.27 0.2
630.26 37.98
632.27 37.73
634.26 37.75
636.26 36.75
638.27 37.73
640.26 42.79
642.27 43.54
644.27 37.16
646.27 10.33
648.27 28.89
650.27 22.81
652.27 28.7
654.27 11.99
656.27 21.85
658.27 37.59
660.26 39.31
662.27 52.28
664.27 48.76
666.26 39.15
668.26 39.15
670.26 42.08
672.27 45.12
674.27 8.48
676.27 28.61
678.27 39.51
680.27 28.72
682.27 57.06
684.27 0.21
686.27 11.76
688.27 10.84
690.27 0.37
692.27 13.73
694.27 23.24
696.27 12.73
698.27 25.96
700.27 37.71
702.26 37.71
704.26 38.21
706.27 37.97
708.27 35.86
710.27 12.06
712.27 38.95
714.27 40.43
716.27 36.97
718.27 5.99
720.26 37.86
722.27 37.82
724.27 37.02
726.27 37.81
728.27 34.03
730.52 25.15
732.52 31.24
734.52 32.12
736.52 38.07
738.52 44.19
740.52 45.82
742.52 43.31
744.52 40.0
746.52 38.1
748.32 12.98
750.52 16.07
752.52 10.0
754.52 27.96
756.52 48.44
758.52 44.45
760.52 48.73
762.52 56.71
764.52 47.13
766.52 56.09
768.52 56.09
770.52 56.09
772.32 56.09
774.52 56.09
776.52 20.04
779.21 39.39
780.52 30.39
782.52 12.92
784.52 26.75
786.52 19.12
788.52 33.53
790.52 34.29
792.52 35.07
794.52 35.65
796.52 34.69
798.52 37.21
800.52 37.58
802.52 37.58
804.52 37.58
806.52 37.58
808.51 34.89
810.52 36.05
812.52 43.39
814.52 40.42
816.52 22.18
818.52 22.51
820.52 22.51
822.52 22.51
824.52 47.58
826.52 44.81
828.52 15.22
830.52 57.1
832.52 45.63
834.52 50.41
836.52 56.52
838.52 56.52
840.52 56.52
842.52 56.52
844.52 56.52
846.52 56.52
848.52 56.52
850.52 37.88
852.52 26.19
854.52 37.64
856.52 26.31
858.52 37.61
876.45 35.68
877.51 14.39
879.35 30.13
881.35 26.14
883.35 48.71
885.35 50.54
887.35 48.16
889.35 12.69
891.35 22.18
893.35 38.18
895.35 29.46
897.36 38.57
899.35 42.7
901.35 38.92
903.35 15.26
905.35 21.36
907.36 0.55
909.35 25.87
911.35 53.32
913.36 26.27
915.35 9.89
917.35 37.85
919.35 37.52
921.35 37.63
923.35 37.85
925.35 38.13
927.35 38.39
929.36 38.13
931.35 36.83
933.36 38.65
935.35 35.53
937.35 47.46
939.35 47.46
941.35 39.93
943.35 39.62
945.35 13.38
947.35 0.25
949.36 38.98
951.35 38.11
953.35 48.8
955.35 48.8
957.35 45.35
959.35 16.23
961.36 25.54
963.35 51.46
965.35 51.46
967.35 51.46
969.35 21.89
971.35 3.8
973.35 10.66
975.35 37.49
977.36 35.56
979.36 47.53
981.6 26.05
983.6 19.49
985.6 10.97
987.6 10.91
989.6 39.76
991.6 24.5
993.61 11.3
995.6 22.7
997.6 11.21
999.6 15.95
1001.6 39.68
1003.6 10.02
1005.6 37.89
1007.6 17.7
1009.6 35.24
1011.61 40.49
1013.6 57.29
1015.61 58.4
1017.6 58.4
1019.6 58.4
1021.6 58.4
1023.6 58.4
1025.6 58.4
1027.61 58.4
1029.6 58.4
1031.6 58.4
1033.6 58.4
1035.6 51.42
1037.61 42.17
1039.6 47.39
1041.61 54.22
1043.6 49.01
1045.61 53.57
1047.61 46.72
1049.61 19.71
1051.6 23.79
1053.61 8.42
1055.61 36.81
1057.61 32.41
1059.6 56.46
1061.61 25.25
1063.61 10.71
1065.61 6.32
1067.61 31.66
1069.6 26.43
1071.61 33.73
1073.61 38.16
1075.61 14.86
1077.61 37.63
1079.61 37.29
1081.61 28.77
1083.61 37.88
1085.61 40.67
1087.61 37.96
1089.61 46.1
1091.61 41.27
1093.61 41.27
1095.61 41.27
1097.61 49.68
1099.61 21.36
1101.61 0.15
1103.61 39.63
1105.61 49.67
1107.61 14.81
1109.61 38.33
1111.61 10.32
1113.61 0.56
1115.61 0.2
1117.6 28.6
1119.61 23.56
1121.61 11.62
1123.61 11.69
1125.61 23.67
1138.53 23.67
1140.33 24.04
1142.33 38.77
1144.33 34.88
1146.33 51.62
1148.33 51.62
1150.33 51.62
1152.33 37.61
1154.33 10.94
1156.33 6.07
1158.33 37.64
1160.33 36.76
1162.33 37.69
1164.33 19.31
1166.33 16.66
1168.33 15.38
1170.33 35.11
1172.33 37.7
1174.33 43.65
1176.33 43.93
1178.33 43.5
1180.33 43.5
1182.33 51.76
1184.33 58.64
1186.33 47.03
1188.33 52.63
1190.33 52.5
1192.33 50.61
1194.33 49.43
1196.33 55.25
1198.33 31.22
1200.33 55.63
1202.33 47.59
1204.33 0.16
