0.0 0.21
4.23 1.45
4.82 2.6
5.43 2.58
6.49 2.72
7.98 2.51
10.3 2.48
11.49 2.59
13.62 2.68
17.03 2.67
18.26 2.64
18.78 2.64
19.76 2.58
21.44 2.31
22.94 2.62
23.93 2.22
25.24 2.51
26.68 2.59
27.99 2.58
29.48 2.58
31.91 2.55
34.05 2.55
35.74 2.63
37.73 2.56
39.94 2.62
41.99 2.46
44.7 2.6
47.91 2.47
50.72 2.47
52.74 2.65
54.1 2.66
56.67 1.3
58.83 2.78
60.99 2.69
63.35 2.6
65.28 1.07
66.81 2.59
70.17 2.14
71.5 2.59
73.51 2.6
75.48 0.25
77.47 2.5
79.74 2.05
81.74 2.3
83.75 2.53
86.35 2.71
88.84 2.61
90.49 2.51
94.08 2.63
99.94 2.38
101.75 2.66
103.42 2.65
105.26 2.62
106.65 1.55
112.19 2.16
116.59 2.44
117.82 2.45
119.83 2.64
121.54 2.61
123.03 2.45
124.89 2.64
126.84 2.57
130.43 1.1
132.87 2.59
135.19 2.63
136.83 1.86
139.92 0.26
142.41 2.58
144.38 2.52
146.05 2.43
147.34 2.61
149.26 2.51
152.62 2.59
154.2 2.48
156.17 2.78
159.31 0.73
162.21 2.54
163.46 2.62
164.42 1.26
165.42 2.58
166.62 2.54
168.15 0.73
169.37 2.54
173.51 2.66
176.45 2.63
178.62 0.48
180.21 2.49
182.92 1.91
185.66 2.64
188.07 2.63
190.22 2.63
192.83 2.62
195.28 2.08
197.24 2.67
199.14 2.44
200.89 2.57
202.86 2.63
204.27 2.55
207.07 2.66
208.72 2.35
209.84 2.36
213.2 2.64
215.46 2.52
216.63 2.61
217.78 2.48
220.16 2.59
221.87 2.57
223.77 2.56
226.54 2.48
228.34 2.56
229.96 2.49
232.94 2.56
234.25 2.26
236.92 2.62
238.47 0.63
240.46 2.6
242.11 1.3
242.99 2.6
243.82 2.62
245.63 2.47
249.75 1.79
252.57 0.95
253.76 2.55
256.09 0.79
258.57 2.52
260.13 2.52
261.57 2.53
262.26 2.63
263.07 2.56
267.07 2.64
269.31 2.14
270.53 2.64
271.29 2.58
272.78 2.64
273.71 2.41
277.4 2.61
279.41 2.41
281.82 2.61
286.12 0.31
289.03 2.63
290.44 2.58
293.6 2.55
296.96 1.0
298.26 2.42
299.58 2.44
300.44 2.65
302.33 2.35
303.59 2.62
306.39 2.46
308.56 2.35
309.37 2.61
310.05 2.58
312.6 2.67
314.71 2.4
316.28 0.24
321.96 2.65
326.61 2.59
328.29 2.44
330.74 2.62
333.46 2.53
337.22 2.61
338.99 1.63
339.94 2.63
340.94 1.03
343.08 2.6
344.81 2.19
346.56 2.62
347.27 2.61
349.77 0.76
351.55 2.63
353.78 2.49
356.72 2.22
358.75 2.39
361.57 0.94
365.13 0.91
367.79 2.61
369.62 1.93
371.6 0.42
374.22 0.81
375.34 2.6
377.52 0.96
378.76 2.6
380.52 2.38
382.33 2.38
383.68 2.48
385.44 2.58
387.76 2.64
389.06 0.36
389.83 2.57
390.88 2.6
392.79 2.56
394.58 2.54
396.13 2.58
398.58 2.63
401.46 2.48
404.81 2.46
407.3 2.65
409.81 2.61
411.05 2.55
412.58 2.62
414.52 2.62
416.76 2.55
418.85 2.39
421.5 2.59
423.52 2.37
425.82 2.65
429.06 1.93
431.84 2.52
433.72 2.71
436.41 1.56
438.36 2.65
439.79 2.66
442.14 2.66
443.68 2.57
444.91 2.15
446.33 2.31
447.06 2.37
448.04 2.65
451.16 1.92
455.58 2.38
458.42 2.62
460.74 1.24
463.78 0.86
465.74 2.58
466.99 2.47
470.14 2.69
472.13 2.47
474.09 2.76
476.36 2.46
477.26 2.6
478.26 2.62
479.26 2.49
480.74 2.55
481.45 2.46
482.76 2.58
483.67 2.45
484.63 2.49
486.52 2.55
487.62 2.24
488.19 2.69
490.01 2.56
492.26 2.61
494.54 2.35
496.44 2.49
498.47 2.43
500.92 2.55
503.66 2.18
505.65 2.64
508.71 2.65
510.03 0.08
513.14 2.04
516.14 2.48
519.56 2.62
521.95 2.6
522.99 0.2
524.7 2.51
526.46 2.58
529.5 0.68
531.97 2.63
534.56 1.76
536.88 2.65
538.51 0.63
539.76 2.49
541.56 2.65
542.77 2.46
544.25 2.63
546.78 1.52
549.12 2.4
552.98 2.63
555.55 0.15
557.09 2.63
563.04 2.63
566.15 1.56
568.25 2.6
570.63 2.65
572.75 2.62
574.87 2.37
576.47 1.44
578.13 2.53
580.44 1.84
583.29 2.65
585.76 1.29
587.85 2.68
589.75 2.56
590.95 2.58
592.5 0.82
594.94 1.41
596.13 2.64
598.75 2.64
602.05 2.63
605.37 2.69
608.13 1.86
610.92 0.64
612.31 2.58
613.86 2.56
614.84 0.17
616.34 2.66
617.84 2.47
619.68 2.29
622.41 2.6
626.31 0.27
628.77 2.6
631.11 2.62
632.43 2.65
634.0 2.6
636.61 2.34
638.85 0.88
640.27 2.66
642.77 2.57
645.52 2.62
647.95 2.62
649.84 2.44
650.52 2.47
651.46 2.58
652.38 2.32
652.92 2.59
654.58 2.55
655.62 2.6
656.55 0.58
657.19 2.65
657.77 2.67
659.01 2.53
661.01 2.61
663.0 2.45
665.04 2.56
667.78 2.35
675.92 2.49
678.42 2.59
680.2 2.42
681.76 2.26
682.56 2.54
683.41 2.62
685.15 2.6
686.73 2.35
690.76 2.63
692.85 1.6
696.94 2.54
698.66 2.42
699.8 2.61
701.58 2.61
703.42 2.66
706.93 1.39
709.06 2.64
711.27 2.38
712.99 2.59
715.5 0.28
717.49 2.39
719.74 2.64
722.06 2.64
723.5 1.79
725.65 2.47
727.86 2.66
729.84 2.32
732.0 2.43
733.35 2.56
735.29 2.41
737.9 1.14
739.58 2.54
740.63 2.56
742.9 2.66
744.87 0.4
746.7 2.44
747.48 2.64
749.03 2.63
750.81 2.22
752.46 2.39
754.09 2.63
756.37 0.27
759.68 2.65
762.62 2.58
764.5 2.56
765.56 2.59
768.42 2.64
772.3 2.6
775.44 2.2
777.42 2.58
779.05 2.45
780.83 2.07
782.4 2.59
785.29 2.54
793.16 2.58
795.07 1.61
796.37 2.37
798.69 2.66
800.41 2.58
