0.0 90.91
0.72 99.93
2.71 98.93
4.72 110.98
6.72 110.98
8.72 110.98
10.72 110.98
12.71 110.98
14.71 110.98
16.72 117.46
18.72 11.68
20.72 137.05
22.73 10.58
24.71 91.7
26.72 150.77
28.73 10.24
30.71 47.09
32.72 9.33
34.72 81.14
36.72 151.53
38.72 153.87
40.72 176.55
42.72 183.14
44.71 178.88
46.72 7.64
48.71 202.52
50.72 190.52
52.72 12.27
54.72 248.92
56.72 3.93
58.74 212.1
60.72 204.2
62.72 151.59
64.72 87.38
66.71 11.96
68.73 83.55
70.71 90.35
72.72 113.6
74.72 140.62
76.71 152.24
78.72 176.32
80.71 8.24
82.72 178.34
84.71 223.37
86.72 209.7
88.73 227.43
90.72 236.26
92.72 214.29
94.73 3.38
96.72 270.83
98.73 299.58
100.73 5.41
102.72 298.27
104.72 0.22
106.73 301.56
108.73 323.2
110.72 252.72
112.72 323.62
114.72 5.99
116.72 335.48
118.72 8.54
120.71 252.46
122.72 302.26
124.72 10.56
126.71 304.06
128.72 10.83
130.72 85.08
132.73 287.37
134.72 329.24
136.72 299.7
138.71 1.14
140.72 344.79
142.97 0.28
144.96 338.88
146.72 329.05
148.97 6.9
150.97 267.59
152.97 4.56
154.97 334.63
156.8 7.86
158.96 296.82
160.97 185.11
162.97 4.77
164.96 174.0
166.97 11.1
168.97 176.01
170.96 57.03
172.97 201.35
174.97 241.26
176.96 11.23
178.97 292.79
180.8 5.33
182.97 302.05
184.97 229.12
186.97 9.4
188.97 300.79
190.96 4.84
192.97 324.73
194.97 267.74
196.97 325.45
198.97 299.79
200.97 7.69
202.97 304.48
204.8 0.28
206.98 316.41
208.96 319.06
210.96 0.26
212.97 322.01
214.97 4.84
216.97 329.96
218.97 329.67
220.96 327.13
222.96 352.51
224.96 4.31
226.97 297.83
228.83 2.06
230.96 308.3
232.96 341.56
234.97 0.16
236.97 364.01
238.96 8.37
240.97 359.39
242.96 374.07
244.97 7.97
246.97 372.47
248.98 3.94
250.96 346.08
252.97 3.42
254.96 219.81
256.97 165.24
258.97 11.38
260.97 180.91
262.96 2.31
264.97 203.71
266.97 217.83
268.97 244.95
270.96 273.11
272.97 11.42
274.97 260.28
276.97 5.98
278.97 270.71
280.96 276.5
282.97 5.76
284.96 333.76
286.97 9.18
288.99 343.41
290.96 26.77
292.97 334.35
294.96 337.5
296.97 11.38
298.96 354.32
300.97 0.28
302.96 356.06
304.97 326.58
306.96 3.93
308.97 297.26
310.96 9.97
312.97 342.98
314.97 315.08
316.96 340.65
318.97 294.23
320.97 4.18
322.96 278.98
324.97 8.93
326.96 284.01
328.96 323.43
330.96 8.44
332.97 347.32
334.96 288.83
336.97 328.87
338.97 301.57
340.97 310.42
342.97 312.15
344.96 11.11
346.96 288.52
348.96 9.43
350.97 42.99
352.96 326.82
354.97 8.94
356.96 303.47
358.98 11.19
360.96 190.16
362.97 292.45
364.97 332.04
366.96 318.21
368.97 10.52
370.96 222.6
372.97 11.96
374.96 307.19
376.97 310.43
378.97 11.39
380.96 204.63
382.96 9.69
384.97 348.26
386.96 308.15
389.24 314.73
390.96 243.19
392.97 5.05
394.97 325.07
396.97 2.28
399.21 326.27
401.21 268.33
403.21 11.07
405.22 312.69
407.21 10.04
409.22 294.26
411.22 205.91
413.21 281.89
415.22 229.23
417.21 0.28
419.22 251.1
421.21 6.79
423.24 271.71
425.22 239.29
427.21 6.34
429.22 271.17
431.21 9.77
433.22 308.53
435.21 318.02
437.22 313.5
439.22 322.8
441.21 9.19
443.23 321.78
445.21 12.09
447.22 307.79
449.21 155.72
451.21 3.7
453.22 191.11
455.14 2.52
457.25 137.23
459.22 3.13
461.22 51.66
463.21 59.85
465.22 65.95
467.22 89.88
469.22 99.32
471.22 114.58
473.22 140.4
475.22 8.25
477.21 169.58
479.22 11.14
481.21 197.8
483.21 228.09
485.22 98.6
487.21 240.8
489.22 8.26
491.22 272.28
493.22 9.71
495.22 318.6
497.21 326.73
499.22 4.5
501.22 269.28
503.22 8.53
505.22 73.93
507.22 302.57
509.21 305.48
511.21 320.62
513.22 9.69
515.21 128.3
517.21 11.68
519.21 206.69
521.22 212.39
523.21 220.23
525.21 219.1
527.21 12.31
529.22 231.14
531.21 235.73
533.22 242.46
535.21 192.74
537.22 195.11
539.21 239.76
541.22 7.33
543.21 212.63
545.22 184.41
547.22 5.4
549.21 209.45
551.22 7.54
553.21 227.24
555.21 221.56
557.21 228.97
559.21 229.3
561.21 7.04
563.21 226.96
565.21 6.67
567.21 204.67
569.21 204.67
571.21 1.97
573.21 217.54
575.21 7.12
577.21 211.88
579.21 222.96
581.21 237.12
583.21 236.33
585.21 0.17
587.21 255.31
589.21 0.15
591.21 266.54
593.21 256.29
595.21 5.56
597.21 148.66
599.21 10.66
601.21 255.55
603.21 269.26
605.21 264.34
607.21 257.28
609.21 12.22
611.21 220.32
613.21 11.53
615.21 262.25
617.21 255.78
619.21 9.68
621.21 235.22
623.21 11.98
625.21 271.23
627.21 255.75
629.22 258.61
631.21 144.17
633.21 1.44
635.21 262.83
637.21 11.67
639.21 258.5
641.22 175.42
643.21 6.06
645.21 270.29
647.21 11.56
649.47 288.09
651.21 289.08
653.46 295.74
655.22 255.15
657.22 5.4
659.47 254.04
661.46 6.05
663.46 246.48
665.46 237.07
667.47 219.41
669.46 214.56
671.47 3.13
673.46 252.46
675.3 0.52
677.46 257.57
679.47 266.16
681.47 12.58
683.47 286.88
685.46 6.56
687.46 313.09
689.46 305.55
691.46 12.06
693.46 201.92
695.46 0.3
697.46 178.0
699.3 9.94
701.47 209.65
703.48 215.28
705.46 7.52
707.45 212.01
709.45 7.07
711.45 232.46
713.46 241.06
715.46 104.07
717.45 113.73
719.45 8.33
721.46 124.96
723.29 12.23
725.46 108.74
727.46 132.39
729.46 132.39
731.45 132.39
733.46 12.58
735.46 120.42
737.45 139.52
739.45 138.37
741.46 158.73
743.46 8.28
745.45 154.68
747.29 172.87
749.46 189.36
751.46 41.27
753.47 7.52
755.46 236.71
757.46 11.12
759.46 288.14
761.46 298.37
763.46 301.52
765.45 269.38
767.46 10.25
769.45 316.17
771.45 10.25
773.46 283.54
775.46 197.74
777.45 1.14
779.46 260.48
781.46 9.53
783.45 211.8
785.45 202.93
787.46 204.5
789.46 284.96
791.45 7.78
793.46 328.53
795.46 12.27
797.45 285.46
799.45 323.85
801.46 11.4
803.45 217.09
805.45 7.4
807.46 205.53
809.45 212.69
811.45 199.47
813.45 211.79
815.45 119.67
817.45 178.32
819.45 203.86
821.46 218.79
823.46 222.91
825.45 4.59
827.45 239.27
829.45 1.4
831.46 254.69
833.46 250.97
835.45 7.9
837.45 206.1
839.45 11.95
841.45 238.44
843.45 0.28
845.46 134.55
847.46 191.32
849.45 12.51
851.45 207.8
853.45 4.61
855.45 220.61
857.45 208.42
859.45 9.42
861.45 210.39
863.45 209.43
865.46 144.11
867.46 10.12
869.45 110.44
871.46 174.74
873.45 8.25
875.45 174.12
877.45 4.27
879.46 116.32
881.45 147.43
883.45 184.14
885.45 185.29
887.45 7.97
889.45 138.4
891.45 144.37
893.45 169.64
895.45 169.64
897.45 8.31
899.45 133.51
901.45 11.72
903.45 182.6
905.45 179.05
907.45 185.14
909.45 191.11
911.45 12.24
913.45 207.9
915.45 12.93
917.45 211.18
919.45 209.91
921.45 2.45
923.45 209.79
925.46 6.27
927.7 207.18
929.53 12.25
931.7 196.79
933.7 184.06
935.7 12.24
937.7 183.61
939.7 12.02
941.7 213.48
943.7 225.27
945.71 1.72
947.71 235.0
949.71 11.67
951.72 232.52
953.58 2.24
955.7 201.66
957.72 177.74
959.71 4.71
961.71 223.7
963.71 1.54
965.71 188.68
967.71 146.67
969.71 5.39
971.72 210.91
973.71 8.71
975.71 197.2
977.54 184.33
979.71 218.7
981.71 220.42
983.71 12.28
985.72 203.55
987.71 11.95
989.72 134.51
991.71 185.65
993.72 11.96
995.71 189.82
997.71 12.56
999.7 192.67
1001.71 12.23
1003.71 211.87
1005.71 218.29
1007.71 12.59
1009.71 215.93
1011.71 1.95
1013.7 105.18
1015.7 90.64
1017.72 12.34
1019.71 155.45
1021.72 12.88
1023.71 159.31
1025.71 9.78
1027.7 163.97
1029.71 185.75
1031.71 7.61
1033.72 94.79
1035.71 8.26
1037.72 112.29
1039.71 112.29
1041.7 107.87
1043.71 111.02
1045.7 111.02
1047.71 121.77
1049.72 12.9
1051.71 148.64
1053.72 168.11
1055.71 9.01
1057.7 85.13
1059.68 1.5
1061.73 4.95
1063.71 34.74
1065.71 47.37
1067.7 53.44
1069.72 64.55
1071.71 79.33
1073.71 87.67
1075.71 69.63
1077.71 69.63
1079.72 69.63
1081.71 88.16
1083.72 88.16
1085.71 88.16
1087.72 80.2
1089.71 103.16
1091.71 114.54
1093.72 136.12
1095.71 104.6
1097.71 101.37
1099.7 137.25
1101.7 137.25
1103.7 0.29
1105.7 62.41
1107.7 12.56
1109.7 82.73
1111.7 85.24
1113.7 82.09
1115.7 87.05
1117.7 87.15
1119.7 89.5
1121.7 105.47
1123.71 114.88
1125.7 114.88
1127.7 114.88
1129.7 115.57
1131.7 119.99
1133.71 120.54
1135.7 73.42
1137.7 12.92
1139.7 135.73
1141.7 12.56
1143.7 133.53
1145.7 133.53
1147.7 145.32
1149.7 119.32
1151.7 12.56
1153.7 130.69
1155.7 12.25
1157.7 132.09
1159.7 131.02
1161.7 8.34
1163.7 113.48
1165.7 9.63
1167.7 136.87
1169.7 131.33
1171.95 136.37
1173.95 108.96
1175.95 9.63
1177.98 91.25
1179.95 12.02
1181.95 118.45
1183.95 136.45
1185.95 138.8
1187.95 138.8
1189.95 12.55
1191.95 142.1
1193.95 145.4
1195.95 150.0
1197.96 147.23
1199.95 53.83
1201.95 87.63
1203.95 79.43
1205.95 97.18
1207.95 96.55
1209.95 3.01
1211.95 96.81
1213.95 97.05
1215.95 95.16
1217.95 93.06
1219.95 96.83
1221.95 100.62
1223.95 100.62
1225.95 100.62
1227.95 104.61
1229.95 107.42
1231.95 107.34
1233.95 121.58
1235.95 139.49
1237.95 164.91
1239.95 162.96
1241.95 12.55
1243.95 163.04
1245.95 161.62
1247.95 8.35
1249.95 117.4
1251.95 8.57
1253.95 98.94
1255.95 98.94
1257.95 98.94
1259.95 74.07
1261.95 104.56
1263.95 103.28
1265.95 103.28
1267.95 98.41
1269.95 113.85
1271.95 128.53
1273.95 138.8
1275.95 5.65
1277.95 151.17
1279.95 157.9
1281.95 160.94
1283.95 162.38
1285.95 12.24
1287.95 164.47
1289.95 12.26
1291.95 176.03
1293.95 194.23
1295.95 59.51
1297.95 156.77
1299.95 8.98
1301.95 192.51
1303.95 213.29
1305.95 227.09
1307.95 181.24
