0.0 0.24
0.88 3.31
1.45 0.9
2.37 0.23
3.38 2.01
4.94 0.14
5.95 0.25
6.88 1.17
7.82 3.26
8.95 0.62
9.84 0.11
10.68 0.31
12.27 3.33
14.28 6.4
16.28 0.3
18.28 0.25
20.28 0.31
22.28 0.25
24.28 1.85
26.28 0.1
28.28 0.43
30.25 0.05
32.28 0.24
34.28 0.37
36.28 0.29
38.28 0.02
40.28 0.05
42.28 1.36
44.28 0.31
46.28 10.28
48.28 0.12
50.28 0.09
52.28 0.74
54.28 0.14
56.28 0.49
58.28 0.02
60.28 0.05
62.28 0.44
64.28 0.06
66.28 0.62
68.28 0.1
70.28 0.81
72.28 0.15
74.28 0.37
76.28 0.1
78.53 0.05
80.66 0.01
82.53 0.61
84.53 1.04
86.53 10.73
88.53 0.35
90.53 0.77
92.53 3.05
94.53 0.05
96.53 0.86
98.53 3.91
100.53 0.56
102.53 0.14
104.53 0.87
106.53 0.39
108.53 0.73
110.53 0.95
112.53 0.09
114.53 0.05
116.53 3.02
118.53 0.99
120.53 0.56
122.53 0.06
124.53 0.49
126.53 0.1
128.53 0.74
130.53 1.26
132.53 0.29
134.53 0.62
136.53 0.11
138.53 0.45
140.53 3.02
142.53 22.45
144.53 0.19
146.53 0.27
148.53 0.05
150.53 0.19
152.53 0.82
154.53 0.68
156.53 0.06
158.53 1.05
160.53 3.18
162.53 0.05
164.53 3.0
166.53 0.39
168.53 0.8
170.53 0.06
172.53 1.01
174.53 0.1
176.53 0.39
178.53 0.62
180.53 0.23
182.53 0.78
184.53 3.29
186.53 0.57
188.53 2.83
190.53 0.34
192.53 0.75
194.53 3.5
196.53 0.5
198.49 0.09
200.53 0.79
202.53 0.43
204.53 0.19
206.53 0.86
208.53 0.17
210.53 0.43
212.53 2.97
214.53 0.52
216.53 0.86
218.53 0.3
220.53 1.05
222.53 3.09
224.53 0.87
226.53 0.46
228.53 0.06
230.53 1.11
232.53 0.1
234.53 0.74
236.53 3.02
238.53 0.21
240.53 0.92
242.53 0.12
244.53 0.8
246.53 0.05
248.53 0.56
250.53 0.92
252.53 0.12
254.53 0.93
256.53 0.05
258.53 0.61
260.53 2.97
262.53 0.69
264.53 0.31
266.53 0.06
268.53 0.48
270.53 3.15
272.53 1.36
274.53 0.43
276.53 0.49
278.53 0.78
280.53 0.19
282.53 0.05
284.53 2.92
286.53 0.49
288.53 0.06
290.53 3.6
292.53 0.05
294.53 0.05
296.53 0.37
298.53 0.49
300.53 1.17
302.53 0.56
304.53 0.05
306.53 9.39
308.51 2.99
310.53 0.44
312.53 0.49
314.53 0.17
316.53 0.1
318.53 2.89
320.53 0.38
322.54 0.56
324.53 0.33
326.53 3.9
328.78 0.1
330.78 0.86
332.74 0.05
334.78 0.25
336.78 0.52
338.78 0.11
340.78 0.16
342.78 0.12
344.78 0.16
346.76 3.0
348.78 0.37
350.78 0.45
352.78 0.06
354.79 0.66
356.78 2.94
358.78 0.8
360.78 0.25
362.78 0.12
364.78 0.45
366.78 0.05
368.78 22.91
370.78 2.88
372.78 0.37
374.78 0.68
376.78 0.1
378.78 0.59
380.75 0.05
382.78 1.1
384.78 0.02
386.78 0.19
388.78 0.32
390.78 0.1
392.78 0.54
394.78 2.75
396.78 0.68
398.78 0.75
400.78 0.2
402.78 0.52
404.75 0.09
406.78 0.45
408.78 0.27
410.78 0.68
412.78 0.78
414.78 0.28
418.53 0.68
422.03 3.01
424.03 0.19
426.03 0.05
428.03 0.1
430.03 0.81
432.01 0.05
434.04 0.15
436.03 0.87
438.03 0.49
440.03 0.11
442.03 0.05
444.04 0.9
446.03 8.86
448.03 0.43
450.03 0.86
452.03 0.06
454.48 0.95
456.54 2.9
460.08 0.49
461.78 0.17
463.78 0.11
465.78 0.82
467.78 0.11
469.78 0.49
471.79 2.96
473.78 0.5
475.78 0.37
477.78 0.17
479.78 0.87
481.76 0.25
483.78 0.75
485.78 0.25
487.78 0.12
489.78 0.7
491.78 26.92
493.78 0.25
495.78 3.07
497.78 0.29
499.78 1.3
501.78 0.16
503.79 0.86
505.78 2.96
507.78 0.06
509.79 0.62
511.78 0.43
513.78 0.63
515.78 0.15
517.78 0.5
519.78 2.99
521.78 0.43
523.79 0.49
525.78 0.19
527.78 0.25
529.78 3.0
531.78 0.56
533.78 0.05
535.78 0.05
538.03 0.68
540.03 0.3
542.03 0.61
544.01 0.24
546.03 0.53
548.03 0.74
550.03 0.1
552.03 0.33
554.03 0.11
556.03 0.41
558.03 0.05
560.03 0.17
562.03 0.37
564.03 3.02
566.03 0.62
568.0 0.1
570.03 0.44
572.04 0.99
574.03 0.1
576.03 0.6
578.03 0.05
580.03 0.22
582.03 0.25
584.03 0.22
586.03 0.52
588.03 0.05
590.03 0.37
592.03 3.08
594.03 0.5
596.03 0.68
598.03 0.05
600.03 0.86
602.03 3.06
604.03 1.17
606.03 0.37
608.04 0.17
610.03 3.22
611.88 0.02
614.03 4.8
615.99 0.1
618.03 0.86
620.03 0.87
622.03 0.12
624.03 1.05
626.03 0.24
628.03 1.4
630.03 0.81
632.03 0.06
634.03 0.86
636.03 0.06
638.03 0.81
640.03 0.1
642.03 0.79
644.03 0.97
646.03 0.1
648.03 0.92
650.03 0.19
652.03 0.49
654.03 0.1
656.03 0.06
658.04 0.68
660.03 0.02
662.03 0.86
663.97 0.05
666.03 1.04
668.03 0.27
670.03 0.15
672.03 0.43
674.03 0.14
676.03 0.66
678.03 0.85
680.03 0.29
682.03 0.09
684.03 1.82
686.03 1.82
688.01 0.19
690.03 0.05
692.03 0.74
694.03 0.22
696.03 4.75
698.03 0.1
700.03 0.59
702.03 0.8
704.03 0.05
706.03 0.56
708.03 0.17
710.03 0.12
712.0 0.1
714.03 0.11
716.03 0.55
718.03 0.37
720.03 0.58
722.03 0.1
724.03 0.69
726.03 0.24
728.03 0.49
730.03 0.12
732.03 0.05
734.03 0.43
736.03 2.95
738.03 0.61
740.03 0.62
742.03 0.17
744.03 0.41
746.03 0.15
748.03 0.22
750.03 2.66
752.03 10.45
754.03 0.71
756.03 0.17
758.03 0.31
760.01 0.16
762.03 0.11
764.03 0.31
766.42 4.05
768.91 1.05
770.55 2.59
772.03 1.42
774.03 0.26
776.03 0.22
778.03 0.3
780.03 0.06
782.03 0.17
784.03 0.09
786.28 0.31
788.28 0.43
790.28 0.68
792.28 0.56
794.28 0.27
796.28 0.31
798.28 2.61
800.28 0.25
802.28 0.22
804.28 0.05
806.28 0.31
808.28 0.17
810.28 1.74
812.28 0.33
814.28 0.29
816.28 0.8
818.28 0.1
820.28 0.43
822.28 2.62
824.28 0.05
826.3 0.02
828.28 0.17
830.28 0.02
832.28 0.09
834.28 0.52
836.28 0.62
838.29 0.56
840.28 0.61
842.29 0.17
844.28 0.06
846.28 2.78
848.28 0.17
850.28 0.86
852.28 0.05
854.28 0.5
856.28 0.19
858.28 0.93
860.28 0.55
862.28 0.62
864.28 0.05
866.28 0.14
868.28 0.52
870.28 2.97
872.28 0.25
874.28 0.05
876.28 0.4
878.28 0.29
880.28 3.06
882.28 0.78
884.28 0.31
886.28 19.95
888.28 0.92
890.28 0.05
892.28 0.56
894.28 3.06
896.28 0.09
898.28 0.56
900.28 0.17
902.28 0.8
904.23 0.05
906.28 1.03
908.28 0.05
910.28 1.04
912.28 0.93
914.28 3.2
916.28 1.23
918.28 4.7
920.28 0.25
922.28 0.52
924.28 0.23
926.28 0.68
928.28 0.19
930.28 0.87
932.28 0.97
934.28 0.06
936.28 31.78
938.28 0.08
940.28 0.49
942.29 3.1
945.28 0.18
947.28 0.14
949.28 2.35
951.28 2.35
953.28 0.22
961.98 2.69
963.83 0.28
965.51 4.14
966.47 0.42
967.42 2.71
969.4 0.25
970.44 5.69
971.91 0.92
972.63 0.99
974.29 0.06
975.19 0.43
977.28 0.05
979.28 0.22
981.28 0.49
983.29 0.06
985.28 0.52
988.29 0.11
990.29 4.73
993.78 2.8
995.78 0.1
997.78 0.39
999.79 0.27
1001.78 0.35
1003.79 0.1
1005.78 3.4
1007.78 1.35
1009.78 0.23
1011.78 0.51
1013.78 0.14
1015.78 1.07
1017.78 2.79
1019.79 0.43
1021.78 0.93
1023.78 0.12
1025.78 0.43
1027.79 0.15
1029.78 0.06
1031.78 0.49
1033.78 18.59
1035.78 0.25
1037.78 0.05
1039.78 0.12
1041.78 2.97
1043.78 0.31
1045.78 0.36
1047.78 0.11
1049.78 0.49
1051.78 0.1
1053.78 0.47
1055.78 0.84
1057.78 0.06
1060.03 0.97
1062.03 3.16
1064.03 5.81
1065.98 0.15
1068.03 0.46
1070.04 0.49
1072.03 0.06
1074.03 0.31
1076.03 0.05
1078.03 0.25
1080.03 9.59
1082.03 0.31
1084.03 0.62
1086.03 0.15
1088.03 0.43
1090.0 0.1
1092.03 0.67
1094.03 0.42
1096.03 0.45
1098.03 0.63
1100.03 0.15
1102.04 0.49
1104.04 0.87
1106.03 0.05
1108.03 0.06
1110.03 0.19
1112.03 0.05
1114.0 0.05
1116.03 0.62
1118.03 0.66
1120.03 0.37
1122.03 0.8
1124.03 0.2
1126.04 0.56
1128.03 0.37
1130.03 0.42
1132.03 2.54
1134.03 0.17
1136.04 0.39
1138.03 2.92
1140.04 0.74
1142.04 0.68
1144.04 0.55
1146.03 0.62
1148.03 0.1
1150.03 0.45
1152.03 0.05
1154.04 0.63
1156.03 0.19
1158.03 0.05
1160.04 0.64
1161.9 2.92
1164.03 0.56
1166.03 1.3
1168.03 0.02
1170.04 0.51
1172.03 0.11
1174.03 0.05
1176.03 0.62
1178.03 0.44
1180.03 0.56
1182.03 0.2
1184.03 0.58
1185.99 0.16
1188.03 0.56
1190.04 0.05
1192.03 0.06
1194.04 0.43
1196.03 0.05
1198.04 0.35
1200.03 0.4
1202.03 0.34
1204.03 0.52
1206.04 0.11
1208.03 1.8
1210.03 0.09
1212.03 0.68
1214.03 0.92
1216.03 0.63
1218.03 0.1
1220.03 2.87
1222.03 0.61
1224.03 0.06
1226.03 0.37
1228.03 0.61
1230.03 0.1
1232.03 0.56
1233.99 0.05
1236.03 0.43
1238.03 0.48
1240.03 0.06
1242.03 0.15
1244.03 0.2
1246.03 0.05
1248.03 0.55
1250.03 0.68
1252.04 0.91
1254.03 0.29
1256.03 0.8
1258.04 3.0
1260.03 0.49
1262.03 0.29
1264.03 0.06
1266.03 0.68
1268.03 0.05
1270.04 0.26
1272.03 0.05
1274.04 0.69
1276.03 0.51
1278.03 3.45
1280.03 0.86
1282.01 0.24
1284.03 0.62
1286.03 0.02
1288.04 0.12
1290.03 0.8
1292.03 0.14
1294.04 0.34
1296.03 0.5
1298.03 0.8
1300.03 27.62
1302.03 0.1
1304.03 0.33
1306.03 0.1
1308.03 0.41
1310.04 0.74
1312.28 0.12
1314.28 0.66
1316.28 0.05
1318.28 0.74
1320.28 2.84
1322.28 4.09
1324.28 0.42
1326.28 0.25
1328.28 0.58
1330.28 0.1
1332.28 0.49
1334.28 0.38
1336.29 0.44
1338.28 0.05
1340.29 0.05
1342.28 0.68
1344.28 2.87
1346.28 2.78
1348.29 0.98
1350.29 0.15
1352.28 0.12
1354.29 0.2
1356.28 0.19
1358.29 0.51
1360.28 0.17
1362.28 0.35
1364.28 0.15
1366.28 0.87
1368.28 3.02
1370.28 0.68
1372.29 0.81
1374.28 0.2
1376.28 0.98
1378.28 0.05
1380.28 0.56
1382.28 0.05
1384.28 0.42
1386.28 0.93
1388.28 0.2
1390.29 0.33
1392.28 1.96
1394.28 0.1
1396.28 0.09
1398.28 0.06
1400.29 0.32
1402.28 3.17
1404.28 0.66
1406.29 0.52
1408.28 0.23
1410.28 0.37
1412.28 0.25
1414.28 0.15
1416.28 2.78
1418.28 0.74
1420.29 0.31
1422.29 0.25
1424.28 0.28
1426.28 0.1
1428.28 0.74
1430.29 0.56
1432.29 1.79
1434.29 0.55
1436.28 0.06
1438.29 0.93
1440.27 2.99
1442.28 0.87
1444.28 0.02
1446.28 0.06
1448.28 0.68
1450.28 0.05
1452.28 0.17
1454.29 0.46
1456.28 0.11
1458.28 0.02
1460.28 0.05
1462.28 0.58
1464.28 20.28
1466.28 0.6
1468.28 0.54
1470.28 0.1
1472.29 0.49
1474.29 2.91
1476.28 0.38
1478.28 0.4
1480.29 0.63
1482.29 0.05
1484.28 0.05
1486.29 0.72
1488.29 2.89
1490.28 3.58
1492.3 0.63
1494.28 3.3
1496.28 0.06
1498.23 0.05
1500.28 0.57
1502.29 0.16
1504.29 0.29
1506.28 0.7
1508.28 0.1
1510.28 0.02
1512.29 2.67
1514.28 0.44
1516.28 0.34
1518.28 0.06
1520.29 0.68
1522.28 0.19
1524.29 0.43
1526.28 9.23
1528.28 0.38
1530.28 0.4
1532.28 0.06
1534.28 0.24
1536.28 2.52
1538.28 0.32
1540.28 2.04
1542.28 0.05
1544.28 0.36
1546.28 0.1
1548.29 1.43
1550.29 0.23
1552.34 1.17
1554.28 0.43
1556.28 0.84
1558.28 3.78
1560.52 0.14
1562.53 1.73
1564.53 0.84
1566.53 0.12
1568.54 0.71
1570.54 0.62
1572.53 2.29
1574.53 2.97
1576.53 0.44
1578.53 0.06
1580.53 0.2
1582.53 0.45
1584.5 0.28
1586.54 0.16
1588.53 0.3
1590.53 0.63
1592.53 0.43
1594.53 0.06
1596.54 0.43
1598.53 2.67
1600.54 0.24
1602.53 0.25
1604.54 0.1
1606.54 0.35
1608.5 0.05
1610.54 0.11
1612.47 0.02
1614.53 0.05
1616.54 0.06
1618.54 0.05
1620.54 0.4
1622.53 2.78
1624.54 0.28
1626.54 0.3
1628.53 3.35
1630.53 0.02
1632.5 0.05
1634.53 0.06
1636.54 0.45
1638.54 0.17
1640.53 0.68
1642.53 0.22
1644.53 0.25
1646.53 2.93
1648.53 17.96
1650.54 0.56
1652.54 0.11
1654.54 0.75
1656.5 0.05
1658.53 0.26
1660.53 0.65
1662.53 0.11
1664.54 0.68
1666.53 0.05
1668.54 0.66
1670.54 2.8
1672.54 0.11
1674.54 0.4
1676.53 0.12
1678.53 0.15
1680.53 0.09
1682.54 1.37
1684.54 0.31
1686.53 0.12
1688.53 0.34
1690.53 2.84
1692.53 13.68
1694.54 3.1
1696.54 0.05
1698.54 0.47
1700.54 0.35
1702.54 0.05
1704.5 0.05
1706.53 0.31
1708.53 0.62
1710.53 0.3
1712.53 0.05
1714.53 0.05
1716.54 1.24
1718.54 2.8
1720.53 0.74
1722.53 0.87
1724.53 0.28
1726.53 0.21
1728.5 0.1
1730.54 0.18
1732.54 0.67
1734.54 0.06
1736.53 0.54
1738.54 0.1
1740.53 0.49
1742.53 3.05
1744.53 1.24
1746.53 0.31
1748.54 0.11
1750.54 0.52
1752.49 0.05
1754.54 0.95
1756.54 0.49
1758.53 0.12
1760.53 0.22
1762.54 0.2
1764.53 0.71
1766.51 3.05
1768.53 0.06
1770.54 0.74
1772.53 0.1
1774.53 0.52
1776.53 0.05
1778.54 1.92
1780.53 0.39
1782.53 0.12
1784.54 0.37
1786.54 0.15
1788.54 0.61
1790.54 2.98
1792.53 0.68
1794.54 0.02
1796.54 0.24
1798.54 0.86
1800.54 0.15
1802.54 0.28
1804.54 27.84
1806.53 0.06
1808.53 0.38
1810.78 0.05
1812.78 0.19
1814.76 0.23
1816.79 0.99
1818.79 0.16
1820.79 0.12
1822.78 0.62
1824.79 0.14
1826.79 0.5
1828.78 0.02
1830.79 0.06
1832.79 0.75
1834.78 0.05
1836.79 1.3
1838.78 3.03
1840.78 0.29
1842.79 0.2
1844.79 0.1
1846.78 0.79
1848.79 3.03
1850.79 0.24
1852.79 0.43
1854.79 0.18
1856.79 0.25
1858.79 0.1
1860.78 0.16
1862.71 0.1
1864.79 0.67
1866.78 0.05
1868.79 0.12
1870.79 0.43
1872.79 0.19
1874.79 0.8
1876.78 0.5
1878.79 0.74
1880.78 0.81
1882.79 0.15
1884.79 0.66
1886.74 0.1
1888.79 0.06
1890.78 0.77
1892.79 0.39
1894.78 0.37
1896.79 0.05
1898.79 2.85
1900.79 0.45
1902.79 0.8
1904.79 0.02
1906.79 0.15
1908.79 0.4
1910.75 0.16
1912.78 0.28
1914.79 0.15
1916.79 0.06
1918.79 0.51
1920.79 0.29
1922.79 0.68
1924.78 0.56
1926.78 0.68
1928.78 1.36
1930.79 0.16
1932.79 0.87
1934.74 0.1
1936.79 0.56
1938.79 1.17
1940.79 0.12
1942.79 0.18
1944.78 0.14
1946.79 1.23
1948.79 0.66
1950.79 0.11
1952.79 0.62
1954.79 0.09
1956.79 0.28
1958.74 0.05
1960.78 0.93
1962.78 0.55
1964.78 0.3
1966.79 0.05
1968.79 0.05
1970.79 0.34
1972.79 0.53
1974.79 0.37
1976.79 0.77
1978.79 0.05
1980.79 12.98
1982.79 3.09
1984.79 0.05
1986.79 0.1
1988.79 0.06
1990.79 0.55
1992.73 0.05
1994.79 0.79
1996.79 0.37
1998.78 0.68
2000.79 0.05
2002.79 3.35
2004.79 3.66
2006.76 0.05
2008.79 1.61
2010.79 0.74
2012.79 0.05
2014.79 0.37
2016.79 0.19
2018.79 0.57
2020.79 0.69
2022.79 0.1
2024.79 0.12
2026.79 0.06
2028.78 0.43
2030.79 0.24
2032.79 0.76
2034.79 0.99
2036.79 0.22
2038.78 0.73
2040.79 0.05
2042.79 0.42
2044.79 0.1
2046.79 0.7
2048.79 0.78
2050.79 2.89
2052.79 0.18
2054.79 0.1
2056.79 0.05
2058.79 0.65
2061.04 0.06
2063.04 0.57
2065.04 0.1
2067.04 0.06
2069.02 3.04
2071.04 1.34
2073.04 0.68
2075.04 0.17
2077.04 0.65
2079.04 0.11
2081.04 0.8
2083.04 0.48
2085.04 0.06
2087.04 0.47
2089.04 2.87
2091.04 0.83
2093.04 2.99
2095.04 0.39
2097.04 0.64
2099.04 0.11
2101.04 0.37
2102.99 0.05
2105.04 0.06
2107.04 0.86
2109.04 0.99
2111.04 0.02
2113.04 0.15
2115.04 0.8
2117.04 3.02
2119.04 1.11
2121.04 0.05
2123.04 0.17
2125.04 0.19
2127.04 0.05
2129.04 0.56
2131.04 1.05
2133.04 0.14
2135.04 0.32
2137.04 0.19
2139.04 0.02
2141.01 3.12
2143.04 0.6
2145.04 0.06
2147.04 3.32
2149.04 0.43
2151.04 0.14
2153.04 1.11
2155.04 0.16
2157.04 0.06
2159.04 0.74
2161.04 0.43
2163.04 0.59
2165.04 2.77
2167.04 0.19
2169.04 0.22
2171.04 0.21
2173.04 0.06
2175.04 0.11
2177.04 0.43
2179.04 0.31
2181.04 0.71
2183.04 0.56
2185.04 0.1
2187.04 0.15
2189.04 2.69
2191.04 0.93
2193.04 19.66
2195.04 3.04
2197.04 0.24
2199.04 0.1
2201.04 0.46
2203.04 0.34
2205.04 0.62
2207.04 0.21
2209.04 0.15
2211.04 0.56
2213.04 2.95
2215.04 0.06
2217.04 0.44
2219.04 0.11
2221.04 0.51
2223.04 3.15
2225.04 1.05
2227.04 0.02
2229.04 1.15
2231.04 0.72
2233.04 0.15
2235.04 2.41
2237.04 2.99
2239.04 0.59
2241.04 0.45
2243.04 0.17
2245.04 0.63
2247.04 0.15
2249.04 0.44
2251.04 0.86
2253.04 0.21
2255.04 0.3
2257.04 0.19
2259.04 0.22
2261.04 2.74
2263.04 0.5
2265.04 0.43
2267.04 0.15
2269.04 2.81
2271.04 3.26
2273.04 0.05
2275.04 0.57
2277.04 0.23
2279.04 0.68
2281.04 0.05
2283.04 0.62
2285.03 2.97
2287.04 1.73
2289.04 0.89
2291.04 0.05
2293.04 0.02
2295.04 0.05
2297.04 0.66
2299.04 0.52
2301.04 0.58
2303.04 1.12
2305.04 0.17
2307.04 0.74
2309.04 2.91
2311.29 0.06
2313.29 0.55
2315.29 0.06
2317.29 0.02
2319.29 0.1
2321.29 0.15
2323.26 3.09
2325.29 0.27
2327.29 0.28
2329.29 0.03
2331.29 0.34
2333.24 0.11
2335.29 0.5
2337.29 0.74
2339.29 0.31
2341.29 0.43
2343.29 0.16
2345.29 0.28
2347.29 2.62
2349.29 0.91
2351.29 6.93
2353.29 0.06
2355.29 0.39
2357.26 0.1
2359.29 0.44
2361.29 0.25
2363.29 0.55
2365.29 5.45
2367.29 0.05
2369.29 0.55
2371.28 2.91
2373.29 0.45
2375.29 0.56
2377.29 0.14
2379.29 0.44
2381.24 0.05
2383.29 0.1
2385.29 0.02
2387.29 0.11
2389.29 0.49
2391.29 0.05
2393.29 0.24
2395.29 2.9
2397.29 0.05
2399.29 0.38
2401.29 2.9
2403.29 0.14
2405.29 2.44
2407.29 2.07
2409.29 0.57
2411.29 0.2
2413.29 0.02
2415.29 3.16
2417.29 0.05
2419.29 2.87
2421.29 1.11
2423.29 0.52
2425.29 0.08
2427.29 0.22
2429.29 3.04
2431.29 0.57
2433.29 1.49
2435.29 0.06
2437.29 0.04
2439.29 0.07
2441.29 1.11
2443.26 0.47
2445.29 0.05
2447.29 0.04
2449.29 0.17
2451.29 1.3
2453.27 0.14
2455.29 0.25
2457.29 1.12
2459.29 0.18
2461.29 0.68
2463.29 0.1
2465.29 0.71
2467.29 2.97
2469.29 0.91
2471.29 0.49
2473.29 0.15
2475.29 0.23
2477.25 0.05
2479.29 0.05
2481.29 0.49
2483.29 0.56
2485.29 1.23
2487.29 3.16
2489.29 0.87
2491.29 3.0
2493.29 0.05
2495.29 1.36
2497.29 0.14
2499.29 1.05
2501.29 3.13
2503.29 0.84
2505.29 0.86
2507.29 0.06
2509.29 0.85
2511.29 0.14
2513.29 0.86
2515.29 2.99
2517.29 0.56
2519.29 0.3
2521.29 0.16
2523.29 1.05
2525.29 0.05
2527.29 0.97
2529.29 0.68
2531.29 0.12
2533.29 0.06
2535.29 0.05
2537.29 0.11
2539.29 3.08
2541.29 0.5
2543.29 0.87
2545.29 0.17
2547.29 0.86
2549.29 0.15
2551.29 0.77
2553.29 0.1
2555.29 0.17
2557.29 0.34
2559.29 0.1
2561.54 1.49
2563.5 0.05
2565.54 0.02
2567.54 0.22
2569.54 0.1
2571.55 1.11
2573.54 0.14
2575.54 0.61
2577.54 0.43
2579.54 0.18
2581.54 0.02
2583.54 0.35
2585.54 0.84
2587.5 0.19
2589.54 1.02
2591.54 0.8
2593.54 0.12
2595.54 1.3
2597.54 0.24
2599.54 0.73
2601.54 0.11
2603.54 0.06
2605.54 0.49
2607.54 3.34
2609.54 0.92
2611.54 3.22
2613.54 0.06
2615.54 0.06
2617.54 0.11
2619.54 1.23
2621.54 0.05
2623.54 1.6
2625.54 0.01
2627.54 0.06
2635.87 0.92
2638.76 1.35
2640.23 1.78
2641.61 1.91
2643.68 0.22
2645.08 0.1
2647.01 0.02
2648.04 0.31
2649.26 0.74
2650.36 0.49
2651.85 0.22
2653.12 0.4
2653.93 0.29
2655.54 0.18
2657.54 0.51
2659.5 0.06
2661.54 0.56
2663.54 0.4
2665.54 0.15
2667.8 0.17
2669.54 0.1
2671.54 4.89
2673.54 0.37
2675.54 12.17
2677.54 0.78
2679.54 0.1
2681.54 0.51
2683.54 0.04
2685.54 0.19
2687.55 0.56
2689.54 0.6
2691.54 0.79
2693.54 0.1
2695.54 0.06
2697.54 2.61
2699.54 0.74
2701.54 0.64
2703.54 3.36
2705.54 0.44
2707.52 0.1
2709.54 0.28
2711.54 0.55
2713.54 0.05
2715.54 0.62
2717.54 0.1
2719.54 0.5
2721.54 0.05
2723.54 0.47
2725.54 0.27
2727.54 3.0
2729.54 0.56
2731.51 0.14
2733.54 0.25
2735.54 0.09
2737.54 0.12
2739.54 0.1
2741.54 0.1
2743.54 0.1
2745.54 0.43
2747.54 0.8
2749.54 0.43
2751.54 0.19
2753.54 0.63
2755.49 0.1
2757.54 0.05
2759.54 0.71
2761.54 0.06
2763.54 1.36
2765.54 0.1
2767.54 0.17
2769.54 0.39
2771.54 0.43
2773.54 0.59
2775.54 0.1
2777.54 0.69
2779.54 0.19
2781.54 0.09
2783.54 0.87
2785.54 0.28
2787.54 1.05
2789.54 0.1
2791.55 0.89
2793.54 0.97
2795.54 0.05
2797.54 0.14
2799.54 0.06
2801.54 2.48
2803.54 0.05
2805.54 0.83
2807.54 0.54
2809.54 0.17
2811.54 0.05
2813.79 0.1
2815.79 0.8
2817.79 2.89
2819.79 0.62
2821.79 0.31
2823.79 0.06
2825.79 0.68
2827.79 0.15
2829.79 0.31
2831.79 0.06
2833.61 1.55
2835.79 0.15
2837.79 0.28
2839.79 0.19
2841.79 1.39
2843.79 1.48
2845.79 0.05
2847.79 0.16
2849.79 3.42
2851.79 0.25
2853.79 0.28
2855.8 0.74
2857.79 0.1
2859.79 0.93
2861.79 2.54
2863.79 0.16
2865.8 2.59
2867.79 1.48
2869.79 0.75
2871.79 0.38
2873.79 0.5
2875.79 0.11
2877.79 0.12
2879.79 0.56
2881.79 0.31
2883.79 0.49
2885.79 0.05
2887.79 2.18
2889.8 2.72
2891.79 0.62
2893.79 0.15
2895.8 0.11
2897.79 0.74
2899.79 0.05
2901.79 0.46
2903.79 0.5
2905.79 15.62
2907.79 0.24
2909.79 0.05
2911.79 0.48
2913.79 2.89
2915.79 0.3
2918.34 0.01
2919.79 0.06
2921.79 0.15
2923.67 0.74
2925.79 2.27
2927.79 0.18
2930.45 1.89
2932.62 3.63
2934.46 4.1
2935.93 0.39
2937.84 3.26
2939.79 0.23
2941.79 0.95
2943.79 1.43
2945.79 0.47
2947.79 0.19
2949.79 0.12
2951.79 0.61
2953.79 0.5
2961.12 0.15
2964.19 1.04
2966.07 0.93
2967.77 0.12
2968.93 0.11
2969.88 0.56
2971.04 0.74
2972.62 0.06
2973.86 1.55
2974.83 0.12
2977.41 0.12
2979.32 1.74
