0.0 159.54
0.81 119.39
2.82 102.73
4.82 125.14
6.82 99.5
8.82 13.63
10.82 115.58
12.83 108.66
14.84 126.19
16.66 1.9
18.83 92.64
20.84 96.69
22.84 14.87
24.84 78.73
26.84 2.14
28.85 78.99
30.85 78.99
32.85 78.99
34.85 77.21
36.85 79.78
38.87 61.46
40.85 63.41
42.86 69.06
44.86 82.5
46.86 83.46
48.86 86.25
50.86 80.13
52.86 87.64
54.87 72.79
56.87 89.38
58.87 92.69
60.87 76.13
62.87 96.23
64.67 71.99
66.88 112.7
68.88 66.98
70.89 12.74
72.88 116.97
74.88 124.42
76.89 131.83
78.89 121.63
80.89 16.14
82.9 119.86
84.9 8.89
86.9 150.15
88.73 8.07
90.9 45.69
92.91 172.44
94.91 14.21
96.91 167.49
98.91 9.28
100.91 138.62
102.91 162.13
104.92 16.76
106.92 80.8
108.92 4.83
110.92 161.46
112.74 12.35
114.92 167.02
116.93 147.64
118.93 12.73
120.93 166.15
122.94 11.38
124.94 162.64
126.94 159.69
128.94 164.68
130.94 104.85
132.95 15.98
134.95 119.22
136.77 15.65
138.95 75.49
140.95 132.23
142.96 15.15
144.96 149.97
146.96 14.51
148.96 152.49
150.96 132.42
152.97 100.77
154.97 98.14
156.97 11.39
158.98 133.01
160.97 15.86
162.98 156.9
164.98 147.14
166.98 13.95
168.98 111.32
170.99 1.61
172.99 99.06
174.99 157.91
176.99 95.56
178.99 159.05
180.99 14.55
183.0 171.18
185.0 1.29
187.0 170.62
189.01 147.17
191.01 13.25
193.0 154.95
195.01 14.17
197.01 175.41
199.01 148.9
201.02 170.52
203.02 169.94
205.03 12.38
207.02 178.69
209.02 6.44
211.03 153.46
213.03 194.16
215.03 14.74
217.03 155.4
219.03 14.35
221.04 146.35
223.04 167.13
225.04 179.81
227.04 183.55
229.04 2.69
231.04 151.04
233.05 15.02
235.05 172.65
237.05 154.81
239.05 8.19
241.05 143.51
243.06 15.35
245.06 79.15
247.06 183.82
249.06 16.36
251.06 186.91
253.07 10.92
255.07 181.17
257.07 15.68
259.07 161.97
261.09 197.88
263.08 13.8
265.08 133.37
267.08 14.27
269.08 163.84
271.08 135.71
273.09 143.37
275.09 108.18
277.09 1.02
279.09 113.42
281.1 114.02
283.1 122.81
285.1 83.76
287.1 0.89
289.1 124.33
291.1 5.65
293.11 58.42
295.11 31.01
297.11 64.18
299.11 108.02
301.12 108.02
303.12 108.02
305.12 14.73
307.13 99.48
309.13 90.03
311.13 91.41
313.13 91.17
315.13 70.86
317.14 78.23
319.14 84.33
321.13 79.39
323.14 99.63
325.14 82.3
327.14 93.44
329.15 75.42
331.15 76.18
333.15 89.5
335.15 106.08
337.15 91.01
339.15 81.32
341.16 97.87
343.16 95.13
345.16 77.35
347.16 94.71
349.16 11.95
351.17 100.63
353.17 101.47
355.17 97.33
357.18 99.45
359.18 14.91
361.18 92.76
363.18 103.86
365.18 98.23
366.98 98.23
369.19 95.3
371.19 122.87
373.19 116.81
375.2 102.48
377.2 111.93
379.2 111.93
381.2 94.01
383.2 102.3
385.2 111.42
387.2 111.42
389.21 118.24
391.21 118.77
393.21 106.12
395.21 113.07
397.21 14.64
399.21 82.29
401.22 14.11
403.22 108.92
405.22 71.77
407.22 118.85
409.23 120.18
411.23 1.27
413.23 116.74
415.23 108.68
417.23 93.56
419.24 78.29
421.24 14.8
423.24 92.27
425.24 13.43
427.24 63.08
429.25 86.11
431.25 134.2
433.26 90.29
435.25 14.52
437.25 68.9
439.08 13.14
441.26 84.1
443.26 70.49
445.27 14.7
447.27 105.4
449.27 102.97
451.27 97.61
453.27 92.83
455.27 105.1
457.27 96.03
459.28 96.03
461.28 96.03
463.28 105.58
465.29 91.65
467.29 119.84
469.29 14.52
471.29 129.72
473.29 2.54
475.29 64.85
477.29 90.06
479.3 25.61
481.3 101.22
483.3 14.64
485.3 106.08
487.3 14.55
489.31 108.28
491.31 123.24
493.31 9.05
495.31 105.14
497.32 78.73
499.33 113.75
501.32 113.75
503.32 16.55
505.32 114.52
507.32 14.34
509.33 132.8
511.15 14.29
513.33 128.13
515.33 99.95
517.34 1.34
519.34 96.35
521.34 15.16
523.34 90.19
525.35 90.19
527.35 62.32
529.35 103.17
531.35 103.17
533.35 93.34
535.35 115.83
537.36 70.15
539.36 97.67
541.36 14.3
543.36 104.54
545.36 99.62
547.37 99.62
549.37 116.1
551.37 116.1
553.37 86.11
555.37 11.45
557.38 127.82
559.17 141.94
561.39 134.29
563.38 76.23
565.39 1.25
567.39 109.89
569.39 11.78
571.39 164.91
573.39 68.59
575.4 15.8
577.4 153.78
579.4 1.29
581.4 134.54
583.41 12.81
585.4 75.88
587.41 129.55
589.41 8.46
591.41 155.88
593.41 14.09
595.42 120.67
597.42 136.72
599.42 142.79
601.42 141.99
603.42 0.93
605.43 143.68
607.44 12.68
609.43 160.82
611.43 138.14
613.43 14.87
615.43 133.0
617.44 11.2
619.44 113.57
621.44 74.45
623.44 127.89
625.44 102.06
627.45 1.58
629.45 111.77
631.45 11.43
633.46 93.91
635.46 143.96
637.46 14.46
639.46 153.24
641.46 0.95
643.47 93.57
645.46 129.77
647.47 144.22
649.47 92.02
651.47 2.73
653.48 145.93
655.47 15.22
657.48 64.1
659.48 156.56
661.48 11.43
663.51 132.57
665.5 12.97
667.49 128.22
669.49 114.39
671.49 166.42
673.5 177.73
675.5 1.31
677.5 168.29
679.5 14.13
681.5 114.88
683.51 184.98
685.51 14.04
687.51 167.97
689.51 5.35
691.51 167.72
693.52 179.47
695.52 182.13
697.52 169.41
699.52 1.3
701.52 115.38
703.52 15.96
705.53 142.25
707.53 107.83
709.53 13.58
711.53 101.31
713.53 15.39
715.54 141.04
717.36 13.69
719.54 116.71
721.54 155.08
723.54 1.63
725.55 146.3
727.55 1.36
729.55 132.04
731.55 146.29
733.55 14.09
735.56 155.83
737.56 0.86
739.56 140.43
741.38 15.84
743.56 141.76
745.57 80.78
747.57 12.92
749.57 83.81
751.57 14.61
753.57 120.27
755.58 90.09
757.58 14.77
759.58 101.4
761.58 1.27
763.58 101.33
765.59 102.92
767.59 92.93
769.59 92.93
771.59 111.53
773.6 106.33
775.6 106.33
777.61 106.33
779.6 106.33
781.6 106.33
783.6 103.15
785.61 4.79
787.61 87.27
789.44 14.73
791.61 80.41
793.62 102.27
795.62 108.67
797.62 60.3
799.62 13.43
801.62 87.13
803.63 82.36
805.63 17.77
807.63 84.09
809.63 86.41
811.63 94.69
813.63 91.54
815.64 70.75
817.64 91.33
819.64 87.7
821.66 83.26
823.65 77.7
825.65 77.7
827.65 105.72
829.65 84.67
831.65 96.01
833.66 88.21
835.66 99.45
837.66 102.21
839.66 112.72
841.66 110.59
843.68 109.14
845.67 103.59
847.67 14.98
849.67 98.45
851.67 78.87
853.68 86.75
855.68 87.16
857.68 108.23
859.68 80.79
861.68 96.84
863.69 106.67
865.69 106.88
867.69 107.17
869.7 75.73
871.69 14.82
873.7 107.53
875.7 100.34
877.7 132.98
879.71 120.7
881.71 1.79
883.71 136.22
885.51 113.33
887.71 134.28
889.71 92.78
891.72 123.64
893.73 75.4
895.72 12.46
897.72 65.11
899.72 62.03
901.72 36.4
903.73 89.72
905.73 76.02
907.73 73.22
909.53 92.53
911.74 92.53
913.74 72.82
915.74 65.42
917.74 85.4
919.75 85.4
921.75 96.59
923.75 96.59
925.75 88.35
927.75 88.35
929.76 82.15
931.76 82.15
933.55 67.1
935.76 67.1
937.76 99.03
939.78 99.03
941.77 99.03
943.77 79.94
945.77 111.44
947.77 91.68
949.77 102.78
951.78 102.78
953.78 101.11
955.78 96.31
957.57 110.11
959.78 122.25
961.79 122.25
963.79 116.92
965.79 134.55
967.79 8.58
969.79 143.72
971.8 133.28
973.8 18.88
975.8 46.28
977.8 12.83
979.8 135.82
981.81 2.51
983.81 148.04
985.81 141.59
987.81 12.55
989.81 34.35
991.82 13.61
993.82 92.28
995.82 134.96
997.82 135.56
999.83 128.08
1001.83 14.31
1003.83 45.7
1005.84 14.36
1007.84 82.56
1009.83 76.47
1011.84 77.77
1013.84 80.19
1015.84 82.42
1017.84 61.88
1019.84 61.88
1021.86 61.88
1023.86 82.38
1025.85 70.42
1027.86 63.78
1029.86 83.78
1031.86 64.97
1033.86 87.07
1035.86 100.14
1037.86 100.14
1039.86 92.82
1041.87 90.43
1043.87 119.58
1045.87 79.7
1047.87 90.1
1049.88 13.27
1051.88 7.49
1053.88 14.29
1055.88 89.82
1057.88 89.82
1059.89 72.03
1061.89 72.03
1063.89 82.6
1065.89 69.74
1067.89 77.79
1069.9 77.79
1071.9 77.79
1073.9 77.79
1075.9 77.79
1077.91 77.79
1079.91 77.79
1081.91 77.79
1083.91 83.64
1085.91 58.26
1087.92 86.34
1089.92 99.86
1091.92 90.32
1093.92 81.69
1095.92 97.45
1097.92 85.79
1099.93 85.79
1101.93 77.07
1103.93 82.07
1105.93 130.44
1107.93 111.74
1109.94 139.01
1111.94 14.31
1113.94 121.22
1115.76 14.11
1117.94 145.11
1119.95 63.74
1121.95 15.24
1123.95 97.0
1125.96 12.8
1127.96 30.43
1129.96 74.4
1131.96 86.62
1133.96 103.95
1135.96 103.95
1137.97 98.06
1139.78 108.34
1141.97 90.86
1143.97 68.15
1145.97 116.12
1147.97 116.12
1149.98 11.38
1151.98 74.08
1153.98 85.59
1155.98 98.65
1157.98 83.68
1159.99 94.0
1161.99 88.29
1163.79 88.29
1165.99 88.29
1168.0 88.29
1170.0 88.29
1172.0 80.38
1174.0 103.47
1176.0 103.47
1178.01 103.47
1180.01 103.47
1182.01 82.98
1184.01 13.55
1186.01 104.36
1187.83 14.93
1190.02 117.05
1192.02 112.06
1194.03 13.87
1196.02 83.6
1198.03 14.27
1200.03 79.08
1202.03 78.9
1204.03 82.74
1206.04 91.85
1208.04 90.09
1210.04 76.77
1211.84 75.67
1214.04 71.76
1216.04 88.22
1218.05 88.57
1220.05 85.61
1222.05 83.3
1224.05 94.77
1226.05 84.07
1228.06 82.58
1230.06 77.34
1232.06 88.47
1234.07 70.48
1235.86 78.92
1238.07 78.92
1240.07 78.92
1242.07 95.42
1244.08 87.01
1246.07 101.27
1248.08 101.76
1250.08 98.22
1252.1 98.22
1254.08 96.51
1256.08 108.22
1258.09 102.29
1260.09 108.49
1262.09 94.56
1264.1 79.41
1266.1 93.85
1268.1 71.7
1270.1 71.7
1272.1 97.02
1274.1 99.7
1276.1 110.77
1278.11 106.49
1280.11 108.72
1282.11 97.25
1284.12 104.82
1286.12 104.82
1288.12 110.61
1290.12 118.78
1292.12 132.46
1294.12 83.67
1296.13 112.42
1298.13 118.35
1300.13 135.52
1302.13 121.35
1304.14 121.0
1306.14 95.98
1308.14 95.98
1310.14 63.56
1312.14 9.03
1314.15 14.76
1316.15 95.18
1318.15 12.97
1320.15 91.21
1322.15 113.26
1324.16 43.73
1326.16 140.27
1328.16 134.63
1330.16 140.75
1332.16 133.41
1334.17 132.85
1336.17 135.1
1338.17 0.99
1340.17 142.58
1342.17 15.14
1344.17 77.51
1346.18 127.04
1348.18 13.63
1350.18 120.18
1352.18 129.55
1354.18 96.68
1356.01 13.25
1358.19 99.51
1360.19 136.16
1362.19 11.94
1364.19 93.44
1366.19 13.95
1368.2 13.9
1370.2 144.38
1372.2 140.93
1374.21 103.07
1376.21 3.32
1378.21 165.35
1380.21 14.38
1382.21 162.73
1384.21 98.24
1386.22 10.22
1388.23 104.11
1390.22 13.93
1392.22 88.68
1394.23 112.22
1396.23 16.73
1398.23 100.73
1400.23 8.04
1402.23 88.67
1404.24 15.85
1406.24 167.12
1408.24 98.82
1410.25 14.9
1412.24 159.75
1414.25 10.43
1416.25 133.3
1418.25 155.68
1420.25 153.23
1422.25 177.11
1424.26 4.98
1426.26 156.53
1428.26 15.62
1430.26 155.52
1432.27 184.5
1434.27 12.56
1436.27 150.13
1438.27 12.55
1440.27 111.3
1442.27 177.53
1444.28 16.45
1446.28 147.77
1448.28 10.54
1450.29 154.34
1452.28 12.63
1454.29 168.24
1456.29 155.79
1458.29 13.85
1460.29 145.15
1462.31 1.28
1464.3 102.4
1466.3 160.44
1468.3 159.2
1470.3 176.43
1472.31 9.9
1474.31 172.14
1476.31 16.12
1478.31 107.79
1480.32 150.89
1482.32 12.73
1484.32 180.35
1486.32 4.77
1488.32 97.16
1490.33 180.72
1492.33 79.76
1494.33 119.63
1496.33 11.94
1498.33 143.69
1500.33 14.05
1502.34 94.4
1504.34 156.48
1506.34 14.19
1508.34 153.75
1510.34 11.33
1512.35 147.75
1514.35 166.53
1516.35 115.83
1518.35 135.08
1520.35 7.81
1522.36 78.7
1524.36 13.75
1526.36 165.67
1528.37 161.89
1530.36 14.66
1532.37 167.74
1534.37 10.41
1536.37 157.82
1538.37 14.08
1540.38 154.64
1542.38 178.37
1544.38 10.82
1546.39 109.64
1548.38 3.3
1550.38 166.69
1552.39 105.5
1554.39 172.0
1556.39 95.95
1558.39 13.65
1560.39 175.34
1562.22 13.57
1564.4 177.31
1566.4 165.16
1568.4 15.7
1570.4 111.63
1572.41 13.67
1574.41 173.49
1576.41 147.59
1578.41 163.5
1580.42 104.45
1582.42 0.92
1584.42 143.3
1586.24 13.5
1588.43 171.95
1590.43 178.48
1592.43 13.01
1594.43 111.89
1596.45 12.52
1598.43 153.7
1600.44 180.09
1602.44 16.25
1604.44 105.6
1606.44 6.86
1608.44 156.44
1610.28 15.51
1612.44 169.17
1614.45 158.97
1616.45 11.42
1618.48 90.8
1620.46 3.1
1622.46 157.81
1624.46 105.14
1626.46 16.89
1628.47 156.73
1630.47 14.09
1632.47 110.62
1634.29 14.83
1636.47 157.32
1638.48 168.06
1640.48 14.53
1642.48 107.12
1644.48 91.39
1646.48 159.35
1648.49 161.11
1650.49 29.18
1652.49 179.25
1654.49 9.37
1656.51 149.58
1658.32 13.82
1660.5 112.49
1662.5 107.02
1664.5 14.66
1666.51 158.36
1668.5 9.22
1670.51 126.33
1672.51 162.57
1674.51 116.96
1676.52 160.24
1678.52 14.37
1680.52 152.54
1682.34 14.18
1684.52 158.25
1686.53 146.62
1688.52 14.43
1690.53 154.56
1692.53 9.73
1694.53 181.0
1696.53 173.83
1698.54 155.69
1700.54 178.48
1702.54 8.9
1704.54 116.74
1706.37 8.99
1708.54 118.67
1710.55 106.1
1712.55 14.67
1714.55 139.39
1716.55 11.86
1718.56 112.52
1720.56 93.98
1722.56 93.16
1724.56 174.64
1726.56 2.07
1728.56 171.82
1730.39 13.8
1732.57 109.55
1734.58 149.54
1736.58 13.1
1738.58 154.68
1740.58 14.74
1742.58 185.92
1744.58 160.1
1746.58 115.95
1748.59 109.12
1750.59 1.13
1752.59 150.52
1754.41 13.24
1756.6 152.77
1758.6 159.29
1760.6 12.19
1762.6 100.33
1764.6 1.51
1766.6 157.05
1768.61 122.51
1770.61 180.78
1772.61 163.45
1774.61 12.23
1776.62 161.53
1778.62 14.71
1780.62 157.52
1782.62 182.37
1784.62 13.76
1786.62 169.36
1788.63 11.96
1790.63 167.68
1792.63 151.72
1794.63 171.06
1796.64 156.74
1798.64 11.27
1800.64 158.16
1802.64 1.15
1804.64 152.64
1806.65 115.26
1808.65 15.34
1810.66 162.61
1812.65 14.36
1814.65 129.85
1816.66 107.21
1818.66 16.67
1820.66 129.49
1822.66 12.07
1824.66 142.64
1826.66 1.47
1828.67 145.71
1830.67 149.83
1832.67 14.28
1834.67 152.28
1836.68 13.33
1838.68 158.28
1840.68 160.15
1842.68 16.01
1844.69 159.97
1846.68 8.73
1848.69 156.69
1850.69 12.21
1852.69 39.62
1854.69 142.7
1856.69 11.66
1858.7 143.16
1860.7 1.2
1862.7 112.64
1864.71 94.79
1866.71 150.56
1868.71 113.09
1870.71 15.92
1872.71 148.55
1874.71 7.43
1876.72 92.08
1878.72 155.34
1880.72 14.24
1882.72 109.88
1884.72 15.38
1886.72 100.11
1888.73 112.6
1890.74 97.48
1892.73 152.42
1894.73 14.45
1896.74 144.7
1898.74 0.99
1900.74 98.63
1902.74 149.3
1904.74 15.03
1906.75 133.68
1908.75 14.71
1910.75 141.19
1912.75 145.07
1914.75 100.73
1916.77 155.93
1918.76 14.46
1920.76 110.65
1922.76 15.76
1924.76 103.27
1926.77 107.45
1928.77 14.44
1930.77 64.2
1932.77 10.33
1934.77 81.77
1936.58 120.4
1938.78 118.54
1940.78 105.69
1942.78 90.79
1944.78 110.58
1946.79 11.47
1948.79 82.07
1950.79 89.98
1952.79 14.84
1954.79 89.7
1956.8 110.28
1958.8 73.46
1960.63 9.14
1962.8 72.56
1964.8 95.81
1966.81 95.81
1968.82 95.81
1970.81 95.81
1972.82 96.54
1974.83 117.62
1976.82 120.27
1978.82 86.19
1980.82 15.4
1982.82 120.95
1984.83 120.95
1986.83 120.95
1988.83 139.77
1990.83 115.71
1992.83 132.13
1994.84 11.38
1996.84 88.89
1998.84 9.08
2000.84 135.36
2002.84 132.23
2004.86 14.88
2006.85 77.53
2008.85 97.85
2010.85 85.13
2012.86 89.0
2014.85 89.0
2016.86 89.0
2018.86 95.85
2020.86 79.11
2022.86 94.58
2024.87 97.5
2026.87 95.94
2028.87 68.86
2030.87 68.86
2032.88 76.86
2034.88 50.85
2036.89 67.21
2038.88 64.48
2040.88 101.96
2042.88 51.19
2044.89 53.63
2046.89 53.63
2048.89 98.56
2050.9 76.45
2052.89 99.67
2054.93 108.28
2056.9 114.57
2058.9 114.57
2060.9 114.57
2062.91 114.57
2064.91 114.57
2066.91 114.57
2068.91 98.98
2070.91 98.98
2072.91 98.98
2074.92 98.98
2076.92 98.98
2078.92 88.1
2080.92 88.1
2082.93 109.44
2084.93 103.09
2086.93 114.96
2088.93 114.96
2090.93 114.96
2092.95 114.96
2094.95 90.8
2096.94 114.63
2098.95 128.73
2100.94 109.04
2102.95 25.33
2104.77 13.29
2106.95 89.23
2108.95 100.02
2110.96 5.15
2112.96 158.89
2114.96 14.02
2116.96 73.42
2118.96 63.76
2120.96 13.91
2122.97 62.98
2124.98 13.38
2126.97 21.93
2128.97 23.72
2130.97 26.19
2132.98 26.19
2134.98 26.6
2136.99 26.6
2138.98 26.6
2140.99 26.6
2143.0 26.84
2144.99 26.84
2146.99 26.84
2149.0 26.84
2151.0 26.84
2153.0 26.84
2155.0 67.41
2157.0 48.9
2159.0 49.45
2161.0 47.41
2163.01 58.57
2165.01 58.57
2167.02 55.17
2169.02 64.33
2171.02 64.33
2173.02 75.61
2175.02 77.04
2177.03 86.69
2179.03 69.74
2181.03 69.74
2183.04 69.74
2185.03 83.81
2187.03 79.4
2189.03 70.65
2191.03 66.42
2193.04 106.87
2195.04 87.44
2197.04 102.33
2199.04 81.25
2201.04 104.12
2203.06 104.12
2205.05 69.66
2207.07 103.5
2209.06 75.62
2211.05 75.62
2213.06 99.7
2215.07 92.96
2217.06 114.75
2219.06 114.75
2221.06 114.75
2223.08 114.75
2225.07 113.56
2227.08 113.56
2229.11 113.52
2231.08 0.99
2233.08 90.83
2235.08 99.34
2237.09 95.04
2239.08 95.04
2241.09 13.79
2243.1 85.76
2245.09 85.76
2247.09 116.04
2249.09 9.62
2251.1 105.96
2253.1 101.12
2255.1 101.12
2257.1 74.7
2259.11 109.8
2261.11 105.75
2263.11 91.77
2265.11 111.5
2267.11 72.58
2269.12 107.17
2271.12 98.02
2273.12 11.77
2275.12 113.24
2277.14 79.45
2279.12 113.18
2281.13 93.84
2283.14 13.48
2285.13 92.41
2287.14 83.98
2289.14 104.66
2291.14 63.97
2293.14 11.52
2295.14 102.15
2297.15 10.21
2299.14 93.2
2301.15 61.4
2303.15 132.17
2305.16 103.54
2307.16 103.54
2309.16 91.98
2311.16 133.18
2313.16 126.16
2315.16 86.99
2317.16 13.07
2319.16 72.96
2321.17 13.19
2323.17 145.28
2325.17 79.12
2327.17 14.68
2329.18 132.38
2331.18 9.56
2333.18 136.37
2335.02 12.36
2337.19 141.1
2339.19 89.65
2341.2 1.51
2343.19 102.21
2345.19 98.69
2347.2 78.91
2349.2 100.52
2351.2 13.19
2353.2 133.73
2355.2 1.69
2357.2 52.52
2359.01 117.41
2361.21 135.84
2363.21 127.53
2365.22 98.3
2367.22 61.97
2369.22 14.14
2371.22 73.65
2373.22 95.42
2375.22 14.76
2377.23 87.71
2379.23 108.57
2381.23 117.64
2383.23 93.89
2385.23 118.64
2387.23 138.88
2389.24 11.6
2391.24 141.34
2393.24 14.26
2395.24 130.03
2397.26 104.09
2399.25 121.33
2401.25 144.61
2403.25 14.21
2405.25 124.48
2407.07 13.89
2409.27 138.36
2411.27 131.11
2413.26 1.85
2415.26 86.37
2417.27 8.92
2419.27 157.65
2421.27 152.56
2423.27 150.15
2425.27 134.54
2427.27 1.59
2429.28 150.54
2431.1 14.59
2433.28 165.54
2435.28 95.82
2437.28 14.02
2439.28 158.59
2441.29 81.92
2443.3 163.19
2445.29 170.98
2447.29 178.35
2449.31 183.87
2451.3 11.88
2453.3 164.98
2455.12 14.33
2457.31 161.4
2459.31 170.28
2461.31 14.12
2463.31 95.97
2465.31 2.67
2467.32 168.04
2469.32 149.6
2471.33 151.94
2473.32 141.99
2475.32 12.42
2477.33 110.32
2479.15 13.19
2481.33 160.7
2483.33 137.63
2485.33 13.42
2487.34 123.85
2489.34 7.79
2491.35 129.13
2493.35 107.03
2495.34 158.9
2497.35 156.31
2499.35 10.21
2501.35 116.36
2503.18 12.63
2505.35 160.0
2507.36 162.49
2509.36 14.0
2511.36 157.14
2513.36 1.19
2515.36 125.75
2517.37 170.16
2519.37 112.1
2521.37 160.04
2523.37 11.25
2525.37 164.24
2527.19 14.27
2529.39 144.19
2531.38 160.12
2533.38 15.08
2535.38 97.91
2537.39 14.7
2539.39 167.89
2541.39 101.74
2543.4 161.32
2545.4 145.16
2547.4 1.92
2549.4 1.53
2551.4 11.4
2553.4 157.99
2555.42 156.01
2557.41 14.34
2559.41 153.12
2561.42 13.37
2563.42 159.43
2565.42 170.44
2567.42 107.35
2569.42 100.83
2571.42 13.46
2573.42 104.6
2575.43 13.49
2577.44 171.3
2579.44 155.87
2581.43 8.07
2583.43 160.7
2585.44 12.81
2587.45 148.09
2589.45 173.26
2591.45 179.71
2593.45 168.52
2595.45 5.78
2597.45 99.05
2599.45 4.65
2601.45 170.54
2603.45 167.91
2605.46 11.61
2607.46 144.54
2609.46 10.8
2611.46 164.54
2613.46 172.44
2615.48 165.5
2617.47 168.03
2619.48 0.94
2621.47 170.41
2623.47 14.26
2625.48 181.47
2627.48 150.5
2629.48 12.99
2631.48 118.54
2633.48 0.99
2635.49 96.74
2637.49 156.37
2639.49 160.71
2641.49 167.67
2643.49 5.31
2645.5 127.53
2647.5 1.32
2649.5 172.85
2651.5 114.94
2653.51 12.52
2655.51 149.99
2657.51 11.17
2659.51 118.92
2661.51 185.32
2663.53 177.04
2665.52 161.92
2667.52 10.92
2669.52 109.38
2671.52 11.64
2673.52 136.09
2675.54 111.36
2677.53 12.22
2679.55 150.34
2681.53 1.64
2683.53 139.83
2685.54 157.5
2687.54 160.74
2689.54 106.54
2691.54 14.89
2693.56 148.75
2695.55 15.43
2697.55 128.5
2699.55 136.39
2701.55 14.27
2703.56 163.65
2705.56 11.95
2707.56 128.69
2709.56 119.97
2711.56 149.13
2713.59 103.54
2715.57 10.64
2717.57 124.69
2719.57 13.37
2721.57 157.07
2723.59 97.32
2725.58 11.32
2727.58 99.91
2729.58 1.82
2731.58 135.67
2733.4 14.59
2735.59 121.38
2737.59 119.54
2739.59 11.26
2741.59 150.22
2743.6 8.53
2745.6 140.98
2747.62 145.04
2749.6 11.73
2751.62 115.35
2753.61 11.19
2755.61 164.35
2757.61 14.75
2759.61 115.19
2761.61 166.39
2763.62 16.03
2765.62 182.11
2767.62 6.68
2769.62 111.67
2771.62 181.88
2773.64 120.12
2775.63 74.85
2777.63 10.58
2779.63 159.42
2781.45 10.14
2783.64 94.91
2785.64 116.58
2787.64 11.82
2789.64 118.86
2791.64 1.59
2793.65 90.92
2795.65 163.75
2797.65 130.23
2799.65 159.57
2801.66 4.47
2803.66 130.28
2805.48 11.6
2807.66 145.97
2809.66 151.97
2811.67 12.87
2813.68 92.14
2815.67 1.37
2817.67 168.07
2819.67 169.8
2821.67 169.02
2823.68 168.23
2825.68 14.95
2827.68 134.13
2829.5 15.61
2831.68 94.36
2833.69 154.93
2835.69 14.69
2837.69 157.37
2839.69 7.47
2841.7 58.53
2843.71 175.2
2845.7 165.67
2847.7 175.67
2849.7 10.28
2851.7 114.34
2853.52 1.33
2855.71 112.7
2857.71 135.0
2859.71 11.89
2861.72 150.12
2863.72 1.62
2865.72 137.91
2867.72 113.61
2869.72 14.58
2871.74 146.65
2873.73 11.02
2875.74 163.83
2877.56 14.66
2879.73 70.58
2881.74 157.89
2883.74 14.46
2885.74 141.95
2887.74 14.99
2889.75 100.11
2891.75 85.82
2893.75 134.79
2895.75 60.79
2897.75 12.86
2899.78 74.63
2901.76 76.84
2903.76 85.32
2905.76 88.45
2907.76 88.45
2909.76 90.6
2911.78 87.78
2913.77 90.48
2915.78 90.48
2917.77 90.9
2919.77 90.9
2921.78 87.1
2923.78 92.24
2925.79 90.05
2927.78 57.69
2929.78 99.58
2931.79 72.32
2933.79 74.77
2935.8 79.83
2937.79 89.55
2939.8 90.03
2941.8 89.98
2943.81 75.73
2945.8 75.73
2947.8 75.73
2949.8 92.32
2951.81 92.32
2953.81 84.12
2955.81 84.12
2957.82 84.12
2959.82 101.75
2961.82 70.23
2963.82 95.23
2965.82 17.4
2967.83 97.96
2969.83 97.96
2971.83 64.14
2973.83 64.14
2975.83 90.37
2977.83 67.51
2979.86 104.04
2981.84 102.67
2983.85 102.58
2985.84 106.92
2987.84 107.71
2989.85 97.25
2991.85 76.43
2993.85 91.92
2995.85 99.12
2997.86 66.02
2999.87 81.53
3001.86 81.53
3003.88 96.93
3005.86 99.98
3007.86 13.86
3009.86 84.15
3011.87 76.33
3013.88 17.89
3015.87 84.67
3017.87 63.66
3019.88 69.61
3021.88 82.29
3023.88 63.47
3025.88 79.12
3027.88 84.33
3029.88 67.36
3031.89 67.95
3033.9 83.52
3035.89 74.68
3037.89 66.0
3039.9 66.0
3041.9 89.57
3043.9 77.29
3045.9 91.76
3047.9 91.76
3049.91 91.76
3051.91 84.27
3053.91 84.27
3055.91 75.91
3057.91 91.21
3059.92 91.21
3061.92 91.21
3063.93 106.59
3065.92 102.99
3067.92 99.41
3069.93 99.41
3071.93 99.41
3073.93 99.41
3075.93 87.12
3077.94 87.12
3079.94 87.12
3081.94 90.55
3083.94 90.64
3085.97 91.14
3087.98 91.14
3089.95 91.14
3091.98 91.14
3094.04 88.59
3095.95 66.61
3097.95 75.8
3099.96 75.8
3101.96 86.73
3103.96 79.45
3105.96 79.45
3107.98 79.45
3109.97 93.03
3111.97 89.9
3113.97 92.32
3115.98 98.94
3117.98 98.94
3119.98 85.78
3121.99 103.73
3123.98 77.58
3125.98 122.37
3128.0 89.43
3129.99 89.43
3131.81 14.56
3133.99 123.03
3136.0 123.03
3138.0 73.43
3140.0 107.85
3142.0 117.72
3144.0 81.73
3146.01 101.75
3148.01 122.02
3150.01 122.02
3152.03 12.38
3154.01 94.75
3155.81 77.32
3158.02 88.46
3160.02 96.84
3162.04 63.43
3164.02 86.51
3166.03 88.17
3168.03 88.31
3170.04 82.11
3172.03 85.26
3174.03 85.26
3176.04 92.98
3178.04 66.76
3179.87 93.48
3182.04 93.48
3184.04 93.48
3186.05 93.48
3188.05 93.48
3190.06 93.48
3192.05 93.48
3194.05 93.48
3196.06 109.91
3198.08 109.91
3200.06 68.99
3202.06 106.5
3203.87 92.25
3206.08 92.25
3208.08 93.82
3210.07 105.36
3212.07 120.84
3214.07 0.74
3216.08 56.52
3218.08 113.46
3220.08 113.46
3222.08 34.06
3224.09 12.6
3226.08 40.68
3228.08 54.44
3230.09 54.44
3232.09 95.62
3234.09 94.27
3236.11 94.27
3238.1 104.12
3240.11 85.87
3242.1 99.48
3244.11 97.18
3246.11 80.35
3248.11 88.02
3250.12 116.32
3252.11 69.27
3254.11 116.28
3256.12 104.33
3258.12 9.05
3260.12 30.36
3262.12 9.46
3264.13 95.69
3266.13 67.74
3268.15 111.52
3270.14 80.18
3272.14 4.98
3274.13 117.38
3275.98 10.82
3278.15 62.43
3280.14 76.88
3282.14 13.43
3284.14 107.5
3286.15 77.01
3288.15 108.14
3290.15 94.98
3292.16 94.98
3294.16 103.1
3296.16 113.81
3298.16 105.12
3300.16 107.56
3302.16 106.63
3304.16 106.63
3306.16 106.63
3308.17 106.63
3310.17 96.1
3312.17 96.1
3314.18 96.1
3316.18 104.79
3318.18 108.81
3320.18 108.81
3322.18 108.81
3324.18 108.81
3326.19 108.81
3328.19 101.13
3330.19 13.33
3332.19 90.68
3334.2 111.86
3336.2 99.84
3338.21 64.08
3340.22 14.41
3342.2 70.66
3344.21 108.51
3346.21 109.2
3348.0 83.65
3350.21 105.89
3352.21 62.2
3354.22 0.97
3356.22 94.88
3358.22 111.05
3360.22 78.2
3362.22 95.98
3364.23 105.81
3366.23 75.31
3368.23 105.48
3370.23 108.24
3372.23 12.81
3374.23 85.86
3376.24 93.23
3378.24 14.4
3380.24 58.42
3382.24 94.41
3384.25 94.41
3386.25 94.41
3388.26 111.83
3390.25 92.48
3392.25 92.48
3394.26 79.29
3396.26 93.2
3398.26 93.2
3400.26 93.2
3402.26 12.3
3404.27 115.97
3406.27 12.39
3408.27 111.89
3410.27 120.82
3412.28 97.77
3414.28 88.65
3416.28 114.5
3418.28 75.7
3420.29 12.24
3422.3 77.77
3424.29 105.23
3426.29 12.73
3428.29 106.23
3430.3 13.18
3432.3 100.5
3434.3 100.5
3436.3 100.5
3438.3 111.08
3440.3 11.29
3442.3 19.27
3444.31 19.27
3446.31 79.17
3448.31 65.45
3450.31 100.12
3452.31 111.07
3454.32 1.94
3456.32 105.49
3458.32 117.71
3460.32 104.8
3462.32 123.36
3464.33 121.35
3466.33 115.66
3468.34 114.68
3470.34 110.59
3472.34 118.47
3474.34 109.98
3476.34 111.52
3478.35 8.9
3480.35 115.63
3482.35 125.18
3484.35 91.01
3486.35 100.91
3488.35 1.21
3490.37 110.5
3492.36 110.5
3494.36 137.52
3496.36 137.52
3498.36 114.94
3500.37 124.77
3502.37 6.37
3504.37 127.23
3506.37 74.99
3508.37 86.81
3510.37 81.04
3512.37 11.52
3514.38 126.95
3516.38 110.65
3518.38 110.65
3520.39 123.08
3522.39 14.35
3524.39 97.66
3526.39 7.66
3528.4 123.93
3530.22 13.28
3532.4 88.53
3534.4 99.65
3536.4 13.08
3538.4 99.55
3540.4 14.0
3542.41 111.26
3544.41 119.09
3546.41 92.55
3548.42 106.21
3550.42 1.3
3552.42 106.92
3554.42 114.1
3556.42 139.97
3558.42 134.11
3560.43 130.93
3562.43 118.6
3564.43 110.96
3566.43 136.19
3568.44 135.45
3570.43 122.92
3572.44 139.42
3574.44 0.8
3576.45 125.45
3578.27 2.28
3580.44 145.15
3582.45 100.19
3584.45 13.89
3586.45 153.42
3588.45 0.97
3590.45 169.8
3592.46 154.97
3594.46 146.22
3596.46 133.13
3598.47 15.95
3600.46 145.26
3602.29 11.51
3604.47 124.28
3606.47 146.02
3608.47 13.74
3610.48 132.21
3612.48 8.12
3614.48 110.21
3616.48 170.24
3618.48 169.11
3620.48 110.6
3622.49 10.51
3624.49 166.27
3626.31 0.95
3628.49 124.55
3630.51 149.69
3632.5 13.96
3634.5 159.71
3636.5 1.67
3638.51 115.07
3640.51 123.01
3642.51 131.2
3644.51 145.39
3646.51 3.03
3648.51 128.54
3650.34 2.0
3652.52 146.01
3654.52 172.83
3656.52 15.63
3658.53 152.04
3660.52 10.35
3662.53 150.66
3664.53 177.36
3666.53 90.63
3668.53 146.61
3670.54 1.01
3672.54 164.33
3674.37 10.97
3676.54 139.78
3678.54 155.08
3680.55 14.79
3682.55 161.35
3684.55 8.73
3686.55 153.28
3688.55 148.87
3690.56 150.07
3692.56 167.26
3694.56 10.52
3696.56 167.39
3698.38 13.82
3700.57 161.4
3702.57 159.37
3704.57 9.63
3706.57 162.83
3708.57 15.13
3710.58 122.33
3712.58 162.53
3714.58 123.74
3716.58 137.29
3718.59 13.99
3720.59 105.51
3722.4 1.33
3724.59 136.02
3726.59 151.04
3728.59 13.46
3730.6 103.22
3732.6 1.02
3734.6 157.0
3736.61 168.17
3738.6 158.38
3740.61 154.52
3742.61 13.37
3744.63 140.28
3746.45 1.56
3748.62 110.2
3750.64 152.57
3752.63 0.87
3754.62 85.28
3756.62 14.62
3758.62 169.11
3760.64 99.52
3762.63 180.43
3764.64 162.58
3766.63 12.12
3768.64 99.58
3770.68 12.22
3772.66 133.24
3774.64 67.8
3776.64 13.38
3778.65 151.79
3780.65 8.95
3782.65 88.44
3784.65 116.96
3786.65 134.95
3788.66 112.82
3790.67 3.53
3792.66 127.52
3794.67 117.28
3796.66 113.35
3798.68 124.81
3800.67 124.26
3802.67 120.32
3804.68 14.12
3806.68 93.07
3808.68 139.58
3810.68 115.6
3812.68 135.45
3814.68 11.36
3816.68 121.01
3818.68 13.71
3820.69 109.29
3822.69 90.52
3824.69 11.65
3826.7 116.33
3828.7 113.78
3830.7 98.81
3832.7 98.45
3834.71 94.84
3836.71 89.43
3838.71 14.32
3840.71 59.96
3842.71 116.21
3844.71 125.72
3846.71 125.72
3848.72 15.47
3850.73 108.73
3852.72 122.96
3854.72 127.46
3856.72 135.87
3858.73 153.97
3860.73 145.12
3862.73 1.0
3864.74 123.37
3866.75 15.58
3868.74 159.71
3870.74 135.04
3872.74 13.8
3874.74 97.14
3876.76 7.63
3878.75 102.3
3880.75 84.25
3882.75 82.08
3884.75 72.99
3886.76 91.31
3888.76 77.3
3890.76 104.58
3892.76 104.58
3894.76 104.58
3896.77 99.69
3898.77 80.62
3900.77 90.45
3902.77 88.25
3904.57 101.59
3906.78 108.41
3908.78 109.18
3910.78 109.18
3912.78 137.83
3914.78 14.55
3916.79 137.94
3918.8 142.18
3920.79 0.96
3922.79 147.33
3924.79 13.97
3926.8 79.05
3928.62 12.69
3930.8 87.95
3932.8 105.55
3934.8 99.28
3936.8 101.88
3938.81 103.84
3940.81 78.04
3942.81 79.96
3944.82 75.38
3946.82 74.37
3948.82 13.54
3950.82 103.29
3952.64 14.25
3954.82 69.06
3956.83 108.67
3958.83 127.33
3960.83 92.29
3962.83 14.07
3964.84 122.47
3966.84 116.5
3968.85 116.48
3970.84 116.91
3972.84 3.5
3974.84 64.67
3976.66 15.02
3978.85 32.87
3980.85 83.9
3982.85 101.07
3984.85 104.08
3986.86 104.08
3988.86 82.07
3990.86 99.51
3992.87 97.82
3994.87 97.82
3996.88 15.54
3998.87 64.74
4000.69 14.12
4002.87 70.76
4004.88 64.05
4006.88 52.86
4008.88 67.63
4010.88 79.22
4012.88 79.22
4014.88 79.22
4016.89 79.22
4018.89 76.45
4020.89 76.85
4022.9 76.85
4024.7 75.39
4026.9 74.29
4028.9 74.29
4030.91 62.97
4032.9 80.41
4034.91 80.41
4036.91 80.76
4038.91 80.2
4040.91 93.65
4042.92 82.39
4044.92 87.79
4046.92 89.91
4048.92 74.04
4050.92 87.14
4052.92 80.27
4054.92 80.27
4056.93 92.25
4058.93 83.57
4060.93 84.38
4062.94 93.85
4064.94 79.12
4066.94 82.75
4068.94 96.79
4070.94 85.87
4072.95 107.57
4074.95 94.74
4076.95 108.71
4078.95 108.71
4080.95 118.48
4082.95 117.1
4084.96 135.31
4086.96 123.72
4088.96 133.6
4090.96 156.75
4092.96 0.95
4094.97 148.9
4096.79 12.7
4098.97 171.93
4100.97 82.56
4102.97 13.91
4104.98 74.1
4106.98 14.72
4108.98 40.77
