0.0 0.29
1.84 167.71
3.85 0.15
5.85 170.5
7.85 4.22
9.84 174.39
11.85 163.5
13.84 167.12
15.85 167.54
17.86 188.55
19.86 180.74
21.85 6.81
23.85 165.32
25.85 139.39
27.84 4.22
29.85 142.7
31.84 0.16
33.85 151.26
35.85 160.96
37.86 148.62
39.86 152.18
41.84 0.16
43.85 174.18
45.86 2.55
47.85 139.39
49.86 157.98
51.85 0.15
53.87 136.36
55.86 0.17
57.84 179.68
59.85 174.36
61.84 0.16
63.86 94.68
65.86 1.41
67.84 141.43
69.84 6.63
71.86 137.65
73.85 132.18
75.85 101.36
77.86 137.52
79.85 6.36
81.85 146.9
83.87 169.4
85.84 157.09
87.86 171.01
89.85 0.15
91.85 169.15
93.84 4.53
95.84 131.73
97.84 131.11
99.86 2.37
101.86 133.4
103.86 3.28
105.84 136.54
107.86 147.59
109.85 128.96
111.86 167.17
113.86 0.16
115.85 181.37
117.86 1.74
119.87 176.45
121.85 179.51
123.86 0.16
125.86 194.52
127.86 0.16
129.86 102.84
131.85 204.97
133.86 182.11
135.86 201.62
137.86 0.14
139.86 200.81
141.85 5.86
143.85 230.24
145.85 223.09
147.86 3.91
149.86 47.8
151.86 3.95
153.85 104.61
155.85 235.11
157.86 230.92
159.86 208.29
161.85 0.14
163.86 224.84
165.86 0.14
167.86 211.41
169.85 5.21
171.87 5.81
173.86 224.99
175.86 1.0
177.86 224.91
179.85 206.29
181.86 232.32
183.86 206.51
185.85 233.82
187.85 206.27
189.86 0.74
191.87 165.45
193.86 165.3
195.85 3.68
197.86 170.58
199.85 0.16
202.11 158.03
204.0 4.36
205.86 178.96
208.11 166.44
209.86 0.16
212.11 201.1
214.11 6.2
216.11 164.72
218.11 208.17
220.11 0.16
222.11 200.02
224.1 4.74
226.11 191.49
228.01 1.59
230.11 210.38
232.1 189.27
234.11 0.15
236.11 219.13
238.1 0.15
240.12 222.62
242.1 205.81
244.1 218.96
246.11 182.44
248.1 6.04
250.11 136.86
252.0 0.16
254.11 154.25
256.11 163.86
258.1 0.16
260.11 189.36
262.1 0.16
264.1 179.54
266.11 193.82
268.1 202.01
270.12 165.02
272.1 0.15
274.11 247.96
276.02 6.28
278.11 231.15
280.11 240.12
282.11 0.16
284.11 210.14
286.11 6.11
288.12 236.96
290.1 213.51
292.12 212.2
294.11 235.12
296.11 0.16
298.11 237.08
300.0 3.75
302.11 254.45
304.11 247.09
306.1 0.15
308.11 259.12
310.11 266.56
312.16 189.06
314.11 259.17
316.1 268.76
318.1 259.43
320.11 6.77
322.12 136.67
324.01 7.06
326.12 272.49
328.12 248.62
330.11 257.09
332.11 232.81
334.11 5.87
336.1 146.36
338.1 125.27
340.11 0.16
342.11 209.7
344.12 1.25
346.11 206.43
348.02 5.75
350.11 123.44
352.12 132.95
354.12 74.01
356.12 135.89
358.11 3.02
360.12 148.36
362.11 130.84
364.11 0.14
366.11 101.52
368.11 110.1
370.12 110.1
372.11 109.13
374.11 108.84
376.11 114.17
378.12 98.76
380.12 112.22
382.12 101.13
384.12 90.38
386.11 103.18
388.11 115.44
390.11 133.7
392.12 133.7
394.11 134.8
396.11 6.95
398.13 132.91
400.12 142.77
402.11 0.15
404.11 133.46
406.12 6.62
408.12 134.28
410.11 134.88
412.11 136.52
414.11 156.23
416.11 0.16
418.11 132.15
420.11 2.69
422.13 135.11
424.12 134.82
426.11 0.62
428.12 138.37
430.12 172.62
432.12 197.09
434.11 179.52
436.11 186.53
438.11 197.91
440.11 0.16
442.12 209.27
444.11 1.28
446.11 203.31
448.12 208.3
450.11 0.14
452.12 214.0
454.11 3.48
456.12 93.22
458.37 115.41
460.37 129.94
462.37 145.29
464.37 0.15
466.36 144.14
468.36 0.16
470.37 139.72
472.38 139.42
474.37 136.18
476.37 157.66
478.36 0.13
480.37 157.7
482.36 118.17
484.36 160.08
486.36 137.22
488.36 0.16
490.37 155.36
492.36 0.16
494.38 122.5
496.36 168.75
498.36 185.93
500.37 190.24
502.38 4.27
504.37 164.93
506.37 201.85
508.37 222.12
510.37 217.53
512.37 0.16
514.37 212.09
516.37 0.49
518.36 220.69
520.38 190.72
522.37 0.16
524.36 153.81
526.37 0.16
528.36 156.08
530.37 122.0
532.36 141.8
534.38 119.01
536.37 0.16
538.36 117.12
540.36 5.94
542.38 163.43
544.36 159.39
546.37 0.16
548.38 168.43
550.38 0.63
552.37 144.3
554.36 147.95
556.36 153.31
558.37 149.6
560.37 0.16
562.38 188.59
564.36 195.64
566.37 155.1
568.39 196.82
570.36 1.72
572.36 169.57
574.36 1.41
576.37 178.03
578.37 168.26
580.37 177.79
582.37 169.92
584.37 1.57
586.37 221.59
588.38 6.57
590.36 223.7
592.38 204.33
594.37 1.26
596.37 215.97
598.38 0.32
600.38 250.95
602.38 251.32
604.37 246.68
606.37 252.29
608.38 0.16
610.38 249.47
612.36 7.03
614.38 272.87
616.37 259.63
618.38 0.16
620.37 269.73
622.38 0.14
624.36 301.95
626.38 275.82
628.38 288.26
630.36 263.51
632.38 283.47
634.37 264.14
636.36 2.99
638.37 238.82
640.38 296.72
642.38 0.17
644.37 288.84
646.37 3.29
648.36 215.76
650.38 265.24
652.37 263.14
654.39 287.21
656.37 258.98
658.37 258.56
660.38 6.21
662.37 266.14
664.38 292.46
666.38 0.17
668.38 293.63
670.37 0.14
672.37 278.05
674.38 294.04
676.38 247.4
678.38 247.4
680.37 4.65
682.38 316.28
684.37 0.16
686.38 309.58
688.38 293.51
690.37 295.45
692.37 264.51
694.37 0.15
696.38 9.08
698.38 263.47
700.37 287.36
702.37 230.61
704.38 0.16
706.38 247.02
708.38 6.73
710.62 289.48
712.38 293.64
714.62 2.25
716.38 241.62
718.62 0.15
720.62 249.38
722.53 3.99
724.63 214.4
726.63 251.36
728.63 0.16
730.63 208.91
732.62 0.16
734.62 251.5
736.63 252.8
738.63 252.8
740.62 241.94
742.62 5.78
744.62 255.47
746.53 0.13
748.63 257.0
750.62 256.63
752.63 0.16
754.63 257.48
756.62 3.13
758.63 268.21
760.63 226.02
762.63 0.16
764.63 247.48
766.63 0.16
768.62 254.71
770.54 6.9
772.62 254.39
774.62 267.79
776.62 269.31
778.63 269.32
780.63 0.15
782.62 260.91
784.62 256.57
786.62 263.88
788.63 236.93
790.64 0.16
792.63 241.71
794.62 266.23
796.62 264.96
798.62 269.3
800.63 0.15
802.63 267.44
804.63 0.16
806.62 267.26
808.63 228.66
810.62 269.18
812.64 242.85
814.63 273.41
816.62 272.02
818.53 0.16
820.64 274.71
822.63 251.05
824.63 4.73
826.63 269.61
828.63 0.14
830.63 234.78
832.64 277.59
834.63 271.3
836.64 245.75
838.62 0.14
840.64 93.02
842.63 119.05
844.64 35.79
846.64 108.16
848.63 116.13
850.64 135.88
852.63 0.14
854.62 141.55
856.63 177.48
858.63 167.46
860.63 168.59
862.63 0.15
864.62 177.81
866.54 0.43
868.62 168.17
870.63 189.39
872.63 0.15
874.62 197.96
876.63 0.16
878.64 215.48
880.63 219.35
882.63 227.06
884.63 214.9
886.62 0.15
888.63 231.34
890.64 3.23
892.63 208.1
894.64 228.26
896.63 0.15
898.63 144.34
900.63 0.7
902.64 170.6
904.63 190.41
906.64 175.44
908.62 188.59
910.62 0.16
912.64 196.38
914.63 0.66
916.63 172.51
918.63 166.95
920.63 0.16
922.64 158.8
924.63 0.15
926.63 119.72
928.63 146.33
930.63 154.89
932.63 142.81
934.63 6.67
936.63 162.54
938.65 0.66
940.64 142.81
942.63 127.73
944.63 0.16
946.64 178.98
948.63 1.71
950.64 165.64
952.63 170.22
954.64 171.9
956.63 182.81
958.89 0.15
960.89 157.32
962.89 6.46
964.89 180.43
966.88 173.44
968.89 188.57
970.88 209.26
972.88 203.54
974.88 220.67
976.79 3.95
978.89 203.56
980.88 213.32
982.88 0.16
984.89 209.09
986.88 0.16
988.88 218.04
990.88 178.54
992.89 216.45
994.88 221.86
996.88 0.16
998.89 242.2
1000.71 232.9
1002.88 217.22
1004.89 236.95
1006.88 0.16
1008.88 235.84
1010.88 3.67
1012.9 180.03
1014.88 196.93
1016.88 243.74
1018.88 248.03
1020.88 0.16
1022.89 211.4
1024.78 0.16
1026.89 240.45
1028.88 250.66
1030.89 0.16
1032.9 218.98
1034.89 0.17
1036.88 253.01
1038.88 183.3
1040.88 254.4
1042.88 206.15
1044.89 3.24
1046.88 186.06
1048.79 3.8
1050.88 219.5
1052.89 203.41
1054.89 0.15
1056.89 221.17
1058.88 3.6
1060.89 231.92
1062.88 235.29
1064.89 238.57
1066.88 239.06
1068.88 0.16
1070.88 238.71
1072.79 3.02
1074.88 221.04
1076.88 167.55
1078.89 0.17
1080.89 201.59
1082.89 3.69
1084.88 259.67
1086.88 214.26
1088.89 255.31
1090.89 256.92
1092.89 6.7
1094.89 255.27
1096.78 6.88
1098.89 257.04
1100.89 266.72
1102.89 2.34
1104.89 266.64
1106.89 5.39
1108.89 251.59
1110.9 239.58
1112.89 235.29
1114.88 256.11
1116.89 0.31
1118.88 268.79
1120.89 4.21
1122.89 217.78
1124.89 239.32
1126.89 0.16
1128.9 203.27
1130.89 242.87
1132.89 268.15
1134.89 269.92
1136.89 208.33
1138.89 270.25
1140.88 6.53
1142.9 231.6
1144.88 4.44
1146.9 267.67
1148.9 244.12
1150.88 0.16
1152.89 257.6
1154.9 5.36
1156.89 264.26
1158.89 271.29
1160.89 0.15
1162.89 163.56
1164.89 0.15
1166.89 258.45
1168.88 3.72
1170.9 261.84
1172.89 261.84
1174.89 0.16
1176.89 196.29
1178.89 6.69
1180.89 216.88
1182.9 216.13
1184.9 0.15
1186.9 212.95
1188.88 5.96
1190.89 201.86
1192.9 3.48
1194.89 158.3
1196.9 205.68
1198.88 0.16
1200.9 206.6
1202.9 3.93
1204.89 228.47
1206.89 229.05
1208.89 6.86
1210.9 215.62
1212.9 0.15
1214.9 233.25
1217.15 207.69
1219.14 231.23
1221.14 197.85
1223.14 0.15
1225.13 198.7
1227.15 4.99
1229.14 217.03
1231.14 206.31
1233.15 202.37
1235.15 210.69
1237.14 0.14
1239.15 236.9
1241.15 0.47
1243.15 225.34
1245.15 260.05
1247.14 0.16
1249.15 241.12
1251.14 5.01
1253.14 213.43
1255.14 243.25
1257.15 0.14
1259.14 237.82
1261.14 3.56
1263.14 229.52
1265.14 6.4
1267.15 143.22
1269.14 179.85
1271.14 0.14
1273.14 207.81
1275.15 2.11
1277.14 244.55
1279.15 198.57
1281.15 221.1
1283.14 247.65
1285.14 3.64
1287.15 249.58
1289.15 4.81
1291.14 221.23
1293.15 252.85
1295.14 0.16
1297.14 251.74
1299.14 0.16
1301.15 267.11
1303.14 255.21
1305.15 266.94
1307.15 277.9
1309.15 0.16
1311.14 157.59
1313.14 3.15
1315.14 276.58
1317.15 203.04
1319.14 0.16
1321.15 189.52
1323.15 0.16
1325.16 277.54
1327.16 274.17
1329.14 269.13
1331.15 92.79
1333.14 136.67
1335.15 163.15
1337.14 0.15
1339.14 182.92
1341.15 127.53
1343.16 0.16
1345.15 169.07
1347.15 2.4
1349.14 179.64
1351.15 181.27
1353.16 167.56
1355.15 149.38
1357.14 3.94
1359.14 161.6
1361.14 4.24
1363.15 193.99
1365.15 198.95
1367.15 0.15
1369.16 196.63
1371.14 4.75
1373.15 182.69
1375.15 204.05
1377.15 184.9
1379.15 222.26
1381.15 3.92
1383.14 218.73
1385.15 234.84
1387.15 213.99
1389.15 228.96
1391.14 0.15
1393.15 206.2
1395.16 6.62
1397.15 199.31
1399.15 203.37
1401.15 208.25
1403.16 169.03
1405.15 0.15
1407.14 212.63
1409.16 6.6
1411.15 206.25
1413.15 202.82
1415.15 172.46
1417.14 204.58
1419.15 0.15
1421.15 238.7
1423.16 247.11
1425.15 243.17
1427.15 243.29
1429.15 0.16
1431.14 240.61
1433.14 0.16
1435.15 256.24
1437.15 253.04
1439.15 0.14
1441.15 246.96
1443.15 250.66
1445.15 68.61
1447.15 130.53
1449.15 151.82
1451.15 169.34
1453.15 0.16
1455.15 169.73
1457.16 201.69
1459.15 194.97
1461.15 203.65
1463.16 0.15
1465.4 183.52
1467.15 1.69
1469.4 204.09
1471.3 1.43
1473.41 200.01
1475.4 207.62
1477.41 0.16
1479.4 185.44
1481.4 0.15
1483.41 220.02
1485.41 170.71
1487.4 217.72
1489.4 230.21
1491.4 0.16
1493.4 206.43
1495.3 0.15
1497.41 243.6
1499.4 250.26
1501.42 0.16
1503.41 258.24
1505.4 0.16
1507.4 267.55
1509.4 228.93
1511.41 246.35
1513.41 260.86
1515.42 0.16
1517.41 268.39
1519.3 3.35
1521.4 146.15
1523.4 190.18
1525.4 0.29
1527.42 211.4
1529.41 4.12
1531.41 57.02
1533.4 164.53
1535.41 171.82
1537.41 209.62
1539.4 0.16
1541.41 158.37
1543.3 6.74
1545.4 199.23
1547.4 224.82
1549.41 0.16
1551.41 182.0
1553.42 0.16
1555.4 211.04
1557.41 235.42
1559.41 208.87
1561.41 189.03
1563.41 5.38
1565.4 225.03
1567.33 5.25
1569.41 197.58
1571.41 253.47
1573.41 0.15
1575.4 204.67
1577.41 6.7
1579.4 139.36
1581.4 168.2
1583.41 202.14
1585.41 162.3
1587.41 4.1
1589.41 201.29
1591.3 1.65
1593.41 158.52
1595.41 156.86
1597.4 0.15
1599.41 202.24
1601.42 4.29
1603.4 215.02
1605.4 189.43
1607.4 174.07
1609.42 204.3
1611.42 1.16
1613.42 211.13
1615.41 0.16
1617.4 212.86
1619.42 210.77
1621.4 226.15
1623.41 199.91
1625.41 6.83
1627.4 223.55
1629.4 215.06
1631.41 187.64
1633.42 243.74
1635.42 0.47
1637.42 206.74
1639.41 3.49
1641.41 246.58
1643.41 246.58
1645.41 0.16
1647.42 262.86
1649.4 0.16
1651.41 262.93
1653.4 264.19
1655.42 238.92
1657.4 240.53
1659.42 216.91
1661.42 207.27
1663.41 0.16
1665.41 272.86
1667.42 261.48
1669.41 0.16
1671.41 287.39
1673.4 5.95
1675.42 152.03
1677.4 184.2
1679.42 282.34
1681.42 292.25
1683.41 0.16
1685.42 196.27
1687.42 0.14
1689.41 133.01
1691.4 105.22
1693.41 126.02
1695.41 263.63
1697.42 4.18
1699.42 40.57
1701.41 32.59
1703.42 163.92
1705.4 248.27
1707.41 0.15
1709.41 216.47
1711.42 2.91
1713.41 210.7
1715.41 203.0
1717.41 0.16
1719.42 213.14
1721.41 1.11
1723.66 166.37
1725.56 5.35
1727.66 236.78
1729.67 217.74
1731.67 0.16
1733.67 170.23
1735.65 0.15
1737.66 235.52
1739.66 245.8
1741.67 245.8
1743.65 238.88
1745.67 0.16
1747.68 182.08
1749.55 0.16
1751.66 250.32
1753.67 242.09
1755.66 0.16
1757.66 250.62
1759.66 6.19
1761.67 246.28
1763.67 198.58
1765.65 152.99
1767.67 236.25
1769.66 1.13
1771.66 263.25
1773.56 6.75
1775.66 236.01
1777.66 276.29
1779.66 0.14
1781.67 282.69
1783.66 3.83
1785.66 256.99
1787.66 282.93
1789.66 255.31
1791.67 272.57
1793.67 281.16
1795.66 279.49
1797.57 6.3
1799.66 245.38
1801.66 284.24
1803.67 0.14
1805.66 238.55
1807.66 0.15
1809.66 240.73
1811.66 265.92
1813.66 261.37
1815.66 263.51
1817.66 0.16
1819.67 263.43
1821.57 6.58
1823.66 74.37
1825.66 53.46
1827.67 0.16
1829.66 83.62
1831.67 79.55
1833.66 70.64
1835.67 101.52
1837.66 119.88
1839.66 115.52
1841.67 109.74
1843.67 120.2
1845.67 129.13
1847.66 117.17
1849.66 111.76
1851.66 118.11
1853.67 119.82
1855.67 4.47
1857.66 163.77
1859.66 159.13
1861.66 153.85
1863.66 161.29
1865.67 0.16
1867.67 198.44
1869.67 4.1
1871.66 205.88
1873.67 202.52
1875.67 3.85
1877.66 189.5
1879.67 6.98
1881.67 235.8
1883.67 225.4
1885.66 248.15
1887.67 223.3
1889.67 4.81
1891.66 247.71
1893.66 0.16
1895.67 193.57
1897.68 222.64
1899.66 0.16
1901.67 244.95
1903.67 3.5
1905.67 253.63
1907.67 223.25
1909.68 261.02
1911.68 259.2
1913.67 7.36
1915.66 224.75
1917.68 0.16
1919.67 263.7
1921.67 266.63
1923.67 246.93
1925.67 227.74
1927.66 0.15
1929.67 256.14
1931.66 262.54
1933.67 259.54
1935.67 249.12
1937.66 181.16
1939.67 159.42
1941.67 0.16
1943.67 193.42
1945.67 211.14
1947.68 0.15
1949.67 150.64
1951.67 4.2
1953.67 204.66
1955.67 218.38
1957.67 135.37
1959.67 186.33
1961.68 221.88
1963.67 186.36
1965.66 3.63
1967.67 205.13
1969.92 168.61
1971.67 0.16
1973.67 198.33
1975.68 4.0
1977.93 208.82
1979.92 203.31
1981.94 207.31
1983.93 205.64
1985.91 0.14
1987.92 163.32
1989.92 173.89
1991.92 177.66
1993.92 121.59
1995.92 0.16
1997.92 115.2
1999.92 0.16
2001.92 118.66
2003.93 151.6
2005.92 143.34
2007.93 153.94
2009.92 3.06
2011.93 139.41
2013.93 7.06
2015.93 173.53
2017.92 168.0
2019.93 0.17
2021.93 163.3
2023.93 182.39
2025.92 166.12
2027.91 152.89
2029.93 195.21
2031.93 194.33
2033.93 0.15
2035.92 173.96
2037.92 4.23
2039.92 209.11
2041.92 209.3
2043.92 0.16
2045.92 202.77
2047.92 1.11
2049.92 229.24
2051.92 212.76
2053.93 0.16
2055.92 223.3
2057.92 0.15
2059.92 191.32
2061.92 1.28
2063.93 163.39
2065.93 155.14
2067.94 0.13
2069.93 162.24
2071.93 2.25
2073.93 126.01
2075.93 169.25
2077.93 153.71
2079.92 161.24
2081.92 0.15
2083.93 173.69
2085.92 2.1
2087.93 179.62
2089.93 159.82
2091.92 0.16
2093.92 207.34
2095.93 0.15
2097.93 163.89
2099.93 195.24
2101.92 188.19
2103.93 197.48
2105.93 5.25
2107.92 217.53
2109.92 0.16
2111.94 229.07
2113.93 223.09
2115.93 0.16
2117.93 242.8
2119.93 3.62
2121.93 241.17
2123.92 229.02
2125.92 219.54
2127.92 239.7
2129.92 0.15
2131.92 230.64
2133.92 4.23
2135.92 231.47
2137.92 187.84
2139.93 0.16
2141.93 234.69
2143.93 0.16
2145.93 204.88
2147.92 233.42
2149.93 218.82
2151.93 222.71
2153.93 0.16
2155.93 228.49
2157.92 3.8
2159.92 211.8
2161.93 226.86
2163.93 0.16
2165.93 239.74
2167.92 3.57
2169.92 198.92
2171.93 204.24
2173.93 204.24
2175.92 201.78
2177.94 0.15
2179.92 221.81
2181.92 5.34
2183.93 213.77
2185.93 232.65
2187.94 0.15
2189.92 214.72
2191.94 0.95
2193.93 228.98
2195.93 235.06
2197.94 235.06
2199.93 227.18
2201.93 0.15
2203.93 172.68
2205.93 5.92
2207.93 207.7
2209.93 237.61
2211.92 189.95
2213.93 205.14
2215.92 6.76
2217.92 194.12
2219.94 165.45
2221.94 186.78
2223.94 193.59
2225.93 1.25
2228.19 208.09
2230.17 1.32
2232.18 216.47
2234.18 219.17
2236.18 0.15
2238.18 218.57
2240.19 3.47
2242.19 214.27
2244.08 4.18
2246.18 177.99
2248.17 238.43
2250.19 0.16
2252.18 233.79
2254.18 0.16
2256.18 233.81
2258.19 192.76
2260.19 0.16
2262.18 234.42
2264.18 0.16
2266.18 242.96
2268.08 0.17
2270.18 198.28
2272.18 170.24
2274.18 162.17
2276.18 162.76
2278.19 0.14
2280.18 195.54
2282.18 197.33
2284.18 184.57
2286.18 181.16
2288.18 0.16
2290.18 213.36
2292.08 6.76
2294.19 198.35
2296.19 214.31
2298.18 0.16
2300.18 173.2
2302.19 0.16
2304.18 190.93
2306.18 224.33
2308.19 0.16
2310.18 149.37
2312.18 0.14
2314.18 222.44
2316.09 0.77
2318.18 182.16
2320.18 220.98
2322.19 0.15
2324.19 246.17
2326.19 250.19
2328.18 245.36
2330.19 218.34
2332.19 0.16
2334.18 254.66
2336.19 2.03
2338.18 161.28
2340.1 6.05
2342.18 254.81
2344.18 237.79
2346.18 206.15
2348.18 193.29
2350.19 3.91
2352.18 220.67
2354.18 186.77
2356.18 0.16
2358.18 198.88
2360.2 219.74
2362.2 186.95
2364.08 0.16
2366.19 185.63
2368.19 198.32
2370.18 0.16
2372.19 158.8
2374.19 4.17
2376.19 183.0
2378.18 196.08
2380.19 201.8
2382.19 201.08
2384.19 170.7
2386.19 185.48
2388.19 6.87
2390.18 206.41
2392.18 185.66
2394.18 1.43
2396.19 208.23
2398.19 6.59
2400.19 205.16
2402.19 210.44
2404.18 193.8
2406.19 198.63
2408.18 0.16
2410.18 177.77
2412.19 3.82
2414.2 207.04
2416.19 224.5
2418.19 0.16
2420.18 250.5
2422.18 0.14
2424.19 228.87
2426.18 190.45
2428.18 2.54
2430.18 249.63
2432.19 0.17
2434.2 246.78
2436.19 0.27
2438.2 251.81
2440.18 251.81
2442.18 0.14
2444.18 256.35
2446.18 0.16
2448.19 255.94
2450.19 200.59
2452.18 245.11
2454.18 241.86
2456.18 3.54
2458.18 190.72
2460.19 7.02
2462.19 211.25
2464.18 161.92
2466.18 1.3
2468.18 157.96
2470.19 0.16
2472.19 213.89
2474.19 215.99
2476.2 0.16
2478.44 162.88
2480.44 6.34
2482.44 230.09
2484.45 0.76
2486.44 195.02
2488.44 233.69
2490.44 6.21
2492.45 160.96
2494.44 3.35
2496.44 236.09
2498.28 233.0
2500.45 235.53
2502.45 177.28
2504.44 0.15
2506.44 193.63
2508.44 0.16
2510.45 227.09
2512.46 236.18
2514.44 236.3
2516.44 228.62
2518.45 0.15
2520.43 220.23
2522.43 231.47
2524.44 216.27
2526.44 231.41
2528.44 0.15
2530.44 164.58
2532.44 5.97
2534.44 201.49
2536.44 229.58
2538.44 232.37
2540.44 227.57
2542.44 219.4
2544.45 213.13
2546.33 7.0
2548.44 198.61
2550.45 243.77
2552.44 0.16
2554.45 236.83
2556.44 5.94
2558.45 219.2
2560.44 234.59
2562.43 0.16
2564.43 231.47
2566.44 1.09
2568.43 216.46
2570.34 6.68
2572.44 211.0
2574.43 225.29
2576.44 0.16
2578.44 169.73
2580.45 3.47
2582.44 207.25
2584.45 233.83
2586.44 195.37
2588.44 238.27
2590.45 231.07
2592.45 241.62
2594.36 5.84
2596.44 235.89
2598.45 251.31
2600.45 0.15
2602.44 255.74
2604.44 3.11
2606.45 239.84
2608.44 255.97
2610.45 235.79
2612.45 201.47
2614.45 0.31
2616.44 130.33
2618.34 0.15
2620.44 200.14
2622.44 221.25
2624.45 0.16
2626.44 196.94
2628.45 6.93
2630.44 207.47
2632.45 226.75
2634.45 0.16
2636.44 156.45
2638.45 0.16
2640.46 226.18
2642.44 236.23
2644.45 235.34
2646.44 234.22
2648.44 0.16
2650.45 187.79
2652.44 0.14
2654.45 228.64
2656.44 244.2
2658.44 0.14
2660.44 184.52
2662.45 0.16
2664.45 244.19
2666.44 3.51
2668.45 229.67
2670.44 240.09
2672.45 0.15
2674.44 228.0
2676.45 1.23
2678.45 154.24
2680.45 210.08
2682.45 5.41
2684.44 140.24
2686.45 6.7
2688.45 197.81
2690.44 3.95
2692.44 207.19
2694.44 185.98
2696.45 0.31
2698.44 214.96
2700.45 6.68
2702.45 219.04
2704.44 235.89
2706.45 217.25
2708.45 174.82
2710.45 6.4
2712.45 177.42
2714.45 4.33
2716.44 174.07
2718.45 180.86
2720.45 2.21
2722.45 146.74
2724.45 2.0
2726.45 183.08
2728.7 183.08
2730.45 176.3
2732.46 172.73
2734.45 3.7
2736.7 159.04
2738.7 6.74
2740.69 201.25
2742.7 195.94
2744.69 0.15
2746.7 222.99
2748.69 1.1
2750.69 231.56
2752.7 230.03
2754.7 218.75
2756.69 212.75
2758.7 3.77
2760.71 217.56
2762.69 1.77
2764.71 210.59
2766.71 208.07
2768.71 5.53
2770.7 215.69
2772.71 5.27
2774.7 253.1
2776.7 216.81
2778.69 257.11
2780.71 229.91
2782.69 0.16
2784.7 225.36
2786.52 256.1
2788.71 258.24
2790.72 228.88
2792.7 0.14
2794.71 271.52
2796.7 0.16
2798.7 259.14
2800.71 241.66
2802.7 0.16
2804.7 261.83
2806.69 5.14
2808.69 204.43
2810.69 5.73
2812.71 254.98
2814.7 243.43
2816.7 234.83
2818.7 163.26
2820.7 3.37
2822.71 251.0
2824.7 245.27
2826.71 250.37
2828.7 251.98
2830.7 0.15
2832.71 252.22
2834.71 243.75
2836.7 254.91
2838.7 261.09
2840.7 0.13
2842.71 260.75
2844.7 6.83
2846.7 258.99
2848.71 252.51
2850.71 0.16
2852.7 253.79
2854.7 0.16
2856.7 216.0
2858.7 0.16
2860.7 169.0
2862.7 161.06
2864.71 4.21
2866.71 216.37
2868.71 0.14
2870.7 201.09
2872.71 236.4
2874.7 239.09
2876.71 238.9
2878.7 0.15
2880.71 249.48
2882.71 6.9
2884.7 194.64
2886.7 244.63
2888.69 244.11
2890.7 228.32
2892.7 0.15
2894.71 246.39
2896.72 203.96
2898.71 245.02
2900.71 246.0
2902.7 191.1
2904.7 249.85
2906.71 6.07
2908.7 154.12
2910.71 172.27
2912.7 5.86
2914.71 187.09
2916.7 0.15
2918.71 172.97
2920.71 200.35
2922.71 194.01
2924.7 207.03
2926.71 0.15
2928.71 231.89
2930.71 0.73
2932.7 236.79
2934.7 226.59
2936.7 0.72
2938.71 210.9
2940.71 3.83
2942.71 227.76
2944.71 223.29
2946.71 214.3
2948.71 245.58
2950.71 0.16
2952.71 250.62
2954.7 6.4
2956.71 272.17
2958.7 254.17
2960.7 204.0
2962.7 273.77
2964.7 0.15
2966.7 280.05
2968.71 303.31
2970.7 305.14
2972.71 272.24
2974.7 3.15
2976.71 303.35
2978.71 3.55
2980.95 276.07
2982.7 221.13
2984.71 3.91
2986.95 153.49
2988.95 0.15
2990.95 251.66
2992.85 3.21
2994.97 281.8
2996.96 277.34
2998.95 0.61
3000.96 295.25
3002.95 6.89
3004.96 269.04
3006.96 283.11
3008.95 0.14
3010.96 235.78
3012.95 0.16
3014.96 256.67
3016.86 6.94
3018.96 251.66
3020.96 241.47
3022.96 0.31
3024.96 220.21
3026.96 3.5
3028.96 208.35
3030.95 203.19
3032.95 216.33
3034.96 209.93
3036.95 0.15
3038.95 228.91
3040.85 0.81
3042.95 245.03
3044.95 200.07
3046.97 0.16
3048.96 250.97
3050.96 0.16
3052.95 223.51
3054.96 236.71
3056.96 219.5
3058.96 251.9
3060.96 3.76
3062.96 250.59
3064.95 253.57
3066.95 187.87
3068.97 186.59
3070.96 0.15
3072.96 251.62
3074.95 3.76
3076.95 226.14
3078.95 213.78
3080.96 0.15
3082.96 206.13
3084.96 0.15
3086.96 235.61
3088.85 6.56
3090.97 245.29
3092.96 242.96
3094.97 0.13
3096.97 243.09
3098.95 5.28
3100.96 236.38
3102.96 234.22
3104.95 0.16
3106.96 197.88
3108.97 0.48
3110.96 242.2
3112.95 242.2
3114.96 203.69
3116.97 196.12
3118.96 0.15
3120.96 205.77
3122.96 0.16
3124.96 201.8
3126.96 177.21
3128.97 202.31
3130.97 201.8
3132.96 4.25
3134.97 185.78
3136.86 4.22
3138.97 182.2
3140.96 211.68
3142.97 0.16
3144.97 212.53
3146.97 4.11
3148.96 188.2
3150.96 134.01
3152.96 7.01
3154.97 189.32
3156.97 2.67
3158.97 171.92
3160.95 4.7
3162.97 170.46
3164.96 193.4
3166.97 0.15
3168.96 155.1
3170.96 171.76
3172.98 191.15
3174.96 171.66
3176.96 171.02
3178.97 186.41
3180.96 5.19
3182.96 221.42
3184.96 0.16
3186.96 212.3
3188.96 201.06
3190.97 0.16
3192.96 243.17
3194.96 0.15
3196.96 214.31
3198.97 235.36
3200.96 0.15
3202.97 256.97
3204.96 0.16
3206.96 257.45
3208.97 6.54
3210.97 255.88
3212.98 249.17
3214.97 231.73
3216.96 253.91
3218.96 0.32
3220.96 256.83
3222.96 257.25
3224.97 0.14
3226.96 174.47
3228.96 0.15
3230.98 267.08
3232.96 3.01
3234.97 206.01
3236.97 206.01
3239.21 0.16
3241.23 264.77
3242.98 0.16
3245.22 222.83
3247.22 213.53
3249.21 183.0
3251.22 195.77
3253.22 0.16
3255.22 200.65
3257.21 6.97
3259.22 176.28
3261.22 205.14
3263.21 0.16
3265.24 204.69
3267.22 0.16
3269.22 246.38
3271.23 223.95
3273.22 0.15
3275.22 251.11
3277.21 0.16
3279.21 246.1
3281.22 6.58
3283.22 233.38
3285.21 176.34
3287.22 0.28
3289.22 139.05
3291.22 151.3
3293.21 223.87
3295.22 230.87
3297.23 241.37
3299.22 239.72
3301.22 5.66
3303.22 250.99
3305.23 0.16
3307.22 207.01
3309.23 116.78
3311.22 0.15
3313.23 253.6
3315.22 3.58
3317.22 254.41
3319.22 240.16
3321.21 248.61
3323.23 242.04
3325.22 5.6
3327.22 256.14
3329.22 6.74
3331.22 260.88
3333.23 260.9
3335.22 0.16
3337.22 262.45
3339.21 0.16
3341.21 263.47
3343.23 210.39
3345.22 140.92
3347.23 140.92
3349.22 2.0
3351.22 248.72
3353.22 0.64
3355.22 215.06
3357.22 182.41
3359.22 0.15
3361.23 220.36
3363.22 0.15
3365.23 209.69
3367.22 229.53
3369.22 152.51
3371.21 110.41
3373.22 0.15
3375.23 203.67
3377.22 0.17
3379.22 243.07
3381.22 236.07
3383.22 0.15
3385.22 245.26
3387.22 0.16
3389.22 193.76
3391.23 200.52
3393.22 252.54
3395.23 190.37
3397.22 125.38
3399.22 167.7
3401.23 0.49
3403.22 174.15
3405.22 184.39
3407.23 179.63
3409.21 173.03
3411.21 4.42
3413.21 184.12
3415.21 203.9
3417.22 208.04
3419.24 213.58
3421.23 3.88
3423.54 150.47
3425.23 6.73
3427.21 143.52
3429.23 177.12
3431.22 0.15
3433.23 170.83
3435.23 5.91
3437.22 145.6
3439.23 146.94
3441.22 141.11
3443.23 177.08
3445.22 175.91
3447.22 166.73
3449.22 6.14
3451.23 170.3
3453.22 160.92
3455.22 0.16
3457.22 161.78
3459.22 4.54
3461.22 166.51
3463.22 148.68
3465.23 147.32
3467.23 159.4
3469.23 0.15
3471.22 174.92
3473.23 2.48
3475.23 165.91
3477.22 173.68
3479.23 0.16
3481.23 160.12
3483.22 177.26
3485.23 143.78
3487.23 120.86
3489.23 110.26
3491.48 173.69
3493.23 0.16
3495.47 108.05
3497.47 6.75
3499.46 70.0
3501.47 57.51
3503.47 72.97
3505.48 72.97
3507.48 72.97
3509.47 72.97
3511.31 72.97
3513.47 72.97
3515.48 72.97
3517.48 72.97
3519.49 72.97
3521.48 93.37
3523.48 100.93
3525.47 84.52
3527.48 112.98
3529.48 100.75
3531.48 95.41
3533.48 119.6
3535.37 2.02
3537.47 101.79
3539.48 124.18
3541.48 0.16
3543.47 127.24
3545.47 135.94
3547.48 135.94
3549.47 117.11
3551.47 137.01
3553.48 141.38
3555.47 3.26
3557.48 143.46
3559.32 154.03
3561.48 155.63
3563.48 142.31
3565.47 0.16
3567.47 157.29
3569.47 5.92
3571.48 162.45
3573.48 168.4
3575.48 169.0
3577.48 176.5
3579.47 0.16
3581.47 167.59
3583.37 6.69
3585.48 173.13
3587.48 171.06
3589.48 0.14
3591.47 168.59
3593.48 2.1
3595.49 193.25
3597.48 186.58
3599.48 1.97
3601.48 173.71
3603.49 0.15
3605.48 211.95
3607.37 0.17
3609.47 204.71
3611.48 204.11
3613.47 0.16
3615.48 207.11
3617.48 4.68
3619.47 200.21
3621.48 164.91
3623.49 0.15
3625.48 88.89
3627.48 0.16
3629.49 135.59
3631.4 5.33
3633.49 170.7
3635.47 176.84
3637.48 0.16
3639.49 179.17
3641.48 0.15
3643.48 197.03
3645.49 177.81
3647.48 205.34
3649.48 188.11
3651.48 6.85
3653.48 216.98
3655.48 5.82
3657.49 212.43
3659.48 214.12
3661.48 0.16
3663.48 200.36
3665.49 0.16
3667.49 235.77
3669.48 196.22
3671.47 241.9
3673.5 241.9
3675.48 3.69
3677.49 203.52
3679.47 4.05
3681.48 206.83
3683.48 187.92
3685.49 0.17
3687.48 186.55
3689.5 5.91
3691.49 218.3
3693.5 203.65
3695.48 211.0
3697.48 198.7
3699.48 3.95
3701.47 224.06
3703.47 6.98
3705.48 214.5
3707.48 215.93
3709.48 0.16
3711.47 206.18
3713.48 4.1
3715.48 197.24
3717.48 215.24
3719.48 211.51
3721.49 214.01
3723.49 1.11
3725.48 217.94
3727.49 6.12
3729.48 209.16
3731.48 198.63
3733.49 0.16
3735.48 189.62
3737.49 6.64
3739.48 215.86
3741.63 6.54
3743.49 179.72
3745.73 229.46
3747.5 0.15
3749.74 199.64
3751.73 0.16
3753.72 203.32
3755.73 178.91
3757.73 0.17
3759.73 208.9
3761.73 2.4
3763.74 198.32
3765.62 1.11
3767.74 214.76
3769.74 207.98
3771.74 224.65
3773.73 175.25
3775.73 6.59
3777.74 162.48
3779.73 176.02
3781.74 165.81
3783.73 162.11
3785.74 2.09
3787.73 120.58
3789.62 2.79
3791.74 139.68
3793.73 150.33
3795.74 0.15
3797.73 121.11
3799.74 1.13
3801.73 149.5
3803.74 149.47
3805.73 138.34
3807.74 128.57
3809.74 2.98
3811.74 154.94
3813.63 6.52
3815.74 163.72
3817.74 177.11
3819.74 0.16
3821.74 178.18
3823.74 2.18
3825.74 173.69
3827.74 161.8
3829.74 195.93
3831.73 156.72
3833.74 0.16
3835.73 192.65
3837.62 6.49
3839.74 213.81
3841.74 190.09
3843.74 0.15
3845.74 232.95
3847.74 0.14
3849.75 184.57
3851.74 216.59
3853.74 233.59
3855.74 231.61
3857.73 3.16
3859.73 249.36
3861.63 0.31
3863.73 275.34
3865.73 267.54
3867.74 0.16
3869.74 276.74
3871.73 0.16
3873.74 281.49
3875.74 259.93
3877.74 272.85
3879.74 288.26
3881.74 0.16
3883.74 265.29
3885.64 6.56
3887.74 249.98
3889.75 225.12
3891.75 0.14
3893.75 282.95
3895.74 280.53
3897.75 274.46
3899.74 180.96
3901.74 179.17
3903.75 168.98
3905.74 5.13
3907.74 271.63
3909.73 280.06
3911.73 275.61
3913.74 177.99
3915.74 0.15
3917.75 77.51
3919.74 4.16
3921.74 271.11
3923.74 283.53
3925.75 290.41
3927.75 227.9
3929.74 5.98
3931.74 243.34
3933.73 6.4
3935.75 188.44
3937.74 228.84
3939.74 3.27
3941.74 203.75
3943.75 4.29
3945.74 228.68
3947.75 209.74
3949.74 245.51
3951.74 245.51
3953.75 6.83
3955.75 233.08
3957.74 6.28
3959.74 241.79
3961.74 250.63
3963.74 0.14
3965.75 136.71
3967.74 5.94
3969.75 152.43
3971.75 172.19
3973.75 0.16
3975.74 138.98
3977.74 4.03
3979.74 167.75
3981.75 6.88
3983.75 142.36
3985.75 180.47
3987.74 180.5
3989.74 151.5
3991.74 4.57
3993.74 119.45
3995.99 152.65
3997.76 151.79
3999.99 143.31
4002.0 0.15
4003.99 152.37
4005.99 4.24
4008.0 176.32
4009.99 175.14
4012.0 0.16
4014.0 162.91
4016.0 0.16
4018.0 176.07
4020.0 134.89
4021.99 134.89
4023.99 183.23
4025.99 1.5
4028.0 216.37
4029.99 6.53
4031.99 214.17
4033.99 213.32
4035.99 0.14
4037.99 225.42
4039.99 3.76
4042.01 217.9
4044.0 232.87
4045.99 230.07
4047.98 245.99
4049.99 0.15
4051.99 221.1
4054.0 5.81
4056.0 237.02
4057.99 212.31
4060.01 214.18
4062.0 222.96
4064.01 3.66
4066.0 184.48
4068.0 187.8
4070.0 0.16
4071.99 228.78
4074.0 229.06
4076.01 226.34
4077.99 5.83
4079.99 206.84
4082.0 218.44
4084.0 6.84
4086.0 162.71
4088.0 0.15
4090.0 215.39
4092.0 190.41
4094.0 201.2
4096.0 161.95
4098.0 139.53
4099.99 155.42
4102.0 4.02
4104.01 121.81
4106.0 199.04
4108.0 0.15
4110.01 214.31
4112.0 6.21
4113.99 187.39
4115.99 162.24
4118.0 199.72
4120.0 177.03
4122.01 204.87
4124.0 208.88
4126.01 6.91
4128.0 169.24
4130.0 215.31
4131.99 0.16
4134.0 200.06
4136.0 4.13
4138.0 149.1
4140.0 164.99
4142.0 211.9
4144.01 189.8
4146.0 4.13
4148.01 220.42
4150.01 3.62
4152.0 152.5
4154.0 143.43
4156.0 1.18
4158.0 178.92
4160.0 2.99
4162.0 180.41
4164.0 113.14
4166.0 166.08
4168.01 141.84
4170.0 2.19
4172.0 168.71
4174.01 0.15
4175.99 148.81
4178.01 180.36
4180.0 4.09
4181.99 210.17
4184.0 0.16
4186.01 223.56
4188.0 224.22
4190.0 221.32
4192.01 238.49
4193.99 0.16
4196.0 263.06
4198.0 0.14
4200.0 265.79
4202.01 265.79
4204.02 0.15
4206.0 279.59
4208.0 5.74
4209.99 298.15
4212.02 301.7
4214.0 314.77
4216.0 310.16
4218.01 0.15
4220.01 222.38
4221.99 2.96
4224.01 131.07
4226.01 120.09
4228.0 0.15
4230.01 149.51
4232.0 2.71
4234.0 179.83
4236.01 87.21
4238.0 164.0
4240.01 164.0
4242.0 1.71
4244.26 186.77
4246.0 4.22
4248.25 207.22
4250.25 208.41
4252.26 214.37
4254.25 205.8
4256.26 6.97
4258.27 229.78
4260.14 6.36
4262.25 234.39
4264.24 246.78
4266.26 0.3
4268.26 249.26
4270.25 0.16
4272.25 128.16
4274.26 110.96
4276.25 110.96
4278.25 110.96
4280.26 107.99
4282.25 102.91
4284.08 113.7
4286.26 109.91
4288.25 105.6
4290.25 105.6
4292.26 113.22
4294.24 102.81
4296.26 108.33
4298.26 115.39
4300.25 1.59
4302.26 63.75
4304.25 2.67
4306.26 115.5
4308.15 5.66
4310.25 117.53
4312.25 117.53
4314.26 118.83
4316.26 112.95
4318.26 112.86
4320.26 119.35
4322.25 120.04
4324.26 119.55
4326.26 124.77
4328.25 5.05
4330.27 116.95
4332.16 6.25
4334.25 128.62
4336.25 126.94
4338.25 0.59
4340.26 126.84
4342.27 113.99
4344.26 121.27
4346.25 130.2
4348.25 132.16
4350.26 122.27
4352.25 121.15
4354.25 132.08
4356.14 1.29
4358.26 131.23
4360.26 132.69
4362.27 4.58
4364.26 142.2
4366.26 4.72
4368.25 157.13
4370.26 142.4
4372.26 155.27
4374.26 136.21
4376.26 0.15
4378.26 132.1
4380.16 6.63
4382.25 126.78
4384.26 150.98
4386.26 1.94
4388.26 132.47
4390.26 132.59
4392.26 144.25
4394.26 133.98
4396.26 131.16
4398.27 157.05
4400.26 4.39
4402.27 155.57
4404.25 6.18
4406.26 157.09
4408.26 142.81
4410.26 156.21
4412.27 112.63
4414.26 6.78
4416.27 140.79
4418.25 153.16
4420.26 7.43
4422.27 141.7
4424.27 7.07
4426.25 126.59
4428.27 2.44
4430.26 157.69
4432.26 159.61
4434.27 0.16
4436.26 150.23
4438.26 2.69
4440.26 130.71
4442.26 147.63
4444.27 4.4
4446.26 147.4
4448.26 0.16
4450.27 132.53
4452.25 124.1
4454.27 117.31
4456.27 128.4
4458.26 1.05
4460.26 149.47
4462.26 0.16
4464.26 147.66
4466.25 140.33
4468.27 123.78
4470.27 128.97
4472.26 4.79
4474.26 130.09
4476.25 1.13
4478.27 127.12
4480.25 137.62
4482.26 0.14
4484.27 154.58
4486.26 0.16
4488.26 144.31
4490.26 169.04
4492.27 159.19
4494.26 173.3
4496.27 6.01
4498.26 153.9
4500.51 159.72
4502.27 166.68
4504.51 175.74
4506.52 169.73
4508.52 180.41
4510.5 2.03
4512.52 179.58
4514.42 6.89
4516.52 184.58
4518.51 164.19
4520.51 6.45
4522.52 189.59
4524.51 0.16
4526.51 179.79
4528.52 191.6
4530.51 196.96
4532.52 112.59
4534.51 6.34
4536.52 192.85
4538.42 0.16
4540.52 183.51
4542.51 179.76
4544.51 6.15
4546.52 217.56
4548.51 1.25
4550.51 103.94
4552.52 50.94
4554.51 0.16
4556.52 42.25
4558.52 54.55
4560.51 92.62
4562.35 92.62
4564.52 92.62
4566.52 92.62
4568.52 92.62
4570.52 92.62
4572.51 92.62
4574.52 92.62
4576.52 92.62
4578.51 92.62
4580.51 98.53
4582.52 100.25
4584.51 100.25
4586.51 100.25
4588.51 100.25
4590.52 100.25
4592.51 100.25
4594.51 100.25
4596.51 100.25
4598.51 100.25
4600.52 100.25
4602.52 100.25
4604.52 100.25
4606.51 100.25
4608.52 100.25
4610.52 100.25
4612.52 100.25
4614.52 100.25
4616.51 100.25
4618.52 100.25
4620.52 100.25
4622.51 100.25
4624.51 100.25
4626.52 100.25
4628.51 100.25
4630.52 100.25
4632.53 100.25
4634.52 100.25
4636.51 103.1
4638.53 97.87
4640.51 92.49
4642.51 94.57
4644.51 99.84
4646.52 99.84
4648.51 99.84
4650.51 99.84
4652.51 99.84
4654.53 99.84
4656.52 99.84
4658.52 99.84
4660.54 99.84
4662.52 99.84
4664.52 110.61
4666.52 110.61
4668.53 110.61
4670.51 110.61
4672.51 110.61
4674.51 110.61
4676.52 106.1
4678.51 108.59
4680.52 108.22
4682.52 115.22
4684.51 99.67
4686.51 121.02
4688.51 124.83
4690.52 122.38
4692.51 116.24
4694.51 114.79
4696.52 114.79
4698.52 126.32
4700.51 129.35
4702.52 1.73
4704.52 134.7
4706.52 133.3
4708.52 133.3
4710.52 117.52
4712.52 0.15
4714.53 100.98
4716.51 5.04
4718.53 92.24
4720.52 92.24
4722.52 1.51
4724.52 96.89
4726.52 96.89
4728.52 96.89
4730.52 96.89
4732.53 96.89
4734.51 96.89
4736.51 96.89
4738.52 96.89
4740.52 96.89
4742.52 96.89
4744.52 96.89
4746.53 96.89
4748.77 96.89
4750.52 96.89
4752.77 96.89
4754.78 96.89
4756.53 96.89
4758.53 96.89
4760.78 96.89
4762.77 96.89
4764.78 96.89
4766.78 96.89
4768.78 96.89
4770.76 96.89
4772.78 96.89
4774.78 96.89
4776.78 96.89
4778.78 96.89
4780.77 96.89
4782.78 96.89
4784.77 96.89
4786.77 96.89
4788.78 96.89
4790.78 96.89
4792.77 96.89
4794.78 96.89
4796.79 96.89
4798.78 96.89
4800.78 96.89
4802.77 96.89
4804.78 96.89
4806.78 96.89
4808.76 96.89
4810.77 96.89
4812.77 96.89
4814.76 96.89
4816.77 96.89
4818.78 96.89
4820.77 96.89
4822.79 96.89
4824.77 96.89
4826.78 96.89
4828.77 96.89
4830.78 96.89
4832.77 96.89
4834.78 96.89
4836.78 96.89
4838.77 96.89
4840.77 96.89
4842.78 96.89
4844.78 96.89
4846.77 96.89
4848.78 96.89
4850.77 96.89
4852.77 96.89
4854.77 96.89
4856.77 96.89
4858.78 96.89
4860.78 82.97
4862.77 82.97
4864.78 82.97
4866.78 82.97
4868.77 105.83
4870.77 89.15
4872.77 115.08
4874.78 115.08
4876.78 115.08
4878.78 115.08
4880.78 115.08
4882.79 103.29
4884.77 5.48
4886.78 112.9
4888.77 86.39
4890.78 122.8
4892.78 139.06
4894.79 100.61
4896.78 100.61
4898.79 100.61
4900.77 100.61
4902.79 64.96
4904.78 1.34
4906.79 69.93
4908.78 69.16
4910.78 74.77
4912.78 70.49
4914.79 70.49
4916.78 71.44
4918.78 71.44
4920.78 71.44
4922.78 71.44
4924.77 71.44
4926.79 74.23
4928.79 74.23
4930.78 77.07
4932.79 90.86
4934.77 92.16
4936.77 77.35
4938.78 77.35
4940.77 77.35
4942.77 82.63
4944.77 95.77
4946.77 95.77
4948.78 87.8
4950.78 87.8
4952.78 87.59
4954.78 87.59
4956.78 87.59
4958.79 87.59
4960.78 87.59
4962.78 87.59
4964.79 96.3
4966.78 97.99
4968.77 95.03
4970.79 91.08
4972.78 95.78
4974.77 78.85
4976.78 83.97
4978.78 95.09
4980.78 83.95
4982.78 99.96
4984.77 117.49
4986.78 117.49
4988.78 117.49
4990.78 117.49
4992.77 118.96
4994.79 6.84
4996.78 59.54
4998.79 18.42
5000.78 3.84
5002.79 16.79
5004.78 16.79
5007.04 18.05
5008.87 36.18
5011.03 36.18
5013.03 36.18
5015.03 36.18
5017.03 36.18
5019.03 36.18
5021.03 36.18
5023.03 36.18
5025.03 43.62
5027.04 43.62
5029.04 43.62
5031.03 43.62
5032.86 43.62
5035.03 43.62
5037.02 43.62
5039.03 79.81
5041.03 86.05
5043.04 69.87
5045.03 75.56
5047.03 84.38
5049.03 81.25
5051.03 73.21
5053.05 75.87
5055.03 75.87
5056.87 75.87
5059.03 75.87
5061.03 93.29
5063.03 80.54
5065.03 73.13
5067.03 83.04
5069.02 84.67
5071.03 81.9
5073.04 75.38
5075.03 109.68
5077.03 97.28
5079.04 104.85
5080.94 6.46
5083.04 123.76
5085.04 119.53
5087.04 6.59
5089.04 59.72
5091.06 95.39
5093.04 95.39
5095.04 95.39
5097.03 134.77
5099.04 103.88
5101.03 3.03
5103.02 106.82
5104.92 6.82
5107.03 133.29
5109.04 161.06
5111.05 0.62
5113.04 156.53
5115.03 6.11
5117.04 109.45
5119.03 118.15
5121.04 158.29
5123.03 74.87
5125.03 32.61
5127.03 25.22
5128.94 6.28
5131.04 30.42
5133.03 26.33
5135.04 27.77
5137.03 28.38
5139.03 31.55
5141.03 34.71
5143.03 34.71
5145.04 35.4
5147.03 38.85
5149.04 38.85
5151.03 38.85
5153.04 38.85
5155.03 38.85
5157.04 38.85
5159.03 38.85
5161.03 38.85
5163.04 38.85
5165.03 45.07
5167.03 45.38
5169.04 48.03
5171.03 55.21
5173.04 53.06
5175.05 56.15
5177.04 52.96
5179.03 67.89
5181.03 60.96
5183.04 67.41
5185.04 66.04
5187.04 66.04
5189.04 68.29
5191.04 68.29
5193.03 68.29
5195.03 68.29
5197.04 68.29
5199.03 58.51
5201.05 58.51
5203.03 58.51
5205.04 58.51
5207.04 58.51
5209.04 58.51
5211.03 58.51
5213.04 58.51
5215.04 71.71
5217.03 71.71
5219.04 57.14
5221.04 57.14
5223.04 57.14
5225.04 69.05
5227.03 72.54
5229.03 72.54
5231.03 72.54
5233.05 63.74
5235.04 68.76
5237.03 71.65
5239.03 71.65
5241.03 71.65
5243.04 71.65
5245.04 71.65
5247.05 71.65
5249.04 71.65
5251.06 71.65
5253.04 71.65
5255.28 71.65
5257.05 71.65
5259.28 71.65
5261.04 71.65
5263.3 71.65
5265.3 71.65
5267.3 71.65
5269.3 71.65
5271.28 71.65
5273.28 71.65
5275.28 62.21
5277.3 75.83
5279.28 75.67
5281.29 75.67
5283.3 75.67
5285.29 75.67
5287.3 75.67
5289.3 75.67
5291.29 75.67
5293.29 75.67
5295.3 75.67
5297.29 75.67
5299.29 75.67
5301.29 75.67
5303.31 75.67
5305.28 75.67
5307.29 75.67
5309.29 57.69
5311.3 57.69
5313.29 57.69
5315.29 57.69
5317.29 57.69
5319.29 57.69
5321.29 57.69
5323.29 57.69
5325.28 57.69
5327.29 57.69
5329.29 82.58
5331.29 82.58
5333.29 84.69
5335.29 80.9
5337.3 90.41
5339.29 90.41
5341.3 90.41
5343.3 88.6
5345.3 88.6
5347.29 88.6
5349.29 88.6
5351.3 90.89
5353.29 90.8
5355.28 83.25
5357.3 83.25
5359.3 83.25
5361.3 83.25
5363.28 83.25
5365.3 83.25
5367.3 83.25
5369.29 91.17
5371.3 91.17
5373.3 91.17
5375.29 91.17
5377.3 91.17
5379.3 96.85
5381.29 90.63
5383.29 98.46
5385.29 98.46
5387.29 98.46
5389.3 98.46
5391.3 98.46
5393.3 98.46
5395.29 105.28
5397.29 105.28
5399.29 105.28
5401.3 105.28
5403.29 105.28
5405.3 105.28
5407.3 105.28
5409.3 105.28
5411.3 105.28
5413.29 105.28
5415.3 100.95
5417.29 100.95
5419.3 100.95
5421.3 100.95
5423.29 100.95
5425.31 100.95
5427.3 100.95
5429.3 100.95
5431.3 100.95
5433.29 100.95
5435.29 101.09
5437.3 101.09
5439.3 101.09
5441.3 101.09
5443.31 101.09
5445.29 101.09
5447.31 101.09
5449.3 101.09
5451.29 101.09
5453.3 101.09
5455.29 106.69
5457.29 106.69
5459.3 106.69
5461.29 106.69
5463.3 106.69
5465.29 106.69
5467.29 107.22
5469.3 107.22
5471.29 107.22
5473.3 107.22
5475.29 107.22
5477.29 107.22
5479.3 107.22
5481.3 101.48
5483.3 101.48
5485.3 90.04
5487.3 90.04
5489.3 90.04
5491.3 90.04
5493.3 105.73
5495.3 88.72
5497.3 93.25
5499.3 100.3
5501.29 100.3
5503.3 100.3
5505.3 100.3
5507.31 100.3
5509.55 100.3
5511.3 106.94
5513.31 98.03
5515.3 112.27
5517.55 112.27
5519.56 112.27
5521.54 112.27
5523.54 112.27
5525.55 112.27
5527.39 112.27
5529.55 111.04
5531.56 111.04
5533.54 111.04
5535.55 111.04
5537.55 111.04
5539.54 111.04
5541.55 111.31
5543.54 111.31
5545.55 111.31
5547.56 111.31
5549.55 112.33
5551.39 112.33
5553.55 112.33
5555.54 112.33
5557.55 112.33
5559.55 112.33
5561.55 112.33
5563.54 112.33
5565.56 112.33
5567.54 112.33
5569.55 112.33
5571.56 112.33
5573.56 115.14
5575.38 105.89
5577.55 112.49
5579.55 115.93
5581.55 0.16
5583.54 118.49
5585.55 6.34
5587.54 64.18
5589.55 65.88
5591.56 65.88
5593.56 65.88
5595.57 65.88
5597.57 65.88
5599.45 6.54
5601.56 66.28
5603.55 66.28
5605.55 61.21
5607.56 59.07
5609.55 66.49
5611.56 60.81
5613.56 67.9
5615.56 66.16
5617.55 62.25
5619.55 70.34
5621.55 64.86
5623.54 56.56
5625.57 68.04
5627.54 65.54
5629.56 65.54
5631.55 71.84
5633.55 79.97
5635.56 79.97
5637.55 79.97
5639.56 0.47
5641.55 87.0
5643.56 87.0
5645.56 87.0
5647.55 87.0
5649.55 87.0
5651.56 89.63
5653.55 89.63
5655.55 89.63
5657.55 90.28
5659.54 60.05
5661.56 88.6
5663.55 81.38
5665.55 86.86
5667.55 93.81
5669.55 93.81
5671.56 80.63
5673.56 92.58
5675.57 92.58
5677.56 66.58
5679.56 94.74
5681.55 94.74
5683.56 95.91
5685.55 95.91
5687.56 96.19
5689.56 96.19
5691.56 96.19
5693.56 84.31
5695.55 81.24
5697.55 81.24
5699.55 81.24
5701.55 90.82
5703.56 92.81
5705.56 82.29
5707.55 82.29
5709.56 76.98
5711.55 76.98
5713.55 76.98
5715.56 76.98
5717.56 76.98
5719.56 76.98
5721.57 76.98
5723.56 76.98
5725.55 92.55
5727.57 92.55
5729.55 92.55
5731.55 92.55
5733.57 92.55
5735.56 94.5
5737.56 94.5
5739.55 94.5
5741.55 94.5
5743.55 94.5
5745.56 94.5
5747.55 94.5
5749.55 94.5
5751.56 94.5
5753.56 94.5
5755.57 94.5
5757.56 94.5
5759.57 94.5
5761.57 94.5
5763.56 94.5
5765.81 94.5
5767.57 94.5
5769.81 94.5
5771.81 94.5
5773.8 94.5
5775.81 94.5
5777.82 94.5
5779.8 94.5
5781.64 94.5
5783.8 94.5
5785.82 94.5
5787.81 94.5
5789.8 91.97
5791.81 92.59
5793.82 88.59
5795.8 100.88
5797.8 100.88
5799.82 100.88
5801.81 100.88
5803.8 100.88
5805.64 100.88
5807.82 100.88
5809.8 100.88
5811.81 100.88
5813.82 93.05
5815.81 93.05
5817.81 93.05
5819.82 93.05
5821.81 93.05
5823.81 93.05
5825.81 93.05
5827.81 93.05
5829.63 93.05
5831.81 93.05
5833.82 111.32
5835.81 111.32
5837.82 111.32
5839.8 111.32
5841.82 111.32
5843.82 111.32
5845.81 111.32
5847.81 111.32
5849.81 111.32
5851.8 111.32
5853.81 111.32
5855.81 111.32
5857.81 111.32
5859.81 111.32
5861.82 111.32
5863.82 111.32
5865.81 111.32
5867.81 111.32
5869.81 108.92
5871.81 108.92
5873.81 108.92
5875.81 108.92
5877.81 111.45
5879.82 111.45
5881.82 111.45
5883.82 111.45
5885.82 111.45
5887.8 111.45
5889.82 111.45
5891.82 111.45
5893.81 111.45
5895.82 111.45
5897.81 111.45
5899.81 111.45
5901.82 111.45
5903.81 111.45
5905.82 111.45
5907.8 111.45
5909.81 111.45
5911.81 111.45
5913.82 111.45
5915.82 111.45
5917.82 111.45
5919.81 111.45
5921.82 111.45
5923.82 111.98
5925.82 112.21
5927.81 112.21
5929.81 112.21
5931.81 112.21
5933.81 119.47
5935.81 104.09
5937.81 124.43
5939.82 124.43
5941.82 73.92
5943.82 84.68
5945.81 0.49
5947.81 64.18
5949.81 6.8
5951.81 34.36
5953.8 25.03
5955.82 25.03
5957.82 25.03
5959.81 25.03
5961.82 25.03
5963.81 25.03
5965.82 25.03
5967.82 25.03
5969.81 25.03
5971.82 25.03
5973.82 57.5
5975.81 62.9
5977.82 62.9
5979.82 62.9
5981.81 62.9
5983.81 62.9
5985.82 62.9
5987.81 62.9
5989.81 62.9
5991.82 62.9
5993.82 58.96
5995.82 60.94
5997.81 60.94
5999.81 60.94
6001.82 60.94
6003.83 60.94
6005.81 60.94
6007.83 60.94
6009.82 60.94
6011.82 60.94
6013.82 60.94
6016.07 60.94
6018.06 60.94
6020.07 60.94
6022.07 62.94
6024.07 71.47
6026.08 74.46
6028.07 76.29
6030.07 72.85
6032.07 75.08
6034.07 69.5
6036.06 73.28
6038.07 54.6
6040.06 61.84
6042.07 64.85
6044.07 69.8
6046.07 80.66
6048.07 80.66
6050.08 80.66
6052.07 80.66
6054.08 80.66
6056.06 80.66
6058.07 80.66
6060.07 80.66
6062.07 73.27
6064.07 68.39
6066.07 68.39
6068.07 68.39
6070.06 68.39
6072.08 68.39
6074.06 68.39
6076.08 68.39
6078.07 68.39
6080.07 75.73
6082.06 75.73
6084.07 86.97
6086.07 86.97
6088.07 88.15
6090.07 95.39
6092.08 95.39
6094.07 95.39
6096.07 95.39
6098.07 95.39
6100.07 95.39
6102.07 91.53
6104.08 95.18
6106.07 92.95
6108.08 98.34
6110.07 95.78
6112.07 95.78
6114.06 95.78
6116.07 95.78
6118.07 95.78
6120.07 95.78
6122.07 95.78
6124.07 95.78
6126.08 95.78
6128.08 95.78
6130.06 95.78
6132.06 86.85
6134.07 86.85
6136.08 86.85
6138.07 86.85
6140.08 105.26
6142.07 101.92
6144.07 108.9
6146.07 100.85
6148.06 108.03
6150.09 107.52
6152.08 96.34
6154.07 100.62
6156.07 107.39
6158.07 89.85
6160.08 121.02
6162.06 6.44
6164.07 121.7
6166.07 4.98
6168.07 6.11
6170.07 19.74
6172.08 19.74
6174.08 19.74
6176.08 19.74
6178.07 9.92
6180.08 18.02
6182.06 20.13
6184.08 20.13
6186.08 20.13
6188.08 20.13
6190.07 18.75
6192.08 18.54
6194.07 23.72
6196.08 28.08
6198.08 28.08
6200.07 28.08
6202.09 28.08
6204.07 28.08
6206.07 28.08
6208.07 28.08
6210.08 28.08
6212.08 24.95
6214.07 24.95
6216.08 24.95
6218.07 24.95
6220.07 24.95
6222.07 24.95
6224.07 24.95
6226.08 24.95
6228.07 24.95
6230.08 33.14
6232.07 30.97
6234.07 29.65
6236.07 25.04
6238.07 26.99
6240.08 34.65
6242.07 28.03
6244.08 31.21
6246.07 32.59
6248.09 35.65
6250.07 36.41
6252.08 36.41
6254.08 37.71
6256.08 37.31
6258.07 37.18
6260.08 36.59
6262.08 36.59
6264.07 36.59
6266.08 36.59
6268.08 36.59
6270.07 36.59
6272.33 36.59
6274.33 36.59
6276.17 36.59
6278.32 36.59
6280.34 31.54
6282.33 41.93
6284.32 37.95
6286.33 35.93
6288.33 36.69
6290.32 43.61
6292.33 43.61
6294.33 42.71
6296.32 51.78
6298.32 46.38
6300.17 43.83
6302.32 47.18
6304.33 48.07
6306.32 59.42
6308.33 53.29
6310.33 53.29
6312.32 62.48
6314.33 62.48
6316.34 62.48
6318.32 62.48
6320.32 62.48
6322.33 62.48
6324.16 62.48
6326.33 62.48
6328.33 62.48
6330.34 62.48
6332.33 62.48
6334.33 62.48
6336.33 62.48
6338.33 62.48
6340.33 62.48
6342.34 62.48
6344.33 62.48
6346.33 62.48
6348.17 62.48
6350.33 62.48
6352.34 62.48
6354.32 54.51
6356.32 57.18
6358.33 57.18
6360.33 57.18
6362.33 57.18
6364.34 57.18
6366.33 57.18
6368.33 57.18
6370.34 57.18
6372.24 0.45
6374.21 4.47
6376.34 4.94
6378.33 5.94
6380.34 7.37
6382.34 8.82
6384.33 9.84
6386.34 12.83
6388.35 12.4
6390.34 13.48
6392.32 14.41
6394.33 15.83
6396.33 18.04
6398.34 15.64
6400.34 22.61
6402.32 7.66
6404.33 26.65
6406.33 26.06
6408.34 26.62
6410.34 30.36
6412.34 32.46
6414.34 32.33
6416.33 40.93
6418.33 49.86
6420.34 40.59
6422.34 43.85
6424.33 57.42
6426.33 53.89
6428.34 62.18
6430.33 70.3
6432.34 80.62
6434.33 83.83
6436.33 99.12
6438.34 85.59
6440.32 90.73
6442.33 77.94
6444.33 82.49
6446.33 86.21
6448.33 106.71
6450.35 106.71
6452.33 106.71
6454.34 106.71
6456.34 106.71
6458.34 106.71
6460.33 106.71
6462.34 109.84
6464.34 109.84
6466.34 99.44
6468.34 99.44
6470.32 100.8
6472.33 100.8
6474.32 100.8
6476.34 100.8
6478.34 6.63
6480.33 111.96
6482.32 111.96
6484.34 124.65
6486.34 120.52
6488.33 121.24
6490.34 130.28
6492.33 3.11
6494.33 124.57
6496.34 113.25
6498.34 114.23
6500.35 119.11
6502.33 3.59
6504.33 63.85
6506.34 70.52
6508.34 112.64
6510.34 112.63
6512.35 111.18
6514.34 111.18
6516.33 107.77
6518.34 91.68
6520.34 116.68
6522.58 1.09
6524.35 52.62
6526.58 6.93
6528.58 82.41
6530.44 82.41
6532.59 82.41
6534.58 82.41
6536.58 74.46
6538.58 74.46
6540.59 74.46
6542.59 74.46
6544.59 74.46
6546.58 74.46
6548.59 74.46
6550.59 74.46
6552.58 74.46
6554.42 73.69
6556.58 79.69
6558.59 80.4
6560.59 75.06
6562.59 65.8
6564.58 69.81
6566.6 84.27
6568.59 83.93
6570.58 83.93
6572.59 83.93
6574.59 83.93
6576.58 83.93
6578.43 83.93
6580.59 83.93
6582.6 76.15
6584.6 83.95
6586.58 83.95
6588.59 83.95
6590.6 83.95
6592.58 83.95
6594.59 83.95
6596.59 83.95
6598.6 92.01
6600.59 79.19
6602.42 79.19
6604.59 93.5
6606.59 78.12
6608.59 87.39
6610.59 101.2
6612.6 101.2
6614.6 101.2
6616.58 101.2
6618.59 101.2
6620.59 43.57
6622.59 8.12
6624.6 15.77
6626.59 15.77
6628.6 15.77
6630.6 15.77
6632.59 15.77
6634.59 15.77
6636.58 15.77
6638.58 18.87
6640.59 45.05
6642.59 40.58
6644.6 35.57
6646.59 47.42
6648.58 64.46
6650.6 64.46
6652.58 49.0
6654.6 64.32
6656.6 68.08
6658.6 70.29
6660.59 86.37
6662.59 89.21
6664.6 80.41
6666.59 89.64
6668.6 99.51
6670.6 86.51
6672.58 86.51
6674.59 86.51
6676.59 86.51
6678.6 86.51
6680.59 95.43
6682.59 93.65
6684.59 112.67
6686.59 101.77
6688.6 101.77
6690.59 114.78
6692.59 115.07
6694.59 5.04
6696.59 121.41
6698.58 125.19
6700.6 118.44
6702.59 115.78
6704.6 1.1
6706.6 92.16
6708.59 6.26
6710.6 54.77
6712.6 153.1
6714.59 161.3
6716.59 61.9
6718.6 6.79
6720.59 16.45
6722.59 17.93
6724.59 17.93
6726.61 17.93
6728.59 17.93
6730.59 17.93
6732.6 17.93
6734.59 21.17
6736.6 49.54
6738.6 49.54
6740.59 61.72
6742.6 54.72
6744.59 64.61
6746.61 63.24
6748.59 51.74
6750.59 51.74
6752.59 51.74
6754.59 51.74
6756.59 51.74
6758.6 55.54
6760.59 75.69
6762.59 53.97
6764.6 78.96
6766.6 75.97
6768.6 66.05
6770.85 71.03
6772.6 67.78
6774.61 67.78
6776.84 67.78
6778.84 67.78
6780.84 67.78
6782.85 67.78
6784.85 79.53
6786.85 79.53
6788.85 79.53
6790.84 79.53
6792.85 79.53
6794.85 89.61
6796.84 88.56
6798.84 93.13
6800.84 92.15
6802.85 78.36
6804.85 101.85
6806.85 101.85
6808.85 101.85
6810.85 101.85
6812.86 101.85
6814.85 101.85
6816.84 101.85
6818.84 101.85
6820.85 101.85
6822.86 101.85
6824.84 101.85
6826.85 78.03
6828.85 100.54
6830.85 81.99
6832.84 91.27
6834.84 100.06
6836.84 106.29
6838.85 92.29
6840.84 88.86
6842.85 84.19
6844.84 94.22
6846.84 86.25
6848.85 85.12
6850.85 114.93
6852.86 114.93
6854.85 114.93
6856.85 114.93
6858.85 114.93
6860.85 114.93
6862.85 114.93
6864.85 114.93
6866.84 108.75
6868.86 108.75
6870.85 108.75
6872.84 108.75
6874.85 108.75
6876.84 6.56
6878.84 69.11
6880.85 59.58
6882.84 60.35
6884.85 65.5
6886.86 68.83
6888.85 69.75
6890.85 65.54
6892.85 84.88
6894.84 83.85
6896.85 83.85
6898.85 74.19
6900.85 74.19
6902.85 74.19
6904.85 74.19
6906.85 74.19
6908.85 74.19
6910.86 74.19
6912.86 74.19
6914.85 74.19
6916.85 74.19
6918.85 84.68
6920.85 84.68
6922.85 75.73
6924.86 75.73
6926.86 75.73
6928.85 70.81
6930.85 77.12
6932.86 72.39
6934.86 87.5
6936.85 90.5
6938.85 90.5
6940.86 90.5
6942.85 90.5
6944.84 90.5
6946.86 90.5
6948.85 92.34
6950.86 90.81
6952.85 90.81
6954.86 75.89
6956.86 86.1
6958.85 86.1
6960.86 86.1
6962.85 94.58
6964.84 92.43
6966.85 94.42
6968.85 82.52
6970.85 82.52
6972.85 82.52
6974.85 82.52
6976.86 82.52
6978.85 82.52
6980.85 96.62
6982.84 86.38
6984.86 85.16
6986.85 85.16
6988.85 81.45
6990.85 83.68
6992.85 94.97
6994.86 94.97
6996.85 84.19
6998.86 86.75
7000.85 90.27
7002.84 97.73
7004.86 125.64
7006.85 120.18
7008.85 61.35
7010.85 37.03
7012.86 53.35
7014.85 125.54
7016.85 4.24
7018.85 88.72
7021.12 6.75
7023.1 30.74
7024.94 89.1
7026.86 89.1
7028.86 89.1
7031.11 89.1
7033.11 88.21
7035.1 88.21
7037.1 88.21
7039.11 88.21
7041.1 88.21
7043.12 88.21
7045.12 88.21
7047.11 88.21
7048.93 88.21
7051.1 88.21
7053.11 89.38
7055.1 94.48
7057.1 94.48
7059.1 94.48
7061.11 94.48
7063.11 94.48
7065.1 92.38
7067.1 97.89
7069.1 97.89
7071.11 98.81
7072.94 98.81
7075.12 83.73
7077.11 92.19
7079.12 92.14
7081.11 92.14
7083.12 72.65
7085.11 72.65
7087.1 72.65
7089.1 84.9
7091.1 93.08
7093.11 93.08
7095.11 93.08
7096.94 93.08
7099.11 93.08
7101.11 93.08
7103.1 99.57
7105.1 80.54
7107.11 101.46
7109.12 101.46
7111.1 104.18
7113.11 104.18
7115.11 96.58
7117.11 96.58
7119.1 96.58
7121.11 91.53
7123.11 91.53
7125.11 101.28
7127.1 107.42
7129.12 107.42
7131.1 107.42
7133.1 107.42
7135.11 107.42
7137.11 107.42
7139.11 107.42
7141.11 107.42
7143.12 107.42
7145.1 107.42
7147.12 107.42
7149.1 107.42
7151.11 107.42
7153.12 107.42
7155.12 107.42
7157.1 111.37
7159.1 111.37
7161.12 111.37
7163.12 111.37
7165.1 111.37
7167.12 111.37
7169.11 111.37
7171.11 111.37
7173.11 111.37
7175.1 111.37
7177.12 111.37
7179.11 111.37
7181.11 111.37
7183.11 111.37
7185.12 111.37
7187.11 111.37
7189.1 111.37
7191.12 111.37
7193.11 111.37
7195.12 111.37
7197.11 111.37
7199.11 111.37
7201.11 111.37
7203.12 111.37
7205.12 111.37
7207.11 111.37
7209.1 111.37
7211.11 111.37
7213.11 111.37
7215.11 111.37
7217.11 111.37
7219.1 109.48
7221.11 109.48
7223.11 109.48
7225.11 109.48
7227.11 109.48
7229.12 109.48
7231.11 109.48
7233.11 109.48
7235.12 109.48
7237.11 109.48
7239.11 109.48
7241.11 109.48
7243.11 109.48
7245.12 109.48
7247.11 109.48
7249.12 109.48
7251.12 109.48
7253.11 109.48
7255.12 109.48
7257.11 109.48
7259.12 80.36
7261.11 97.69
7263.11 114.47
7265.11 114.47
7267.12 114.47
7269.11 114.47
7271.11 113.04
7273.11 108.46
7275.12 6.55
7277.11 87.88
7279.11 78.3
7281.37 6.49
7283.37 89.11
7285.36 89.11
7287.37 89.11
7289.36 89.11
7291.36 89.11
7293.36 89.11
7295.36 89.11
7297.38 89.11
7299.36 89.92
7301.37 70.83
7303.37 76.05
7305.37 88.49
7307.36 88.49
7309.37 88.49
7311.36 88.49
7313.36 88.49
7315.36 88.49
7317.36 90.69
7319.37 91.76
7321.36 87.3
7323.37 84.32
7325.37 84.32
7327.2 84.32
7329.37 84.32
7331.36 84.32
7333.38 84.32
7335.36 84.32
7337.36 84.32
7339.38 84.32
7341.37 84.32
7343.35 84.32
7345.38 84.32
7347.37 94.28
7349.36 94.28
7351.36 94.28
7353.37 94.28
7355.37 94.28
7357.37 94.28
7359.37 94.28
7361.36 94.28
7363.38 94.28
7365.37 94.28
7367.38 97.51
7369.36 97.51
7371.37 97.51
7373.37 97.51
7375.37 97.51
7377.38 97.51
7379.37 88.37
7381.36 76.78
7383.36 93.08
7385.37 98.12
7387.38 105.35
7389.36 105.35
7391.37 85.39
7393.38 85.39
7395.38 8.47
7397.37 81.1
7399.36 81.1
7401.36 81.1
7403.37 81.1
7405.37 81.1
7407.37 81.1
7409.38 81.1
7411.37 81.1
7413.36 81.1
7415.37 81.1
7417.37 81.1
7419.37 81.1
7421.38 81.1
7423.38 81.1
7425.36 81.1
7427.37 81.1
7429.38 81.1
7431.36 81.1
7433.38 81.1
7435.39 81.1
7437.37 81.1
7439.38 81.1
7441.38 107.46
7443.37 92.82
7445.37 92.82
7447.36 92.82
7449.36 93.49
7451.38 107.23
7453.39 107.23
7455.37 107.23
7457.38 107.23
7459.36 107.23
7461.38 107.23
7463.37 107.23
7465.37 107.23
7467.37 107.23
7469.37 107.23
7471.38 107.23
7473.38 107.23
7475.37 107.23
7477.37 107.23
7479.37 107.23
7481.37 107.23
7483.37 115.67
7485.38 108.5
7487.38 108.5
7489.39 108.5
7491.38 108.5
7493.37 108.5
7495.37 49.81
7497.38 56.95
7499.37 59.63
7501.37 59.63
7503.36 59.63
7505.37 59.63
7507.37 59.63
7509.36 59.63
7511.38 59.63
7513.38 59.63
7515.37 59.63
7517.38 59.63
7519.37 59.63
7521.38 59.63
7523.38 59.63
7525.37 59.63
7527.37 59.63
7529.37 59.63
7531.37 59.63
7533.62 117.83
7535.62 117.83
7537.62 117.83
7539.61 117.83
7541.62 76.8
7543.53 1.96
7545.63 40.31
7547.62 78.46
7549.63 64.46
7551.63 66.76
7553.62 74.68
7555.63 79.62
7557.63 63.32
7559.63 94.47
7561.62 95.11
7563.63 91.24
7565.62 95.67
7567.47 86.09
7569.63 86.09
7571.62 86.09
7573.63 86.09
7575.62 86.09
7577.63 86.09
7579.63 86.09
7581.63 86.09
7583.63 92.83
7585.62 92.83
7587.63 92.83
7589.63 92.83
7591.45 90.74
7593.63 90.74
7595.62 90.74
7597.62 90.74
7599.63 90.74
7601.63 90.74
7603.63 90.74
7605.63 90.74
7607.62 90.74
7609.63 90.74
7611.63 90.74
7613.62 90.74
7615.46 90.74
7617.63 90.74
7619.62 90.74
7621.62 94.88
7623.64 99.0
7625.64 99.0
7627.62 99.98
7629.63 90.94
7631.62 102.93
7633.63 101.81
7635.62 101.81
7637.63 101.16
7639.63 91.48
7641.63 91.48
7643.63 91.48
7645.62 91.48
