0.0 4.14
0.58 3.43
1.22 4.24
1.83 10.03
4.05 12.65
6.04 14.65
8.04 13.6
10.04 10.36
12.04 13.84
14.03 17.13
16.03 10.63
18.28 18.4
20.54 20.65
22.53 13.41
24.53 15.48
26.53 16.28
28.57 8.34
30.53 12.68
32.56 14.08
34.53 14.74
36.53 12.55
38.53 21.68
40.53 20.92
42.55 21.47
44.55 14.23
46.54 12.4
48.54 20.69
50.54 17.26
52.53 17.26
54.53 17.26
56.53 17.26
58.58 17.26
60.57 17.26
62.53 17.26
64.57 17.26
66.57 17.26
68.56 17.26
70.53 1.55
72.78 1.84
74.81 2.28
76.81 1.97
79.03 2.45
81.06 3.2
87.97 1.92
88.66 5.37
89.3 5.01
90.04 7.18
91.29 9.53
93.29 10.42
95.54 11.01
97.54 9.84
99.54 6.46
101.53 8.34
103.53 11.31
105.53 12.98
108.04 11.52
110.03 11.66
112.03 13.63
114.03 15.59
116.03 22.72
118.07 14.98
120.07 13.17
122.03 14.4
124.03 20.12
126.06 19.65
128.03 14.15
130.03 19.5
132.03 19.43
134.05 20.51
136.04 17.61
138.04 21.92
140.04 10.78
142.29 18.31
144.29 11.49
146.28 14.83
148.28 13.51
150.23 10.18
152.28 14.77
154.28 14.4
156.28 10.77
158.29 13.48
160.28 14.6
162.28 15.86
164.31 22.25
166.3 13.7
168.28 16.33
170.3 17.37
172.29 18.11
174.19 21.04
176.34 15.52
178.28 11.4
180.28 13.09
182.28 18.49
184.28 13.87
186.32 16.58
188.32 12.27
190.28 11.72
192.31 17.55
194.28 10.21
196.3 17.52
198.22 17.19
200.3 10.43
202.3 12.81
204.3 17.83
206.29 17.89
208.54 19.24
210.54 15.81
212.54 14.18
214.53 13.11
216.53 14.63
218.53 18.17
220.58 15.51
222.45 10.89
224.57 12.06
226.53 10.27
228.56 7.0
230.53 12.84
232.55 8.7
234.53 6.49
236.55 12.48
238.8 15.58
240.8 14.96
242.8 11.29
244.8 11.15
246.66 14.55
248.79 11.56
250.78 9.38
252.83 8.58
254.78 13.28
256.82 10.52
258.82 13.5
260.82 14.8
263.03 15.51
265.07 13.62
267.03 13.4
269.06 16.61
270.94 15.05
273.03 14.08
275.05 13.95
277.05 13.55
279.08 12.74
281.71 16.71
283.36 15.11
285.29 16.41
287.29 14.54
289.29 14.34
291.3 15.36
293.29 18.53
295.38 16.15
297.32 11.75
299.28 8.06
301.32 19.48
303.31 9.84
305.28 9.18
307.28 16.15
309.28 19.19
311.31 3.77
313.3 16.25
315.3 14.54
317.3 10.82
319.16 10.28
321.28 10.28
323.29 13.71
325.31 13.26
327.28 12.28
329.79 7.82
