0.0 12.86
1.63 15.1
3.62 18.66
5.63 21.84
7.57 22.78
9.63 23.22
11.62 28.46
13.62 37.23
15.64 47.22
17.62 46.2
19.62 46.72
21.63 46.8
23.62 30.23
25.65 48.13
27.62 42.61
29.62 47.72
31.62 15.49
33.62 15.49
35.72 48.6
37.62 50.25
39.62 50.25
41.63 50.25
43.88 2.76
45.62 2.89
47.62 3.41
49.62 5.87
51.62 5.95
53.62 7.23
55.62 11.79
57.62 11.84
59.62 14.6
61.63 16.64
63.62 11.13
65.69 16.53
67.62 16.47
69.82 17.5
71.87 16.88
73.87 18.13
75.89 18.07
77.87 21.0
79.87 26.2
81.88 30.26
83.87 13.16
85.88 32.41
87.87 14.04
89.87 14.04
91.87 16.27
93.81 24.22
95.87 30.39
97.88 17.03
99.87 31.77
101.88 31.77
103.87 24.03
105.88 31.38
107.87 30.5
109.87 36.84
111.88 41.69
113.87 37.49
115.88 49.94
117.8 4.57
119.87 23.29
121.87 49.37
123.87 19.73
125.9 49.37
127.87 3.58
129.87 49.39
131.87 32.93
133.87 32.93
135.88 32.93
137.87 42.52
139.87 43.19
141.8 44.37
143.87 14.37
145.97 48.69
147.87 48.69
149.87 48.69
151.88 48.69
153.87 20.82
155.87 20.82
157.87 20.82
159.87 20.82
161.88 20.82
163.87 20.82
166.74 0.11
171.63 0.89
172.62 1.63
173.27 2.04
173.81 2.8
175.96 4.07
177.87 4.38
179.87 4.35
181.87 3.02
183.87 7.66
185.96 10.36
187.87 10.16
189.87 10.96
191.87 13.63
193.87 13.94
195.87 16.18
197.87 17.33
199.88 17.86
201.87 24.55
203.89 29.83
205.97 29.83
207.87 13.74
209.87 31.28
211.88 28.73
213.81 28.73
215.87 31.12
217.87 10.95
219.87 29.22
221.88 30.98
223.87 24.05
225.87 28.55
227.93 8.4
229.87 37.91
231.88 27.24
233.81 3.63
235.87 28.76
237.8 28.76
239.87 28.76
241.88 28.76
243.87 28.76
245.97 28.76
247.87 28.76
249.88 28.76
254.59 0.12
256.59 0.2
258.79 0.25
260.04 0.25
261.95 0.31
262.76 0.31
264.64 1.0
265.87 1.06
267.87 1.31
269.88 1.35
271.87 1.56
273.87 2.81
275.87 2.81
277.87 2.81
279.87 2.81
281.87 3.41
283.87 3.47
285.87 4.4
287.87 5.08
289.87 5.73
291.88 5.73
293.87 7.31
295.87 9.07
297.87 2.36
299.87 10.14
301.88 13.93
303.87 2.53
305.87 13.74
307.87 3.48
309.87 14.92
311.87 17.1
313.87 13.19
315.87 13.19
318.12 13.19
320.12 13.19
322.12 13.19
324.12 13.19
326.12 13.19
328.12 13.19
330.13 13.19
332.12 13.19
334.13 13.19
336.12 13.19
338.12 13.19
340.12 13.19
342.12 13.19
344.13 13.19
346.12 13.19
348.12 13.19
350.12 13.19
352.12 13.19
354.12 13.19
356.12 13.19
358.12 13.19
360.12 13.19
362.12 13.19
364.12 13.19
366.12 13.19
368.12 13.19
370.13 13.19
372.12 13.19
374.12 13.19
376.12 13.19
378.12 13.19
380.12 13.19
382.12 13.19
384.12 13.19
386.12 13.19
388.12 13.19
390.13 13.19
392.12 13.19
394.12 13.19
396.12 13.19
398.12 13.19
400.12 13.19
402.12 13.19
404.12 13.19
406.12 13.19
408.12 13.19
410.13 13.19
412.12 13.19
414.12 13.19
416.12 13.19
418.12 13.19
420.12 13.19
422.12 13.19
424.12 13.19
426.13 13.19
428.13 13.19
430.12 13.19
432.14 13.19
434.12 13.19
436.12 13.19
438.12 13.19
440.12 13.19
442.12 13.19
444.12 13.19
446.12 13.19
448.12 13.19
450.12 13.19
452.12 13.19
454.12 13.19
456.13 13.19
458.12 13.19
460.12 13.19
462.12 13.19
464.13 13.19
466.12 13.19
468.12 13.19
470.13 13.19
472.12 13.19
474.12 13.19
476.12 13.19
478.12 13.19
480.13 13.19
482.12 13.19
484.13 13.19
486.13 13.19
488.12 13.19
490.12 13.19
492.13 13.19
494.12 13.19
496.12 13.19
498.12 13.19
500.13 13.19
502.12 13.19
504.12 13.19
506.12 13.19
508.12 13.19
510.12 13.19
512.12 13.19
514.13 13.19
516.13 13.19
518.13 13.19
520.12 13.19
522.12 13.19
524.12 13.19
526.12 13.19
528.12 13.19
530.13 13.19
532.12 13.19
534.13 13.19
536.12 13.19
538.12 13.19
540.12 13.19
542.12 13.19
544.13 13.19
546.14 13.19
548.13 13.19
550.12 13.19
552.13 13.19
554.12 13.19
556.12 13.19
558.12 13.19
560.12 20.15
562.12 23.15
564.12 22.53
566.14 26.1
568.37 26.1
570.38 29.31
572.37 37.11
574.37 29.39
576.37 37.01
578.37 28.13
580.38 42.4
582.37 32.36
584.37 58.31
586.38 57.88
588.3 15.62
590.37 60.68
592.37 60.68
594.37 60.68
596.37 60.68
598.37 60.68
600.38 60.68
602.37 60.68
604.37 60.68
606.37 60.68
608.37 1.94
610.37 2.01
612.35 3.72
614.38 12.97
616.37 12.3
618.37 12.46
620.37 16.43
622.37 20.9
624.37 23.56
626.37 23.56
628.37 23.56
630.37 25.73
632.37 3.87
634.37 25.58
636.35 25.58
638.37 25.58
640.37 24.41
642.37 24.41
644.38 24.41
646.37 2.85
648.37 2.58
650.37 2.67
652.37 5.22
654.37 7.77
656.37 7.77
658.37 7.77
660.34 11.77
662.37 14.84
664.37 18.1
666.37 20.49
668.37 21.68
670.37 21.68
672.37 21.68
674.37 21.68
676.37 22.72
678.37 21.58
680.33 3.77
682.37 27.49
684.32 27.49
686.38 27.49
688.37 27.49
690.37 27.49
692.37 27.49
694.38 27.49
696.37 27.49
698.38 27.49
700.37 27.49
702.37 27.49
704.37 27.49
706.37 27.49
708.34 27.49
710.37 27.49
712.38 27.49
714.37 27.49
716.38 27.49
718.38 27.49
720.37 27.49
722.37 27.49
724.37 27.49
726.37 27.49
729.11 0.05
733.92 0.45
734.74 0.64
735.32 1.03
736.37 1.18
738.37 1.81
740.38 2.26
742.37 2.84
744.37 3.64
746.37 4.58
748.37 5.98
750.38 6.0
752.37 6.41
754.38 9.04
756.34 11.56
758.38 14.44
760.37 13.58
762.37 13.44
764.38 11.54
766.37 14.2
768.37 14.37
770.37 15.28
772.37 19.13
774.38 19.85
776.37 21.58
778.37 21.58
780.37 22.54
782.37 21.48
784.38 21.84
786.37 16.22
788.38 21.32
790.37 21.06
792.37 22.54
794.38 23.11
796.37 0.07
798.38 10.68
800.37 3.35
802.38 23.08
804.37 12.01
806.38 12.01
808.38 12.01
810.37 12.01
812.37 12.01
814.37 12.01
816.37 12.01
818.62 12.01
820.62 12.01
822.62 12.01
824.62 12.01
826.62 12.01
828.41 12.01
830.62 12.01
832.63 12.01
834.62 12.01
836.62 12.01
838.63 12.01
840.62 12.01
842.57 12.01
844.62 12.01
846.62 12.01
848.63 12.01
850.62 12.01
852.62 12.01
854.62 12.01
856.62 12.01
858.63 12.01
860.62 12.01
862.63 12.01
865.17 0.07
868.01 0.17
870.06 0.71
870.59 0.71
872.63 1.31
874.62 1.48
876.58 2.15
878.63 2.62
880.62 3.6
882.62 5.02
884.62 6.37
886.62 7.38
888.64 8.77
890.59 11.55
892.63 14.24
894.62 14.9
896.62 15.61
898.63 15.14
900.62 15.56
902.62 14.66
904.63 16.38
906.62 17.72
908.63 18.0
910.62 17.44
912.62 19.8
914.56 21.39
916.63 21.39
918.63 24.25
920.62 23.88
922.62 24.51
924.62 28.03
926.62 1.62
928.64 4.73
930.62 0.07
932.62 2.96
934.62 3.38
936.62 3.38
938.65 3.38
940.62 3.38
942.62 3.38
944.62 3.38
946.62 3.38
948.74 3.4
950.62 3.4
952.64 3.4
954.62 3.41
956.63 3.41
958.64 3.41
960.62 3.41
962.59 3.41
964.62 3.41
966.62 3.41
968.65 3.51
970.63 3.51
972.62 3.51
974.63 3.51
976.62 26.49
978.72 26.49
980.62 26.49
982.62 26.49
984.62 26.49
986.63 26.49
988.62 26.49
990.62 26.49
992.62 26.49
994.62 26.49
997.95 0.1
1001.26 0.58
1001.93 0.77
1002.6 1.01
1004.62 1.56
1006.64 2.15
