0.0 0.33
1.0 0.99
1.52 1.35
2.54 0.68
4.84 0.04
5.92 2.57
7.02 2.5
8.83 3.48
10.1 4.19
13.14 0.12
18.76 0.82
19.84 1.04
21.37 1.15
23.36 1.05
24.85 0.95
26.48 1.61
28.6 2.73
30.16 4.01
31.47 4.84
43.46 0.36
44.25 1.22
44.9 1.54
45.52 2.3
46.6 2.27
47.74 2.85
49.07 3.49
50.37 4.46
55.76 0.36
56.78 1.25
58.3 1.09
59.77 1.37
62.43 1.63
64.31 1.9
66.12 0.03
67.49 4.67
68.89 2.95
75.09 0.18
82.75 0.06
83.27 1.81
84.06 3.76
84.93 4.11
86.07 3.24
87.2 3.15
88.26 6.31
91.93 0.57
100.21 1.13
102.62 0.16
103.72 2.01
105.19 2.28
106.22 2.55
108.4 3.27
111.38 1.14
115.97 0.13
119.54 0.09
120.05 1.41
121.82 0.14
123.19 1.73
124.69 1.9
126.23 2.52
127.99 2.77
134.54 0.28
135.59 1.03
137.1 0.88
138.19 1.6
140.15 1.76
141.94 1.36
144.1 2.26
145.86 2.71
147.16 3.43
152.28 0.65
155.35 1.77
159.92 0.35
161.4 1.97
162.87 1.7
164.67 2.97
166.23 1.85
167.37 6.31
172.8 0.49
177.72 0.59
182.97 0.24
185.96 0.88
187.61 0.8
189.03 1.66
190.04 1.31
190.67 1.31
191.24 1.31
192.21 1.82
194.23 1.12
195.76 1.25
199.34 1.06
200.1 4.58
202.05 0.09
203.86 0.04
205.79 5.12
212.64 0.33
218.27 0.9
220.61 1.28
222.59 1.51
224.37 1.41
225.81 1.03
227.35 1.39
228.91 1.04
230.37 0.76
232.51 1.64
238.0 0.29
238.59 2.48
239.4 3.17
240.28 5.36
241.82 0.06
242.98 5.77
245.72 0.02
253.85 0.08
255.47 0.65
257.43 1.13
259.12 1.79
260.48 2.7
262.23 1.92
264.25 0.73
270.21 0.01
271.81 1.12
272.78 0.74
274.81 0.7
276.86 1.33
279.07 1.28
282.13 1.84
284.61 1.53
288.1 0.72
290.2 0.7
292.17 0.76
295.32 1.84
297.28 0.21
298.65 3.55
300.17 2.98
301.74 3.25
303.27 6.47
310.2 0.09
312.21 0.48
317.07 0.23
317.96 1.45
318.84 1.81
320.36 1.72
321.76 2.65
322.92 4.61
324.16 5.79
331.6 0.75
332.63 1.39
334.7 1.38
338.92 1.3
341.39 1.3
342.39 1.01
345.59 1.41
348.06 3.37
349.66 0.74
354.22 0.04
354.77 0.83
355.83 0.68
356.73 4.09
357.57 3.42
358.45 5.36
359.52 1.37
360.76 2.53
363.48 0.31
369.52 0.03
373.64 1.32
374.7 1.37
376.02 2.14
378.82 3.05
380.62 3.07
383.18 1.12
386.73 0.14
388.81 1.27
391.86 1.44
395.56 2.67
396.92 3.4
397.74 2.93
398.88 3.92
400.59 5.35
401.76 7.36
403.34 0.76
405.4 1.76
410.41 1.21
413.96 0.4
415.34 3.77
416.45 3.36
417.81 5.81
419.11 4.82
421.51 0.45
425.26 0.58
428.83 0.39
433.42 0.46
434.58 2.89
436.45 3.53
438.31 2.74
439.47 3.45
440.55 5.01
443.19 0.66
451.33 0.22
452.36 1.62
453.68 2.23
455.04 2.59
456.88 4.75
458.59 5.49
459.8 5.12
467.57 0.63
469.02 0.83
471.56 1.38
473.73 2.57
475.27 2.17
476.4 4.26
478.13 4.43
479.92 1.84
484.54 0.89
490.66 0.54
492.7 0.97
494.17 1.29
495.63 3.91
497.0 5.24
498.64 0.39
500.33 4.0
507.26 0.87
508.88 0.68
510.31 1.74
512.31 0.9
514.04 2.23
515.47 2.66
516.91 3.08
518.32 4.11
520.21 4.45
523.45 0.33
530.13 0.87
531.59 0.6
533.6 0.19
534.98 2.51
537.23 1.29
538.35 3.26
540.07 2.27
544.21 0.98
547.32 0.99
554.7 0.11
555.67 0.47
556.64 2.95
557.32 5.8
558.06 4.67
564.28 0.73
566.33 0.75
569.91 1.98
571.41 0.44
572.66 1.56
573.78 1.8
575.5 1.57
576.87 2.63
578.27 2.2
581.67 0.35
584.76 1.05
587.81 1.26
590.92 1.18
593.0 2.38
594.79 3.59
596.26 2.94
597.63 3.39
602.61 0.33
608.21 0.32
610.26 0.92
612.31 0.29
614.96 0.69
617.47 0.47
619.49 1.06
621.57 1.71
623.59 1.77
625.66 1.22
627.22 1.48
629.19 2.01
631.18 2.78
632.71 4.03
633.89 3.91
638.0 2.19
642.65 1.34
644.69 0.56
646.81 0.59
648.25 0.25
649.86 0.07
650.94 6.07
652.51 5.15
659.33 0.96
661.42 1.54
663.93 0.62
665.97 0.8
667.56 1.3
669.98 2.39
671.31 2.91
672.66 3.49
674.15 2.29
679.84 0.7
681.3 0.6
683.87 0.13
685.7 2.44
687.03 1.84
688.28 0.05
689.0 4.69
690.13 4.87
692.02 0.14
700.85 0.65
702.89 0.3
704.45 1.46
706.96 1.88
708.97 2.39
711.38 3.87
713.05 0.48
719.75 0.45
720.74 0.52
723.75 0.91
724.94 4.37
726.44 4.41
727.54 5.85
729.08 5.77
735.11 0.15
739.68 1.25
741.22 1.37
741.85 1.37
742.75 0.73
746.67 2.27
748.42 2.46
750.84 1.9
753.27 0.83
757.83 0.16
759.93 1.79
763.44 0.65
765.53 1.64
766.63 2.66
767.91 2.28
768.64 4.32
771.37 0.25
775.62 1.76
780.04 0.99
783.88 0.07
785.81 2.78
786.92 3.32
787.81 4.21
788.66 4.32
795.84 0.63
798.38 1.21
801.5 0.91
802.47 0.64
803.77 2.48
804.82 3.87
805.87 3.17
806.99 3.87
808.96 0.21
810.36 4.5
812.84 0.51
817.49 0.08
819.98 1.58
823.04 2.03
824.37 4.45
825.23 3.93
826.65 3.49
829.43 3.49
836.29 0.79
838.31 1.64
840.39 0.86
842.38 1.36
844.0 2.7
845.73 3.34
847.71 2.58
850.26 0.31
855.32 1.0
860.92 0.44
862.5 0.69
863.97 0.16
865.67 2.98
867.06 4.23
868.64 4.55
875.09 0.48
876.68 0.68
879.17 1.38
880.7 1.1
882.47 0.65
883.58 2.29
885.37 3.9
886.7 5.09
888.15 5.98
895.25 0.25
897.83 1.87
899.39 1.59
901.41 1.37
902.98 1.85
904.41 3.05
905.69 2.7
908.03 3.61
911.64 2.18
916.2 1.74
919.76 1.49
921.79 1.59
923.75 0.14
925.35 3.28
927.26 2.84
931.48 0.43
934.54 1.71
937.62 1.21
940.66 1.11
942.03 2.16
943.38 2.79
944.53 2.93
945.8 3.76
947.32 3.72
953.98 0.68
956.02 0.15
957.55 0.76
960.09 0.84
961.49 1.35
963.03 2.65
964.34 3.23
965.43 3.24
967.17 3.1
977.78 0.64
978.79 1.02
980.33 0.46
981.92 1.32
983.68 1.27
984.84 0.68
986.1 2.33
987.76 2.73
989.68 4.25
992.69 0.72
997.28 1.14
998.31 1.15
999.37 1.34
1000.34 1.11
1001.27 2.97
1002.83 5.04
1004.83 3.55
1007.07 0.85
1010.36 0.51
1018.7 0.75
1020.61 1.55
1022.44 0.38
1023.9 4.62
1025.31 5.72
1027.08 2.94
1032.67 0.19
1035.22 1.08
1039.39 0.09
1042.31 0.05
1043.29 2.1
1044.42 2.6
1046.2 2.33
1047.32 3.26
1052.65 0.16
1054.71 0.11
1057.25 0.66
1058.36 1.92
1060.31 0.55
1061.31 2.29
1062.72 1.73
1064.11 2.4
1065.88 3.41
1070.66 0.71
1076.25 0.34
1077.8 0.9
1079.31 1.5
1080.74 2.41
1082.34 3.52
1083.71 3.47
1085.38 3.33
1087.6 0.02
1090.74 5.42
1099.37 0.4
1100.29 1.53
1101.39 2.68
1102.7 0.11
1103.63 4.31
1104.99 4.42
1106.78 0.86
1109.84 0.14
1116.47 0.07
1117.52 1.12
1119.02 1.33
1120.2 3.35
1121.3 3.48
1122.62 5.45
1125.29 0.69
1130.54 0.6
1136.12 0.7
1138.22 0.27
1139.45 0.84
1141.21 1.41
1142.99 1.0
1144.51 2.04
1145.76 2.23
1148.61 0.96
1150.14 1.68
1152.25 0.57
1156.28 1.39
1158.82 0.27
1161.0 3.87
1162.24 3.9
1163.41 3.44
1164.77 3.82
1171.13 0.13
1172.65 0.52
1178.03 0.07
1179.15 2.54
1180.47 2.93
1181.83 3.31
1183.34 3.3
1184.56 4.68
1185.98 0.26
1190.03 1.1
1193.56 0.28
1199.06 0.39
1200.08 2.95
1201.22 2.89
1202.34 3.02
1204.38 0.29
1208.59 0.98
1211.01 0.72
1212.56 2.42
1214.46 4.7
1219.34 0.19
1220.52 6.82
1221.85 5.3
1223.55 0.22
1231.82 1.07
1232.83 1.48
1234.86 0.83
1236.68 1.4
1239.84 0.28
1242.24 1.34
1245.6 1.57
1248.65 0.91
1251.18 1.0
1253.73 0.71
1255.3 0.73
1257.57 1.97
1259.55 2.1
1261.12 3.23
1262.72 1.34
1264.14 1.7
1265.55 4.38
1276.98 0.0
1278.0 1.55
1279.11 1.23
1279.97 1.72
1280.9 2.8
1281.71 2.56
1283.19 2.17
1284.76 1.55
1286.75 1.85
1289.29 1.56
1298.68 0.68
1299.2 3.14
1300.15 0.05
1300.76 1.39
1301.56 3.94
1304.62 0.53
1306.66 0.19
1307.75 1.64
1310.74 0.05
1313.33 0.03
1315.76 1.64
1317.77 2.45
1319.35 2.81
1321.05 2.63
1327.25 0.11
1331.86 0.11
1334.36 0.01
1335.38 2.76
1336.83 2.3
1338.86 3.62
1340.23 4.22
1343.61 0.95
1347.18 1.32
1351.25 1.8
1353.48 0.31
1354.96 2.44
1356.28 2.96
1357.9 3.78
1359.31 3.91
1363.86 0.38
1366.43 0.63
1368.45 1.62
1371.03 1.89
1373.38 2.81
1375.22 3.26
1376.64 3.61
1378.43 4.79
1380.84 0.21
1385.42 1.33
1388.48 1.6
1392.08 0.83
1393.58 2.85
1395.27 3.04
1396.47 4.08
1398.58 1.24
1405.82 0.54
1410.4 0.95
1410.91 0.95
1411.99 1.05
1413.3 1.3
1413.99 2.04
1415.11 1.88
1416.39 2.21
1417.78 1.93
1422.58 1.46
1425.71 1.02
1429.66 1.1
1433.22 0.25
1433.9 1.57
1435.34 2.98
1436.68 0.8
1439.03 2.15
1444.06 0.74
1447.11 0.17
1449.16 1.77
1450.9 1.73
1451.99 4.39
1453.4 2.19
1454.05 3.97
1455.33 3.76
1457.39 4.7
1460.98 2.63
1468.1 1.0
1470.66 1.57
1473.11 1.42
1474.7 3.18
1476.69 0.23
1478.0 4.16
1484.18 0.66
1486.23 0.69
1488.92 0.95
1490.41 1.06
1491.03 1.04
1493.93 2.12
1496.37 2.9
1497.06 3.15
1500.27 0.22
1502.34 0.9
1505.86 1.27
1508.4 0.71
1511.12 1.85
1512.53 4.03
1513.75 3.65
1516.18 0.34
1518.24 0.43
1520.86 2.95
1524.4 0.58
1526.9 0.49
1529.82 3.85
1532.25 3.46
1534.24 4.62
1535.44 0.08
1540.62 0.56
1543.19 0.63
1547.26 2.36
1549.28 0.98
1550.46 1.79
1551.98 1.02
1552.97 3.04
1554.82 3.97
1556.44 0.79
1563.62 0.15
1566.65 2.01
1568.17 0.42
1569.18 1.8
1571.06 2.82
1574.37 4.15
1576.2 3.47
1579.88 0.86
1581.4 0.18
1585.45 0.61
1587.79 0.17
1588.92 0.22
1590.44 0.53
1591.94 5.25
1593.84 0.08
1600.67 0.14
1602.63 0.99
1603.72 1.67
1606.71 0.8
1609.62 2.89
1611.16 2.71
1612.13 5.46
1619.93 0.25
1622.46 0.02
1627.3 0.4
1628.77 0.59
1629.64 0.57
1631.16 0.57
1633.17 0.52
1634.19 1.13
1635.22 0.58
1637.32 1.11
1638.86 0.87
1641.41 1.13
1642.9 0.71
1644.46 0.46
1646.05 1.19
1648.81 1.63
1651.03 2.15
1652.94 0.49
1654.79 0.73
1656.8 4.62
1663.54 0.89
1666.36 1.96
1667.76 3.18
1668.78 2.96
1669.88 0.28
1671.43 2.22
1675.07 0.09
1680.17 2.12
1684.76 0.42
1685.73 0.78
1686.41 4.46
1688.79 4.21
1690.22 5.19
1692.03 0.82
1696.15 0.71
1698.1 1.78
1699.66 0.99
1702.21 0.59
1704.86 0.07
1706.45 3.29
1708.24 2.76
1710.7 4.52
1715.13 0.85
1721.01 0.05
1723.58 0.34
1726.18 0.57
1727.97 2.08
1729.28 2.49
1732.54 0.3
1738.64 0.77
1742.16 0.24
1745.0 0.61
1746.5 0.7
1747.71 0.56
1749.24 0.9
1751.27 0.34
1755.35 0.36
1758.86 0.14
1759.46 0.96
1760.46 0.28
1761.96 1.02
1763.0 1.06
1764.15 1.91
1765.72 1.78
1767.39 1.74
1769.63 2.89
1774.75 0.34
1778.3 0.9
1782.9 0.04
1783.64 2.8
1784.54 2.43
1785.6 3.76
1786.89 3.38
1788.26 4.65
1789.98 0.11
1791.95 1.04
1799.38 1.43
1802.96 0.07
1804.16 2.41
1805.73 3.65
1807.83 5.56
1808.95 6.66
1810.8 0.14
1818.39 0.87
1822.78 0.41
1823.86 0.85
1825.37 1.2
1826.69 1.25
1827.85 0.8
1828.89 0.95
1830.62 3.41
1834.77 0.25
1835.81 1.36
1838.44 1.16
1840.39 1.36
1841.93 1.44
1843.69 2.04
1845.46 1.98
1847.5 2.44
1850.14 3.51
1852.68 1.37
1854.95 0.92
1857.49 0.92
1863.2 0.44
1864.65 1.78
1866.42 1.47
1867.69 2.27
1869.86 0.14
1871.59 0.64
1874.16 0.69
1877.01 0.67
1878.96 1.15
1881.55 0.98
1883.47 2.04
1886.29 2.67
1888.99 3.05
1895.05 0.74
1902.45 0.12
1903.61 1.82
1904.47 1.96
1906.02 1.28
1907.74 2.14
1909.27 2.62
1911.95 1.32
1917.5 0.34
1922.36 0.3
1924.08 0.75
1925.2 0.97
1926.42 0.99
1928.56 0.56
1930.3 1.9
1932.35 0.32
1933.87 0.98
1935.89 0.51
1937.94 0.04
1939.98 2.0
1942.61 1.64
1944.01 1.88
1945.83 2.83
1946.84 3.0
1949.53 0.03
1955.8 0.51
