0.0 218.98
1.13 188.51
3.12 168.65
5.12 0.77
7.12 202.93
9.12 207.17
11.12 217.33
13.13 243.39
15.12 17.69
17.12 246.61
19.12 16.86
21.12 247.79
23.13 227.49
25.13 27.65
27.13 221.81
29.13 28.07
31.12 184.93
33.12 227.96
35.12 227.14
37.12 219.84
39.12 25.44
41.12 135.59
43.12 25.89
45.12 282.86
47.12 261.0
49.12 25.67
51.12 235.69
53.12 17.52
55.12 115.01
57.12 344.35
59.12 275.27
61.12 308.84
63.12 25.96
65.12 365.31
67.12 26.42
69.12 376.68
71.12 395.94
73.12 19.28
75.12 222.87
77.12 17.98
79.12 213.88
81.12 269.32
83.12 255.37
85.12 234.5
87.12 24.33
89.12 205.01
91.11 26.04
93.12 127.14
95.12 142.19
97.11 7.68
99.11 183.91
101.12 11.53
103.12 147.35
105.12 122.21
107.12 110.68
109.12 81.54
111.12 26.91
113.12 96.21
115.11 17.39
117.12 106.9
119.12 123.86
121.12 14.89
123.12 142.38
125.12 24.24
127.12 184.19
129.12 193.86
131.12 202.69
133.11 225.35
135.12 17.51
137.12 182.72
139.11 15.95
141.11 254.92
143.11 241.16
145.12 26.33
147.12 257.36
149.12 25.21
151.12 322.72
153.12 326.18
155.12 417.83
157.11 456.26
159.12 20.09
161.12 210.88
163.11 25.51
165.11 120.64
167.12 117.64
169.11 7.65
171.12 96.16
173.12 24.43
175.12 103.4
177.11 99.33
179.12 99.33
181.11 99.38
183.12 94.11
185.11 98.13
187.11 106.34
189.12 123.14
191.11 135.91
193.11 20.88
195.12 156.31
197.12 8.05
199.11 183.18
201.12 228.19
203.12 241.59
205.37 250.0
207.37 1.57
209.37 47.32
211.37 16.16
213.37 40.86
215.37 43.08
217.37 49.71
219.37 59.93
221.37 64.67
223.37 73.11
225.37 104.98
227.37 113.5
229.37 151.37
231.37 139.77
233.37 161.69
235.37 22.59
237.37 141.12
239.36 173.38
241.37 0.8
243.37 197.45
245.36 16.63
247.37 286.09
249.37 333.62
251.37 366.95
253.36 368.16
255.36 25.27
257.37 429.68
259.36 18.81
261.36 466.04
263.36 573.84
265.36 18.37
267.36 579.68
269.36 27.19
271.36 70.66
273.36 79.33
275.36 117.07
277.36 66.74
279.36 135.21
281.36 131.91
283.36 22.03
285.36 183.97
287.36 170.72
289.36 0.8
291.36 189.19
293.37 9.6
295.37 163.92
297.37 196.82
299.36 221.64
301.36 231.45
303.36 27.22
305.37 190.82
307.36 18.6
309.36 171.71
311.36 194.69
313.37 19.32
315.37 227.87
317.37 18.73
319.36 248.18
321.36 200.8
323.37 192.54
325.37 275.58
327.37 18.73
329.36 203.52
331.37 16.71
333.36 258.85
335.37 244.72
337.36 1.49
339.37 236.92
341.36 17.15
343.36 181.89
345.36 234.17
347.36 238.9
349.37 234.86
351.36 23.41
353.36 200.28
355.37 26.7
357.36 164.86
359.36 261.66
361.36 17.29
363.36 181.29
365.37 28.0
367.36 271.15
369.37 258.9
371.36 281.02
373.37 276.24
375.36 25.74
377.36 289.42
379.36 292.4
381.36 197.43
383.36 300.76
385.36 19.11
387.36 386.7
389.36 26.45
391.36 396.49
393.36 329.3
395.35 414.25
397.36 314.14
399.36 19.65
401.36 196.82
403.36 18.57
405.36 172.36
407.36 195.18
409.36 17.87
411.36 199.58
413.35 31.46
415.39 212.51
417.36 207.88
419.36 226.11
421.36 223.25
423.36 235.98
425.36 256.55
427.36 32.47
429.36 290.89
431.36 313.86
433.36 18.53
435.36 359.9
437.36 13.89
439.36 107.17
441.36 130.11
443.36 157.79
445.36 131.79
447.35 18.26
449.35 144.56
451.35 18.41
453.6 132.7
455.61 122.68
457.6 139.61
