0.0 2.11
0.96 24.0
2.97 150.83
4.75 14.0
6.95 40.7
8.96 183.29
10.97 19.71
12.97 172.05
14.96 23.36
16.96 174.34
18.95 197.1
20.97 206.46
22.97 195.5
24.96 23.32
26.96 164.01
28.76 12.51
30.97 243.15
32.95 239.01
34.97 21.43
36.96 255.0
38.97 11.4
40.97 197.46
42.97 137.13
44.96 2.09
46.96 89.87
48.97 16.27
50.97 125.07
52.96 24.84
54.97 1.51
56.97 150.46
58.96 20.46
60.96 161.54
62.97 19.13
64.96 174.16
66.97 93.33
68.97 141.63
70.96 192.51
72.96 9.0
74.96 182.74
76.96 21.63
78.97 196.48
80.96 147.87
82.96 13.58
84.96 172.0
86.96 19.37
88.96 196.05
90.96 139.21
92.96 130.99
94.97 204.91
96.96 24.27
98.97 63.42
100.97 12.65
102.96 154.96
104.96 117.99
106.97 15.52
108.97 106.58
110.96 22.29
112.96 107.97
114.96 145.4
116.97 156.67
118.97 19.86
120.98 20.47
122.97 169.42
124.95 21.91
126.96 182.51
128.96 137.76
130.96 15.74
132.96 188.98
134.96 26.39
136.96 135.85
138.96 205.29
140.97 163.93
142.96 175.67
144.97 22.62
146.98 152.18
148.96 16.4
150.97 203.6
152.97 138.73
154.97 23.45
156.97 82.83
158.97 20.22
160.97 130.6
162.96 57.49
164.97 154.88
166.96 94.16
168.97 22.72
170.96 142.94
172.98 124.58
174.96 124.58
176.97 128.97
178.97 86.95
180.97 126.08
182.96 19.9
184.97 156.49
186.96 91.05
188.97 130.81
190.97 143.94
192.97 24.61
194.96 115.78
196.96 22.89
198.97 139.42
200.98 60.54
202.97 21.39
204.96 130.66
206.96 20.95
208.97 91.18
210.97 169.98
212.97 67.34
214.97 79.4
216.96 16.23
218.97 171.77
220.96 23.36
222.97 108.93
224.96 59.08
226.97 15.06
228.96 25.1
230.97 37.63
233.22 44.35
234.97 57.5
236.97 50.04
238.97 50.04
240.97 56.5
243.21 62.97
245.22 64.25
247.22 77.6
249.21 82.84
251.22 87.68
253.21 108.93
255.21 93.31
257.22 92.5
258.99 50.75
261.22 50.75
263.21 50.75
265.21 21.43
267.22 132.14
269.22 143.45
271.22 112.38
273.21 131.72
275.21 22.08
277.21 156.12
279.21 23.76
281.21 157.49
283.22 15.68
285.21 135.63
287.22 139.65
289.21 20.59
291.22 150.61
293.22 19.9
295.21 191.68
297.22 161.41
299.21 22.9
301.21 149.57
303.22 11.09
305.21 0.5
307.22 22.06
309.22 167.59
311.21 219.48
313.22 17.85
315.21 29.15
317.22 14.36
319.21 208.95
321.22 213.91
323.22 76.85
325.21 214.84
327.22 23.75
329.22 213.56
331.21 13.1
333.22 212.56
335.22 169.26
337.22 16.1
339.2 174.56
341.21 21.86
343.22 191.55
345.22 272.21
347.23 18.04
349.22 241.98
351.21 21.16
353.22 172.74
355.22 21.03
357.23 138.57
359.22 216.73
361.22 17.11
363.22 201.21
365.21 18.58
367.21 132.88
369.21 210.21
371.22 22.4
373.21 207.29
375.21 19.75
377.22 204.84
379.21 11.45
381.22 185.71
383.23 184.42
385.22 10.59
387.25 208.73
389.22 26.92
391.22 255.6
393.22 250.44
395.22 18.79
397.22 220.97
399.21 19.97
401.22 182.19
403.21 21.53
405.22 235.35
407.22 162.91
409.22 12.67
411.22 236.39
413.22 11.54
415.21 236.6
417.22 222.23
419.22 19.02
421.22 178.87
423.21 12.01
425.22 235.36
427.22 16.69
429.22 249.91
431.21 224.35
433.22 21.28
435.21 243.11
437.22 18.52
439.22 226.75
441.21 214.31
443.21 20.62
445.22 217.37
447.22 19.04
449.22 218.52
451.22 22.81
453.22 205.96
455.21 205.72
457.22 8.6
459.21 200.54
461.22 23.57
463.21 225.37
465.21 6.17
467.22 15.09
469.21 157.62
471.21 13.37
473.22 272.3
475.22 16.0
477.22 230.71
479.22 258.7
481.22 19.35
483.22 233.32
485.46 16.13
487.22 239.15
489.47 265.31
491.22 256.23
493.22 186.67
495.46 24.49
497.47 251.41
499.46 25.98
501.48 170.03
503.46 282.01
505.47 19.15
507.47 254.44
509.46 9.88
511.47 250.17
513.46 155.3
515.47 226.97
517.46 199.02
519.47 14.43
521.46 210.69
523.46 22.97
525.47 224.36
527.47 169.08
529.47 16.36
531.46 128.33
533.47 20.81
535.47 203.32
537.47 199.85
539.47 233.08
541.46 143.14
543.48 21.47
545.46 164.49
547.46 20.09
549.47 264.59
551.47 143.69
553.46 21.89
555.47 246.18
557.46 11.96
559.47 210.49
561.47 128.06
563.48 2.59
565.46 213.58
567.48 21.41
569.47 199.7
571.46 23.5
573.46 198.57
575.48 125.48
577.47 20.96
579.48 166.72
581.47 0.95
583.47 152.63
585.47 202.63
587.47 207.89
589.47 104.16
591.47 19.99
