0.0 56.69
2.02 82.67
4.03 100.12
6.05 80.79
7.91 93.11
9.89 112.38
11.89 128.96
13.93 3.32
15.96 118.01
18.0 126.01
20.03 120.81
22.07 149.73
24.1 148.17
26.13 181.63
27.9 3.25
29.92 161.13
31.95 2.81
33.96 149.06
35.99 163.58
38.04 1.72
40.06 190.34
42.1 7.07
44.13 183.27
45.9 225.68
47.97 214.84
50.0 234.66
52.01 5.43
54.02 235.71
55.94 2.99
58.1 250.62
59.92 258.32
61.96 2.74
63.99 226.6
66.01 3.83
68.02 266.83
70.03 273.82
72.07 272.99
74.13 247.6
76.18 5.0
78.19 290.01
80.0 5.45
82.07 281.51
84.09 265.13
86.1 5.19
88.14 211.0
90.18 5.05
92.2 283.41
94.0 237.96
96.01 249.52
98.05 272.98
100.07 4.86
102.11 306.25
104.15 4.75
106.2 315.64
107.98 298.55
110.01 3.68
112.02 290.09
114.05 5.05
116.08 279.08
118.13 278.43
120.17 301.52
122.21 299.0
123.99 3.69
126.04 267.0
128.09 2.72
130.13 227.62
132.17 213.5
134.21 1.95
136.02 253.44
138.04 3.72
140.07 242.4
142.08 288.58
144.12 281.87
146.15 283.7
148.18 3.45
150.21 302.81
152.25 6.15
154.26 260.78
156.03 193.03
158.06 4.38
160.09 310.24
162.13 5.06
164.14 290.92
166.19 270.69
168.2 316.88
170.23 286.16
172.25 3.31
174.27 294.65
176.04 3.35
178.06 170.23
180.12 207.36
182.15 5.44
184.21 205.6
186.22 2.09
188.24 214.45
190.26 216.23
192.29 227.6
194.09 241.58
196.15 3.24
198.17 232.77
200.2 4.38
202.21 235.74
204.23 263.33
206.26 4.05
208.28 234.41
210.32 3.25
212.1 301.42
214.14 294.22
216.17 285.0
218.2 285.29
220.24 6.37
222.26 279.43
224.29 6.25
226.34 315.99
228.14 331.32
230.16 5.83
232.19 317.14
234.2 7.62
236.21 329.97
238.23 356.76
240.26 344.89
242.31 371.77
244.09 2.33
246.17 374.47
248.24 3.29
250.29 306.53
252.36 305.86
254.15 6.61
256.21 186.41
258.24 7.86
260.27 336.23
262.21 4.03
264.37 328.64
266.39 345.54
268.19 4.2
270.22 316.33
272.24 6.29
274.25 352.74
276.28 278.47
278.35 2.47
280.14 270.37
282.16 4.79
284.19 297.94
286.22 254.18
288.28 302.54
290.3 301.43
292.31 3.88
294.32 234.4
296.36 5.65
298.16 237.58
300.21 180.16
302.26 3.24
304.32 240.18
306.35 6.59
308.38 234.74
310.27 6.5
312.43 250.97
314.21 258.77
316.24 6.61
318.3 266.51
320.34 5.46
322.38 240.66
324.42 275.56
326.2 7.2
328.26 278.53
330.31 3.68
332.38 295.38
334.32 7.7
336.24 243.56
338.3 237.84
340.35 6.2
342.4 289.51
344.44 2.72
346.25 290.58
348.29 292.15
350.31 187.45
352.35 298.76
354.38 1.94
356.42 315.97
358.21 322.04
360.25 301.4
362.28 284.44
364.31 4.44
366.35 288.55
368.35 3.27
370.39 270.77
372.44 304.18
374.47 297.63
376.23 255.14
378.28 6.41
380.31 304.41
382.33 4.79
384.34 255.65
386.35 231.47
388.4 3.18
390.44 233.99
392.47 5.83
394.5 213.96
396.29 224.64
398.35 254.48
400.41 240.94
402.44 3.5
404.51 244.48
406.31 5.67
408.34 263.67
410.37 227.4
412.41 3.53
414.46 255.09
416.48 6.35
418.51 218.92
420.27 185.65
422.3 3.95
424.32 236.09
426.36 5.61
428.4 231.06
430.34 8.19
432.53 260.26
434.31 243.14
436.32 6.61
438.37 170.15
440.43 3.48
442.49 245.16
444.51 238.89
446.55 255.1
448.57 171.14
450.34 5.42
452.36 254.48
454.29 8.36
456.48 275.67
458.49 272.7
460.53 3.89
462.34 285.85
464.39 6.81
466.41 301.33
468.43 241.32
470.47 6.9
472.49 271.43
474.52 5.59
476.57 256.71
478.61 7.31
480.38 235.37
482.43 261.0
484.46 2.04
486.53 285.15
488.55 6.2
490.58 280.06
492.41 312.39
494.46 255.45
496.49 221.67
498.5 6.02
500.54 301.78
502.61 5.98
504.37 227.56
506.4 247.76
508.45 4.2
510.48 249.37
512.52 7.33
514.59 283.5
516.62 253.51
518.4 7.2
520.46 233.29
522.5 5.58
524.58 245.04
526.38 6.21
528.42 227.06
530.5 247.17
532.5 2.98
534.54 236.72
536.56 0.19
538.61 269.3
540.4 269.45
542.44 10.06
544.45 289.42
546.5 0.18
548.53 277.46
550.58 6.01
552.64 279.56
554.64 219.7
556.65 4.25
558.42 188.25
560.46 3.51
562.49 206.37
564.55 230.07
566.59 206.15
568.63 250.61
570.67 3.7
572.43 232.54
574.47 2.74
576.52 270.74
578.55 134.52
580.62 0.54
582.66 233.76
584.45 7.06
586.49 254.72
588.53 281.29
590.55 276.47
592.58 290.52
594.63 2.39
596.67 264.93
598.44 6.72
600.47 287.24
602.5 263.77
604.54 4.47
606.58 304.36
608.62 7.1
610.66 311.11
612.56 7.04
614.73 145.89
616.53 129.0
618.56 6.52
620.64 206.67
622.69 5.82
624.71 198.24
626.51 210.31
628.56 1.36
630.59 229.62
632.64 8.21
634.69 228.72
636.59 5.4
638.49 203.34
640.52 139.45
642.56 6.16
644.6 192.64
646.63 4.44
648.68 212.41
650.72 239.89
652.74 0.19
654.49 198.3
656.56 4.25
658.62 258.37
660.54 5.29
662.68 274.28
664.73 242.35
666.77 2.76
668.57 231.89
670.59 4.84
672.62 225.07
674.66 228.68
676.73 207.5
678.75 192.79
680.8 3.98
682.58 257.75
684.6 250.21
686.62 276.89
688.64 266.48
690.67 3.29
692.69 189.4
694.72 0.95
696.74 216.58
698.75 232.45
700.77 6.39
702.78 193.86
704.57 4.84
706.61 207.14
708.66 190.61
710.74 189.9
712.79 203.82
714.57 3.72
716.6 194.13
718.63 7.46
720.67 194.88
722.7 213.39
724.77 3.5
726.81 210.23
728.59 6.4
730.62 209.35
732.63 195.78
734.64 195.21
736.65 192.61
738.7 5.39
740.74 202.41
742.77 3.5
744.79 192.75
746.83 183.39
748.64 211.06
750.66 195.79
752.72 4.49
754.75 198.16
756.63 6.8
758.79 132.31
760.82 201.46
762.85 4.47
764.65 111.74
766.68 6.03
768.73 83.16
770.79 83.16
772.62 85.35
774.65 85.35
776.67 85.35
778.68 85.35
780.71 85.35
782.75 85.35
784.8 85.35
786.81 85.35
788.87 101.73
790.67 98.41
792.69 118.44
