0.0 25.76
0.81 32.13
2.81 34.7
4.81 34.77
6.81 34.6
8.81 19.82
10.81 23.6
12.81 13.96
14.82 11.16
16.83 13.62
18.81 37.39
20.81 36.35
22.81 30.77
24.82 34.98
26.83 14.8
28.81 28.55
30.81 20.77
32.81 26.44
34.81 13.47
36.83 20.25
38.81 13.35
40.81 27.69
42.82 24.11
44.82 26.39
46.83 22.86
48.81 24.97
50.81 19.2
52.81 25.4
54.81 23.48
57.06 16.39
59.06 4.41
61.06 31.02
63.06 11.85
65.06 11.57
67.06 7.86
69.06 23.42
71.13 26.9
73.06 25.58
75.06 33.49
77.06 12.7
79.06 24.97
81.06 14.79
83.06 21.22
85.06 34.1
87.06 18.46
89.06 44.11
91.06 16.66
93.06 27.72
95.07 14.06
97.06 20.43
99.06 41.97
101.06 24.22
103.06 37.41
105.07 29.94
107.07 22.37
109.06 19.32
111.07 22.54
113.07 26.99
115.06 27.19
117.07 19.18
119.07 14.27
121.06 19.89
123.07 30.9
125.06 22.69
127.06 22.72
129.06 32.44
131.06 32.34
133.07 23.91
135.06 12.86
137.06 34.28
139.06 33.83
141.06 33.24
143.07 18.86
145.06 36.69
147.06 35.92
149.06 26.63
151.06 24.33
153.06 34.31
155.06 29.06
157.07 25.33
159.07 16.51
161.32 34.62
163.32 34.17
165.32 35.28
167.32 26.97
169.32 29.48
171.32 17.64
173.11 21.88
175.32 20.49
177.33 22.22
179.32 30.09
181.32 29.0
183.32 37.96
185.32 36.84
187.32 28.42
189.32 31.77
191.32 6.17
193.32 23.76
195.32 35.32
197.32 19.93
199.34 24.38
201.32 34.58
203.32 17.03
205.32 21.22
207.32 26.91
209.32 28.54
211.32 34.55
213.32 38.06
215.32 26.22
217.32 27.84
219.32 44.45
221.32 34.2
223.57 24.74
225.58 23.28
227.58 23.11
229.58 23.11
231.57 33.91
233.6 33.91
235.57 33.91
237.57 28.07
239.59 28.07
241.57 15.29
243.57 14.84
245.58 26.86
247.57 26.86
249.58 27.37
251.57 19.69
253.57 21.14
255.57 15.64
257.57 31.46
259.57 21.8
261.59 30.19
263.57 29.05
265.58 21.11
267.59 19.49
269.57 28.33
271.58 21.37
273.59 13.02
275.57 18.77
277.57 31.65
279.58 11.44
281.57 33.25
283.58 16.71
285.57 27.03
287.58 27.5
289.57 30.96
291.57 31.89
293.57 32.11
295.58 32.57
297.57 23.98
299.82 28.6
301.82 8.95
303.82 21.2
305.82 16.95
307.83 19.69
309.82 24.4
311.82 15.86
313.83 23.11
315.82 14.76
317.66 22.35
319.82 22.6
321.82 20.8
323.82 19.23
325.82 35.62
327.82 13.12
329.83 28.73
331.82 33.97
333.82 18.8
335.83 16.85
337.82 14.38
339.82 18.11
341.87 19.95
343.82 26.3
345.83 11.89
347.82 15.64
349.82 8.42
352.07 25.83
354.07 18.05
356.07 22.56
358.07 22.3
360.07 28.39
362.07 22.6
364.07 25.87
365.88 22.54
368.07 14.18
370.07 30.66
372.07 31.04
374.07 22.24
376.07 13.33
378.07 15.64
380.07 9.2
382.07 21.24
384.07 29.21
386.07 24.04
388.07 31.1
390.07 22.83
392.11 16.9
394.07 19.06
396.07 13.04
398.07 33.32
400.07 28.06
402.07 15.17
404.08 11.6
406.09 34.48
408.08 31.17
410.08 13.14
412.07 17.4
414.07 24.04
416.33 24.01
418.33 12.43
420.33 2.74
422.33 29.98
424.33 24.54
426.33 15.85
428.33 29.74
430.33 36.31
432.34 27.84
434.34 34.13
436.33 24.68
438.33 19.74
440.33 27.02
442.33 38.69
444.34 26.46
446.33 24.36
448.33 19.44
450.33 24.89
452.33 29.4
454.33 40.05
456.33 40.44
458.35 23.7
460.33 21.58
462.34 31.59
464.33 20.22
466.33 23.25
468.34 22.12
470.33 12.59
472.33 16.78
474.33 33.41
476.33 33.88
478.33 30.14
480.33 16.47
482.34 22.43
484.33 17.59
486.33 28.8
488.33 32.1
490.33 26.51
492.34 21.17
494.33 32.85
496.33 35.72
498.34 26.72
500.61 23.8
502.58 37.48
504.59 20.91
506.58 17.32
508.58 13.87
510.59 23.63
512.58 20.61
514.58 21.15
516.58 40.04
518.58 21.47
520.59 27.7
522.58 31.17
524.59 24.68
526.58 21.09
528.58 17.13
530.58 23.88
532.59 33.26
534.59 31.01
536.59 28.22
538.58 16.69
540.58 22.12
542.59 19.95
544.59 23.04
546.61 29.83
548.59 18.17
550.58 30.66
552.58 35.37
554.59 22.15
556.61 24.74
558.58 16.4
560.59 30.63
562.58 21.16
564.58 25.26
566.58 37.29
568.59 16.48
570.59 36.92
572.59 30.02
574.59 26.42
576.59 27.52
578.59 14.4
580.59 21.94
582.83 14.8
584.83 10.43
586.83 28.33
588.84 6.42
590.84 24.13
592.84 10.89
594.83 22.51
596.67 8.83
598.83 21.98
600.84 22.56
602.84 15.27
604.84 16.69
606.83 8.01
608.84 31.52
610.84 23.99
612.84 34.6
614.83 35.58
616.84 35.17
618.84 33.45
620.83 35.53
622.84 31.74
624.84 20.47
626.88 31.68
628.84 36.32
630.84 18.75
632.84 25.88
634.84 31.31
636.95 16.66
638.84 30.31
640.84 25.46
642.84 27.44
644.84 22.06
646.85 27.78
648.84 21.8
651.09 4.58
653.09 36.43
655.09 18.12
657.08 18.38
659.09 21.32
661.1 15.52
663.09 23.74
665.09 14.62
667.09 33.51
669.09 24.62
671.09 13.63
673.09 0.12
675.09 33.72
677.09 33.84
679.09 17.66
681.09 2.91
683.09 29.53
685.09 24.56
687.09 11.37
689.09 25.11
691.09 22.75
693.09 26.18
695.09 20.46
697.09 33.55
699.09 17.71
701.09 27.24
703.34 17.79
705.35 18.08
707.34 20.25
709.34 17.91
711.34 25.7
713.35 14.29
715.34 21.78
717.17 7.44
719.34 37.76
721.34 37.71
723.34 20.94
725.34 26.75
727.34 18.64
729.35 18.8
731.41 13.29
733.35 33.5
735.34 22.23
737.35 27.12
739.35 37.49
741.35 17.8
743.35 12.64
745.35 13.13
747.35 19.08
749.35 10.09
751.35 19.12
753.35 24.19
755.35 18.96
757.35 12.79
759.36 7.44
761.35 13.48
763.35 15.77
765.36 20.38
767.35 32.42
769.35 22.87
771.35 16.0
773.35 29.43
775.35 33.67
777.35 38.34
779.35 4.44
781.59 5.78
783.6 22.62
785.59 21.86
787.6 27.14
789.6 20.21
791.6 28.53
793.6 24.92
795.6 34.76
797.6 31.81
799.6 15.66
801.6 30.87
803.61 15.8
805.6 23.59
807.6 22.49
809.6 25.39
811.6 28.53
813.6 12.74
815.6 33.84
817.6 28.48
819.61 30.96
821.6 26.35
823.6 24.57
825.6 19.1
827.6 23.33
829.61 28.15
831.85 35.58
833.85 16.09
835.85 22.03
837.87 23.59
839.84 35.81
841.85 20.54
843.85 20.2
845.85 9.0
847.85 18.14
849.85 11.82
851.85 26.19
853.86 21.27
855.85 26.12
857.85 29.09
860.1 39.26
862.09 23.21
864.11 25.78
866.1 38.3
868.1 31.75
870.11 33.57
872.1 30.5
874.12 20.29
876.15 28.32
878.1 33.27
880.1 20.66
882.1 37.11
884.1 21.46
886.1 8.61
888.1 23.76
890.16 17.09
892.1 28.19
894.1 27.86
896.1 20.23
898.1 19.05
900.1 32.99
902.1 18.91
904.1 17.65
906.35 27.25
908.38 32.32
910.36 28.73
912.35 24.88
914.36 34.04
916.35 23.8
918.36 22.09
920.35 24.16
922.36 22.77
924.36 16.69
926.35 6.96
928.37 21.81
930.36 28.42
932.39 27.17
934.35 27.2
936.36 15.57
938.35 8.11
940.35 19.17
942.36 14.55
944.35 28.02
946.35 34.82
948.36 28.75
950.36 25.01
952.6 9.95
954.61 6.69
956.6 7.84
958.6 13.54
960.6 32.53
962.61 27.6
964.6 14.29
966.61 35.29
968.61 32.49
970.6 20.76
972.62 38.69
974.62 31.4
976.63 6.91
978.61 18.19
980.61 8.32
982.61 17.74
984.6 16.02
986.61 6.52
988.62 19.86
990.6 23.98
992.85 24.93
994.86 20.44
996.85 19.23
998.85 16.67
1000.86 20.55
1002.88 26.28
1004.85 26.7
1006.86 19.13
1008.86 23.07
1010.86 9.92
1012.85 33.19
1014.85 26.35
1016.88 27.71
1018.86 21.38
1020.86 23.76
1022.85 17.38
1024.85 23.21
1026.86 29.3
1029.11 0.98
1031.1 15.63
1033.1 29.43
1035.1 34.7
1037.11 32.56
1039.11 20.46
1041.11 20.22
1043.11 22.15
1045.1 15.7
1047.1 16.47
1049.1 30.6
1051.12 28.95
1053.1 13.54
1055.11 40.57
1057.39 40.57
1059.36 40.57
1061.36 40.57
1063.36 40.57
1065.36 40.57
1067.35 31.41
1069.37 31.41
1071.36 17.93
1073.36 23.99
1075.36 11.19
1077.36 26.15
1079.37 17.47
1081.36 4.56
1083.36 28.35
1085.36 25.67
1087.36 11.76
1089.37 17.88
1091.37 21.69
1093.36 14.81
1095.36 35.84
1097.37 27.26
1099.36 24.51
1101.37 23.49
1103.37 28.78
1105.36 17.38
1107.37 17.17
1109.36 38.63
1111.36 18.07
1113.36 24.81
1115.37 27.72
1117.36 23.2
1119.36 16.78
1121.61 5.34
1123.61 33.72
1125.61 43.12
1127.61 34.76
1129.61 13.52
1131.67 36.84
1133.61 27.63
1135.62 28.86
1137.61 24.1
1139.61 25.67
1141.61 35.0
1143.63 35.39
1145.63 39.26
1147.62 24.09
1149.62 13.12
1151.61 39.72
1153.86 42.35
1155.86 19.33
1157.88 42.35
1159.86 36.05
1161.86 42.87
1163.86 39.37
1165.67 34.18
1167.86 31.37
1169.86 34.37
1171.87 12.6
1173.86 7.44
1175.86 21.95
1177.86 17.22
1179.87 24.26
1181.86 34.9
1183.86 25.4
1185.87 22.11
1187.86 28.19
1190.03 23.66
1191.87 26.81
1193.86 33.05
1195.86 28.37
1197.86 14.69
1199.86 26.41
1202.11 27.11
1204.11 30.75
1206.13 23.92
1208.11 18.23
1210.11 22.19
1212.12 25.57
1214.11 13.94
1216.12 4.62
1218.11 28.39
1220.12 22.17
1222.11 8.72
1224.11 29.63
1226.11 20.72
1228.11 31.62
1230.11 21.06
1232.12 21.82
1234.12 21.7
1236.12 14.64
1238.12 13.74
1240.11 38.8
1242.37 38.41
1244.37 21.81
1246.37 14.99
1248.37 14.49
1250.37 37.58
1252.37 19.1
1254.37 31.02
1256.37 36.39
1258.37 28.1
1260.37 23.23
1262.41 30.13
1264.38 20.8
1266.37 30.1
1268.38 26.93
1270.37 15.97
1272.37 39.15
1274.37 26.32
1276.62 40.12
1278.63 16.64
1280.62 30.54
1282.62 31.22
1284.63 22.47
1286.63 27.82
1288.62 16.79
1290.63 25.76
1292.62 25.63
1294.63 22.05
1296.62 24.86
1298.62 7.01
1300.63 27.11
1302.62 26.09
1304.62 24.43
1306.62 23.38
1308.62 23.38
1310.62 23.66
1312.62 25.35
1314.62 22.55
1316.62 10.77
1318.62 12.23
1320.87 26.6
1322.87 16.29
1324.87 11.78
1326.87 33.32
1328.98 25.29
1330.87 24.04
1332.87 28.88
1334.88 16.76
1336.88 23.88
1338.87 28.65
1340.87 35.1
1342.87 22.36
1344.87 32.63
1346.87 29.0
1348.87 19.5
1350.87 12.51
1352.87 32.14
1354.87 19.02
1357.12 19.25
1359.12 22.96
1361.13 31.65
1363.13 32.46
1365.13 35.24
1367.12 35.41
1369.13 20.02
1371.12 28.71
1372.91 18.5
1375.13 25.85
1377.13 34.4
1379.12 17.5
1381.15 11.77
1383.12 37.15
1385.12 10.62
1387.13 20.76
1389.12 17.57
1391.12 16.53
1393.12 39.16
1395.17 15.75
1397.12 22.61
1399.14 17.11
1401.12 27.75
1403.12 14.56
1405.23 17.08
1407.14 21.41
1409.12 21.12
1411.12 26.63
1413.12 20.37
1415.14 32.44
1417.13 21.88
1419.12 9.53
1421.13 27.08
1423.12 18.32
1425.12 21.79
1427.12 12.71
1429.12 23.02
1431.13 21.26
1433.13 28.97
1435.12 14.04
1437.12 12.39
1439.12 8.62
1441.12 24.82
1443.12 29.73
1445.13 23.56
1447.12 25.04
1449.12 23.06
1451.38 18.62
1453.38 25.81
1455.38 25.68
1457.39 32.03
1459.38 31.94
1461.38 36.68
1463.38 24.19
1465.38 33.73
1467.38 13.78
1469.39 17.29
1471.38 34.13
1473.38 30.58
1475.38 29.98
1477.38 26.02
1479.38 18.93
1481.38 33.64
1483.39 6.94
1485.38 27.37
1487.38 11.85
1489.38 9.96
1491.39 27.74
1493.39 11.62
1495.38 29.49
1497.38 23.97
1499.39 23.79
1501.38 21.38
1503.38 29.02
1505.38 26.23
1507.38 39.25
1509.38 22.39
1511.63 28.39
1513.63 28.35
1515.63 17.15
1517.63 2.6
1519.63 20.24
1521.63 22.79
1523.63 16.27
1525.63 29.78
1527.63 27.51
1529.64 34.75
1531.63 24.96
1533.63 22.03
1535.63 11.89
1537.64 14.53
1539.63 17.27
1541.63 23.12
1543.64 21.16
1545.63 36.84
1547.63 27.03
1549.63 18.01
1551.64 35.16
1553.63 19.67
1555.63 24.26
1557.89 29.18
1559.88 34.62
1561.88 23.67
1563.89 7.99
1565.67 21.61
1567.88 32.98
1569.89 22.13
1571.88 24.83
1573.89 34.59
1575.89 33.72
1577.88 36.32
1579.9 23.86
1581.88 19.3
1583.88 35.1
1585.88 37.92
1587.88 32.94
1589.88 16.54
1591.88 24.64
1593.88 31.01
1595.88 23.65
1597.88 13.31
1599.88 28.48
1601.88 36.3
1603.89 12.56
1605.88 32.07
1607.88 35.26
1609.89 21.25
1611.89 24.73
1613.88 26.08
1615.88 19.89
1617.88 17.03
1619.88 26.68
1621.89 26.79
1623.9 32.11
1625.89 32.98
1627.88 34.62
1629.88 23.17
1631.88 25.05
1633.89 34.49
1636.13 14.7
1638.13 28.77
1640.13 17.09
1642.14 33.97
1644.13 23.37
1646.13 23.37
1648.13 23.37
1650.13 23.37
1652.15 23.37
1654.13 23.37
1656.13 20.63
1658.13 7.17
1660.13 31.84
1662.13 33.38
1664.13 30.14
1666.14 20.64
1668.15 22.52
1670.14 29.34
1672.14 27.24
1674.13 28.75
1676.13 31.88
1678.13 15.05
1680.13 19.41
1682.14 17.36
1684.39 30.1
1686.39 38.68
1688.39 28.53
1690.39 25.1
1692.39 16.1
1694.39 33.85
1696.39 23.09
1698.39 15.33
1700.39 24.67
1702.39 36.15
1704.39 27.82
1706.39 25.56
1708.39 35.72
1710.39 16.93
1712.39 33.75
1714.39 30.93
1716.39 15.58
1718.39 11.62
1720.39 27.58
1722.39 27.06
1724.39 28.51
1726.4 32.09
1728.4 20.69
1730.39 27.83
1732.39 32.55
1734.39 22.73
1736.4 32.11
1738.4 32.41
1740.39 23.08
1742.39 28.74
1744.39 19.3
1746.65 31.52
1748.65 9.54
1750.64 34.01
1752.64 38.14
1754.64 12.53
1756.65 28.5
1758.64 22.95
1760.64 24.67
1762.64 31.52
1764.64 28.67
1766.65 31.13
1768.64 20.22
1770.64 31.3
1772.64 44.33
1774.64 25.28
1776.89 33.14
1778.9 38.93
1780.89 38.08
1782.9 11.15
1784.9 19.35
1786.89 34.38
1788.89 16.03
1790.89 38.14
1792.89 19.86
1794.89 39.43
1796.89 32.73
1798.89 35.68
1800.89 27.17
1802.9 23.02
1804.89 36.61
1806.9 23.89
1808.9 38.39
1810.89 38.39
1813.14 31.8
1815.14 7.25
1817.14 34.34
1819.14 27.64
1821.15 26.7
1823.14 38.66
1825.14 35.35
1827.14 29.96
1829.14 12.61
1831.14 34.11
1833.14 18.82
1835.14 37.61
1837.14 24.94
1839.15 32.0
1841.14 17.81
1843.14 32.16
1845.15 26.04
1847.14 30.87
1849.15 36.98
1851.14 10.84
1853.14 34.35
1855.14 18.39
1857.14 33.15
1859.14 16.39
1861.14 29.22
1863.14 14.19
1865.14 8.6
1867.14 28.33
1869.14 27.17
1871.14 4.31
1873.14 35.89
1875.14 12.92
1877.4 27.6
1879.4 17.3
1881.45 29.75
1883.4 8.45
1885.4 32.21
1887.41 23.52
1889.4 14.94
1891.4 24.45
1893.18 21.63
1895.4 20.51
1897.4 7.27
1899.4 3.53
1901.4 30.83
1903.4 19.92
1905.4 15.98
1907.4 18.14
1909.41 18.22
1911.4 18.22
1913.4 24.57
1915.4 7.56
1917.41 23.46
1919.4 11.67
1921.42 27.12
1923.41 17.91
1925.4 15.24
1927.4 19.67
1929.4 25.19
1931.4 24.81
1933.4 18.25
1935.4 18.86
1937.4 28.31
1939.53 11.24
1941.65 0.78
1943.65 29.05
1945.65 8.25
1947.65 22.67
1949.65 24.46
1951.65 18.56
1953.65 23.21
1955.65 16.38
1957.65 26.39
1959.65 24.06
1961.66 6.2
1963.65 23.98
1965.65 17.0
1967.75 27.22
1969.65 31.84
1971.67 31.19
1973.66 24.77
1975.66 26.7
1977.65 10.16
1979.66 37.05
1981.69 39.01
1983.68 39.59
1985.65 21.47
1987.91 28.14
1989.84 16.3
1991.9 35.96
1993.9 16.52
1995.9 18.45
1997.91 21.12
1999.91 33.2
2001.94 24.77
2003.9 17.02
2005.9 30.83
2007.92 23.63
2009.9 36.16
2011.91 35.3
2013.91 30.48
2015.9 29.99
2017.91 13.1
2019.92 11.15
2021.9 16.7
2023.94 24.14
2025.9 37.23
2027.9 37.88
2029.91 18.37
2032.09 18.64
2033.9 14.94
2035.9 25.28
2037.9 38.39
2039.91 38.53
2041.9 15.01
2044.15 17.24
2046.15 16.9
2048.15 38.91
2050.15 36.45
2052.16 19.17
2054.15 38.38
2056.15 21.45
2058.15 26.43
2060.15 25.0
2062.15 22.23
2064.15 17.68
2066.15 28.32
2068.15 33.44
2070.17 29.13
2072.15 24.55
2074.16 20.35
2076.16 20.83
2078.15 31.78
2080.15 39.75
2082.15 19.15
2084.15 26.67
2086.16 18.88
2088.15 5.88
2090.15 18.23
2092.2 20.86
2094.15 32.85
2096.15 27.85
2098.16 27.44
