0.0 2.81
0.65 5.52
1.26 7.04
2.56 3.45
3.46 2.52
4.58 6.1
6.03 0.02
7.33 1.21
9.32 3.59
11.31 0.03
13.89 7.88
15.4 0.45
17.31 5.63
19.31 3.81
21.33 5.16
23.32 1.11
25.34 8.45
27.31 4.08
29.31 4.08
31.19 5.07
33.32 2.13
35.31 3.04
37.31 3.11
39.31 5.79
41.26 4.34
45.17 4.69
47.81 5.07
49.07 4.81
50.84 5.62
52.83 2.14
55.1 5.46
56.81 6.42
58.83 7.24
60.85 2.14
63.59 1.3
67.44 6.58
69.74 0.55
71.44 6.95
72.85 7.09
74.46 7.41
76.14 7.22
77.68 1.93
79.26 4.74
81.35 3.07
83.79 5.8
87.27 0.99
89.0 7.4
90.26 6.33
91.9 7.06
93.4 6.98
95.05 7.19
96.84 1.81
98.84 1.14
100.84 2.2
102.87 2.04
104.84 8.53
108.12 1.89
110.56 6.22
112.15 5.95
113.47 8.67
114.84 7.51
116.83 2.96
118.83 1.13
120.84 0.86
122.84 1.55
124.83 5.29
126.83 4.22
128.83 2.92
130.84 1.89
132.83 7.05
134.83 6.69
136.89 7.83
138.86 5.73
140.85 4.89
142.84 4.78
144.84 2.83
146.84 1.15
148.84 3.19
150.83 0.45
152.83 2.14
154.84 1.04
156.84 6.5
158.83 5.74
160.83 7.56
162.84 3.79
165.08 1.98
167.08 6.74
169.1 1.13
171.09 0.45
173.1 5.06
175.09 3.82
177.09 2.01
179.09 6.84
181.1 6.32
183.09 1.59
185.1 7.07
187.09 6.82
189.03 3.77
191.11 6.27
193.09 2.45
195.09 6.62
197.09 2.77
199.11 1.67
201.09 2.89
203.08 5.76
205.21 6.53
207.1 7.43
209.09 8.04
211.09 3.33
212.97 5.21
215.09 6.3
217.1 6.01
219.09 7.15
221.09 2.56
223.09 5.61
225.09 6.07
227.1 4.35
229.09 6.76
231.09 3.45
233.09 8.42
235.09 6.06
236.96 6.87
239.1 4.31
241.1 6.77
243.09 6.37
245.09 6.21
247.09 4.01
249.09 5.73
251.09 0.65
253.24 3.17
255.32 2.27
257.09 1.82
259.09 4.5
261.0 3.65
263.09 7.17
265.09 4.48
267.13 3.8
269.09 7.78
271.1 6.33
273.09 2.13
275.09 7.52
277.09 7.79
279.12 2.4
281.09 6.43
283.09 4.27
285.01 6.35
287.1 4.23
289.09 7.31
291.09 7.68
293.09 2.65
295.09 1.13
297.09 7.08
299.09 5.26
301.09 7.22
303.09 7.14
305.09 6.58
307.09 6.77
309.09 0.55
311.09 5.76
313.09 3.89
315.09 5.96
317.16 6.14
319.09 5.83
321.09 6.8
323.09 7.24
325.09 1.24
327.09 5.93
329.09 5.97
331.09 2.79
333.09 3.73
335.09 5.63
337.09 5.99
339.09 7.11
341.09 0.63
343.09 0.92
345.09 1.28
347.09 3.71
349.09 1.0
351.09 3.22
353.09 0.59
355.09 4.55
357.09 7.36
359.09 7.3
361.09 5.94
363.09 6.96
365.09 1.94
367.09 0.94
369.1 6.06
371.09 4.57
373.09 4.96
375.09 4.63
377.09 2.47
379.09 7.78
381.09 0.31
383.09 5.18
385.09 3.09
387.09 4.45
389.09 2.85
391.09 7.0
393.09 6.79
395.09 6.06
397.09 7.3
399.1 1.94
401.1 4.15
403.09 6.39
405.09 2.88
407.09 1.24
409.09 7.45
411.11 0.51
413.09 6.69
415.09 6.7
417.09 4.41
419.37 2.9
421.34 6.43
423.34 1.57
425.35 5.8
427.35 1.01
429.54 2.92
432.92 3.49
434.97 7.12
437.67 5.14
439.43 4.8
440.84 4.51
442.98 4.37
444.98 6.94
446.98 7.1
448.98 2.72
450.98 0.38
452.98 6.86
454.98 4.62
456.98 3.51
458.98 6.72
460.98 5.01
462.98 3.38
464.98 3.87
466.98 1.89
468.99 8.19
470.98 2.11
472.98 6.9
474.98 2.4
476.98 5.71
478.98 4.72
480.98 0.61
482.99 5.18
484.98 5.39
486.98 5.15
488.98 7.29
490.98 7.13
492.98 8.8
494.98 5.27
496.98 1.92
498.99 7.28
500.98 7.99
502.98 5.16
505.02 1.63
507.36 2.53
510.49 3.0
512.06 5.41
512.98 1.78
514.98 3.85
517.5 3.14
518.98 6.95
520.98 6.99
522.98 3.12
524.98 6.92
526.98 6.6
528.98 1.58
531.49 4.5
533.5 6.88
534.98 7.4
536.98 1.87
538.98 1.38
540.99 7.08
542.98 0.3
545.08 4.84
546.98 4.27
549.01 2.82
550.98 3.4
552.98 4.13
554.91 3.65
556.98 6.71
558.98 3.96
560.98 1.35
562.99 4.79
564.98 4.4
567.85 0.61
569.79 3.37
571.19 0.88
572.98 6.73
575.44 2.99
578.06 0.83
582.15 2.36
582.84 2.22
584.73 3.22
587.28 1.65
589.52 3.83
590.05 2.32
590.98 5.89
593.0 3.71
596.0 0.51
598.36 3.55
600.98 3.44
603.47 3.64
603.98 2.91
606.39 4.68
608.16 4.39
610.06 6.88
611.47 5.75
612.98 4.97
614.98 4.72
616.98 7.37
618.98 6.61
620.98 5.29
622.98 6.88
624.98 5.67
626.99 4.42
628.99 6.63
630.99 6.11
632.98 1.99
634.98 2.12
636.98 3.31
638.98 1.95
640.98 3.61
642.99 1.04
644.99 4.82
646.98 1.99
648.98 1.68
650.99 6.4
652.99 1.47
654.99 2.23
656.99 3.54
658.98 4.98
661.01 6.16
663.02 2.28
664.98 2.12
666.99 2.34
668.98 1.63
671.23 2.26
673.08 2.2
675.04 2.24
677.23 2.71
679.23 3.3
681.23 4.66
683.16 3.16
