0.0 7.23
2.0 3.73
4.0 8.52
6.03 7.97
8.04 8.66
10.74 3.92
12.24 0.59
15.14 4.95
17.61 4.3
21.8 7.04
25.12 4.63
28.5 6.24
31.55 4.37
32.73 4.86
35.19 1.7
38.44 4.65
41.14 8.62
43.24 1.7
44.08 6.58
44.69 7.47
45.58 6.98
47.37 3.65
48.96 0.09
50.52 4.87
52.13 4.57
53.68 4.87
55.5 2.56
59.94 6.76
62.67 10.95
65.49 0.9
69.02 6.33
71.34 4.74
73.97 4.12
77.32 5.46
80.96 5.02
81.97 4.13
82.6 3.7
83.41 4.9
84.36 5.52
86.08 1.88
87.19 7.93
88.83 0.92
90.83 5.43
92.84 8.15
94.82 9.99
96.85 11.31
98.82 11.07
100.83 6.58
102.84 10.98
104.83 9.68
106.83 10.97
108.83 8.28
110.83 9.5
112.83 7.82
114.86 9.72
116.82 11.75
118.83 9.12
120.83 10.27
122.87 10.95
124.84 9.91
126.85 6.96
128.83 7.98
130.83 9.1
132.84 9.22
134.82 7.58
137.09 7.1
139.15 5.25
140.88 4.91
142.82 6.29
144.82 6.38
146.82 3.42
148.99 4.44
150.85 8.12
152.82 7.45
154.83 5.34
156.83 6.72
158.86 7.3
160.83 10.83
162.84 4.97
164.83 7.06
166.83 3.14
168.82 5.74
170.85 10.18
172.76 6.97
174.83 3.57
176.97 7.93
179.0 6.84
180.84 10.08
182.83 8.72
184.82 7.37
186.84 10.37
188.85 6.65
190.86 8.54
192.84 5.53
194.83 4.12
196.82 4.76
198.85 3.93
200.83 7.9
202.84 4.35
204.85 7.38
206.95 6.91
208.83 6.62
210.84 6.62
213.37 7.19
214.82 3.62
216.84 2.16
218.82 6.89
220.82 4.48
222.83 3.81
224.85 7.25
226.86 6.61
228.83 3.58
230.83 9.21
232.82 4.23
234.85 5.23
237.2 6.98
238.83 7.59
240.82 5.71
242.84 7.11
244.84 2.71
246.87 7.42
248.94 8.69
251.09 5.27
252.83 7.99
255.09 5.24
256.86 7.9
258.84 9.69
260.83 4.89
262.84 3.46
264.87 1.77
266.84 7.75
268.83 3.83
270.84 3.99
272.83 0.8
274.85 3.99
276.88 9.21
279.56 4.11
281.78 4.7
283.54 4.58
285.5 1.6
288.38 3.79
290.18 0.99
291.25 7.22
292.85 5.34
294.92 0.03
296.84 4.41
299.04 2.32
300.83 7.36
302.84 4.35
305.46 7.46
307.27 2.15
309.09 1.8
311.15 4.47
312.87 8.84
315.07 1.32
317.3 6.27
319.08 4.74
321.07 3.27
323.11 9.31
325.08 8.11
327.09 3.21
329.1 8.17
330.99 5.11
333.09 6.15
335.1 4.45
337.09 5.63
339.08 5.29
341.08 5.76
343.09 3.09
345.1 9.02
347.09 6.85
349.09 3.72
351.09 6.58
353.11 5.17
355.02 4.74
357.22 2.33
359.09 8.34
361.1 6.71
363.08 8.66
365.1 3.89
367.09 6.48
369.12 6.0
371.1 6.81
373.09 6.89
375.08 7.01
377.08 7.64
379.0 7.93
381.08 6.43
383.08 7.31
385.09 3.51
387.12 4.15
389.1 4.3
391.1 3.21
393.09 3.24
395.29 3.83
397.21 4.41
399.1 8.28
401.08 9.02
403.22 7.09
405.08 6.16
407.1 8.11
409.09 4.61
411.09 6.45
413.09 5.92
415.13 5.09
417.08 6.54
419.08 7.23
421.1 9.45
423.11 8.32
425.09 6.22
427.0 4.63
429.08 4.8
431.08 4.56
433.1 5.69
435.08 5.72
437.33 4.93
439.1 6.95
441.13 6.92
443.09 3.85
445.09 3.84
447.26 7.55
449.07 5.57
451.25 8.52
453.09 7.25
455.12 8.49
457.1 5.99
459.09 5.09
461.09 5.66
463.09 7.34
465.09 6.95
467.09 8.82
469.1 9.93
471.08 6.33
473.1 4.03
475.08 7.99
477.11 5.87
479.1 2.88
481.09 7.12
483.09 5.16
485.12 3.41
487.11 4.81
489.09 7.72
491.08 4.18
493.08 7.28
495.08 7.58
497.1 3.02
499.09 5.64
501.09 2.08
503.09 6.26
505.1 4.79
507.11 7.04
509.29 0.04
511.1 6.33
513.11 2.3
515.1 6.86
517.09 5.3
519.09 5.99
521.08 2.78
523.1 8.98
525.21 6.18
527.08 3.91
529.37 6.19
531.15 3.24
533.76 3.66
537.59 7.68
540.45 6.21
541.78 5.07
544.59 2.44
546.66 6.87
548.12 5.68
550.2 6.64
552.12 5.48
553.99 1.85
555.76 3.89
557.33 8.98
559.24 2.57
561.75 4.58
563.9 2.8
565.95 4.91
570.17 1.97
572.78 2.38
576.25 4.38
579.78 6.72
582.58 0.82
584.47 6.93
587.02 2.4
589.41 5.38
591.18 8.39
592.52 2.17
594.01 3.94
594.96 1.08
595.66 4.29
596.81 3.55
597.79 5.79
598.83 2.98
599.72 6.79
601.15 2.12
602.93 6.32
604.92 4.01
606.93 4.55
608.83 7.99
610.93 5.99
612.92 5.15
614.93 4.33
616.94 4.53
618.94 3.4
620.93 5.14
622.96 6.07
624.94 1.07
627.06 5.93
628.95 5.47
631.01 7.11
632.94 7.78
635.28 5.68
637.09 3.99
638.94 3.96
640.95 8.75
642.96 4.91
644.92 4.99
646.92 7.17
648.92 2.09
650.95 5.9
652.94 7.66
655.05 9.72
656.83 12.09
658.96 4.9
660.92 11.35
662.94 7.3
664.92 7.74
666.84 2.56
668.94 2.93
670.93 4.75
672.93 5.98
674.94 5.98
676.96 2.98
678.96 7.72
680.84 5.35
682.95 5.17
684.97 7.45
686.94 10.19
688.93 8.39
690.93 6.21
692.93 0.32
694.95 9.39
696.93 3.47
698.92 8.9
700.93 5.32
702.92 7.17
704.94 3.17
706.93 7.49
708.92 4.66
710.92 5.19
712.96 3.61
714.95 4.97
716.96 6.15
718.94 6.88
720.97 4.17
722.95 7.48
725.84 5.73
727.78 6.23
729.12 1.42
730.95 2.06
732.93 5.15
734.94 4.88
736.91 3.88
738.92 4.86
740.95 2.14
742.93 7.04
744.92 6.46
746.93 6.71
748.96 5.14
750.93 5.28
752.92 5.44
754.92 7.78
756.96 8.27
758.94 3.56
761.05 2.83
762.95 5.23
764.93 4.37
766.95 5.65
768.94 4.97
770.93 7.61
772.93 7.29
775.05 5.68
776.95 8.04
778.95 5.42
780.92 2.28
784.12 4.66
786.61 6.09
788.94 5.62
791.4 4.09
794.38 4.0
796.6 6.0
797.59 6.09
799.2 6.31
800.18 6.78
801.07 5.62
804.07 1.73
806.94 4.14
807.81 2.95
809.1 4.49
810.93 5.76
812.93 4.91
814.94 0.91
817.23 6.48
819.18 5.8
821.38 5.74
823.18 8.57
825.21 5.68
827.18 2.57
829.18 6.45
831.17 5.04
833.24 3.77
835.22 3.24
837.18 6.14
839.17 0.05
841.18 7.94
843.18 2.47
845.19 6.19
847.18 6.48
849.19 6.33
851.31 6.02
853.19 6.93
855.18 1.68
857.19 5.71
859.21 6.59
862.78 6.78
864.01 7.22
865.74 4.3
867.48 5.04
869.18 1.79
871.26 4.9
876.37 3.19
878.72 4.95
881.04 6.04
882.79 5.2
883.95 2.45
885.0 5.28
886.01 6.59
887.7 6.46
889.53 0.05
891.17 2.53
893.2 4.77
895.18 2.9
897.18 3.81
899.34 5.01
901.54 6.23
903.18 5.06
905.18 6.06
907.18 4.52
909.18 7.13
911.23 7.53
913.18 7.56
915.18 6.92
917.2 5.45
919.42 8.84
921.83 9.08
924.66 5.77
926.94 4.68
928.11 5.95
929.2 3.35
931.19 5.61
933.18 5.35
935.2 6.12
937.17 7.71
939.19 10.52
941.18 8.59
943.18 9.02
945.2 10.65
947.21 8.06
949.18 7.61
951.18 9.57
953.44 12.56
955.83 6.41
958.51 3.69
960.26 5.09
