0.0 10.79
0.58 14.06
1.13 20.22
2.13 29.6
3.05 35.9
3.73 51.32
4.28 60.16
5.04 71.68
7.1 72.8
9.17 98.93
11.22 94.19
12.98 106.53
15.01 114.84
17.07 122.38
19.12 115.2
21.15 134.67
23.17 115.73
25.23 131.21
27.24 2.53
29.02 159.85
31.06 5.64
33.07 200.48
35.11 232.52
37.14 4.08
39.17 230.6
41.19 5.44
43.21 273.32
45.0 267.24
47.03 3.87
49.06 278.0
51.09 5.44
53.12 300.78
55.03 6.57
57.19 261.59
59.24 343.6
61.07 2.97
63.09 315.51
65.1 4.45
67.13 289.29
69.16 379.83
71.17 378.74
73.21 383.86
75.24 4.44
77.07 367.0
79.09 5.23
81.14 331.92
83.17 314.11
85.18 5.58
87.21 240.68
89.26 3.89
91.06 287.05
93.08 276.44
95.11 4.58
97.13 259.05
99.14 5.38
101.16 280.56
103.18 4.86
105.19 247.6
107.23 238.74
109.27 1.16
111.29 322.31
113.3 6.28
115.08 371.03
117.09 387.38
119.13 378.11
121.16 404.12
123.21 3.14
125.21 347.29
127.24 3.66
129.27 475.32
131.29 437.01
133.33 3.06
135.33 204.0
137.11 2.94
139.14 408.43
141.18 278.13
143.21 297.49
145.26 303.65
147.3 5.61
149.32 362.07
151.12 5.19
153.17 311.41
155.18 305.01
157.21 5.88
159.23 346.74
161.24 6.82
163.3 384.54
165.31 437.12
167.37 438.93
169.39 430.35
171.2 4.47
173.21 132.57
175.23 6.2
177.26 365.83
179.31 394.64
181.35 3.11
183.37 423.03
185.16 6.1
187.2 268.92
189.2 308.31
191.22 436.67
193.23 420.71
195.26 2.73
197.28 209.83
199.35 4.8
201.36 371.31
203.38 434.15
205.18 413.56
207.21 430.06
209.22 4.66
211.24 429.04
213.28 465.2
215.29 214.92
217.32 371.95
219.36 3.29
221.39 419.87
223.42 6.25
225.2 350.33
227.26 408.54
229.28 4.55
231.3 426.04
233.32 6.02
235.32 169.57
237.25 4.02
239.41 191.53
241.21 210.59
243.26 4.66
245.3 254.68
247.34 4.18
249.36 280.74
251.39 261.17
253.44 260.65
255.48 261.78
257.26 5.66
259.3 328.07
261.34 338.59
263.38 357.37
265.41 359.27
267.43 5.43
269.46 367.3
271.26 3.89
273.27 401.03
275.29 2.32
277.31 3.97
279.33 402.06
281.36 3.29
283.38 397.69
285.27 3.1
287.45 327.44
289.47 406.07
291.24 5.43
293.27 410.85
295.28 4.28
297.34 310.97
299.36 237.32
301.41 5.26
303.46 221.32
305.47 5.06
307.52 271.11
309.33 291.67
311.39 293.57
313.42 271.11
315.44 4.44
317.47 287.55
319.5 7.7
321.53 281.02
323.31 286.04
325.32 3.28
327.34 302.02
329.37 5.59
331.4 319.87
333.33 7.59
335.48 333.72
337.49 335.52
339.52 8.12
341.33 346.16
343.36 5.82
345.4 211.55
347.44 211.55
349.45 238.26
351.52 255.23
353.58 4.65
355.37 260.78
357.42 7.19
359.44 244.92
361.48 230.0
363.52 4.45
365.55 254.83
367.59 5.33
369.36 214.47
371.36 248.15
373.38 4.08
375.44 277.74
377.46 4.09
379.48 247.51
381.42 5.88
383.57 250.34
385.58 232.74
387.37 4.68
389.42 200.0
391.47 5.64
393.51 228.11
395.54 249.58
397.56 261.53
399.61 268.71
401.64 5.23
403.42 269.06
405.44 4.74
407.5 272.45
409.58 193.24
411.6 4.67
413.64 293.5
415.41 4.56
417.44 262.59
419.48 311.89
421.5 312.74
423.53 356.97
425.57 4.95
427.61 316.36
429.64 5.38
431.43 355.14
433.46 391.77
435.51 3.49
437.55 341.12
439.61 7.02
441.64 233.11
443.41 271.14
445.69 244.85
447.45 247.46
449.51 6.43
451.56 346.0
