0.0 12.9
2.0 59.65
4.0 59.65
6.01 59.65
8.0 59.65
10.0 59.65
12.0 92.5
14.25 93.59
16.26 81.45
18.25 81.45
20.25 81.45
22.25 81.45
24.25 81.45
26.25 81.45
28.25 81.45
30.25 81.45
32.5 81.45
34.25 81.45
36.26 81.45
38.5 81.45
40.5 81.45
42.25 81.45
44.5 91.79
46.25 1.93
48.5 91.85
50.5 79.83
52.25 0.61
54.5 93.67
56.5 86.22
58.5 80.57
60.5 96.36
62.5 93.5
64.5 93.5
66.5 79.08
68.5 79.08
70.5 79.14
72.5 79.14
74.5 79.14
76.34 79.14
78.5 79.14
80.5 79.14
82.5 79.14
84.5 79.14
86.5 79.14
88.5 91.78
90.5 90.98
92.5 13.03
94.5 78.21
96.5 78.21
98.5 90.85
100.33 90.85
102.5 90.85
104.5 90.85
106.5 90.85
108.5 90.85
110.5 90.85
112.5 90.85
114.5 90.85
116.5 90.85
118.5 90.85
120.5 90.85
122.5 90.85
124.34 90.85
126.5 90.85
128.5 90.85
130.5 90.85
132.5 90.85
134.5 90.85
136.5 90.85
138.5 90.85
140.5 90.85
142.5 90.85
144.5 90.85
146.5 90.85
148.5 90.85
150.5 90.85
152.5 90.85
154.5 90.85
156.5 90.85
158.5 90.85
160.5 90.85
162.5 90.85
164.5 90.85
166.5 90.85
168.5 90.85
170.5 90.85
172.5 90.85
174.5 90.85
176.5 90.85
178.5 90.85
180.5 90.85
182.5 90.85
184.5 90.85
186.5 90.85
188.5 90.85
190.5 90.85
192.5 90.85
194.5 90.85
196.5 90.85
198.5 90.85
200.5 90.85
202.5 90.85
204.5 90.85
206.5 90.85
208.5 90.85
210.5 90.85
212.5 90.85
214.5 90.85
216.5 90.85
218.5 90.85
220.5 90.85
222.5 90.85
224.5 90.85
226.5 90.85
228.5 90.85
230.5 90.85
232.5 90.85
234.5 90.85
236.5 90.85
238.5 90.85
240.5 90.85
242.5 90.85
244.5 90.85
246.5 90.85
248.5 90.85
250.5 90.85
252.5 90.85
254.5 90.85
256.5 90.85
258.5 90.85
260.5 90.85
262.5 90.85
264.5 90.85
266.5 90.85
268.5 90.85
270.5 90.85
272.5 90.85
274.5 90.85
276.5 90.85
278.5 90.85
280.5 90.85
282.5 90.85
284.75 90.85
286.5 90.85
288.75 90.85
290.75 90.85
292.5 90.85
294.75 90.85
296.5 90.85
298.75 90.85
300.75 90.85
302.5 90.85
304.75 90.85
306.59 90.85
308.75 90.85
310.75 90.85
312.75 90.85
314.75 90.85
316.75 90.85
318.75 90.85
320.75 90.85
322.75 90.85
324.75 90.85
326.75 90.85
328.75 90.85
330.6 90.85
332.75 90.85
334.75 90.85
336.75 90.85
338.75 90.85
340.75 90.85
342.75 90.85
344.75 90.85
346.75 90.85
348.75 90.85
350.75 90.85
352.75 90.85
354.59 90.85
356.75 90.85
358.75 90.85
360.75 90.85
362.75 90.85
364.75 90.85
366.75 90.85
368.75 90.85
370.75 90.85
372.75 90.85
374.75 90.85
376.75 90.85
378.6 90.85
380.75 90.85
382.75 90.85
384.75 90.85
386.75 90.85
388.75 90.85
390.75 90.85
392.75 90.85
394.75 90.85
396.75 90.85
398.75 90.85
400.75 90.85
402.75 90.85
404.75 90.85
406.75 90.85
408.75 90.85
410.75 90.85
412.75 90.85
414.75 90.85
416.75 90.85
418.75 90.85
420.75 90.85
422.75 90.85
424.75 90.85
426.75 90.85
428.75 90.85
430.75 90.85
432.75 90.85
434.75 90.85
436.75 90.85
438.75 90.85
440.75 90.85
442.75 90.85
444.75 90.85
446.75 79.5
448.75 79.5
450.75 79.5
452.75 79.5
454.76 79.5
456.75 79.5
458.75 79.5
460.75 79.5
462.75 79.5
464.75 79.5
466.75 79.5
468.75 79.5
470.75 79.5
472.75 92.71
474.75 92.71
476.75 92.71
478.75 92.71
480.75 93.61
482.75 93.61
484.75 92.99
486.75 92.06
488.75 79.5
490.75 79.5
492.75 79.5
494.75 79.5
496.75 79.5
498.75 79.5
500.75 76.51
502.75 92.88
504.75 92.88
506.75 92.88
508.75 92.88
510.75 92.88
512.75 92.88
514.75 92.88
516.75 92.88
518.76 92.88
520.75 92.88
522.75 92.88
524.75 92.88
526.75 92.88
528.75 92.88
530.75 92.88
532.75 92.88
535.0 92.88
536.75 92.88
539.0 92.88
541.0 92.88
542.75 92.88
545.0 92.88
547.0 92.88
548.75 92.88
551.0 92.88
552.75 92.88
555.0 92.88
557.0 92.88
559.0 92.88
561.0 92.88
563.0 92.88
565.0 92.88
567.0 92.88
569.0 92.88
571.0 92.88
573.0 92.88
575.0 92.88
577.0 92.88
579.0 92.88
581.0 92.88
583.0 92.88
585.0 92.88
587.0 92.88
589.0 92.88
591.0 92.88
593.0 92.88
595.0 92.88
597.0 92.88
599.0 92.88
601.0 92.88
603.0 92.88
605.0 92.88
607.0 92.88
609.0 92.88
611.0 92.88
613.0 92.88
615.0 92.88
617.0 92.88
619.0 92.88
621.0 92.88
623.0 92.88
625.0 8.15
627.0 91.78
629.0 91.78
631.0 91.78
633.0 91.78
635.0 91.78
637.0 91.91
639.0 91.6
641.0 94.1
643.0 94.1
645.0 94.1
647.0 94.1
649.0 94.1
651.0 93.94
653.0 93.94
655.0 93.94
657.0 93.94
659.0 93.94
661.0 93.94
663.0 93.94
665.0 93.94
667.0 93.94
669.0 80.06
671.0 93.23
673.0 93.23
675.0 93.23
677.0 93.23
679.0 93.23
681.0 93.23
683.0 93.23
685.0 93.23
687.0 93.23
689.0 93.23
691.0 93.23
693.0 93.23
695.0 93.23
697.0 93.23
699.0 93.23
701.0 93.23
703.0 93.23
705.0 93.23
707.0 93.23
709.0 93.23
711.0 93.23
713.0 93.23
715.0 93.23
717.0 93.23
719.0 93.23
721.0 93.23
723.0 93.23
725.0 93.23
727.0 93.23
729.0 93.23
731.0 93.23
733.0 93.23
735.0 93.23
737.0 93.23
739.0 93.23
741.0 93.23
743.0 93.23
745.0 93.23
747.0 93.23
749.0 93.23
751.0 93.23
753.0 93.23
755.0 93.23
757.0 93.23
759.0 93.23
761.0 93.23
763.0 93.23
765.0 93.23
767.0 93.23
769.0 93.23
771.0 93.23
773.0 93.23
775.0 93.23
777.0 93.23
779.0 93.23
781.25 93.23
783.0 93.23
785.0 93.23
787.0 93.23
789.0 93.23
791.25 93.23
793.0 93.23
795.25 93.23
797.25 93.23
799.0 93.23
801.09 93.23
803.25 93.23
805.25 93.23
807.25 93.23
809.25 93.23
811.25 93.23
813.25 93.23
815.25 93.23
817.25 93.23
819.25 93.23
821.25 93.23
823.25 93.23
825.09 93.23
827.25 93.23
829.25 93.23
831.25 93.23
833.25 93.23
835.25 93.23
837.25 93.23
839.25 93.23
841.25 93.23
843.25 93.23
845.25 93.23
847.25 93.23
849.09 93.23
851.25 93.23
853.25 93.23
855.25 93.23
857.25 93.23
859.25 93.23
861.25 93.23
863.25 93.23
865.25 93.23
867.25 93.23
869.25 93.23
871.25 93.23
873.25 93.23
875.25 93.23
877.25 93.23
879.25 93.23
881.25 93.23
883.25 93.23
885.25 93.23
887.25 93.23
889.25 93.23
891.25 93.23
893.25 93.23
895.25 93.23
897.25 93.23
899.25 93.23
901.25 93.23
903.25 93.23
905.25 93.23
907.25 93.23
909.25 93.23
911.25 93.23
913.25 93.23
915.25 93.23
917.25 93.23
919.25 93.23
921.25 93.23
923.25 93.23
925.25 93.23
927.25 93.23
929.0 93.23
931.0 93.23
933.0 93.23
