0.0 40.93
2.02 58.08
4.07 58.82
6.12 67.38
8.16 67.38
9.93 67.38
11.96 67.38
13.99 67.38
16.04 69.89
18.08 69.89
20.14 69.89
22.18 69.89
23.97 69.89
26.01 69.89
28.05 69.89
30.08 69.89
32.11 69.89
34.13 69.89
36.17 69.89
38.03 69.89
39.96 69.89
42.0 69.89
44.05 69.89
46.1 69.89
48.13 69.89
50.18 69.89
52.2 69.89
53.99 69.89
56.01 69.89
58.04 69.89
60.08 69.89
62.12 69.89
64.18 69.89
66.21 69.89
67.99 69.89
70.02 69.89
72.05 69.89
74.08 69.89
76.12 69.89
78.15 69.89
80.18 69.89
82.2 69.89
84.0 69.89
86.02 69.89
88.04 64.0
90.07 73.36
92.08 73.36
94.15 73.36
96.19 73.36
98.24 68.08
100.01 68.08
102.05 81.56
104.08 81.56
106.15 83.46
108.19 83.65
110.07 97.66
112.26 110.4
114.3 119.59
116.07 5.62
118.1 37.59
120.13 5.73
122.16 148.9
124.2 174.84
126.23 198.84
128.28 213.88
130.05 5.75
132.08 228.9
134.11 235.48
136.15 245.22
138.19 208.17
140.24 5.68
142.28 225.36
144.3 4.68
146.06 249.93
148.11 246.01
150.15 5.68
152.18 246.63
154.23 5.63
156.26 121.49
158.23 5.05
160.11 149.3
162.15 152.9
164.18 5.5
166.21 180.6
168.24 5.64
170.28 197.14
172.32 203.38
174.1 215.16
176.15 220.21
178.17 5.75
180.22 179.64
182.17 5.6
184.3 170.93
186.32 154.8
188.36 5.55
190.14 198.36
192.16 5.57
194.2 194.8
196.23 204.1
198.28 206.87
200.29 205.85
202.33 5.8
204.35 204.23
206.12 211.12
208.18 216.54
210.23 220.31
212.25 5.66
214.28 182.69
216.32 5.63
218.36 220.21
220.12 226.7
222.15 5.81
224.18 143.57
226.22 4.74
228.24 109.37
230.18 5.61
232.28 165.14
234.33 184.56
236.38 5.51
238.17 132.57
240.23 5.4
242.29 192.7
244.33 192.0
246.36 187.34
248.38 193.92
250.4 5.63
252.19 210.69
254.21 4.74
256.25 229.17
258.28 243.22
260.33 5.52
262.35 232.81
264.39 5.56
266.16 252.56
268.44 258.13
270.21 255.86
272.24 184.8
274.31 5.44
276.35 170.76
278.32 5.7
280.42 112.03
282.44 98.57
284.21 5.71
286.24 122.61
288.27 5.64
290.29 167.65
292.34 184.09
294.39 199.19
296.41 210.09
298.44 5.88
300.23 215.49
302.28 5.53
304.3 216.68
306.32 222.34
308.35 5.46
310.39 231.92
312.42 5.74
314.45 237.74
316.25 239.42
318.29 186.19
320.32 131.19
322.36 5.45
324.39 251.32
326.42 5.67
328.44 267.48
330.49 209.67
332.28 5.06
334.32 181.49
336.36 5.46
338.41 104.62
340.43 140.47
342.45 136.7
344.49 164.59
346.26 5.59
348.28 167.98
350.34 5.67
352.39 167.45
354.42 171.77
356.47 144.67
358.49 171.87
360.27 5.6
362.32 74.64
364.36 187.15
366.42 195.99
368.44 171.79
370.49 5.64
372.51 84.01
374.54 5.68
376.32 100.85
378.36 114.41
380.42 5.75
382.46 132.59
384.5 5.62
386.28 138.54
388.31 137.66
390.38 139.9
392.44 155.27
394.48 5.6
396.53 197.47
398.55 5.69
400.32 20.17
402.35 41.47
404.4 5.82
406.42 14.65
408.49 67.3
410.51 67.3
412.53 67.3
414.55 66.83
416.36 57.92
418.4 57.92
420.44 67.65
422.5 67.65
424.56 67.65
426.36 67.65
428.39 67.65
430.46 67.65
432.48 67.65
434.51 68.58
436.53 70.64
438.57 74.64
440.59 74.64
442.37 74.64
444.39 74.64
446.43 74.64
448.47 74.64
450.51 74.64
452.53 74.64
454.56 74.64
456.6 74.64
458.36 74.64
460.4 74.64
462.43 74.64
464.46 74.64
466.5 74.64
468.57 74.64
470.59 74.64
472.36 74.64
474.43 74.64
476.46 74.64
478.51 74.64
480.53 74.64
482.55 74.64
484.45 74.64
486.63 74.64
488.4 74.64
490.43 74.64
492.46 74.64
494.51 74.64
496.54 74.64
498.58 74.64
500.61 74.64
502.4 74.64
504.43 74.64
506.47 74.64
508.51 87.15
510.56 89.08
512.6 89.08
514.63 89.08
516.43 89.08
518.48 89.08
520.5 89.08
522.53 103.99
524.61 92.62
526.64 107.8
528.66 5.62
530.69 129.61
532.45 124.74
534.47 144.39
536.5 153.17
538.56 5.57
540.6 166.88
542.62 5.74
544.65 119.34
546.69 120.35
548.47 7.03
550.53 111.91
552.58 5.65
554.61 151.47
556.56 4.71
558.66 151.68
560.71 185.85
562.48 5.73
564.53 187.36
566.58 5.67
568.61 151.11
570.67 167.96
572.7 173.09
574.72 189.69
576.49 5.68
578.51 160.34
580.54 149.06
582.58 156.94
584.61 155.16
586.65 5.74
588.72 159.82
590.51 5.61
592.53 169.2
594.57 170.36
596.59 184.59
598.61 190.71
600.65 5.62
602.7 198.49
604.64 5.51
606.53 143.87
608.55 197.95
610.58 5.57
612.63 171.86
614.66 4.77
616.7 174.34
618.72 170.22
620.75 190.13
622.79 191.04
624.59 5.55
626.62 68.7
628.57 5.82
630.66 78.51
632.7 78.51
634.73 78.51
636.75 78.51
638.78 78.51
640.81 78.51
642.59 78.51
644.63 83.45
646.66 86.86
648.7 86.06
650.73 97.93
652.59 116.46
654.79 127.84
656.83 143.06
658.6 5.59
660.64 168.24
662.68 5.78
664.7 173.16
666.75 172.42
668.77 6.09
670.81 124.29
672.62 5.55
674.66 121.95
676.62 5.73
678.76 87.63
680.79 60.74
682.82 5.63
684.61 68.61
686.64 68.61
688.7 68.61
690.75 89.6
692.8 98.15
694.6 98.15
696.65 98.15
698.69 98.15
700.63 5.67
702.74 111.9
704.77 139.29
706.78 5.63
708.8 155.45
710.83 5.61
712.87 169.28
714.66 160.58
716.7 184.79
718.73 144.34
720.76 5.46
722.79 167.02
724.82 5.64
726.9 186.96
728.67 193.29
730.71 5.23
732.74 173.14
734.78 5.62
736.82 216.67
738.87 223.33
740.66 231.07
742.69 237.23
744.71 5.46
746.76 248.14
748.71 5.32
750.82 164.06
752.85 157.03
754.89 5.4
756.92 47.55
758.69 5.83
760.72 69.99
762.75 69.99
764.78 69.99
766.83 69.8
768.88 64.74
770.91 80.1
772.7 80.13
774.73 72.69
776.76 90.28
778.8 93.92
780.82 93.92
782.84 93.92
784.87 93.92
786.91 93.92
788.71 93.81
790.74 94.16
792.77 93.53
794.8 93.53
796.83 93.53
798.87 93.53
800.9 93.53
802.7 93.77
804.74 93.77
806.77 93.77
808.83 93.77
810.88 111.26
812.93 127.62
814.98 139.48
816.79 5.72
818.82 151.8
820.85 4.82
822.87 119.35
824.9 135.36
826.92 4.08
828.95 170.39
830.98 5.6
832.76 159.41
834.79 157.08
836.81 128.3
838.85 170.0
840.87 5.86
842.9 106.41
844.95 5.63
847.0 172.16
848.78 174.77
850.82 5.65
852.86 194.61
854.89 5.69
856.94 202.4
858.91 5.66
860.79 177.73
862.83 182.74
864.86 5.65
866.89 198.77
868.93 5.8
870.97 116.73
873.01 197.06
874.81 198.86
876.86 168.33
878.92 5.55
880.94 118.69
882.89 5.54
885.0 131.94
887.06 145.82
888.84 5.55
890.87 142.98
892.9 5.62
894.93 150.44
896.96 149.73
898.99 150.31
901.04 144.45
902.81 5.63
904.85 146.86
906.9 148.24
908.93 147.96
910.97 149.98
913.0 5.65
915.06 153.37
916.84 5.63
918.88 137.61
920.9 155.46
922.92 5.65
924.95 159.55
926.98 5.65
929.04 141.55
930.99 5.55
933.1 167.52
934.91 143.95
936.95 5.69
939.0 154.05
941.04 5.7
943.08 187.43
944.86 200.45
946.89 5.51
948.92 212.27
950.97 5.76
953.01 209.59
954.98 5.6
957.08 155.68
958.88 154.97
960.92 5.58
962.95 179.95
964.98 5.59
967.02 193.01
969.07 191.03
971.11 187.12
972.9 172.74
974.91 5.6
976.98 198.52
978.94 5.44
981.08 143.51
983.12 145.2
985.15 5.78
986.92 151.92
988.98 5.58
991.07 148.48
993.14 57.75
994.94 57.75
996.98 33.11
999.04 5.77
1001.08 68.99
1002.94 68.99
1005.14 68.99
1007.17 68.99
1008.95 68.99
1010.98 68.99
1013.0 68.99
1015.03 68.99
1017.07 68.99
1019.12 68.99
1021.16 68.99
1023.18 68.99
1024.95 68.99
1026.99 71.69
1029.02 71.69
1031.07 71.69
1033.1 71.69
1035.13 71.69
1037.15 76.42
1039.17 76.42
1040.99 77.2
1043.02 77.2
1045.05 77.2
1047.08 77.2
1049.12 85.47
1051.0 85.47
1053.18 85.47
1054.98 85.47
1057.0 85.47
1059.03 89.63
1061.07 89.63
1063.1 89.63
1065.13 106.05
1067.16 106.05
1069.19 106.05
1071.22 106.05
1072.99 106.05
1075.01 106.05
1077.03 106.05
1079.06 106.05
1081.09 106.05
1083.14 106.05
1085.18 106.05
1087.22 106.05
1089.04 106.05
1091.08 106.05
1093.1 106.05
1095.14 106.05
1097.18 106.05
1099.23 106.05
1101.02 106.05
1103.06 106.05
1105.15 106.05
1107.17 106.05
1109.21 106.05
1111.25 106.05
1113.04 106.05
1115.09 106.05
1117.14 106.05
1119.18 106.05
1121.24 106.05
1123.05 106.05
1125.11 106.05
1127.2 106.05
1129.25 106.05
1131.06 106.05
1133.13 106.05
1135.16 106.05
1137.18 106.05
1139.2 106.05
1141.22 104.75
1143.28 5.64
1145.09 133.59
1147.14 5.47
1149.18 159.48
1151.22 166.46
1153.26 5.49
1155.3 90.41
1157.08 5.57
1159.14 66.46
1161.24 62.59
1163.3 67.95
1165.1 108.94
1167.15 88.97
1169.17 118.59
1171.26 5.67
1173.3 129.0
1175.09 139.3
1177.15 5.39
1179.24 160.42
1181.28 5.8
1183.32 179.54
1185.11 186.87
1187.17 192.29
1189.2 192.29
1191.23 5.64
1193.26 143.82
1195.3 5.36
1197.35 180.75
1199.38 185.41
1201.18 196.08
1203.2 161.43
1205.25 5.67
1207.33 110.41
1209.3 5.73
1211.18 146.69
1213.2 150.75
1215.25 156.61
1217.32 173.07
1219.37 5.64
1221.16 201.62
1223.18 192.31
1225.23 5.61
1227.3 206.88
1229.36 5.62
1231.14 225.84
1233.22 189.05
1235.28 178.17
1237.31 178.17
1239.37 5.75
1241.18 188.22
1243.23 5.7
1245.28 153.81
1247.33 173.87
1249.16 5.58
1251.2 178.36
1253.28 5.68
1255.34 198.34
1257.33 5.72
1259.22 169.6
1261.28 212.62
1263.35 5.66
1265.19 187.28
1267.21 5.27
1269.23 216.71
1271.32 207.1
1273.37 5.38
1275.4 224.85
1277.21 4.98
1279.26 244.69
1281.36 193.02
1283.2 184.78
1285.26 156.49
1287.28 5.24
1289.3 163.62
1291.35 5.42
1293.39 166.3
1295.41 179.88
1297.46 167.4
1299.28 172.32
1301.32 5.74
1303.39 185.44
1305.27 197.31
1307.24 196.67
1309.28 204.14
1311.34 5.67
1313.39 210.31
1315.42 4.72
1317.48 182.45
1319.27 204.91
1321.32 5.42
1323.36 165.69
1325.4 5.46
1327.44 185.17
1329.26 187.2
1331.32 186.05
1333.36 181.05
1335.41 5.39
1337.45 198.16
1339.49 5.48
1341.29 213.53
1343.31 226.35
1345.38 5.57
1347.43 246.36
1349.48 5.66
1351.53 257.36
1353.34 163.78
1355.41 132.19
1357.48 98.56
1359.28 5.48
1361.34 249.2
1363.39 5.55
1365.43 221.4
1367.46 166.44
1369.52 189.09
1371.54 188.92
1373.34 5.38
1375.4 211.4
1377.39 5.73
1379.29 249.26
1381.38 263.5
1383.43 5.67
1385.5 281.17
1387.32 5.09
1389.39 278.76
1391.44 211.5
1393.5 5.61
1395.55 202.78
1397.37 5.63
1399.42 217.87
1401.38 5.77
1403.5 221.54
1405.54 225.43
1407.33 229.94
1409.41 231.19
1411.44 4.82
1413.49 183.13
1415.54 173.89
1417.37 7.2
1419.44 186.18
1421.49 5.67
1423.58 127.35
1425.38 84.0
1427.44 98.55
1429.52 109.9
1431.56 5.59
1433.6 141.99
1435.41 5.69
1437.46 187.91
1439.53 160.24
1441.61 187.81
1443.43 201.82
1445.51 5.66
1447.53 187.61
1449.51 5.59
1451.39 193.94
1453.41 184.62
1455.48 5.64
1457.53 182.02
1459.57 5.25
1461.58 216.38
1463.6 162.88
1465.63 6.67
1467.41 225.57
1469.43 5.44
1471.46 130.86
1473.43 5.75
1475.53 127.71
1477.58 57.82
1479.61 5.65
1481.41 98.61
1483.45 5.52
1485.47 15.89
1487.5 33.67
1489.55 37.85
1491.57 37.85
1493.6 37.85
1495.62 37.85
1497.68 37.85
1499.46 37.85
1501.5 37.85
1503.55 37.85
1505.59 37.85
1507.62 37.85
1509.66 37.85
1511.44 38.45
1513.46 67.58
1515.52 67.58
1517.57 67.58
1519.61 113.58
1521.68 113.58
1523.45 113.58
1525.49 113.58
1527.54 113.58
1529.56 113.8
1531.59 113.8
1533.62 113.8
1535.65 113.8
1537.69 113.8
1539.71 113.8
1541.48 113.8
1543.52 113.8
1545.54 113.8
1547.56 113.8
1549.65 113.8
1551.75 113.8
1553.58 113.8
1555.68 113.8
1557.52 113.8
1559.62 113.8
1561.7 113.8
1563.53 7.38
1565.62 12.88
1567.71 15.4
1569.55 17.74
1571.65 23.12
1573.49 24.09
1575.59 24.09
1577.7 25.81
1579.53 36.14
1581.63 28.79
1583.72 37.95
1585.56 44.71
1587.66 48.95
1589.78 42.54
1591.58 57.93
1593.68 68.32
1595.51 62.4
1597.6 90.58
1599.69 88.91
1601.53 90.93
1603.63 98.71
1605.72 104.36
1607.56 117.35
1609.65 126.34
1611.75 158.49
1613.59 5.52
1615.69 171.95
