0 93.25
1 87.0
2 101.875
3 109.875
4 115.0
5 113.875
6 127.5
7 119.875
8 136.25
9 147.5
10 135.0
11 138.75
12 110.375
13 123.375
14 135.0
15 93.125
16 70.75
17 60.0
18 37.0
19 34.5
20 34.125
21 15.375
22 15.75
23 15.625
24 64.25
25 60.625
26 66.5
27 67.375
28 74.25
29 72.875
30 62.5
31 69.25
32 74.75
33 70.5
34 87.5
35 87.375
36 88.875
37 96.375
38 91.875
39 91.5
40 88.0
41 101.125
42 98.125
43 106.625
44 99.125
45 72.625
46 19.375
47 14.875
48 48.625
49 82.5
50 99.375
51 97.625
52 103.875
53 91.25
54 104.75
55 106.25
56 110.0
57 108.375
58 112.75
59 114.625
60 128.75
61 117.0
62 125.0
63 140.0
64 155.0
65 153.75
66 177.5
67 158.75
68 148.75
69 121.0
70 106.875
71 24.625
72 10.375
73 11.5
74 15.5
75 18.75
76 39.125
77 50.125
78 47.125
79 9.5
80 20.375
81 21.375
82 36.25
83 39.125
84 41.625
85 44.5
86 12.375
87 26.875
88 42.875
89 44.125
90 47.375
91 44.125
92 40.875
93 43.5
94 63.5
95 39.5
96 26.125
97 30.75
98 18.125
99 39.5
100 37.75
101 40.625
102 0.625
103 13.625
104 13.5
105 7.5
106 11.0
107 29.75
108 49.625
109 39.125
110 46.375
111 44.875
112 44.875
113 36.25
114 41.25
115 63.25
116 49.875
117 60.5
118 55.75
119 50.25
120 43.125
121 53.875
122 52.625
123 60.5
124 47.25
125 47.0
126 35.0
127 4.75
128 46.75
129 47.375
130 52.125
131 53.25
132 30.375
133 1.125
134 2.25
135 0.5
136 1.25
137 14.25
138 14.375
139 15.625
140 14.625
141 15.5
142 14.5
143 14.0
144 11.375
145 32.0
146 31.375
147 36.5
148 42.625
149 45.75
150 44.25
151 44.375
152 45.625
153 56.375
154 52.375
155 58.375
156 72.125
157 82.875
158 67.375
159 84.5
160 93.625
161 77.0
162 92.25
163 88.0
164 92.25
165 101.625
166 104.125
167 99.75
168 97.625
169 94.75
170 103.875
171 91.25
172 105.0
173 119.125
174 103.625
175 113.25
176 123.375
177 122.125
178 107.875
179 123.5
180 125.0
181 121.0
182 109.125
183 42.0
184 15.75
185 46.0
186 22.625
187 8.0
188 2.5
189 2.75
190 25.125
191 3.25
192 10.0
193 6.5
194 6.375
195 17.875
196 15.5
197 31.75
198 36.125
199 41.0
200 37.0
201 37.0
202 39.375
203 34.875
204 42.0
205 36.125
206 11.625
207 12.125
208 43.375
209 47.125
210 47.625
211 47.375
212 41.5
213 41.875
214 38.0
215 45.25
216 47.25
217 47.625
218 51.625
219 58.625
220 64.5
221 71.5
222 63.375
223 78.5
224 84.125
225 90.875
226 92.875
227 93.5
228 62.25
229 55.625
230 17.0
231 11.375
232 10.125
233 19.25
234 11.375
235 44.25
236 61.75
237 59.25
238 69.125
239 62.125
240 64.375
241 68.5
242 65.625
243 73.5
244 80.75
245 92.75
246 87.0
247 94.75
248 109.125
249 90.875
250 101.125
251 121.75
252 114.5
253 127.5
254 142.5
255 107.875
256 145.0
257 143.75
258 137.5
259 156.25
260 133.75
261 152.5
262 138.75
263 133.75
264 136.25
265 157.5
266 166.25
267 150.0
268 138.75
269 142.5
270 151.25
271 141.25
272 120.625
273 118.625
274 4.0
275 0.25
276 1.125
277 7.25
278 0.75
279 2.75
280 15.125
281 19.875
282 47.75
283 50.875
284 56.0
285 57.625
286 62.0
287 63.75
288 61.5
289 65.25
290 63.5
291 66.75
292 78.375
293 77.0
294 82.75
295 84.25
296 83.0
297 71.25
298 41.0
299 14.375
300 14.375
301 13.125
302 12.75
303 13.625
304 68.875
305 64.0
306 72.75
307 62.375
308 65.625
309 75.0
310 67.375
311 40.375
312 75.125
313 67.0
314 77.5
315 86.75
316 90.125
317 98.5
318 90.875
319 118.5
320 108.75
321 105.75
322 99.75
323 109.25
324 111.625
325 103.5
326 119.5
327 108.375
328 128.75
329 106.0
330 114.75
331 106.875
332 104.5
333 111.625
334 98.5
335 102.375
336 110.625
337 86.5
338 77.375
339 115.375
340 72.875
341 2.5
342 1.375
343 11.375
344 14.25
345 119.75
346 105.875
347 122.25
348 109.125
349 126.25
350 121.625
351 140.0
352 115.125
353 145.0
354 102.125
355 82.0
356 8.875
357 0.375
358 9.75
359 12.875
360 11.125
361 15.5
362 20.0
363 16.75
364 6.625
365 5.25
366 6.25
367 18.125
368 18.25
369 11.125
370 12.5
371 3.0
372 5.25
373 4.5
374 4.5
375 14.5
376 13.25
377 30.875
378 35.75
379 35.75
380 11.875
381 22.0
382 26.5
383 12.625
384 6.125
385 11.125
386 12.125
387 22.75
388 31.75
389 20.75
390 11.75
391 23.0
392 24.375
393 24.5
394 28.75
395 11.5
396 24.5
397 14.125
398 6.5
399 5.875
400 6.375
401 7.625
402 14.625
403 11.125
404 5.375
405 3.875
406 14.0
407 12.0
408 15.125
409 15.125
410 17.875
411 25.625
412 29.0
413 30.125
414 31.5
415 32.625
416 41.625
417 25.375
418 44.375
419 49.125
420 44.125
421 55.875
422 52.5
423 12.5
424 10.875
425 41.375
426 48.375
427 48.5
428 52.625
429 48.125
430 56.25
431 54.375
432 52.25
433 55.75
434 63.125
435 67.875
436 63.0
437 58.25
438 65.0
439 91.375
440 80.875
441 84.0
442 100.625
443 88.875
444 88.625
445 101.25
446 100.5
447 108.5
448 12.875
449 12.625
450 15.25
451 41.625
452 37.375
453 40.5
454 38.875
455 37.625
456 38.75
457 24.0
458 9.5
459 13.5
460 11.375
461 15.25
462 15.75
463 31.5
464 30.5
465 31.25
466 31.25
467 28.25
468 40.5
469 46.625
470 49.5
471 36.125
472 50.125
473 61.0
474 63.5
475 58.0
476 78.875
477 74.25
478 92.125
479 88.125
480 98.375
481 95.25
482 93.875
483 100.5
484 102.0
485 93.875
486 102.5
487 101.75
488 106.875
489 103.375
490 39.25
491 4.75
492 62.375
493 94.75
494 96.0
495 105.125
496 105.125
497 100.875
498 104.5
499 106.0
500 124.5
501 130.0
502 122.875
503 121.875
504 104.75
505 91.75
506 101.0
507 98.75
508 100.875
509 88.25
510 100.0
511 95.875
512 96.0
513 122.625
514 117.875
515 102.125
516 90.875
517 104.625
518 100.25
519 106.375
520 91.875
521 92.625
522 100.375
523 93.625
524 90.75
525 89.125
526 80.875
527 24.125
528 44.0
529 71.875
530 76.125
531 73.25
532 53.5
533 62.25
534 56.125
535 44.125
536 9.25
537 47.125
538 5.375
539 11.375
540 28.75
541 47.625
542 56.375
543 51.625
544 50.5
545 62.0
546 61.875
547 69.125
548 66.875
549 66.0
550 63.375
551 66.5
552 72.75
553 100.5
554 89.75
555 92.75
556 96.875
557 109.75
558 88.375
559 95.25
560 88.375
561 97.625
562 89.875
563 93.625
564 97.875
565 101.0
566 83.5
567 93.75
568 91.0
569 75.375
570 87.875
571 74.75
572 13.25
573 11.5
574 14.625
575 14.25
576 13.875
577 14.75
578 13.375
579 12.375
580 12.0
581 11.0
582 14.125
583 15.125
584 13.25
585 11.375
586 15.25
587 12.5
588 13.625
589 11.25
590 14.625
591 12.625
592 13.375
593 13.75
594 12.125
595 15.625
596 13.25
597 14.0
598 15.375
599 11.375
600 14.0
601 12.875
602 11.375
603 15.25
604 12.375
605 59.375
606 81.25
607 83.75
608 97.25
609 60.5
610 54.0
611 59.625
612 33.0
613 15.5
614 11.875
615 82.75
616 115.375
617 65.375
618 77.25
619 78.875
620 85.875
621 78.25
622 101.25
623 99.375
624 109.75
625 123.25
626 146.25
627 123.875
628 113.25
629 126.25
630 107.375
631 178.75
632 119.0
633 157.5
634 147.5
635 115.125
636 162.5
637 106.875
638 136.25
639 122.125
640 101.875
641 99.0
642 89.875
643 90.25
644 73.625
645 58.625
646 50.25
647 42.625
648 0.875
649 14.625
650 14.375
651 15.125
652 15.125
653 19.25
654 63.625
655 80.125
656 87.125
657 90.125
658 105.25
659 92.125
660 13.5
661 11.0
662 28.875
663 13.625
664 38.5
665 64.0
666 75.25
667 81.75
668 69.75
669 65.875
670 81.625
671 88.125
672 11.0
673 22.375
674 33.625
675 55.125
676 1.875
677 12.375
678 11.0
679 15.0
680 35.625
681 63.625
682 61.5
683 61.0
684 52.75
685 73.875
686 66.125
687 69.5
688 74.125
689 74.0
690 31.375
691 57.5
692 75.625
693 72.75
694 59.125
695 73.625
696 66.75
697 81.125
698 57.75
699 79.5
700 74.125
701 79.625
702 70.5
703 90.375
704 78.625
705 82.625
706 70.875
707 13.375
708 13.75
709 57.75
710 68.75
711 75.75
712 68.125
713 81.375
714 29.75
715 55.75
716 61.5
717 68.5
718 80.0
719 70.875
720 77.0
721 69.625
722 67.5
723 56.875
724 3.625
725 2.0
726 13.375
727 11.375
728 8.875
729 22.25
730 19.75
731 9.375
732 1.25
733 0.25
734 0.5
735 14.75
736 15.5
737 22.75
738 20.75
739 17.75
740 21.375
741 27.375
742 16.0
743 13.375
744 7.625
745 5.75
746 10.875
747 5.875
748 5.5
749 13.625
750 15.5
751 15.5
752 12.125
753 10.0
754 9.875
755 12.125
756 12.0
757 9.25
758 12.375
759 20.875
760 27.0
761 34.75
762 33.75
763 36.125
764 41.75
765 49.625
766 47.25
767 60.5
768 65.375
769 62.375
770 78.125
771 72.375
772 79.125
773 79.875
774 84.125
775 105.75
776 107.5
777 96.5
778 101.125
