0.0 0.04
4.4 1.02
5.83 0.3
6.56 2.29
7.56 0.67
8.35 2.28
9.11 2.35
10.21 2.1
12.03 2.13
12.67 2.59
13.44 1.65
14.17 2.84
15.32 2.2
17.12 0.97
18.57 2.83
20.4 1.84
21.87 3.81
24.03 1.13
25.99 4.53
28.75 5.42
31.08 4.17
32.52 7.44
34.34 2.89
37.24 1.07
39.77 4.97
41.33 8.31
43.02 6.16
48.2 0.64
50.06 1.65
50.58 4.97
51.51 4.97
57.21 0.45
62.02 0.81
64.48 1.04
66.29 1.29
68.14 1.13
69.09 1.91
70.68 1.91
72.09 2.12
73.54 1.84
74.73 2.03
75.85 2.69
76.96 2.79
79.4 0.39
81.63 3.07
83.47 1.9
85.66 0.41
88.96 4.31
90.05 2.95
91.19 3.47
94.41 0.16
95.59 5.23
97.13 5.23
99.14 1.08
101.29 3.26
103.13 0.04
105.13 1.92
107.16 3.7
109.32 0.64
111.86 3.38
113.13 2.7
115.16 1.64
117.35 1.49
120.56 0.15
121.42 3.2
123.19 3.05
125.13 0.48
127.13 4.43
129.13 4.12
131.23 3.99
133.13 1.98
135.13 4.6
137.13 3.18
139.26 3.12
144.46 0.99
146.94 3.35
148.74 4.67
150.2 3.49
151.42 6.07
152.62 8.61
154.27 4.22
155.75 5.95
160.72 0.73
164.11 1.8
165.42 7.56
167.06 3.0
168.48 4.36
170.34 8.2
173.88 0.26
175.7 5.03
180.2 1.73
181.23 7.51
186.0 0.59
186.7 4.12
187.43 4.12
189.68 1.72
194.07 0.74
197.7 0.58
198.38 1.47
199.2 2.13
200.26 1.91
201.32 3.19
202.79 0.88
203.9 3.04
207.15 0.08
207.91 2.7
208.95 0.97
209.75 3.69
211.55 3.03
214.02 2.91
215.59 4.44
217.41 1.48
218.84 3.15
220.72 0.24
222.05 1.84
223.38 7.15
225.39 0.98
227.64 1.22
231.26 0.42
232.4 2.51
233.42 2.39
235.38 1.59
237.28 0.04
239.38 4.78
241.51 1.75
245.87 0.32
247.26 3.35
249.19 6.27
253.19 0.21
254.59 5.16
256.05 2.78
257.55 2.84
258.72 6.1
259.67 5.27
261.38 0.97
264.53 0.07
265.56 6.26
267.38 0.04
269.38 4.46
271.44 1.12
273.57 2.27
275.82 3.52
277.38 2.89
279.41 3.12
281.6 3.66
284.02 4.71
285.98 5.72
287.44 5.53
289.38 5.75
292.6 0.05
293.73 6.38
295.48 1.41
298.42 0.03
299.91 2.69
301.39 7.65
303.49 3.55
305.38 4.82
307.38 4.61
309.38 7.31
313.75 1.3
314.94 4.0
318.4 0.15
320.33 0.84
321.4 4.57
322.5 2.34
323.6 2.63
325.39 6.13
331.26 0.01
331.97 2.87
336.0 0.6
336.6 2.33
340.32 0.23
341.12 3.39
343.24 0.74
344.08 0.38
344.95 2.19
347.64 0.81
349.07 0.68
350.96 0.63
352.96 1.2
354.95 1.2
357.1 0.72
359.41 2.07
361.49 1.07
363.42 2.07
365.12 2.11
367.31 2.04
369.96 2.5
373.2 3.03
375.4 2.04
