0.0 85.49
1.03 61.54
3.03 62.93
5.04 47.33
7.04 52.19
9.03 99.3
11.03 100.54
13.03 48.96
15.03 100.27
17.03 105.41
19.03 71.97
21.04 90.75
23.03 8.41
25.04 131.73
27.04 105.47
29.03 96.93
31.03 121.11
33.04 0.83
35.03 38.27
37.04 39.64
39.04 76.53
41.04 78.72
43.03 45.32
45.03 92.31
47.03 91.79
49.03 44.23
51.03 97.01
53.03 106.12
55.03 106.12
57.03 29.94
59.04 170.59
61.04 12.0
63.04 114.09
65.03 151.81
67.3 0.76
69.28 148.28
71.28 14.53
73.29 199.1
75.06 23.71
77.3 153.66
79.29 164.15
81.29 0.86
83.3 287.21
85.29 0.67
87.29 361.12
89.28 305.52
91.28 304.31
93.28 349.15
95.28 1.16
97.28 235.52
99.07 0.76
101.28 341.55
103.29 243.97
105.28 0.72
107.28 44.29
109.28 9.53
111.28 228.17
113.28 245.44
115.28 13.03
117.29 274.3
119.3 0.71
121.29 227.93
123.28 0.62
125.28 175.28
127.3 256.44
129.28 321.87
131.28 186.52
133.28 17.49
135.29 162.54
137.3 265.91
139.28 254.52
141.28 223.97
143.28 0.85
145.29 230.2
147.28 0.74
149.29 278.11
151.29 255.22
153.29 1.72
155.29 363.44
157.28 1.45
159.28 302.44
161.3 379.21
163.3 0.73
165.28 268.0
167.28 0.75
169.28 379.05
171.29 0.77
173.28 324.38
175.28 170.93
177.28 0.73
179.28 289.31
181.28 0.56
183.28 335.65
185.28 47.47
187.28 0.72
189.28 22.63
191.28 16.05
193.28 21.86
195.29 27.23
197.28 32.69
199.28 33.72
201.28 53.59
203.28 62.57
205.28 58.3
207.29 58.3
209.29 58.3
211.28 58.3
213.29 38.71
215.28 52.31
217.28 30.88
219.28 49.94
221.28 35.62
223.28 36.48
225.28 38.57
227.28 58.91
229.29 55.16
231.3 44.24
233.3 52.21
235.28 66.47
237.28 47.57
239.28 41.59
241.28 55.65
243.29 65.71
245.29 50.62
247.29 99.29
249.29 108.38
251.3 106.5
253.28 101.79
255.28 79.58
257.29 103.46
259.29 51.6
261.28 51.6
263.28 51.6
265.29 57.66
267.3 17.33
269.3 8.53
271.28 10.74
273.28 9.32
275.28 9.4
277.28 11.75
279.29 12.36
281.29 8.25
283.29 17.08
285.29 16.03
287.3 24.79
289.28 39.91
291.28 62.75
293.29 43.4
295.28 36.08
297.29 52.0
299.28 49.49
301.29 59.73
303.28 57.68
305.31 72.25
307.29 78.44
309.28 52.2
311.28 94.13
313.28 94.13
315.28 94.13
317.29 70.36
319.29 54.63
321.3 78.69
323.3 120.9
325.54 98.31
327.54 93.8
329.31 23.79
331.53 129.37
333.53 164.54
335.53 0.96
337.54 109.51
339.54 0.73
341.54 125.09
343.54 176.1
345.53 0.92
347.53 144.96
349.53 154.81
351.53 197.48
353.54 2.49
355.54 151.45
357.53 42.45
359.54 21.54
361.54 22.57
363.53 21.04
365.53 24.16
367.53 24.16
369.53 22.55
371.53 22.35
373.54 10.89
375.54 12.39
377.54 29.33
379.54 39.45
381.55 56.61
383.53 48.16
385.54 45.62
387.53 112.66
389.54 115.0
391.54 181.14
393.54 7.3
395.54 156.51
397.54 0.62
399.54 201.77
401.53 0.39
403.53 163.88
405.53 227.59
407.54 0.73
409.54 245.88
411.54 19.06
413.54 248.0
415.53 207.67
417.53 0.85
419.55 249.35
421.53 8.55
423.53 228.7
425.53 0.73
427.53 190.99
429.54 178.49
431.53 18.61
433.54 178.38
435.53 43.52
437.55 246.03
439.54 224.21
441.53 1.22
443.53 190.75
445.53 0.75
447.53 272.76
449.54 0.81
451.54 195.67
453.54 68.63
455.53 0.61
457.53 24.83
459.53 32.13
461.56 71.56
463.54 65.18
465.53 95.73
467.54 72.82
469.54 117.71
471.54 53.74
473.54 32.81
475.53 141.86
477.53 143.11
479.53 0.94
481.53 164.71
483.53 3.82
485.54 158.58
487.54 210.1
489.54 1.46
491.53 186.49
493.53 0.69
495.54 208.18
497.54 0.74
499.54 197.51
501.53 167.95
503.53 21.36
505.53 236.39
507.53 3.49
509.53 249.84
511.53 239.12
513.53 0.71
515.53 100.62
517.53 0.7
519.53 220.91
521.53 6.87
523.54 169.5
525.53 199.12
527.53 0.83
529.54 208.99
531.53 25.8
533.54 152.27
535.54 306.95
537.53 0.72
539.54 28.19
541.53 10.42
543.53 204.19
545.53 0.57
547.53 76.72
549.53 193.72
551.53 0.54
553.53 148.49
555.53 19.8
557.53 261.69
559.53 138.63
561.53 6.68
563.54 85.17
565.53 0.73
567.53 182.45
569.54 0.72
571.78 77.92
573.54 143.2
575.79 10.26
577.8 140.02
579.79 20.15
581.79 188.4
583.78 146.82
585.79 147.33
587.78 160.39
589.78 47.54
591.79 179.49
593.78 17.39
595.79 147.81
597.78 150.66
599.78 0.77
601.78 148.97
603.79 6.97
605.78 142.96
607.78 96.8
609.79 176.26
611.78 172.59
613.79 0.67
615.79 189.8
617.8 0.72
619.79 136.43
621.78 193.7
623.78 0.58
625.78 131.29
627.79 1.81
629.78 163.96
631.78 115.78
633.78 143.03
635.79 198.27
637.79 1.79
639.79 174.97
641.78 22.67
643.78 105.47
645.78 162.22
647.78 0.94
649.78 169.28
651.78 1.46
653.79 175.91
655.78 149.82
657.79 118.24
659.78 120.97
661.78 6.97
663.78 146.36
665.78 15.51
667.78 167.0
669.78 115.59
671.78 0.74
673.79 205.74
675.78 3.46
677.79 119.25
679.78 137.47
681.79 55.09
683.79 31.79
685.78 5.92
687.78 22.17
689.79 57.05
691.78 31.89
693.78 72.45
695.78 65.93
697.78 73.13
699.78 91.79
701.78 54.78
703.78 110.52
705.78 87.29
707.79 83.04
709.78 2.2
711.79 136.28
713.78 60.2
715.79 77.1
717.78 119.19
719.78 0.73
721.78 142.24
723.78 0.66
725.78 134.07
727.8 136.44
729.79 156.11
731.78 154.42
733.79 31.22
735.78 185.51
737.78 0.63
739.78 100.57
741.8 162.42
743.78 0.63
745.8 168.48
747.79 32.92
749.78 226.84
751.79 255.14
753.78 186.11
755.78 121.72
757.78 34.83
759.78 256.73
761.78 0.73
763.78 273.56
765.78 303.39
767.78 5.08
769.79 268.52
771.78 0.58
773.78 89.0
775.79 371.7
777.78 256.94
779.78 325.26
781.79 5.34
783.79 346.98
785.79 0.71
787.78 259.44
789.78 388.54
791.78 1.45
793.79 321.3
795.78 0.76
797.79 75.71
799.78 0.64
801.78 20.15
803.79 1.51
805.8 0.77
807.78 161.03
809.78 0.74
811.79 217.31
813.78 154.38
815.78 0.59
817.79 253.21
820.04 0.7
821.79 226.4
823.8 23.89
825.79 30.88
827.79 27.42
830.03 30.39
832.04 49.94
834.03 60.9
836.03 64.42
838.03 57.26
840.03 44.58
842.03 51.67
844.04 60.93
846.03 57.37
848.04 33.71
850.04 63.68
852.03 61.8
854.03 77.83
856.04 75.41
858.04 61.58
860.03 60.6
862.03 32.89
864.03 85.98
866.03 111.85
868.05 81.49
870.03 140.25
872.03 93.88
874.03 85.29
876.04 114.48
878.03 0.72
880.04 96.76
882.03 26.22
884.04 138.73
886.03 112.22
888.04 101.44
890.03 111.34
892.03 29.24
894.04 91.13
896.03 111.28
898.03 65.19
900.04 73.64
902.03 113.79
904.03 88.37
906.03 0.8
908.03 124.44
910.03 168.89
912.03 123.13
914.03 149.5
916.03 0.72
918.05 16.66
920.05 27.77
922.04 29.08
924.03 35.97
926.03 65.99
928.03 33.52
930.04 39.67
932.03 55.11
934.03 111.29
936.03 76.35
938.04 126.69
940.03 0.57
942.03 120.68
944.03 0.73
946.04 88.08
948.03 138.19
950.03 0.78
952.03 148.19
954.04 0.73
956.03 105.88
958.03 114.26
960.03 122.21
962.03 133.86
964.03 0.59
966.03 179.03
968.03 0.76
970.04 64.83
972.04 134.46
974.04 5.76
976.04 138.11
978.04 1.84
980.03 162.77
982.03 222.83
984.04 173.66
986.03 228.36
988.04 0.82
990.04 208.93
992.03 6.13
994.03 258.48
996.04 216.35
998.03 0.72
1000.03 0.65
1002.03 12.6
1004.03 32.49
1006.04 246.0
1008.04 35.94
1010.03 183.14
1012.04 5.99
1014.03 81.82
1016.04 14.59
1018.04 182.19
1020.03 244.14
1022.03 31.4
1024.03 291.61
1026.03 13.57
1028.04 265.32
1030.03 174.52
1032.04 262.22
1034.03 211.83
1036.03 0.33
1038.03 91.41
1040.03 7.73
1042.04 184.13
1044.04 112.4
1046.03 0.9
1048.03 212.42
1050.04 0.95
1052.03 157.85
1054.04 224.82
1056.03 238.77
1058.03 180.81
1060.03 13.98
1062.04 210.4
1064.04 24.81
1066.03 139.43
1068.04 186.72
1070.03 6.83
1072.28 214.56
1074.28 2.19
1076.28 132.66
1078.06 0.58
1080.28 217.93
1082.28 116.57
1084.28 0.56
1086.3 216.46
1088.29 0.62
1090.28 158.27
1092.28 180.53
1094.28 0.72
1096.29 236.51
1098.28 221.2
1100.29 210.58
1102.06 0.97
1104.29 174.3
1106.28 216.58
1108.28 0.72
1110.28 198.73
1112.28 0.62
1114.28 244.67
1116.28 198.34
1118.28 49.42
1120.28 245.35
1122.29 0.73
1124.3 96.84
1126.28 0.73
1128.28 237.3
1130.29 250.66
1132.3 0.41
1134.28 154.29
1136.29 5.35
1138.3 220.88
1140.3 174.36
1142.28 0.73
1144.28 147.22
1146.28 0.97
1148.28 248.56
1150.29 0.99
1152.28 2.66
1154.29 27.77
1156.29 22.08
1158.29 244.98
1160.3 0.73
1162.28 289.37
1164.31 181.01
1166.28 0.98
1168.28 238.1
1170.28 4.03
1172.28 247.14
1174.29 2.14
1176.28 254.56
1178.29 224.24
1180.28 0.73
1182.28 257.14
1184.28 0.72
1186.28 201.32
1188.28 191.46
1190.29 0.73
1192.29 256.65
1194.29 15.6
1196.3 161.4
1198.28 0.72
1200.28 185.72
1202.28 223.72
1204.28 0.78
1206.28 142.16
1208.28 0.68
1210.29 242.08
1212.29 255.84
1214.3 0.8
1216.3 206.99
1218.28 11.05
1220.28 250.17
1222.28 0.61
1224.28 154.64
1226.28 70.03
1228.29 0.6
1230.28 101.12
1232.29 0.6
1234.28 74.56
1236.28 85.19
1238.28 0.59
1240.28 29.78
1242.28 1.73
1244.29 45.74
1246.29 6.41
1248.28 7.73
1250.29 9.92
1252.28 14.77
1254.28 17.48
1256.28 24.77
1258.28 46.88
1260.28 23.48
1262.28 69.52
1264.28 47.6
1266.29 38.95
1268.28 68.06
1270.29 84.19
1272.28 62.97
1274.28 62.97
1276.28 62.97
1278.28 60.5
1280.28 47.18
1282.29 51.59
1284.29 83.61
1286.28 56.49
1288.3 60.77
1290.29 90.15
1292.28 63.18
1294.28 0.64
1296.28 95.43
1298.28 143.33
1300.28 3.68
1302.28 143.19
1304.28 0.61
1306.29 113.81
1308.3 158.9
1310.28 0.58
1312.28 151.39
1314.28 0.72
1316.28 126.75
1318.28 0.73
1320.29 99.04
1322.29 167.26
1324.29 0.88
1326.3 211.83
1328.53 13.4
1330.53 29.1
1332.53 15.68
1334.53 16.08
1336.53 38.7
1338.53 36.07
1340.53 39.84
1342.54 40.69
1344.54 63.46
1346.53 51.07
1348.53 93.12
1350.53 64.46
1352.53 87.5
1354.54 61.72
1356.54 71.28
1358.53 94.66
1360.53 106.35
1362.54 0.76
1364.53 140.42
1366.53 111.69
1368.53 124.84
1370.53 111.56
1372.53 0.98
1374.54 155.74
1376.53 0.73
1378.54 104.94
1380.54 131.01
1382.53 79.7
1384.53 131.06
1386.53 0.72
1388.53 137.47
1390.54 0.92
1392.54 178.14
1394.53 131.75
1396.54 0.83
1398.54 164.33
1400.55 0.71
1402.53 35.36
1404.53 106.95
1406.53 164.54
1408.53 70.77
1410.54 0.51
1412.53 97.77
1414.54 6.17
1416.54 124.09
1418.53 60.18
1420.53 8.66
1422.53 3.59
1424.53 29.77
1426.54 29.77
1428.54 22.62
1430.54 32.19
1432.54 57.4
1434.53 75.18
1436.53 62.99
1438.53 98.01
1440.53 68.42
1442.53 89.83
1444.53 114.81
1446.53 125.3
1448.53 0.73
1450.53 157.82
1452.54 125.27
1454.53 130.57
1456.54 175.39
1458.53 0.58
1460.53 137.49
1462.53 6.74
1464.54 132.02
1466.54 194.24
1468.53 0.6
1470.54 172.17
1472.53 0.58
1474.53 183.12
1476.54 157.99
1478.53 185.04
1480.53 112.05
1482.54 0.58
1484.53 120.42
1486.54 0.73
1488.54 167.25
1490.54 134.51
1492.55 0.58
1494.53 181.33
1496.53 0.67
1498.53 57.62
1500.54 109.55
1502.54 180.91
1504.53 110.0
1506.53 0.59
1508.53 96.59
1510.53 1.42
1512.53 77.44
1514.54 129.68
1516.53 11.65
1518.53 142.34
1520.53 0.58
1522.54 87.11
1524.54 103.72
1526.53 139.17
1528.53 102.45
1530.54 117.8
1532.53 139.7
1534.53 73.95
1536.53 131.84
1538.53 91.39
1540.53 1.34
1542.53 143.16
1544.53 6.86
1546.54 137.82
1548.54 84.7
1550.54 125.23
1552.53 117.23
1554.53 0.75
1556.53 135.08
1558.55 0.75
1560.53 104.63
1562.53 113.29
1564.53 61.89
1566.54 157.8
1568.54 3.32
1570.55 166.41
1572.54 171.84
1574.53 100.94
1576.78 136.55
1578.54 11.89
1580.54 139.84
1582.79 1.55
1584.79 187.43
1586.79 166.35
1588.78 26.1
1590.78 206.16
1592.78 0.62
1594.78 233.65
1596.56 1.49
1598.79 253.79
1600.79 247.44
1602.79 0.92
1604.79 216.36
1606.78 0.84
1608.78 222.0
1610.78 197.57
1612.78 225.41
1614.78 228.17
1616.78 0.73
1618.78 168.29
1620.58 18.41
1622.78 262.29
1624.78 254.66
1626.79 12.55
1628.78 211.32
1630.78 0.61
1632.78 245.63
1634.79 162.76
1636.79 196.96
1638.79 243.84
1640.79 0.81
1642.78 228.18
1644.78 0.71
1646.78 47.53
1648.78 10.08
1650.78 12.19
1652.78 49.98
1654.79 21.7
1656.79 1.25
1658.79 52.94
1660.78 107.84
1662.78 106.67
1664.78 111.51
1666.78 77.05
1668.78 69.32
1670.78 128.98
1672.78 102.8
1674.79 0.97
1676.78 130.22
1678.79 0.71
1680.78 75.4
1682.78 172.27
1684.78 140.84
1686.79 152.68
1688.78 3.58
1690.79 182.55
1692.78 25.41
1694.78 158.39
1696.8 169.57
1698.78 0.95
1700.78 132.65
1702.79 14.85
1704.78 119.03
1706.79 193.08
1708.79 119.79
1710.78 213.09
1712.78 33.51
1714.78 202.8
1716.78 1.51
1718.79 197.84
1720.78 152.63
1722.79 11.09
1724.78 163.43
1726.79 0.95
1728.78 96.32
1730.79 146.21
1732.78 112.98
1734.78 114.2
1736.79 0.97
1738.78 215.75
1740.78 18.11
1742.78 226.54
1744.81 215.18
1746.79 0.74
1748.78 307.54
1750.78 1.55
1752.79 53.06
1754.78 102.89
1756.78 23.78
1758.78 136.3
1760.78 112.34
1762.78 112.34
1764.79 79.81
1766.78 111.28
1768.79 66.48
1770.79 20.18
1772.79 118.57
1774.78 0.72
1776.8 6.6
1778.78 119.15
1780.78 123.51
1782.78 139.73
1784.78 0.97
1786.79 166.28
1788.78 22.46
1790.78 185.41
1792.79 119.85
1794.78 22.18
1796.78 106.59
1798.78 0.72
1800.78 127.01
1802.79 203.69
1804.78 0.73
1806.78 53.23
1808.79 1.0
1810.79 203.08
1812.78 7.59
1814.78 256.64
1816.79 218.22
1818.78 0.73
1820.78 183.6
1822.78 0.68
1825.03 240.33
1827.03 201.62
1829.03 279.23
1831.03 317.11
1833.03 12.06
1835.03 60.12
1837.04 32.04
1839.03 356.04
1841.03 253.9
1843.04 2.85
1845.03 189.46
1847.04 10.23
1849.03 130.95
1851.03 89.54
1853.03 106.23
1855.04 141.95
1857.03 29.53
1859.04 87.78
1861.04 110.34
1863.03 127.26
1865.04 117.13
1867.03 31.2
1869.03 119.52
1871.03 0.58
1873.03 182.35
1875.04 163.62
1877.03 142.53
1879.03 221.68
1881.04 16.21
1883.04 248.34
1885.03 29.93
1887.05 183.04
1889.03 266.81
1891.03 0.73
1893.03 302.7
1895.03 0.77
1897.03 147.63
1899.03 250.03
1901.04 183.8
1903.04 146.46
1905.03 8.31
1907.03 27.02
1909.03 17.25
1911.04 30.6
1913.03 48.64
1915.04 58.72
1917.03 25.45
1919.03 58.86
1921.03 43.35
1923.04 31.91
1925.03 62.59
1927.04 53.71
1929.04 38.28
1931.03 48.17
1933.04 35.05
1935.03 59.96
1937.03 67.31
1939.03 70.13
1941.04 115.07
1943.03 98.28
1945.03 119.78
1947.03 146.81
1949.03 156.63
1951.03 148.74
1953.03 0.75
1955.03 160.58
1957.03 23.78
1959.04 212.4
1961.03 171.2
1963.03 0.72
1965.03 172.56
1967.03 2.16
1969.03 238.74
1971.04 109.0
1973.04 177.61
1975.04 221.85
1977.03 0.75
1979.04 326.82
1981.03 0.94
1983.04 294.25
1985.04 88.24
1987.03 0.72
1989.04 305.67
1991.03 9.46
1993.03 16.49
1995.04 49.03
1997.03 50.53
1999.03 33.05
2001.03 74.22
2003.03 91.38
2005.04 0.72
2007.04 110.93
2009.04 127.19
2011.03 0.59
2013.03 151.42
2015.04 1.46
2017.04 132.79
2019.04 136.2
2021.03 122.13
2023.03 114.8
2025.04 0.73
2027.03 129.7
2029.04 1.52
2031.03 141.25
2033.05 92.69
2035.03 0.76
2037.03 167.34
2039.03 0.73
2041.04 239.8
2043.03 174.29
2045.03 198.74
2047.03 300.89
2049.03 0.72
2051.03 301.29
2053.04 1.46
2055.03 11.97
2057.03 27.1
2059.03 35.56
2061.04 40.68
2063.03 71.79
2065.03 44.72
2067.04 90.67
2069.04 109.0
2071.04 117.37
2073.04 100.7
2075.03 129.83
2077.29 0.94
2079.04 109.94
2081.29 121.22
2083.29 170.07
2085.29 160.93
2087.29 0.75
2089.28 231.26
2091.06 4.77
2093.28 253.21
2095.28 183.35
2097.28 4.34
2099.28 181.14
2101.3 0.89
2103.29 273.66
2105.29 185.98
2107.28 333.1
2109.28 285.68
2111.28 3.44
2113.28 290.05
2115.28 9.08
2117.3 283.36
2119.28 264.34
2121.3 0.72
2123.28 345.09
2125.28 0.6
2127.28 226.81
2129.28 328.99
2131.29 362.87
2133.28 309.82
2135.28 0.82
2137.28 396.05
2139.28 0.62
2141.29 275.53
2143.28 237.71
2145.28 0.86
2147.28 317.82
2149.28 0.73
2151.28 360.28
2153.28 301.18
2155.3 0.59
2157.28 259.16
2159.29 0.96
2161.28 348.92
2163.28 0.73
2165.28 394.7
2167.28 307.74
2169.28 0.72
2171.28 313.52
2173.28 0.93
2175.29 78.55
2177.28 272.24
2179.29 274.84
2181.29 226.89
2183.28 0.94
2185.28 312.59
2187.28 0.7
2189.28 181.4
2191.28 181.6
2193.28 271.4
2195.28 181.83
2197.28 12.85
2199.28 130.82
2201.29 224.67
2203.28 29.02
2205.28 214.68
2207.29 0.73
2209.29 210.39
2211.28 0.75
2213.29 195.41
2215.28 59.89
2217.28 42.35
2219.28 105.67
2221.28 13.9
2223.28 88.18
2225.28 102.98
2227.29 82.12
2229.29 100.52
2231.29 95.95
2233.28 86.08
2235.29 2.18
2237.29 62.23
2239.29 116.97
2241.28 116.97
2243.28 119.85
2245.28 8.8
2247.28 101.8
2249.28 137.33
2251.28 119.07
2253.28 143.39
2255.28 1.79
2257.3 173.44
2259.28 0.7
2261.28 58.09
2263.3 48.03
2265.29 60.68
2267.28 61.54
2269.29 41.17
2271.28 75.18
2273.28 61.02
2275.28 85.94
2277.29 83.02
2279.28 82.36
2281.28 56.58
2283.28 79.67
2285.28 107.14
2287.28 79.98
2289.28 15.33
2291.28 99.51
2293.28 108.43
2295.28 108.43
2297.28 122.52
2299.28 136.64
2301.28 147.93
2303.28 0.94
2305.28 116.27
2307.29 0.55
2309.29 205.05
2311.3 218.37
2313.28 0.73
2315.3 281.26
2317.29 17.82
2319.29 170.22
2321.29 54.59
2323.28 116.19
2325.28 116.19
2327.29 10.88
2329.53 108.25
2331.54 97.28
2333.53 97.28
2335.53 93.24
2337.53 84.81
2339.54 112.36
2341.53 98.16
2343.54 82.06
2345.31 0.96
2347.53 195.52
2349.53 190.0
2351.53 15.61
2353.53 181.16
2355.54 0.95
2357.54 196.92
2359.53 166.52
2361.53 239.31
2363.53 156.35
2365.53 43.13
2367.54 268.57
2369.53 14.15
2371.53 165.24
2373.53 157.63
2375.54 0.73
2377.53 121.75
2379.54 7.56
2381.53 40.41
2383.53 5.24
2385.53 18.01
2387.53 47.03
2389.53 114.78
2391.53 103.31
2393.53 91.13
2395.54 74.11
2397.54 68.17
2399.53 0.77
2401.53 92.87
2403.53 105.8
2405.53 78.57
2407.53 106.56
2409.54 103.35
2411.54 23.35
2413.53 0.73
2415.53 213.34
2417.54 4.09
2419.53 170.68
2421.53 220.22
2423.54 9.46
2425.53 197.34
2427.53 0.58
2429.53 169.18
2431.53 230.01
2433.53 0.73
2435.54 213.05
2437.53 1.47
2439.53 264.51
2441.53 0.91
2443.53 266.09
2445.53 236.98
2447.53 0.97
2449.53 276.02
2451.54 0.73
2453.53 277.91
2455.53 198.22
2457.53 1.45
2459.53 338.73
2461.53 10.55
2463.53 328.91
2465.53 0.75
2467.53 347.0
2469.53 257.41
2471.54 0.73
2473.53 383.48
2475.53 0.77
2477.53 373.9
2479.53 411.5
2481.53 0.75
2483.53 374.59
2485.53 0.76
2487.53 338.91
2489.53 31.48
2491.53 187.23
2493.54 344.23
2495.54 0.74
2497.54 178.68
2499.54 0.58
2501.55 343.45
2503.53 326.47
2505.53 0.72
2507.54 176.51
2509.53 0.73
2511.53 291.72
2513.53 0.75
2515.53 230.96
2517.53 289.65
2519.54 0.58
2521.53 363.26
2523.54 0.81
2525.53 259.84
2527.53 317.47
2529.54 0.8
2531.54 306.49
2533.53 0.5
2535.54 234.47
2537.53 0.73
2539.55 238.72
2541.54 161.65
2543.53 0.74
2545.53 157.5
2547.54 0.95
2549.53 292.8
2551.53 294.82
2553.53 0.69
2555.54 236.11
2557.53 0.65
2559.54 237.62
2561.53 0.98
2563.53 197.4
2565.53 294.38
2567.53 0.72
2569.53 231.54
2571.54 35.0
2573.53 158.38
2575.54 323.63
2577.53 0.56
2579.54 246.39
2581.79 0.74
2583.78 226.37
2585.79 0.75
2587.54 249.14
2589.78 281.49
2591.78 0.58
2593.78 206.43
2595.78 0.73
2597.78 42.27
2599.78 40.77
2601.78 7.18
2603.78 246.51
2605.78 0.73
2607.79 276.08
2609.78 0.97
2611.78 218.21
2613.79 0.7
2615.79 0.77
2617.78 278.7
2619.78 0.72
2621.79 265.26
2623.78 243.47
2625.78 0.75
2627.78 283.14
2629.78 0.72
2631.78 278.35
2633.78 21.96
2635.78 274.27
2637.78 236.12
2639.78 128.33
2641.78 260.02
2643.78 0.56
2645.78 213.55
2647.78 0.88
2649.78 296.11
2651.78 331.55
2653.79 258.12
2655.79 233.58
2657.79 0.68
2659.78 303.11
2661.79 269.3
2663.78 0.68
2665.79 10.47
2667.78 0.68
2669.79 225.24
2671.79 258.0
2673.78 182.87
2675.8 256.9
2677.78 0.77
2679.78 300.47
2681.79 0.73
2683.78 276.91
2685.78 178.73
2687.78 0.73
2689.79 321.5
2691.79 5.03
2693.78 105.77
2695.78 113.29
2697.78 244.86
2699.78 314.34
2701.78 10.95
2703.78 351.4
2705.79 0.58
2707.79 289.97
2709.78 318.26
2711.79 0.73
2713.78 353.44
2715.78 0.76
2717.78 32.97
2719.78 22.55
2721.78 115.33
2723.78 260.52
2725.78 0.73
2727.78 252.32
2729.78 4.35
2731.78 246.25
2733.79 243.09
2735.79 0.77
2737.78 196.46
2739.79 0.74
2741.78 218.5
2743.78 213.54
2745.78 191.61
2747.78 137.47
2749.79 0.58
2751.79 279.62
2753.79 1.64
2755.78 262.27
2757.78 50.67
2759.78 0.74
2761.78 242.89
2763.79 12.83
2765.8 343.96
2767.78 333.25
2769.79 319.38
2771.78 317.74
2773.79 11.03
2775.78 14.46
2777.78 4.44
2779.78 20.51
2781.78 7.55
2783.78 9.61
2785.79 17.78
2787.79 41.19
2789.79 25.47
2791.78 42.93
2793.78 50.56
2795.78 48.88
2797.78 39.48
2799.78 60.74
2801.78 56.94
2803.78 49.08
2805.79 58.87
2807.79 39.4
2809.78 59.97
2811.79 71.52
2813.78 45.27
2815.78 87.59
2817.78 83.16
2819.79 84.91
2821.78 110.24
2823.79 93.62
2825.78 102.58
2827.79 140.15
2829.79 88.91
2832.03 90.91
2834.03 101.94
2836.03 0.73
2838.04 59.73
2839.82 14.3
2842.04 126.38
2844.04 159.7
2846.04 0.71
2848.03 130.39
2850.03 21.21
2852.03 58.63
2854.03 130.2
2856.04 162.36
2858.04 169.21
2860.04 0.78
2862.04 136.41
2863.83 0.58
2866.03 165.03
2868.03 60.38
2870.03 8.14
2872.03 176.49
2874.04 22.62
2876.04 195.19
2878.03 167.69
2880.04 218.92
2882.04 217.32
2884.03 13.79
2886.03 211.77
2888.05 0.73
2890.03 174.16
2892.03 242.74
2894.03 0.77
2896.04 250.21
2898.03 0.72
2900.04 45.89
2902.03 228.11
2904.03 292.39
2906.03 177.75
2908.03 0.97
2910.03 156.94
2912.03 29.62
2914.03 233.29
2916.04 296.66
2918.04 0.73
2920.04 200.13
2922.04 0.74
2924.04 274.38
2926.03 226.49
2928.04 37.76
2930.03 268.3
2932.03 0.6
2934.03 261.75
2936.03 0.73
2938.03 117.15
2940.03 327.52
2942.03 14.85
2944.03 289.95
2946.03 0.72
2948.03 313.55
2950.03 230.43
2952.04 289.5
2954.03 255.93
2956.03 10.97
2958.04 278.18
2960.03 10.12
2962.04 347.76
2964.03 347.76
2966.03 5.68
2968.03 258.8
2970.04 0.93
2972.04 105.57
2974.04 281.01
2976.04 286.41
2978.03 286.41
2980.03 0.91
2982.03 159.15
2984.03 9.44
2986.03 156.25
2988.03 252.42
2990.03 0.73
2992.03 240.13
2994.03 12.77
2996.03 244.06
2998.04 43.04
3000.03 257.66
3002.03 223.23
3004.03 0.68
3006.04 282.08
3008.03 0.57
3010.04 232.99
3012.04 192.83
3014.04 5.07
3016.04 301.64
3018.03 1.07
3020.03 249.61
3022.03 292.2
3024.04 388.11
3026.03 333.71
3028.03 0.61
3030.04 253.48
3032.03 9.15
3034.03 308.43
3036.04 225.09
3038.03 0.76
3040.03 325.07
3042.03 2.45
3044.04 327.34
3046.03 287.0
3048.04 330.47
3050.03 73.71
3052.03 24.95
3054.03 333.22
3056.03 23.46
3058.03 64.12
3060.03 71.11
3062.03 8.05
3064.03 294.84
3066.04 0.9
3068.03 289.63
3070.03 304.75
3072.03 353.56
3074.04 257.65
3076.03 0.96
3078.03 363.17
3080.28 0.58
3082.28 101.63
3084.04 0.72
3086.29 0.97
3088.04 209.57
3090.04 12.84
3092.28 351.58
3094.06 1.43
3096.28 68.5
3098.28 327.25
3100.28 10.42
3102.28 387.36
3104.28 8.39
3106.29 89.2
3108.28 320.74
3110.29 0.72
3112.28 261.3
3114.28 0.73
3116.29 33.46
3118.28 0.96
3120.28 0.73
3122.28 78.69
3124.28 97.26
3126.3 56.43
3128.28 61.83
3130.28 68.23
3132.28 73.8
3134.28 27.46
3136.29 108.54
3138.3 108.54
3140.28 115.43
3142.28 115.43
3144.29 70.2
3146.29 75.55
3148.28 75.55
3150.28 75.55
3152.3 31.18
3154.28 34.78
3156.28 34.78
3158.28 107.08
3160.28 86.97
3162.28 114.62
3164.3 114.62
3166.28 4.4
3168.28 67.4
3170.28 83.65
3172.28 17.53
3174.28 15.22
3176.29 19.49
3178.29 27.35
3180.29 20.84
3182.3 47.25
3184.29 21.21
3186.28 55.89
3188.28 40.52
3190.28 90.94
3192.28 89.93
3194.28 102.07
3196.28 72.28
3198.28 81.65
3200.3 127.04
3202.28 87.05
3204.3 123.76
3206.28 0.96
3208.28 99.1
3210.28 10.81
3212.28 133.97
3214.28 5.03
3216.29 179.4
3218.28 169.61
3220.28 0.72
3222.28 93.91
3224.28 0.96
3226.29 122.9
3228.28 101.34
3230.28 9.3
3232.28 141.19
3234.31 15.28
3236.28 188.45
3238.28 20.76
3240.28 222.6
3242.28 199.82
3244.29 15.9
3246.3 169.3
3248.28 1.04
3250.28 58.1
3252.28 165.93
3254.29 9.91
3256.28 204.39
3258.28 169.39
3260.28 234.19
3262.28 33.13
3264.3 231.81
3266.28 171.81
3268.3 19.26
3270.28 287.89
3272.29 15.41
3274.29 99.12
3276.29 82.88
3278.28 0.73
3280.29 168.31
3282.28 7.94
3284.28 189.73
3286.3 0.72
3288.28 168.37
3290.29 216.44
3292.28 219.19
3294.28 108.07
3296.29 2.94
3298.28 195.92
3300.28 173.09
3302.29 0.74
3304.28 270.37
3306.29 0.7
3308.28 152.8
3310.28 270.78
3312.3 241.82
3314.28 287.18
3316.28 0.72
3318.28 139.34
3320.28 12.25
3322.28 181.44
3324.29 154.5
3326.28 1.44
3328.28 161.54
3330.55 0.61
3332.29 128.57
3334.29 9.54
3336.54 144.51
3338.53 217.36
3340.53 1.74
3342.53 37.76
3344.54 12.15
3346.53 176.46
3348.53 240.59
3350.54 222.28
3352.53 46.66
3354.53 0.9
3356.53 102.29
3358.54 5.16
3360.53 54.02
3362.53 76.23
3364.54 62.83
3366.53 62.18
3368.55 58.24
3370.53 65.7
3372.55 59.46
3374.54 98.0
3376.53 86.47
3378.53 94.51
3380.54 75.31
3382.53 78.02
3384.53 94.59
3386.54 86.78
3388.53 101.37
3390.53 77.63
3392.53 76.98
3394.53 118.23
3396.54 109.6
3398.54 120.42
3400.54 78.53
3402.53 104.24
3404.54 74.01
3406.54 83.26
3408.53 62.84
3410.53 108.86
3412.53 103.53
3414.53 79.94
3416.53 18.29
3418.54 141.17
3420.53 86.82
3422.54 129.39
3424.53 154.97
3426.53 17.51
3428.53 80.81
3430.54 7.74
3432.53 126.85
3434.53 118.65
3436.53 4.34
3438.54 107.78
3440.53 107.78
3442.53 83.35
3444.54 94.89
3446.53 122.16
3448.53 92.48
3450.53 131.8
3452.53 80.45
3454.53 8.28
3456.53 134.87
3458.54 116.59
3460.53 84.96
3462.53 98.32
3464.54 0.58
3466.54 113.07
3468.53 123.21
3470.53 179.93
3472.53 117.54
3474.53 0.73
3476.54 170.37
3478.53 18.92
3480.53 154.37
3482.53 166.38
3484.54 2.91
3486.54 224.94
3488.53 0.72
3490.53 190.05
3492.53 208.4
3494.53 175.79
3496.54 107.59
3498.53 0.83
3500.54 26.26
3502.53 19.87
3504.53 73.41
3506.53 94.66
3508.54 54.64
3510.54 88.5
3512.55 54.11
3514.54 74.53
3516.54 56.0
3518.53 114.06
3520.53 102.88
3522.53 116.38
3524.53 108.48
3526.53 122.51
3528.53 92.65
3530.54 97.05
3532.53 0.73
3534.55 103.13
3536.53 0.75
3538.53 125.81
3540.54 109.0
3542.54 146.3
3544.54 187.68
3546.53 19.7
3548.54 151.71
3550.53 7.0
3552.53 190.57
3554.53 204.05
3556.53 0.73
3558.54 143.66
3560.53 19.69
3562.54 158.82
3564.53 210.03
3566.53 192.51
3568.54 218.26
3570.53 2.66
3572.54 223.14
3574.53 12.32
3576.53 245.01
3578.54 168.97
3580.78 0.87
3582.79 222.34
3584.79 1.46
3586.54 214.92
3588.56 16.37
3590.78 193.63
3592.78 235.22
3594.78 10.56
3596.79 179.65
3598.78 21.23
3600.78 232.42
3602.78 211.6
3604.79 219.66
3606.78 198.97
3608.79 0.74
3610.78 208.76
3612.78 31.91
3614.79 255.03
3616.79 261.69
3618.79 1.62
3620.79 210.12
3622.78 0.99
3624.78 230.19
3626.79 294.79
3628.78 25.49
3630.78 287.91
3632.78 0.81
3634.78 268.75
3636.78 21.13
3638.79 240.26
3640.78 176.16
3642.78 0.69
3644.78 183.81
3646.78 17.75
3648.79 135.55
3650.78 194.98
3652.79 182.21
3654.78 155.63
3656.78 11.41
3658.78 123.38
3660.79 5.75
3662.78 207.77
3664.78 159.85
3666.79 0.73
3668.78 178.88
3670.78 0.97
3672.78 160.56
3674.78 170.87
3676.78 214.27
3678.78 190.07
3680.79 17.73
3682.79 220.3
3684.78 3.13
3686.78 227.01
3688.78 244.57
3690.78 15.96
3692.79 175.47
3694.78 0.73
3696.78 267.53
3698.78 265.57
3700.79 46.65
3702.78 205.74
3704.78 1.46
3706.79 251.34
3708.79 0.91
3710.78 288.06
3712.78 257.43
3714.78 0.74
3716.78 290.99
3718.78 8.59
3720.78 232.74
3722.79 203.7
3724.79 286.26
3726.78 255.77
3728.79 0.81
3730.78 279.32
3732.78 9.87
3734.78 302.79
3736.79 220.09
3738.78 0.6
3740.78 50.29
3742.78 29.04
3744.78 197.51
3746.78 107.0
3748.78 167.85
3750.78 182.05
3752.78 19.59
3754.78 28.67
3756.79 110.1
3758.79 79.76
3760.78 85.61
3762.79 9.32
3764.78 50.68
3766.78 5.82
3768.78 137.44
3770.78 126.08
