0.0 17.95
0.51 14.37
2.06 24.92
3.9 8.96
6.05 22.28
8.06 16.05
10.06 20.51
12.08 15.57
14.06 18.23
16.06 17.85
18.06 29.97
20.06 28.58
22.06 28.58
24.06 11.41
26.15 3.24
28.06 17.27
30.06 16.53
32.08 11.79
34.08 3.78
36.08 19.78
38.08 25.45
40.14 30.42
42.06 23.55
44.06 17.33
46.08 10.29
48.13 13.79
50.06 9.11
52.12 10.63
54.08 12.65
56.06 11.01
58.08 0.18
60.06 14.05
62.06 16.32
64.09 23.36
66.09 20.81
68.07 24.12
70.05 18.66
72.07 14.01
74.07 14.12
75.97 17.65
78.1 10.06
81.25 1.43
82.41 5.51
84.58 8.18
86.55 5.39
88.58 6.22
90.63 12.16
92.56 8.14
94.56 5.65
96.58 7.75
98.6 8.07
100.56 11.53
102.56 5.74
104.56 10.2
106.6 2.79
108.58 10.8
110.58 7.72
112.66 9.03
114.58 12.01
116.56 7.83
118.56 11.14
120.63 9.95
122.56 8.12
124.56 6.85
126.58 7.05
128.56 6.44
130.56 11.86
132.56 6.62
134.56 7.41
136.61 7.23
138.62 8.01
140.56 17.02
142.56 14.07
144.58 17.03
146.58 17.07
148.55 18.06
150.66 7.69
152.58 7.1
154.58 11.08
156.56 23.66
158.65 15.64
160.55 13.24
162.56 12.29
164.56 23.55
166.61 8.97
168.56 1.58
170.56 16.24
172.55 13.44
174.88 15.06
176.89 14.79
178.89 14.03
180.81 13.88
182.81 22.81
184.86 13.38
186.81 12.71
188.81 8.14
190.83 20.91
192.83 24.94
194.84 9.11
196.83 20.57
198.81 14.76
200.82 13.55
202.84 16.45
204.81 16.74
206.8 15.39
208.81 10.41
210.82 12.18
212.81 16.92
214.81 22.24
216.81 19.6
218.99 11.76
220.84 10.62
222.86 7.89
224.82 7.31
226.96 6.23
229.22 1.84
231.14 13.44
233.06 7.76
235.06 7.86
237.06 5.55
239.12 7.83
241.08 9.3
243.06 7.03
245.06 5.05
247.06 8.21
249.06 10.35
251.08 15.11
253.18 9.99
255.06 10.99
257.09 11.81
259.06 15.83
261.06 10.98
263.05 9.02
265.06 8.34
267.32 11.39
269.33 7.57
271.3 9.55
273.31 8.62
275.33 9.82
277.3 13.79
279.4 5.55
281.3 9.2
283.32 9.95
285.34 8.74
287.33 9.2
289.31 9.73
291.33 13.34
293.31 6.85
295.36 11.14
297.33 6.41
299.31 6.73
301.32 5.07
303.34 6.35
305.35 5.31
307.31 5.5
309.33 7.38
311.3 6.33
313.33 4.6
315.69 5.45
317.62 5.34
319.3 5.56
321.31 5.75
323.3 5.07
325.37 4.59
327.33 7.09
329.3 8.16
331.31 11.55
333.33 8.76
335.31 7.13
337.3 6.49
339.31 6.79
341.33 12.28
343.31 6.91
345.31 12.35
347.31 8.8
350.84 7.38
352.85 10.68
354.8 6.58
356.75 6.88
358.82 5.84
360.81 4.19
362.62 5.03
364.9 5.25
366.83 5.2
368.81 5.52
370.81 3.78
372.88 4.61
374.8 3.9
376.73 3.56
378.81 6.02
380.74 4.89
382.81 5.68
386.06 4.6
388.81 5.56
391.12 7.14
393.13 5.56
395.81 4.45
397.81 6.6
400.34 5.46
402.31 3.94
404.31 2.7
407.18 4.99
409.06 3.69
411.56 4.44
413.56 3.96
416.98 5.76
418.29 4.68
420.41 3.73
422.15 6.19
424.81 4.01
426.87 5.23
428.81 4.48
430.81 5.16
432.81 5.2
434.84 6.88
436.81 5.24
438.8 3.76
440.81 3.02
442.98 4.5
444.96 6.08
446.81 5.89
448.9 4.26
450.8 4.88
452.8 5.38
454.81 5.63
456.88 4.0
458.81 4.9
460.81 5.2
463.93 6.86
465.81 5.01
467.9 4.23
470.81 5.0
472.85 4.1
475.31 4.93
477.17 4.55
479.31 5.71
481.31 4.37
483.31 6.79
485.2 4.56
487.3 5.21
489.31 5.95
491.3 5.86
493.36 5.96
495.31 5.06
497.3 5.47
499.31 5.09
501.34 6.03
503.33 5.43
505.31 5.38
507.31 4.53
509.47 8.33
511.61 3.95
514.02 4.98
516.38 4.19
518.45 6.15
520.16 3.23
521.63 4.94
523.56 5.15
525.56 4.13
527.57 5.58
529.92 5.63
531.85 4.36
533.84 4.24
535.81 5.77
537.89 4.14
539.93 5.4
541.7 4.84
543.65 3.87
545.5 3.87
547.57 2.91
549.61 5.03
551.56 3.79
553.56 5.94
555.56 4.46
557.58 5.6
559.55 5.22
562.35 2.49
564.48 4.04
566.82 4.04
569.83 3.21
572.14 3.79
574.0 4.0
575.82 5.43
577.87 3.31
579.78 1.99
582.13 4.95
583.89 4.14
585.18 6.61
587.22 5.24
589.78 5.46
591.61 3.97
593.49 2.12
595.44 4.26
597.86 4.09
599.59 5.34
601.38 4.7
603.44 5.97
604.85 3.99
606.05 8.31
608.13 4.71
610.06 4.67
612.08 0.39
614.58 0.04
616.56 6.86
618.56 3.94
620.56 3.62
623.58 4.22
625.02 4.34
626.56 5.55
628.64 4.57
630.56 8.0
632.58 4.56
634.55 6.36
636.62 5.43
638.56 5.42
640.55 5.1
642.39 3.14
644.61 6.12
646.55 3.63
648.56 4.0
650.56 6.8
652.74 4.24
654.51 2.95
656.56 5.79
658.84 4.56
661.32 4.81
662.55 4.68
664.56 8.13
666.64 5.18
668.56 3.13
670.56 4.97
672.81 3.02
674.81 5.44
677.45 3.86
678.81 4.62
680.8 4.17
682.83 3.88
684.88 4.77
686.8 6.94
688.81 5.07
690.83 3.18
693.5 3.12
695.9 4.78
698.67 5.47
699.33 8.01
700.84 7.86
702.81 3.44
704.81 4.37
706.81 5.23
708.82 7.91
710.83 3.69
713.06 3.84
715.06 4.16
717.06 5.68
719.09 4.82
721.06 1.07
723.06 8.08
725.16 2.91
727.06 4.84
729.06 3.74
731.05 4.09
733.31 5.04
735.31 4.6
737.32 7.32
739.3 7.35
741.29 8.02
743.4 4.63
745.72 5.85
747.31 5.16
749.31 4.81
751.4 7.9
753.3 5.37
755.31 6.66
757.31 5.47
759.36 4.96
761.33 2.67
763.31 4.88
765.24 6.0
767.8 4.36
769.31 6.29
771.31 5.56
773.3 5.91
775.32 5.98
777.31 6.6
779.3 3.72
781.41 4.65
783.32 5.24
785.31 5.38
787.31 4.92
789.22 6.0
791.31 5.12
793.31 6.12
795.31 6.43
797.55 5.27
799.65 7.7
801.55 7.32
803.55 5.83
805.56 4.02
807.62 4.66
809.64 5.48
811.56 5.62
813.52 5.01
815.6 7.19
817.55 0.04
819.55 3.33
821.56 5.58
823.58 6.37
825.58 5.22
827.56 6.26
829.83 5.81
831.57 7.73
833.55 5.43
835.56 5.4
837.65 9.18
839.56 4.93
841.56 6.75
843.55 6.94
845.63 6.54
847.56 6.73
849.56 6.5
851.58 6.05
853.61 6.34
855.89 5.21
857.55 6.57
859.69 4.86
861.58 8.12
863.56 5.53
865.56 4.95
867.55 6.1
869.57 7.24
871.56 7.94
873.56 5.17
875.65 5.51
877.56 5.21
879.56 5.67
881.55 6.35
883.62 5.74
885.56 3.46
887.56 5.68
889.59 4.01
891.61 6.25
893.55 7.64
895.56 2.93
897.56 5.51
899.58 4.6
901.56 6.34
904.42 5.53
906.04 6.37
907.57 5.13
909.55 5.39
911.56 5.8
913.65 8.86
915.55 6.39
917.55 4.16
919.56 5.55
921.62 6.1
923.58 7.34
925.56 4.83
927.56 5.53
929.61 0.59
931.56 5.58
933.81 5.06
935.81 5.66
937.81 5.9
939.87 7.0
941.83 5.51
943.8 6.01
945.81 6.21
947.85 6.35
949.81 6.22
951.81 5.07
953.82 4.36
955.83 5.2
957.82 6.09
959.81 5.52
961.91 5.41
963.81 3.95
965.82 5.39
967.81 8.45
969.89 6.15
971.81 0.33
973.81 5.08
975.81 5.08
977.87 3.03
979.81 4.48
981.81 8.82
983.81 3.9
985.85 5.53
987.81 0.05
989.8 4.58
991.81 0.16
993.83 7.68
995.81 8.53
997.81 4.5
999.9 6.8
1001.81 9.2
1003.81 6.26
1006.06 3.78
1008.31 6.48
1010.31 5.69
1012.13 3.51
1014.34 6.23
1016.31 2.86
1018.3 5.85
1020.25 6.55
1022.33 5.29
1024.3 3.91
1027.06 3.16
1029.63 5.36
1031.2 3.93
1032.31 3.53
1034.3 5.37
1036.38 6.05
1038.31 6.54
1040.31 0.22
1042.33 4.72
1044.25 4.27
1047.29 5.41
1048.3 8.54
1050.31 7.2
1052.35 5.27
1054.3 9.22
1056.3 5.6
1058.3 5.7
1060.33 9.24
1062.3 6.61
1064.31 5.53
1066.3 5.35
1068.2 8.51
1070.31 9.94
1072.31 5.77
1074.38 6.06
1076.31 5.66
1078.3 6.68
1080.31 6.06
1082.38 2.89
1084.31 5.5
1086.3 5.56
1088.3 6.08
1090.34 6.67
1092.47 5.51
1094.27 4.0
1096.3 5.14
1098.32 8.25
1100.31 5.33
1102.31 8.67
1104.3 1.56
1106.31 6.09
1108.31 4.54
1110.31 0.04
1112.38 7.63
1114.3 6.9
1116.3 8.05
1118.31 7.51
1120.36 5.07
1122.3 8.87
1124.31 6.55
1126.31 8.1
1128.35 4.98
1130.31 4.16
1132.3 5.99
1134.3 4.64
1136.33 6.18
1138.34 7.1
1140.37 5.53
1142.41 2.41
1144.3 7.11
1146.34 2.72
1148.31 4.72
1150.38 3.37
1152.31 5.58
1154.57 5.59
1156.57 4.81
1158.56 4.69
1160.64 4.06
1162.55 0.85
1164.55 3.55
1166.55 4.73
1168.63 5.76
1170.58 3.76
1172.56 5.27
1174.58 5.23
1176.61 5.62
1178.57 5.17
1180.55 6.11
1182.56 6.56
1184.58 3.27
1186.57 2.65
1188.53 7.54
1190.55 4.14
1192.57 6.79
1194.56 0.04
1196.56 4.44
1198.64 6.07
1200.56 6.8
1202.56 3.81
1204.56 4.52
1206.62 5.05
1208.59 2.05
1210.55 5.1
1212.48 7.8
1214.57 5.55
1216.55 8.5
1218.56 4.29
1220.65 6.42
1222.58 5.32
1224.57 8.18
1226.55 5.01
1228.63 6.01
1230.56 5.44
1232.56 5.85
1234.56 6.91
1236.48 7.67
1238.57 4.07
1240.55 5.52
1242.56 0.37
1244.59 5.18
1246.56 8.58
1248.56 6.17
1250.56 6.27
1252.57 8.52
1254.57 5.06
1256.56 4.06
1258.65 5.19
1260.56 5.05
1263.06 2.4
1265.11 4.79
1267.06 3.66
1269.05 5.44
1271.2 4.65
1274.07 3.27
1277.43 3.7
1279.3 5.8
1280.05 4.3
1280.87 5.75
1283.05 5.14
1285.06 6.87
1287.15 5.57
1289.06 5.02
1291.33 8.03
1293.34 5.25
1295.74 5.52
1298.72 2.58
1299.92 4.4
1301.31 5.6
1303.31 5.7
1305.39 3.19
1307.31 4.25
1309.31 4.12
1311.33 7.01
1313.37 5.25
1315.33 8.62
1317.3 6.27
1319.32 4.55
1321.35 4.33
1323.31 8.62
1325.31 8.74
1327.31 3.73
1329.33 5.63
1331.31 5.44
1333.31 5.55
1335.41 2.86
1337.31 3.92
1339.31 4.57
1341.31 5.35
1343.39 5.35
1345.3 0.79
1347.31 6.13
1349.31 6.27
1351.37 3.59
1353.31 3.21
1355.27 5.24
1358.21 3.62
1359.35 7.21
1361.33 5.53
1363.31 4.0
1365.31 4.37
1367.71 5.34
1370.17 6.24
1372.04 4.91
1373.58 0.8
1375.31 4.81
1377.3 2.86
1379.3 6.55
1381.39 4.05
1384.06 4.53
1386.05 5.83
1388.06 3.99
1390.13 4.83
1392.56 4.07
1394.55 4.86
1396.59 5.44
1398.56 5.16
1400.56 6.1
1402.56 5.73
1404.57 1.19
1406.55 9.23
1408.59 4.55
1410.66 0.03
1412.56 5.82
1414.56 5.01
1416.56 5.22
1418.63 6.68
1420.56 2.21
1422.56 6.02
1424.56 6.0
1426.61 4.89
1428.56 4.9
1430.55 6.0
1432.91 5.13
1435.57 5.49
1438.49 5.45
1440.8 5.46
1443.08 6.34
1444.61 5.22
1445.86 5.99
1447.51 6.34
1448.51 6.66
1450.56 6.32
1453.08 5.94
1454.85 0.22
1457.05 6.33
1459.06 8.03
1461.06 5.07
1463.09 5.76
1465.05 7.72
1467.06 2.9
1468.98 8.93
1471.07 6.59
1473.06 5.89
1475.05 8.61
1477.15 6.37
1479.05 6.32
1481.05 5.92
1483.06 5.5
1485.13 5.46
1487.06 7.18
1489.06 8.93
1491.06 5.35
1492.96 8.22
1495.06 3.71
1497.06 5.43
1498.91 3.98
1501.09 6.2
1503.51 5.73
1506.97 3.62
1509.57 4.34
1511.96 5.46
1514.6 5.35
1518.06 4.84
1520.62 5.18
1523.13 4.78
1525.14 4.56
1526.55 6.37
1527.57 4.8
1528.92 5.23
1530.35 5.47
1531.49 4.86
1532.74 0.75
1533.65 6.15
1535.06 5.41
1537.06 6.32
1539.1 3.16
1541.05 8.45
1544.06 5.85
1546.05 5.58
1548.06 5.25
1550.0 6.24
1552.05 0.63
1554.08 3.86
1556.05 0.52
1557.98 6.16
1560.05 4.14
1562.06 5.83
1564.0 5.52
1566.07 5.34
1568.05 3.47
1570.05 5.45
1572.15 4.41
1574.05 4.74
1576.06 5.01
1578.05 2.6
1580.13 6.1
1582.06 4.92
1584.06 6.08
1586.01 0.24
1588.11 0.09
1590.06 4.35
1592.06 4.7
1594.06 4.87
1596.09 8.26
1598.06 5.4
1600.05 4.92
1602.05 5.01
1604.07 4.59
1606.08 5.43
1608.06 0.1
1610.15 5.24
1612.08 6.28
1614.06 5.14
1616.04 2.38
1618.13 5.22
1620.06 5.39
1622.06 4.02
1624.05 5.06
1626.11 4.97
1628.05 4.29
1630.06 6.29
1632.06 4.75
1634.09 4.75
1636.05 5.87
1638.27 3.64
1640.06 5.92
1642.07 5.53
1644.08 5.4
1646.06 5.18
1648.31 7.77
1650.31 6.13
1652.33 6.21
1654.61 5.17
1656.76 6.55
1658.56 6.42
1660.53 6.11
1662.59 6.32
1664.56 4.98
1666.62 4.06
1668.56 6.93
1670.57 6.46
1672.57 3.48
1674.56 5.07
1676.84 3.96
1678.81 6.11
1680.83 3.25
1682.81 5.48
1684.8 5.38
1686.91 5.38
1688.81 6.77
1690.81 5.91
1692.81 4.28
1694.89 6.77
1696.81 5.49
1698.77 5.34
1700.81 4.75
1702.87 5.93
1704.81 1.14
1706.81 5.58
1708.81 5.37
1710.85 8.51
1712.81 5.79
1714.81 5.52
1716.81 4.8
1718.83 4.7
1720.83 5.56
1722.81 5.2
1724.91 5.9
1726.81 4.98
1728.83 8.11
1730.81 7.84
1732.89 5.24
1734.81 4.82
1736.81 8.01
1738.83 7.73
1740.87 4.36
1742.81 5.89
1744.84 8.74
1746.81 8.8
1748.85 3.62
1750.81 5.33
1752.81 3.06
1754.93 5.58
1756.83 7.38
1759.11 8.8
1761.06 5.64
1763.05 5.41
1765.3 4.95
1767.31 4.25
1769.08 3.34
1771.3 4.55
1773.3 5.04
1775.31 5.74
1777.09 6.29
1779.3 1.98
1781.3 4.95
1783.31 4.14
1785.33 6.25
1787.31 5.27
1789.3 5.1
1791.41 4.94
1793.33 4.92
1795.31 5.64
1797.31 4.86
1799.62 5.87
1801.8 0.54
1803.31 5.71
1805.33 2.08
1807.37 4.64
1809.3 5.81
1811.7 0.16
1814.48 4.81
1817.35 5.91
1817.89 9.2
1819.32 6.28
1821.3 3.96
1823.33 5.08
1825.31 5.61
1827.3 5.22
1829.41 5.37
1832.61 6.06
1835.63 4.36
1839.41 3.53
1841.09 4.38
1843.09 5.18
1845.07 4.27
1847.81 8.42
1849.81 5.64
1852.3 2.01
1854.3 5.94
1856.39 1.63
1858.31 8.56
1860.58 8.66
1862.31 4.88
1864.37 5.43
1866.3 8.62
1868.34 4.96
1870.31 5.36
1872.35 4.38
1874.33 4.65
1876.3 7.97
1878.62 5.48
1880.33 5.86
1882.31 4.25
1884.3 8.29
1886.41 10.15
1888.31 4.88
1890.31 5.57
1892.31 8.45
1894.39 5.8
1896.32 4.22
1898.31 5.19
1900.31 0.04
1902.37 5.23
1904.31 5.26
1906.31 4.57
1908.3 5.29
1910.35 6.35
1912.31 8.05
1914.33 9.05
1916.31 4.64
1918.33 5.13
1920.31 6.88
1922.31 4.56
1924.46 4.9
1926.32 5.57
1928.31 3.9
1930.31 6.62
1932.39 2.87
1934.31 5.72
1936.33 1.42
1938.31 5.28
1940.37 6.08
1942.33 6.08
1944.31 5.44
1946.31 5.24
1948.35 5.91
1950.3 6.65
1952.33 5.52
1954.3 5.46
1956.33 3.88
1958.79 3.48
1960.3 6.4
1962.3 4.59
1964.31 5.42
1966.59 6.35
1968.58 6.44
1970.55 6.54
1972.56 5.25
1974.57 7.09
1976.6 4.87
1978.56 6.05
1980.65 5.82
1982.39 3.76
1984.83 5.34
1986.56 6.63
1988.63 5.74
1990.33 4.57
1992.56 5.53
1994.48 9.18
1996.61 6.74
1998.89 8.35
2000.81 5.81
2002.81 5.71
2004.81 5.23
2006.87 8.65
2008.81 3.49
2010.81 0.04
2012.83 7.02
2014.85 8.48
2017.22 4.46
2019.03 5.44
2020.81 5.44
2022.83 5.44
2024.82 6.13
2026.81 5.43
2028.64 4.88
2030.81 5.99
2033.09 5.76
2035.06 5.32
2037.06 5.81
2039.06 4.43
2041.07 6.32
2043.06 7.39
2045.06 4.36
2047.15 6.2
2049.06 5.78
2051.06 6.47
2053.05 5.28
2055.13 4.51
2057.05 5.16
2059.06 6.13
2061.06 6.18
2063.11 3.73
2065.06 4.9
2067.76 5.52
2069.84 5.96
2071.85 0.04
2073.81 5.83
2075.81 1.72
2077.81 5.9
2079.83 6.3
2081.81 7.22
2083.81 5.19
2085.81 6.18
2087.81 7.29
2089.81 6.11
2091.77 7.68
2093.89 5.49
2095.8 4.84
2097.83 4.93
2099.81 3.69
2101.8 3.41
2103.91 5.15
2105.81 5.33
2107.83 5.64
2109.81 5.47
2111.89 2.58
2113.81 5.51
2115.78 5.64
2117.81 7.67
2119.87 5.1
2121.81 5.44
2123.81 3.97
2125.81 3.66
2127.85 4.67
2129.81 6.67
2131.8 6.34
2133.93 5.8
2135.83 5.37
2137.82 7.57
2139.81 5.42
2141.81 4.34
2143.81 6.32
2145.84 5.74
2147.81 5.05
2149.89 7.13
2151.83 5.86
2153.81 5.23
2155.81 5.7
2157.87 5.11
2159.81 5.89
2161.8 5.47
2163.8 8.87
2165.85 5.38
2167.8 5.3
2169.81 7.76
2171.81 8.3
2173.83 3.1
2175.81 4.47
2177.81 5.1
2179.91 6.46
2181.81 4.9
2183.81 3.28
2185.81 6.1
2187.89 6.15
2189.84 3.21
2191.81 4.17
2193.81 5.67
2195.87 5.94
2197.83 4.42
2199.81 5.81
2201.81 6.23
2203.85 5.73
2205.81 6.81
2207.81 8.0
2209.81 4.68
2211.83 7.71
2213.82 3.74
2215.81 8.38
2217.91 5.42
2219.81 5.97
2221.8 4.87
2223.81 7.67
2225.89 5.95
2227.83 5.48
2230.07 1.12
2232.35 4.99
2234.31 4.93
2236.31 5.32
2238.3 5.89
2240.33 6.63
2242.31 0.64
2244.3 5.03
2246.31 5.34
2248.31 5.52
2250.31 5.87
2252.31 5.46
2254.39 6.75
2256.3 5.8
2258.31 5.47
2260.31 5.7
2262.37 5.59
2264.31 4.48
2266.31 5.09
2268.34 6.6
2270.35 4.99
2272.36 5.12
2275.03 6.26
2277.39 5.18
2280.0 0.21
2281.75 5.96
2283.72 3.73
2286.69 4.68
2288.78 4.46
2292.39 4.27
2294.86 3.48
2296.81 4.37
2298.58 5.33
2300.37 5.13
2301.62 4.62
2302.72 5.71
2303.96 2.01
2305.49 5.83
2308.07 5.35
2310.09 5.84
2312.34 4.96
2314.22 4.06
2316.46 5.02
2317.61 4.4
2318.82 8.22
2320.21 5.84
2322.28 3.58
2324.69 9.87
2327.56 0.05
2330.26 3.37
2332.07 5.79
2333.89 6.12
2335.86 7.64
2337.92 4.63
2339.86 4.98
2341.86 3.75
2343.86 8.36
2345.75 5.23
2348.18 5.64
2350.11 4.92
2352.11 5.34
2354.11 7.12
2356.16 5.97
2358.11 4.25
2360.11 4.29
2362.13 5.78
2364.14 6.03
2366.11 2.64
2368.11 6.57
2370.11 9.31
2372.12 5.05
2374.13 6.06
2376.1 8.0
2378.2 0.97
2380.11 4.63
2382.13 5.47
2384.11 4.65
2386.18 4.41
2388.11 4.22
2390.11 6.4
2392.13 7.6
2394.16 7.93
2396.11 6.09
2398.11 6.94
2400.12 4.33
2402.15 5.06
2404.11 7.46
2406.11 5.2
2408.11 3.23
2410.12 8.39
2412.11 9.26
2414.1 4.65
2416.2 4.64
2418.12 4.64
2420.11 9.02
2422.13 3.17
2424.18 3.84
2426.11 5.46
2428.11 7.71
2430.1 4.97
2432.61 6.69
2434.61 6.69
2436.61 5.04
2438.62 8.11
2440.61 5.17
2442.57 5.59
2444.7 5.79
2446.61 0.36
2448.61 6.38
2450.88 5.38
2452.68 4.53
2454.61 6.48
2456.64 4.85
2458.6 4.48
2460.66 5.11
2462.61 5.66
2464.61 1.43
2466.51 7.09
2468.64 8.17
2470.61 6.27
2472.63 1.14
2474.72 5.84
2476.62 6.41
2478.63 4.81
2480.61 5.57
2482.7 5.77
2484.6 6.45
2486.61 6.06
2488.61 5.15
2490.52 8.52
2492.61 5.46
2494.61 5.79
2496.61 5.6
2498.66 6.6
2500.61 4.34
2502.61 3.99
2504.61 4.42
2506.64 5.73
2508.62 5.15
2510.6 5.32
2512.61 10.32
2514.62 5.98
2516.61 5.6
2518.61 7.22
2520.7 5.21
2522.61 5.51
2524.61 5.4
2526.61 6.8
2528.61 6.07
2530.63 7.21
2532.61 4.93
2534.61 9.11
2536.61 6.28
2538.61 5.54
2541.11 3.81
2543.17 7.62
2545.13 5.59
2547.11 5.38
2549.13 2.92
2551.15 5.73
2553.23 4.74
2555.23 5.95
2557.06 2.16
2559.13 5.61
2561.11 5.87
2563.11 6.15
2565.11 3.06
2567.11 4.35
2569.14 5.38
2571.11 5.4
2573.36 2.85
2575.36 6.62
2577.37 5.24
2579.36 3.9
2581.36 0.97
2584.41 2.6
2587.01 3.98
2588.27 4.89
2589.65 4.78
2591.61 5.01
2594.75 4.64
2597.23 5.02
2599.03 5.55
2601.14 4.72
2603.21 3.62
2604.17 5.59
2605.61 4.16
2607.61 5.59
2609.68 5.62
2611.61 6.84
2613.64 4.68
2615.62 4.82
2617.65 0.18
2619.61 7.29
2621.61 5.82
2623.61 4.77
2625.5 8.44
2627.64 5.18
2629.61 5.6
2631.71 5.76
2633.61 6.54
2635.62 6.53
2637.61 5.8
2639.7 5.23
2641.61 4.94
2643.61 5.31
2645.85 3.23
2647.96 6.38
2649.83 9.35
2651.85 6.86
2653.86 5.05
2655.71 4.23
2657.93 4.8
2659.86 4.87
2661.86 5.26
2663.86 3.43
2665.91 4.72
2667.86 5.68
2669.85 6.45
2671.87 5.04
2673.74 8.53
2675.79 8.32
2677.86 5.66
2679.86 5.49
2681.87 5.34
2683.85 5.11
2685.86 5.73
2687.95 0.04
2689.86 5.95
2691.86 5.51
2693.86 7.23
2695.93 3.83
2697.86 8.06
2699.86 7.19
2701.87 5.67
2703.91 7.85
2705.86 5.16
2707.86 7.56
2709.86 1.6
2711.89 6.02
2713.86 4.77
2715.86 5.52
2717.86 5.1
2719.87 4.64
2722.0 6.03
2724.11 8.05
2726.11 6.04
2728.11 5.75
2730.13 6.29
2732.11 5.02
2734.11 5.45
2736.11 6.02
2738.11 5.5
2740.17 4.83
2742.11 5.58
2744.19 6.13
2746.09 7.88
2748.11 1.24
2750.11 5.46
2752.17 4.57
2754.52 6.05
2756.11 4.27
2758.11 5.17
2760.15 5.41
2762.11 4.74
2764.11 4.94
2766.27 4.72
2768.13 5.76
2770.1 3.26
2772.11 3.58
2774.11 5.49
2776.11 7.42
2778.14 5.82
2780.1 7.92
2782.19 4.24
2784.11 4.49
2786.11 6.52
2788.11 5.34
2790.17 5.42
2792.1 4.38
2794.11 9.21
2796.13 4.56
2798.15 5.98
2800.11 9.1
2802.11 6.08
2804.11 3.92
2806.13 0.04
2808.11 8.33
2810.1 5.66
2812.21 5.86
2814.11 5.32
2816.13 5.86
2818.08 6.7
2820.19 4.63
2822.11 5.49
2824.11 4.52
2826.13 4.91
2828.17 4.24
2830.11 4.98
2832.11 3.31
2834.13 4.12
2836.15 4.6
2838.11 6.96
2840.11 5.21
2842.11 6.0
2844.13 4.16
2846.11 3.65
2848.11 4.85
2850.11 5.54
2852.11 9.0
2854.11 9.41
2856.11 4.81
2858.19 5.71
2860.1 5.32
2862.13 6.11
2864.11 6.67
2866.17 5.17
2868.11 5.11
2870.11 5.17
2872.11 5.76
2874.15 3.37
2876.14 5.96
2878.11 5.85
2880.11 5.18
2882.13 5.95
2884.13 6.07
2886.11 0.95
2888.11 5.61
2890.36 5.8
2892.39 5.47
2894.36 7.69
2896.36 0.03
2898.36 5.53
2900.37 5.82
2902.37 5.39
2904.36 5.65
2906.45 8.14
2908.39 5.48
2910.36 7.73
2912.35 4.93
2914.14 4.38
2916.36 1.17
2918.38 7.83
2920.39 2.56
2922.41 5.69
2924.57 5.32
2926.36 5.02
2928.36 0.16
2930.39 6.65
2932.38 5.29
2935.14 5.2
2937.87 5.82
2939.69 4.26
2940.36 8.17
2942.36 7.65
2944.25 5.36
2946.73 4.39
2948.36 2.81
2950.36 5.47
2952.43 4.54
2954.71 5.01
2957.11 6.39
2959.8 3.45
2961.36 6.89
2963.2 6.12
2964.41 4.64
2966.36 5.32
2968.39 5.86
2970.36 5.46
2972.35 6.12
2974.47 5.51
2976.37 3.05
2978.36 5.25
2980.36 5.22
2982.45 4.03
2984.36 4.71
2986.35 5.57
2988.35 3.51
2990.56 5.23
2992.38 5.34
2994.36 6.82
2996.89 5.43
2998.64 5.99
3000.69 5.68
3002.62 0.38
3004.61 9.11
3006.63 0.04
3008.67 5.6
3010.61 3.22
3013.23 4.13
3015.13 6.42
3017.11 4.85
3019.11 5.85
3021.21 7.93
3023.61 1.59
3025.61 7.36
3027.67 5.97
3029.63 5.41
3031.61 5.46
3033.61 5.93
3035.65 5.77
3037.62 2.12
3039.61 5.8
3041.61 5.09
3043.79 8.14
3045.61 6.36
3047.61 7.07
3049.71 9.65
3051.61 5.34
3053.61 6.81
3055.6 8.65
3057.69 6.87
3059.61 5.88
3061.63 5.76
3063.64 6.37
3065.67 9.26
3067.61 7.12
3069.61 5.34
3071.61 6.09
3073.65 7.0
3075.61 5.12
3077.6 6.03
3079.63 4.82
3081.63 5.84
3083.61 6.25
3086.95 8.64
3088.86 5.44
3090.86 6.11
3093.86 6.19
3095.9 1.75
3098.11 5.48
3100.11 3.7
3102.15 6.38
3104.11 5.25
3106.1 9.59
3108.11 5.94
3110.13 3.18
3112.1 6.45
3114.11 5.73
3116.37 6.45
3118.36 5.19
3120.39 5.19
3122.36 6.37
3124.34 8.44
3126.36 5.9
3128.16 6.44
3130.38 6.48
3132.35 8.95
3134.45 2.53
3136.36 5.21
3138.35 6.7
3140.2 5.07
3142.43 4.59
3144.2 6.62
3146.36 2.01
3148.3 5.93
3150.41 6.46
3152.36 5.17
3154.36 8.92
3156.36 3.25
3158.39 7.6
3160.39 0.49
3162.36 5.63
3164.36 5.95
3166.37 6.64
3168.36 8.95
3170.36 7.13
3172.26 5.06
3174.36 3.28
3176.36 9.31
3178.36 5.78
3180.61 6.19
3182.61 6.26
3184.61 7.54
3186.61 0.14
3188.6 9.46
3190.86 5.36
3192.97 6.12
3194.87 6.09
3196.86 9.28
3198.85 7.01
3200.95 4.74
3202.86 6.89
3204.86 5.9
3206.74 5.86
3208.93 7.51
3210.86 5.32
3213.14 4.04
3214.86 5.76
3216.91 5.4
3218.87 6.86
3220.82 6.78
3222.86 4.78
3224.89 5.71
3226.88 4.33
3228.85 6.5
3230.86 6.24
3232.87 1.45
3234.86 1.6
3236.85 6.19
3238.95 5.6
3240.86 5.72
3242.86 6.76
3244.8 4.87
3246.93 7.57
3248.85 6.26
3250.86 5.28
3252.87 6.19
3254.91 6.21
3256.86 5.18
3258.86 5.29
3260.86 8.27
3262.89 5.5
3264.86 2.46
3266.85 6.42
3268.75 8.61
3270.86 5.43
3272.86 5.47
3274.9 3.71
3276.86 3.98
3278.86 4.81
3281.36 6.15
3283.37 8.29
3285.36 5.13
3287.44 5.27
3289.38 5.68
3291.38 8.66
3293.35 4.72
3295.42 6.61
3297.38 0.05
3299.99 5.12
3301.61 7.6
3303.61 5.86
3305.68 5.13
3307.63 7.85
3309.6 7.95
3311.61 6.7
3313.66 7.28
3315.61 5.69
3317.61 6.87
3319.61 5.5
3321.64 5.59
3323.61 5.47
3325.63 5.86
3327.61 5.59
3329.62 5.82
3331.61 4.9
3333.6 5.59
3335.7 5.87
3337.61 8.65
3339.61 9.41
3341.53 6.41
3343.68 5.26
3345.61 6.9
3347.61 5.69
3349.63 4.85
3351.66 3.17
3353.61 6.27
3355.64 6.12
3357.63 6.28
3359.8 5.29
3361.61 2.78
3363.61 5.4
3365.61 5.89
3368.1 5.42
3369.61 5.69
3371.61 4.84
3373.7 6.74
3375.61 6.89
3377.61 4.62
3379.61 2.75
3381.68 9.2
3383.61 7.79
3385.61 5.81
3387.61 5.52
3389.67 6.48
3391.61 5.39
3393.61 4.69
3395.63 5.61
3397.64 5.46
3399.61 6.29
3401.61 3.47
3403.61 6.0
3405.62 6.53
3407.62 5.99
3409.61 9.63
3411.7 5.67
3413.6 6.35
3415.61 5.35
3417.6 4.94
3419.84 5.58
3421.61 7.55
3423.6 8.25
3425.61 8.18
3427.66 5.29
3429.61 7.73
3431.61 8.41
3433.61 8.51
3435.64 5.61
3437.61 4.86
3439.61 6.85
3441.6 4.66
3443.62 9.07
3445.63 5.86
3447.81 6.1
3449.71 4.83
3451.61 7.91
3453.6 8.4
3455.61 5.64
3457.68 5.63
3459.6 4.62
3461.64 5.0
3463.61 5.04
3465.66 5.87
3467.61 5.65
3469.61 5.51
3471.61 8.39
3473.64 5.89
3475.61 4.74
3477.61 8.61
3479.61 5.72
3481.63 5.09
3483.61 5.92
3485.61 5.04
3487.7 5.57
3489.61 5.8
3491.61 5.95
3493.64 4.24
3495.85 5.17
3497.61 6.39
3499.61 5.43
3501.61 4.38
3503.66 5.51
3505.61 5.34
3507.61 5.09
3509.61 5.49
3511.64 6.31
3513.61 8.54
3515.61 5.77
3517.72 5.35
3519.62 5.39
3521.61 6.36
3523.61 9.49
3525.7 5.05
3527.61 5.64
3529.61 6.07
3531.61 7.26
3533.68 6.08
3535.61 5.09
3537.61 3.79
3539.61 5.45
3541.66 5.39
3543.63 5.49
3545.6 6.4
3547.78 8.15
3549.86 6.59
3551.92 5.99
3553.89 5.11
3555.92 6.31
3557.86 8.5
3559.91 6.69
3562.19 6.36
3563.85 6.17
3565.88 5.41
3567.88 8.04
3569.89 6.91
3571.84 6.94
3573.64 3.4
3575.86 8.41
3577.64 5.62
3579.86 7.4
3581.94 4.75
3583.86 5.41
3585.85 6.58
3587.86 6.41
3589.92 5.67
3591.86 0.04
3594.11 4.05
3596.13 5.57
3598.11 5.97
3600.18 5.76
3602.11 6.06
3604.11 5.34
3606.11 6.76
3608.36 5.14
3610.44 5.86
3612.36 1.7
3614.36 5.73
3616.9 6.28
3618.61 3.75
3620.53 4.7
3622.61 5.84
3624.63 5.81
3626.61 6.94
3628.68 5.66
3630.61 5.0
3632.61 4.9
3634.61 5.27
3636.66 6.64
3638.62 5.77
3640.61 1.73
3642.63 4.67
3644.5 5.14
3646.61 5.41
3648.61 4.55
3650.61 6.02
3652.85 6.36
3654.9 3.04
3656.86 4.27
3658.86 5.04
3660.85 5.53
3662.89 8.57
3664.81 5.91
3666.85 7.24
3668.77 9.29
3670.86 4.99
3672.86 4.64
3674.86 5.38
3676.94 7.19
3678.86 7.33
3680.86 4.93
3683.11 9.0
3685.1 9.37
3687.2 6.02
3689.1 8.66
3691.1 5.21
3693.11 7.13
3695.18 5.46
3697.11 4.24
3699.11 5.45
3701.1 9.52
3703.16 10.05
3705.1 4.64
3707.11 5.4
3709.11 6.46
3711.14 9.37
3713.11 5.08
3715.1 4.41
3717.11 6.6
3719.12 9.0
3721.11 4.79
3723.11 5.71
3725.63 5.14
3727.99 4.77
3729.61 6.92
3731.38 5.87
3733.61 8.38
3735.64 4.8
3737.88 5.77
3739.64 8.56
3741.62 9.59
3743.61 5.86
3745.61 8.28
3747.63 5.46
3749.64 3.52
3751.61 0.7
3753.86 8.24
3755.86 7.8
3757.89 5.58
3759.86 4.01
3761.86 5.82
3763.85 5.4
3765.86 9.69
3767.86 4.66
3769.85 5.16
3771.94 6.46
3773.85 5.69
3775.86 6.45
3777.86 7.04
3779.92 8.66
3781.86 5.55
3783.86 6.65
3785.85 8.0
3787.9 5.49
3789.86 8.05
3791.86 5.08
3794.63 7.75
3796.64 0.23
3799.12 4.23
3801.2 8.2
3803.1 3.47
3805.77 5.84
3807.11 3.74
3809.18 3.45
3811.11 4.51
3813.14 2.51
3815.11 7.68
3817.17 0.53
3819.14 5.18
3821.11 5.91
3823.11 5.64
3825.15 4.82
3827.11 7.38
3829.11 5.32
3831.11 6.35
3833.13 3.28
3835.12 5.19
3837.11 6.29
3839.11 4.77
3841.11 4.27
3843.11 6.03
3845.1 0.43
3847.19 5.34
3849.11 5.84
3851.12 9.01
3853.32 6.36
3855.36 5.79
3857.44 6.34
3859.36 5.66
3861.38 7.84
3863.36 8.37
3865.42 6.6
3867.36 5.87
3869.36 5.44
3871.37 5.44
3873.41 4.61
3875.36 4.32
3877.37 4.97
3879.37 5.2
3881.39 6.47
3883.36 1.37
3885.36 5.13
3887.36 7.71
3889.37 5.55
3891.36 4.8
3893.36 5.98
3895.45 4.58
3897.37 5.8
3899.36 5.66
3901.31 7.38
3903.43 5.38
3905.36 7.11
3907.37 5.24
3909.39 5.69
3911.41 5.91
3913.46 5.27
3915.36 5.1
3917.36 4.6
3919.39 6.59
3921.36 3.01
3923.37 3.71
3925.29 6.36
3927.37 5.98
3929.35 2.76
3931.36 5.73
3933.44 6.66
3935.36 7.28
3937.36 4.94
3939.77 5.29
3941.43 5.22
3943.36 7.67
3945.36 7.43
3947.36 4.75
3949.27 7.74
3951.36 5.2
3953.36 6.37
3955.36 5.95
3957.39 5.37
3959.36 8.35
3961.37 5.79
3963.47 2.12
3965.37 5.84
3967.36 5.7
3969.36 6.75
3971.44 4.98
3973.37 3.56
3976.39 5.4
3978.36 5.37
3981.05 5.41
3983.11 4.79
3985.89 5.58
3987.86 5.41
3990.13 4.91
3992.11 2.59
3994.86 3.38
3996.91 6.53
3998.86 5.61
4000.78 5.44
4002.86 5.26
4004.89 6.06
4006.86 4.55
4008.89 5.74
4010.86 6.31
4012.87 5.98
4014.86 5.52
4016.86 6.01
4018.94 0.25
4020.86 6.31
4022.84 5.65
4024.86 5.21
4026.93 4.3
4028.86 5.6
4030.86 5.54
4032.86 1.07
4034.91 8.87
4036.88 5.09
4038.86 4.82
4040.86 1.9
4042.89 1.21
4044.86 5.85
4046.85 4.25
4048.75 8.69
4050.87 8.09
4052.76 4.62
4054.86 6.44
4056.94 9.7
4058.85 5.94
4060.86 4.06
4062.86 7.47
4064.92 5.23
4066.86 5.4
4068.85 5.6
4070.86 8.23
4072.78 4.43
4074.86 5.01
4076.85 6.36
4078.88 2.59
4080.88 4.88
4082.88 5.19
4084.86 5.81
4086.85 5.94
4088.86 2.08
4090.85 5.02
4092.86 8.09
4094.94 7.34
4096.85 5.11
4098.85 5.4
4100.85 5.25
4102.93 6.19
4104.86 3.99
4106.88 5.79
4108.86 5.46
4110.91 6.33
4112.85 4.85
4114.85 4.29
4116.86 5.29
4118.89 5.6
4120.86 5.21
4122.86 8.04
4124.85 6.48
4126.86 2.99
4128.85 5.37
4130.86 3.38
4132.95 5.21
4134.85 5.7
4136.77 6.14
4138.86 4.74
4140.92 0.02
4142.85 8.54
4144.86 5.44
4146.88 6.21
4148.91 0.04
4150.86 5.32
4152.86 5.04
4154.86 5.68
4156.92 5.87
4158.85 5.61
4160.88 7.75
4162.85 6.42
4164.9 6.41
4166.86 5.31
4168.86 2.35
4170.85 6.98
4172.88 5.34
4174.88 8.84
4176.85 5.71
4178.96 7.14
4180.86 8.37
4182.86 7.46
4184.86 6.15
4186.94 6.07
4188.86 6.28
4190.86 4.71
4192.86 4.86
4194.92 5.92
4196.85 6.22
4198.86 6.35
4200.89 8.92
4202.9 9.51
4204.86 0.22
4206.85 8.61
4208.86 5.06
4210.88 5.89
4212.86 4.71
4214.86 5.48
4217.11 5.3
4219.11 6.64
4221.14 4.29
4223.11 3.28
4225.7 3.71
4227.6 5.92
4229.61 5.97
4231.93 4.84
4233.56 5.88
4235.6 3.58
4237.61 3.78
4239.6 6.13
4241.66 3.33
4243.6 6.17
4245.61 4.82
4247.49 4.4
4249.64 6.53
4251.61 0.04
4253.61 4.2
4255.78 5.62
4258.55 0.63
4260.01 4.65
4262.18 3.57
4263.6 3.8
4265.61 4.49
4267.61 5.53
4269.61 5.28
4271.68 6.15
4273.61 4.76
4275.63 8.04
4277.6 5.95
4279.66 5.94
4281.61 5.29
4283.61 8.95
4285.61 5.38
4287.64 5.83
4289.61 4.52
4291.61 5.2
4293.72 5.78
4295.62 7.82
4297.61 6.97
4299.61 3.8
4301.7 4.13
4303.61 7.99
4305.61 6.27
4308.61 5.2
4310.63 5.65
4313.1 6.04
4315.11 9.19
4317.1 4.82
4319.18 5.76
4321.11 5.71
4323.11 5.08
4325.11 5.73
4328.11 5.97
4330.03 9.06
4333.11 7.54
4335.14 6.37
4337.11 5.26
4339.36 5.75
4341.36 5.53
4343.61 4.95
4345.6 8.61
4347.68 5.22
4349.61 4.29
4351.6 4.41
4353.61 8.37
4355.66 7.18
4357.61 4.31
4359.61 4.27
4361.61 5.24
4363.64 5.0
4365.61 7.81
4367.61 3.48
4369.62 5.01
4371.62 2.86
4373.6 4.92
4375.61 5.54
4377.7 3.35
4379.61 5.93
4381.61 5.88
4383.61 5.31
4385.68 5.72
4387.6 5.81
4389.61 5.64
4391.6 4.98
4393.66 5.91
4395.61 6.59
4397.61 5.34
4399.61 5.93
4401.64 5.66
4403.76 6.18
4405.88 5.96
4407.85 6.17
4409.86 6.31
4411.9 5.91
4413.86 6.26
4415.85 6.21
4417.87 7.34
4419.88 5.99
4421.86 7.62
4423.85 8.4
4425.86 5.62
4427.74 5.67
4429.86 5.18
4431.86 5.8
4433.94 5.88
4435.86 6.18
4437.86 8.4
4439.86 5.09
4441.92 5.56
4443.86 6.65
4445.86 9.84
4447.89 5.25
4449.9 3.21
4451.88 5.58
4453.85 0.82
4455.98 5.88
4457.88 5.57
4459.88 5.76
4461.86 3.15
4463.96 5.27
4465.86 5.35
4467.88 6.68
4469.85 4.87
4471.94 5.5
4473.86 8.03
4475.83 9.85
4477.86 5.51
4479.92 4.93
4481.87 4.81
4483.86 4.22
4485.86 2.31
4487.9 4.6
4489.86 4.58
4491.86 7.52
4493.86 4.35
4495.88 2.71
4497.88 3.84
4499.87 3.22
4501.86 5.53
4503.86 6.35
4505.86 3.72
4507.85 4.65
4509.94 7.43
4511.88 6.79
4513.86 5.44
4515.86 4.23
4517.92 4.78
4519.86 8.49
4521.86 5.49
4523.79 4.75
4525.9 5.41
4527.86 7.7
4529.85 3.46
4531.85 5.76
4533.88 5.25
4535.88 6.89
4537.86 8.77
4539.96 6.84
4541.86 8.82
4543.86 7.89
4545.86 5.94
4548.38 6.09
4550.35 7.29
4552.36 5.16
4554.4 5.77
4556.36 5.55
4558.36 3.36
4560.36 7.69
4562.38 5.58
4564.85 6.3
4566.94 5.83
4568.88 7.37
4570.86 4.96
4572.86 8.35
4574.92 5.18
4576.86 5.77
4578.85 7.41
4580.86 5.39
4582.9 6.48
4584.86 7.41
4587.14 5.48
4589.11 2.83
4591.11 5.9
4593.16 5.72
4595.11 6.88
4597.11 5.9
4599.13 6.2
4601.14 5.23
4603.11 5.29
4605.11 7.56
4607.1 5.68
4609.12 4.18
4611.11 5.89
4613.11 9.41
4615.21 5.67
4617.11 5.98
4619.11 6.09
4621.11 7.1
4623.19 5.93
4625.11 5.01
4627.11 2.96
4629.11 5.88
4631.16 2.16
4633.11 6.5
4635.11 7.68
4637.13 8.79
4639.14 5.22
4641.11 6.28
4643.11 6.0
4645.11 5.38
4647.18 5.85
4649.13 7.48
4651.01 5.36
4653.11 9.14
4655.16 3.2
4657.11 6.94
4659.11 5.41
4661.11 6.76
4663.14 5.92
4665.11 0.16
4667.13 4.3
4669.11 5.47
4671.12 6.66
4673.11 5.47
4675.11 5.64
4677.2 6.37
4679.11 8.24
4681.14 5.49
4683.11 6.14
4685.18 5.48
4687.11 5.61
4689.11 5.28
4691.11 3.71
4693.16 3.65
4695.11 6.4
4697.11 7.26
4699.11 7.32
4701.14 0.39
4703.11 3.55
4705.11 5.36
4707.22 4.69
4709.12 6.54
4711.11 4.09
4713.11 4.82
4715.21 6.09
4717.1 7.85
4719.11 9.71
4721.11 5.28
4723.18 5.36
4725.11 5.84
4727.11 5.3
4729.14 1.95
4731.16 4.95
4733.11 9.02
4735.11 3.56
4737.11 5.67
4739.14 5.81
4741.11 8.21
4743.11 5.87
4745.1 3.15
4747.12 8.02
4749.11 6.64
4751.11 6.54
4753.2 6.45
4755.11 6.25
4757.11 6.09
4759.11 10.02
4761.18 2.7
4763.11 3.53
4765.11 7.07
4767.11 6.12
4769.16 0.76
4771.11 6.46
4773.11 6.18
4775.11 8.26
4777.14 5.4
4779.11 3.6
4781.11 5.85
4783.22 5.11
4785.12 5.95
4787.14 0.04
4789.11 8.58
4791.2 6.48
4793.11 6.98
4795.11 6.61
4797.11 6.08
4799.18 6.28
4801.11 5.91
4803.11 3.11
4805.11 6.25
4807.16 0.38
4809.11 9.83
4811.1 4.85
4813.11 7.28
4815.14 6.26
4817.11 5.82
4819.11 5.86
4821.11 0.81
4823.12 5.88
4825.11 6.17
4827.11 6.31
4829.2 6.36
4831.11 7.63
4833.11 5.87
4835.11 8.65
4837.36 6.14
4839.36 5.79
4841.36 5.76
4843.37 9.13
4845.36 5.29
4847.44 5.44
4849.36 5.35
4851.31 5.87
4853.36 4.97
4855.43 5.2
4857.4 5.82
4859.36 5.14
4861.36 5.35
4863.4 5.73
4865.36 6.17
4867.36 4.65
4869.36 5.14
4871.38 4.61
4873.35 0.2
4875.43 2.56
4877.36 9.93
4879.36 4.23
4881.37 6.03
4883.36 6.29
4885.44 5.97
4887.36 4.3
4889.36 5.62
4891.36 5.57
4893.42 5.81
4895.86 7.36
4897.36 3.19
4899.38 8.32
4901.4 4.98
4903.36 4.93
4905.36 6.57
4907.36 9.68
4909.87 6.41
4911.79 1.49
4913.36 6.68
4915.36 5.6
4917.36 5.6
4919.36 5.66
4921.37 5.75
4923.53 3.82
4925.34 5.89
4927.38 8.5
4929.36 6.6
4932.94 12.13
4934.88 11.49
